active_memory_fraction,any_evidence,candidate_chunks,chain_completion,chunk_tokens,compression_ms,dataset,evidence_normalized_overhead,evidence_precision,evidence_recall,exact_identity,example_id,head_reduction,kendall,kl,landmark_indices,m,mae,materialized_kv_tokens,method,mrr,native_dots,requested_chunks,requested_token_budget,rmse,seed,selected_chunks,source_tokens,spearman,split,teacher_function,teacher_top1_overlap,teacher_top2_overlap,teacher_top4_overlap,teacher_top8_overlap
0.10517666392769104,1.0,39,0.0,31,0.039400067180395126,hotpotqa,1.3195876288659794,0.25,0.25,0.0,5adc3aff5542996e685252eb,mean,1.0,0.0,,0,0.0,128,full_k,1.0,19471,4.0,124,0.0,0,16 0 32 24,1217,1.0,test,top_r_mean,1.0,1.0,1.0,1.0
0.10517666392769104,1.0,39,0.0,31,2.858000108972192,hotpotqa,1.3195876288659794,0.25,0.25,0.0,5adc3aff5542996e685252eb,mean,0.5087719298245614,0.05804169923067093,,1,1.4798680543899536,128,mean,1.0,624,4.0,124,1.5199295282363892,0,16 32 24 35,1217,0.6645748615264893,test,top_r_mean,1.0,0.5,0.75,0.5
0.10517666392769104,0.0,39,0.0,31,28.752800077199936,hotpotqa,1.3195876288659794,0.0,0.0,0.0,5adc3aff5542996e685252eb,mean,0.07422402159244265,0.3545230031013489,"[[24], [24], [24], [24], [24], [24], [24], [24], [24], [24], [24], [24], [24], [24], [24], [24], [24], [24], [24], [24], [24], [24], [24], [24], [24], [24], [24], [24], [24], [24], [24], [24], [24], [24], [24], [24], [24], [24], [0]]",1,1.7619649171829224,128,last,0.0,624,4.0,124,1.9874436855316162,0,21 3 32 20,1217,0.10020242631435394,test,top_r_mean,0.0,0.0,0.25,0.25
0.10517666392769104,1.0,39,0.0,31,23.739300202578306,hotpotqa,1.3195876288659794,0.25,0.25,0.0,5adc3aff5542996e685252eb,mean,0.3738191632928475,0.07706935703754425,"[[21], [18], [29], [16], [4], [12], [25], [16], [25], [26], [23], [16], [0], [13], [12], [22], [20], [20], [25], [23], [9], [25], [3], [29], [11], [13], [14], [18], [22], [19], [9], [0], [6], [7], [9], [6], [11], [20], [0]]",1,1.058600664138794,128,farthest,0.3333333333333333,624,4.0,124,1.1411049365997314,0,24 0 16 34,1217,0.4991903007030487,test,top_r_mean,0.0,0.5,0.75,0.5
0.10517666392769104,0.0,39,0.0,31,31.950100092217326,hotpotqa,1.3195876288659794,0.0,0.0,0.0,5adc3aff5542996e685252eb,mean,0.3873144399460189,0.08716809749603271,"[[6], [5], [22], [29], [12], [5], [15], [12], [9], [10], [2], [28], [1], [17], [16], [29], [3], [15], [29], [19], [20], [18], [4], [26], [11], [10], [15], [3], [29], [8], [6], [3], [3], [2], [1], [2], [20], [1], [0]]",1,0.28699684143066406,128,greedy_oracle,0.0,624,4.0,124,0.42842814326286316,0,26 34 27 25,1217,0.5587044358253479,test,top_r_mean,0.0,0.0,0.0,0.375
0.10517666392769104,1.0,39,1.0,31,28.447699965909123,hotpotqa,1.3195876288659794,0.5,0.5,0.0,5adc3aff5542996e685252eb,mean,-0.0553306342780027,0.28077197074890137,"[[31], [19], [10], [3], [24], [3], [14], [28], [18], [12], [4], [26], [24], [9], [3], [22], [12], [15], [12], [25], [21], [4], [13], [19], [19], [3], [12], [25], [30], [19], [19], [11], [24], [20], [11], [16], [9], [1], [0]]",1,1.5152251720428467,128,random,1.0,624,4.0,124,1.686003565788269,11,17 37 13 31,1217,-0.07914979010820389,test,top_r_mean,0.0,0.0,0.0,0.125
0.10517666392769104,0.0,39,0.0,31,30.086299870163202,hotpotqa,1.3195876288659794,0.0,0.0,0.0,5adc3aff5542996e685252eb,mean,0.012145748987854251,0.26423680782318115,"[[24], [24], [25], [27], [4], [10], [15], [11], [16], [28], [22], [31], [26], [3], [17], [24], [19], [14], [13], [13], [26], [9], [10], [11], [9], [27], [22], [5], [23], [21], [10], [21], [19], [3], [20], [22], [22], [17], [0]]",1,1.574650764465332,128,random,0.0,624,4.0,124,1.7375832796096802,23,25 6 35 4,1217,0.02510121278464794,test,top_r_mean,0.0,0.0,0.0,0.375
0.10517666392769104,0.0,39,0.0,31,29.558900045230985,hotpotqa,1.3195876288659794,0.0,0.0,0.0,5adc3aff5542996e685252eb,mean,0.22807017543859648,0.20214946568012238,"[[6], [4], [28], [27], [24], [14], [26], [28], [1], [24], [18], [19], [14], [29], [2], [12], [6], [31], [28], [5], [27], [11], [16], [10], [13], [31], [15], [14], [17], [20], [30], [15], [11], [12], [21], [15], [14], [7], [0]]",1,1.3305250406265259,128,random,0.0,624,4.0,124,1.4663108587265015,37,26 0 25 35,1217,0.34736838936805725,test,top_r_mean,0.0,0.5,0.25,0.375
0.10517666392769104,1.0,39,0.0,31,31.137899961322546,hotpotqa,1.3195876288659794,0.25,0.25,0.0,5adc3aff5542996e685252eb,mean,0.27125506072874495,0.2757921814918518,"[[27], [20], [13], [20], [23], [24], [15], [27], [5], [26], [27], [26], [22], [2], [12], [16], [15], [12], [4], [5], [14], [20], [15], [1], [20], [5], [21], [3], [15], [3], [0], [10], [6], [24], [30], [10], [3], [20], [0]]",1,1.527912974357605,128,random,0.25,624,4.0,124,1.7287794351577759,53,27 12 6 16,1217,0.39230766892433167,test,top_r_mean,0.0,0.0,0.25,0.375
0.10517666392769104,1.0,39,0.0,31,23.93230004236102,hotpotqa,1.3195876288659794,0.25,0.25,0.0,5adc3aff5542996e685252eb,mean,0.21187584345479082,0.2887416481971741,"[[5], [8], [2], [26], [25], [25], [6], [31], [17], [14], [18], [0], [10], [14], [0], [11], [27], [8], [18], [23], [9], [3], [31], [24], [22], [19], [21], [31], [5], [20], [23], [9], [18], [0], [21], [22], [4], [11], [0]]",1,1.4263266324996948,128,random,0.25,624,4.0,124,1.6284003257751465,71,21 25 35 16,1217,0.30344128608703613,test,top_r_mean,0.0,0.0,0.25,0.375
0.10517666392769104,0.0,39,0.0,31,29.012199956923723,hotpotqa,1.3195876288659794,0.0,0.0,0.0,5adc3aff5542996e685252eb,mean,0.06612685560053981,0.2764599323272705,"[[24, 25], [24, 25], [24, 25], [24, 25], [24, 25], [24, 25], [24, 25], [24, 25], [24, 25], [24, 25], [24, 25], [24, 25], [24, 25], [24, 25], [24, 25], [24, 25], [24, 25], [24, 25], [24, 25], [24, 25], [24, 25], [24, 25], [24, 25], [24, 25], [24, 25], [24, 25], [24, 25], [24, 25], [24, 25], [24, 25], [24, 25], [24, 25], [24, 25], [24, 25], [24, 25], [24, 25], [24, 25], [24, 25], [0]]",2,1.7274690866470337,128,last,0.0,1248,4.0,124,1.8804329633712769,0,21 20 3 31,1217,0.09453440457582474,test,top_r_mean,0.0,0.0,0.0,0.25
0.10517666392769104,1.0,39,0.0,31,30.546800000593066,hotpotqa,1.3195876288659794,0.25,0.25,0.0,5adc3aff5542996e685252eb,mean,0.41970310391363025,0.6045060157775879,"[[21, 0], [18, 11], [29, 27], [16, 30], [4, 30], [12, 24], [25, 9], [16, 24], [25, 0], [26, 0], [23, 26], [16, 31], [0, 26], [13, 7], [12, 25], [22, 20], [20, 0], [20, 13], [25, 15], [23, 4], [9, 4], [25, 6], [3, 21], [29, 7], [11, 0], [13, 17], [14, 24], [18, 5], [22, 11], [19, 22], [9, 4], [0, 5], [6, 0], [7, 19], [9, 24], [6, 0], [11, 31], [20, 26], [0]]",2,1.5578899383544922,128,farthest,0.3333333333333333,1248,4.0,124,1.6701810359954834,0,24 0 16 32,1217,0.5777328014373779,test,top_r_mean,0.0,0.5,1.0,0.625
0.10517666392769104,0.0,39,0.0,31,27.409600093960762,hotpotqa,1.3195876288659794,0.0,0.0,0.0,5adc3aff5542996e685252eb,mean,0.5843454790823212,0.10146551579236984,"[[6, 0], [5, 1], [22, 21], [29, 6], [12, 2], [5, 31], [15, 16], [12, 29], [9, 0], [10, 5], [2, 21], [28, 30], [1, 22], [17, 26], [16, 6], [29, 13], [3, 0], [15, 26], [29, 18], [19, 8], [20, 25], [18, 24], [4, 13], [26, 13], [11, 0], [10, 27], [15, 0], [3, 8], [29, 9], [8, 26], [6, 25], [3, 31], [3, 0], [2, 16], [1, 7], [2, 20], [20, 5], [1, 11], [0]]",2,0.3036285936832428,128,greedy_oracle,0.0,1248,4.0,124,0.35938766598701477,0,0 32 8 24,1217,0.7601214051246643,test,top_r_mean,0.0,0.5,0.75,0.875
0.10517666392769104,0.0,39,0.0,31,22.75300002656877,hotpotqa,1.3195876288659794,0.0,0.0,0.0,5adc3aff5542996e685252eb,mean,0.0553306342780027,0.2947019636631012,"[[31, 20], [19, 8], [10, 29], [3, 26], [24, 16], [3, 2], [14, 16], [28, 29], [18, 22], [12, 1], [4, 31], [26, 14], [24, 8], [9, 1], [3, 21], [22, 7], [12, 24], [15, 4], [12, 13], [25, 6], [21, 3], [4, 8], [13, 31], [19, 22], [19, 0], [3, 26], [12, 31], [25, 8], [30, 28], [19, 17], [19, 11], [11, 2], [24, 2], [20, 9], [11, 29], [16, 14], [9, 31], [1, 27], [0]]",2,1.4668223857879639,128,random,0.0,1248,4.0,124,1.5977901220321655,11,24 23 32 7,1217,0.08603238314390182,test,top_r_mean,0.0,0.0,0.5,0.25
0.10517666392769104,1.0,39,0.0,31,23.71640014462173,hotpotqa,1.3195876288659794,0.25,0.25,0.0,5adc3aff5542996e685252eb,mean,0.13900134952766532,0.18696680665016174,"[[24, 22], [24, 17], [25, 0], [27, 28], [4, 5], [10, 12], [15, 30], [11, 3], [16, 0], [28, 12], [22, 2], [31, 24], [26, 27], [3, 16], [17, 22], [24, 30], [19, 17], [14, 15], [13, 20], [13, 7], [26, 12], [9, 29], [10, 11], [11, 22], [9, 25], [27, 22], [22, 31], [5, 1], [23, 10], [21, 6], [10, 20], [21, 8], [19, 28], [3, 2], [20, 26], [22, 24], [22, 6], [17, 29], [0]]",2,1.482074499130249,128,random,0.5,1248,4.0,124,1.5875518321990967,23,8 16 35 4,1217,0.20587044954299927,test,top_r_mean,0.0,0.5,0.25,0.375
0.10517666392769104,0.0,39,0.0,31,26.443199953064322,hotpotqa,1.3195876288659794,0.0,0.0,0.0,5adc3aff5542996e685252eb,mean,0.39271255060728744,0.10546184331178665,"[[6, 5], [4, 0], [28, 26], [27, 20], [24, 29], [14, 30], [26, 10], [28, 26], [1, 9], [24, 13], [18, 20], [19, 10], [14, 7], [29, 12], [2, 23], [12, 20], [6, 27], [31, 8], [28, 12], [5, 26], [27, 8], [11, 25], [16, 26], [10, 26], [13, 24], [31, 15], [15, 21], [14, 25], [17, 26], [20, 22], [30, 12], [15, 24], [11, 17], [12, 30], [21, 9], [15, 19], [14, 20], [7, 3], [0]]",2,1.4033293724060059,128,random,0.0,1248,4.0,124,1.4902735948562622,37,0 8 34 25,1217,0.5477733016014099,test,top_r_mean,0.0,0.5,0.25,0.625
0.10517666392769104,0.0,39,0.0,31,23.95040006376803,hotpotqa,1.3195876288659794,0.0,0.0,0.0,5adc3aff5542996e685252eb,mean,0.2982456140350877,0.15736746788024902,"[[27, 9], [20, 15], [13, 2], [20, 29], [23, 12], [24, 0], [15, 11], [27, 24], [5, 8], [26, 21], [27, 16], [26, 27], [22, 10], [2, 30], [12, 17], [16, 9], [15, 23], [12, 14], [4, 12], [5, 28], [14, 29], [20, 26], [15, 12], [1, 29], [20, 30], [5, 27], [21, 4], [3, 18], [15, 24], [3, 5], [0, 8], [10, 21], [6, 29], [24, 28], [30, 20], [10, 21], [3, 22], [20, 16], [0]]",2,1.5191982984542847,128,random,0.0,1248,4.0,124,1.628818154335022,53,32 27 25 13,1217,0.4329959452152252,test,top_r_mean,0.0,0.0,0.25,0.375
0.10517666392769104,0.0,39,0.0,31,29.672399861738086,hotpotqa,1.3195876288659794,0.0,0.0,0.0,5adc3aff5542996e685252eb,mean,0.33873144399460187,0.1593499332666397,"[[5, 21], [8, 27], [2, 14], [26, 21], [25, 6], [25, 10], [6, 28], [31, 2], [17, 15], [14, 16], [18, 27], [0, 26], [10, 2], [14, 16], [0, 18], [11, 28], [27, 6], [8, 11], [18, 15], [23, 8], [9, 31], [3, 29], [31, 24], [24, 6], [22, 0], [19, 20], [21, 26], [31, 17], [5, 7], [20, 19], [23, 26], [9, 21], [18, 3], [0, 5], [21, 9], [22, 5], [4, 0], [11, 8], [0]]",2,1.4008280038833618,128,random,0.0,1248,4.0,124,1.5059168338775635,71,24 0 32 34,1217,0.4773279130458832,test,top_r_mean,0.0,0.5,0.75,0.625
0.10517666392769104,0.0,39,0.0,31,31.546899816021323,hotpotqa,1.3195876288659794,0.0,0.0,0.0,5adc3aff5542996e685252eb,mean,0.17408906882591094,0.21295061707496643,"[[24, 25, 26, 27], [24, 25, 26, 27], [24, 25, 26, 27], [24, 25, 26, 27], [24, 25, 26, 27], [24, 25, 26, 27], [24, 25, 26, 27], [24, 25, 26, 27], [24, 25, 26, 27], [24, 25, 26, 27], [24, 25, 26, 27], [24, 25, 26, 27], [24, 25, 26, 27], [24, 25, 26, 27], [24, 25, 26, 27], [24, 25, 26, 27], [24, 25, 26, 27], [24, 25, 26, 27], [24, 25, 26, 27], [24, 25, 26, 27], [24, 25, 26, 27], [24, 25, 26, 27], [24, 25, 26, 27], [24, 25, 26, 27], [24, 25, 26, 27], [24, 25, 26, 27], [24, 25, 26, 27], [24, 25, 26, 27], [24, 25, 26, 27], [24, 25, 26, 27], [24, 25, 26, 27], [24, 25, 26, 27], [24, 25, 26, 27], [24, 25, 26, 27], [24, 25, 26, 27], [24, 25, 26, 27], [24, 25, 26, 27], [24, 25, 26, 27], [0]]",4,1.6539751291275024,128,last,0.0,2496,4.0,124,1.7700179815292358,0,25 20 3 29,1217,0.2520242929458618,test,top_r_mean,0.0,0.0,0.0,0.125
0.10517666392769104,1.0,39,0.0,31,30.757199972867966,hotpotqa,1.3195876288659794,0.25,0.25,0.0,5adc3aff5542996e685252eb,mean,0.4116059379217274,0.07530493289232254,"[[21, 0, 25, 4], [18, 11, 7, 21], [29, 27, 4, 0], [16, 30, 4, 12], [4, 30, 6, 29], [12, 24, 22, 23], [25, 9, 10, 4], [16, 24, 22, 17], [25, 0, 31, 26], [26, 0, 11, 1], [23, 26, 14, 27], [16, 31, 3, 29], [0, 26, 25, 13], [13, 7, 28, 27], [12, 25, 23, 4], [22, 20, 6, 30], [20, 0, 18, 13], [20, 13, 3, 14], [25, 15, 21, 19], [23, 4, 15, 12], [9, 4, 17, 29], [25, 6, 16, 11], [3, 21, 27, 31], [29, 7, 4, 5], [11, 0, 5, 28], [13, 17, 20, 2], [14, 24, 16, 31], [18, 5, 6, 15], [22, 11, 13, 2], [19, 22, 29, 10], [9, 4, 11, 26], [0, 5, 26, 14], [6, 0, 27, 30], [7, 19, 17, 12], [9, 24, 28, 23], [6, 0, 18, 3], [11, 31, 30, 18], [20, 26, 19, 14], [0]]",4,1.8383407592773438,128,farthest,1.0,2496,4.0,124,1.8926821947097778,0,16 24 0 32,1217,0.5755060315132141,test,top_r_mean,1.0,0.5,1.0,0.625
0.10517666392769104,1.0,39,0.0,31,35.393400117754936,hotpotqa,1.3195876288659794,0.25,0.25,0.0,5adc3aff5542996e685252eb,mean,0.7139001349527665,0.0055608791299164295,"[[6, 0, 21, 2], [5, 1, 0, 6], [22, 21, 17, 12], [29, 6, 16, 24], [12, 2, 4, 19], [5, 31, 11, 12], [15, 16, 3, 0], [12, 29, 2, 16], [9, 0, 25, 11], [10, 5, 6, 26], [2, 21, 18, 6], [28, 30, 11, 14], [1, 22, 6, 28], [17, 26, 30, 22], [16, 6, 13, 21], [29, 13, 4, 0], [3, 0, 20, 29], [15, 26, 20, 17], [29, 18, 10, 26], [19, 8, 11, 14], [20, 25, 10, 16], [18, 24, 3, 10], [4, 13, 18, 23], [26, 13, 18, 22], [11, 0, 31, 12], [10, 27, 31, 19], [15, 0, 6, 7], [3, 8, 28, 17], [29, 9, 8, 31], [8, 26, 9, 27], [6, 25, 30, 15], [3, 31, 11, 25], [3, 0, 31, 29], [2, 16, 23, 8], [1, 7, 6, 9], [2, 20, 22, 15], [20, 5, 11, 26], [1, 11, 9, 16], [0]]",4,0.39196595549583435,128,greedy_oracle,0.25,2496,4.0,124,0.40959885716438293,0,0 32 24 16,1217,0.873076856136322,test,top_r_mean,0.0,0.5,1.0,0.875
0.10517666392769104,0.0,39,0.0,31,27.508500032126904,hotpotqa,1.3195876288659794,0.0,0.0,0.0,5adc3aff5542996e685252eb,mean,0.15789473684210525,0.12179359793663025,"[[31, 20, 13, 15], [19, 8, 9, 30], [10, 29, 21, 17], [3, 26, 27, 1], [24, 16, 26, 25], [3, 2, 19, 25], [14, 16, 21, 8], [28, 29, 16, 26], [18, 22, 2, 29], [12, 1, 11, 25], [4, 31, 13, 7], [26, 14, 16, 18], [24, 8, 2, 18], [9, 1, 17, 25], [3, 21, 13, 14], [22, 7, 14, 25], [12, 24, 9, 7], [15, 4, 14, 18], [12, 13, 26, 1], [25, 6, 13, 30], [21, 3, 0, 30], [4, 8, 15, 27], [13, 31, 20, 4], [19, 22, 25, 31], [19, 0, 3, 5], [3, 26, 21, 6], [12, 31, 7, 29], [25, 8, 13, 2], [30, 28, 9, 27], [19, 17, 28, 5], [19, 11, 26, 27], [11, 2, 9, 27], [24, 2, 19, 7], [20, 9, 17, 29], [11, 29, 30, 27], [16, 14, 27, 5], [9, 31, 22, 27], [1, 27, 10, 7], [0]]",4,1.4457998275756836,128,random,0.0,2496,4.0,124,1.524251937866211,11,24 13 20 32,1217,0.23643724620342255,test,top_r_mean,0.0,0.0,0.5,0.25
0.10517666392769104,1.0,39,0.0,31,24.933800101280212,hotpotqa,1.3195876288659794,0.25,0.25,0.0,5adc3aff5542996e685252eb,mean,0.13630229419703105,0.12801173329353333,"[[24, 22, 19, 28], [24, 17, 16, 20], [25, 0, 17, 22], [27, 28, 3, 7], [4, 5, 30, 7], [10, 12, 28, 19], [15, 30, 11, 8], [11, 3, 6, 29], [16, 0, 27, 9], [28, 12, 11, 18], [22, 2, 6, 18], [31, 24, 3, 13], [26, 27, 22, 20], [3, 16, 17, 20], [17, 22, 7, 24], [24, 30, 9, 19], [19, 17, 27, 31], [14, 15, 13, 23], [13, 20, 21, 4], [13, 7, 5, 8], [26, 12, 15, 20], [9, 29, 30, 7], [10, 11, 2, 29], [11, 22, 13, 23], [9, 25, 10, 29], [27, 22, 13, 2], [22, 31, 16, 26], [5, 1, 27, 17], [23, 10, 15, 30], [21, 6, 29, 10], [10, 20, 11, 3], [21, 8, 3, 12], [19, 28, 27, 1], [3, 2, 19, 18], [20, 26, 27, 21], [22, 24, 7, 31], [22, 6, 1, 12], [17, 29, 11, 8], [0]]",4,1.5206454992294312,128,random,0.3333333333333333,2496,4.0,124,1.5994189977645874,23,8 10 16 23,1217,0.21336030960083008,test,top_r_mean,0.0,0.0,0.25,0.375
0.10517666392769104,1.0,39,0.0,31,26.507799979299307,hotpotqa,1.3195876288659794,0.25,0.25,0.0,5adc3aff5542996e685252eb,mean,0.3900134952766532,0.08705964684486389,"[[6, 5, 31, 17], [4, 0, 17, 16], [28, 26, 3, 30], [27, 20, 14, 11], [24, 29, 21, 0], [14, 30, 6, 26], [26, 10, 5, 11], [28, 26, 13, 8], [1, 9, 27, 8], [24, 13, 28, 5], [18, 20, 31, 10], [19, 10, 28, 26], [14, 7, 12, 21], [29, 12, 15, 23], [2, 23, 29, 9], [12, 20, 10, 23], [6, 27, 25, 21], [31, 8, 22, 27], [28, 12, 1, 2], [5, 26, 8, 11], [27, 8, 28, 16], [11, 25, 5, 6], [16, 26, 10, 4], [10, 26, 27, 18], [13, 24, 3, 16], [31, 15, 4, 11], [15, 21, 18, 6], [14, 25, 5, 27], [17, 26, 24, 10], [20, 22, 29, 26], [30, 12, 1, 13], [15, 24, 13, 14], [11, 17, 2, 18], [12, 30, 14, 16], [21, 9, 27, 11], [15, 19, 6, 17], [14, 20, 18, 19], [7, 3, 13, 23], [0]]",4,1.4122135639190674,128,random,0.3333333333333333,2496,4.0,124,1.4765961170196533,37,23 35 16 8,1217,0.5605263113975525,test,top_r_mean,0.0,0.0,0.25,0.5
0.10517666392769104,0.0,39,0.0,31,30.400499934330583,hotpotqa,1.3195876288659794,0.0,0.0,0.0,5adc3aff5542996e685252eb,mean,0.349527665317139,0.09071219712495804,"[[27, 9, 22, 19], [20, 15, 31, 14], [13, 2, 29, 3], [20, 29, 2, 22], [23, 12, 21, 29], [24, 0, 16, 15], [15, 11, 18, 14], [27, 24, 12, 0], [5, 8, 0, 26], [26, 21, 31, 9], [27, 16, 7, 4], [26, 27, 4, 14], [22, 10, 21, 12], [2, 30, 14, 20], [12, 17, 18, 16], [16, 9, 13, 8], [15, 23, 11, 25], [12, 14, 22, 30], [4, 12, 20, 19], [5, 28, 6, 7], [14, 29, 18, 13], [20, 26, 1, 0], [15, 12, 25, 13], [1, 29, 8, 17], [20, 30, 2, 14], [5, 27, 14, 0], [21, 4, 15, 10], [3, 18, 13, 7], [15, 24, 25, 8], [3, 5, 30, 17], [0, 8, 28, 15], [10, 21, 25, 27], [6, 29, 30, 22], [24, 28, 22, 7], [30, 20, 16, 12], [10, 21, 16, 13], [3, 22, 4, 0], [20, 16, 12, 2], [0]]",4,1.5042128562927246,128,random,0.0,2496,4.0,124,1.5673540830612183,53,8 25 24 32,1217,0.5095141530036926,test,top_r_mean,0.0,0.0,0.5,0.625
0.10517666392769104,0.0,39,0.0,31,28.234299970790744,hotpotqa,1.3195876288659794,0.0,0.0,0.0,5adc3aff5542996e685252eb,mean,0.3522267206477733,0.11443141102790833,"[[5, 21, 4, 31], [8, 27, 10, 9], [2, 14, 26, 22], [26, 21, 17, 3], [25, 6, 29, 0], [25, 10, 13, 26], [6, 28, 24, 26], [31, 2, 14, 19], [17, 15, 1, 22], [14, 16, 20, 5], [18, 27, 9, 11], [0, 26, 23, 22], [10, 2, 1, 26], [14, 16, 18, 15], [0, 18, 28, 23], [11, 28, 3, 4], [27, 6, 17, 13], [8, 11, 2, 7], [18, 15, 8, 25], [23, 8, 17, 29], [9, 31, 7, 22], [3, 29, 20, 22], [31, 24, 5, 26], [24, 6, 29, 14], [22, 0, 13, 30], [19, 20, 4, 9], [21, 26, 18, 8], [31, 17, 1, 29], [5, 7, 27, 6], [20, 19, 5, 27], [23, 26, 21, 31], [9, 21, 6, 11], [18, 3, 0, 8], [0, 5, 7, 28], [21, 9, 12, 6], [22, 5, 19, 11], [4, 0, 26, 27], [11, 8, 23, 25], [0]]",4,1.410086989402771,128,random,0.0,2496,4.0,124,1.4810495376586914,71,32 24 34 2,1217,0.4858299493789673,test,top_r_mean,0.0,0.0,0.5,0.5
0.10517666392769104,1.0,39,0.0,31,34.14489980787039,hotpotqa,1.3195876288659794,0.25,0.25,0.0,5adc3aff5542996e685252eb,mean,0.32793522267206476,0.11665410548448563,"[[24, 25, 26, 27, 28, 29, 30, 31], [24, 25, 26, 27, 28, 29, 30, 31], [24, 25, 26, 27, 28, 29, 30, 31], [24, 25, 26, 27, 28, 29, 30, 31], [24, 25, 26, 27, 28, 29, 30, 31], [24, 25, 26, 27, 28, 29, 30, 31], [24, 25, 26, 27, 28, 29, 30, 31], [24, 25, 26, 27, 28, 29, 30, 31], [24, 25, 26, 27, 28, 29, 30, 31], [24, 25, 26, 27, 28, 29, 30, 31], [24, 25, 26, 27, 28, 29, 30, 31], [24, 25, 26, 27, 28, 29, 30, 31], [24, 25, 26, 27, 28, 29, 30, 31], [24, 25, 26, 27, 28, 29, 30, 31], [24, 25, 26, 27, 28, 29, 30, 31], [24, 25, 26, 27, 28, 29, 30, 31], [24, 25, 26, 27, 28, 29, 30, 31], [24, 25, 26, 27, 28, 29, 30, 31], [24, 25, 26, 27, 28, 29, 30, 31], [24, 25, 26, 27, 28, 29, 30, 31], [24, 25, 26, 27, 28, 29, 30, 31], [24, 25, 26, 27, 28, 29, 30, 31], [24, 25, 26, 27, 28, 29, 30, 31], [24, 25, 26, 27, 28, 29, 30, 31], [24, 25, 26, 27, 28, 29, 30, 31], [24, 25, 26, 27, 28, 29, 30, 31], [24, 25, 26, 27, 28, 29, 30, 31], [24, 25, 26, 27, 28, 29, 30, 31], [24, 25, 26, 27, 28, 29, 30, 31], [24, 25, 26, 27, 28, 29, 30, 31], [24, 25, 26, 27, 28, 29, 30, 31], [24, 25, 26, 27, 28, 29, 30, 31], [24, 25, 26, 27, 28, 29, 30, 31], [24, 25, 26, 27, 28, 29, 30, 31], [24, 25, 26, 27, 28, 29, 30, 31], [24, 25, 26, 27, 28, 29, 30, 31], [24, 25, 26, 27, 28, 29, 30, 31], [24, 25, 26, 27, 28, 29, 30, 31], [0]]",8,0.8987742066383362,128,last,0.3333333333333333,4992,4.0,124,1.0009851455688477,0,25 3 16 32,1217,0.45020243525505066,test,top_r_mean,0.0,0.0,0.5,0.5
0.10517666392769104,1.0,39,0.0,31,27.279699919745326,hotpotqa,1.3195876288659794,0.25,0.25,0.0,5adc3aff5542996e685252eb,mean,0.5303643724696356,0.04698335751891136,"[[21, 0, 25, 4, 26, 15, 24, 29], [18, 11, 7, 21, 3, 31, 29, 13], [29, 27, 4, 0, 13, 12, 8, 6], [16, 30, 4, 12, 0, 27, 2, 29], [4, 30, 6, 29, 13, 7, 15, 31], [12, 24, 22, 23, 3, 20, 18, 13], [25, 9, 10, 4, 11, 0, 17, 23], [16, 24, 22, 17, 31, 5, 25, 23], [25, 0, 31, 26, 30, 27, 19, 1], [26, 0, 11, 1, 2, 30, 29, 24], [23, 26, 14, 27, 5, 25, 30, 12], [16, 31, 3, 29, 7, 2, 23, 5], [0, 26, 25, 13, 30, 24, 23, 20], [13, 7, 28, 27, 20, 3, 31, 18], [12, 25, 23, 4, 3, 0, 5, 14], [22, 20, 6, 30, 9, 8, 21, 5], [20, 0, 18, 13, 1, 11, 24, 16], [20, 13, 3, 14, 2, 10, 19, 25], [25, 15, 21, 19, 2, 31, 14, 29], [23, 4, 15, 12, 18, 19, 31, 21], [9, 4, 17, 29, 16, 31, 13, 26], [25, 6, 16, 11, 27, 29, 15, 4], [3, 21, 27, 31, 19, 14, 24, 26], [29, 7, 4, 5, 1, 6, 3, 10], [11, 0, 5, 28, 8, 22, 24, 21], [13, 17, 20, 2, 15, 16, 21, 19], [14, 24, 16, 31, 20, 1, 22, 8], [18, 5, 6, 15, 4, 25, 8, 9], [22, 11, 13, 2, 30, 5, 29, 12], [19, 22, 29, 10, 11, 13, 21, 28], [9, 4, 11, 26, 16, 1, 5, 3], [0, 5, 26, 14, 20, 9, 16, 29], [6, 0, 27, 30, 10, 25, 18, 14], [7, 19, 17, 12, 24, 22, 3, 18], [9, 24, 28, 23, 15, 20, 22, 19], [6, 0, 18, 3, 30, 13, 16, 11], [11, 31, 30, 18, 27, 29, 16, 7], [20, 26, 19, 14, 18, 13, 22, 17], [0]]",8,0.9832359552383423,128,farthest,1.0,4992,4.0,124,1.0376514196395874,0,16 24 8 32,1217,0.7230769395828247,test,top_r_mean,1.0,0.5,0.75,0.625
0.10517666392769104,1.0,39,0.0,31,29.691300122067332,hotpotqa,1.3195876288659794,0.25,0.25,0.0,5adc3aff5542996e685252eb,mean,0.8569500674763832,0.001324241515249014,"[[6, 0, 21, 2, 7, 1, 5, 3], [5, 1, 0, 6, 18, 20, 31, 8], [22, 21, 17, 12, 13, 14, 18, 2], [29, 6, 16, 24, 23, 30, 31, 2], [12, 2, 4, 19, 28, 1, 20, 3], [5, 31, 11, 12, 27, 17, 28, 20], [15, 16, 3, 0, 8, 17, 5, 14], [12, 29, 2, 16, 28, 30, 7, 21], [9, 0, 25, 11, 21, 1, 29, 3], [10, 5, 6, 26, 4, 8, 16, 9], [2, 21, 18, 6, 19, 22, 24, 8], [28, 30, 11, 14, 1, 0, 20, 29], [1, 22, 6, 28, 0, 15, 13, 8], [17, 26, 30, 22, 23, 6, 2, 28], [16, 6, 13, 21, 23, 10, 29, 9], [29, 13, 4, 0, 11, 19, 27, 23], [3, 0, 20, 29, 10, 2, 17, 8], [15, 26, 20, 17, 9, 16, 2, 8], [29, 18, 10, 26, 31, 0, 19, 15], [19, 8, 11, 14, 2, 17, 21, 9], [20, 25, 10, 16, 3, 18, 1, 6], [18, 24, 3, 10, 15, 31, 23, 19], [4, 13, 18, 23, 10, 1, 11, 24], [26, 13, 18, 22, 3, 31, 27, 0], [11, 0, 31, 12, 7, 4, 13, 1], [10, 27, 31, 19, 1, 15, 24, 0], [15, 0, 6, 7, 1, 16, 4, 2], [3, 8, 28, 17, 12, 14, 23, 4], [29, 9, 8, 31, 24, 14, 2, 6], [8, 26, 9, 27, 7, 1, 10, 29], [6, 25, 30, 15, 27, 12, 16, 8], [3, 31, 11, 25, 1, 0, 8, 29], [3, 0, 31, 29, 4, 24, 2, 22], [2, 16, 23, 8, 30, 4, 0, 18], [1, 7, 6, 9, 14, 10, 18, 17], [2, 20, 22, 15, 18, 8, 28, 11], [20, 5, 11, 26, 23, 12, 6, 29], [1, 11, 9, 16, 29, 22, 4, 6], [0]]",8,0.13114522397518158,128,greedy_oracle,1.0,4992,4.0,124,0.14183878898620605,0,16 0 32 24,1217,0.9627530574798584,test,top_r_mean,1.0,1.0,1.0,0.875
0.10517666392769104,1.0,39,0.0,31,32.24880015477538,hotpotqa,1.3195876288659794,0.25,0.25,0.0,5adc3aff5542996e685252eb,mean,0.4979757085020243,0.06972895562648773,"[[31, 20, 13, 15, 29, 7, 1, 19], [19, 8, 9, 30, 5, 2, 25, 29], [10, 29, 21, 17, 27, 23, 8, 4], [3, 26, 27, 1, 13, 2, 4, 15], [24, 16, 26, 25, 6, 28, 8, 19], [3, 2, 19, 25, 8, 18, 0, 4], [14, 16, 21, 8, 7, 29, 13, 12], [28, 29, 16, 26, 18, 23, 31, 1], [18, 22, 2, 29, 15, 27, 24, 26], [12, 1, 11, 25, 3, 2, 0, 5], [4, 31, 13, 7, 19, 14, 29, 15], [26, 14, 16, 18, 29, 24, 13, 31], [24, 8, 2, 18, 15, 30, 4, 6], [9, 1, 17, 25, 23, 19, 0, 27], [3, 21, 13, 14, 4, 31, 17, 9], [22, 7, 14, 25, 30, 11, 10, 26], [12, 24, 9, 7, 11, 29, 2, 20], [15, 4, 14, 18, 0, 6, 27, 19], [12, 13, 26, 1, 0, 25, 27, 10], [25, 6, 13, 30, 18, 5, 7, 0], [21, 3, 0, 30, 16, 23, 20, 6], [4, 8, 15, 27, 6, 28, 0, 30], [13, 31, 20, 4, 18, 30, 28, 16], [19, 22, 25, 31, 3, 11, 5, 4], [19, 0, 3, 5, 21, 1, 31, 18], [3, 26, 21, 6, 13, 24, 30, 20], [12, 31, 7, 29, 28, 8, 14, 13], [25, 8, 13, 2, 5, 12, 6, 17], [30, 28, 9, 27, 20, 31, 4, 24], [19, 17, 28, 5, 9, 2, 3, 4], [19, 11, 26, 27, 24, 17, 8, 1], [11, 2, 9, 27, 7, 16, 31, 14], [24, 2, 19, 7, 3, 1, 9, 8], [20, 9, 17, 29, 23, 28, 2, 4], [11, 29, 30, 27, 2, 3, 16, 8], [16, 14, 27, 5, 24, 23, 10, 19], [9, 31, 22, 27, 6, 29, 5, 17], [1, 27, 10, 7, 9, 30, 17, 6], [0]]",8,0.7598084211349487,128,random,0.5,4992,4.0,124,0.8289310336112976,11,24 16 32 13,1217,0.6524291038513184,test,top_r_mean,0.0,0.5,0.75,0.375
0.10517666392769104,1.0,39,0.0,31,33.78459997475147,hotpotqa,1.3195876288659794,0.25,0.25,0.0,5adc3aff5542996e685252eb,mean,0.33873144399460187,0.09089969098567963,"[[24, 22, 19, 28, 10, 3, 29, 23], [24, 17, 16, 20, 3, 28, 21, 6], [25, 0, 17, 22, 19, 13, 7, 18], [27, 28, 3, 7, 5, 0, 29, 26], [4, 5, 30, 7, 17, 19, 28, 14], [10, 12, 28, 19, 27, 29, 22, 6], [15, 30, 11, 8, 21, 9, 16, 31], [11, 3, 6, 29, 19, 15, 17, 22], [16, 0, 27, 9, 10, 5, 3, 2], [28, 12, 11, 18, 2, 17, 19, 6], [22, 2, 6, 18, 29, 17, 14, 8], [31, 24, 3, 13, 16, 23, 17, 14], [26, 27, 22, 20, 9, 6, 16, 21], [3, 16, 17, 20, 8, 22, 10, 5], [17, 22, 7, 24, 26, 1, 14, 2], [24, 30, 9, 19, 22, 13, 15, 8], [19, 17, 27, 31, 26, 7, 13, 18], [14, 15, 13, 23, 0, 9, 21, 26], [13, 20, 21, 4, 19, 12, 22, 1], [13, 7, 5, 8, 23, 31, 6, 12], [26, 12, 15, 20, 2, 22, 27, 10], [9, 29, 30, 7, 15, 16, 4, 26], [10, 11, 2, 29, 13, 19, 6, 17], [11, 22, 13, 23, 28, 3, 26, 8], [9, 25, 10, 29, 19, 1, 23, 7], [27, 22, 13, 2, 29, 30, 17, 5], [22, 31, 16, 26, 30, 29, 21, 23], [5, 1, 27, 17, 4, 23, 30, 22], [23, 10, 15, 30, 19, 0, 6, 24], [21, 6, 29, 10, 11, 30, 16, 1], [10, 20, 11, 3, 4, 25, 22, 18], [21, 8, 3, 12, 20, 13, 23, 28], [19, 28, 27, 1, 3, 12, 2, 22], [3, 2, 19, 18, 24, 26, 28, 25], [20, 26, 27, 21, 10, 14, 0, 22], [22, 24, 7, 31, 6, 12, 27, 19], [22, 6, 1, 12, 30, 20, 11, 2], [17, 29, 11, 8, 9, 1, 5, 0], [0]]",8,0.7791361212730408,128,random,0.3333333333333333,4992,4.0,124,0.8657527565956116,23,8 23 16 32,1217,0.4540485739707947,test,top_r_mean,0.0,0.0,0.5,0.375
0.10517666392769104,1.0,39,0.0,31,36.009399918839335,hotpotqa,1.3195876288659794,0.25,0.25,0.0,5adc3aff5542996e685252eb,mean,0.5573549257759784,0.07401423156261444,"[[6, 5, 31, 17, 3, 27, 15, 7], [4, 0, 17, 16, 24, 10, 21, 15], [28, 26, 3, 30, 22, 11, 9, 6], [27, 20, 14, 11, 30, 5, 9, 24], [24, 29, 21, 0, 27, 9, 14, 20], [14, 30, 6, 26, 21, 1, 10, 25], [26, 10, 5, 11, 21, 31, 25, 15], [28, 26, 13, 8, 21, 30, 4, 6], [1, 9, 27, 8, 17, 18, 25, 4], [24, 13, 28, 5, 21, 14, 19, 23], [18, 20, 31, 10, 13, 1, 21, 12], [19, 10, 28, 26, 22, 6, 24, 2], [14, 7, 12, 21, 22, 28, 2, 3], [29, 12, 15, 23, 26, 8, 11, 24], [2, 23, 29, 9, 10, 25, 27, 11], [12, 20, 10, 23, 8, 13, 9, 29], [6, 27, 25, 21, 1, 4, 19, 5], [31, 8, 22, 27, 28, 2, 11, 30], [28, 12, 1, 2, 20, 10, 19, 16], [5, 26, 8, 11, 20, 7, 12, 0], [27, 8, 28, 16, 12, 4, 19, 13], [11, 25, 5, 6, 17, 12, 31, 27], [16, 26, 10, 4, 13, 14, 5, 2], [10, 26, 27, 18, 14, 6, 20, 1], [13, 24, 3, 16, 23, 22, 18, 29], [31, 15, 4, 11, 30, 18, 27, 10], [15, 21, 18, 6, 17, 19, 10, 29], [14, 25, 5, 27, 28, 20, 22, 19], [17, 26, 24, 10, 1, 3, 4, 18], [20, 22, 29, 26, 24, 0, 14, 21], [30, 12, 1, 13, 18, 11, 5, 9], [15, 24, 13, 14, 10, 3, 2, 16], [11, 17, 2, 18, 22, 28, 25, 8], [12, 30, 14, 16, 8, 13, 1, 15], [21, 9, 27, 11, 5, 29, 8, 16], [15, 19, 6, 17, 4, 2, 3, 14], [14, 20, 18, 19, 1, 8, 15, 0], [7, 3, 13, 23, 19, 0, 28, 27], [0]]",8,0.7974555492401123,128,random,0.5,4992,4.0,124,0.8667365908622742,37,25 16 33 35,1217,0.7548582553863525,test,top_r_mean,0.0,0.5,0.25,0.375
0.10517666392769104,1.0,39,0.0,31,26.909600012004375,hotpotqa,1.3195876288659794,0.25,0.25,0.0,5adc3aff5542996e685252eb,mean,0.48717948717948717,0.06341253221035004,"[[27, 9, 22, 19, 29, 16, 21, 2], [20, 15, 31, 14, 2, 25, 12, 1], [13, 2, 29, 3, 1, 19, 5, 23], [20, 29, 2, 22, 17, 3, 31, 16], [23, 12, 21, 29, 28, 0, 9, 14], [24, 0, 16, 15, 23, 22, 8, 30], [15, 11, 18, 14, 29, 4, 7, 31], [27, 24, 12, 0, 13, 5, 1, 26], [5, 8, 0, 26, 14, 18, 29, 12], [26, 21, 31, 9, 5, 12, 24, 28], [27, 16, 7, 4, 19, 5, 0, 22], [26, 27, 4, 14, 5, 16, 21, 28], [22, 10, 21, 12, 16, 27, 3, 17], [2, 30, 14, 20, 29, 24, 12, 0], [12, 17, 18, 16, 2, 11, 22, 14], [16, 9, 13, 8, 24, 25, 30, 22], [15, 23, 11, 25, 3, 6, 9, 16], [12, 14, 22, 30, 3, 27, 4, 28], [4, 12, 20, 19, 14, 16, 8, 15], [5, 28, 6, 7, 0, 23, 30, 4], [14, 29, 18, 13, 2, 1, 21, 20], [20, 26, 1, 0, 10, 17, 7, 14], [15, 12, 25, 13, 10, 4, 7, 26], [1, 29, 8, 17, 6, 22, 21, 15], [20, 30, 2, 14, 3, 8, 5, 26], [5, 27, 14, 0, 28, 3, 25, 17], [21, 4, 15, 10, 27, 6, 11, 20], [3, 18, 13, 7, 4, 11, 1, 2], [15, 24, 25, 8, 3, 26, 18, 31], [3, 5, 30, 17, 26, 13, 20, 1], [0, 8, 28, 15, 29, 14, 12, 10], [10, 21, 25, 27, 26, 13, 30, 1], [6, 29, 30, 22, 13, 9, 27, 28], [24, 28, 22, 7, 23, 17, 1, 2], [30, 20, 16, 12, 28, 22, 0, 7], [10, 21, 16, 13, 26, 11, 6, 17], [3, 22, 4, 0, 9, 7, 13, 28], [20, 16, 12, 2, 25, 3, 31, 27], [0]]",8,0.814468502998352,128,random,0.5,4992,4.0,124,0.8776105642318726,53,8 16 3 0,1217,0.6585019826889038,test,top_r_mean,0.0,0.5,0.5,0.625
0.10517666392769104,1.0,39,0.0,31,30.155599815770984,hotpotqa,1.3195876288659794,0.25,0.25,0.0,5adc3aff5542996e685252eb,mean,0.5384615384615384,0.0559857115149498,"[[5, 21, 4, 31, 22, 8, 29, 17], [8, 27, 10, 9, 30, 0, 5, 2], [2, 14, 26, 22, 7, 20, 13, 11], [26, 21, 17, 3, 19, 1, 14, 15], [25, 6, 29, 0, 8, 21, 17, 3], [25, 10, 13, 26, 27, 1, 19, 18], [6, 28, 24, 26, 1, 4, 17, 8], [31, 2, 14, 19, 10, 26, 3, 12], [17, 15, 1, 22, 16, 5, 10, 27], [14, 16, 20, 5, 1, 15, 24, 29], [18, 27, 9, 11, 10, 15, 0, 20], [0, 26, 23, 22, 14, 10, 15, 6], [10, 2, 1, 26, 13, 19, 31, 15], [14, 16, 18, 15, 22, 5, 13, 8], [0, 18, 28, 23, 8, 2, 30, 21], [11, 28, 3, 4, 27, 25, 15, 0], [27, 6, 17, 13, 0, 2, 1, 31], [8, 11, 2, 7, 0, 26, 4, 13], [18, 15, 8, 25, 30, 26, 17, 7], [23, 8, 17, 29, 22, 26, 14, 21], [9, 31, 7, 22, 25, 8, 23, 21], [3, 29, 20, 22, 19, 27, 26, 8], [31, 24, 5, 26, 8, 15, 6, 22], [24, 6, 29, 14, 23, 25, 4, 13], [22, 0, 13, 30, 3, 1, 19, 15], [19, 20, 4, 9, 13, 2, 5, 1], [21, 26, 18, 8, 12, 6, 28, 16], [31, 17, 1, 29, 4, 23, 24, 15], [5, 7, 27, 6, 17, 28, 21, 9], [20, 19, 5, 27, 8, 24, 31, 2], [23, 26, 21, 31, 3, 6, 4, 14], [9, 21, 6, 11, 2, 27, 1, 17], [18, 3, 0, 8, 11, 9, 15, 12], [0, 5, 7, 28, 11, 26, 2, 14], [21, 9, 12, 6, 0, 4, 27, 10], [22, 5, 19, 11, 1, 25, 9, 12], [4, 0, 26, 27, 25, 2, 12, 7], [11, 8, 23, 25, 1, 2, 29, 12], [0]]",8,0.7253116965293884,128,random,1.0,4992,4.0,124,0.7869939804077148,71,16 32 24 34,1217,0.7117408514022827,test,top_r_mean,1.0,0.5,0.75,0.5
0.1007081038552321,1.0,40,0.0,31,0.04830001853406429,hotpotqa,1.0,0.25,0.25,0.0,5ab56db7554299494045efc6,mean,1.0,0.0,,0,0.0,128,full_k,1.0,20335,4.0,124,0.0,0,0 24 32 8,1271,0.9999999403953552,test,top_r_mean,1.0,1.0,1.0,1.0
0.1007081038552321,1.0,40,1.0,31,2.910799812525511,hotpotqa,1.0,0.5,0.5,0.0,5ab56db7554299494045efc6,mean,0.7,0.05383456498384476,,1,1.4585700035095215,128,mean,1.0,640,4.0,124,1.4828517436981201,0,25 16 32 0,1271,0.8930580615997314,test,top_r_mean,0.0,0.0,0.5,0.875
0.1007081038552321,1.0,40,0.0,31,26.14460000768304,hotpotqa,1.0,0.5,0.5,0.0,5ab56db7554299494045efc6,mean,0.1282051282051282,0.2613535225391388,"[[24], [24], [24], [24], [24], [24], [24], [24], [24], [24], [24], [24], [24], [24], [24], [24], [24], [24], [24], [24], [24], [24], [24], [24], [24], [24], [24], [24], [24], [24], [24], [24], [24], [24], [24], [24], [24], [24], [24], [15]]",1,1.402260661125183,128,last,0.3333333333333333,640,4.0,124,1.5445002317428589,0,19 22 2 1,1271,0.20544087886810303,test,top_r_mean,0.0,0.0,0.0,0.25
0.1007081038552321,0.0,40,0.0,31,24.58259998820722,hotpotqa,1.0,0.0,0.0,0.0,5ab56db7554299494045efc6,mean,0.38974358974358975,0.09025758504867554,"[[10], [10], [5], [30], [9], [0], [23], [5], [27], [23], [19], [9], [11], [9], [30], [17], [1], [4], [27], [21], [14], [3], [19], [12], [20], [24], [18], [12], [15], [14], [29], [10], [1], [8], [5], [19], [18], [26], [2], [12]]",1,0.9486470222473145,128,farthest,0.0,640,4.0,124,1.0175575017929077,0,8 19 11 22,1271,0.5515946745872498,test,top_r_mean,0.0,0.0,0.25,0.25
0.1007081038552321,1.0,40,0.0,31,30.400499934330583,hotpotqa,1.0,0.25,0.25,0.0,5ab56db7554299494045efc6,mean,0.38461538461538464,0.10276522487401962,"[[8], [8], [1], [29], [7], [21], [22], [9], [17], [20], [26], [30], [0], [7], [0], [13], [19], [27], [23], [24], [12], [1], [15], [0], [3], [20], [14], [8], [12], [11], [1], [7], [29], [6], [3], [17], [8], [25], [22], [0]]",1,0.25513115525245667,128,greedy_oracle,1.0,640,4.0,124,0.4227052330970764,0,25 20 27 28,1271,0.5090055465698242,test,top_r_mean,0.0,0.0,0.0,0.25
0.1007081038552321,0.0,40,0.0,31,30.820999993011355,hotpotqa,1.0,0.0,0.0,0.0,5ab56db7554299494045efc6,mean,0.1564102564102564,0.36554425954818726,"[[22], [18], [27], [29], [16], [5], [4], [19], [30], [24], [9], [9], [7], [30], [5], [12], [25], [26], [13], [0], [19], [20], [0], [16], [2], [28], [12], [26], [4], [2], [27], [25], [19], [7], [1], [29], [18], [18], [12], [7]]",1,1.3830333948135376,128,random,0.0,640,4.0,124,1.607818841934204,11,3 24 27 11,1271,0.19643525779247284,test,top_r_mean,0.0,0.5,0.25,0.25
0.1007081038552321,0.0,40,0.0,31,27.14739996008575,hotpotqa,1.0,0.0,0.0,0.0,5ab56db7554299494045efc6,mean,0.10256410256410256,0.3626163601875305,"[[14], [21], [10], [28], [5], [24], [11], [15], [18], [13], [20], [12], [7], [29], [28], [27], [18], [23], [28], [13], [26], [4], [15], [15], [30], [18], [1], [2], [14], [23], [20], [27], [10], [4], [28], [9], [20], [14], [9], [4]]",1,1.4562268257141113,128,random,0.0,640,4.0,124,1.6639692783355713,23,22 12 28 13,1271,0.12720447778701782,test,top_r_mean,0.0,0.0,0.0,0.125
0.1007081038552321,1.0,40,0.0,31,32.58599992841482,hotpotqa,1.0,0.5,0.5,0.0,5ab56db7554299494045efc6,mean,0.19743589743589743,0.1869013011455536,"[[19], [17], [13], [8], [9], [23], [14], [28], [3], [16], [0], [5], [5], [2], [28], [24], [29], [20], [12], [8], [5], [31], [13], [23], [23], [13], [3], [27], [14], [10], [31], [22], [11], [18], [30], [22], [10], [0], [26], [4]]",1,1.5075424909591675,128,random,1.0,640,4.0,124,1.6212525367736816,37,0 36 1 28,1271,0.3339586853981018,test,top_r_mean,1.0,0.5,0.25,0.375
0.1007081038552321,0.0,40,0.0,31,24.35329998843372,hotpotqa,1.0,0.0,0.0,0.0,5ab56db7554299494045efc6,mean,0.16923076923076924,0.34562060236930847,"[[17], [11], [6], [7], [7], [0], [12], [3], [29], [10], [22], [10], [17], [26], [18], [2], [31], [22], [10], [28], [6], [17], [24], [13], [21], [28], [22], [1], [6], [23], [29], [14], [27], [9], [27], [16], [13], [26], [15], [4]]",1,1.495322823524475,128,random,0.0,640,4.0,124,1.7157957553863525,53,22 28 19 11,1271,0.27223262190818787,test,top_r_mean,0.0,0.0,0.0,0.25
0.1007081038552321,1.0,40,1.0,31,27.636799961328506,hotpotqa,1.0,0.5,0.5,0.0,5ab56db7554299494045efc6,mean,-0.08974358974358974,0.31915074586868286,"[[19], [20], [6], [23], [30], [8], [21], [2], [9], [5], [5], [19], [24], [25], [3], [23], [12], [16], [12], [29], [22], [10], [11], [6], [28], [10], [21], [17], [0], [7], [8], [21], [27], [12], [13], [28], [24], [6], [27], [13]]",1,1.5156434774398804,128,random,1.0,640,4.0,124,1.7195950746536255,71,0 12 25 17,1271,-0.10075045377016068,test,top_r_mean,1.0,0.5,0.25,0.375
0.1007081038552321,1.0,40,1.0,31,29.79759988375008,hotpotqa,1.0,0.75,0.75,0.0,5ab56db7554299494045efc6,mean,0.18461538461538463,0.23937077820301056,"[[24, 25], [24, 25], [24, 25], [24, 25], [24, 25], [24, 25], [24, 25], [24, 25], [24, 25], [24, 25], [24, 25], [24, 25], [24, 25], [24, 25], [24, 25], [24, 25], [24, 25], [24, 25], [24, 25], [24, 25], [24, 25], [24, 25], [24, 25], [24, 25], [24, 25], [24, 25], [24, 25], [24, 25], [24, 25], [24, 25], [24, 25], [24, 25], [24, 25], [24, 25], [24, 25], [24, 25], [24, 25], [24, 25], [24, 25], [15, 16]]",2,1.4288309812545776,128,last,0.5,1280,4.0,124,1.562090277671814,0,19 1 2 25,1271,0.25590988993644714,test,top_r_mean,0.0,0.0,0.0,0.375
0.1007081038552321,1.0,40,0.0,31,26.156000094488263,hotpotqa,1.0,0.25,0.25,0.0,5ab56db7554299494045efc6,mean,0.5076923076923077,0.5086991786956787,"[[10, 0], [10, 0], [5, 7], [30, 10], [9, 31], [0, 2], [23, 11], [5, 9], [27, 0], [23, 14], [19, 5], [9, 8], [11, 4], [9, 27], [30, 1], [17, 30], [1, 0], [4, 13], [27, 20], [21, 30], [14, 3], [3, 31], [19, 1], [12, 4], [20, 0], [24, 1], [18, 10], [12, 17], [15, 25], [14, 27], [29, 5], [10, 3], [1, 0], [8, 1], [5, 27], [19, 13], [18, 13], [26, 4], [2, 10], [12, 19]]",2,1.5058993101119995,128,farthest,0.3333333333333333,1280,4.0,124,1.594266653060913,0,8 16 0 32,1271,0.7105064392089844,test,top_r_mean,0.0,0.0,0.75,0.625
0.1007081038552321,1.0,40,0.0,31,31.7992998752743,hotpotqa,1.0,0.25,0.25,0.0,5ab56db7554299494045efc6,mean,0.8102564102564103,0.08596983551979065,"[[8, 0], [8, 24], [1, 24], [29, 12], [7, 26], [21, 30], [22, 18], [9, 17], [17, 0], [20, 29], [26, 9], [30, 13], [0, 2], [7, 29], [0, 3], [13, 22], [19, 0], [27, 7], [23, 12], [24, 19], [12, 17], [1, 15], [15, 24], [0, 9], [3, 0], [20, 5], [14, 19], [8, 13], [12, 18], [11, 18], [1, 26], [7, 30], [29, 0], [6, 5], [3, 5], [17, 26], [8, 9], [25, 11], [22, 1], [0, 13]]",2,0.2830359637737274,128,greedy_oracle,0.5,1280,4.0,124,0.32325175404548645,0,24 0 32 16,1271,0.9442775845527649,test,top_r_mean,0.0,1.0,0.75,0.75
0.1007081038552321,1.0,40,1.0,31,26.412799954414368,hotpotqa,1.0,0.5,0.5,0.0,5ab56db7554299494045efc6,mean,0.18461538461538463,0.19162754714488983,"[[22, 28], [18, 28], [27, 14], [29, 16], [16, 28], [5, 1], [4, 28], [19, 4], [30, 16], [24, 1], [9, 7], [9, 0], [7, 30], [30, 2], [5, 20], [12, 0], [25, 2], [26, 11], [13, 26], [0, 19], [19, 21], [20, 11], [0, 2], [16, 27], [2, 8], [28, 22], [12, 3], [26, 4], [4, 19], [2, 17], [27, 28], [25, 9], [19, 12], [7, 18], [1, 20], [29, 21], [18, 28], [18, 20], [12, 11], [7, 11]]",2,1.4212898015975952,128,random,0.3333333333333333,1280,4.0,124,1.523409366607666,11,19 9 2 25,1271,0.25891178846359253,test,top_r_mean,0.0,0.0,0.0,0.5
0.1007081038552321,1.0,40,0.0,31,30.187400057911873,hotpotqa,1.0,0.25,0.25,0.0,5ab56db7554299494045efc6,mean,0.04871794871794872,0.18092502653598785,"[[14, 3], [21, 28], [10, 0], [28, 0], [5, 10], [24, 28], [11, 17], [15, 24], [18, 14], [13, 16], [20, 14], [12, 18], [7, 19], [29, 17], [28, 13], [27, 28], [18, 8], [23, 31], [28, 8], [13, 9], [26, 18], [4, 11], [15, 29], [15, 29], [30, 16], [18, 15], [1, 27], [2, 31], [14, 1], [23, 0], [20, 27], [27, 15], [10, 4], [4, 19], [28, 1], [9, 3], [20, 13], [14, 15], [9, 27], [4, 17]]",2,1.477185606956482,128,random,1.0,1280,4.0,124,1.5760753154754639,23,0 29 22 28,1271,0.11088178306818008,test,top_r_mean,1.0,0.5,0.25,0.25
0.1007081038552321,1.0,40,1.0,31,26.627799961715937,hotpotqa,1.0,0.5,0.5,0.0,5ab56db7554299494045efc6,mean,0.27692307692307694,0.12246789783239365,"[[19, 28], [17, 9], [13, 23], [8, 2], [9, 3], [23, 20], [14, 30], [28, 25], [3, 25], [16, 8], [0, 6], [5, 6], [5, 9], [2, 20], [28, 0], [24, 1], [29, 15], [20, 16], [12, 27], [8, 9], [5, 28], [31, 2], [13, 28], [23, 28], [23, 5], [13, 27], [3, 9], [27, 13], [14, 28], [10, 18], [31, 2], [22, 16], [11, 14], [18, 9], [30, 28], [22, 23], [10, 7], [0, 12], [26, 17], [4, 5]]",2,1.4761453866958618,128,random,0.5,1280,4.0,124,1.5524710416793823,37,27 0 18 25,1271,0.40187615156173706,test,top_r_mean,0.0,0.5,0.25,0.25
0.1007081038552321,1.0,40,0.0,31,31.099499901756644,hotpotqa,1.0,0.5,0.5,0.0,5ab56db7554299494045efc6,mean,0.16666666666666666,0.13417692482471466,"[[17, 3], [11, 2], [6, 22], [7, 1], [7, 28], [0, 16], [12, 10], [3, 28], [29, 18], [10, 23], [22, 26], [10, 26], [17, 8], [26, 17], [18, 3], [2, 3], [31, 5], [22, 24], [10, 31], [28, 11], [6, 18], [17, 12], [24, 14], [13, 4], [21, 17], [28, 31], [22, 11], [1, 16], [6, 4], [23, 16], [29, 31], [14, 13], [27, 1], [9, 10], [27, 3], [16, 29], [13, 10], [26, 8], [15, 25], [4, 16]]",2,1.4347764253616333,128,random,0.5,1280,4.0,124,1.512044906616211,53,27 0 11 1,1271,0.23827388882637024,test,top_r_mean,0.0,0.5,0.25,0.125
0.1007081038552321,1.0,40,0.0,31,30.23519995622337,hotpotqa,1.0,0.25,0.25,0.0,5ab56db7554299494045efc6,mean,0.23076923076923078,0.20514822006225586,"[[19, 17], [20, 28], [6, 3], [23, 25], [30, 2], [8, 11], [21, 0], [2, 15], [9, 7], [5, 23], [5, 6], [19, 4], [24, 9], [25, 20], [3, 23], [23, 7], [12, 25], [16, 25], [12, 0], [29, 16], [22, 15], [10, 30], [11, 9], [6, 12], [28, 23], [10, 4], [21, 17], [17, 22], [0, 23], [7, 0], [8, 9], [21, 30], [27, 13], [12, 7], [13, 27], [28, 5], [24, 23], [6, 28], [27, 1], [13, 7]]",2,1.5091508626937866,128,random,0.3333333333333333,1280,4.0,124,1.6279946565628052,71,31 12 25 20,1271,0.3116322457790375,test,top_r_mean,0.0,0.0,0.0,0.375
0.1007081038552321,1.0,40,1.0,31,25.926999980583787,hotpotqa,1.0,0.75,0.75,0.0,5ab56db7554299494045efc6,mean,0.1717948717948718,0.18786916136741638,"[[24, 25, 26, 27], [24, 25, 26, 27], [24, 25, 26, 27], [24, 25, 26, 27], [24, 25, 26, 27], [24, 25, 26, 27], [24, 25, 26, 27], [24, 25, 26, 27], [24, 25, 26, 27], [24, 25, 26, 27], [24, 25, 26, 27], [24, 25, 26, 27], [24, 25, 26, 27], [24, 25, 26, 27], [24, 25, 26, 27], [24, 25, 26, 27], [24, 25, 26, 27], [24, 25, 26, 27], [24, 25, 26, 27], [24, 25, 26, 27], [24, 25, 26, 27], [24, 25, 26, 27], [24, 25, 26, 27], [24, 25, 26, 27], [24, 25, 26, 27], [24, 25, 26, 27], [24, 25, 26, 27], [24, 25, 26, 27], [24, 25, 26, 27], [24, 25, 26, 27], [24, 25, 26, 27], [24, 25, 26, 27], [24, 25, 26, 27], [24, 25, 26, 27], [24, 25, 26, 27], [24, 25, 26, 27], [24, 25, 26, 27], [24, 25, 26, 27], [24, 25, 26, 27], [15, 16, 17, 18]]",4,1.4581844806671143,128,last,1.0,2560,4.0,124,1.5726407766342163,0,1 19 25 2,1271,0.2757973372936249,test,top_r_mean,0.0,0.0,0.0,0.375
0.1007081038552321,1.0,40,0.0,31,30.923299957066774,hotpotqa,1.0,0.25,0.25,0.0,5ab56db7554299494045efc6,mean,0.4641025641025641,0.06868330389261246,"[[10, 0, 21, 30], [10, 0, 31, 30], [5, 7, 24, 15], [30, 10, 7, 9], [9, 31, 21, 22], [0, 2, 3, 13], [23, 11, 6, 1], [5, 9, 22, 29], [27, 0, 19, 17], [23, 14, 22, 7], [19, 5, 28, 4], [9, 8, 31, 6], [11, 4, 16, 8], [9, 27, 23, 17], [30, 1, 4, 15], [17, 30, 29, 11], [1, 0, 7, 14], [4, 13, 10, 25], [27, 20, 21, 22], [21, 30, 29, 31], [14, 3, 31, 10], [3, 31, 18, 30], [19, 1, 16, 6], [12, 4, 11, 3], [20, 0, 30, 14], [24, 1, 30, 2], [18, 10, 0, 31], [12, 17, 2, 4], [15, 25, 8, 24], [14, 27, 26, 9], [29, 5, 1, 10], [10, 3, 25, 22], [1, 0, 22, 30], [8, 1, 29, 10], [5, 27, 2, 7], [19, 13, 12, 4], [18, 13, 6, 3], [26, 4, 17, 9], [2, 10, 26, 17], [12, 19, 18, 9]]",4,1.793310523033142,128,farthest,0.25,2560,4.0,124,1.8239414691925049,0,8 32 16 0,1271,0.6574108004570007,test,top_r_mean,0.0,0.0,0.75,0.75
0.1007081038552321,1.0,40,0.0,31,31.66159987449646,hotpotqa,1.0,0.25,0.25,0.0,5ab56db7554299494045efc6,mean,0.8025641025641026,0.002339733298867941,"[[8, 0, 3, 18], [8, 24, 27, 25], [1, 24, 31, 25], [29, 12, 5, 1], [7, 26, 4, 30], [21, 30, 28, 8], [22, 18, 15, 5], [9, 17, 18, 16], [17, 0, 26, 27], [20, 29, 30, 1], [26, 9, 18, 29], [30, 13, 10, 9], [0, 2, 7, 24], [7, 29, 16, 30], [0, 3, 20, 21], [13, 22, 23, 25], [19, 0, 28, 23], [27, 7, 16, 23], [23, 12, 27, 25], [24, 19, 25, 23], [12, 17, 14, 21], [1, 15, 17, 7], [15, 24, 17, 19], [0, 9, 20, 8], [3, 0, 2, 5], [20, 5, 0, 25], [14, 19, 25, 30], [8, 13, 26, 1], [12, 18, 6, 14], [11, 18, 17, 30], [1, 26, 25, 18], [7, 30, 13, 18], [29, 0, 6, 13], [6, 5, 0, 4], [3, 5, 12, 11], [17, 26, 19, 25], [8, 9, 11, 10], [25, 11, 12, 26], [22, 1, 2, 30], [0, 13, 17, 14]]",4,0.3806210458278656,128,greedy_oracle,1.0,2560,4.0,124,0.38695815205574036,0,0 24 8 32,1271,0.9422137141227722,test,top_r_mean,1.0,1.0,1.0,0.75
0.1007081038552321,1.0,40,0.0,31,26.18109993636608,hotpotqa,1.0,0.25,0.25,0.0,5ab56db7554299494045efc6,mean,0.35384615384615387,0.11146959662437439,"[[22, 28, 23, 17], [18, 28, 19, 17], [27, 14, 28, 4], [29, 16, 31, 12], [16, 28, 26, 13], [5, 1, 28, 30], [4, 28, 17, 12], [19, 4, 14, 15], [30, 16, 25, 20], [24, 1, 13, 11], [9, 7, 2, 3], [9, 0, 7, 20], [7, 30, 13, 26], [30, 2, 26, 6], [5, 20, 11, 28], [12, 0, 1, 15], [25, 2, 27, 4], [26, 11, 2, 18], [13, 26, 28, 14], [0, 19, 30, 27], [19, 21, 18, 20], [20, 11, 12, 25], [0, 2, 28, 1], [16, 27, 14, 12], [2, 8, 18, 5], [28, 22, 4, 27], [12, 3, 31, 11], [26, 4, 15, 6], [4, 19, 0, 6], [2, 17, 24, 22], [27, 28, 13, 0], [25, 9, 5, 18], [19, 12, 31, 5], [7, 18, 29, 11], [1, 20, 5, 9], [29, 21, 27, 30], [18, 28, 27, 20], [18, 20, 16, 22], [12, 11, 21, 6], [7, 11, 15, 14]]",4,1.4690688848495483,128,random,0.5,2560,4.0,124,1.5287551879882812,11,24 25 32 5,1271,0.4911819100379944,test,top_r_mean,0.0,0.5,0.5,0.375
0.1007081038552321,0.0,40,0.0,31,24.713599821552634,hotpotqa,1.0,0.0,0.0,0.0,5ab56db7554299494045efc6,mean,0.14871794871794872,0.13470304012298584,"[[14, 3, 16, 22], [21, 28, 1, 16], [10, 0, 12, 2], [28, 0, 9, 16], [5, 10, 2, 18], [24, 28, 10, 6], [11, 17, 29, 7], [15, 24, 23, 11], [18, 14, 6, 11], [13, 16, 26, 25], [20, 14, 9, 15], [12, 18, 14, 22], [7, 19, 31, 14], [29, 17, 13, 2], [28, 13, 20, 21], [27, 28, 11, 17], [18, 8, 23, 11], [23, 31, 12, 16], [28, 8, 5, 19], [13, 9, 22, 21], [26, 18, 20, 23], [4, 11, 17, 9], [15, 29, 16, 3], [15, 29, 24, 14], [30, 16, 15, 26], [18, 15, 21, 25], [1, 27, 31, 22], [2, 31, 15, 28], [14, 1, 2, 21], [23, 0, 7, 17], [20, 27, 15, 24], [27, 15, 1, 25], [10, 4, 29, 23], [4, 19, 6, 7], [28, 1, 19, 13], [9, 3, 1, 20], [20, 13, 19, 15], [14, 15, 25, 24], [9, 27, 8, 14], [4, 17, 16, 7]]",4,1.4221241474151611,128,random,0.0,2560,4.0,124,1.4934519529342651,23,29 19 16 22,1271,0.2401500791311264,test,top_r_mean,0.0,0.0,0.0,0.25
0.1007081038552321,1.0,40,0.0,31,30.416900059208274,hotpotqa,1.0,0.25,0.25,0.0,5ab56db7554299494045efc6,mean,0.27692307692307694,0.12773621082305908,"[[19, 28, 22, 1], [17, 9, 7, 24], [13, 23, 29, 8], [8, 2, 27, 6], [9, 3, 7, 13], [23, 20, 12, 13], [14, 30, 29, 0], [28, 25, 27, 16], [3, 25, 0, 4], [16, 8, 19, 6], [0, 6, 8, 4], [5, 6, 3, 11], [5, 9, 2, 7], [2, 20, 15, 27], [28, 0, 8, 17], [24, 1, 2, 8], [29, 15, 7, 5], [20, 16, 8, 7], [12, 27, 8, 14], [8, 9, 19, 16], [5, 28, 7, 20], [31, 2, 25, 6], [13, 28, 27, 5], [23, 28, 24, 1], [23, 5, 28, 15], [13, 27, 29, 9], [3, 9, 25, 17], [27, 13, 23, 15], [14, 28, 5, 1], [10, 18, 4, 12], [31, 2, 6, 11], [22, 16, 0, 14], [11, 14, 15, 31], [18, 9, 13, 24], [30, 28, 5, 31], [22, 23, 28, 29], [10, 7, 14, 17], [0, 12, 4, 17], [26, 17, 18, 29], [4, 5, 6, 8]]",4,1.4702301025390625,128,random,0.25,2560,4.0,124,1.5382179021835327,37,8 27 12 1,1271,0.3943714499473572,test,top_r_mean,0.0,0.0,0.25,0.5
0.1007081038552321,0.0,40,0.0,31,26.903799967840314,hotpotqa,1.0,0.0,0.0,0.0,5ab56db7554299494045efc6,mean,0.32051282051282054,0.1265198290348053,"[[17, 3, 30, 24], [11, 2, 7, 12], [6, 22, 3, 18], [7, 1, 0, 27], [7, 28, 6, 4], [0, 16, 8, 25], [12, 10, 28, 30], [3, 28, 2, 25], [29, 18, 12, 13], [10, 23, 11, 0], [22, 26, 8, 23], [10, 26, 2, 16], [17, 8, 24, 22], [26, 17, 20, 14], [18, 3, 10, 12], [2, 3, 31, 20], [31, 5, 19, 25], [22, 24, 3, 20], [10, 31, 28, 16], [28, 11, 27, 5], [6, 18, 10, 21], [17, 12, 1, 9], [24, 14, 20, 10], [13, 4, 7, 11], [21, 17, 1, 4], [28, 31, 2, 9], [22, 11, 20, 27], [1, 16, 19, 15], [6, 4, 22, 12], [23, 16, 30, 10], [29, 31, 3, 12], [14, 13, 4, 2], [27, 1, 11, 19], [9, 10, 21, 1], [27, 3, 30, 11], [16, 29, 8, 20], [13, 10, 15, 29], [26, 8, 25, 20], [15, 25, 1, 9], [4, 16, 7, 9]]",4,1.3937864303588867,128,random,0.0,2560,4.0,124,1.459930181503296,53,27 28 21 11,1271,0.478611558675766,test,top_r_mean,0.0,0.0,0.0,0.0
0.1007081038552321,0.0,40,0.0,31,29.112599790096283,hotpotqa,1.0,0.0,0.0,0.0,5ab56db7554299494045efc6,mean,0.35384615384615387,0.12434068322181702,"[[19, 17, 25, 12], [20, 28, 21, 10], [6, 3, 31, 29], [23, 25, 1, 8], [30, 2, 31, 5], [8, 11, 7, 22], [21, 0, 8, 25], [2, 15, 10, 28], [9, 7, 27, 6], [5, 23, 25, 10], [5, 6, 30, 18], [19, 4, 23, 8], [24, 9, 6, 5], [25, 20, 27, 29], [3, 23, 22, 14], [23, 7, 15, 25], [12, 25, 9, 8], [16, 25, 1, 23], [12, 0, 19, 13], [29, 16, 4, 14], [22, 15, 7, 29], [10, 30, 24, 27], [11, 9, 26, 8], [6, 12, 14, 25], [28, 23, 26, 9], [10, 4, 18, 31], [21, 17, 8, 20], [17, 22, 23, 14], [0, 23, 22, 20], [7, 0, 18, 4], [8, 9, 15, 3], [21, 30, 23, 29], [27, 13, 7, 30], [12, 7, 16, 6], [13, 27, 6, 19], [28, 5, 30, 7], [24, 23, 12, 9], [6, 28, 5, 25], [27, 1, 9, 31], [13, 7, 21, 19]]",4,1.4779607057571411,128,random,0.0,2560,4.0,124,1.5391738414764404,71,28 20 27 26,1271,0.49718567728996277,test,top_r_mean,0.0,0.0,0.0,0.125
0.1007081038552321,1.0,40,1.0,31,26.33109991438687,hotpotqa,1.0,0.75,0.75,0.0,5ab56db7554299494045efc6,mean,0.3282051282051282,0.10685864090919495,"[[24, 25, 26, 27, 28, 29, 30, 31], [24, 25, 26, 27, 28, 29, 30, 31], [24, 25, 26, 27, 28, 29, 30, 31], [24, 25, 26, 27, 28, 29, 30, 31], [24, 25, 26, 27, 28, 29, 30, 31], [24, 25, 26, 27, 28, 29, 30, 31], [24, 25, 26, 27, 28, 29, 30, 31], [24, 25, 26, 27, 28, 29, 30, 31], [24, 25, 26, 27, 28, 29, 30, 31], [24, 25, 26, 27, 28, 29, 30, 31], [24, 25, 26, 27, 28, 29, 30, 31], [24, 25, 26, 27, 28, 29, 30, 31], [24, 25, 26, 27, 28, 29, 30, 31], [24, 25, 26, 27, 28, 29, 30, 31], [24, 25, 26, 27, 28, 29, 30, 31], [24, 25, 26, 27, 28, 29, 30, 31], [24, 25, 26, 27, 28, 29, 30, 31], [24, 25, 26, 27, 28, 29, 30, 31], [24, 25, 26, 27, 28, 29, 30, 31], [24, 25, 26, 27, 28, 29, 30, 31], [24, 25, 26, 27, 28, 29, 30, 31], [24, 25, 26, 27, 28, 29, 30, 31], [24, 25, 26, 27, 28, 29, 30, 31], [24, 25, 26, 27, 28, 29, 30, 31], [24, 25, 26, 27, 28, 29, 30, 31], [24, 25, 26, 27, 28, 29, 30, 31], [24, 25, 26, 27, 28, 29, 30, 31], [24, 25, 26, 27, 28, 29, 30, 31], [24, 25, 26, 27, 28, 29, 30, 31], [24, 25, 26, 27, 28, 29, 30, 31], [24, 25, 26, 27, 28, 29, 30, 31], [24, 25, 26, 27, 28, 29, 30, 31], [24, 25, 26, 27, 28, 29, 30, 31], [24, 25, 26, 27, 28, 29, 30, 31], [24, 25, 26, 27, 28, 29, 30, 31], [24, 25, 26, 27, 28, 29, 30, 31], [24, 25, 26, 27, 28, 29, 30, 31], [24, 25, 26, 27, 28, 29, 30, 31], [24, 25, 26, 27, 28, 29, 30, 31], [15, 16, 17, 18, 19, 20, 21, 22]]",8,0.8351311087608337,128,last,0.5,5120,4.0,124,0.9217759966850281,0,19 1 2 25,1271,0.48761722445487976,test,top_r_mean,0.0,0.0,0.0,0.5
0.1007081038552321,1.0,40,0.0,31,33.36249990388751,hotpotqa,1.0,0.25,0.25,0.0,5ab56db7554299494045efc6,mean,0.48717948717948717,0.0358436219394207,"[[10, 0, 21, 30, 22, 20, 31, 16], [10, 0, 31, 30, 23, 14, 29, 8], [5, 7, 24, 15, 2, 22, 28, 20], [30, 10, 7, 9, 5, 13, 6, 27], [9, 31, 21, 22, 5, 2, 17, 27], [0, 2, 3, 13, 21, 18, 29, 25], [23, 11, 6, 1, 8, 10, 31, 9], [5, 9, 22, 29, 13, 1, 23, 19], [27, 0, 19, 17, 18, 4, 11, 2], [23, 14, 22, 7, 26, 21, 6, 12], [19, 5, 28, 4, 24, 27, 8, 26], [9, 8, 31, 6, 18, 30, 11, 4], [11, 4, 16, 8, 25, 22, 31, 3], [9, 27, 23, 17, 0, 5, 7, 19], [30, 1, 4, 15, 28, 18, 19, 26], [17, 30, 29, 11, 1, 13, 14, 27], [1, 0, 7, 14, 24, 25, 29, 6], [4, 13, 10, 25, 20, 28, 14, 27], [27, 20, 21, 22, 29, 5, 24, 19], [21, 30, 29, 31, 15, 11, 14, 3], [14, 3, 31, 10, 23, 2, 0, 4], [3, 31, 18, 30, 22, 11, 28, 1], [19, 1, 16, 6, 13, 14, 2, 28], [12, 4, 11, 3, 26, 6, 30, 25], [20, 0, 30, 14, 27, 28, 15, 4], [24, 1, 30, 2, 18, 29, 11, 3], [18, 10, 0, 31, 15, 25, 13, 1], [12, 17, 2, 4, 20, 6, 9, 3], [15, 25, 8, 24, 26, 1, 29, 0], [14, 27, 26, 9, 0, 24, 1, 29], [29, 5, 1, 10, 9, 7, 2, 13], [10, 3, 25, 22, 19, 31, 21, 7], [1, 0, 22, 30, 16, 14, 29, 2], [8, 1, 29, 10, 3, 31, 4, 30], [5, 27, 2, 7, 26, 4, 29, 14], [19, 13, 12, 4, 6, 15, 7, 2], [18, 13, 6, 3, 8, 25, 23, 7], [26, 4, 17, 9, 3, 19, 15, 30], [2, 10, 26, 17, 9, 21, 22, 20], [12, 19, 18, 9, 20, 8, 22, 16]]",8,0.8427214026451111,128,farthest,0.25,5120,4.0,124,0.8803600668907166,0,32 8 16 0,1271,0.6782363057136536,test,top_r_mean,0.0,0.0,0.75,0.625
0.1007081038552321,1.0,40,0.0,31,31.89249988645315,hotpotqa,1.0,0.25,0.25,0.0,5ab56db7554299494045efc6,mean,0.8948717948717949,0.0007112040184438229,"[[8, 0, 3, 18, 1, 16, 27, 19], [8, 24, 27, 25, 10, 17, 2, 12], [1, 24, 31, 25, 13, 14, 3, 26], [29, 12, 5, 1, 30, 20, 19, 0], [7, 26, 4, 30, 27, 9, 16, 0], [21, 30, 28, 8, 22, 17, 29, 23], [22, 18, 15, 5, 16, 8, 6, 0], [9, 17, 18, 16, 19, 10, 4, 21], [17, 0, 26, 27, 20, 13, 21, 10], [20, 29, 30, 1, 23, 9, 13, 8], [26, 9, 18, 29, 24, 30, 0, 15], [30, 13, 10, 9, 3, 20, 31, 11], [0, 2, 7, 24, 1, 9, 5, 23], [7, 29, 16, 30, 9, 4, 8, 17], [0, 3, 20, 21, 7, 14, 10, 4], [13, 22, 23, 25, 28, 15, 5, 27], [19, 0, 28, 23, 17, 22, 20, 21], [27, 7, 16, 23, 8, 6, 2, 19], [23, 12, 27, 25, 19, 24, 6, 5], [24, 19, 25, 23, 28, 27, 20, 7], [12, 17, 14, 21, 23, 15, 29, 19], [1, 15, 17, 7, 9, 6, 3, 14], [15, 24, 17, 19, 3, 16, 4, 18], [0, 9, 20, 8, 29, 24, 21, 25], [3, 0, 2, 5, 13, 7, 27, 18], [20, 5, 0, 25, 28, 7, 8, 27], [14, 19, 25, 30, 22, 2, 4, 21], [8, 13, 26, 1, 15, 16, 14, 10], [12, 18, 6, 14, 23, 22, 20, 30], [11, 18, 17, 30, 23, 20, 0, 13], [1, 26, 25, 18, 8, 14, 4, 19], [7, 30, 13, 18, 21, 9, 17, 22], [29, 0, 6, 13, 31, 1, 17, 12], [6, 5, 0, 4, 9, 11, 23, 15], [3, 5, 12, 11, 25, 10, 17, 7], [17, 26, 19, 25, 8, 9, 27, 0], [8, 9, 11, 10, 31, 23, 16, 18], [25, 11, 12, 26, 28, 16, 8, 27], [22, 1, 2, 30, 23, 15, 7, 8], [0, 13, 17, 14, 22, 2, 4, 5]]",8,0.12043880671262741,128,greedy_oracle,1.0,5120,4.0,124,0.12569710612297058,0,0 8 24 32,1271,0.9816133379936218,test,top_r_mean,1.0,0.5,1.0,0.875
0.1007081038552321,1.0,40,0.0,31,31.92239999771118,hotpotqa,1.0,0.25,0.25,0.0,5ab56db7554299494045efc6,mean,0.4717948717948718,0.08648291975259781,"[[22, 28, 23, 17, 12, 30, 7, 31], [18, 28, 19, 17, 8, 11, 15, 12], [27, 14, 28, 4, 6, 31, 11, 30], [29, 16, 31, 12, 13, 8, 0, 3], [16, 28, 26, 13, 12, 29, 10, 27], [5, 1, 28, 30, 10, 11, 0, 24], [4, 28, 17, 12, 0, 10, 3, 27], [19, 4, 14, 15, 30, 25, 1, 23], [30, 16, 25, 20, 18, 21, 14, 29], [24, 1, 13, 11, 18, 16, 3, 17], [9, 7, 2, 3, 28, 1, 6, 4], [9, 0, 7, 20, 25, 11, 16, 26], [7, 30, 13, 26, 2, 8, 16, 6], [30, 2, 26, 6, 12, 25, 23, 19], [5, 20, 11, 28, 18, 29, 7, 8], [12, 0, 1, 15, 21, 5, 22, 14], [25, 2, 27, 4, 15, 5, 0, 9], [26, 11, 2, 18, 23, 20, 12, 6], [13, 26, 28, 14, 15, 17, 10, 16], [0, 19, 30, 27, 12, 10, 22, 5], [19, 21, 18, 20, 6, 25, 27, 3], [20, 11, 12, 25, 24, 21, 0, 2], [0, 2, 28, 1, 16, 26, 23, 12], [16, 27, 14, 12, 21, 13, 19, 4], [2, 8, 18, 5, 9, 7, 1, 26], [28, 22, 4, 27, 10, 15, 29, 12], [12, 3, 31, 11, 13, 23, 22, 9], [26, 4, 15, 6, 2, 29, 12, 18], [4, 19, 0, 6, 2, 27, 20, 24], [2, 17, 24, 22, 3, 14, 8, 15], [27, 28, 13, 0, 4, 14, 17, 7], [25, 9, 5, 18, 22, 31, 27, 19], [19, 12, 31, 5, 7, 9, 4, 6], [7, 18, 29, 11, 25, 14, 24, 20], [1, 20, 5, 9, 28, 27, 25, 4], [29, 21, 27, 30, 28, 4, 17, 13], [18, 28, 27, 20, 10, 5, 2, 21], [18, 20, 16, 22, 13, 17, 1, 6], [12, 11, 21, 6, 31, 27, 23, 26], [7, 11, 15, 14, 21, 17, 22, 10]]",8,0.8369321227073669,128,random,0.3333333333333333,5120,4.0,124,0.9097365140914917,11,16 24 25 19,1271,0.6185740232467651,test,top_r_mean,0.0,0.5,0.25,0.625
0.1007081038552321,1.0,40,0.0,31,23.446999955922365,hotpotqa,1.0,0.25,0.25,0.0,5ab56db7554299494045efc6,mean,0.5153846153846153,0.06844991445541382,"[[14, 3, 16, 22, 15, 19, 18, 11], [21, 28, 1, 16, 14, 2, 26, 8], [10, 0, 12, 2, 25, 22, 21, 23], [28, 0, 9, 16, 23, 12, 26, 25], [5, 10, 2, 18, 14, 28, 9, 26], [24, 28, 10, 6, 5, 22, 13, 2], [11, 17, 29, 7, 28, 6, 12, 9], [15, 24, 23, 11, 29, 13, 5, 30], [18, 14, 6, 11, 12, 29, 23, 26], [13, 16, 26, 25, 20, 21, 27, 19], [20, 14, 9, 15, 17, 10, 7, 22], [12, 18, 14, 22, 23, 15, 16, 8], [7, 19, 31, 14, 6, 5, 9, 24], [29, 17, 13, 2, 16, 21, 27, 26], [28, 13, 20, 21, 2, 31, 4, 29], [27, 28, 11, 17, 13, 31, 15, 10], [18, 8, 23, 11, 14, 26, 5, 17], [23, 31, 12, 16, 19, 27, 15, 10], [28, 8, 5, 19, 10, 7, 4, 22], [13, 9, 22, 21, 10, 19, 6, 5], [26, 18, 20, 23, 11, 14, 7, 12], [4, 11, 17, 9, 25, 30, 15, 31], [15, 29, 16, 3, 25, 0, 22, 17], [15, 29, 24, 14, 1, 18, 7, 25], [30, 16, 15, 26, 31, 2, 5, 10], [18, 15, 21, 25, 29, 4, 14, 12], [1, 27, 31, 22, 15, 13, 6, 8], [2, 31, 15, 28, 21, 1, 25, 29], [14, 1, 2, 21, 23, 16, 27, 28], [23, 0, 7, 17, 10, 12, 26, 30], [20, 27, 15, 24, 31, 14, 7, 26], [27, 15, 1, 25, 14, 13, 30, 3], [10, 4, 29, 23, 7, 6, 22, 1], [4, 19, 6, 7, 1, 24, 8, 16], [28, 1, 19, 13, 26, 11, 2, 3], [9, 3, 1, 20, 25, 10, 30, 14], [20, 13, 19, 15, 9, 12, 8, 4], [14, 15, 25, 24, 1, 30, 0, 13], [9, 27, 8, 14, 17, 15, 30, 19], [4, 17, 16, 7, 0, 3, 19, 2]]",8,0.7360324263572693,128,random,1.0,5120,4.0,124,0.8000285029411316,23,0 22 32 19,1271,0.7037522792816162,test,top_r_mean,1.0,0.5,0.5,0.375
0.1007081038552321,1.0,40,1.0,31,31.513300025835633,hotpotqa,1.0,0.5,0.5,0.0,5ab56db7554299494045efc6,mean,0.5,0.057873230427503586,"[[19, 28, 22, 1, 18, 5, 30, 0], [17, 9, 7, 24, 28, 12, 0, 19], [13, 23, 29, 8, 12, 1, 3, 15], [8, 2, 27, 6, 23, 1, 3, 21], [9, 3, 7, 13, 2, 31, 22, 12], [23, 20, 12, 13, 4, 3, 14, 9], [14, 30, 29, 0, 24, 18, 2, 19], [28, 25, 27, 16, 13, 23, 9, 17], [3, 25, 0, 4, 19, 29, 23, 5], [16, 8, 19, 6, 28, 25, 22, 23], [0, 6, 8, 4, 19, 22, 11, 25], [5, 6, 3, 11, 1, 21, 4, 22], [5, 9, 2, 7, 4, 27, 1, 8], [2, 20, 15, 27, 25, 9, 11, 16], [28, 0, 8, 17, 14, 3, 5, 30], [24, 1, 2, 8, 4, 7, 6, 17], [29, 15, 7, 5, 24, 28, 14, 23], [20, 16, 8, 7, 2, 0, 11, 18], [12, 27, 8, 14, 11, 16, 4, 6], [8, 9, 19, 16, 30, 12, 13, 0], [5, 28, 7, 20, 16, 4, 23, 2], [31, 2, 25, 6, 8, 4, 22, 21], [13, 28, 27, 5, 15, 23, 6, 4], [23, 28, 24, 1, 8, 15, 13, 27], [23, 5, 28, 15, 8, 4, 22, 12], [13, 27, 29, 9, 15, 2, 7, 3], [3, 9, 25, 17, 24, 2, 16, 13], [27, 13, 23, 15, 28, 10, 2, 25], [14, 28, 5, 1, 31, 27, 3, 25], [10, 18, 4, 12, 21, 28, 1, 7], [31, 2, 6, 11, 18, 15, 10, 29], [22, 16, 0, 14, 20, 26, 12, 28], [11, 14, 15, 31, 6, 16, 4, 5], [18, 9, 13, 24, 6, 1, 28, 21], [30, 28, 5, 31, 11, 19, 20, 1], [22, 23, 28, 29, 25, 27, 12, 4], [10, 7, 14, 17, 20, 8, 25, 15], [0, 12, 4, 17, 8, 21, 13, 16], [26, 17, 18, 29, 14, 2, 31, 12], [4, 5, 6, 8, 9, 13, 10, 20]]",8,0.7743845582008362,128,random,1.0,5120,4.0,124,0.8285819292068481,37,0 8 27 25,1271,0.6932457089424133,test,top_r_mean,1.0,0.5,0.5,0.625
0.1007081038552321,1.0,40,0.0,31,29.35640001669526,hotpotqa,1.0,0.25,0.25,0.0,5ab56db7554299494045efc6,mean,0.48717948717948717,0.0929696261882782,"[[17, 3, 30, 24, 4, 10, 31, 16], [11, 2, 7, 12, 9, 0, 26, 24], [6, 22, 3, 18, 30, 21, 8, 24], [7, 1, 0, 27, 8, 15, 28, 4], [7, 28, 6, 4, 29, 11, 2, 19], [0, 16, 8, 25, 9, 19, 24, 31], [12, 10, 28, 30, 14, 16, 15, 5], [3, 28, 2, 25, 13, 31, 14, 12], [29, 18, 12, 13, 15, 5, 2, 3], [10, 23, 11, 0, 8, 7, 27, 16], [22, 26, 8, 23, 13, 3, 6, 20], [10, 26, 2, 16, 6, 17, 22, 29], [17, 8, 24, 22, 28, 4, 14, 10], [26, 17, 20, 14, 31, 23, 15, 10], [18, 3, 10, 12, 28, 13, 27, 16], [2, 3, 31, 20, 6, 12, 29, 4], [31, 5, 19, 25, 17, 13, 2, 30], [22, 24, 3, 20, 17, 0, 18, 21], [10, 31, 28, 16, 24, 17, 8, 6], [28, 11, 27, 5, 10, 17, 29, 16], [6, 18, 10, 21, 19, 15, 7, 16], [17, 12, 1, 9, 14, 10, 6, 23], [24, 14, 20, 10, 25, 3, 11, 2], [13, 4, 7, 11, 30, 10, 18, 25], [21, 17, 1, 4, 18, 25, 9, 28], [28, 31, 2, 9, 20, 21, 12, 11], [22, 11, 20, 27, 15, 9, 4, 5], [1, 16, 19, 15, 26, 25, 2, 10], [6, 4, 22, 12, 26, 28, 18, 29], [23, 16, 30, 10, 13, 5, 3, 18], [29, 31, 3, 12, 20, 22, 0, 8], [14, 13, 4, 2, 27, 19, 25, 10], [27, 1, 11, 19, 17, 16, 2, 10], [9, 10, 21, 1, 27, 5, 12, 2], [27, 3, 30, 11, 8, 12, 10, 22], [16, 29, 8, 20, 15, 23, 0, 2], [13, 10, 15, 29, 16, 25, 19, 18], [26, 8, 25, 20, 10, 7, 13, 1], [15, 25, 1, 9, 11, 5, 18, 6], [4, 16, 7, 9, 18, 2, 8, 3]]",8,0.8004019856452942,128,random,0.25,5120,4.0,124,0.8813419938087463,53,28 21 27 25,1271,0.6951218843460083,test,top_r_mean,0.0,0.0,0.0,0.25
0.1007081038552321,0.0,40,0.0,31,29.26370012573898,hotpotqa,1.0,0.0,0.0,0.0,5ab56db7554299494045efc6,mean,0.3923076923076923,0.10330061614513397,"[[19, 17, 25, 12, 29, 30, 26, 20], [20, 28, 21, 10, 24, 9, 0, 5], [6, 3, 31, 29, 4, 22, 20, 19], [23, 25, 1, 8, 3, 13, 28, 2], [30, 2, 31, 5, 3, 29, 17, 10], [8, 11, 7, 22, 15, 0, 26, 1], [21, 0, 8, 25, 23, 28, 2, 12], [2, 15, 10, 28, 8, 29, 27, 25], [9, 7, 27, 6, 5, 19, 11, 28], [5, 23, 25, 10, 4, 1, 31, 18], [5, 6, 30, 18, 10, 21, 9, 19], [19, 4, 23, 8, 22, 16, 5, 31], [24, 9, 6, 5, 1, 13, 20, 21], [25, 20, 27, 29, 21, 6, 12, 18], [3, 23, 22, 14, 20, 13, 11, 28], [23, 7, 15, 25, 14, 26, 4, 20], [12, 25, 9, 8, 20, 24, 7, 29], [16, 25, 1, 23, 6, 14, 26, 0], [12, 0, 19, 13, 24, 30, 4, 5], [29, 16, 4, 14, 13, 6, 21, 2], [22, 15, 7, 29, 14, 21, 25, 8], [10, 30, 24, 27, 19, 29, 17, 0], [11, 9, 26, 8, 23, 20, 3, 4], [6, 12, 14, 25, 30, 15, 1, 29], [28, 23, 26, 9, 0, 24, 17, 13], [10, 4, 18, 31, 23, 30, 28, 26], [21, 17, 8, 20, 12, 24, 16, 14], [17, 22, 23, 14, 29, 11, 10, 0], [0, 23, 22, 20, 8, 31, 4, 3], [7, 0, 18, 4, 31, 9, 23, 11], [8, 9, 15, 3, 18, 20, 6, 1], [21, 30, 23, 29, 31, 25, 11, 18], [27, 13, 7, 30, 18, 20, 28, 4], [12, 7, 16, 6, 23, 17, 28, 2], [13, 27, 6, 19, 7, 9, 30, 8], [28, 5, 30, 7, 18, 17, 2, 29], [24, 23, 12, 9, 8, 28, 0, 14], [6, 28, 5, 25, 0, 30, 29, 19], [27, 1, 9, 31, 8, 15, 21, 28], [13, 7, 21, 19, 17, 5, 0, 2]]",8,0.7853608727455139,128,random,0.0,5120,4.0,124,0.8736403584480286,71,24 29 26 31,1271,0.5589117407798767,test,top_r_mean,0.0,0.5,0.25,0.375
0.08371484630477437,1.0,48,0.0,31,0.07740012370049953,hotpotqa,1.3333333333333333,0.25,0.3333333333333333,0.0,5ab2b863554299295394685a,mean,1.0,0.0,,0,0.0,128,full_k,0.25,24464,4.0,124,0.0,0,40 24 0 32,1529,1.0,test,top_r_mean,1.0,1.0,1.0,1.0
0.08371484630477437,1.0,48,0.0,31,3.1900000758469105,hotpotqa,1.3333333333333333,0.25,0.3333333333333333,0.0,5ab2b863554299295394685a,mean,0.601063829787234,0.04245450720191002,,1,1.5712016820907593,128,mean,0.5,768,4.0,124,1.5900553464889526,0,24 32 40 25,1529,0.792119026184082,test,top_r_mean,0.0,0.5,0.75,0.5
0.08371484630477437,0.0,48,0.0,31,31.279100105166435,hotpotqa,1.3333333333333333,0.0,0.0,0.0,5ab2b863554299295394685a,mean,0.0549645390070922,0.24063298106193542,"[[24], [24], [24], [24], [24], [24], [24], [24], [24], [24], [24], [24], [24], [24], [24], [24], [24], [24], [24], [24], [24], [24], [24], [24], [24], [24], [24], [24], [24], [24], [24], [24], [24], [24], [24], [24], [24], [24], [24], [24], [24], [24], [24], [24], [24], [24], [24], [17]]",1,1.5709432363510132,128,last,0.0,768,4.0,124,1.7143152952194214,0,21 40 1 41,1529,0.05829353258013725,test,top_r_mean,0.0,0.5,0.25,0.125
0.08371484630477437,1.0,48,0.0,31,30.629599932581186,hotpotqa,1.3333333333333333,0.25,0.3333333333333333,0.0,5ab2b863554299295394685a,mean,0.2429078014184397,0.11120326071977615,"[[9], [18], [18], [10], [7], [19], [9], [23], [12], [19], [9], [10], [14], [25], [3], [27], [28], [4], [16], [13], [2], [8], [4], [4], [9], [15], [22], [29], [6], [4], [2], [13], [12], [3], [17], [12], [4], [10], [2], [7], [7], [27], [15], [15], [14], [16], [22], [14]]",1,0.9989079236984253,128,farthest,0.25,768,4.0,124,1.0958025455474854,0,3 24 1 31,1529,0.36365610361099243,test,top_r_mean,0.0,0.5,0.25,0.5
0.08371484630477437,0.0,48,0.0,31,30.277000041678548,hotpotqa,1.3333333333333333,0.0,0.0,0.0,5ab2b863554299295394685a,mean,0.33156028368794327,0.09908407926559448,"[[1], [18], [16], [10], [23], [12], [17], [12], [29], [1], [5], [16], [30], [31], [6], [23], [23], [22], [13], [31], [16], [24], [1], [1], [15], [12], [3], [1], [26], [27], [21], [11], [14], [21], [30], [30], [0], [8], [0], [5], [18], [10], [12], [13], [5], [14], [0], [1]]",1,0.36264848709106445,128,greedy_oracle,0.0,768,4.0,124,0.5127184987068176,0,26 25 19 27,1529,0.4491967260837555,test,top_r_mean,0.0,0.0,0.0,0.125
0.07913669064748201,0.0,48,0.0,31,31.923800008371472,hotpotqa,1.2604166666666667,0.0,0.0,0.0,5ab2b863554299295394685a,mean,0.20035460992907803,0.22637973725795746,"[[5], [0], [7], [1], [25], [7], [24], [17], [11], [1], [19], [1], [31], [8], [11], [18], [3], [30], [30], [24], [19], [15], [15], [24], [16], [31], [15], [29], [30], [7], [17], [0], [31], [16], [6], [24], [13], [14], [20], [17], [27], [6], [29], [29], [23], [1], [27], [4]]",1,1.5479259490966797,121,random,0.0,768,4.0,124,1.6945840120315552,11,9 4 29 47,1529,0.3163265287876129,test,top_r_mean,0.0,0.0,0.0,0.125
0.08371484630477437,0.0,48,0.0,31,32.043999992311,hotpotqa,1.3333333333333333,0.0,0.0,0.0,5ab2b863554299295394685a,mean,-0.051418439716312055,1.00642991065979,"[[26], [8], [4], [13], [15], [0], [4], [7], [23], [22], [26], [22], [20], [1], [28], [13], [0], [25], [8], [20], [26], [22], [16], [31], [17], [11], [11], [28], [10], [6], [11], [28], [5], [28], [19], [3], [15], [16], [24], [25], [15], [0], [16], [17], [27], [20], [12], [20]]",1,1.540710210800171,128,random,0.0,768,4.0,124,1.7268917560577393,23,16 36 10 30,1529,-0.07414241880178452,test,top_r_mean,0.0,0.0,0.0,0.125
0.08371484630477437,0.0,48,0.0,31,35.55310005322099,hotpotqa,1.3333333333333333,0.0,0.0,0.0,5ab2b863554299295394685a,mean,0.19680851063829788,0.28834423422813416,"[[11], [26], [24], [12], [7], [10], [21], [10], [20], [16], [22], [17], [16], [27], [2], [9], [19], [2], [26], [13], [9], [20], [22], [17], [10], [14], [13], [3], [15], [31], [31], [15], [9], [11], [11], [19], [30], [16], [7], [11], [17], [8], [13], [15], [8], [15], [25], [17]]",1,1.638607382774353,128,random,0.0,768,4.0,124,1.804073452949524,37,7 25 43 4,1529,0.28810247778892517,test,top_r_mean,0.0,0.0,0.0,0.125
0.08371484630477437,0.0,48,0.0,31,34.00529990904033,hotpotqa,1.3333333333333333,0.0,0.0,0.0,5ab2b863554299295394685a,mean,0.20567375886524822,0.2750622034072876,"[[3], [2], [19], [14], [11], [25], [30], [21], [6], [6], [30], [22], [11], [19], [13], [13], [1], [0], [16], [30], [6], [8], [13], [14], [18], [6], [6], [16], [12], [22], [16], [28], [25], [17], [24], [15], [30], [14], [0], [17], [5], [13], [7], [21], [1], [23], [25], [9]]",1,1.7272841930389404,128,random,0.0,768,4.0,124,1.8829632997512817,53,38 9 18 26,1529,0.2857142984867096,test,top_r_mean,0.0,0.0,0.0,0.125
0.08371484630477437,0.0,48,0.0,31,33.90319994650781,hotpotqa,1.3333333333333333,0.0,0.0,0.0,5ab2b863554299295394685a,mean,0.2127659574468085,0.25990918278694153,"[[27], [22], [22], [18], [23], [3], [28], [28], [12], [9], [19], [2], [26], [29], [0], [27], [30], [6], [0], [26], [5], [12], [26], [27], [24], [12], [19], [19], [27], [3], [8], [7], [1], [18], [22], [15], [0], [11], [7], [20], [26], [24], [20], [28], [5], [13], [20], [16]]",1,1.4360889196395874,128,random,0.0,768,4.0,124,1.5911723375320435,71,25 36 4 44,1529,0.3296786844730377,test,top_r_mean,0.0,0.0,0.0,0.25
0.08371484630477437,0.0,48,0.0,31,30.165900010615587,hotpotqa,1.3333333333333333,0.0,0.0,0.0,5ab2b863554299295394685a,mean,0.10460992907801418,0.15707407891750336,"[[24, 25], [24, 25], [24, 25], [24, 25], [24, 25], [24, 25], [24, 25], [24, 25], [24, 25], [24, 25], [24, 25], [24, 25], [24, 25], [24, 25], [24, 25], [24, 25], [24, 25], [24, 25], [24, 25], [24, 25], [24, 25], [24, 25], [24, 25], [24, 25], [24, 25], [24, 25], [24, 25], [24, 25], [24, 25], [24, 25], [24, 25], [24, 25], [24, 25], [24, 25], [24, 25], [24, 25], [24, 25], [24, 25], [24, 25], [24, 25], [24, 25], [24, 25], [24, 25], [24, 25], [24, 25], [24, 25], [24, 25], [17, 18]]",2,1.5642058849334717,128,last,0.0,1536,4.0,124,1.6630603075027466,0,40 1 21 2,1529,0.16217975318431854,test,top_r_mean,1.0,0.5,0.25,0.125
0.08371484630477437,1.0,48,0.0,31,32.885099994018674,hotpotqa,1.3333333333333333,0.25,0.3333333333333333,0.0,5ab2b863554299295394685a,mean,0.42907801418439717,0.45769935846328735,"[[9, 0], [18, 2], [18, 14], [10, 6], [7, 21], [19, 25], [9, 20], [23, 16], [12, 0], [19, 29], [9, 2], [10, 25], [14, 8], [25, 3], [3, 12], [27, 17], [28, 0], [4, 15], [16, 10], [13, 29], [2, 17], [8, 24], [4, 13], [4, 30], [9, 0], [15, 10], [22, 13], [29, 14], [6, 13], [4, 28], [2, 28], [13, 27], [12, 0], [3, 0], [17, 10], [12, 24], [4, 30], [10, 19], [2, 11], [7, 26], [7, 0], [27, 11], [15, 27], [15, 23], [14, 31], [16, 3], [22, 1], [14, 22]]",2,1.583386778831482,128,farthest,0.3333333333333333,1536,4.0,124,1.6971096992492676,0,24 0 32 16,1529,0.5619843602180481,test,top_r_mean,0.0,0.5,0.75,0.75
0.08371484630477437,1.0,48,0.0,31,34.63039989583194,hotpotqa,1.3333333333333333,0.25,0.3333333333333333,0.0,5ab2b863554299295394685a,mean,0.6843971631205674,0.054620981216430664,"[[1, 0], [18, 16], [16, 25], [10, 23], [23, 0], [12, 14], [17, 8], [12, 10], [29, 0], [1, 6], [5, 15], [16, 6], [30, 10], [31, 21], [6, 15], [23, 12], [23, 0], [22, 28], [13, 14], [31, 5], [16, 0], [24, 22], [1, 0], [1, 26], [15, 0], [12, 17], [3, 5], [1, 6], [26, 3], [27, 29], [21, 5], [11, 13], [14, 0], [21, 29], [30, 31], [30, 6], [0, 15], [8, 17], [0, 14], [5, 22], [18, 0], [10, 24], [12, 14], [13, 15], [5, 7], [14, 16], [0, 22], [1, 4]]",2,0.33604204654693604,128,greedy_oracle,0.3333333333333333,1536,4.0,124,0.3507566452026367,0,0 40 32 24,1529,0.8557316064834595,test,top_r_mean,0.0,0.5,1.0,0.875
0.08371484630477437,1.0,48,0.0,31,29.354100115597248,hotpotqa,1.3333333333333333,0.25,0.3333333333333333,0.0,5ab2b863554299295394685a,mean,0.20921985815602837,0.21090514957904816,"[[5, 17], [0, 29], [7, 27], [1, 26], [25, 4], [7, 0], [24, 28], [17, 6], [11, 14], [1, 16], [19, 9], [1, 26], [31, 26], [8, 15], [11, 27], [18, 30], [3, 26], [30, 17], [30, 4], [24, 5], [19, 31], [15, 31], [15, 29], [24, 25], [16, 0], [31, 10], [15, 0], [29, 15], [30, 28], [7, 9], [17, 27], [0, 28], [31, 27], [16, 13], [6, 15], [24, 0], [13, 15], [14, 19], [20, 24], [17, 10], [27, 25], [6, 17], [29, 18], [29, 19], [23, 16], [1, 14], [27, 6], [4, 24]]",2,1.544173240661621,128,random,0.3333333333333333,1536,4.0,124,1.6496880054473877,11,24 19 32 9,1529,0.31621795892715454,test,top_r_mean,0.0,0.5,0.5,0.25
0.08371484630477437,0.0,48,0.0,31,37.312000058591366,hotpotqa,1.3333333333333333,0.0,0.0,0.0,5ab2b863554299295394685a,mean,0.15070921985815602,0.26822948455810547,"[[26, 22], [8, 25], [4, 26], [13, 10], [15, 3], [0, 9], [4, 10], [7, 24], [23, 8], [22, 4], [26, 15], [22, 4], [20, 7], [1, 12], [28, 16], [13, 4], [0, 11], [25, 26], [8, 14], [20, 7], [26, 2], [22, 10], [16, 4], [31, 2], [17, 7], [11, 21], [11, 2], [28, 3], [10, 13], [6, 17], [11, 28], [28, 18], [5, 6], [28, 23], [19, 29], [3, 19], [15, 12], [16, 19], [24, 9], [25, 12], [15, 0], [0, 31], [16, 22], [17, 14], [27, 30], [20, 12], [12, 9], [20, 5]]",2,1.4213699102401733,128,random,0.0,1536,4.0,124,1.5471482276916504,23,16 40 10 4,1529,0.21471992135047913,test,top_r_mean,0.0,0.5,0.25,0.25
0.08371484630477437,0.0,48,0.0,31,30.703000025823712,hotpotqa,1.3333333333333333,0.0,0.0,0.0,5ab2b863554299295394685a,mean,0.23581560283687944,0.14007407426834106,"[[11, 9], [26, 12], [24, 13], [12, 23], [7, 14], [10, 16], [21, 16], [10, 7], [20, 29], [16, 25], [22, 6], [17, 2], [16, 2], [27, 29], [2, 0], [9, 6], [19, 28], [2, 3], [26, 24], [13, 29], [9, 30], [20, 11], [22, 7], [17, 23], [10, 24], [14, 23], [13, 17], [3, 11], [15, 31], [31, 0], [31, 28], [15, 23], [9, 11], [11, 29], [11, 31], [19, 3], [30, 25], [16, 24], [7, 22], [11, 1], [17, 23], [8, 14], [13, 27], [15, 9], [8, 2], [15, 3], [25, 6], [17, 2]]",2,1.6348605155944824,128,random,0.0,1536,4.0,124,1.7198290824890137,37,7 2 25 8,1529,0.3599652647972107,test,top_r_mean,0.0,0.0,0.0,0.5
0.08371484630477437,1.0,48,0.0,31,30.5375000461936,hotpotqa,1.3333333333333333,0.25,0.3333333333333333,0.0,5ab2b863554299295394685a,mean,0.16843971631205673,0.18035736680030823,"[[3, 6], [2, 19], [19, 18], [14, 24], [11, 2], [25, 0], [30, 17], [21, 15], [6, 28], [6, 10], [30, 14], [22, 31], [11, 18], [19, 13], [13, 19], [13, 28], [1, 31], [0, 12], [16, 27], [30, 0], [6, 16], [8, 10], [13, 4], [14, 13], [18, 28], [6, 12], [6, 23], [16, 12], [12, 28], [22, 14], [16, 8], [28, 23], [25, 27], [17, 13], [24, 0], [15, 2], [30, 11], [14, 2], [0, 19], [17, 30], [5, 27], [13, 3], [7, 20], [21, 5], [1, 17], [23, 10], [25, 0], [9, 8]]",2,1.6172513961791992,128,random,0.3333333333333333,1536,4.0,124,1.7159194946289062,53,25 38 28 26,1529,0.24641771614551544,test,top_r_mean,0.0,0.0,0.0,0.25
0.08371484630477437,0.0,48,0.0,31,42.540499940514565,hotpotqa,1.3333333333333333,0.0,0.0,0.0,5ab2b863554299295394685a,mean,0.31382978723404253,0.13350453972816467,"[[27, 8], [22, 0], [22, 8], [18, 1], [23, 12], [3, 26], [28, 21], [28, 5], [12, 6], [9, 26], [19, 5], [2, 4], [26, 3], [29, 21], [0, 21], [27, 30], [30, 14], [6, 19], [0, 31], [26, 11], [5, 14], [12, 27], [26, 8], [27, 22], [24, 4], [12, 4], [19, 20], [19, 6], [27, 15], [3, 5], [8, 29], [7, 23], [1, 2], [18, 17], [22, 28], [15, 8], [0, 4], [11, 7], [7, 18], [20, 9], [26, 18], [24, 13], [20, 23], [28, 5], [5, 16], [13, 8], [20, 30], [16, 8]]",2,1.6073206663131714,128,random,0.0,1536,4.0,124,1.6842679977416992,71,36 10 7 40,1529,0.44789403676986694,test,top_r_mean,0.0,0.0,0.25,0.25
0.08371484630477437,0.0,48,0.0,31,36.81230009533465,hotpotqa,1.3333333333333333,0.0,0.0,0.0,5ab2b863554299295394685a,mean,0.22695035460992907,0.10864380747079849,"[[24, 25, 26, 27], [24, 25, 26, 27], [24, 25, 26, 27], [24, 25, 26, 27], [24, 25, 26, 27], [24, 25, 26, 27], [24, 25, 26, 27], [24, 25, 26, 27], [24, 25, 26, 27], [24, 25, 26, 27], [24, 25, 26, 27], [24, 25, 26, 27], [24, 25, 26, 27], [24, 25, 26, 27], [24, 25, 26, 27], [24, 25, 26, 27], [24, 25, 26, 27], [24, 25, 26, 27], [24, 25, 26, 27], [24, 25, 26, 27], [24, 25, 26, 27], [24, 25, 26, 27], [24, 25, 26, 27], [24, 25, 26, 27], [24, 25, 26, 27], [24, 25, 26, 27], [24, 25, 26, 27], [24, 25, 26, 27], [24, 25, 26, 27], [24, 25, 26, 27], [24, 25, 26, 27], [24, 25, 26, 27], [24, 25, 26, 27], [24, 25, 26, 27], [24, 25, 26, 27], [24, 25, 26, 27], [24, 25, 26, 27], [24, 25, 26, 27], [24, 25, 26, 27], [24, 25, 26, 27], [24, 25, 26, 27], [24, 25, 26, 27], [24, 25, 26, 27], [24, 25, 26, 27], [24, 25, 26, 27], [24, 25, 26, 27], [24, 25, 26, 27], [17, 18, 19, 20]]",4,1.5579107999801636,128,last,0.0,3072,4.0,124,1.6279997825622559,0,21 19 12 40,1529,0.3338037133216858,test,top_r_mean,0.0,0.0,0.25,0.375
0.08371484630477437,1.0,48,0.0,31,41.04730021208525,hotpotqa,1.3333333333333333,0.25,0.3333333333333333,0.0,5ab2b863554299295394685a,mean,0.4237588652482269,0.07090510427951813,"[[9, 0, 21, 20], [18, 2, 27, 3], [18, 14, 27, 12], [10, 6, 8, 13], [7, 21, 20, 5], [19, 25, 31, 13], [9, 20, 13, 3], [23, 16, 8, 10], [12, 0, 23, 1], [19, 29, 14, 3], [9, 2, 17, 11], [10, 25, 18, 12], [14, 8, 28, 9], [25, 3, 4, 8], [3, 12, 9, 19], [27, 17, 15, 14], [28, 0, 18, 9], [4, 15, 12, 18], [16, 10, 8, 18], [13, 29, 9, 10], [2, 17, 22, 29], [8, 24, 22, 28], [4, 13, 28, 2], [4, 30, 22, 20], [9, 0, 4, 17], [15, 10, 28, 13], [22, 13, 0, 17], [29, 14, 2, 18], [6, 13, 12, 4], [4, 28, 31, 27], [2, 28, 12, 31], [13, 27, 4, 9], [12, 0, 4, 15], [3, 0, 15, 6], [17, 10, 9, 28], [12, 24, 15, 31], [4, 30, 22, 31], [10, 19, 23, 26], [2, 11, 1, 21], [7, 26, 29, 6], [7, 0, 14, 11], [27, 11, 4, 5], [15, 27, 10, 9], [15, 23, 31, 27], [14, 31, 2, 0], [16, 3, 0, 24], [22, 1, 30, 4], [14, 22, 12, 9]]",4,1.9153884649276733,128,farthest,0.5,3072,4.0,124,1.9509080648422241,0,24 32 0 8,1529,0.5584021210670471,test,top_r_mean,0.0,0.5,0.75,0.75
0.08371484630477437,1.0,48,0.0,31,32.689600018784404,hotpotqa,1.3333333333333333,0.25,0.3333333333333333,0.0,5ab2b863554299295394685a,mean,0.74822695035461,0.0031351083889603615,"[[1, 0, 7, 16], [18, 16, 25, 24], [16, 25, 30, 13], [10, 23, 16, 8], [23, 0, 25, 1], [12, 14, 21, 20], [17, 8, 25, 10], [12, 10, 14, 13], [29, 0, 31, 26], [1, 6, 13, 9], [5, 15, 26, 23], [16, 6, 3, 24], [30, 10, 26, 27], [31, 21, 2, 30], [6, 15, 5, 3], [23, 12, 13, 19], [23, 0, 13, 4], [22, 28, 18, 20], [13, 14, 16, 15], [31, 5, 23, 24], [16, 0, 7, 21], [24, 22, 27, 25], [1, 0, 4, 8], [1, 26, 9, 2], [15, 0, 9, 14], [12, 17, 22, 16], [3, 5, 7, 6], [1, 6, 4, 3], [26, 3, 8, 31], [27, 29, 7, 6], [21, 5, 11, 3], [11, 13, 26, 19], [14, 0, 19, 11], [21, 29, 22, 24], [30, 31, 1, 0], [30, 6, 12, 13], [0, 15, 6, 8], [8, 17, 10, 22], [0, 14, 2, 17], [5, 22, 7, 13], [18, 0, 25, 19], [10, 24, 4, 19], [12, 14, 26, 21], [13, 15, 26, 21], [5, 7, 28, 19], [14, 16, 22, 10], [0, 22, 20, 28], [1, 4, 20, 21]]",4,0.477151483297348,128,greedy_oracle,0.3333333333333333,3072,4.0,124,0.4836927056312561,0,0 40 32 24,1529,0.8939427137374878,test,top_r_mean,0.0,0.5,1.0,0.875
0.08371484630477437,1.0,48,0.0,31,36.82100004516542,hotpotqa,1.3333333333333333,0.25,0.3333333333333333,0.0,5ab2b863554299295394685a,mean,0.39184397163120566,0.07403828203678131,"[[5, 17, 0, 10], [0, 29, 3, 28], [7, 27, 11, 24], [1, 26, 12, 23], [25, 4, 6, 16], [7, 0, 6, 18], [24, 28, 26, 30], [17, 6, 18, 7], [11, 14, 4, 31], [1, 16, 18, 31], [19, 9, 4, 15], [1, 26, 23, 31], [31, 26, 19, 13], [8, 15, 7, 25], [11, 27, 24, 6], [18, 30, 8, 15], [3, 26, 6, 15], [30, 17, 24, 27], [30, 4, 28, 15], [24, 5, 17, 16], [19, 31, 5, 7], [15, 31, 23, 13], [15, 29, 27, 30], [24, 25, 31, 14], [16, 0, 4, 25], [31, 10, 12, 1], [15, 0, 3, 9], [29, 15, 26, 8], [30, 28, 27, 22], [7, 9, 24, 0], [17, 27, 31, 30], [0, 28, 4, 25], [31, 27, 24, 17], [16, 13, 22, 9], [6, 15, 23, 2], [24, 0, 15, 25], [13, 15, 20, 31], [14, 19, 15, 3], [20, 24, 18, 0], [17, 10, 11, 14], [27, 25, 28, 17], [6, 17, 3, 27], [29, 18, 31, 25], [29, 19, 0, 6], [23, 16, 20, 28], [1, 14, 23, 30], [27, 6, 28, 13], [4, 24, 8, 23]]",4,1.5273723602294922,128,random,0.3333333333333333,3072,4.0,124,1.571331262588501,11,24 0 28 10,1529,0.5440729260444641,test,top_r_mean,0.0,0.5,0.5,0.375
0.08371484630477437,0.0,48,0.0,31,34.406600054353476,hotpotqa,1.3333333333333333,0.0,0.0,0.0,5ab2b863554299295394685a,mean,0.19326241134751773,0.12156805396080017,"[[26, 22, 29, 20], [8, 25, 10, 13], [4, 26, 6, 19], [13, 10, 25, 29], [15, 3, 4, 17], [0, 9, 29, 20], [4, 10, 19, 14], [7, 24, 14, 9], [23, 8, 13, 22], [22, 4, 16, 8], [26, 15, 5, 22], [22, 4, 18, 0], [20, 7, 9, 12], [1, 12, 30, 27], [28, 16, 3, 20], [13, 4, 1, 28], [0, 11, 2, 18], [25, 26, 17, 27], [8, 14, 19, 17], [20, 7, 14, 5], [26, 2, 16, 19], [22, 10, 31, 3], [16, 4, 13, 20], [31, 2, 27, 18], [17, 7, 1, 20], [11, 21, 13, 30], [11, 2, 25, 23], [28, 3, 26, 15], [10, 13, 27, 25], [6, 17, 12, 23], [11, 28, 24, 3], [28, 18, 5, 2], [5, 6, 21, 13], [28, 23, 30, 29], [19, 29, 28, 31], [3, 19, 7, 18], [15, 12, 14, 22], [16, 19, 31, 21], [24, 9, 14, 8], [25, 12, 22, 21], [15, 0, 8, 5], [0, 31, 26, 12], [16, 22, 15, 2], [17, 14, 25, 30], [27, 30, 1, 15], [20, 12, 21, 16], [12, 9, 0, 27], [20, 5, 14, 0]]",4,1.466609001159668,128,random,0.0,3072,4.0,124,1.5341174602508545,23,40 10 16 38,1529,0.27366477251052856,test,top_r_mean,1.0,0.5,0.25,0.375
0.08371484630477437,1.0,48,0.0,31,33.39469991624355,hotpotqa,1.3333333333333333,0.25,0.3333333333333333,0.0,5ab2b863554299295394685a,mean,0.2553191489361702,0.1134972795844078,"[[11, 9, 22, 17], [26, 12, 28, 20], [24, 13, 0, 9], [12, 23, 22, 31], [7, 14, 18, 28], [10, 16, 1, 2], [21, 16, 12, 18], [10, 7, 22, 18], [20, 29, 25, 27], [16, 25, 7, 20], [22, 6, 8, 14], [17, 2, 9, 20], [16, 2, 17, 12], [27, 29, 0, 14], [2, 0, 29, 27], [9, 6, 17, 10], [19, 28, 18, 2], [2, 3, 0, 14], [26, 24, 15, 1], [13, 29, 0, 12], [9, 30, 19, 15], [20, 11, 10, 22], [22, 7, 20, 24], [17, 23, 27, 15], [10, 24, 30, 2], [14, 23, 13, 12], [13, 17, 21, 25], [3, 11, 13, 21], [15, 31, 13, 26], [31, 0, 23, 3], [31, 28, 9, 30], [15, 23, 5, 17], [9, 11, 21, 17], [11, 29, 14, 31], [11, 31, 14, 15], [19, 3, 27, 0], [30, 25, 24, 16], [16, 24, 13, 28], [7, 22, 5, 30], [11, 1, 0, 19], [17, 23, 28, 7], [8, 14, 7, 30], [13, 27, 12, 1], [15, 9, 25, 6], [8, 2, 7, 31], [15, 3, 4, 13], [25, 6, 21, 0], [17, 2, 3, 23]]",4,1.633530616760254,128,random,0.3333333333333333,3072,4.0,124,1.6932709217071533,37,25 7 32 10,1529,0.3661528527736664,test,top_r_mean,0.0,0.0,0.25,0.5
0.08371484630477437,0.0,48,0.0,31,40.063400054350495,hotpotqa,1.3333333333333333,0.0,0.0,0.0,5ab2b863554299295394685a,mean,0.2712765957446808,0.09060797095298767,"[[3, 6, 29, 24], [2, 19, 11, 21], [19, 18, 21, 31], [14, 24, 22, 6], [11, 2, 4, 0], [25, 0, 5, 24], [30, 17, 7, 9], [21, 15, 20, 1], [6, 28, 1, 25], [6, 10, 11, 29], [30, 14, 6, 12], [22, 31, 11, 13], [11, 18, 9, 30], [19, 13, 0, 7], [13, 19, 20, 12], [13, 28, 23, 4], [1, 31, 8, 23], [0, 12, 7, 3], [16, 27, 10, 19], [30, 0, 8, 1], [6, 16, 11, 13], [8, 10, 3, 23], [13, 4, 2, 20], [14, 13, 30, 12], [18, 28, 2, 7], [6, 12, 10, 26], [6, 23, 12, 15], [16, 12, 0, 14], [12, 28, 10, 21], [22, 14, 1, 5], [16, 8, 27, 23], [28, 23, 14, 9], [25, 27, 15, 10], [17, 13, 27, 0], [24, 0, 12, 1], [15, 2, 5, 28], [30, 11, 6, 26], [14, 2, 22, 24], [0, 19, 10, 13], [17, 30, 27, 28], [5, 27, 31, 25], [13, 3, 11, 1], [7, 20, 22, 2], [21, 5, 18, 14], [1, 17, 14, 25], [23, 10, 3, 5], [25, 0, 20, 18], [9, 8, 23, 3]]",4,1.696083903312683,128,random,0.0,3072,4.0,124,1.7457635402679443,53,38 25 24 42,1529,0.3866695463657379,test,top_r_mean,0.0,0.0,0.25,0.375
0.08371484630477437,0.0,48,0.0,31,31.195000046864152,hotpotqa,1.3333333333333333,0.0,0.0,0.0,5ab2b863554299295394685a,mean,0.3120567375886525,0.09690253436565399,"[[27, 8, 20, 9], [22, 0, 26, 13], [22, 8, 7, 29], [18, 1, 12, 7], [23, 12, 2, 1], [3, 26, 23, 28], [28, 21, 29, 23], [28, 5, 24, 30], [12, 6, 30, 25], [9, 26, 17, 12], [19, 5, 1, 29], [2, 4, 8, 31], [26, 3, 8, 25], [29, 21, 10, 13], [0, 21, 2, 5], [27, 30, 28, 23], [30, 14, 31, 23], [6, 19, 7, 31], [0, 31, 14, 2], [26, 11, 21, 3], [5, 14, 2, 21], [12, 27, 30, 7], [26, 8, 20, 21], [27, 22, 1, 18], [24, 4, 31, 30], [12, 4, 17, 6], [19, 20, 27, 22], [19, 6, 7, 10], [27, 15, 1, 5], [3, 5, 27, 0], [8, 29, 7, 5], [7, 23, 26, 24], [1, 2, 6, 28], [18, 17, 15, 16], [22, 28, 20, 2], [15, 8, 17, 20], [0, 4, 10, 18], [11, 7, 26, 12], [7, 18, 9, 8], [20, 9, 23, 22], [26, 18, 1, 24], [24, 13, 22, 12], [20, 23, 11, 24], [28, 5, 0, 14], [5, 16, 31, 13], [13, 8, 22, 27], [20, 30, 4, 31], [16, 8, 9, 22]]",4,1.565366506576538,128,random,0.0,3072,4.0,124,1.6159420013427734,71,25 40 17 10,1529,0.44669994711875916,test,top_r_mean,0.0,0.5,0.25,0.25
0.08371484630477437,1.0,48,0.0,31,40.7212998252362,hotpotqa,1.3333333333333333,0.25,0.3333333333333333,0.0,5ab2b863554299295394685a,mean,0.3262411347517731,0.0802762433886528,"[[24, 25, 26, 27, 28, 29, 30, 31], [24, 25, 26, 27, 28, 29, 30, 31], [24, 25, 26, 27, 28, 29, 30, 31], [24, 25, 26, 27, 28, 29, 30, 31], [24, 25, 26, 27, 28, 29, 30, 31], [24, 25, 26, 27, 28, 29, 30, 31], [24, 25, 26, 27, 28, 29, 30, 31], [24, 25, 26, 27, 28, 29, 30, 31], [24, 25, 26, 27, 28, 29, 30, 31], [24, 25, 26, 27, 28, 29, 30, 31], [24, 25, 26, 27, 28, 29, 30, 31], [24, 25, 26, 27, 28, 29, 30, 31], [24, 25, 26, 27, 28, 29, 30, 31], [24, 25, 26, 27, 28, 29, 30, 31], [24, 25, 26, 27, 28, 29, 30, 31], [24, 25, 26, 27, 28, 29, 30, 31], [24, 25, 26, 27, 28, 29, 30, 31], [24, 25, 26, 27, 28, 29, 30, 31], [24, 25, 26, 27, 28, 29, 30, 31], [24, 25, 26, 27, 28, 29, 30, 31], [24, 25, 26, 27, 28, 29, 30, 31], [24, 25, 26, 27, 28, 29, 30, 31], [24, 25, 26, 27, 28, 29, 30, 31], [24, 25, 26, 27, 28, 29, 30, 31], [24, 25, 26, 27, 28, 29, 30, 31], [24, 25, 26, 27, 28, 29, 30, 31], [24, 25, 26, 27, 28, 29, 30, 31], [24, 25, 26, 27, 28, 29, 30, 31], [24, 25, 26, 27, 28, 29, 30, 31], [24, 25, 26, 27, 28, 29, 30, 31], [24, 25, 26, 27, 28, 29, 30, 31], [24, 25, 26, 27, 28, 29, 30, 31], [24, 25, 26, 27, 28, 29, 30, 31], [24, 25, 26, 27, 28, 29, 30, 31], [24, 25, 26, 27, 28, 29, 30, 31], [24, 25, 26, 27, 28, 29, 30, 31], [24, 25, 26, 27, 28, 29, 30, 31], [24, 25, 26, 27, 28, 29, 30, 31], [24, 25, 26, 27, 28, 29, 30, 31], [24, 25, 26, 27, 28, 29, 30, 31], [24, 25, 26, 27, 28, 29, 30, 31], [24, 25, 26, 27, 28, 29, 30, 31], [24, 25, 26, 27, 28, 29, 30, 31], [24, 25, 26, 27, 28, 29, 30, 31], [24, 25, 26, 27, 28, 29, 30, 31], [24, 25, 26, 27, 28, 29, 30, 31], [24, 25, 26, 27, 28, 29, 30, 31], [17, 18, 19, 20, 21, 22, 23, 24]]",8,0.8903481364250183,128,last,0.25,6144,4.0,124,0.9678272008895874,0,40 19 1 28,1529,0.48078590631484985,test,top_r_mean,1.0,0.5,0.25,0.25
0.08371484630477437,1.0,48,0.0,31,36.69139998964965,hotpotqa,1.3333333333333333,0.25,0.3333333333333333,0.0,5ab2b863554299295394685a,mean,0.4804964539007092,0.024103254079818726,"[[9, 0, 21, 20, 3, 8, 31, 26], [18, 2, 27, 3, 14, 8, 1, 16], [18, 14, 27, 12, 13, 9, 16, 31], [10, 6, 8, 13, 12, 30, 5, 7], [7, 21, 20, 5, 12, 28, 11, 24], [19, 25, 31, 13, 17, 30, 22, 9], [9, 20, 13, 3, 19, 29, 6, 28], [23, 16, 8, 10, 20, 15, 4, 29], [12, 0, 23, 1, 10, 21, 29, 27], [19, 29, 14, 3, 15, 5, 2, 7], [9, 2, 17, 11, 1, 5, 6, 21], [10, 25, 18, 12, 3, 6, 5, 26], [14, 8, 28, 9, 7, 22, 10, 0], [25, 3, 4, 8, 27, 2, 21, 5], [3, 12, 9, 19, 0, 13, 7, 20], [27, 17, 15, 14, 29, 23, 19, 21], [28, 0, 18, 9, 16, 19, 1, 15], [4, 15, 12, 18, 8, 19, 16, 23], [16, 10, 8, 18, 12, 13, 7, 28], [13, 29, 9, 10, 26, 22, 0, 15], [2, 17, 22, 29, 21, 25, 4, 14], [8, 24, 22, 28, 25, 13, 4, 23], [4, 13, 28, 2, 9, 23, 17, 29], [4, 30, 22, 20, 29, 1, 27, 19], [9, 0, 4, 17, 30, 6, 3, 27], [15, 10, 28, 13, 2, 3, 9, 0], [22, 13, 0, 17, 4, 8, 3, 1], [29, 14, 2, 18, 1, 15, 0, 17], [6, 13, 12, 4, 14, 21, 24, 10], [4, 28, 31, 27, 25, 17, 2, 8], [2, 28, 12, 31, 25, 15, 4, 30], [13, 27, 4, 9, 5, 31, 25, 0], [12, 0, 4, 15, 29, 8, 16, 11], [3, 0, 15, 6, 25, 14, 27, 21], [17, 10, 9, 28, 30, 24, 16, 4], [12, 24, 15, 31, 2, 25, 14, 11], [4, 30, 22, 31, 7, 26, 29, 2], [10, 19, 23, 26, 1, 2, 20, 13], [2, 11, 1, 21, 27, 14, 0, 18], [7, 26, 29, 6, 3, 31, 5, 20], [7, 0, 14, 11, 27, 6, 13, 20], [27, 11, 4, 5, 18, 8, 16, 17], [15, 27, 10, 9, 23, 12, 0, 26], [15, 23, 31, 27, 6, 22, 19, 13], [14, 31, 2, 0, 20, 26, 24, 5], [16, 3, 0, 24, 12, 9, 6, 29], [22, 1, 30, 4, 8, 25, 0, 17], [14, 22, 12, 9, 16, 2, 18, 24]]",8,0.839484691619873,128,farthest,0.5,6144,4.0,124,0.867810845375061,0,24 32 40 8,1529,0.640577495098114,test,top_r_mean,0.0,0.5,0.75,0.875
0.08371484630477437,1.0,48,0.0,31,36.65609983727336,hotpotqa,1.3333333333333333,0.25,0.3333333333333333,0.0,5ab2b863554299295394685a,mean,0.8794326241134752,0.000809194054454565,"[[1, 0, 7, 16, 2, 14, 31, 6], [18, 16, 25, 24, 1, 7, 30, 19], [16, 25, 30, 13, 18, 26, 0, 24], [10, 23, 16, 8, 26, 11, 17, 5], [23, 0, 25, 1, 3, 8, 26, 31], [12, 14, 21, 20, 28, 15, 6, 7], [17, 8, 25, 10, 16, 1, 22, 7], [12, 10, 14, 13, 7, 3, 21, 28], [29, 0, 31, 26, 4, 25, 3, 7], [1, 6, 13, 9, 7, 0, 5, 27], [5, 15, 26, 23, 7, 1, 16, 8], [16, 6, 3, 24, 0, 17, 31, 10], [30, 10, 26, 27, 20, 13, 7, 14], [31, 21, 2, 30, 10, 24, 13, 25], [6, 15, 5, 3, 7, 29, 1, 18], [23, 12, 13, 19, 26, 27, 25, 16], [23, 0, 13, 4, 12, 5, 2, 10], [22, 28, 18, 20, 1, 31, 14, 21], [13, 14, 16, 15, 29, 21, 9, 8], [31, 5, 23, 24, 28, 26, 13, 27], [16, 0, 7, 21, 2, 27, 8, 28], [24, 22, 27, 25, 16, 31, 28, 26], [1, 0, 4, 8, 5, 27, 9, 3], [1, 26, 9, 2, 12, 4, 13, 8], [15, 0, 9, 14, 6, 1, 16, 2], [12, 17, 22, 16, 27, 14, 9, 21], [3, 5, 7, 6, 16, 9, 11, 23], [1, 6, 4, 3, 31, 7, 26, 17], [26, 3, 8, 31, 7, 12, 28, 9], [27, 29, 7, 6, 30, 19, 28, 4], [21, 5, 11, 3, 6, 22, 2, 30], [11, 13, 26, 19, 20, 29, 14, 12], [14, 0, 19, 11, 27, 12, 18, 7], [21, 29, 22, 24, 12, 28, 23, 13], [30, 31, 1, 0, 14, 2, 23, 10], [30, 6, 12, 13, 7, 5, 28, 31], [0, 15, 6, 8, 1, 29, 9, 16], [8, 17, 10, 22, 1, 16, 11, 18], [0, 14, 2, 17, 9, 3, 10, 22], [5, 22, 7, 13, 15, 21, 30, 14], [18, 0, 25, 19, 13, 16, 30, 10], [10, 24, 4, 19, 14, 8, 3, 5], [12, 14, 26, 21, 3, 22, 20, 13], [13, 15, 26, 21, 30, 20, 29, 10], [5, 7, 28, 19, 12, 14, 29, 8], [14, 16, 22, 10, 23, 20, 21, 5], [0, 22, 20, 28, 3, 29, 23, 10], [1, 4, 20, 21, 2, 6, 24, 15]]",8,0.15109625458717346,128,greedy_oracle,0.25,6144,4.0,124,0.15684184432029724,0,40 0 24 32,1529,0.9713417291641235,test,top_r_mean,1.0,0.5,1.0,1.0
0.08371484630477437,0.0,48,0.0,31,31.659699976444244,hotpotqa,1.3333333333333333,0.0,0.0,0.0,5ab2b863554299295394685a,mean,0.5195035460992907,0.04032939299941063,"[[5, 17, 0, 10, 2, 15, 1, 4], [0, 29, 3, 28, 26, 10, 25, 14], [7, 27, 11, 24, 10, 8, 25, 9], [1, 26, 12, 23, 7, 15, 5, 2], [25, 4, 6, 16, 11, 2, 14, 18], [7, 0, 6, 18, 24, 19, 8, 26], [24, 28, 26, 30, 12, 20, 0, 14], [17, 6, 18, 7, 2, 11, 23, 21], [11, 14, 4, 31, 0, 24, 16, 18], [1, 16, 18, 31, 11, 0, 29, 27], [19, 9, 4, 15, 20, 3, 10, 6], [1, 26, 23, 31, 2, 22, 9, 16], [31, 26, 19, 13, 3, 21, 2, 5], [8, 15, 7, 25, 16, 18, 20, 4], [11, 27, 24, 6, 1, 18, 28, 16], [18, 30, 8, 15, 16, 25, 6, 20], [3, 26, 6, 15, 17, 30, 19, 23], [30, 17, 24, 27, 0, 19, 21, 23], [30, 4, 28, 15, 25, 7, 9, 16], [24, 5, 17, 16, 19, 18, 6, 30], [19, 31, 5, 7, 29, 2, 11, 3], [15, 31, 23, 13, 2, 7, 9, 26], [15, 29, 27, 30, 7, 20, 17, 3], [24, 25, 31, 14, 1, 3, 26, 15], [16, 0, 4, 25, 1, 31, 10, 2], [31, 10, 12, 1, 29, 23, 8, 6], [15, 0, 3, 9, 19, 5, 12, 20], [29, 15, 26, 8, 24, 13, 1, 6], [30, 28, 27, 22, 4, 12, 21, 19], [7, 9, 24, 0, 6, 12, 21, 1], [17, 27, 31, 30, 2, 24, 25, 0], [0, 28, 4, 25, 11, 6, 24, 8], [31, 27, 24, 17, 1, 26, 30, 8], [16, 13, 22, 9, 7, 30, 15, 4], [6, 15, 23, 2, 14, 5, 21, 12], [24, 0, 15, 25, 10, 23, 19, 7], [13, 15, 20, 31, 14, 27, 21, 7], [14, 19, 15, 3, 23, 20, 22, 2], [20, 24, 18, 0, 29, 9, 16, 8], [17, 10, 11, 14, 19, 30, 23, 5], [27, 25, 28, 17, 24, 10, 20, 29], [6, 17, 3, 27, 31, 24, 20, 28], [29, 18, 31, 25, 10, 20, 2, 0], [29, 19, 0, 6, 22, 16, 31, 10], [23, 16, 20, 28, 8, 11, 22, 5], [1, 14, 23, 30, 26, 31, 7, 10], [27, 6, 28, 13, 31, 16, 11, 30], [4, 24, 8, 23, 7, 13, 15, 14]]",8,0.7558823823928833,128,random,0.0,6144,4.0,124,0.7972989082336426,11,0 24 8 40,1529,0.6907294988632202,test,top_r_mean,0.0,0.5,0.75,0.75
0.08371484630477437,0.0,48,0.0,31,32.95410005375743,hotpotqa,1.3333333333333333,0.0,0.0,0.0,5ab2b863554299295394685a,mean,0.3829787234042553,0.06253597140312195,"[[26, 22, 29, 20, 3, 15, 31, 14], [8, 25, 10, 13, 26, 5, 3, 23], [4, 26, 6, 19, 21, 10, 28, 7], [13, 10, 25, 29, 15, 6, 24, 21], [15, 3, 4, 17, 6, 25, 7, 29], [0, 9, 29, 20, 22, 4, 31, 13], [4, 10, 19, 14, 7, 26, 28, 29], [7, 24, 14, 9, 30, 28, 8, 20], [23, 8, 13, 22, 15, 31, 18, 26], [22, 4, 16, 8, 7, 15, 5, 17], [26, 15, 5, 22, 1, 10, 28, 12], [22, 4, 18, 0, 17, 31, 25, 21], [20, 7, 9, 12, 18, 8, 3, 1], [1, 12, 30, 27, 28, 10, 7, 23], [28, 16, 3, 20, 22, 12, 30, 7], [13, 4, 1, 28, 3, 10, 6, 12], [0, 11, 2, 18, 13, 30, 17, 12], [25, 26, 17, 27, 30, 22, 31, 9], [8, 14, 19, 17, 6, 27, 13, 0], [20, 7, 14, 5, 10, 1, 31, 2], [26, 2, 16, 19, 31, 13, 25, 11], [22, 10, 31, 3, 19, 9, 5, 4], [16, 4, 13, 20, 31, 5, 8, 24], [31, 2, 27, 18, 7, 22, 30, 16], [17, 7, 1, 20, 15, 3, 9, 11], [11, 21, 13, 30, 19, 10, 22, 29], [11, 2, 25, 23, 26, 31, 14, 16], [28, 3, 26, 15, 24, 27, 7, 19], [10, 13, 27, 25, 21, 28, 2, 18], [6, 17, 12, 23, 29, 18, 10, 16], [11, 28, 24, 3, 25, 22, 12, 8], [28, 18, 5, 2, 4, 12, 16, 10], [5, 6, 21, 13, 25, 14, 20, 19], [28, 23, 30, 29, 12, 18, 21, 19], [19, 29, 28, 31, 17, 30, 5, 2], [3, 19, 7, 18, 24, 14, 26, 15], [15, 12, 14, 22, 3, 16, 4, 21], [16, 19, 31, 21, 28, 4, 17, 8], [24, 9, 14, 8, 0, 21, 12, 22], [25, 12, 22, 21, 1, 19, 10, 4], [15, 0, 8, 5, 16, 7, 2, 25], [0, 31, 26, 12, 1, 2, 11, 16], [16, 22, 15, 2, 31, 5, 17, 30], [17, 14, 25, 30, 27, 11, 31, 21], [27, 30, 1, 15, 8, 0, 25, 17], [20, 12, 21, 16, 14, 7, 11, 2], [12, 9, 0, 27, 10, 19, 11, 2], [20, 5, 14, 0, 21, 16, 12, 11]]",8,0.7782762050628662,128,random,0.0,6144,4.0,124,0.8388393521308899,23,40 16 24 10,1529,0.5386452674865723,test,top_r_mean,1.0,0.5,0.5,0.5
0.08371484630477437,0.0,48,0.0,31,34.08640017732978,hotpotqa,1.3333333333333333,0.0,0.0,0.0,5ab2b863554299295394685a,mean,0.37056737588652483,0.0845109075307846,"[[11, 9, 22, 17, 27, 5, 19, 12], [26, 12, 28, 20, 1, 24, 27, 11], [24, 13, 0, 9, 12, 23, 28, 19], [12, 23, 22, 31, 1, 10, 15, 14], [7, 14, 18, 28, 30, 20, 16, 24], [10, 16, 1, 2, 30, 29, 25, 23], [21, 16, 12, 18, 22, 0, 13, 25], [10, 7, 22, 18, 19, 9, 28, 12], [20, 29, 25, 27, 12, 23, 5, 14], [16, 25, 7, 20, 9, 5, 27, 3], [22, 6, 8, 14, 2, 17, 27, 30], [17, 2, 9, 20, 24, 4, 27, 15], [16, 2, 17, 12, 4, 27, 18, 0], [27, 29, 0, 14, 6, 21, 17, 15], [2, 0, 29, 27, 13, 6, 22, 14], [9, 6, 17, 10, 29, 12, 14, 8], [19, 28, 18, 2, 30, 15, 17, 29], [2, 3, 0, 14, 17, 24, 27, 21], [26, 24, 15, 1, 13, 22, 3, 6], [13, 29, 0, 12, 1, 2, 27, 18], [9, 30, 19, 15, 31, 26, 29, 24], [20, 11, 10, 22, 1, 30, 24, 4], [22, 7, 20, 24, 8, 14, 11, 17], [17, 23, 27, 15, 29, 30, 26, 11], [10, 24, 30, 2, 4, 27, 31, 13], [14, 23, 13, 12, 25, 31, 19, 6], [13, 17, 21, 25, 22, 31, 1, 18], [3, 11, 13, 21, 14, 17, 4, 5], [15, 31, 13, 26, 20, 25, 22, 9], [31, 0, 23, 3, 14, 5, 17, 12], [31, 28, 9, 30, 1, 22, 7, 14], [15, 23, 5, 17, 0, 14, 8, 2], [9, 11, 21, 17, 6, 31, 25, 29], [11, 29, 14, 31, 27, 9, 8, 18], [11, 31, 14, 15, 23, 7, 20, 16], [19, 3, 27, 0, 26, 30, 8, 16], [30, 25, 24, 16, 28, 1, 4, 11], [16, 24, 13, 28, 30, 15, 29, 6], [7, 22, 5, 30, 16, 0, 6, 11], [11, 1, 0, 19, 29, 2, 9, 24], [17, 23, 28, 7, 31, 21, 20, 29], [8, 14, 7, 30, 23, 21, 3, 0], [13, 27, 12, 1, 15, 0, 23, 20], [15, 9, 25, 6, 18, 16, 12, 4], [8, 2, 7, 31, 1, 27, 20, 21], [15, 3, 4, 13, 30, 21, 1, 19], [25, 6, 21, 0, 22, 1, 8, 15], [17, 2, 3, 23, 4, 15, 5, 18]]",8,0.9042737483978271,128,random,0.0,6144,4.0,124,0.9746778607368469,37,25 7 18 3,1529,0.5442900657653809,test,top_r_mean,0.0,0.0,0.0,0.375
0.08371484630477437,1.0,48,0.0,31,33.55440008454025,hotpotqa,1.3333333333333333,0.25,0.3333333333333333,0.0,5ab2b863554299295394685a,mean,0.29432624113475175,0.07728435844182968,"[[3, 6, 29, 24, 7, 20, 27, 15], [2, 19, 11, 21, 17, 4, 26, 6], [19, 18, 21, 31, 3, 13, 4, 26], [14, 24, 22, 6, 7, 17, 18, 23], [11, 2, 4, 0, 15, 23, 3, 16], [25, 0, 5, 24, 18, 3, 10, 27], [30, 17, 7, 9, 23, 8, 12, 1], [21, 15, 20, 1, 16, 3, 23, 19], [6, 28, 1, 25, 7, 13, 18, 10], [6, 10, 11, 29, 5, 20, 13, 1], [30, 14, 6, 12, 31, 1, 25, 2], [22, 31, 11, 13, 1, 25, 18, 0], [11, 18, 9, 30, 0, 27, 14, 22], [19, 13, 0, 7, 18, 29, 23, 5], [13, 19, 20, 12, 17, 30, 29, 21], [13, 28, 23, 4, 20, 9, 6, 12], [1, 31, 8, 23, 15, 11, 24, 18], [0, 12, 7, 3, 19, 28, 6, 27], [16, 27, 10, 19, 6, 13, 17, 28], [30, 0, 8, 1, 26, 9, 31, 2], [6, 16, 11, 13, 28, 0, 4, 7], [8, 10, 3, 23, 24, 26, 27, 21], [13, 4, 2, 20, 12, 23, 9, 30], [14, 13, 30, 12, 7, 2, 6, 5], [18, 28, 2, 7, 15, 22, 23, 21], [6, 12, 10, 26, 24, 3, 2, 31], [6, 23, 12, 15, 29, 16, 25, 7], [16, 12, 0, 14, 18, 17, 27, 11], [12, 28, 10, 21, 15, 30, 19, 1], [22, 14, 1, 5, 21, 30, 6, 18], [16, 8, 27, 23, 15, 29, 1, 25], [28, 23, 14, 9, 5, 4, 27, 29], [25, 27, 15, 10, 30, 7, 19, 20], [17, 13, 27, 0, 18, 5, 29, 8], [24, 0, 12, 1, 16, 30, 22, 7], [15, 2, 5, 28, 23, 19, 27, 17], [30, 11, 6, 26, 3, 20, 15, 16], [14, 2, 22, 24, 25, 11, 3, 26], [0, 19, 10, 13, 7, 6, 22, 3], [17, 30, 27, 28, 4, 16, 5, 11], [5, 27, 31, 25, 10, 2, 11, 17], [13, 3, 11, 1, 12, 14, 0, 8], [7, 20, 22, 2, 13, 19, 6, 21], [21, 5, 18, 14, 8, 2, 31, 0], [1, 17, 14, 25, 9, 6, 27, 3], [23, 10, 3, 5, 27, 2, 6, 22], [25, 0, 20, 18, 28, 12, 11, 14], [9, 8, 23, 3, 7, 13, 15, 2]]",8,0.8479123115539551,128,random,0.3333333333333333,6144,4.0,124,0.9199218153953552,53,4 9 32 25,1529,0.43215370178222656,test,top_r_mean,0.0,0.0,0.25,0.625
0.08371484630477437,1.0,48,0.0,31,35.63529998064041,hotpotqa,1.3333333333333333,0.25,0.3333333333333333,0.0,5ab2b863554299295394685a,mean,0.4379432624113475,0.07089782506227493,"[[27, 8, 20, 9, 16, 18, 6, 2], [22, 0, 26, 13, 30, 7, 28, 18], [22, 8, 7, 29, 4, 19, 30, 23], [18, 1, 12, 7, 0, 13, 9, 22], [23, 12, 2, 1, 3, 29, 21, 26], [3, 26, 23, 28, 12, 1, 14, 29], [28, 21, 29, 23, 11, 12, 6, 17], [28, 5, 24, 30, 2, 22, 25, 18], [12, 6, 30, 25, 20, 16, 27, 14], [9, 26, 17, 12, 15, 30, 19, 27], [19, 5, 1, 29, 13, 6, 26, 15], [2, 4, 8, 31, 14, 13, 29, 18], [26, 3, 8, 25, 15, 29, 11, 27], [29, 21, 10, 13, 12, 25, 1, 18], [0, 21, 2, 5, 17, 25, 23, 30], [27, 30, 28, 23, 8, 13, 11, 3], [30, 14, 31, 23, 5, 27, 25, 22], [6, 19, 7, 31, 3, 25, 17, 1], [0, 31, 14, 2, 26, 7, 29, 24], [26, 11, 21, 3, 18, 16, 19, 14], [5, 14, 2, 21, 13, 10, 30, 24], [12, 27, 30, 7, 6, 0, 28, 3], [26, 8, 20, 21, 22, 19, 14, 1], [27, 22, 1, 18, 10, 19, 13, 28], [24, 4, 31, 30, 20, 18, 28, 14], [12, 4, 17, 6, 14, 7, 20, 26], [19, 20, 27, 22, 14, 6, 3, 15], [19, 6, 7, 10, 5, 29, 9, 22], [27, 15, 1, 5, 23, 26, 8, 17], [3, 5, 27, 0, 31, 16, 10, 30], [8, 29, 7, 5, 24, 27, 1, 12], [7, 23, 26, 24, 9, 1, 4, 29], [1, 2, 6, 28, 7, 8, 26, 15], [18, 17, 15, 16, 23, 26, 7, 0], [22, 28, 20, 2, 8, 29, 0, 24], [15, 8, 17, 20, 13, 16, 9, 19], [0, 4, 10, 18, 17, 25, 5, 27], [11, 7, 26, 12, 2, 21, 30, 14], [7, 18, 9, 8, 26, 20, 25, 14], [20, 9, 23, 22, 14, 10, 29, 12], [26, 18, 1, 24, 10, 11, 8, 25], [24, 13, 22, 12, 8, 17, 14, 4], [20, 23, 11, 24, 31, 29, 27, 18], [28, 5, 0, 14, 8, 17, 1, 19], [5, 16, 31, 13, 28, 22, 26, 18], [13, 8, 22, 27, 1, 28, 24, 21], [20, 30, 4, 31, 23, 5, 14, 6], [16, 8, 9, 22, 18, 5, 15, 23]]",8,0.8501838445663452,128,random,0.3333333333333333,6144,4.0,124,0.9119935035705566,71,25 40 28 10,1529,0.6031264066696167,test,top_r_mean,0.0,0.5,0.25,0.375
0.1111111111111111,1.0,36,0.0,32,0.03979983739554882,hotpotqa,1.0,0.25,0.25,0.0,5a710a915542994082a3e504,mean,1.0,0.0,,0,0.0,128,full_k,1.0,18432,4.0,128,0.0,0,24 16 32 0,1152,0.9999998807907104,test,top_r_mean,1.0,1.0,1.0,1.0
0.1111111111111111,1.0,36,0.0,32,2.8845001943409443,hotpotqa,1.0,0.25,0.25,0.0,5a710a915542994082a3e504,mean,0.7333333333333333,0.061253733932971954,,1,1.453512191772461,128,mean,0.3333333333333333,576,4.0,128,1.4803651571273804,0,16 32 24 0,1152,0.8921492695808411,test,top_r_mean,0.0,0.5,1.0,0.75
0.1111111111111111,0.0,36,0.0,32,25.946300011128187,hotpotqa,1.0,0.0,0.0,0.0,5a710a915542994082a3e504,mean,0.3746031746031746,0.20529569685459137,"[[24], [24], [24], [24], [24], [24], [24], [24], [24], [24], [24], [24], [24], [24], [24], [24], [24], [24], [24], [24], [24], [24], [24], [24], [24], [24], [24], [24], [24], [24], [24], [24], [24], [24], [24], [24]]",1,1.4738047122955322,128,last,0.0,576,4.0,128,1.5893806219100952,0,19 16 28 18,1152,0.5317889451980591,test,top_r_mean,0.0,0.5,0.25,0.25
0.1111111111111111,1.0,36,0.0,32,27.27800002321601,hotpotqa,1.0,0.25,0.25,0.0,5a710a915542994082a3e504,mean,0.44761904761904764,0.13048666715621948,"[[12], [18], [22], [7], [18], [25], [23], [18], [20], [4], [24], [31], [15], [13], [18], [31], [16], [22], [29], [13], [2], [16], [18], [7], [29], [31], [26], [10], [4], [2], [14], [26], [16], [10], [11], [19]]",1,1.0058695077896118,128,farthest,0.5,576,4.0,128,1.1027536392211914,0,6 24 17 0,1152,0.6247103810310364,test,top_r_mean,0.0,0.5,0.5,0.5
0.1111111111111111,1.0,36,1.0,32,26.231200201436877,hotpotqa,1.0,0.5,0.5,0.0,5a710a915542994082a3e504,mean,0.4253968253968254,0.12852925062179565,"[[11], [7], [0], [5], [15], [22], [22], [0], [14], [25], [6], [21], [2], [30], [10], [23], [4], [19], [21], [9], [22], [14], [21], [5], [1], [15], [11], [30], [6], [31], [6], [11], [26], [2], [10], [31]]",1,0.32754385471343994,128,greedy_oracle,1.0,576,4.0,128,0.4798344373703003,0,13 25 18 26,1152,0.5974259972572327,test,top_r_mean,0.0,0.0,0.0,0.125
0.1111111111111111,0.0,36,0.0,32,31.347899930551648,hotpotqa,1.0,0.0,0.0,0.0,5a710a915542994082a3e504,mean,0.08571428571428572,0.29910263419151306,"[[15], [31], [7], [8], [0], [7], [27], [5], [7], [9], [10], [24], [24], [28], [7], [14], [1], [22], [26], [5], [22], [2], [24], [25], [21], [14], [19], [3], [6], [17], [27], [2], [13], [5], [12], [11]]",1,1.4290430545806885,128,random,0.0,576,4.0,128,1.601272463798523,11,32 28 3 17,1152,0.14311453700065613,test,top_r_mean,0.0,0.0,0.25,0.375
0.1111111111111111,1.0,36,0.0,32,27.451599948108196,hotpotqa,1.0,0.5,0.5,0.0,5a710a915542994082a3e504,mean,0.326984126984127,0.17869633436203003,"[[20], [10], [25], [19], [31], [1], [16], [21], [22], [29], [23], [9], [17], [22], [26], [3], [9], [11], [29], [1], [9], [15], [0], [6], [29], [9], [20], [12], [14], [12], [7], [14], [27], [14], [3], [20]]",1,1.3340753316879272,128,random,1.0,576,4.0,128,1.458103895187378,23,24 3 28 25,1152,0.4669240415096283,test,top_r_mean,1.0,0.5,0.25,0.5
0.1111111111111111,1.0,36,0.0,32,29.67189997434616,hotpotqa,1.0,0.25,0.25,0.0,5a710a915542994082a3e504,mean,0.3142857142857143,0.2040993571281433,"[[20], [4], [8], [13], [0], [14], [23], [4], [31], [24], [2], [2], [7], [19], [31], [13], [8], [28], [16], [5], [6], [2], [7], [22], [21], [25], [9], [22], [13], [11], [13], [17], [29], [8], [7], [27]]",1,1.4393234252929688,128,random,0.25,576,4.0,128,1.5577291250228882,37,6 19 0 25,1152,0.4373230040073395,test,top_r_mean,0.0,0.0,0.25,0.5
0.1111111111111111,1.0,36,1.0,32,30.66479996778071,hotpotqa,1.0,0.5,0.5,0.0,5a710a915542994082a3e504,mean,0.18095238095238095,0.18499207496643066,"[[27], [30], [25], [6], [20], [14], [19], [17], [18], [1], [26], [13], [1], [7], [20], [3], [29], [5], [5], [27], [3], [31], [10], [12], [19], [1], [1], [10], [12], [20], [5], [14], [17], [18], [19], [21]]",1,1.5379422903060913,128,random,0.3333333333333333,576,4.0,128,1.6558823585510254,53,32 21 13 24,1152,0.25379663705825806,test,top_r_mean,0.0,0.0,0.5,0.375
0.1111111111111111,0.0,36,0.0,32,24.17280012741685,hotpotqa,1.0,0.0,0.0,0.0,5a710a915542994082a3e504,mean,0.23492063492063492,0.21757584810256958,"[[29], [5], [25], [21], [2], [21], [6], [4], [12], [18], [16], [5], [9], [14], [7], [11], [29], [0], [2], [24], [23], [7], [8], [23], [19], [2], [19], [25], [28], [16], [4], [13], [20], [1], [11], [22]]",1,1.4741531610488892,128,random,0.0,576,4.0,128,1.6370145082473755,71,19 18 26 27,1152,0.338223934173584,test,top_r_mean,0.0,0.0,0.0,0.25
0.1111111111111111,1.0,36,0.0,32,21.24159992672503,hotpotqa,1.0,0.25,0.25,0.0,5a710a915542994082a3e504,mean,0.35873015873015873,0.1817944347858429,"[[24, 25], [24, 25], [24, 25], [24, 25], [24, 25], [24, 25], [24, 25], [24, 25], [24, 25], [24, 25], [24, 25], [24, 25], [24, 25], [24, 25], [24, 25], [24, 25], [24, 25], [24, 25], [24, 25], [24, 25], [24, 25], [24, 25], [24, 25], [24, 25], [24, 25], [24, 25], [24, 25], [24, 25], [24, 25], [24, 25], [24, 25], [24, 25], [24, 25], [24, 25], [24, 25], [24, 25]]",2,1.5034828186035156,128,last,0.25,1152,4.0,128,1.592126727104187,0,19 16 18 25,1152,0.5024452805519104,test,top_r_mean,0.0,0.5,0.25,0.125
0.1111111111111111,1.0,36,0.0,32,21.658699959516525,hotpotqa,1.0,0.25,0.25,0.0,5a710a915542994082a3e504,mean,0.5523809523809524,0.511737585067749,"[[12, 0], [18, 12], [22, 18], [7, 31], [18, 4], [25, 9], [23, 18], [18, 8], [20, 0], [4, 18], [24, 12], [31, 25], [15, 31], [13, 0], [18, 29], [31, 2], [16, 0], [22, 6], [29, 19], [13, 10], [2, 31], [16, 9], [18, 3], [7, 27], [29, 0], [31, 5], [26, 3], [10, 18], [4, 28], [2, 13], [14, 9], [26, 8], [16, 0], [10, 6], [11, 3], [19, 23]]",2,1.44802725315094,128,farthest,1.0,1152,4.0,128,1.5318543910980225,0,24 0 32 16,1152,0.7212355136871338,test,top_r_mean,1.0,0.5,1.0,0.875
0.1111111111111111,1.0,36,0.0,32,21.051600109785795,hotpotqa,1.0,0.25,0.25,0.0,5a710a915542994082a3e504,mean,0.7777777777777778,0.11682267487049103,"[[11, 0], [7, 19], [0, 12], [5, 15], [15, 16], [22, 23], [22, 23], [0, 30], [14, 0], [25, 27], [6, 5], [21, 16], [2, 29], [30, 2], [10, 11], [23, 25], [4, 0], [19, 29], [21, 31], [9, 14], [22, 19], [14, 19], [21, 23], [5, 4], [1, 0], [15, 22], [11, 18], [30, 6], [6, 5], [31, 17], [6, 17], [11, 4], [26, 0], [2, 10], [10, 15], [31, 1]]",2,0.30283668637275696,128,greedy_oracle,0.25,1152,4.0,128,0.3697552978992462,0,0 16 32 24,1152,0.9323037266731262,test,top_r_mean,0.0,0.5,1.0,0.625
0.1111111111111111,0.0,36,0.0,32,20.610200008377433,hotpotqa,1.0,0.0,0.0,0.0,5a710a915542994082a3e504,mean,0.1523809523809524,0.15109781920909882,"[[15, 30], [31, 19], [7, 11], [8, 20], [0, 4], [7, 6], [27, 25], [5, 7], [7, 22], [9, 28], [10, 12], [24, 6], [24, 13], [28, 22], [7, 4], [14, 7], [1, 6], [22, 16], [26, 19], [5, 27], [22, 25], [2, 6], [24, 14], [25, 17], [21, 28], [14, 5], [19, 30], [3, 1], [6, 2], [17, 11], [27, 26], [2, 8], [13, 25], [5, 8], [12, 3], [11, 16]]",2,1.5977540016174316,128,random,0.0,1152,4.0,128,1.6802864074707031,11,17 32 3 8,1152,0.22625482082366943,test,top_r_mean,0.0,0.0,0.25,0.625
0.1111111111111111,1.0,36,0.0,32,23.227099794894457,hotpotqa,1.0,0.5,0.5,0.0,5a710a915542994082a3e504,mean,0.39365079365079364,0.22673620283603668,"[[20, 29], [10, 24], [25, 3], [19, 16], [31, 5], [1, 17], [16, 8], [21, 0], [22, 0], [29, 12], [23, 0], [9, 13], [17, 16], [22, 2], [26, 6], [3, 22], [9, 23], [11, 29], [29, 14], [1, 13], [9, 7], [15, 25], [0, 29], [6, 19], [29, 6], [9, 12], [20, 17], [12, 5], [14, 19], [12, 11], [7, 31], [14, 5], [27, 2], [14, 26], [3, 20], [20, 18]]",2,1.3425049781799316,128,random,0.5,1152,4.0,128,1.4422614574432373,23,8 24 19 25,1152,0.5732303261756897,test,top_r_mean,0.0,0.5,0.25,0.375
0.1111111111111111,1.0,36,0.0,32,22.242800099775195,hotpotqa,1.0,0.25,0.25,0.0,5a710a915542994082a3e504,mean,0.3746031746031746,0.19947007298469543,"[[20, 15], [4, 0], [8, 6], [13, 15], [0, 10], [14, 5], [23, 5], [4, 2], [31, 5], [24, 9], [2, 19], [2, 4], [7, 25], [19, 2], [31, 12], [13, 27], [8, 6], [28, 30], [16, 23], [5, 24], [6, 5], [2, 29], [7, 12], [22, 17], [21, 1], [25, 4], [9, 31], [22, 30], [13, 15], [11, 8], [13, 21], [17, 10], [29, 24], [8, 31], [7, 0], [27, 16]]",2,1.3934695720672607,128,random,0.25,1152,4.0,128,1.5057350397109985,37,19 16 6 24,1152,0.49961385130882263,test,top_r_mean,0.0,0.5,0.5,0.5
0.1111111111111111,1.0,36,0.0,32,26.231500087305903,hotpotqa,1.0,0.25,0.25,0.0,5a710a915542994082a3e504,mean,0.3142857142857143,0.12325478345155716,"[[27, 22], [30, 18], [25, 30], [6, 30], [20, 30], [14, 3], [19, 10], [17, 5], [18, 26], [1, 11], [26, 31], [13, 2], [1, 9], [7, 22], [20, 13], [3, 2], [29, 14], [5, 15], [5, 24], [27, 16], [3, 0], [31, 7], [10, 22], [12, 1], [19, 1], [1, 16], [1, 9], [10, 11], [12, 6], [20, 26], [5, 21], [14, 20], [17, 31], [18, 6], [19, 29], [21, 2]]",2,1.5503488779067993,128,random,1.0,1152,4.0,128,1.6244423389434814,53,24 28 32 27,1152,0.44092661142349243,test,top_r_mean,1.0,0.5,0.5,0.625
0.1111111111111111,0.0,36,0.0,32,23.965500062331557,hotpotqa,1.0,0.0,0.0,0.0,5a710a915542994082a3e504,mean,0.23809523809523808,0.15215077996253967,"[[29, 26], [5, 12], [25, 15], [21, 22], [2, 8], [21, 25], [6, 29], [4, 14], [12, 7], [18, 27], [16, 1], [5, 21], [9, 1], [14, 21], [7, 19], [11, 27], [29, 25], [0, 20], [2, 10], [24, 3], [23, 21], [7, 2], [8, 2], [23, 3], [19, 6], [2, 30], [19, 26], [25, 10], [28, 27], [16, 30], [4, 2], [13, 4], [20, 13], [1, 19], [11, 24], [22, 29]]",2,1.421541690826416,128,random,0.0,1152,4.0,128,1.5269423723220825,71,32 19 8 16,1152,0.32767051458358765,test,top_r_mean,0.0,0.0,0.5,0.5
0.1111111111111111,0.0,36,0.0,32,24.0918998606503,hotpotqa,1.0,0.0,0.0,0.0,5a710a915542994082a3e504,mean,0.3873015873015873,0.12410187721252441,"[[24, 25, 26, 27], [24, 25, 26, 27], [24, 25, 26, 27], [24, 25, 26, 27], [24, 25, 26, 27], [24, 25, 26, 27], [24, 25, 26, 27], [24, 25, 26, 27], [24, 25, 26, 27], [24, 25, 26, 27], [24, 25, 26, 27], [24, 25, 26, 27], [24, 25, 26, 27], [24, 25, 26, 27], [24, 25, 26, 27], [24, 25, 26, 27], [24, 25, 26, 27], [24, 25, 26, 27], [24, 25, 26, 27], [24, 25, 26, 27], [24, 25, 26, 27], [24, 25, 26, 27], [24, 25, 26, 27], [24, 25, 26, 27], [24, 25, 26, 27], [24, 25, 26, 27], [24, 25, 26, 27], [24, 25, 26, 27], [24, 25, 26, 27], [24, 25, 26, 27], [24, 25, 26, 27], [24, 25, 26, 27], [24, 25, 26, 27], [24, 25, 26, 27], [24, 25, 26, 27], [24, 25, 26, 27]]",4,1.5789742469787598,128,last,0.0,2304,4.0,128,1.6361461877822876,0,16 19 32 33,1152,0.544658899307251,test,top_r_mean,0.0,0.5,0.5,0.5
0.1111111111111111,1.0,36,0.0,32,37.14119992218912,hotpotqa,1.0,0.25,0.25,0.0,5a710a915542994082a3e504,mean,0.5015873015873016,0.041301336139440536,"[[12, 0, 2, 25], [18, 12, 2, 22], [22, 18, 16, 25], [7, 31, 1, 10], [18, 4, 28, 3], [25, 9, 8, 16], [23, 18, 7, 21], [18, 8, 5, 14], [20, 0, 17, 5], [4, 18, 5, 11], [24, 12, 18, 3], [31, 25, 13, 26], [15, 31, 27, 26], [13, 0, 31, 30], [18, 29, 30, 27], [31, 2, 4, 24], [16, 0, 7, 10], [22, 6, 7, 3], [29, 19, 15, 22], [13, 10, 21, 7], [2, 31, 17, 20], [16, 9, 4, 0], [18, 3, 6, 22], [7, 27, 0, 25], [29, 0, 4, 12], [31, 5, 16, 13], [26, 3, 12, 11], [10, 18, 4, 31], [4, 28, 29, 2], [2, 13, 10, 12], [14, 9, 3, 8], [26, 8, 4, 24], [16, 0, 10, 8], [10, 6, 3, 31], [11, 3, 31, 8], [19, 23, 29, 22]]",4,1.6969043016433716,128,farthest,0.5,2304,4.0,128,1.7228244543075562,0,0 24 16 32,1152,0.6545688509941101,test,top_r_mean,0.0,0.5,1.0,0.75
0.1111111111111111,1.0,36,0.0,32,21.54000010341406,hotpotqa,1.0,0.25,0.25,0.0,5a710a915542994082a3e504,mean,0.8253968253968254,0.0027633649297058582,"[[11, 0, 17, 28], [7, 19, 6, 8], [0, 12, 15, 1], [5, 15, 4, 14], [15, 16, 19, 18], [22, 23, 0, 2], [22, 23, 1, 10], [0, 30, 18, 10], [14, 0, 16, 2], [25, 27, 30, 29], [6, 5, 3, 9], [21, 16, 5, 22], [2, 29, 14, 15], [30, 2, 11, 8], [10, 11, 3, 17], [23, 25, 28, 6], [4, 0, 3, 12], [19, 29, 23, 22], [21, 31, 25, 18], [9, 14, 24, 26], [22, 19, 7, 20], [14, 19, 29, 16], [21, 23, 26, 8], [5, 4, 8, 6], [1, 0, 14, 16], [15, 22, 20, 17], [11, 18, 16, 19], [30, 6, 16, 17], [6, 5, 14, 4], [31, 17, 4, 26], [6, 17, 11, 5], [11, 4, 10, 18], [26, 0, 17, 14], [2, 10, 0, 22], [10, 15, 14, 18], [31, 1, 7, 21]]",4,0.3898787796497345,128,greedy_oracle,0.5,2304,4.0,128,0.39790087938308716,0,16 24 32 8,1152,0.9549548625946045,test,top_r_mean,0.0,1.0,0.75,0.875
0.1111111111111111,1.0,36,0.0,32,24.175900034606457,hotpotqa,1.0,0.25,0.25,0.0,5a710a915542994082a3e504,mean,0.30158730158730157,0.12938207387924194,"[[15, 30, 28, 22], [31, 19, 14, 7], [7, 11, 31, 16], [8, 20, 14, 26], [0, 4, 20, 28], [7, 6, 3, 10], [27, 25, 6, 0], [5, 7, 4, 23], [7, 22, 26, 13], [9, 28, 25, 27], [10, 12, 24, 15], [24, 6, 31, 3], [24, 13, 2, 8], [28, 22, 25, 4], [7, 4, 17, 11], [14, 7, 18, 26], [1, 6, 5, 30], [22, 16, 28, 30], [26, 19, 25, 15], [5, 27, 22, 3], [22, 25, 1, 9], [2, 6, 9, 12], [24, 14, 28, 15], [25, 17, 23, 29], [21, 28, 17, 0], [14, 5, 13, 15], [19, 30, 16, 24], [3, 1, 7, 17], [6, 2, 17, 24], [17, 11, 3, 24], [27, 26, 5, 22], [2, 8, 16, 7], [13, 25, 23, 28], [5, 8, 29, 3], [12, 3, 13, 31], [11, 16, 24, 4]]",4,1.4674854278564453,128,random,1.0,2304,4.0,128,1.5327438116073608,11,24 3 9 16,1152,0.4262547791004181,test,top_r_mean,1.0,0.5,0.5,0.5
0.1111111111111111,1.0,36,0.0,32,23.83460011333227,hotpotqa,1.0,0.5,0.5,0.0,5a710a915542994082a3e504,mean,0.5333333333333333,0.07993782311677933,"[[20, 29, 16, 18], [10, 24, 20, 22], [25, 3, 5, 8], [19, 16, 1, 17], [31, 5, 3, 15], [1, 17, 11, 6], [16, 8, 11, 21], [21, 0, 1, 16], [22, 0, 28, 31], [29, 12, 11, 5], [23, 0, 14, 27], [9, 13, 12, 21], [17, 16, 2, 22], [22, 2, 28, 19], [26, 6, 21, 30], [3, 22, 28, 24], [9, 23, 19, 29], [11, 29, 16, 30], [29, 14, 17, 22], [1, 13, 20, 2], [9, 7, 14, 6], [15, 25, 14, 8], [0, 29, 20, 4], [6, 19, 1, 26], [29, 6, 19, 14], [9, 12, 22, 18], [20, 17, 31, 13], [12, 5, 2, 10], [14, 19, 24, 29], [12, 11, 5, 6], [7, 31, 20, 9], [14, 5, 8, 22], [27, 2, 1, 19], [14, 26, 27, 29], [3, 20, 4, 22], [20, 18, 28, 14]]",4,1.428641676902771,128,random,0.5,2304,4.0,128,1.4716696739196777,23,8 24 25 17,1152,0.7250965237617493,test,top_r_mean,0.0,0.5,0.25,0.5
0.1111111111111111,0.0,36,0.0,32,26.139500085264444,hotpotqa,1.0,0.0,0.0,0.0,5a710a915542994082a3e504,mean,0.42857142857142855,0.13327547907829285,"[[20, 15, 14, 8], [4, 0, 15, 6], [8, 6, 24, 0], [13, 15, 0, 12], [0, 10, 11, 14], [14, 5, 24, 4], [23, 5, 20, 29], [4, 2, 6, 10], [31, 5, 29, 27], [24, 9, 17, 28], [2, 19, 21, 29], [2, 4, 5, 27], [7, 25, 20, 18], [19, 2, 27, 17], [31, 12, 26, 4], [13, 27, 19, 2], [8, 6, 5, 20], [28, 30, 26, 31], [16, 23, 9, 18], [5, 24, 12, 4], [6, 5, 28, 0], [2, 29, 9, 0], [7, 12, 2, 31], [22, 17, 14, 10], [21, 1, 28, 7], [25, 4, 28, 23], [9, 31, 28, 2], [22, 30, 13, 8], [13, 15, 22, 11], [11, 8, 15, 25], [13, 21, 14, 29], [17, 10, 5, 1], [29, 24, 9, 4], [8, 31, 26, 19], [7, 0, 25, 9], [27, 16, 29, 1]]",4,1.4423563480377197,128,random,0.0,2304,4.0,128,1.5082042217254639,37,27 16 2 6,1152,0.636550784111023,test,top_r_mean,0.0,0.5,0.25,0.375
0.1111111111111111,1.0,36,0.0,32,22.803900064900517,hotpotqa,1.0,0.25,0.25,0.0,5a710a915542994082a3e504,mean,0.4666666666666667,0.0818716436624527,"[[27, 22, 4, 17], [30, 18, 2, 3], [25, 30, 0, 12], [6, 30, 1, 14], [20, 30, 22, 7], [14, 3, 19, 1], [19, 10, 23, 8], [17, 5, 16, 4], [18, 26, 11, 30], [1, 11, 13, 12], [26, 31, 11, 20], [13, 2, 11, 21], [1, 9, 8, 16], [7, 22, 8, 3], [20, 13, 22, 15], [3, 2, 0, 14], [29, 14, 9, 16], [5, 15, 18, 27], [5, 24, 18, 8], [27, 16, 30, 0], [3, 0, 31, 17], [31, 7, 8, 2], [10, 22, 0, 1], [12, 1, 5, 16], [19, 1, 17, 26], [1, 16, 0, 9], [1, 9, 28, 6], [10, 11, 9, 5], [12, 6, 4, 27], [20, 26, 23, 13], [5, 21, 8, 17], [14, 20, 25, 23], [17, 31, 1, 12], [18, 6, 23, 13], [19, 29, 14, 30], [21, 2, 16, 24]]",4,1.5029706954956055,128,random,0.5,2304,4.0,128,1.5490474700927734,53,32 24 6 16,1152,0.6494207978248596,test,top_r_mean,0.0,0.5,0.75,0.625
0.1111111111111111,1.0,36,0.0,32,24.216099875047803,hotpotqa,1.0,0.25,0.25,0.0,5a710a915542994082a3e504,mean,0.3492063492063492,0.08520706743001938,"[[29, 26, 1, 28], [5, 12, 25, 24], [25, 15, 21, 7], [21, 22, 11, 4], [2, 8, 17, 9], [21, 25, 16, 15], [6, 29, 15, 28], [4, 14, 31, 24], [12, 7, 8, 19], [18, 27, 2, 22], [16, 1, 2, 13], [5, 21, 15, 17], [9, 1, 8, 6], [14, 21, 22, 1], [7, 19, 25, 8], [11, 27, 4, 15], [29, 25, 9, 17], [0, 20, 28, 12], [2, 10, 0, 3], [24, 3, 30, 18], [23, 21, 7, 27], [7, 2, 23, 9], [8, 2, 30, 23], [23, 3, 19, 8], [19, 6, 23, 11], [2, 30, 26, 21], [19, 26, 25, 6], [25, 10, 5, 3], [28, 27, 16, 23], [16, 30, 23, 9], [4, 2, 21, 12], [13, 4, 10, 22], [20, 13, 17, 18], [1, 19, 24, 2], [11, 24, 2, 7], [22, 29, 31, 19]]",4,1.4594889879226685,128,random,0.5,2304,4.0,128,1.5105663537979126,71,32 24 16 18,1152,0.4862290620803833,test,top_r_mean,0.0,0.5,0.75,0.625
0.1111111111111111,0.0,36,0.0,32,30.007299967110157,hotpotqa,1.0,0.0,0.0,0.0,5a710a915542994082a3e504,mean,0.43174603174603177,0.1054130494594574,"[[24, 25, 26, 27, 28, 29, 30, 31], [24, 25, 26, 27, 28, 29, 30, 31], [24, 25, 26, 27, 28, 29, 30, 31], [24, 25, 26, 27, 28, 29, 30, 31], [24, 25, 26, 27, 28, 29, 30, 31], [24, 25, 26, 27, 28, 29, 30, 31], [24, 25, 26, 27, 28, 29, 30, 31], [24, 25, 26, 27, 28, 29, 30, 31], [24, 25, 26, 27, 28, 29, 30, 31], [24, 25, 26, 27, 28, 29, 30, 31], [24, 25, 26, 27, 28, 29, 30, 31], [24, 25, 26, 27, 28, 29, 30, 31], [24, 25, 26, 27, 28, 29, 30, 31], [24, 25, 26, 27, 28, 29, 30, 31], [24, 25, 26, 27, 28, 29, 30, 31], [24, 25, 26, 27, 28, 29, 30, 31], [24, 25, 26, 27, 28, 29, 30, 31], [24, 25, 26, 27, 28, 29, 30, 31], [24, 25, 26, 27, 28, 29, 30, 31], [24, 25, 26, 27, 28, 29, 30, 31], [24, 25, 26, 27, 28, 29, 30, 31], [24, 25, 26, 27, 28, 29, 30, 31], [24, 25, 26, 27, 28, 29, 30, 31], [24, 25, 26, 27, 28, 29, 30, 31], [24, 25, 26, 27, 28, 29, 30, 31], [24, 25, 26, 27, 28, 29, 30, 31], [24, 25, 26, 27, 28, 29, 30, 31], [24, 25, 26, 27, 28, 29, 30, 31], [24, 25, 26, 27, 28, 29, 30, 31], [24, 25, 26, 27, 28, 29, 30, 31], [24, 25, 26, 27, 28, 29, 30, 31], [24, 25, 26, 27, 28, 29, 30, 31], [24, 25, 26, 27, 28, 29, 30, 31], [24, 25, 26, 27, 28, 29, 30, 31], [24, 25, 26, 27, 28, 29, 30, 31], [24, 25, 26, 27, 28, 29, 30, 31]]",8,0.942399799823761,128,last,0.0,4608,4.0,128,1.0183440446853638,0,32 16 9 19,1152,0.6005147695541382,test,top_r_mean,0.0,0.5,0.5,0.375
0.1111111111111111,1.0,36,0.0,32,31.194299925118685,hotpotqa,1.0,0.25,0.25,0.0,5a710a915542994082a3e504,mean,0.49206349206349204,0.028444301337003708,"[[12, 0, 2, 25, 9, 29, 3, 23], [18, 12, 2, 22, 30, 17, 0, 27], [22, 18, 16, 25, 30, 17, 21, 24], [7, 31, 1, 10, 26, 30, 28, 20], [18, 4, 28, 3, 29, 21, 9, 2], [25, 9, 8, 16, 18, 15, 20, 7], [23, 18, 7, 21, 2, 17, 11, 27], [18, 8, 5, 14, 0, 9, 26, 30], [20, 0, 17, 5, 3, 10, 25, 2], [4, 18, 5, 11, 26, 9, 25, 3], [24, 12, 18, 3, 0, 20, 28, 7], [31, 25, 13, 26, 2, 17, 6, 7], [15, 31, 27, 26, 0, 9, 3, 19], [13, 0, 31, 30, 12, 15, 23, 4], [18, 29, 30, 27, 16, 1, 28, 13], [31, 2, 4, 24, 18, 23, 14, 3], [16, 0, 7, 10, 20, 13, 1, 19], [22, 6, 7, 3, 25, 16, 28, 5], [29, 19, 15, 22, 13, 27, 17, 12], [13, 10, 21, 7, 19, 5, 27, 3], [2, 31, 17, 20, 10, 13, 24, 30], [16, 9, 4, 0, 31, 25, 28, 15], [18, 3, 6, 22, 21, 8, 28, 2], [7, 27, 0, 25, 20, 11, 3, 23], [29, 0, 4, 12, 10, 5, 9, 8], [31, 5, 16, 13, 15, 23, 2, 3], [26, 3, 12, 11, 20, 28, 10, 24], [10, 18, 4, 31, 1, 26, 28, 7], [4, 28, 29, 2, 25, 8, 31, 27], [2, 13, 10, 12, 31, 26, 8, 22], [14, 9, 3, 8, 29, 0, 23, 31], [26, 8, 4, 24, 2, 5, 0, 15], [16, 0, 10, 8, 2, 3, 6, 7], [10, 6, 3, 31, 26, 13, 22, 20], [11, 3, 31, 8, 2, 28, 15, 27], [19, 23, 29, 22, 14, 26, 4, 8]]",8,0.7923495173454285,128,farthest,0.5,4608,4.0,128,0.8342921137809753,0,0 24 8 32,1152,0.660489022731781,test,top_r_mean,0.0,0.5,0.75,0.75
0.1111111111111111,1.0,36,0.0,32,23.87930010445416,hotpotqa,1.0,0.25,0.25,0.0,5a710a915542994082a3e504,mean,0.8984126984126984,0.0011058524250984192,"[[11, 0, 17, 28, 12, 23, 6, 13], [7, 19, 6, 8, 16, 4, 11, 21], [0, 12, 15, 1, 23, 21, 2, 17], [5, 15, 4, 14, 19, 8, 18, 26], [15, 16, 19, 18, 27, 2, 14, 30], [22, 23, 0, 2, 6, 8, 26, 7], [22, 23, 1, 10, 2, 12, 15, 18], [0, 30, 18, 10, 31, 2, 27, 13], [14, 0, 16, 2, 15, 27, 6, 19], [25, 27, 30, 29, 8, 9, 20, 3], [6, 5, 3, 9, 1, 15, 17, 12], [21, 16, 5, 22, 4, 23, 7, 0], [2, 29, 14, 15, 20, 19, 30, 3], [30, 2, 11, 8, 3, 13, 9, 31], [10, 11, 3, 17, 0, 6, 2, 26], [23, 25, 28, 6, 7, 27, 31, 12], [4, 0, 3, 12, 26, 8, 27, 14], [19, 29, 23, 22, 16, 31, 5, 20], [21, 31, 25, 18, 2, 20, 3, 13], [9, 14, 24, 26, 5, 3, 11, 1], [22, 19, 7, 20, 23, 16, 18, 21], [14, 19, 29, 16, 31, 18, 30, 24], [21, 23, 26, 8, 25, 6, 10, 17], [5, 4, 8, 6, 9, 11, 18, 20], [1, 0, 14, 16, 17, 9, 29, 11], [15, 22, 20, 17, 9, 31, 24, 12], [11, 18, 16, 19, 13, 20, 21, 12], [30, 6, 16, 17, 11, 13, 14, 31], [6, 5, 14, 4, 24, 17, 7, 13], [31, 17, 4, 26, 0, 18, 5, 6], [6, 17, 11, 5, 13, 0, 19, 18], [11, 4, 10, 18, 14, 5, 17, 7], [26, 0, 17, 14, 1, 6, 13, 30], [2, 10, 0, 22, 27, 24, 19, 9], [10, 15, 14, 18, 22, 19, 21, 12], [31, 1, 7, 21, 10, 11, 8, 26]]",8,0.12059774994850159,128,greedy_oracle,1.0,4608,4.0,128,0.13001233339309692,0,24 32 16 0,1152,0.9801802039146423,test,top_r_mean,1.0,0.5,1.0,0.875
0.1111111111111111,1.0,36,0.0,32,23.5619000159204,hotpotqa,1.0,0.25,0.25,0.0,5a710a915542994082a3e504,mean,0.5904761904761905,0.08531664311885834,"[[15, 30, 28, 22, 11, 27, 19, 31], [31, 19, 14, 7, 0, 23, 10, 6], [7, 11, 31, 16, 4, 24, 10, 12], [8, 20, 14, 26, 3, 4, 30, 25], [0, 4, 20, 28, 3, 26, 12, 16], [7, 6, 3, 10, 25, 26, 22, 19], [27, 25, 6, 0, 3, 17, 18, 19], [5, 7, 4, 23, 18, 27, 13, 26], [7, 22, 26, 13, 12, 31, 15, 11], [9, 28, 25, 27, 4, 12, 13, 1], [10, 12, 24, 15, 9, 7, 5, 8], [24, 6, 31, 3, 28, 27, 19, 5], [24, 13, 2, 8, 15, 0, 9, 20], [28, 22, 25, 4, 14, 9, 3, 8], [7, 4, 17, 11, 22, 23, 28, 27], [14, 7, 18, 26, 6, 28, 27, 25], [1, 6, 5, 30, 10, 9, 7, 12], [22, 16, 28, 30, 11, 20, 0, 15], [26, 19, 25, 15, 8, 21, 10, 20], [5, 27, 22, 3, 13, 16, 25, 30], [22, 25, 1, 9, 28, 7, 5, 12], [2, 6, 9, 12, 15, 1, 16, 8], [24, 14, 28, 15, 19, 31, 11, 12], [25, 17, 23, 29, 4, 21, 9, 19], [21, 28, 17, 0, 15, 29, 5, 16], [14, 5, 13, 15, 3, 11, 0, 8], [19, 30, 16, 24, 7, 28, 3, 13], [3, 1, 7, 17, 21, 10, 27, 25], [6, 2, 17, 24, 21, 23, 9, 22], [17, 11, 3, 24, 22, 19, 26, 4], [27, 26, 5, 22, 3, 4, 16, 15], [2, 8, 16, 7, 9, 27, 14, 3], [13, 25, 23, 28, 14, 27, 7, 19], [5, 8, 29, 3, 10, 18, 28, 27], [12, 3, 13, 31, 18, 1, 16, 15], [11, 16, 24, 4, 17, 25, 14, 5]]",8,0.7281568646430969,128,random,1.0,4608,4.0,128,0.7980552315711975,11,24 3 16 32,1152,0.7572715282440186,test,top_r_mean,1.0,0.5,0.75,0.625
0.1111111111111111,1.0,36,0.0,32,29.066999908536673,hotpotqa,1.0,0.25,0.25,0.0,5a710a915542994082a3e504,mean,0.6349206349206349,0.07650458812713623,"[[20, 29, 16, 18, 21, 12, 3, 9], [10, 24, 20, 22, 4, 5, 17, 29], [25, 3, 5, 8, 31, 12, 17, 26], [19, 16, 1, 17, 28, 21, 8, 14], [31, 5, 3, 15, 2, 6, 18, 13], [1, 17, 11, 6, 9, 31, 14, 25], [16, 8, 11, 21, 7, 5, 26, 30], [21, 0, 1, 16, 19, 15, 11, 30], [22, 0, 28, 31, 15, 6, 5, 11], [29, 12, 11, 5, 31, 3, 22, 18], [23, 0, 14, 27, 11, 20, 10, 16], [9, 13, 12, 21, 20, 15, 27, 28], [17, 16, 2, 22, 19, 8, 0, 1], [22, 2, 28, 19, 4, 16, 24, 23], [26, 6, 21, 30, 20, 18, 3, 5], [3, 22, 28, 24, 21, 14, 30, 19], [9, 23, 19, 29, 21, 3, 27, 14], [11, 29, 16, 30, 5, 19, 22, 13], [29, 14, 17, 22, 26, 12, 13, 1], [1, 13, 20, 2, 10, 23, 3, 7], [9, 7, 14, 6, 25, 11, 18, 12], [15, 25, 14, 8, 27, 21, 10, 26], [0, 29, 20, 4, 19, 1, 8, 16], [6, 19, 1, 26, 10, 24, 31, 16], [29, 6, 19, 14, 16, 5, 13, 26], [9, 12, 22, 18, 19, 25, 27, 16], [20, 17, 31, 13, 26, 30, 7, 25], [12, 5, 2, 10, 22, 27, 31, 20], [14, 19, 24, 29, 10, 5, 26, 8], [12, 11, 5, 6, 4, 16, 26, 7], [7, 31, 20, 9, 14, 18, 3, 5], [14, 5, 8, 22, 27, 28, 25, 1], [27, 2, 1, 19, 21, 17, 28, 11], [14, 26, 27, 29, 31, 20, 4, 25], [3, 20, 4, 22, 14, 12, 1, 23], [20, 18, 28, 14, 16, 2, 24, 0]]",8,0.7895724177360535,128,random,0.3333333333333333,4608,4.0,128,0.850261926651001,23,8 17 24 3,1152,0.8216215372085571,test,top_r_mean,0.0,0.0,0.25,0.75
0.1111111111111111,0.0,36,0.0,32,29.3355998583138,hotpotqa,1.0,0.0,0.0,0.0,5a710a915542994082a3e504,mean,0.6253968253968254,0.08815445005893707,"[[20, 15, 14, 8, 7, 22, 0, 16], [4, 0, 15, 6, 16, 10, 27, 7], [8, 6, 24, 0, 20, 29, 28, 25], [13, 15, 0, 12, 27, 26, 4, 1], [0, 10, 11, 14, 27, 16, 8, 23], [14, 5, 24, 4, 10, 12, 8, 31], [23, 5, 20, 29, 24, 2, 3, 17], [4, 2, 6, 10, 13, 12, 9, 5], [31, 5, 29, 27, 4, 18, 21, 30], [24, 9, 17, 28, 26, 8, 31, 7], [2, 19, 21, 29, 3, 1, 25, 5], [2, 4, 5, 27, 19, 3, 29, 25], [7, 25, 20, 18, 15, 0, 23, 31], [19, 2, 27, 17, 12, 10, 13, 11], [31, 12, 26, 4, 25, 5, 13, 15], [13, 27, 19, 2, 25, 4, 12, 11], [8, 6, 5, 20, 25, 16, 11, 0], [28, 30, 26, 31, 22, 20, 14, 4], [16, 23, 9, 18, 17, 11, 7, 21], [5, 24, 12, 4, 27, 21, 8, 9], [6, 5, 28, 0, 3, 26, 7, 24], [2, 29, 9, 0, 10, 19, 30, 20], [7, 12, 2, 31, 16, 19, 30, 25], [22, 17, 14, 10, 8, 20, 30, 23], [21, 1, 28, 7, 22, 2, 27, 14], [25, 4, 28, 23, 30, 11, 2, 29], [9, 31, 28, 2, 26, 27, 11, 15], [22, 30, 13, 8, 24, 29, 14, 1], [13, 15, 22, 11, 28, 23, 27, 10], [11, 8, 15, 25, 10, 17, 26, 21], [13, 21, 14, 29, 23, 18, 11, 17], [17, 10, 5, 1, 26, 8, 16, 13], [29, 24, 9, 4, 3, 20, 7, 23], [8, 31, 26, 19, 30, 16, 0, 7], [7, 0, 25, 9, 24, 31, 10, 20], [27, 16, 29, 1, 24, 8, 30, 21]]",8,0.7233558297157288,128,random,0.0,4608,4.0,128,0.7960701584815979,37,16 0 19 18,1152,0.8084941506385803,test,top_r_mean,0.0,0.5,0.5,0.625
0.1111111111111111,0.0,36,0.0,32,26.066899998113513,hotpotqa,1.0,0.0,0.0,0.0,5a710a915542994082a3e504,mean,0.6349206349206349,0.08371401578187943,"[[27, 22, 4, 17, 30, 19, 18, 20], [30, 18, 2, 3, 7, 26, 20, 13], [25, 30, 0, 12, 9, 26, 7, 29], [6, 30, 1, 14, 3, 5, 9, 25], [20, 30, 22, 7, 28, 2, 10, 14], [14, 3, 19, 1, 21, 4, 6, 28], [19, 10, 23, 8, 13, 28, 27, 20], [17, 5, 16, 4, 6, 9, 22, 10], [18, 26, 11, 30, 15, 5, 23, 28], [1, 11, 13, 12, 17, 10, 30, 5], [26, 31, 11, 20, 3, 8, 14, 27], [13, 2, 11, 21, 27, 16, 24, 12], [1, 9, 8, 16, 29, 5, 0, 23], [7, 22, 8, 3, 0, 16, 27, 26], [20, 13, 22, 15, 29, 11, 24, 0], [3, 2, 0, 14, 18, 29, 11, 6], [29, 14, 9, 16, 18, 24, 19, 4], [5, 15, 18, 27, 12, 0, 28, 24], [5, 24, 18, 8, 31, 22, 10, 0], [27, 16, 30, 0, 14, 23, 22, 31], [3, 0, 31, 17, 25, 2, 9, 27], [31, 7, 8, 2, 15, 9, 26, 16], [10, 22, 0, 1, 14, 18, 7, 4], [12, 1, 5, 16, 20, 0, 22, 19], [19, 1, 17, 26, 4, 27, 23, 25], [1, 16, 0, 9, 27, 8, 23, 5], [1, 9, 28, 6, 10, 26, 11, 5], [10, 11, 9, 5, 14, 12, 13, 8], [12, 6, 4, 27, 21, 5, 25, 15], [20, 26, 23, 13, 29, 7, 0, 18], [5, 21, 8, 17, 15, 19, 20, 22], [14, 20, 25, 23, 26, 24, 3, 11], [17, 31, 1, 12, 4, 3, 25, 6], [18, 6, 23, 13, 1, 9, 31, 24], [19, 29, 14, 30, 20, 0, 7, 26], [21, 2, 16, 24, 0, 3, 18, 23]]",8,0.8426156640052795,128,random,0.0,4608,4.0,128,0.9050940871238708,53,16 32 3 6,1152,0.8133847117424011,test,top_r_mean,0.0,0.5,0.5,0.625
0.1111111111111111,1.0,36,0.0,32,22.815800039097667,hotpotqa,1.0,0.25,0.25,0.0,5a710a915542994082a3e504,mean,0.37142857142857144,0.09458529949188232,"[[29, 26, 1, 28, 25, 14, 15, 9], [5, 12, 25, 24, 28, 20, 13, 15], [25, 15, 21, 7, 16, 19, 1, 24], [21, 22, 11, 4, 1, 23, 2, 12], [2, 8, 17, 9, 25, 3, 13, 30], [21, 25, 16, 15, 27, 4, 18, 29], [6, 29, 15, 28, 0, 11, 27, 26], [4, 14, 31, 24, 18, 22, 23, 3], [12, 7, 8, 19, 30, 4, 29, 20], [18, 27, 2, 22, 25, 21, 28, 5], [16, 1, 2, 13, 3, 5, 7, 31], [5, 21, 15, 17, 8, 30, 0, 16], [9, 1, 8, 6, 7, 24, 15, 25], [14, 21, 22, 1, 12, 6, 4, 29], [7, 19, 25, 8, 13, 0, 30, 20], [11, 27, 4, 15, 1, 31, 9, 5], [29, 25, 9, 17, 0, 21, 8, 16], [0, 20, 28, 12, 19, 22, 14, 18], [2, 10, 0, 3, 30, 20, 23, 14], [24, 3, 30, 18, 21, 22, 16, 6], [23, 21, 7, 27, 18, 8, 3, 5], [7, 2, 23, 9, 28, 12, 1, 10], [8, 2, 30, 23, 31, 6, 11, 26], [23, 3, 19, 8, 29, 26, 1, 15], [19, 6, 23, 11, 29, 3, 16, 27], [2, 30, 26, 21, 13, 27, 14, 16], [19, 26, 25, 6, 16, 28, 2, 30], [25, 10, 5, 3, 21, 24, 1, 22], [28, 27, 16, 23, 21, 5, 18, 0], [16, 30, 23, 9, 0, 27, 18, 17], [4, 2, 21, 12, 5, 15, 17, 24], [13, 4, 10, 22, 26, 24, 9, 12], [20, 13, 17, 18, 29, 25, 16, 4], [1, 19, 24, 2, 26, 3, 20, 25], [11, 24, 2, 7, 23, 26, 4, 0], [22, 29, 31, 19, 6, 28, 25, 21]]",8,0.8204931616783142,128,random,0.5,4608,4.0,128,0.8992429375648499,71,16 24 17 32,1152,0.5158300399780273,test,top_r_mean,0.0,1.0,0.75,0.625
0.10693400167084377,1.0,38,0.0,31,0.04029995761811733,hotpotqa,0.8,0.25,0.2,0.0,5adc93a4554299438c868e01,mean,1.0,0.0,,0,0.0,128,full_k,0.5,19152,4.0,124,0.0,0,24 8 16 0,1197,1.0,test,top_r_mean,1.0,1.0,1.0,1.0
0.10693400167084377,0.0,38,0.0,31,2.946999855339527,hotpotqa,0.8,0.0,0.0,0.0,5adc93a4554299438c868e01,mean,0.5106685633001422,0.06090749800205231,,1,1.642396092414856,128,mean,0.0,608,4.0,124,1.6750118732452393,0,24 25 16 1,1197,0.7231644988059998,test,top_r_mean,1.0,0.5,0.5,0.375
0.10693400167084377,0.0,38,0.0,31,28.99919985793531,hotpotqa,0.8,0.0,0.0,0.0,5adc93a4554299438c868e01,mean,0.31436699857752487,0.2520204484462738,"[[24], [24], [24], [24], [24], [24], [24], [24], [24], [24], [24], [24], [24], [24], [24], [24], [24], [24], [24], [24], [24], [24], [24], [24], [24], [24], [24], [24], [24], [24], [24], [24], [24], [24], [24], [24], [24], [5]]",1,1.6479579210281372,128,last,0.0,608,4.0,124,1.8025552034378052,0,34 1 25 0,1197,0.45945948362350464,test,top_r_mean,0.0,0.0,0.25,0.375
0.10693400167084377,1.0,38,0.0,31,26.36710018850863,hotpotqa,0.8,0.25,0.2,0.0,5adc93a4554299438c868e01,mean,0.3655761024182077,0.12828712165355682,"[[28], [24], [20], [25], [16], [8], [26], [13], [8], [17], [10], [7], [9], [24], [12], [18], [8], [10], [22], [2], [21], [6], [2], [18], [16], [13], [11], [13], [11], [28], [12], [8], [1], [20], [5], [8], [5], [1]]",1,1.2255089282989502,128,farthest,0.5,608,4.0,124,1.3157308101654053,0,1 10 16 18,1197,0.5170150399208069,test,top_r_mean,0.0,0.0,0.25,0.625
0.10693400167084377,0.0,38,0.0,31,27.664999943226576,hotpotqa,0.8,0.0,0.0,0.0,5adc93a4554299438c868e01,mean,0.41963015647226176,0.07877101004123688,"[[6], [14], [2], [17], [28], [22], [3], [26], [9], [10], [9], [14], [19], [21], [18], [15], [26], [7], [0], [30], [31], [5], [27], [3], [11], [21], [29], [1], [25], [6], [9], [30], [6], [9], [15], [17], [2], [7]]",1,0.29782289266586304,128,greedy_oracle,0.0,608,4.0,124,0.4364743232727051,0,0 12 3 17,1197,0.5441514849662781,test,top_r_mean,0.0,0.0,0.25,0.25
0.10693400167084377,1.0,38,0.0,31,32.80440019443631,hotpotqa,0.8,0.25,0.2,0.0,5adc93a4554299438c868e01,mean,-0.015647226173541962,0.3778466582298279,"[[1], [7], [29], [24], [25], [28], [22], [17], [6], [23], [25], [17], [15], [11], [21], [29], [13], [26], [25], [28], [7], [23], [22], [21], [18], [22], [1], [27], [17], [16], [4], [0], [9], [21], [4], [12], [14], [0]]",1,1.8082616329193115,128,random,1.0,608,4.0,124,2.0460855960845947,11,8 3 5 33,1197,-0.014115330763161182,test,top_r_mean,0.0,0.5,0.25,0.125
0.10693400167084377,1.0,38,0.0,31,24.56789999268949,hotpotqa,0.8,0.25,0.2,0.0,5adc93a4554299438c868e01,mean,0.112375533428165,1.1340303421020508,"[[27], [30], [18], [31], [21], [14], [22], [29], [20], [18], [14], [11], [18], [22], [6], [1], [1], [6], [10], [30], [3], [1], [3], [1], [0], [4], [31], [16], [12], [15], [23], [23], [20], [6], [5], [14], [15], [8]]",1,1.5079762935638428,128,random,0.25,608,4.0,124,1.7678364515304565,23,24 19 12 7,1197,0.14498303830623627,test,top_r_mean,1.0,0.5,0.25,0.375
0.10693400167084377,1.0,38,0.0,31,25.3175999969244,hotpotqa,0.8,0.25,0.2,0.0,5adc93a4554299438c868e01,mean,0.2375533428165007,0.2195124626159668,"[[9], [8], [5], [29], [20], [12], [28], [12], [22], [6], [0], [22], [6], [23], [21], [26], [5], [19], [30], [1], [23], [16], [19], [11], [13], [1], [19], [24], [18], [13], [13], [24], [8], [18], [31], [24], [16], [9]]",1,1.5019663572311401,128,random,1.0,608,4.0,124,1.6622841358184814,37,10 16 33 30,1197,0.3432542085647583,test,top_r_mean,0.0,0.0,0.25,0.5
0.10693400167084377,1.0,38,0.0,31,28.428899822756648,hotpotqa,0.8,0.25,0.2,0.0,5adc93a4554299438c868e01,mean,0.06116642958748222,1.1769044399261475,"[[29], [17], [13], [16], [3], [23], [1], [13], [22], [0], [3], [28], [16], [4], [12], [21], [12], [8], [24], [15], [30], [3], [31], [14], [0], [17], [4], [31], [17], [31], [23], [28], [11], [4], [1], [22], [8], [2]]",1,1.7846544981002808,128,random,0.3333333333333333,608,4.0,124,1.9842838048934937,53,24 22 8 26,1197,0.07517234236001968,test,top_r_mean,1.0,0.5,0.5,0.375
0.10693400167084377,1.0,38,0.0,31,22.177299950271845,hotpotqa,0.8,0.25,0.2,0.0,5adc93a4554299438c868e01,mean,-0.12375533428165007,0.46041902899742126,"[[13], [2], [29], [12], [13], [11], [31], [12], [18], [15], [23], [1], [8], [11], [30], [28], [17], [0], [29], [19], [3], [26], [19], [2], [28], [25], [10], [29], [2], [13], [13], [21], [14], [2], [10], [1], [9], [12]]",1,1.7084296941757202,128,random,0.5,608,4.0,124,1.9767833948135376,71,0 31 25 30,1197,-0.16730497777462006,test,top_r_mean,0.0,0.0,0.25,0.125
0.10693400167084377,0.0,38,0.0,31,22.57949998602271,hotpotqa,0.8,0.0,0.0,0.0,5adc93a4554299438c868e01,mean,0.27453769559032715,0.27453333139419556,"[[24, 25], [24, 25], [24, 25], [24, 25], [24, 25], [24, 25], [24, 25], [24, 25], [24, 25], [24, 25], [24, 25], [24, 25], [24, 25], [24, 25], [24, 25], [24, 25], [24, 25], [24, 25], [24, 25], [24, 25], [24, 25], [24, 25], [24, 25], [24, 25], [24, 25], [24, 25], [24, 25], [24, 25], [24, 25], [24, 25], [24, 25], [24, 25], [24, 25], [24, 25], [24, 25], [24, 25], [24, 25], [5, 6]]",2,1.6415798664093018,128,last,0.0,1216,4.0,124,1.8188287019729614,0,1 25 12 34,1197,0.38767921924591064,test,top_r_mean,0.0,0.0,0.0,0.25
0.10693400167084377,1.0,38,0.0,31,23.15729996189475,hotpotqa,0.8,0.25,0.2,0.0,5adc93a4554299438c868e01,mean,0.40825035561877665,0.6324844360351562,"[[28, 0], [24, 7], [20, 18], [25, 28], [16, 0], [8, 23], [26, 13], [13, 6], [8, 0], [17, 14], [10, 19], [7, 3], [9, 20], [24, 2], [12, 9], [18, 12], [8, 0], [10, 13], [22, 1], [2, 8], [21, 2], [6, 31], [2, 18], [18, 29], [16, 0], [13, 22], [11, 17], [13, 21], [11, 14], [28, 27], [12, 21], [8, 27], [1, 0], [20, 23], [5, 21], [8, 7], [5, 22], [1, 12]]",2,1.8831523656845093,128,farthest,0.5,1216,4.0,124,2.050705671310425,0,16 8 32 24,1197,0.5553123354911804,test,top_r_mean,0.0,0.5,0.75,0.75
0.10693400167084377,1.0,38,0.0,31,21.78569999523461,hotpotqa,0.8,0.25,0.2,0.0,5adc93a4554299438c868e01,mean,0.732574679943101,0.07384311407804489,"[[6, 0], [14, 21], [2, 9], [17, 21], [28, 17], [22, 26], [3, 31], [26, 25], [9, 0], [10, 12], [9, 0], [14, 19], [19, 18], [21, 22], [18, 8], [15, 19], [26, 0], [7, 11], [0, 11], [30, 10], [31, 4], [5, 7], [27, 31], [3, 2], [11, 0], [21, 2], [29, 25], [1, 4], [25, 29], [6, 3], [9, 27], [30, 21], [6, 0], [9, 18], [15, 24], [17, 9], [2, 11], [7, 12]]",2,0.2988843619823456,128,greedy_oracle,0.25,1216,4.0,124,0.3335898220539093,0,0 16 24 8,1197,0.8945180177688599,test,top_r_mean,0.0,0.0,1.0,0.75
0.10693400167084377,1.0,38,0.0,31,21.818500012159348,hotpotqa,0.8,0.25,0.2,0.0,5adc93a4554299438c868e01,mean,0.20625889046941678,0.21900415420532227,"[[1, 0], [7, 22], [29, 10], [24, 11], [25, 21], [28, 10], [22, 23], [17, 4], [6, 21], [23, 30], [25, 8], [17, 22], [15, 7], [11, 18], [21, 0], [29, 12], [13, 6], [26, 30], [25, 6], [28, 25], [7, 2], [23, 0], [22, 28], [21, 28], [18, 28], [22, 17], [1, 29], [27, 16], [17, 2], [16, 13], [4, 6], [0, 27], [9, 0], [21, 2], [4, 30], [12, 26], [14, 30], [0, 4]]",2,1.6909549236297607,128,random,0.25,1216,4.0,124,1.831239104270935,11,32 0 26 8,1197,0.33953389525413513,test,top_r_mean,0.0,0.0,0.5,0.5
0.10693400167084377,0.0,38,0.0,31,27.11810008622706,hotpotqa,0.8,0.0,0.0,0.0,5adc93a4554299438c868e01,mean,0.2375533428165007,0.30285513401031494,"[[27, 19], [30, 24], [18, 31], [31, 11], [21, 14], [14, 13], [22, 4], [29, 12], [20, 8], [18, 19], [14, 20], [11, 7], [18, 1], [22, 3], [6, 28], [1, 20], [1, 25], [6, 14], [10, 0], [30, 0], [3, 24], [1, 15], [3, 14], [1, 15], [0, 16], [4, 1], [31, 3], [16, 6], [12, 17], [15, 30], [23, 0], [23, 17], [20, 10], [6, 3], [5, 6], [14, 20], [15, 11], [8, 10]]",2,1.4879164695739746,128,random,0.0,1216,4.0,124,1.636120319366455,23,24 18 1 19,1197,0.3345004916191101,test,top_r_mean,1.0,0.5,0.25,0.25
0.10693400167084377,0.0,38,0.0,31,28.277400182560086,hotpotqa,0.8,0.0,0.0,0.0,5adc93a4554299438c868e01,mean,0.3058321479374111,0.1603737771511078,"[[9, 30], [8, 19], [5, 2], [29, 21], [20, 9], [12, 18], [28, 23], [12, 30], [22, 18], [6, 13], [0, 7], [22, 19], [6, 27], [23, 8], [21, 13], [26, 11], [5, 29], [19, 20], [30, 27], [1, 17], [23, 0], [16, 10], [19, 5], [11, 17], [13, 25], [1, 31], [19, 17], [24, 2], [18, 2], [13, 29], [13, 8], [24, 6], [8, 29], [18, 12], [31, 30], [24, 18], [16, 12], [9, 0]]",2,1.6290817260742188,128,random,0.0,1216,4.0,124,1.7227765321731567,37,2 16 11 17,1197,0.4447970390319824,test,top_r_mean,0.0,0.0,0.25,0.25
0.10693400167084377,1.0,38,0.0,31,20.838799886405468,hotpotqa,0.8,0.25,0.2,0.0,5adc93a4554299438c868e01,mean,0.1806543385490754,0.208533376455307,"[[29, 16], [17, 27], [13, 25], [16, 11], [3, 31], [23, 12], [1, 26], [13, 3], [22, 29], [0, 11], [3, 27], [28, 20], [16, 15], [4, 31], [12, 20], [21, 18], [12, 9], [8, 20], [24, 26], [15, 16], [30, 10], [3, 27], [31, 3], [14, 13], [0, 31], [17, 3], [4, 10], [31, 18], [17, 18], [31, 10], [23, 30], [28, 8], [11, 12], [4, 7], [1, 12], [22, 10], [8, 2], [2, 9]]",2,1.640455722808838,128,random,0.5,1216,4.0,124,1.7517606019973755,53,24 8 1 15,1197,0.2519969642162323,test,top_r_mean,1.0,1.0,0.5,0.625
0.10693400167084377,0.0,38,0.0,31,28.492100071161985,hotpotqa,0.8,0.0,0.0,0.0,5adc93a4554299438c868e01,mean,0.10384068278805121,0.18706277012825012,"[[13, 11], [2, 20], [29, 30], [12, 29], [13, 2], [11, 31], [31, 29], [12, 3], [18, 17], [15, 13], [23, 24], [1, 26], [8, 28], [11, 17], [30, 1], [28, 13], [17, 7], [0, 5], [29, 4], [19, 7], [3, 16], [26, 4], [19, 8], [2, 29], [28, 24], [25, 22], [10, 28], [29, 19], [2, 14], [13, 25], [13, 11], [21, 26], [14, 4], [2, 11], [10, 4], [1, 24], [9, 0], [12, 11]]",2,1.7411370277404785,128,random,0.0,1216,4.0,124,1.8505059480667114,71,0 1 21 16,1197,0.18503119051456451,test,top_r_mean,0.0,0.0,0.5,0.5
0.10693400167084377,1.0,38,0.0,31,26.135799940675497,hotpotqa,0.8,0.25,0.2,0.0,5adc93a4554299438c868e01,mean,0.2631578947368421,0.23885700106620789,"[[24, 25, 26, 27], [24, 25, 26, 27], [24, 25, 26, 27], [24, 25, 26, 27], [24, 25, 26, 27], [24, 25, 26, 27], [24, 25, 26, 27], [24, 25, 26, 27], [24, 25, 26, 27], [24, 25, 26, 27], [24, 25, 26, 27], [24, 25, 26, 27], [24, 25, 26, 27], [24, 25, 26, 27], [24, 25, 26, 27], [24, 25, 26, 27], [24, 25, 26, 27], [24, 25, 26, 27], [24, 25, 26, 27], [24, 25, 26, 27], [24, 25, 26, 27], [24, 25, 26, 27], [24, 25, 26, 27], [24, 25, 26, 27], [24, 25, 26, 27], [24, 25, 26, 27], [24, 25, 26, 27], [24, 25, 26, 27], [24, 25, 26, 27], [24, 25, 26, 27], [24, 25, 26, 27], [24, 25, 26, 27], [24, 25, 26, 27], [24, 25, 26, 27], [24, 25, 26, 27], [24, 25, 26, 27], [24, 25, 26, 27], [5, 6, 7, 8]]",4,1.6593554019927979,128,last,0.5,2432,4.0,124,1.797825813293457,0,5 7 25 1,1197,0.38570961356163025,test,top_r_mean,0.0,0.0,0.0,0.25
0.10693400167084377,1.0,38,0.0,31,34.98369990848005,hotpotqa,0.8,0.25,0.2,0.0,5adc93a4554299438c868e01,mean,0.41109530583214793,0.12266368418931961,"[[28, 0, 1, 3], [24, 7, 12, 1], [20, 18, 16, 0], [25, 28, 31, 3], [16, 0, 8, 10], [8, 23, 22, 21], [26, 13, 19, 25], [13, 6, 23, 25], [8, 0, 30, 10], [17, 14, 16, 22], [10, 19, 30, 3], [7, 3, 10, 28], [9, 20, 0, 23], [24, 2, 19, 0], [12, 9, 22, 14], [18, 12, 28, 30], [8, 0, 19, 1], [10, 13, 8, 24], [22, 1, 4, 18], [2, 8, 23, 18], [21, 2, 15, 24], [6, 31, 3, 10], [2, 18, 0, 15], [18, 29, 28, 10], [16, 0, 8, 21], [13, 22, 21, 1], [11, 17, 30, 20], [13, 21, 2, 22], [11, 14, 9, 25], [28, 27, 3, 8], [12, 21, 20, 10], [8, 27, 26, 19], [1, 0, 25, 21], [20, 23, 5, 4], [5, 21, 22, 16], [8, 7, 2, 5], [5, 22, 16, 31], [1, 12, 9, 4]]",4,2.2009873390197754,128,farthest,0.25,2432,4.0,124,2.2576847076416016,0,16 24 25 8,1197,0.5715067386627197,test,top_r_mean,0.0,0.5,0.75,0.625
0.10693400167084377,1.0,38,0.0,31,30.700999777764082,hotpotqa,0.8,0.25,0.2,0.0,5adc93a4554299438c868e01,mean,0.7780938833570412,0.00551849789917469,"[[6, 0, 12, 13], [14, 21, 24, 3], [2, 9, 6, 3], [17, 21, 23, 24], [28, 17, 22, 21], [22, 26, 27, 0], [3, 31, 16, 7], [26, 25, 29, 30], [9, 0, 2, 6], [10, 12, 9, 8], [9, 0, 5, 10], [14, 19, 20, 18], [19, 18, 22, 25], [21, 22, 28, 25], [18, 8, 3, 19], [15, 19, 22, 23], [26, 0, 5, 8], [7, 11, 12, 16], [0, 11, 6, 22], [30, 10, 12, 7], [31, 4, 5, 8], [5, 7, 13, 30], [27, 31, 21, 6], [3, 2, 25, 28], [11, 0, 30, 1], [21, 2, 24, 25], [29, 25, 23, 4], [1, 4, 6, 24], [25, 29, 30, 28], [6, 3, 1, 16], [9, 27, 26, 13], [30, 21, 5, 9], [6, 0, 16, 29], [9, 18, 17, 21], [15, 24, 6, 27], [17, 9, 0, 29], [2, 11, 18, 26], [7, 12, 6, 0]]",4,0.421954870223999,128,greedy_oracle,0.3333333333333333,2432,4.0,124,0.43469905853271484,0,0 16 8 24,1197,0.9148703217506409,test,top_r_mean,0.0,0.0,1.0,0.75
0.10693400167084377,0.0,38,0.0,31,28.91330001875758,hotpotqa,0.8,0.0,0.0,0.0,5adc93a4554299438c868e01,mean,0.2375533428165007,0.11387939751148224,"[[1, 0, 20, 5], [7, 22, 12, 26], [29, 10, 19, 24], [24, 11, 10, 25], [25, 21, 1, 7], [28, 10, 19, 15], [22, 23, 18, 15], [17, 4, 6, 10], [6, 21, 29, 13], [23, 30, 16, 13], [25, 8, 12, 7], [17, 22, 15, 19], [15, 7, 6, 16], [11, 18, 27, 4], [21, 0, 11, 12], [29, 12, 21, 25], [13, 6, 14, 25], [26, 30, 17, 29], [25, 6, 12, 16], [28, 25, 8, 12], [7, 2, 14, 6], [23, 0, 13, 10], [22, 28, 25, 27], [21, 28, 11, 6], [18, 28, 4, 16], [22, 17, 10, 8], [1, 29, 18, 15], [27, 16, 7, 4], [17, 2, 30, 6], [16, 13, 24, 8], [4, 6, 17, 0], [0, 27, 31, 23], [9, 0, 19, 15], [21, 2, 8, 23], [4, 30, 11, 19], [12, 26, 0, 16], [14, 30, 2, 17], [0, 4, 2, 5]]",4,1.7256381511688232,128,random,0.0,2432,4.0,124,1.7991808652877808,11,32 0 26 24,1197,0.37214139103889465,test,top_r_mean,0.0,0.0,0.5,0.5
0.10693400167084377,0.0,38,0.0,31,22.660900140181184,hotpotqa,0.8,0.0,0.0,0.0,5adc93a4554299438c868e01,mean,0.3399715504978663,0.10506032407283783,"[[27, 19, 13, 23], [30, 24, 7, 27], [18, 31, 10, 23], [31, 11, 20, 19], [21, 14, 28, 10], [14, 13, 5, 8], [22, 4, 29, 10], [29, 12, 0, 31], [20, 8, 12, 25], [18, 19, 9, 29], [14, 20, 3, 15], [11, 7, 4, 8], [18, 1, 21, 12], [22, 3, 29, 16], [6, 28, 10, 19], [1, 20, 22, 21], [1, 25, 11, 15], [6, 14, 21, 24], [10, 0, 8, 20], [30, 0, 27, 6], [3, 24, 28, 18], [1, 15, 3, 9], [3, 14, 16, 25], [1, 15, 3, 19], [0, 16, 17, 9], [4, 1, 7, 26], [31, 3, 26, 14], [16, 6, 18, 10], [12, 17, 24, 7], [15, 30, 24, 22], [23, 0, 22, 18], [23, 17, 21, 27], [20, 10, 18, 2], [6, 3, 14, 5], [5, 6, 11, 29], [14, 20, 10, 11], [15, 11, 6, 23], [8, 10, 1, 11]]",4,1.5662378072738647,128,random,0.0,2432,4.0,124,1.6268948316574097,23,24 25 12 26,1197,0.5025714039802551,test,top_r_mean,1.0,0.5,0.25,0.25
0.10693400167084377,1.0,38,0.0,31,23.636800004169345,hotpotqa,0.8,0.25,0.2,0.0,5adc93a4554299438c868e01,mean,0.3314366998577525,0.1686377078294754,"[[9, 30, 7, 26], [8, 19, 12, 21], [5, 2, 31, 0], [29, 21, 24, 25], [20, 9, 21, 29], [12, 18, 29, 4], [28, 23, 19, 24], [12, 30, 9, 25], [22, 18, 21, 5], [6, 13, 17, 28], [0, 7, 5, 21], [22, 19, 25, 2], [6, 27, 10, 13], [23, 8, 3, 1], [21, 13, 17, 31], [26, 11, 8, 30], [5, 29, 22, 13], [19, 20, 11, 29], [30, 27, 10, 4], [1, 17, 20, 27], [23, 0, 14, 10], [16, 10, 28, 1], [19, 5, 14, 15], [11, 17, 30, 8], [13, 25, 1, 8], [1, 31, 20, 24], [19, 17, 23, 4], [24, 2, 28, 31], [18, 2, 21, 13], [13, 29, 30, 28], [13, 8, 26, 30], [24, 6, 26, 5], [8, 29, 25, 26], [18, 12, 19, 1], [31, 30, 28, 11], [24, 18, 26, 14], [16, 12, 30, 0], [9, 0, 8, 10]]",4,1.6965426206588745,128,random,0.3333333333333333,2432,4.0,124,1.7898907661437988,37,2 3 10 17,1197,0.5034467577934265,test,top_r_mean,0.0,0.0,0.0,0.25
0.10693400167084377,0.0,38,0.0,31,29.507300117984414,hotpotqa,0.8,0.0,0.0,0.0,5adc93a4554299438c868e01,mean,0.155049786628734,0.12263065576553345,"[[29, 16, 23, 9], [17, 27, 2, 24], [13, 25, 6, 28], [16, 11, 2, 20], [3, 31, 20, 14], [23, 12, 28, 9], [1, 26, 31, 2], [13, 3, 19, 7], [22, 29, 19, 9], [0, 11, 18, 25], [3, 27, 30, 13], [28, 20, 1, 10], [16, 15, 24, 10], [4, 31, 24, 13], [12, 20, 11, 23], [21, 18, 22, 19], [12, 9, 16, 4], [8, 20, 28, 26], [24, 26, 18, 12], [15, 16, 26, 30], [30, 10, 4, 13], [3, 27, 23, 17], [31, 3, 28, 20], [14, 13, 18, 6], [0, 31, 24, 10], [17, 3, 14, 20], [4, 10, 12, 6], [31, 18, 4, 30], [17, 18, 13, 24], [31, 10, 1, 6], [23, 30, 1, 12], [28, 8, 6, 22], [11, 12, 20, 0], [4, 7, 10, 31], [1, 12, 14, 20], [22, 10, 9, 31], [8, 2, 10, 1], [2, 9, 12, 0]]",4,1.5553394556045532,128,random,0.0,2432,4.0,124,1.638936996459961,53,24 1 15 32,1197,0.21960827708244324,test,top_r_mean,1.0,0.5,0.25,0.625
0.10693400167084377,1.0,38,0.0,31,23.180499905720353,hotpotqa,0.8,0.25,0.2,0.0,5adc93a4554299438c868e01,mean,0.29160739687055476,0.1196943074464798,"[[13, 11, 22, 4], [2, 20, 4, 11], [29, 30, 21, 4], [12, 29, 25, 14], [13, 2, 10, 30], [11, 31, 14, 28], [31, 29, 19, 26], [12, 3, 15, 8], [18, 17, 5, 9], [15, 13, 4, 19], [23, 24, 8, 10], [1, 26, 27, 30], [8, 28, 21, 30], [11, 17, 14, 10], [30, 1, 28, 24], [28, 13, 31, 3], [17, 7, 0, 10], [0, 5, 21, 28], [29, 4, 5, 24], [19, 7, 17, 4], [3, 16, 7, 0], [26, 4, 15, 11], [19, 8, 24, 30], [2, 29, 11, 28], [28, 24, 25, 15], [25, 22, 9, 8], [10, 28, 7, 29], [29, 19, 16, 4], [2, 14, 3, 25], [13, 25, 15, 3], [13, 11, 2, 18], [21, 26, 29, 30], [14, 4, 11, 1], [2, 11, 27, 28], [10, 4, 29, 17], [1, 24, 10, 22], [9, 0, 10, 6], [12, 11, 4, 8]]",4,1.6192940473556519,128,random,0.3333333333333333,2432,4.0,124,1.6865081787109375,71,16 1 31 21,1197,0.46624359488487244,test,top_r_mean,0.0,0.0,0.25,0.25
0.10693400167084377,1.0,38,0.0,31,25.559700094163418,hotpotqa,0.8,0.25,0.2,0.0,5adc93a4554299438c868e01,mean,0.34281650071123754,0.12464966624975204,"[[24, 25, 26, 27, 28, 29, 30, 31], [24, 25, 26, 27, 28, 29, 30, 31], [24, 25, 26, 27, 28, 29, 30, 31], [24, 25, 26, 27, 28, 29, 30, 31], [24, 25, 26, 27, 28, 29, 30, 31], [24, 25, 26, 27, 28, 29, 30, 31], [24, 25, 26, 27, 28, 29, 30, 31], [24, 25, 26, 27, 28, 29, 30, 31], [24, 25, 26, 27, 28, 29, 30, 31], [24, 25, 26, 27, 28, 29, 30, 31], [24, 25, 26, 27, 28, 29, 30, 31], [24, 25, 26, 27, 28, 29, 30, 31], [24, 25, 26, 27, 28, 29, 30, 31], [24, 25, 26, 27, 28, 29, 30, 31], [24, 25, 26, 27, 28, 29, 30, 31], [24, 25, 26, 27, 28, 29, 30, 31], [24, 25, 26, 27, 28, 29, 30, 31], [24, 25, 26, 27, 28, 29, 30, 31], [24, 25, 26, 27, 28, 29, 30, 31], [24, 25, 26, 27, 28, 29, 30, 31], [24, 25, 26, 27, 28, 29, 30, 31], [24, 25, 26, 27, 28, 29, 30, 31], [24, 25, 26, 27, 28, 29, 30, 31], [24, 25, 26, 27, 28, 29, 30, 31], [24, 25, 26, 27, 28, 29, 30, 31], [24, 25, 26, 27, 28, 29, 30, 31], [24, 25, 26, 27, 28, 29, 30, 31], [24, 25, 26, 27, 28, 29, 30, 31], [24, 25, 26, 27, 28, 29, 30, 31], [24, 25, 26, 27, 28, 29, 30, 31], [24, 25, 26, 27, 28, 29, 30, 31], [24, 25, 26, 27, 28, 29, 30, 31], [24, 25, 26, 27, 28, 29, 30, 31], [24, 25, 26, 27, 28, 29, 30, 31], [24, 25, 26, 27, 28, 29, 30, 31], [24, 25, 26, 27, 28, 29, 30, 31], [24, 25, 26, 27, 28, 29, 30, 31], [5, 6, 7, 8, 9, 10, 11, 12]]",8,0.9069099426269531,128,last,1.0,4864,4.0,124,1.0241124629974365,0,7 1 5 11,1197,0.5076047778129578,test,top_r_mean,0.0,0.0,0.0,0.25
0.10693400167084377,0.0,38,0.0,31,28.392799897119403,hotpotqa,0.8,0.0,0.0,0.0,5adc93a4554299438c868e01,mean,0.5277382645803699,0.06457921862602234,"[[28, 0, 1, 3, 30, 11, 13, 7], [24, 7, 12, 1, 23, 16, 8, 3], [20, 18, 16, 0, 2, 15, 22, 31], [25, 28, 31, 3, 27, 18, 17, 7], [16, 0, 8, 10, 9, 23, 26, 19], [8, 23, 22, 21, 4, 28, 24, 17], [26, 13, 19, 25, 20, 11, 1, 24], [13, 6, 23, 25, 14, 26, 22, 18], [8, 0, 30, 10, 13, 18, 3, 11], [17, 14, 16, 22, 5, 3, 30, 19], [10, 19, 30, 3, 0, 2, 17, 12], [7, 3, 10, 28, 2, 15, 5, 14], [9, 20, 0, 23, 7, 18, 5, 31], [24, 2, 19, 0, 9, 26, 13, 1], [12, 9, 22, 14, 4, 31, 28, 10], [18, 12, 28, 30, 9, 10, 31, 29], [8, 0, 19, 1, 20, 24, 10, 11], [10, 13, 8, 24, 23, 5, 14, 20], [22, 1, 4, 18, 2, 24, 29, 25], [2, 8, 23, 18, 5, 21, 24, 31], [21, 2, 15, 24, 14, 26, 31, 8], [6, 31, 3, 10, 8, 0, 24, 27], [2, 18, 0, 15, 8, 27, 28, 16], [18, 29, 28, 10, 0, 26, 5, 11], [16, 0, 8, 21, 28, 31, 15, 30], [13, 22, 21, 1, 20, 8, 5, 3], [11, 17, 30, 20, 24, 19, 21, 16], [13, 21, 2, 22, 20, 7, 3, 16], [11, 14, 9, 25, 26, 1, 21, 0], [28, 27, 3, 8, 5, 31, 6, 1], [12, 21, 20, 10, 7, 3, 23, 8], [8, 27, 26, 19, 15, 28, 22, 23], [1, 0, 25, 21, 12, 31, 22, 26], [20, 23, 5, 4, 15, 29, 6, 16], [5, 21, 22, 16, 2, 14, 15, 13], [8, 7, 2, 5, 14, 12, 23, 0], [5, 22, 16, 31, 8, 23, 14, 0], [1, 12, 9, 4, 2, 7, 11, 3]]",8,1.1023759841918945,128,farthest,0.0,4864,4.0,124,1.1700385808944702,0,16 24 0 32,1197,0.7286355495452881,test,top_r_mean,0.0,0.5,0.75,0.625
0.10693400167084377,1.0,38,0.0,31,27.038400061428547,hotpotqa,0.8,0.25,0.2,0.0,5adc93a4554299438c868e01,mean,0.871977240398293,0.0015837643295526505,"[[6, 0, 12, 13, 24, 5, 23, 2], [14, 21, 24, 3, 29, 27, 25, 4], [2, 9, 6, 3, 8, 31, 20, 4], [17, 21, 23, 24, 20, 22, 10, 1], [28, 17, 22, 21, 18, 29, 0, 19], [22, 26, 27, 0, 28, 25, 3, 4], [3, 31, 16, 7, 1, 2, 5, 21], [26, 25, 29, 30, 28, 20, 5, 19], [9, 0, 2, 6, 23, 1, 22, 29], [10, 12, 9, 8, 11, 7, 25, 0], [9, 0, 5, 10, 28, 8, 4, 27], [14, 19, 20, 18, 31, 21, 27, 24], [19, 18, 22, 25, 12, 29, 26, 21], [21, 22, 28, 25, 6, 5, 24, 30], [18, 8, 3, 19, 27, 29, 23, 2], [15, 19, 22, 23, 18, 5, 25, 24], [26, 0, 5, 8, 1, 6, 30, 9], [7, 11, 12, 16, 20, 6, 17, 24], [0, 11, 6, 22, 10, 12, 5, 26], [30, 10, 12, 7, 1, 2, 20, 6], [31, 4, 5, 8, 22, 3, 21, 20], [5, 7, 13, 30, 4, 26, 20, 9], [27, 31, 21, 6, 30, 22, 12, 29], [3, 2, 25, 28, 14, 1, 31, 9], [11, 0, 30, 1, 12, 20, 3, 18], [21, 2, 24, 25, 4, 7, 28, 10], [29, 25, 23, 4, 15, 31, 26, 19], [1, 4, 6, 24, 5, 30, 0, 14], [25, 29, 30, 28, 0, 19, 8, 22], [6, 3, 1, 16, 2, 14, 7, 4], [9, 27, 26, 13, 14, 19, 20, 15], [30, 21, 5, 9, 13, 10, 16, 14], [6, 0, 16, 29, 2, 31, 30, 28], [9, 18, 17, 21, 8, 0, 22, 19], [15, 24, 6, 27, 29, 23, 10, 25], [17, 9, 0, 29, 1, 28, 30, 19], [2, 11, 18, 26, 16, 13, 27, 20], [7, 12, 6, 0, 5, 8, 10, 1]]",8,0.11730843037366867,128,greedy_oracle,1.0,4864,4.0,124,0.12946492433547974,0,8 0 24 16,1197,0.9700185656547546,test,top_r_mean,0.0,0.5,1.0,0.75
0.10693400167084377,1.0,38,1.0,31,32.32649993151426,hotpotqa,0.8,0.5,0.4,0.0,5adc93a4554299438c868e01,mean,0.4822190611664296,0.0451001338660717,"[[1, 0, 20, 5, 30, 19, 7, 27], [7, 22, 12, 26, 13, 16, 15, 1], [29, 10, 19, 24, 23, 9, 8, 3], [24, 11, 10, 25, 17, 26, 4, 3], [25, 21, 1, 7, 12, 13, 27, 3], [28, 10, 19, 15, 24, 1, 30, 16], [22, 23, 18, 15, 28, 9, 20, 19], [17, 4, 6, 10, 12, 13, 2, 9], [6, 21, 29, 13, 4, 9, 26, 5], [23, 30, 16, 13, 10, 0, 26, 25], [25, 8, 12, 7, 21, 11, 29, 19], [17, 22, 15, 19, 23, 25, 26, 30], [15, 7, 6, 16, 17, 18, 23, 2], [11, 18, 27, 4, 19, 16, 10, 5], [21, 0, 11, 12, 7, 2, 4, 26], [29, 12, 21, 25, 17, 16, 13, 26], [13, 6, 14, 25, 31, 27, 9, 3], [26, 30, 17, 29, 3, 9, 27, 16], [25, 6, 12, 16, 1, 22, 3, 30], [28, 25, 8, 12, 22, 31, 6, 23], [7, 2, 14, 6, 11, 12, 4, 16], [23, 0, 13, 10, 17, 8, 29, 19], [22, 28, 25, 27, 18, 15, 26, 12], [21, 28, 11, 6, 14, 15, 25, 8], [18, 28, 4, 16, 10, 9, 5, 6], [22, 17, 10, 8, 27, 24, 3, 20], [1, 29, 18, 15, 20, 8, 17, 22], [27, 16, 7, 4, 6, 19, 11, 20], [17, 2, 30, 6, 3, 24, 18, 27], [16, 13, 24, 8, 9, 15, 19, 17], [4, 6, 17, 0, 9, 16, 24, 12], [0, 27, 31, 23, 9, 14, 5, 10], [9, 0, 19, 15, 4, 1, 8, 20], [21, 2, 8, 23, 31, 24, 17, 0], [4, 30, 11, 19, 16, 21, 29, 1], [12, 26, 0, 16, 17, 3, 28, 10], [14, 30, 2, 17, 20, 13, 6, 3], [0, 4, 2, 5, 6, 3, 1, 7]]",8,0.8609224557876587,128,random,0.3333333333333333,4864,4.0,124,0.9082444310188293,11,32 0 8 31,1197,0.6526972055435181,test,top_r_mean,0.0,0.0,0.5,0.625
0.10693400167084377,0.0,38,0.0,31,25.47940006479621,hotpotqa,0.8,0.0,0.0,0.0,5adc93a4554299438c868e01,mean,0.4310099573257468,0.07503659278154373,"[[27, 19, 13, 23, 14, 20, 11, 12], [30, 24, 7, 27, 4, 23, 12, 26], [18, 31, 10, 23, 25, 6, 27, 13], [31, 11, 20, 19, 30, 28, 23, 5], [21, 14, 28, 10, 16, 0, 5, 18], [14, 13, 5, 8, 24, 7, 26, 28], [22, 4, 29, 10, 23, 7, 3, 30], [29, 12, 0, 31, 15, 8, 22, 30], [20, 8, 12, 25, 27, 3, 26, 17], [18, 19, 9, 29, 31, 26, 27, 21], [14, 20, 3, 15, 16, 28, 18, 7], [11, 7, 4, 8, 30, 27, 23, 22], [18, 1, 21, 12, 0, 19, 13, 14], [22, 3, 29, 16, 24, 12, 14, 18], [6, 28, 10, 19, 15, 9, 27, 8], [1, 20, 22, 21, 27, 29, 7, 14], [1, 25, 11, 15, 23, 24, 12, 2], [6, 14, 21, 24, 17, 16, 0, 27], [10, 0, 8, 20, 11, 15, 4, 16], [30, 0, 27, 6, 15, 24, 16, 3], [3, 24, 28, 18, 31, 27, 0, 10], [1, 15, 3, 9, 0, 24, 14, 28], [3, 14, 16, 25, 18, 7, 8, 13], [1, 15, 3, 19, 11, 2, 0, 30], [0, 16, 17, 9, 2, 25, 5, 10], [4, 1, 7, 26, 22, 10, 6, 16], [31, 3, 26, 14, 0, 1, 18, 2], [16, 6, 18, 10, 24, 20, 17, 19], [12, 17, 24, 7, 20, 13, 25, 16], [15, 30, 24, 22, 2, 5, 8, 0], [23, 0, 22, 18, 26, 19, 25, 4], [23, 17, 21, 27, 12, 22, 30, 14], [20, 10, 18, 2, 21, 14, 5, 30], [6, 3, 14, 5, 4, 27, 1, 11], [5, 6, 11, 29, 0, 26, 1, 15], [14, 20, 10, 11, 13, 4, 24, 8], [15, 11, 6, 23, 3, 0, 18, 24], [8, 10, 1, 11, 9, 6, 2, 4]]",8,0.8200686573982239,128,random,0.0,4864,4.0,124,0.8927589058876038,23,24 12 25 1,1197,0.5971112847328186,test,top_r_mean,1.0,0.5,0.25,0.25
0.10693400167084377,1.0,38,0.0,31,27.27190009318292,hotpotqa,0.8,0.5,0.4,0.0,5adc93a4554299438c868e01,mean,0.5732574679943101,0.048610880970954895,"[[9, 30, 7, 26, 16, 2, 24, 23], [8, 19, 12, 21, 23, 17, 4, 20], [5, 2, 31, 0, 15, 21, 11, 17], [29, 21, 24, 25, 6, 20, 0, 23], [20, 9, 21, 29, 19, 10, 13, 25], [12, 18, 29, 4, 22, 25, 3, 2], [28, 23, 19, 24, 27, 16, 20, 22], [12, 30, 9, 25, 31, 20, 27, 7], [22, 18, 21, 5, 13, 0, 2, 27], [6, 13, 17, 28, 22, 4, 27, 1], [0, 7, 5, 21, 8, 31, 20, 14], [22, 19, 25, 2, 6, 10, 15, 17], [6, 27, 10, 13, 1, 30, 19, 3], [23, 8, 3, 1, 12, 18, 10, 17], [21, 13, 17, 31, 5, 0, 22, 25], [26, 11, 8, 30, 23, 27, 14, 9], [5, 29, 22, 13, 23, 26, 6, 10], [19, 20, 11, 29, 24, 15, 22, 28], [30, 27, 10, 4, 14, 29, 22, 6], [1, 17, 20, 27, 5, 8, 21, 11], [23, 0, 14, 10, 1, 16, 9, 20], [16, 10, 28, 1, 18, 8, 26, 5], [19, 5, 14, 15, 11, 30, 16, 1], [11, 17, 30, 8, 22, 21, 4, 7], [13, 25, 1, 8, 7, 28, 12, 11], [1, 31, 20, 24, 3, 18, 15, 11], [19, 17, 23, 4, 7, 24, 26, 27], [24, 2, 28, 31, 11, 21, 4, 22], [18, 2, 21, 13, 28, 17, 31, 11], [13, 29, 30, 28, 8, 3, 1, 15], [13, 8, 26, 30, 9, 29, 18, 10], [24, 6, 26, 5, 21, 2, 4, 31], [8, 29, 25, 26, 21, 16, 18, 19], [18, 12, 19, 1, 3, 7, 17, 10], [31, 30, 28, 11, 22, 19, 14, 7], [24, 18, 26, 14, 31, 12, 17, 28], [16, 12, 30, 0, 23, 14, 7, 29], [9, 0, 8, 10, 2, 6, 11, 3]]",8,0.8404749035835266,128,random,1.0,4864,4.0,124,0.8878543376922607,37,8 10 16 24,1197,0.7899113893508911,test,top_r_mean,0.0,0.5,0.75,0.625
0.10693400167084377,0.0,38,0.0,31,29.209600063040853,hotpotqa,0.8,0.0,0.0,0.0,5adc93a4554299438c868e01,mean,0.4822190611664296,0.045532554388046265,"[[29, 16, 23, 9, 0, 1, 13, 28], [17, 27, 2, 24, 18, 26, 8, 31], [13, 25, 6, 28, 4, 7, 11, 19], [16, 11, 2, 20, 15, 30, 24, 27], [3, 31, 20, 14, 27, 19, 28, 18], [23, 12, 28, 9, 27, 2, 29, 26], [1, 26, 31, 2, 18, 7, 9, 4], [13, 3, 19, 7, 15, 27, 6, 24], [22, 29, 19, 9, 17, 5, 31, 28], [0, 11, 18, 25, 16, 10, 4, 17], [3, 27, 30, 13, 1, 4, 8, 22], [28, 20, 1, 10, 6, 17, 29, 9], [16, 15, 24, 10, 5, 18, 26, 13], [4, 31, 24, 13, 5, 16, 22, 2], [12, 20, 11, 23, 24, 16, 29, 7], [21, 18, 22, 19, 23, 17, 2, 12], [12, 9, 16, 4, 11, 2, 14, 24], [8, 20, 28, 26, 18, 12, 21, 29], [24, 26, 18, 12, 6, 2, 27, 22], [15, 16, 26, 30, 29, 2, 20, 8], [30, 10, 4, 13, 5, 0, 2, 1], [3, 27, 23, 17, 1, 2, 7, 13], [31, 3, 28, 20, 4, 10, 2, 7], [14, 13, 18, 6, 5, 9, 16, 30], [0, 31, 24, 10, 27, 28, 15, 13], [17, 3, 14, 20, 29, 22, 18, 6], [4, 10, 12, 6, 27, 3, 20, 14], [31, 18, 4, 30, 10, 2, 16, 20], [17, 18, 13, 24, 27, 3, 8, 11], [31, 10, 1, 6, 27, 8, 14, 20], [23, 30, 1, 12, 26, 6, 27, 2], [28, 8, 6, 22, 3, 21, 20, 13], [11, 12, 20, 0, 30, 18, 3, 26], [4, 7, 10, 31, 19, 8, 30, 26], [1, 12, 14, 20, 13, 29, 22, 26], [22, 10, 9, 31, 14, 12, 26, 15], [8, 2, 10, 1, 12, 26, 20, 22], [2, 9, 12, 0, 7, 8, 11, 4]]",8,0.7739337086677551,128,random,0.0,4864,4.0,124,0.8234978914260864,53,24 0 32 5,1197,0.6380348205566406,test,top_r_mean,1.0,0.5,0.5,0.625
0.10693400167084377,1.0,38,1.0,31,27.24359999410808,hotpotqa,0.8,0.5,0.4,0.0,5adc93a4554299438c868e01,mean,0.49644381223328593,0.05953414738178253,"[[13, 11, 22, 4, 19, 2, 23, 12], [2, 20, 4, 11, 22, 19, 0, 29], [29, 30, 21, 4, 24, 10, 31, 1], [12, 29, 25, 14, 22, 31, 13, 8], [13, 2, 10, 30, 3, 14, 26, 15], [11, 31, 14, 28, 4, 21, 18, 30], [31, 29, 19, 26, 10, 3, 5, 20], [12, 3, 15, 8, 29, 6, 23, 28], [18, 17, 5, 9, 12, 2, 6, 31], [15, 13, 4, 19, 25, 9, 26, 31], [23, 24, 8, 10, 31, 26, 15, 25], [1, 26, 27, 30, 25, 20, 3, 13], [8, 28, 21, 30, 3, 27, 31, 17], [11, 17, 14, 10, 5, 4, 7, 15], [30, 1, 28, 24, 20, 15, 25, 23], [28, 13, 31, 3, 19, 12, 11, 4], [17, 7, 0, 10, 30, 18, 20, 15], [0, 5, 21, 28, 25, 13, 19, 30], [29, 4, 5, 24, 16, 31, 0, 11], [19, 7, 17, 4, 30, 8, 15, 6], [3, 16, 7, 0, 17, 22, 19, 26], [26, 4, 15, 11, 2, 10, 6, 13], [19, 8, 24, 30, 29, 23, 6, 21], [2, 29, 11, 28, 7, 10, 8, 6], [28, 24, 25, 15, 22, 2, 4, 16], [25, 22, 9, 8, 4, 13, 7, 10], [10, 28, 7, 29, 31, 25, 24, 2], [29, 19, 16, 4, 21, 2, 28, 9], [2, 14, 3, 25, 10, 15, 23, 29], [13, 25, 15, 3, 4, 31, 24, 5], [13, 11, 2, 18, 7, 0, 9, 24], [21, 26, 29, 30, 5, 24, 19, 27], [14, 4, 11, 1, 19, 10, 3, 13], [2, 11, 27, 28, 7, 19, 3, 9], [10, 4, 29, 17, 6, 28, 23, 25], [1, 24, 10, 22, 4, 25, 26, 20], [9, 0, 10, 6, 18, 17, 4, 28], [12, 11, 4, 8, 0, 10, 9, 2]]",8,0.8509722352027893,128,random,0.5,4864,4.0,124,0.9102782011032104,71,16 8 31 1,1197,0.6712988018989563,test,top_r_mean,0.0,0.5,0.5,0.625
0.031753907219052344,1.0,126,0.0,31,0.11830008588731289,hotpotqa,1.0078740157480315,0.25,0.25,0.0,5ab7f97a5542991d322237ef,mean,1.0,0.0,,0,0.0,128,full_k,0.3333333333333333,64496,4.0,124,0.0,0,104 8 0 40,4031,0.9999998807907104,test,top_r_mean,1.0,1.0,1.0,1.0
0.031753907219052344,1.0,126,0.0,31,6.366899935528636,hotpotqa,1.0078740157480315,0.25,0.25,0.0,5ab7f97a5542991d322237ef,mean,0.5666751333502666,0.07867999374866486,,1,1.5049223899841309,128,mean,0.5,2016,4.0,124,1.537116527557373,0,104 0 80 32,4031,0.7420322299003601,test,top_r_mean,1.0,0.5,0.5,0.625
0.031753907219052344,0.0,126,0.0,31,89.11289996467531,hotpotqa,1.0078740157480315,0.0,0.0,0.0,5ab7f97a5542991d322237ef,mean,0.08571428571428572,0.3026640713214874,"[[24], [24], [24], [24], [24], [24], [24], [24], [24], [24], [24], [24], [24], [24], [24], [24], [24], [24], [24], [24], [24], [24], [24], [24], [24], [24], [24], [24], [24], [24], [24], [24], [24], [24], [24], [24], [24], [24], [24], [24], [24], [24], [24], [24], [24], [24], [24], [24], [24], [24], [24], [24], [24], [24], [24], [24], [24], [24], [24], [24], [24], [24], [24], [24], [24], [24], [24], [24], [24], [24], [24], [24], [24], [24], [24], [24], [24], [24], [24], [24], [24], [24], [24], [24], [24], [24], [24], [24], [24], [24], [24], [24], [24], [24], [24], [24], [24], [24], [24], [24], [24], [24], [24], [24], [24], [24], [24], [24], [24], [24], [24], [24], [24], [24], [24], [24], [24], [24], [24], [24], [24], [24], [24], [24], [24], [23]]",1,1.5227127075195312,128,last,0.0,2016,4.0,124,1.714002251625061,0,104 8 90 13,4031,0.13292238116264343,test,top_r_mean,1.0,1.0,0.5,0.25
0.031753907219052344,0.0,126,0.0,31,81.1767999548465,hotpotqa,1.0078740157480315,0.0,0.0,0.0,5ab7f97a5542991d322237ef,mean,0.31606349206349205,0.15145307779312134,"[[26], [9], [25], [27], [20], [23], [18], [24], [11], [18], [2], [25], [12], [15], [14], [14], [11], [24], [18], [12], [3], [17], [2], [20], [10], [12], [21], [11], [2], [28], [20], [4], [21], [25], [25], [13], [24], [27], [14], [4], [22], [8], [15], [5], [25], [20], [4], [28], [28], [9], [31], [3], [15], [5], [21], [12], [21], [27], [7], [2], [30], [10], [21], [7], [7], [23], [15], [7], [1], [5], [24], [26], [11], [27], [10], [5], [5], [6], [18], [6], [19], [26], [28], [5], [5], [29], [6], [11], [17], [23], [2], [3], [12], [8], [20], [7], [4], [28], [15], [17], [5], [27], [13], [5], [23], [8], [13], [23], [28], [14], [10], [16], [18], [8], [16], [19], [4], [12], [4], [2], [6], [27], [15], [28], [5], [25]]",1,1.1277183294296265,128,farthest,0.0,2016,4.0,124,1.216727614402771,0,104 120 7 82,4031,0.45457813143730164,test,top_r_mean,1.0,0.5,0.25,0.25
0.031753907219052344,0.0,126,0.0,31,71.42779999412596,hotpotqa,1.0078740157480315,0.0,0.0,0.0,5ab7f97a5542991d322237ef,mean,0.5207619047619048,0.1446903944015503,"[[4], [30], [3], [28], [5], [10], [26], [13], [19], [30], [28], [19], [1], [24], [9], [7], [26], [20], [14], [1], [13], [30], [26], [4], [20], [8], [8], [29], [20], [10], [5], [0], [1], [17], [17], [1], [0], [6], [28], [19], [1], [9], [16], [28], [21], [22], [19], [20], [8], [3], [1], [17], [27], [16], [17], [31], [6], [11], [10], [23], [28], [21], [22], [10], [13], [19], [19], [29], [20], [16], [2], [13], [12], [31], [6], [29], [4], [10], [3], [26], [1], [5], [28], [8], [9], [1], [19], [27], [11], [26], [18], [4], [13], [3], [0], [4], [30], [7], [24], [6], [1], [15], [11], [22], [18], [26], [19], [27], [23], [16], [1], [30], [25], [23], [28], [14], [31], [31], [26], [28], [2], [25], [3], [23], [29], [27]]",1,0.31338346004486084,128,greedy_oracle,0.0,2016,4.0,124,0.44694089889526367,0,10 53 64 95,4031,0.7089583277702332,test,top_r_mean,0.0,0.0,0.0,0.125
0.031753907219052344,0.0,126,0.0,31,91.7572001926601,hotpotqa,1.0078740157480315,0.0,0.0,0.0,5ab7f97a5542991d322237ef,mean,0.1415873015873016,1.0970860719680786,"[[10], [24], [18], [15], [18], [4], [2], [3], [9], [23], [21], [5], [26], [22], [13], [27], [1], [7], [18], [7], [23], [1], [8], [15], [14], [25], [23], [15], [4], [29], [30], [11], [26], [11], [5], [12], [30], [8], [7], [27], [17], [18], [19], [3], [15], [27], [18], [26], [1], [7], [10], [6], [14], [28], [18], [6], [23], [6], [11], [5], [1], [27], [18], [2], [6], [26], [2], [4], [29], [12], [27], [13], [13], [0], [25], [2], [26], [1], [14], [1], [13], [21], [21], [27], [8], [27], [1], [7], [23], [12], [4], [25], [22], [1], [26], [6], [24], [20], [22], [21], [19], [21], [7], [12], [0], [23], [21], [11], [5], [2], [9], [17], [15], [28], [0], [9], [7], [1], [14], [10], [25], [30], [28], [19], [28], [17]]",1,1.6042454242706299,128,random,0.0,2016,4.0,124,1.7851043939590454,11,104 82 48 71,4031,0.21426020562648773,test,top_r_mean,1.0,0.5,0.25,0.25
0.031753907219052344,0.0,126,0.0,31,77.31780014000833,hotpotqa,1.0078740157480315,0.0,0.0,0.0,5ab7f97a5542991d322237ef,mean,0.18323809523809523,0.3567914366722107,"[[7], [1], [14], [29], [7], [1], [27], [12], [23], [18], [31], [18], [21], [20], [18], [26], [6], [5], [8], [8], [23], [14], [17], [15], [16], [18], [9], [20], [31], [8], [9], [17], [2], [18], [0], [24], [25], [0], [26], [29], [22], [18], [11], [28], [1], [30], [27], [10], [31], [0], [21], [8], [22], [23], [8], [5], [16], [8], [26], [28], [20], [16], [21], [0], [26], [2], [21], [5], [7], [20], [10], [28], [9], [25], [16], [15], [22], [13], [13], [25], [23], [3], [12], [16], [1], [25], [17], [8], [28], [30], [12], [10], [0], [14], [30], [4], [18], [1], [16], [15], [30], [10], [28], [28], [30], [0], [10], [12], [13], [7], [24], [27], [10], [0], [4], [16], [27], [25], [6], [26], [16], [31], [3], [18], [7], [26]]",1,1.6359119415283203,128,random,0.0,2016,4.0,124,1.8338600397109985,23,85 95 43 16,4031,0.2856992781162262,test,top_r_mean,0.0,0.0,0.0,0.125
0.031753907219052344,1.0,126,0.0,31,76.16210007108748,hotpotqa,1.0078740157480315,0.25,0.25,0.0,5ab7f97a5542991d322237ef,mean,0.13447619047619047,0.3871230483055115,"[[31], [0], [30], [13], [11], [20], [17], [23], [8], [2], [29], [29], [19], [12], [23], [15], [27], [0], [14], [24], [0], [11], [17], [31], [4], [2], [27], [24], [1], [7], [8], [29], [26], [19], [0], [4], [17], [14], [18], [27], [14], [26], [1], [3], [27], [10], [17], [23], [25], [15], [11], [25], [16], [28], [10], [13], [15], [25], [2], [4], [22], [11], [28], [19], [21], [10], [3], [26], [3], [30], [26], [18], [5], [22], [26], [21], [28], [7], [22], [26], [1], [4], [1], [24], [22], [19], [8], [12], [12], [4], [20], [31], [27], [29], [22], [29], [12], [25], [7], [9], [30], [15], [31], [5], [3], [8], [4], [30], [0], [24], [14], [25], [30], [0], [17], [29], [20], [16], [29], [2], [13], [13], [26], [7], [16], [23]]",1,1.4971308708190918,128,random,1.0,2016,4.0,124,1.69278085231781,37,1 18 21 79,4031,0.19735431671142578,test,top_r_mean,0.0,0.0,0.0,0.125
0.031753907219052344,0.0,126,0.0,31,75.55209985002875,hotpotqa,1.0078740157480315,0.0,0.0,0.0,5ab7f97a5542991d322237ef,mean,0.2995555555555556,1.5766881704330444,"[[12], [18], [21], [17], [2], [21], [8], [18], [16], [16], [28], [3], [21], [31], [22], [17], [26], [17], [2], [31], [16], [7], [27], [10], [13], [9], [16], [22], [27], [21], [28], [25], [15], [9], [28], [15], [21], [1], [5], [7], [18], [15], [13], [19], [3], [28], [17], [7], [9], [16], [5], [16], [12], [6], [29], [4], [1], [21], [29], [13], [17], [7], [0], [11], [18], [17], [16], [0], [21], [31], [11], [25], [24], [27], [21], [19], [25], [4], [15], [1], [0], [31], [1], [5], [2], [11], [6], [13], [0], [12], [30], [21], [25], [30], [15], [2], [0], [22], [21], [18], [4], [2], [30], [17], [8], [18], [9], [10], [14], [22], [5], [1], [24], [20], [13], [26], [19], [24], [8], [7], [8], [12], [7], [19], [5], [24]]",1,1.5425406694412231,128,random,0.0,2016,4.0,124,1.7180591821670532,53,88 96 80 10,4031,0.4328308701515198,test,top_r_mean,0.0,0.0,0.0,0.25
0.031753907219052344,0.0,126,0.0,31,72.99020001664758,hotpotqa,1.0078740157480315,0.0,0.0,0.0,5ab7f97a5542991d322237ef,mean,0.1459047619047619,1.0685291290283203,"[[17], [12], [14], [23], [24], [15], [9], [29], [5], [0], [11], [4], [7], [15], [2], [7], [7], [26], [2], [29], [8], [9], [26], [16], [29], [11], [7], [8], [7], [16], [18], [22], [28], [21], [3], [15], [6], [23], [31], [2], [11], [30], [5], [28], [27], [16], [28], [1], [23], [31], [27], [5], [24], [30], [17], [28], [26], [2], [20], [31], [6], [13], [20], [7], [11], [9], [29], [17], [4], [23], [1], [11], [27], [6], [24], [14], [20], [11], [21], [2], [24], [31], [30], [19], [10], [18], [6], [16], [18], [4], [28], [30], [8], [0], [28], [5], [23], [12], [8], [22], [25], [26], [4], [15], [4], [31], [25], [11], [17], [18], [13], [8], [0], [27], [22], [26], [6], [22], [6], [2], [12], [6], [25], [23], [21], [15]]",1,1.4549466371536255,128,random,0.0,2016,4.0,124,1.678152084350586,71,112 3 54 14,4031,0.2090168595314026,test,top_r_mean,0.0,0.0,0.0,0.25
0.031753907219052344,0.0,126,0.0,31,80.26419999077916,hotpotqa,1.0078740157480315,0.0,0.0,0.0,5ab7f97a5542991d322237ef,mean,0.15149206349206348,0.23926812410354614,"[[24, 25], [24, 25], [24, 25], [24, 25], [24, 25], [24, 25], [24, 25], [24, 25], [24, 25], [24, 25], [24, 25], [24, 25], [24, 25], [24, 25], [24, 25], [24, 25], [24, 25], [24, 25], [24, 25], [24, 25], [24, 25], [24, 25], [24, 25], [24, 25], [24, 25], [24, 25], [24, 25], [24, 25], [24, 25], [24, 25], [24, 25], [24, 25], [24, 25], [24, 25], [24, 25], [24, 25], [24, 25], [24, 25], [24, 25], [24, 25], [24, 25], [24, 25], [24, 25], [24, 25], [24, 25], [24, 25], [24, 25], [24, 25], [24, 25], [24, 25], [24, 25], [24, 25], [24, 25], [24, 25], [24, 25], [24, 25], [24, 25], [24, 25], [24, 25], [24, 25], [24, 25], [24, 25], [24, 25], [24, 25], [24, 25], [24, 25], [24, 25], [24, 25], [24, 25], [24, 25], [24, 25], [24, 25], [24, 25], [24, 25], [24, 25], [24, 25], [24, 25], [24, 25], [24, 25], [24, 25], [24, 25], [24, 25], [24, 25], [24, 25], [24, 25], [24, 25], [24, 25], [24, 25], [24, 25], [24, 25], [24, 25], [24, 25], [24, 25], [24, 25], [24, 25], [24, 25], [24, 25], [24, 25], [24, 25], [24, 25], [24, 25], [24, 25], [24, 25], [24, 25], [24, 25], [24, 25], [24, 25], [24, 25], [24, 25], [24, 25], [24, 25], [24, 25], [24, 25], [24, 25], [24, 25], [24, 25], [24, 25], [24, 25], [24, 25], [24, 25], [24, 25], [24, 25], [24, 25], [24, 25], [24, 25], [23, 24]]",2,1.5167561769485474,128,last,0.0,4032,4.0,124,1.6447564363479614,0,8 112 54 104,4031,0.23427368700504303,test,top_r_mean,0.0,0.5,0.5,0.25
0.031753907219052344,0.0,126,0.0,31,83.06120010092854,hotpotqa,1.0078740157480315,0.0,0.0,0.0,5ab7f97a5542991d322237ef,mean,0.39326984126984127,0.5922740697860718,"[[26, 0], [9, 1], [25, 13], [27, 16], [20, 14], [23, 8], [18, 0], [24, 21], [11, 0], [18, 14], [2, 22], [25, 5], [12, 26], [15, 3], [14, 7], [14, 31], [11, 0], [24, 21], [18, 8], [12, 28], [3, 29], [17, 31], [2, 27], [20, 27], [10, 0], [12, 17], [21, 23], [11, 22], [2, 18], [28, 8], [20, 6], [4, 11], [21, 0], [25, 19], [25, 2], [13, 6], [24, 14], [27, 4], [14, 9], [4, 1], [22, 0], [8, 22], [15, 14], [5, 21], [25, 10], [20, 1], [4, 27], [28, 18], [28, 0], [9, 4], [31, 6], [3, 15], [15, 2], [5, 0], [21, 6], [12, 21], [21, 0], [27, 13], [7, 15], [2, 21], [30, 20], [10, 26], [21, 30], [7, 12], [7, 0], [23, 2], [15, 24], [7, 2], [1, 7], [5, 25], [24, 20], [26, 6], [11, 0], [27, 5], [10, 4], [5, 9], [5, 2], [6, 15], [18, 5], [6, 31], [19, 0], [26, 21], [28, 26], [5, 13], [5, 14], [29, 26], [6, 24], [11, 25], [17, 0], [23, 20], [2, 19], [3, 1], [12, 20], [8, 1], [20, 28], [7, 25], [4, 0], [28, 21], [15, 3], [17, 31], [5, 31], [27, 1], [13, 9], [5, 0], [23, 0], [8, 16], [13, 24], [23, 31], [28, 10], [14, 19], [10, 23], [16, 4], [18, 0], [8, 27], [16, 6], [19, 28], [4, 21], [12, 18], [4, 16], [2, 14], [6, 0], [27, 29], [15, 20], [28, 0], [5, 27], [25, 15]]",2,1.6802828311920166,128,farthest,0.0,4032,4.0,124,1.7820661067962646,0,104 120 80 72,4031,0.5498822331428528,test,top_r_mean,1.0,0.5,0.25,0.5
0.031753907219052344,1.0,126,0.0,31,87.86220010370016,hotpotqa,1.0078740157480315,0.25,0.25,0.0,5ab7f97a5542991d322237ef,mean,0.7216507936507937,0.09350124001502991,"[[4, 0], [30, 0], [3, 4], [28, 23], [5, 8], [10, 5], [26, 21], [13, 23], [19, 0], [30, 2], [28, 6], [19, 3], [1, 2], [24, 5], [9, 2], [7, 0], [26, 0], [20, 1], [14, 24], [1, 27], [13, 28], [30, 11], [26, 24], [4, 1], [20, 0], [8, 15], [8, 15], [29, 7], [20, 13], [10, 3], [5, 16], [0, 7], [1, 0], [17, 24], [17, 24], [1, 8], [0, 31], [6, 15], [28, 4], [19, 26], [1, 0], [9, 2], [16, 9], [28, 1], [21, 28], [22, 14], [19, 25], [20, 17], [8, 0], [3, 10], [1, 8], [17, 10], [27, 16], [16, 23], [17, 25], [31, 15], [6, 0], [11, 18], [10, 17], [23, 16], [28, 30], [21, 29], [22, 25], [10, 18], [13, 0], [19, 1], [19, 26], [29, 3], [20, 4], [16, 9], [2, 9], [13, 20], [12, 0], [31, 11], [6, 7], [29, 1], [4, 3], [10, 17], [3, 28], [26, 3], [1, 0], [5, 20], [28, 21], [8, 15], [9, 16], [1, 25], [19, 0], [27, 20], [11, 0], [26, 19], [18, 24], [4, 12], [13, 17], [3, 22], [0, 3], [4, 5], [30, 0], [7, 13], [24, 7], [6, 7], [1, 2], [15, 16], [11, 12], [22, 27], [18, 0], [26, 31], [19, 7], [27, 9], [23, 6], [16, 0], [1, 25], [30, 3], [25, 0], [23, 18], [28, 17], [14, 2], [31, 8], [31, 5], [26, 13], [28, 3], [2, 0], [25, 4], [3, 4], [23, 5], [29, 2], [27, 1]]",2,0.20258158445358276,128,greedy_oracle,0.3333333333333333,4032,4.0,124,0.31815871596336365,0,112 64 0 40,4031,0.8822345733642578,test,top_r_mean,0.0,0.0,0.5,0.75
0.031753907219052344,0.0,126,0.0,31,85.32800013199449,hotpotqa,1.0078740157480315,0.0,0.0,0.0,5ab7f97a5542991d322237ef,mean,0.21523809523809523,0.3378007411956787,"[[10, 8], [24, 4], [18, 31], [15, 8], [18, 6], [4, 6], [2, 3], [3, 0], [9, 0], [23, 14], [21, 27], [5, 17], [26, 16], [22, 24], [13, 22], [27, 8], [1, 4], [7, 15], [18, 4], [7, 8], [23, 20], [1, 23], [8, 10], [15, 8], [14, 12], [25, 26], [23, 24], [15, 3], [4, 19], [29, 24], [30, 28], [11, 29], [26, 11], [11, 27], [5, 26], [12, 1], [30, 6], [8, 14], [7, 21], [27, 9], [17, 8], [18, 12], [19, 5], [3, 17], [15, 25], [27, 31], [18, 30], [26, 25], [1, 0], [7, 30], [10, 25], [6, 26], [14, 20], [28, 25], [18, 1], [6, 0], [23, 5], [6, 16], [11, 22], [5, 18], [1, 7], [27, 25], [18, 23], [2, 18], [6, 17], [26, 22], [2, 30], [4, 8], [29, 24], [12, 5], [27, 24], [13, 5], [13, 28], [0, 12], [25, 8], [2, 20], [26, 25], [1, 19], [14, 31], [1, 30], [13, 12], [21, 22], [21, 8], [27, 4], [8, 6], [27, 16], [1, 12], [7, 3], [23, 4], [12, 14], [4, 21], [25, 23], [22, 31], [1, 22], [26, 29], [6, 15], [24, 20], [20, 6], [22, 30], [21, 7], [19, 29], [21, 17], [7, 31], [12, 25], [0, 31], [23, 12], [21, 3], [11, 19], [5, 27], [2, 10], [9, 10], [17, 31], [15, 24], [28, 24], [0, 23], [9, 0], [7, 5], [1, 0], [14, 27], [10, 26], [25, 6], [30, 2], [28, 23], [19, 23], [28, 14], [17, 2]]",2,1.5281667709350586,128,random,0.0,4032,4.0,124,1.6270538568496704,11,48 104 8 63,4031,0.31879711151123047,test,top_r_mean,0.0,0.5,0.5,0.5
0.031753907219052344,0.0,126,0.0,31,79.20480007305741,hotpotqa,1.0078740157480315,0.0,0.0,0.0,5ab7f97a5542991d322237ef,mean,0.27085714285714285,0.3606531023979187,"[[7, 17], [1, 3], [14, 20], [29, 26], [7, 15], [1, 26], [27, 13], [12, 13], [23, 1], [18, 2], [31, 10], [18, 16], [21, 20], [20, 4], [18, 17], [26, 9], [6, 0], [5, 15], [8, 2], [8, 1], [23, 3], [14, 6], [17, 20], [15, 24], [16, 1], [18, 26], [9, 4], [20, 7], [31, 18], [8, 13], [9, 24], [17, 2], [2, 14], [18, 29], [0, 26], [24, 20], [25, 8], [0, 27], [26, 3], [29, 17], [22, 2], [18, 23], [11, 26], [28, 30], [1, 12], [30, 18], [27, 19], [10, 15], [31, 11], [0, 1], [21, 1], [8, 2], [22, 0], [23, 28], [8, 24], [5, 23], [16, 5], [8, 27], [26, 1], [28, 14], [20, 19], [16, 2], [21, 13], [0, 1], [26, 1], [2, 6], [21, 27], [5, 23], [7, 2], [20, 4], [10, 11], [28, 22], [9, 12], [25, 7], [16, 4], [15, 30], [22, 3], [13, 8], [13, 9], [25, 12], [23, 19], [3, 18], [12, 5], [16, 2], [1, 6], [25, 0], [17, 10], [8, 21], [28, 1], [30, 14], [12, 11], [10, 4], [0, 13], [14, 5], [30, 13], [4, 27], [18, 12], [1, 8], [16, 7], [15, 5], [30, 31], [10, 1], [28, 7], [28, 14], [30, 17], [0, 8], [10, 2], [12, 18], [13, 14], [7, 29], [24, 11], [27, 24], [10, 0], [0, 2], [4, 23], [16, 30], [27, 6], [25, 29], [6, 7], [26, 1], [16, 0], [31, 11], [3, 15], [18, 6], [7, 16], [26, 16]]",2,1.5582448244094849,128,random,0.0,4032,4.0,124,1.685736894607544,23,16 120 112 72,4031,0.41101160645484924,test,top_r_mean,0.0,0.0,0.0,0.125
0.031753907219052344,1.0,126,0.0,31,81.8034999538213,hotpotqa,1.0078740157480315,0.25,0.25,0.0,5ab7f97a5542991d322237ef,mean,0.21752380952380954,0.24875999987125397,"[[31, 29], [0, 18], [30, 27], [13, 5], [11, 3], [20, 16], [17, 6], [23, 29], [8, 28], [2, 27], [29, 6], [29, 1], [19, 14], [12, 8], [23, 30], [15, 13], [27, 26], [0, 6], [14, 13], [24, 6], [0, 6], [11, 5], [17, 27], [31, 12], [4, 7], [2, 12], [27, 1], [24, 12], [1, 11], [7, 15], [8, 13], [29, 15], [26, 23], [19, 1], [0, 27], [4, 27], [17, 11], [14, 29], [18, 21], [27, 18], [14, 4], [26, 11], [1, 30], [3, 19], [27, 19], [10, 16], [17, 12], [23, 18], [25, 13], [15, 25], [11, 7], [25, 19], [16, 27], [28, 27], [10, 5], [13, 12], [15, 18], [25, 8], [2, 21], [4, 0], [22, 9], [11, 0], [28, 8], [19, 26], [21, 19], [10, 31], [3, 9], [26, 3], [3, 18], [30, 1], [26, 29], [18, 11], [5, 3], [22, 20], [26, 19], [21, 0], [28, 24], [7, 26], [22, 24], [26, 10], [1, 24], [4, 24], [1, 27], [24, 15], [22, 18], [19, 0], [8, 10], [12, 25], [12, 10], [4, 7], [20, 2], [31, 27], [27, 7], [29, 28], [22, 30], [29, 0], [12, 27], [25, 24], [7, 15], [9, 13], [30, 24], [15, 8], [31, 6], [5, 11], [3, 6], [8, 30], [4, 7], [30, 31], [0, 27], [24, 11], [14, 25], [25, 16], [30, 24], [0, 4], [17, 20], [29, 7], [20, 27], [16, 26], [29, 13], [2, 31], [13, 15], [13, 30], [26, 29], [7, 15], [16, 18], [23, 22]]",2,1.5064040422439575,128,random,0.3333333333333333,4032,4.0,124,1.6388185024261475,37,52 7 1 80,4031,0.32298460602760315,test,top_r_mean,0.0,0.0,0.0,0.125
0.031753907219052344,0.0,126,0.0,31,90.16470005735755,hotpotqa,1.0078740157480315,0.0,0.0,0.0,5ab7f97a5542991d322237ef,mean,0.2965079365079365,0.3652685284614563,"[[12, 1], [18, 24], [21, 15], [17, 5], [2, 13], [21, 11], [8, 21], [18, 16], [16, 26], [16, 3], [28, 3], [3, 0], [21, 22], [31, 11], [22, 26], [17, 2], [26, 16], [17, 18], [2, 5], [31, 13], [16, 18], [7, 0], [27, 25], [10, 0], [13, 8], [9, 10], [16, 26], [22, 14], [27, 4], [21, 27], [28, 0], [25, 28], [15, 31], [9, 30], [28, 13], [15, 29], [21, 26], [1, 16], [5, 10], [7, 23], [18, 0], [15, 13], [13, 22], [19, 23], [3, 8], [28, 29], [17, 30], [7, 30], [9, 16], [16, 17], [5, 26], [16, 21], [12, 8], [6, 23], [29, 19], [4, 1], [1, 23], [21, 1], [29, 0], [13, 15], [17, 1], [7, 14], [0, 31], [11, 29], [18, 6], [17, 10], [16, 29], [0, 21], [21, 29], [31, 1], [11, 17], [25, 14], [24, 26], [27, 0], [21, 13], [19, 31], [25, 6], [4, 16], [15, 18], [1, 24], [0, 29], [31, 21], [1, 6], [5, 29], [2, 30], [11, 3], [6, 19], [13, 6], [0, 13], [12, 31], [30, 2], [21, 12], [25, 23], [30, 7], [15, 21], [2, 19], [0, 18], [22, 14], [21, 1], [18, 16], [4, 17], [2, 8], [30, 24], [17, 7], [8, 10], [18, 24], [9, 8], [10, 20], [14, 29], [22, 21], [5, 6], [1, 21], [24, 7], [20, 10], [13, 17], [26, 31], [19, 29], [24, 31], [8, 17], [7, 19], [8, 20], [12, 27], [7, 21], [19, 29], [5, 29], [24, 13]]",2,1.4997119903564453,128,random,0.0,4032,4.0,124,1.60652756690979,53,40 96 88 80,4031,0.42573976516723633,test,top_r_mean,0.0,0.0,0.25,0.375
0.031753907219052344,0.0,126,0.0,31,84.67340003699064,hotpotqa,1.0078740157480315,0.0,0.0,0.0,5ab7f97a5542991d322237ef,mean,0.19644444444444445,0.3067304491996765,"[[17, 14], [12, 16], [14, 17], [23, 4], [24, 30], [15, 5], [9, 26], [29, 31], [5, 18], [0, 25], [11, 20], [4, 3], [7, 25], [15, 10], [2, 22], [7, 25], [7, 22], [26, 14], [2, 7], [29, 31], [8, 14], [9, 28], [26, 8], [16, 2], [29, 15], [11, 21], [7, 9], [8, 3], [7, 15], [16, 14], [18, 21], [22, 6], [28, 8], [21, 13], [3, 12], [15, 7], [6, 10], [23, 19], [31, 22], [2, 1], [11, 31], [30, 14], [5, 8], [28, 20], [27, 26], [16, 10], [28, 17], [1, 0], [23, 3], [31, 18], [27, 2], [5, 27], [24, 23], [30, 6], [17, 27], [28, 1], [26, 15], [2, 30], [20, 13], [31, 15], [6, 3], [13, 8], [20, 8], [7, 16], [11, 26], [9, 15], [29, 10], [17, 27], [4, 26], [23, 28], [1, 30], [11, 27], [27, 12], [6, 26], [24, 20], [14, 20], [20, 1], [11, 12], [21, 16], [2, 4], [24, 23], [31, 8], [30, 16], [19, 11], [10, 8], [18, 3], [6, 20], [16, 22], [18, 16], [4, 1], [28, 29], [30, 27], [8, 12], [0, 8], [28, 23], [5, 11], [23, 10], [12, 8], [8, 14], [22, 14], [25, 18], [26, 5], [4, 0], [15, 2], [4, 3], [31, 13], [25, 30], [11, 12], [17, 23], [18, 12], [13, 5], [8, 3], [0, 5], [27, 29], [22, 12], [26, 14], [6, 1], [22, 31], [6, 4], [2, 15], [12, 23], [6, 10], [25, 19], [23, 8], [21, 24], [15, 5]]",2,1.4766299724578857,128,random,0.0,4032,4.0,124,1.6187665462493896,71,112 11 54 32,4031,0.29240041971206665,test,top_r_mean,0.0,0.0,0.0,0.125
0.031753907219052344,0.0,126,0.0,31,86.11939987167716,hotpotqa,1.0078740157480315,0.0,0.0,0.0,5ab7f97a5542991d322237ef,mean,0.21396825396825397,0.1818961352109909,"[[24, 25, 26, 27], [24, 25, 26, 27], [24, 25, 26, 27], [24, 25, 26, 27], [24, 25, 26, 27], [24, 25, 26, 27], [24, 25, 26, 27], [24, 25, 26, 27], [24, 25, 26, 27], [24, 25, 26, 27], [24, 25, 26, 27], [24, 25, 26, 27], [24, 25, 26, 27], [24, 25, 26, 27], [24, 25, 26, 27], [24, 25, 26, 27], [24, 25, 26, 27], [24, 25, 26, 27], [24, 25, 26, 27], [24, 25, 26, 27], [24, 25, 26, 27], [24, 25, 26, 27], [24, 25, 26, 27], [24, 25, 26, 27], [24, 25, 26, 27], [24, 25, 26, 27], [24, 25, 26, 27], [24, 25, 26, 27], [24, 25, 26, 27], [24, 25, 26, 27], [24, 25, 26, 27], [24, 25, 26, 27], [24, 25, 26, 27], [24, 25, 26, 27], [24, 25, 26, 27], [24, 25, 26, 27], [24, 25, 26, 27], [24, 25, 26, 27], [24, 25, 26, 27], [24, 25, 26, 27], [24, 25, 26, 27], [24, 25, 26, 27], [24, 25, 26, 27], [24, 25, 26, 27], [24, 25, 26, 27], [24, 25, 26, 27], [24, 25, 26, 27], [24, 25, 26, 27], [24, 25, 26, 27], [24, 25, 26, 27], [24, 25, 26, 27], [24, 25, 26, 27], [24, 25, 26, 27], [24, 25, 26, 27], [24, 25, 26, 27], [24, 25, 26, 27], [24, 25, 26, 27], [24, 25, 26, 27], [24, 25, 26, 27], [24, 25, 26, 27], [24, 25, 26, 27], [24, 25, 26, 27], [24, 25, 26, 27], [24, 25, 26, 27], [24, 25, 26, 27], [24, 25, 26, 27], [24, 25, 26, 27], [24, 25, 26, 27], [24, 25, 26, 27], [24, 25, 26, 27], [24, 25, 26, 27], [24, 25, 26, 27], [24, 25, 26, 27], [24, 25, 26, 27], [24, 25, 26, 27], [24, 25, 26, 27], [24, 25, 26, 27], [24, 25, 26, 27], [24, 25, 26, 27], [24, 25, 26, 27], [24, 25, 26, 27], [24, 25, 26, 27], [24, 25, 26, 27], [24, 25, 26, 27], [24, 25, 26, 27], [24, 25, 26, 27], [24, 25, 26, 27], [24, 25, 26, 27], [24, 25, 26, 27], [24, 25, 26, 27], [24, 25, 26, 27], [24, 25, 26, 27], [24, 25, 26, 27], [24, 25, 26, 27], [24, 25, 26, 27], [24, 25, 26, 27], [24, 25, 26, 27], [24, 25, 26, 27], [24, 25, 26, 27], [24, 25, 26, 27], [24, 25, 26, 27], [24, 25, 26, 27], [24, 25, 26, 27], [24, 25, 26, 27], [24, 25, 26, 27], [24, 25, 26, 27], [24, 25, 26, 27], [24, 25, 26, 27], [24, 25, 26, 27], [24, 25, 26, 27], [24, 25, 26, 27], [24, 25, 26, 27], [24, 25, 26, 27], [24, 25, 26, 27], [24, 25, 26, 27], [24, 25, 26, 27], [24, 25, 26, 27], [24, 25, 26, 27], [24, 25, 26, 27], [24, 25, 26, 27], [24, 25, 26, 27], [24, 25, 26, 27], [24, 25, 26, 27], [24, 25, 26, 27], [24, 25, 26, 27], [23, 24, 25, 26]]",4,1.5434764623641968,128,last,0.0,8064,4.0,124,1.633458137512207,0,8 104 93 54,4031,0.30232319235801697,test,top_r_mean,0.0,1.0,0.5,0.25
0.031753907219052344,0.0,126,0.0,31,80.57569991797209,hotpotqa,1.0078740157480315,0.0,0.0,0.0,5ab7f97a5542991d322237ef,mean,0.3848888888888889,0.10005679726600647,"[[26, 0, 11, 1], [9, 1, 14, 31], [25, 13, 1, 27], [27, 16, 7, 0], [20, 14, 9, 16], [23, 8, 3, 25], [18, 0, 19, 8], [24, 21, 15, 31], [11, 0, 10, 21], [18, 14, 12, 3], [2, 22, 23, 17], [25, 5, 20, 11], [12, 26, 28, 30], [15, 3, 13, 0], [14, 7, 28, 24], [14, 31, 5, 1], [11, 0, 2, 20], [24, 21, 6, 17], [18, 8, 7, 30], [12, 28, 13, 14], [3, 29, 15, 18], [17, 31, 16, 6], [2, 27, 11, 17], [20, 27, 22, 24], [10, 0, 29, 25], [12, 17, 18, 22], [21, 23, 24, 10], [11, 22, 8, 16], [2, 18, 15, 8], [28, 8, 12, 4], [20, 6, 3, 10], [4, 11, 1, 24], [21, 0, 6, 2], [25, 19, 22, 18], [25, 2, 22, 1], [13, 6, 2, 3], [24, 14, 5, 1], [27, 4, 25, 0], [14, 9, 27, 29], [4, 1, 17, 6], [22, 0, 10, 1], [8, 22, 23, 3], [15, 14, 11, 5], [5, 21, 15, 2], [25, 10, 12, 8], [20, 1, 26, 7], [4, 27, 11, 30], [28, 18, 25, 9], [28, 0, 2, 17], [9, 4, 8, 5], [31, 6, 2, 16], [3, 15, 11, 20], [15, 2, 3, 1], [5, 0, 17, 31], [21, 6, 9, 30], [12, 21, 5, 22], [21, 0, 4, 7], [27, 13, 12, 11], [7, 15, 12, 22], [2, 21, 18, 15], [30, 20, 0, 8], [10, 26, 23, 30], [21, 30, 13, 27], [7, 12, 15, 10], [7, 0, 15, 13], [23, 2, 17, 3], [15, 24, 21, 30], [7, 2, 4, 8], [1, 7, 21, 29], [5, 25, 14, 24], [24, 20, 7, 3], [26, 6, 14, 18], [11, 0, 14, 4], [27, 5, 16, 12], [10, 4, 13, 1], [5, 9, 26, 2], [5, 2, 22, 31], [6, 15, 11, 22], [18, 5, 8, 0], [6, 31, 28, 21], [19, 0, 17, 3], [26, 21, 25, 18], [28, 26, 23, 13], [5, 13, 21, 10], [5, 14, 11, 27], [29, 26, 12, 6], [6, 24, 20, 14], [11, 25, 22, 29], [17, 0, 1, 27], [23, 20, 21, 6], [2, 19, 31, 22], [3, 1, 0, 7], [12, 20, 31, 0], [8, 1, 4, 21], [20, 28, 11, 26], [7, 25, 22, 0], [4, 0, 16, 22], [28, 21, 4, 15], [15, 3, 9, 18], [17, 31, 28, 5], [5, 31, 15, 26], [27, 1, 0, 10], [13, 9, 30, 26], [5, 0, 17, 22], [23, 0, 8, 21], [8, 16, 0, 6], [13, 24, 22, 4], [23, 31, 28, 2], [28, 10, 9, 27], [14, 19, 31, 5], [10, 23, 22, 21], [16, 4, 28, 31], [18, 0, 10, 2], [8, 27, 19, 15], [16, 6, 18, 31], [19, 28, 4, 25], [4, 21, 22, 26], [12, 18, 31, 3], [4, 16, 24, 11], [2, 14, 26, 12], [6, 0, 4, 30], [27, 29, 12, 14], [15, 20, 5, 11], [28, 0, 8, 9], [5, 27, 25, 23], [25, 15, 10, 28]]",4,2.008669376373291,128,farthest,0.0,8064,4.0,124,2.043822765350342,0,64 104 40 80,4031,0.5379137396812439,test,top_r_mean,0.0,0.5,0.5,0.5
0.031753907219052344,1.0,126,0.0,31,87.37049996852875,hotpotqa,1.0078740157480315,0.25,0.25,0.0,5ab7f97a5542991d322237ef,mean,0.7993650793650794,0.002555923070758581,"[[4, 0, 8, 16], [30, 0, 5, 8], [3, 4, 10, 11], [28, 23, 10, 29], [5, 8, 1, 18], [10, 5, 12, 11], [26, 21, 28, 25], [13, 23, 18, 24], [19, 0, 5, 24], [30, 2, 0, 19], [28, 6, 5, 7], [19, 3, 4, 27], [1, 2, 6, 21], [24, 5, 23, 17], [9, 2, 15, 10], [7, 0, 29, 3], [26, 0, 18, 7], [20, 1, 10, 4], [14, 24, 21, 22], [1, 27, 6, 0], [13, 28, 20, 24], [30, 11, 19, 18], [26, 24, 5, 4], [4, 1, 18, 0], [20, 0, 4, 27], [8, 15, 0, 28], [8, 15, 19, 16], [29, 7, 14, 15], [20, 13, 1, 24], [10, 3, 11, 24], [5, 16, 23, 24], [0, 7, 8, 15], [1, 0, 7, 8], [17, 24, 5, 25], [17, 24, 0, 25], [1, 8, 9, 19], [0, 31, 7, 8], [6, 15, 7, 10], [28, 4, 11, 31], [19, 26, 3, 28], [1, 0, 16, 9], [9, 2, 10, 12], [16, 9, 17, 21], [28, 1, 8, 9], [21, 28, 29, 3], [22, 14, 21, 20], [19, 25, 20, 28], [20, 17, 1, 0], [8, 0, 7, 1], [3, 10, 0, 9], [1, 8, 9, 22], [17, 10, 18, 23], [27, 16, 9, 17], [16, 23, 2, 30], [17, 25, 24, 29], [31, 15, 8, 16], [6, 0, 1, 5], [11, 18, 21, 17], [10, 17, 18, 16], [23, 16, 22, 19], [28, 30, 24, 3], [21, 29, 28, 1], [22, 25, 6, 0], [10, 18, 4, 0], [13, 0, 10, 4], [19, 1, 28, 8], [19, 26, 0, 15], [29, 3, 10, 23], [20, 4, 27, 14], [16, 9, 5, 27], [2, 9, 25, 24], [13, 20, 25, 29], [12, 0, 16, 17], [31, 11, 18, 25], [6, 7, 17, 5], [29, 1, 8, 7], [4, 3, 5, 0], [10, 17, 21, 16], [3, 28, 11, 10], [26, 3, 4, 2], [1, 0, 5, 16], [5, 20, 12, 27], [28, 21, 29, 16], [8, 15, 0, 18], [9, 16, 20, 19], [1, 25, 17, 8], [19, 0, 27, 26], [27, 20, 17, 26], [11, 0, 19, 18], [26, 19, 27, 28], [18, 24, 29, 30], [4, 12, 11, 25], [13, 17, 12, 8], [3, 22, 23, 31], [0, 3, 8, 4], [4, 5, 16, 13], [30, 0, 21, 31], [7, 13, 8, 2], [24, 7, 11, 14], [6, 7, 11, 15], [1, 2, 17, 10], [15, 16, 24, 31], [11, 12, 21, 20], [22, 27, 26, 2], [18, 0, 23, 24], [26, 31, 9, 4], [19, 7, 21, 11], [27, 9, 13, 18], [23, 6, 7, 1], [16, 0, 30, 15], [1, 25, 7, 31], [30, 3, 0, 14], [25, 0, 7, 4], [23, 18, 29, 30], [28, 17, 25, 16], [14, 2, 20, 9], [31, 8, 25, 1], [31, 5, 9, 12], [26, 13, 5, 9], [28, 3, 0, 31], [2, 0, 6, 26], [25, 4, 5, 3], [3, 4, 10, 7], [23, 5, 22, 15], [29, 2, 6, 7], [27, 1, 4, 25]]",4,0.3197178244590759,128,greedy_oracle,0.5,8064,4.0,124,0.32954710721969604,0,40 0 104 8,4031,0.9282909035682678,test,top_r_mean,0.0,0.0,1.0,0.875
0.031753907219052344,0.0,126,0.0,31,81.9429000839591,hotpotqa,1.0078740157480315,0.0,0.0,0.0,5ab7f97a5542991d322237ef,mean,0.2693333333333333,0.1630476713180542,"[[10, 8, 30, 31], [24, 4, 15, 29], [18, 31, 11, 10], [15, 8, 7, 30], [18, 6, 11, 9], [4, 6, 24, 21], [2, 3, 17, 19], [3, 0, 30, 26], [9, 0, 7, 14], [23, 14, 17, 3], [21, 27, 25, 19], [5, 17, 1, 27], [26, 16, 13, 8], [22, 24, 19, 13], [13, 22, 30, 31], [27, 8, 22, 2], [1, 4, 8, 31], [7, 15, 26, 25], [18, 4, 5, 17], [7, 8, 9, 25], [23, 20, 9, 21], [1, 23, 26, 24], [8, 10, 27, 28], [15, 8, 1, 20], [14, 12, 25, 22], [25, 26, 18, 10], [23, 24, 27, 29], [15, 3, 20, 24], [4, 19, 20, 22], [29, 24, 7, 5], [30, 28, 1, 18], [11, 29, 13, 26], [26, 11, 22, 8], [11, 27, 9, 7], [5, 26, 14, 8], [12, 1, 22, 24], [30, 6, 5, 15], [8, 14, 24, 22], [7, 21, 18, 2], [27, 9, 29, 7], [17, 8, 27, 24], [18, 12, 2, 9], [19, 5, 28, 24], [3, 17, 25, 15], [15, 25, 16, 14], [27, 31, 2, 25], [18, 30, 5, 3], [26, 25, 21, 3], [1, 0, 10, 18], [7, 30, 0, 23], [10, 25, 23, 22], [6, 26, 15, 9], [14, 20, 2, 3], [28, 25, 12, 9], [18, 1, 19, 10], [6, 0, 18, 14], [23, 5, 12, 26], [6, 16, 7, 28], [11, 22, 19, 2], [5, 18, 9, 26], [1, 7, 13, 18], [27, 25, 18, 26], [18, 23, 27, 19], [2, 18, 26, 0], [6, 17, 25, 24], [26, 22, 31, 2], [2, 30, 12, 9], [4, 8, 27, 26], [29, 24, 21, 14], [12, 5, 30, 3], [27, 24, 12, 13], [13, 5, 19, 1], [13, 28, 5, 7], [0, 12, 30, 3], [25, 8, 22, 14], [2, 20, 22, 4], [26, 25, 7, 30], [1, 19, 29, 31], [14, 31, 26, 1], [1, 30, 14, 23], [13, 12, 6, 3], [21, 22, 17, 16], [21, 8, 20, 17], [27, 4, 7, 14], [8, 6, 2, 1], [27, 16, 19, 14], [1, 12, 17, 21], [7, 3, 11, 20], [23, 4, 26, 0], [12, 14, 24, 6], [4, 21, 28, 19], [25, 23, 1, 17], [22, 31, 5, 9], [1, 22, 10, 12], [26, 29, 5, 2], [6, 15, 8, 13], [24, 20, 0, 1], [20, 6, 19, 27], [22, 30, 15, 16], [21, 7, 24, 14], [19, 29, 6, 7], [21, 17, 3, 11], [7, 31, 9, 30], [12, 25, 17, 29], [0, 31, 21, 6], [23, 12, 2, 16], [21, 3, 6, 15], [11, 19, 12, 31], [5, 27, 12, 24], [2, 10, 9, 1], [9, 10, 31, 4], [17, 31, 16, 4], [15, 24, 26, 13], [28, 24, 20, 3], [0, 23, 19, 24], [9, 0, 14, 16], [7, 5, 6, 19], [1, 0, 8, 18], [14, 27, 26, 6], [10, 26, 28, 2], [25, 6, 26, 20], [30, 2, 27, 25], [28, 23, 19, 22], [19, 23, 11, 25], [28, 14, 31, 12], [17, 2, 15, 6]]",4,1.5580310821533203,128,random,0.0,8064,4.0,124,1.636634349822998,11,48 96 104 88,4031,0.40740007162094116,test,top_r_mean,0.0,0.0,0.25,0.5
0.031753907219052344,0.0,126,0.0,31,92.85679995082319,hotpotqa,1.0078740157480315,0.0,0.0,0.0,5ab7f97a5542991d322237ef,mean,0.38895238095238094,0.12413648515939713,"[[7, 17, 14, 22], [1, 3, 25, 14], [14, 20, 26, 25], [29, 26, 12, 27], [7, 15, 2, 12], [1, 26, 14, 23], [27, 13, 11, 12], [12, 13, 4, 18], [23, 1, 28, 26], [18, 2, 9, 31], [31, 10, 18, 8], [18, 16, 30, 5], [21, 20, 19, 8], [20, 4, 30, 27], [18, 17, 28, 14], [26, 9, 18, 25], [6, 0, 5, 23], [5, 15, 19, 13], [8, 2, 10, 9], [8, 1, 11, 5], [23, 3, 5, 9], [14, 6, 22, 23], [17, 20, 22, 18], [15, 24, 28, 8], [16, 1, 2, 28], [18, 26, 10, 1], [9, 4, 11, 5], [20, 7, 25, 15], [31, 18, 20, 27], [8, 13, 29, 12], [9, 24, 2, 3], [17, 2, 10, 12], [2, 14, 19, 1], [18, 29, 24, 0], [0, 26, 30, 29], [24, 20, 18, 9], [25, 8, 22, 2], [0, 27, 7, 3], [26, 3, 5, 4], [29, 17, 20, 3], [22, 2, 4, 1], [18, 23, 3, 27], [11, 26, 8, 12], [28, 30, 22, 9], [1, 12, 14, 29], [30, 18, 4, 9], [27, 19, 7, 24], [10, 15, 9, 14], [31, 11, 13, 22], [0, 1, 23, 14], [21, 1, 20, 29], [8, 2, 15, 16], [22, 0, 3, 27], [23, 28, 15, 6], [8, 24, 13, 11], [5, 23, 4, 30], [16, 5, 12, 26], [8, 27, 0, 6], [26, 1, 17, 18], [28, 14, 27, 10], [20, 19, 29, 28], [16, 2, 10, 13], [21, 13, 18, 20], [0, 1, 14, 28], [26, 1, 22, 3], [2, 6, 16, 19], [21, 27, 5, 11], [5, 23, 3, 24], [7, 2, 1, 23], [20, 4, 13, 14], [10, 11, 5, 24], [28, 22, 14, 15], [9, 12, 6, 25], [25, 7, 1, 17], [16, 4, 26, 3], [15, 30, 12, 3], [22, 3, 20, 13], [13, 8, 0, 29], [13, 9, 21, 2], [25, 12, 6, 23], [23, 19, 7, 2], [3, 18, 7, 20], [12, 5, 20, 15], [16, 2, 0, 26], [1, 6, 2, 22], [25, 0, 18, 31], [17, 10, 1, 25], [8, 21, 13, 19], [28, 1, 0, 8], [30, 14, 21, 11], [12, 11, 16, 0], [10, 4, 27, 26], [0, 13, 9, 10], [14, 5, 0, 13], [30, 13, 8, 26], [4, 27, 24, 1], [18, 12, 17, 30], [1, 8, 21, 0], [16, 7, 4, 19], [15, 5, 13, 1], [30, 31, 11, 20], [10, 1, 0, 26], [28, 7, 16, 13], [28, 14, 13, 20], [30, 17, 2, 22], [0, 8, 17, 10], [10, 2, 25, 0], [12, 18, 24, 17], [13, 14, 5, 23], [7, 29, 12, 5], [24, 11, 21, 1], [27, 24, 7, 9], [10, 0, 22, 31], [0, 2, 16, 11], [4, 23, 11, 8], [16, 30, 2, 4], [27, 6, 20, 3], [25, 29, 21, 3], [6, 7, 16, 19], [26, 1, 12, 0], [16, 0, 2, 1], [31, 11, 0, 15], [3, 15, 5, 18], [18, 6, 16, 28], [7, 16, 1, 30], [26, 16, 22, 20]]",4,1.5206239223480225,128,random,0.0,8064,4.0,124,1.5823241472244263,23,16 120 88 112,4031,0.559918999671936,test,top_r_mean,0.0,0.0,0.0,0.625
0.031753907219052344,0.0,126,0.0,31,98.45320018939674,hotpotqa,1.0078740157480315,0.0,0.0,0.0,5ab7f97a5542991d322237ef,mean,0.2604444444444444,0.17595870792865753,"[[31, 29, 23, 3], [0, 18, 10, 9], [30, 27, 18, 21], [13, 5, 12, 21], [11, 3, 20, 15], [20, 16, 11, 22], [17, 6, 1, 14], [23, 29, 19, 25], [8, 28, 9, 26], [2, 27, 15, 21], [29, 6, 12, 1], [29, 1, 16, 24], [19, 14, 2, 15], [12, 8, 24, 29], [23, 30, 29, 18], [15, 13, 1, 16], [27, 26, 15, 22], [0, 6, 13, 8], [14, 13, 16, 8], [24, 6, 30, 4], [0, 6, 9, 4], [11, 5, 29, 22], [17, 27, 18, 19], [31, 12, 3, 13], [4, 7, 8, 28], [2, 12, 6, 28], [27, 1, 17, 8], [24, 12, 13, 30], [1, 11, 17, 4], [7, 15, 5, 14], [8, 13, 24, 0], [29, 15, 17, 18], [26, 23, 22, 20], [19, 1, 17, 21], [0, 27, 8, 29], [4, 27, 29, 18], [17, 11, 23, 15], [14, 29, 15, 4], [18, 21, 1, 9], [27, 18, 0, 10], [14, 4, 24, 7], [26, 11, 4, 21], [1, 30, 31, 8], [3, 19, 29, 12], [27, 19, 31, 9], [10, 16, 1, 24], [17, 12, 31, 19], [23, 18, 21, 8], [25, 13, 31, 24], [15, 25, 0, 12], [11, 7, 31, 10], [25, 19, 4, 21], [16, 27, 2, 26], [28, 27, 9, 5], [10, 5, 28, 20], [13, 12, 16, 1], [15, 18, 11, 0], [25, 8, 13, 1], [2, 21, 29, 14], [4, 0, 8, 6], [22, 9, 16, 10], [11, 0, 7, 21], [28, 8, 5, 13], [19, 26, 10, 15], [21, 19, 31, 24], [10, 31, 30, 20], [3, 9, 4, 13], [26, 3, 13, 25], [3, 18, 29, 0], [30, 1, 17, 10], [26, 29, 6, 18], [18, 11, 7, 27], [5, 3, 12, 10], [22, 20, 24, 7], [26, 19, 2, 28], [21, 0, 30, 25], [28, 24, 13, 0], [7, 26, 10, 6], [22, 24, 7, 30], [26, 10, 28, 12], [1, 24, 13, 14], [4, 24, 0, 29], [1, 27, 24, 21], [24, 15, 11, 5], [22, 18, 24, 16], [19, 0, 7, 26], [8, 10, 19, 31], [12, 25, 0, 1], [12, 10, 1, 19], [4, 7, 29, 10], [20, 2, 27, 14], [31, 27, 25, 28], [27, 7, 14, 17], [29, 28, 10, 21], [22, 30, 8, 21], [29, 0, 3, 30], [12, 27, 16, 14], [25, 24, 10, 6], [7, 15, 27, 19], [9, 13, 16, 3], [30, 24, 1, 4], [15, 8, 5, 22], [31, 6, 13, 27], [5, 11, 27, 15], [3, 6, 8, 9], [8, 30, 2, 27], [4, 7, 3, 23], [30, 31, 10, 12], [0, 27, 13, 7], [24, 11, 20, 10], [14, 25, 30, 28], [25, 16, 30, 29], [30, 24, 10, 5], [0, 4, 21, 9], [17, 20, 0, 10], [29, 7, 25, 17], [20, 27, 29, 18], [16, 26, 29, 25], [29, 13, 28, 3], [2, 31, 10, 17], [13, 15, 20, 8], [13, 30, 26, 28], [26, 29, 1, 5], [7, 15, 12, 2], [16, 18, 8, 2], [23, 22, 7, 15]]",4,1.5154815912246704,128,random,0.0,8064,4.0,124,1.6014816761016846,37,56 24 7 82,4031,0.39631345868110657,test,top_r_mean,0.0,0.0,0.0,0.0
0.031753907219052344,0.0,126,0.0,31,92.57630002684891,hotpotqa,1.0078740157480315,0.0,0.0,0.0,5ab7f97a5542991d322237ef,mean,0.3831111111111111,0.11406170576810837,"[[12, 1, 28, 9], [18, 24, 26, 16], [21, 15, 22, 28], [17, 5, 27, 14], [2, 13, 19, 12], [21, 11, 1, 25], [8, 21, 14, 27], [18, 16, 28, 15], [16, 26, 4, 1], [16, 3, 10, 30], [28, 3, 15, 1], [3, 0, 7, 5], [21, 22, 16, 15], [31, 11, 16, 3], [22, 26, 12, 11], [17, 2, 8, 27], [26, 16, 8, 7], [17, 18, 7, 1], [2, 5, 24, 11], [31, 13, 19, 18], [16, 18, 15, 24], [7, 0, 15, 22], [27, 25, 16, 28], [10, 0, 22, 26], [13, 8, 15, 22], [9, 10, 7, 25], [16, 26, 24, 10], [22, 14, 8, 21], [27, 4, 13, 29], [21, 27, 20, 29], [28, 0, 19, 3], [25, 28, 12, 24], [15, 31, 9, 6], [9, 30, 0, 6], [28, 13, 17, 27], [15, 29, 13, 21], [21, 26, 14, 9], [1, 16, 8, 7], [5, 10, 0, 6], [7, 23, 29, 3], [18, 0, 10, 15], [15, 13, 6, 30], [13, 22, 27, 6], [19, 23, 3, 2], [3, 8, 0, 1], [28, 29, 9, 6], [17, 30, 5, 24], [7, 30, 9, 19], [9, 16, 24, 12], [16, 17, 30, 6], [5, 26, 19, 20], [16, 21, 8, 2], [12, 8, 9, 17], [6, 23, 25, 21], [29, 19, 23, 1], [4, 1, 6, 10], [1, 23, 0, 26], [21, 1, 17, 18], [29, 0, 27, 11], [13, 15, 25, 5], [17, 1, 10, 20], [7, 14, 0, 15], [0, 31, 9, 12], [11, 29, 1, 6], [18, 6, 1, 16], [17, 10, 22, 30], [16, 29, 20, 19], [0, 21, 11, 22], [21, 29, 7, 18], [31, 1, 18, 19], [11, 17, 29, 28], [25, 14, 1, 19], [24, 26, 31, 16], [27, 0, 24, 31], [21, 13, 16, 25], [19, 31, 6, 27], [25, 6, 7, 1], [4, 16, 5, 19], [15, 18, 27, 7], [1, 24, 0, 5], [0, 29, 8, 3], [31, 21, 0, 19], [1, 6, 30, 16], [5, 29, 9, 16], [2, 30, 17, 9], [11, 3, 23, 8], [6, 19, 31, 22], [13, 6, 14, 10], [0, 13, 23, 7], [12, 31, 16, 30], [30, 2, 21, 17], [21, 12, 15, 0], [25, 23, 1, 13], [30, 7, 16, 21], [15, 21, 31, 10], [2, 19, 15, 4], [0, 18, 6, 3], [22, 14, 24, 1], [21, 1, 28, 25], [18, 16, 3, 29], [4, 17, 2, 16], [2, 8, 11, 3], [30, 24, 26, 13], [17, 7, 29, 4], [8, 10, 0, 27], [18, 24, 3, 7], [9, 8, 0, 27], [10, 20, 18, 7], [14, 29, 4, 22], [22, 21, 7, 25], [5, 6, 26, 24], [1, 21, 16, 0], [24, 7, 5, 31], [20, 10, 19, 9], [13, 17, 11, 6], [26, 31, 30, 16], [19, 29, 25, 26], [24, 31, 23, 0], [8, 17, 28, 29], [7, 19, 22, 17], [8, 20, 4, 13], [12, 27, 2, 0], [7, 21, 23, 20], [19, 29, 5, 3], [5, 29, 6, 17], [24, 13, 30, 22]]",4,1.49618661403656,128,random,0.0,8064,4.0,124,1.554573655128479,53,40 96 56 88,4031,0.5518199801445007,test,top_r_mean,0.0,0.0,0.25,0.5
0.031753907219052344,0.0,126,0.0,31,92.48879994265735,hotpotqa,1.0078740157480315,0.0,0.0,0.0,5ab7f97a5542991d322237ef,mean,0.2817777777777778,0.16815200448036194,"[[17, 14, 22, 23], [12, 16, 22, 27], [14, 17, 29, 11], [23, 4, 3, 12], [24, 30, 9, 21], [15, 5, 29, 18], [9, 26, 27, 10], [29, 31, 26, 18], [5, 18, 25, 31], [0, 25, 26, 28], [11, 20, 28, 23], [4, 3, 10, 21], [7, 25, 1, 17], [15, 10, 8, 3], [2, 22, 30, 19], [7, 25, 14, 22], [7, 22, 5, 20], [26, 14, 28, 9], [2, 7, 26, 12], [29, 31, 7, 14], [8, 14, 15, 17], [9, 28, 6, 22], [26, 8, 20, 14], [16, 2, 15, 13], [29, 15, 24, 14], [11, 21, 1, 6], [7, 9, 3, 12], [8, 3, 26, 30], [7, 15, 17, 8], [16, 14, 1, 17], [18, 21, 3, 16], [22, 6, 5, 27], [28, 8, 6, 30], [21, 13, 23, 27], [3, 12, 14, 28], [15, 7, 27, 20], [6, 10, 31, 21], [23, 19, 1, 12], [31, 22, 16, 2], [2, 1, 27, 3], [11, 31, 7, 5], [30, 14, 20, 22], [5, 8, 0, 23], [28, 20, 30, 12], [27, 26, 14, 12], [16, 10, 18, 28], [28, 17, 8, 13], [1, 0, 22, 12], [23, 3, 5, 15], [31, 18, 26, 4], [27, 2, 13, 25], [5, 27, 14, 23], [24, 23, 25, 14], [30, 6, 16, 5], [17, 27, 31, 7], [28, 1, 8, 9], [26, 15, 17, 27], [2, 30, 28, 25], [20, 13, 9, 30], [31, 15, 25, 9], [6, 3, 27, 21], [13, 8, 12, 20], [20, 8, 23, 7], [7, 16, 14, 31], [11, 26, 6, 20], [9, 15, 26, 23], [29, 10, 20, 14], [17, 27, 7, 3], [4, 26, 3, 5], [23, 28, 1, 12], [1, 30, 22, 21], [11, 27, 30, 15], [27, 12, 15, 10], [6, 26, 24, 15], [24, 20, 6, 21], [14, 20, 5, 7], [20, 1, 17, 8], [11, 12, 1, 6], [21, 16, 0, 30], [2, 4, 11, 15], [24, 23, 11, 14], [31, 8, 6, 9], [30, 16, 1, 26], [19, 11, 0, 28], [10, 8, 15, 22], [18, 3, 5, 25], [6, 20, 10, 11], [16, 22, 26, 9], [18, 16, 3, 4], [4, 1, 15, 19], [28, 29, 23, 5], [30, 27, 1, 17], [8, 12, 0, 27], [0, 8, 6, 19], [28, 23, 13, 30], [5, 11, 20, 31], [23, 10, 12, 2], [12, 8, 26, 13], [8, 14, 13, 10], [22, 14, 5, 4], [25, 18, 10, 2], [26, 5, 29, 31], [4, 0, 30, 6], [15, 2, 23, 14], [4, 3, 25, 6], [31, 13, 26, 23], [25, 30, 27, 20], [11, 12, 16, 29], [17, 23, 19, 27], [18, 12, 9, 6], [13, 5, 2, 1], [8, 3, 31, 10], [0, 5, 25, 20], [27, 29, 20, 5], [22, 12, 26, 28], [26, 14, 0, 16], [6, 1, 17, 3], [22, 31, 11, 5], [6, 4, 31, 28], [2, 15, 7, 22], [12, 23, 2, 10], [6, 10, 12, 15], [25, 19, 31, 16], [23, 8, 20, 0], [21, 24, 13, 28], [15, 5, 9, 1]]",4,1.492909550666809,128,random,0.0,8064,4.0,124,1.574924111366272,71,112 53 117 8,4031,0.4237840175628662,test,top_r_mean,0.0,0.0,0.25,0.375
0.031753907219052344,0.0,126,0.0,31,97.35509986057878,hotpotqa,1.0078740157480315,0.0,0.0,0.0,5ab7f97a5542991d322237ef,mean,0.37777777777777777,0.14378470182418823,"[[24, 25, 26, 27, 28, 29, 30, 31], [24, 25, 26, 27, 28, 29, 30, 31], [24, 25, 26, 27, 28, 29, 30, 31], [24, 25, 26, 27, 28, 29, 30, 31], [24, 25, 26, 27, 28, 29, 30, 31], [24, 25, 26, 27, 28, 29, 30, 31], [24, 25, 26, 27, 28, 29, 30, 31], [24, 25, 26, 27, 28, 29, 30, 31], [24, 25, 26, 27, 28, 29, 30, 31], [24, 25, 26, 27, 28, 29, 30, 31], [24, 25, 26, 27, 28, 29, 30, 31], [24, 25, 26, 27, 28, 29, 30, 31], [24, 25, 26, 27, 28, 29, 30, 31], [24, 25, 26, 27, 28, 29, 30, 31], [24, 25, 26, 27, 28, 29, 30, 31], [24, 25, 26, 27, 28, 29, 30, 31], [24, 25, 26, 27, 28, 29, 30, 31], [24, 25, 26, 27, 28, 29, 30, 31], [24, 25, 26, 27, 28, 29, 30, 31], [24, 25, 26, 27, 28, 29, 30, 31], [24, 25, 26, 27, 28, 29, 30, 31], [24, 25, 26, 27, 28, 29, 30, 31], [24, 25, 26, 27, 28, 29, 30, 31], [24, 25, 26, 27, 28, 29, 30, 31], [24, 25, 26, 27, 28, 29, 30, 31], [24, 25, 26, 27, 28, 29, 30, 31], [24, 25, 26, 27, 28, 29, 30, 31], [24, 25, 26, 27, 28, 29, 30, 31], [24, 25, 26, 27, 28, 29, 30, 31], [24, 25, 26, 27, 28, 29, 30, 31], [24, 25, 26, 27, 28, 29, 30, 31], [24, 25, 26, 27, 28, 29, 30, 31], [24, 25, 26, 27, 28, 29, 30, 31], [24, 25, 26, 27, 28, 29, 30, 31], [24, 25, 26, 27, 28, 29, 30, 31], [24, 25, 26, 27, 28, 29, 30, 31], [24, 25, 26, 27, 28, 29, 30, 31], [24, 25, 26, 27, 28, 29, 30, 31], [24, 25, 26, 27, 28, 29, 30, 31], [24, 25, 26, 27, 28, 29, 30, 31], [24, 25, 26, 27, 28, 29, 30, 31], [24, 25, 26, 27, 28, 29, 30, 31], [24, 25, 26, 27, 28, 29, 30, 31], [24, 25, 26, 27, 28, 29, 30, 31], [24, 25, 26, 27, 28, 29, 30, 31], [24, 25, 26, 27, 28, 29, 30, 31], [24, 25, 26, 27, 28, 29, 30, 31], [24, 25, 26, 27, 28, 29, 30, 31], [24, 25, 26, 27, 28, 29, 30, 31], [24, 25, 26, 27, 28, 29, 30, 31], [24, 25, 26, 27, 28, 29, 30, 31], [24, 25, 26, 27, 28, 29, 30, 31], [24, 25, 26, 27, 28, 29, 30, 31], [24, 25, 26, 27, 28, 29, 30, 31], [24, 25, 26, 27, 28, 29, 30, 31], [24, 25, 26, 27, 28, 29, 30, 31], [24, 25, 26, 27, 28, 29, 30, 31], [24, 25, 26, 27, 28, 29, 30, 31], [24, 25, 26, 27, 28, 29, 30, 31], [24, 25, 26, 27, 28, 29, 30, 31], [24, 25, 26, 27, 28, 29, 30, 31], [24, 25, 26, 27, 28, 29, 30, 31], [24, 25, 26, 27, 28, 29, 30, 31], [24, 25, 26, 27, 28, 29, 30, 31], [24, 25, 26, 27, 28, 29, 30, 31], [24, 25, 26, 27, 28, 29, 30, 31], [24, 25, 26, 27, 28, 29, 30, 31], [24, 25, 26, 27, 28, 29, 30, 31], [24, 25, 26, 27, 28, 29, 30, 31], [24, 25, 26, 27, 28, 29, 30, 31], [24, 25, 26, 27, 28, 29, 30, 31], [24, 25, 26, 27, 28, 29, 30, 31], [24, 25, 26, 27, 28, 29, 30, 31], [24, 25, 26, 27, 28, 29, 30, 31], [24, 25, 26, 27, 28, 29, 30, 31], [24, 25, 26, 27, 28, 29, 30, 31], [24, 25, 26, 27, 28, 29, 30, 31], [24, 25, 26, 27, 28, 29, 30, 31], [24, 25, 26, 27, 28, 29, 30, 31], [24, 25, 26, 27, 28, 29, 30, 31], [24, 25, 26, 27, 28, 29, 30, 31], [24, 25, 26, 27, 28, 29, 30, 31], [24, 25, 26, 27, 28, 29, 30, 31], [24, 25, 26, 27, 28, 29, 30, 31], [24, 25, 26, 27, 28, 29, 30, 31], [24, 25, 26, 27, 28, 29, 30, 31], [24, 25, 26, 27, 28, 29, 30, 31], [24, 25, 26, 27, 28, 29, 30, 31], [24, 25, 26, 27, 28, 29, 30, 31], [24, 25, 26, 27, 28, 29, 30, 31], [24, 25, 26, 27, 28, 29, 30, 31], [24, 25, 26, 27, 28, 29, 30, 31], [24, 25, 26, 27, 28, 29, 30, 31], [24, 25, 26, 27, 28, 29, 30, 31], [24, 25, 26, 27, 28, 29, 30, 31], [24, 25, 26, 27, 28, 29, 30, 31], [24, 25, 26, 27, 28, 29, 30, 31], [24, 25, 26, 27, 28, 29, 30, 31], [24, 25, 26, 27, 28, 29, 30, 31], [24, 25, 26, 27, 28, 29, 30, 31], [24, 25, 26, 27, 28, 29, 30, 31], [24, 25, 26, 27, 28, 29, 30, 31], [24, 25, 26, 27, 28, 29, 30, 31], [24, 25, 26, 27, 28, 29, 30, 31], [24, 25, 26, 27, 28, 29, 30, 31], [24, 25, 26, 27, 28, 29, 30, 31], [24, 25, 26, 27, 28, 29, 30, 31], [24, 25, 26, 27, 28, 29, 30, 31], [24, 25, 26, 27, 28, 29, 30, 31], [24, 25, 26, 27, 28, 29, 30, 31], [24, 25, 26, 27, 28, 29, 30, 31], [24, 25, 26, 27, 28, 29, 30, 31], [24, 25, 26, 27, 28, 29, 30, 31], [24, 25, 26, 27, 28, 29, 30, 31], [24, 25, 26, 27, 28, 29, 30, 31], [24, 25, 26, 27, 28, 29, 30, 31], [24, 25, 26, 27, 28, 29, 30, 31], [24, 25, 26, 27, 28, 29, 30, 31], [24, 25, 26, 27, 28, 29, 30, 31], [24, 25, 26, 27, 28, 29, 30, 31], [24, 25, 26, 27, 28, 29, 30, 31], [24, 25, 26, 27, 28, 29, 30, 31], [24, 25, 26, 27, 28, 29, 30, 31], [24, 25, 26, 27, 28, 29, 30, 31], [24, 25, 26, 27, 28, 29, 30, 31], [23, 24, 25, 26, 27, 28, 29, 30]]",8,0.8925411701202393,128,last,0.0,16128,4.0,124,0.9948059916496277,0,8 104 93 105,4031,0.5277330279350281,test,top_r_mean,0.0,1.0,0.5,0.25
0.031753907219052344,1.0,126,0.0,31,90.08110011927783,hotpotqa,1.0078740157480315,0.25,0.25,0.0,5ab7f97a5542991d322237ef,mean,0.4344126984126984,0.041939835995435715,"[[26, 0, 11, 1, 10, 20, 2, 9], [9, 1, 14, 31, 6, 0, 2, 28], [25, 13, 1, 27, 2, 20, 15, 0], [27, 16, 7, 0, 9, 17, 6, 2], [20, 14, 9, 16, 2, 13, 25, 4], [23, 8, 3, 25, 31, 5, 6, 0], [18, 0, 19, 8, 24, 5, 21, 22], [24, 21, 15, 31, 9, 4, 26, 14], [11, 0, 10, 21, 9, 2, 20, 19], [18, 14, 12, 3, 15, 22, 13, 4], [2, 22, 23, 17, 3, 0, 29, 16], [25, 5, 20, 11, 21, 12, 8, 17], [12, 26, 28, 30, 27, 4, 21, 1], [15, 3, 13, 0, 29, 6, 27, 7], [14, 7, 28, 24, 16, 3, 22, 2], [14, 31, 5, 1, 9, 2, 0, 3], [11, 0, 2, 20, 26, 8, 9, 10], [24, 21, 6, 17, 22, 11, 28, 16], [18, 8, 7, 30, 12, 15, 16, 6], [12, 28, 13, 14, 3, 11, 17, 30], [3, 29, 15, 18, 14, 12, 30, 13], [17, 31, 16, 6, 13, 1, 0, 19], [2, 27, 11, 17, 0, 31, 26, 6], [20, 27, 22, 24, 13, 2, 0, 23], [10, 0, 29, 25, 22, 11, 21, 1], [12, 17, 18, 22, 9, 13, 1, 10], [21, 23, 24, 10, 9, 6, 2, 13], [11, 22, 8, 16, 23, 12, 9, 1], [2, 18, 15, 8, 14, 25, 22, 13], [28, 8, 12, 4, 0, 22, 20, 18], [20, 6, 3, 10, 17, 30, 12, 0], [4, 11, 1, 24, 5, 0, 20, 2], [21, 0, 6, 2, 3, 1, 30, 23], [25, 19, 22, 18, 15, 29, 2, 8], [25, 2, 22, 1, 19, 6, 18, 28], [13, 6, 2, 3, 31, 1, 21, 23], [24, 14, 5, 1, 18, 31, 30, 2], [27, 4, 25, 0, 16, 31, 1, 19], [14, 9, 27, 29, 25, 6, 28, 31], [4, 1, 17, 6, 21, 11, 30, 16], [22, 0, 10, 1, 14, 11, 5, 25], [8, 22, 23, 3, 7, 4, 13, 30], [15, 14, 11, 5, 31, 10, 27, 29], [5, 21, 15, 2, 26, 28, 6, 11], [25, 10, 12, 8, 9, 15, 23, 13], [20, 1, 26, 7, 16, 24, 4, 28], [4, 27, 11, 30, 12, 22, 25, 14], [28, 18, 25, 9, 21, 19, 3, 23], [28, 0, 2, 17, 6, 1, 3, 26], [9, 4, 8, 5, 17, 28, 13, 3], [31, 6, 2, 16, 3, 10, 17, 1], [3, 15, 11, 20, 12, 1, 10, 27], [15, 2, 3, 1, 14, 11, 25, 10], [5, 0, 17, 31, 16, 26, 18, 30], [21, 6, 9, 30, 18, 2, 17, 13], [12, 21, 5, 22, 24, 1, 28, 10], [21, 0, 4, 7, 8, 1, 31, 28], [27, 13, 12, 11, 16, 8, 31, 19], [7, 15, 12, 22, 11, 27, 26, 19], [2, 21, 18, 15, 28, 11, 16, 17], [30, 20, 0, 8, 26, 6, 11, 17], [10, 26, 23, 30, 21, 6, 22, 24], [21, 30, 13, 27, 17, 25, 2, 20], [7, 12, 15, 10, 26, 11, 24, 13], [7, 0, 15, 13, 14, 18, 25, 10], [23, 2, 17, 3, 6, 11, 1, 26], [15, 24, 21, 30, 2, 20, 13, 27], [7, 2, 4, 8, 0, 31, 15, 3], [1, 7, 21, 29, 25, 22, 20, 8], [5, 25, 14, 24, 10, 20, 22, 11], [24, 20, 7, 3, 0, 26, 2, 18], [26, 6, 14, 18, 13, 22, 9, 11], [11, 0, 14, 4, 10, 6, 23, 2], [27, 5, 16, 12, 13, 6, 30, 19], [10, 4, 13, 1, 26, 0, 19, 22], [5, 9, 26, 2, 24, 1, 6, 31], [5, 2, 22, 31, 16, 10, 6, 14], [6, 15, 11, 22, 8, 10, 24, 31], [18, 5, 8, 0, 3, 29, 2, 21], [6, 31, 28, 21, 26, 16, 27, 19], [19, 0, 17, 3, 29, 14, 6, 2], [26, 21, 25, 18, 22, 17, 5, 3], [28, 26, 23, 13, 22, 7, 12, 20], [5, 13, 21, 10, 20, 9, 1, 24], [5, 14, 11, 27, 10, 9, 18, 17], [29, 26, 12, 6, 22, 25, 20, 3], [6, 24, 20, 14, 19, 9, 21, 10], [11, 25, 22, 29, 20, 0, 3, 21], [17, 0, 1, 27, 7, 12, 16, 8], [23, 20, 21, 6, 9, 17, 19, 1], [2, 19, 31, 22, 20, 8, 9, 26], [3, 1, 0, 7, 15, 8, 29, 12], [12, 20, 31, 0, 18, 30, 2, 26], [8, 1, 4, 21, 13, 5, 28, 2], [20, 28, 11, 26, 7, 27, 3, 13], [7, 25, 22, 0, 30, 23, 28, 17], [4, 0, 16, 22, 27, 6, 23, 8], [28, 21, 4, 15, 11, 19, 29, 18], [15, 3, 9, 18, 31, 2, 28, 5], [17, 31, 28, 5, 0, 29, 16, 3], [5, 31, 15, 26, 24, 0, 13, 12], [27, 1, 0, 10, 11, 7, 21, 5], [13, 9, 30, 26, 29, 24, 11, 4], [5, 0, 17, 22, 25, 31, 7, 23], [23, 0, 8, 21, 2, 7, 13, 19], [8, 16, 0, 6, 5, 10, 1, 17], [13, 24, 22, 4, 23, 31, 27, 8], [23, 31, 28, 2, 30, 27, 1, 22], [28, 10, 9, 27, 12, 21, 24, 17], [14, 19, 31, 5, 27, 23, 18, 26], [10, 23, 22, 21, 29, 26, 24, 19], [16, 4, 28, 31, 30, 3, 1, 22], [18, 0, 10, 2, 8, 11, 26, 25], [8, 27, 19, 15, 23, 7, 21, 24], [16, 6, 18, 31, 9, 3, 28, 29], [19, 28, 4, 25, 27, 15, 8, 12], [4, 21, 22, 26, 11, 29, 31, 27], [12, 18, 31, 3, 26, 17, 8, 0], [4, 16, 24, 11, 2, 14, 10, 21], [2, 14, 26, 12, 7, 29, 4, 28], [6, 0, 4, 30, 7, 25, 16, 3], [27, 29, 12, 14, 2, 23, 9, 20], [15, 20, 5, 11, 19, 25, 8, 18], [28, 0, 8, 9, 26, 10, 6, 19], [5, 27, 25, 23, 0, 2, 19, 22], [25, 15, 10, 28, 16, 13, 7, 2]]",8,0.9733103513717651,128,farthest,1.0,16128,4.0,124,1.0210760831832886,0,0 104 64 32,4031,0.5974742770195007,test,top_r_mean,0.0,0.5,0.5,0.75
0.031753907219052344,1.0,126,0.0,31,92.86649990826845,hotpotqa,1.0078740157480315,0.25,0.25,0.0,5ab7f97a5542991d322237ef,mean,0.9126349206349207,0.0006597274914383888,"[[4, 0, 8, 16, 9, 3, 12, 19], [30, 0, 5, 8, 23, 4, 12, 20], [3, 4, 10, 11, 9, 1, 17, 31], [28, 23, 10, 29, 15, 11, 13, 30], [5, 8, 1, 18, 19, 6, 15, 30], [10, 5, 12, 11, 20, 17, 24, 13], [26, 21, 28, 25, 27, 30, 5, 29], [13, 23, 18, 24, 14, 15, 19, 4], [19, 0, 5, 24, 27, 4, 6, 21], [30, 2, 0, 19, 24, 17, 16, 11], [28, 6, 5, 7, 12, 16, 17, 4], [19, 3, 4, 27, 2, 11, 26, 7], [1, 2, 6, 21, 8, 3, 25, 7], [24, 5, 23, 17, 12, 27, 21, 11], [9, 2, 15, 10, 11, 21, 22, 5], [7, 0, 29, 3, 6, 30, 31, 9], [26, 0, 18, 7, 6, 1, 30, 24], [20, 1, 10, 4, 30, 27, 29, 9], [14, 24, 21, 22, 5, 3, 1, 7], [1, 27, 6, 0, 2, 24, 7, 11], [13, 28, 20, 24, 8, 19, 1, 22], [30, 11, 19, 18, 25, 20, 21, 9], [26, 24, 5, 4, 20, 6, 21, 19], [4, 1, 18, 0, 5, 13, 12, 15], [20, 0, 4, 27, 28, 1, 24, 16], [8, 15, 0, 28, 14, 29, 20, 4], [8, 15, 19, 16, 14, 22, 11, 1], [29, 7, 14, 15, 21, 13, 30, 4], [20, 13, 1, 24, 3, 16, 26, 19], [10, 3, 11, 24, 9, 6, 14, 13], [5, 16, 23, 24, 26, 28, 22, 2], [0, 7, 8, 15, 19, 17, 9, 6], [1, 0, 7, 8, 9, 17, 16, 5], [17, 24, 5, 25, 26, 23, 0, 7], [17, 24, 0, 25, 27, 23, 11, 5], [1, 8, 9, 19, 7, 10, 18, 17], [0, 31, 7, 8, 17, 9, 16, 18], [6, 15, 7, 10, 5, 23, 14, 2], [28, 4, 11, 31, 13, 18, 2, 10], [19, 26, 3, 28, 2, 5, 12, 25], [1, 0, 16, 9, 2, 29, 15, 19], [9, 2, 10, 12, 8, 18, 11, 17], [16, 9, 17, 21, 26, 18, 22, 19], [28, 1, 8, 9, 10, 7, 19, 15], [21, 28, 29, 3, 5, 19, 4, 27], [22, 14, 21, 20, 28, 17, 7, 6], [19, 25, 20, 28, 31, 4, 18, 11], [20, 17, 1, 0, 27, 12, 31, 26], [8, 0, 7, 1, 9, 16, 11, 5], [3, 10, 0, 9, 12, 7, 16, 13], [1, 8, 9, 22, 20, 7, 28, 16], [17, 10, 18, 23, 16, 27, 19, 24], [27, 16, 9, 17, 15, 0, 23, 20], [16, 23, 2, 30, 13, 24, 22, 8], [17, 25, 24, 29, 23, 26, 27, 12], [31, 15, 8, 16, 11, 14, 29, 0], [6, 0, 1, 5, 24, 2, 3, 8], [11, 18, 21, 17, 14, 20, 15, 19], [10, 17, 18, 16, 13, 1, 0, 19], [23, 16, 22, 19, 9, 24, 3, 4], [28, 30, 24, 3, 9, 27, 19, 31], [21, 29, 28, 1, 27, 2, 7, 5], [22, 25, 6, 0, 31, 11, 18, 10], [10, 18, 4, 0, 31, 16, 17, 19], [13, 0, 10, 4, 2, 5, 20, 21], [19, 1, 28, 8, 27, 26, 9, 14], [19, 26, 0, 15, 12, 28, 29, 6], [29, 3, 10, 23, 12, 9, 11, 21], [20, 4, 27, 14, 5, 31, 8, 10], [16, 9, 5, 27, 19, 17, 15, 4], [2, 9, 25, 24, 8, 17, 21, 15], [13, 20, 25, 29, 10, 9, 28, 19], [12, 0, 16, 17, 5, 3, 11, 18], [31, 11, 18, 25, 21, 8, 17, 20], [6, 7, 17, 5, 11, 18, 19, 16], [29, 1, 8, 7, 22, 20, 15, 4], [4, 3, 5, 0, 17, 27, 9, 28], [10, 17, 21, 16, 18, 0, 13, 24], [3, 28, 11, 10, 12, 9, 25, 23], [26, 3, 4, 2, 15, 9, 13, 14], [1, 0, 5, 16, 19, 20, 2, 4], [5, 20, 12, 27, 9, 14, 28, 13], [28, 21, 29, 16, 31, 17, 30, 0], [8, 15, 0, 18, 14, 6, 5, 16], [9, 16, 20, 19, 17, 18, 15, 21], [1, 25, 17, 8, 19, 9, 11, 31], [19, 0, 27, 26, 1, 3, 16, 13], [27, 20, 17, 26, 29, 30, 4, 23], [11, 0, 19, 18, 3, 6, 17, 20], [26, 19, 27, 28, 16, 25, 15, 10], [18, 24, 29, 30, 23, 4, 3, 22], [4, 12, 11, 25, 19, 13, 26, 23], [13, 17, 12, 8, 16, 7, 5, 9], [3, 22, 23, 31, 9, 28, 15, 11], [0, 3, 8, 4, 1, 9, 2, 28], [4, 5, 16, 13, 9, 12, 14, 17], [30, 0, 21, 31, 19, 18, 20, 15], [7, 13, 8, 2, 1, 9, 4, 28], [24, 7, 11, 14, 16, 2, 1, 6], [6, 7, 11, 15, 18, 16, 22, 3], [1, 2, 17, 10, 6, 30, 12, 29], [15, 16, 24, 31, 20, 26, 25, 30], [11, 12, 21, 20, 25, 0, 16, 15], [22, 27, 26, 2, 31, 23, 4, 29], [18, 0, 23, 24, 1, 2, 15, 26], [26, 31, 9, 4, 30, 11, 2, 12], [19, 7, 21, 11, 9, 5, 14, 29], [27, 9, 13, 18, 29, 10, 28, 17], [23, 6, 7, 1, 8, 2, 29, 16], [16, 0, 30, 15, 12, 17, 3, 26], [1, 25, 7, 31, 9, 19, 30, 8], [30, 3, 0, 14, 1, 25, 18, 2], [25, 0, 7, 4, 31, 30, 26, 14], [23, 18, 29, 30, 9, 31, 11, 1], [28, 17, 25, 16, 30, 23, 13, 15], [14, 2, 20, 9, 19, 25, 6, 12], [31, 8, 25, 1, 5, 9, 0, 6], [31, 5, 9, 12, 24, 29, 10, 4], [26, 13, 5, 9, 4, 11, 21, 10], [28, 3, 0, 31, 2, 11, 30, 1], [2, 0, 6, 26, 15, 14, 10, 27], [25, 4, 5, 3, 7, 0, 28, 11], [3, 4, 10, 7, 2, 17, 30, 23], [23, 5, 22, 15, 24, 14, 13, 21], [29, 2, 6, 7, 11, 10, 25, 3], [27, 1, 4, 25, 30, 5, 0, 26]]",8,0.0902557522058487,128,greedy_oracle,0.25,16128,4.0,124,0.09780898690223694,0,104 8 40 0,4031,0.9860575795173645,test,top_r_mean,1.0,1.0,1.0,0.875
0.031753907219052344,0.0,126,0.0,31,101.50730004534125,hotpotqa,1.0078740157480315,0.0,0.0,0.0,5ab7f97a5542991d322237ef,mean,0.42704761904761906,0.11765390634536743,"[[10, 8, 30, 31, 3, 15, 26, 13], [24, 4, 15, 29, 6, 22, 5, 1], [18, 31, 11, 10, 26, 0, 6, 22], [15, 8, 7, 30, 6, 20, 27, 16], [18, 6, 11, 9, 22, 21, 16, 13], [4, 6, 24, 21, 29, 30, 8, 9], [2, 3, 17, 19, 0, 11, 31, 9], [3, 0, 30, 26, 19, 28, 14, 20], [9, 0, 7, 14, 20, 10, 5, 12], [23, 14, 17, 3, 13, 10, 4, 20], [21, 27, 25, 19, 26, 30, 4, 18], [5, 17, 1, 27, 14, 23, 18, 31], [26, 16, 13, 8, 20, 15, 5, 27], [22, 24, 19, 13, 27, 9, 1, 28], [13, 22, 30, 31, 6, 18, 1, 16], [27, 8, 22, 2, 26, 21, 0, 23], [1, 4, 8, 31, 28, 6, 23, 13], [7, 15, 26, 25, 1, 29, 17, 5], [18, 4, 5, 17, 31, 25, 15, 6], [7, 8, 9, 25, 13, 23, 4, 10], [23, 20, 9, 21, 14, 15, 31, 13], [1, 23, 26, 24, 12, 3, 9, 10], [8, 10, 27, 28, 19, 24, 12, 25], [15, 8, 1, 20, 28, 25, 11, 17], [14, 12, 25, 22, 13, 26, 2, 28], [25, 26, 18, 10, 22, 21, 16, 3], [23, 24, 27, 29, 12, 19, 26, 3], [15, 3, 20, 24, 16, 23, 26, 14], [4, 19, 20, 22, 9, 0, 21, 15], [29, 24, 7, 5, 12, 9, 15, 18], [30, 28, 1, 18, 17, 13, 11, 10], [11, 29, 13, 26, 16, 24, 3, 2], [26, 11, 22, 8, 25, 1, 19, 18], [11, 27, 9, 7, 19, 21, 28, 0], [5, 26, 14, 8, 2, 7, 11, 15], [12, 1, 22, 24, 4, 23, 7, 30], [30, 6, 5, 15, 20, 25, 18, 22], [8, 14, 24, 22, 6, 28, 23, 30], [7, 21, 18, 2, 16, 6, 11, 23], [27, 9, 29, 7, 13, 19, 3, 26], [17, 8, 27, 24, 22, 26, 10, 19], [18, 12, 2, 9, 29, 14, 11, 25], [19, 5, 28, 24, 20, 9, 0, 26], [3, 17, 25, 15, 10, 8, 14, 21], [15, 25, 16, 14, 28, 29, 3, 20], [27, 31, 2, 25, 8, 11, 15, 0], [18, 30, 5, 3, 29, 31, 14, 4], [26, 25, 21, 3, 16, 20, 7, 31], [1, 0, 10, 18, 8, 3, 17, 20], [7, 30, 0, 23, 26, 4, 6, 29], [10, 25, 23, 22, 7, 4, 21, 27], [6, 26, 15, 9, 12, 3, 2, 4], [14, 20, 2, 3, 13, 12, 17, 5], [28, 25, 12, 9, 7, 24, 14, 3], [18, 1, 19, 10, 7, 0, 14, 5], [6, 0, 18, 14, 3, 22, 26, 19], [23, 5, 12, 26, 11, 15, 4, 28], [6, 16, 7, 28, 1, 25, 27, 3], [11, 22, 19, 2, 15, 1, 24, 26], [5, 18, 9, 26, 0, 28, 30, 29], [1, 7, 13, 18, 24, 8, 16, 9], [27, 25, 18, 26, 14, 21, 1, 19], [18, 23, 27, 19, 6, 25, 11, 1], [2, 18, 26, 0, 10, 25, 19, 11], [6, 17, 25, 24, 27, 7, 19, 29], [26, 22, 31, 2, 0, 7, 25, 10], [2, 30, 12, 9, 8, 7, 24, 16], [4, 8, 27, 26, 1, 24, 11, 9], [29, 24, 21, 14, 19, 25, 4, 11], [12, 5, 30, 3, 20, 29, 9, 8], [27, 24, 12, 13, 18, 15, 23, 5], [13, 5, 19, 1, 2, 11, 23, 24], [13, 28, 5, 7, 27, 31, 10, 19], [0, 12, 30, 3, 24, 5, 8, 17], [25, 8, 22, 14, 29, 9, 20, 13], [2, 20, 22, 4, 18, 12, 27, 15], [26, 25, 7, 30, 31, 21, 4, 11], [1, 19, 29, 31, 16, 27, 18, 14], [14, 31, 26, 1, 25, 11, 6, 16], [1, 30, 14, 23, 27, 21, 17, 18], [13, 12, 6, 3, 1, 8, 29, 2], [21, 22, 17, 16, 3, 31, 11, 8], [21, 8, 20, 17, 15, 7, 2, 5], [27, 4, 7, 14, 8, 28, 15, 0], [8, 6, 2, 1, 19, 20, 21, 15], [27, 16, 19, 14, 4, 17, 25, 1], [1, 12, 17, 21, 30, 31, 6, 18], [7, 3, 11, 20, 31, 5, 10, 24], [23, 4, 26, 0, 30, 25, 27, 5], [12, 14, 24, 6, 25, 3, 2, 23], [4, 21, 28, 19, 26, 2, 23, 13], [25, 23, 1, 17, 5, 30, 22, 13], [22, 31, 5, 9, 0, 1, 15, 29], [1, 22, 10, 12, 29, 27, 0, 31], [26, 29, 5, 2, 14, 6, 22, 25], [6, 15, 8, 13, 31, 24, 12, 29], [24, 20, 0, 1, 15, 22, 10, 26], [20, 6, 19, 27, 4, 7, 18, 12], [22, 30, 15, 16, 28, 6, 2, 19], [21, 7, 24, 14, 2, 16, 25, 27], [19, 29, 6, 7, 4, 8, 1, 18], [21, 17, 3, 11, 16, 28, 27, 29], [7, 31, 9, 30, 10, 15, 19, 4], [12, 25, 17, 29, 13, 9, 15, 4], [0, 31, 21, 6, 28, 27, 7, 1], [23, 12, 2, 16, 27, 25, 20, 4], [21, 3, 6, 15, 1, 2, 11, 31], [11, 19, 12, 31, 22, 28, 24, 13], [5, 27, 12, 24, 26, 30, 19, 2], [2, 10, 9, 1, 0, 25, 12, 11], [9, 10, 31, 4, 20, 11, 19, 3], [17, 31, 16, 4, 5, 8, 2, 10], [15, 24, 26, 13, 1, 11, 21, 25], [28, 24, 20, 3, 26, 8, 0, 16], [0, 23, 19, 24, 29, 18, 12, 4], [9, 0, 14, 16, 5, 12, 25, 19], [7, 5, 6, 19, 30, 13, 24, 12], [1, 0, 8, 18, 13, 14, 2, 17], [14, 27, 26, 6, 5, 13, 24, 31], [10, 26, 28, 2, 17, 31, 7, 14], [25, 6, 26, 20, 19, 29, 13, 5], [30, 2, 27, 25, 4, 9, 12, 0], [28, 23, 19, 22, 5, 7, 16, 29], [19, 23, 11, 25, 12, 7, 26, 9], [28, 14, 31, 12, 0, 21, 29, 13], [17, 2, 15, 6, 4, 24, 9, 13]]",8,0.8272797465324402,128,random,0.0,16128,4.0,124,0.9175837635993958,11,48 104 8 96,4031,0.6093407869338989,test,top_r_mean,0.0,0.5,0.5,0.5
0.031753907219052344,0.0,126,0.0,31,89.8503998760134,hotpotqa,1.0078740157480315,0.0,0.0,0.0,5ab7f97a5542991d322237ef,mean,0.49917460317460316,0.09645625203847885,"[[7, 17, 14, 22, 18, 23, 11, 26], [1, 3, 25, 14, 28, 29, 31, 23], [14, 20, 26, 25, 1, 18, 30, 15], [29, 26, 12, 27, 25, 3, 28, 16], [7, 15, 2, 12, 29, 8, 18, 19], [1, 26, 14, 23, 11, 20, 18, 0], [27, 13, 11, 12, 5, 24, 23, 15], [12, 13, 4, 18, 23, 6, 19, 5], [23, 1, 28, 26, 7, 0, 17, 8], [18, 2, 9, 31, 28, 20, 3, 22], [31, 10, 18, 8, 4, 3, 20, 27], [18, 16, 30, 5, 4, 6, 13, 12], [21, 20, 19, 8, 10, 22, 1, 18], [20, 4, 30, 27, 18, 8, 19, 16], [18, 17, 28, 14, 1, 19, 0, 13], [26, 9, 18, 25, 10, 2, 5, 6], [6, 0, 5, 23, 19, 22, 16, 14], [5, 15, 19, 13, 22, 27, 21, 31], [8, 2, 10, 9, 6, 23, 31, 11], [8, 1, 11, 5, 7, 6, 20, 12], [23, 3, 5, 9, 12, 30, 15, 26], [14, 6, 22, 23, 13, 27, 10, 26], [17, 20, 22, 18, 23, 29, 5, 1], [15, 24, 28, 8, 10, 18, 22, 14], [16, 1, 2, 28, 18, 29, 20, 23], [18, 26, 10, 1, 25, 12, 0, 16], [9, 4, 11, 5, 7, 31, 25, 17], [20, 7, 25, 15, 6, 29, 3, 16], [31, 18, 20, 27, 22, 7, 3, 25], [8, 13, 29, 12, 28, 27, 9, 4], [9, 24, 2, 3, 22, 1, 0, 7], [17, 2, 10, 12, 30, 21, 23, 28], [2, 14, 19, 1, 30, 29, 26, 22], [18, 29, 24, 0, 5, 2, 17, 10], [0, 26, 30, 29, 10, 1, 27, 21], [24, 20, 18, 9, 6, 7, 19, 15], [25, 8, 22, 2, 23, 18, 29, 4], [0, 27, 7, 3, 23, 28, 29, 20], [26, 3, 5, 4, 0, 1, 17, 8], [29, 17, 20, 3, 8, 19, 7, 22], [22, 2, 4, 1, 30, 27, 10, 17], [18, 23, 3, 27, 31, 14, 26, 16], [11, 26, 8, 12, 30, 13, 25, 0], [28, 30, 22, 9, 7, 5, 16, 1], [1, 12, 14, 29, 28, 17, 21, 22], [30, 18, 4, 9, 0, 22, 26, 2], [27, 19, 7, 24, 23, 30, 10, 6], [10, 15, 9, 14, 1, 31, 22, 24], [31, 11, 13, 22, 5, 12, 3, 24], [0, 1, 23, 14, 25, 11, 4, 26], [21, 1, 20, 29, 14, 6, 11, 12], [8, 2, 15, 16, 3, 4, 17, 20], [22, 0, 3, 27, 10, 31, 14, 18], [23, 28, 15, 6, 5, 20, 19, 30], [8, 24, 13, 11, 3, 23, 9, 10], [5, 23, 4, 30, 16, 6, 21, 10], [16, 5, 12, 26, 7, 18, 10, 14], [8, 27, 0, 6, 14, 11, 28, 1], [26, 1, 17, 18, 10, 29, 16, 20], [28, 14, 27, 10, 30, 15, 23, 22], [20, 19, 29, 28, 16, 1, 23, 7], [16, 2, 10, 13, 15, 25, 22, 18], [21, 13, 18, 20, 6, 10, 24, 31], [0, 1, 14, 28, 30, 22, 24, 12], [26, 1, 22, 3, 27, 30, 31, 16], [2, 6, 16, 19, 18, 22, 29, 14], [21, 27, 5, 11, 29, 3, 20, 19], [5, 23, 3, 24, 9, 29, 19, 15], [7, 2, 1, 23, 9, 22, 6, 19], [20, 4, 13, 14, 23, 5, 27, 19], [10, 11, 5, 24, 9, 0, 15, 16], [28, 22, 14, 15, 30, 31, 16, 27], [9, 12, 6, 25, 30, 24, 29, 21], [25, 7, 1, 17, 30, 16, 21, 15], [16, 4, 26, 3, 24, 23, 0, 21], [15, 30, 12, 3, 21, 29, 27, 11], [22, 3, 20, 13, 18, 5, 8, 14], [13, 8, 0, 29, 3, 22, 23, 18], [13, 9, 21, 2, 8, 27, 1, 4], [25, 12, 6, 23, 5, 3, 22, 4], [23, 19, 7, 2, 1, 22, 14, 25], [3, 18, 7, 20, 24, 16, 15, 9], [12, 5, 20, 15, 10, 11, 13, 28], [16, 2, 0, 26, 18, 3, 28, 14], [1, 6, 2, 22, 19, 23, 30, 9], [25, 0, 18, 31, 7, 4, 11, 22], [17, 10, 1, 25, 13, 11, 0, 15], [8, 21, 13, 19, 18, 15, 0, 7], [28, 1, 0, 8, 14, 18, 12, 30], [30, 14, 21, 11, 13, 26, 28, 17], [12, 11, 16, 0, 10, 8, 6, 21], [10, 4, 27, 26, 5, 13, 7, 28], [0, 13, 9, 10, 6, 30, 16, 24], [14, 5, 0, 13, 2, 26, 28, 10], [30, 13, 8, 26, 9, 4, 7, 1], [4, 27, 24, 1, 3, 25, 5, 22], [18, 12, 17, 30, 25, 31, 26, 14], [1, 8, 21, 0, 17, 19, 11, 5], [16, 7, 4, 19, 25, 27, 15, 10], [15, 5, 13, 1, 30, 11, 14, 12], [30, 31, 11, 20, 25, 23, 5, 10], [10, 1, 0, 26, 9, 17, 28, 20], [28, 7, 16, 13, 18, 9, 26, 27], [28, 14, 13, 20, 15, 11, 26, 2], [30, 17, 2, 22, 19, 28, 14, 5], [0, 8, 17, 10, 24, 27, 31, 7], [10, 2, 25, 0, 26, 18, 29, 21], [12, 18, 24, 17, 9, 27, 7, 22], [13, 14, 5, 23, 19, 1, 30, 3], [7, 29, 12, 5, 27, 18, 17, 23], [24, 11, 21, 1, 0, 20, 8, 2], [27, 24, 7, 9, 22, 21, 13, 26], [10, 0, 22, 31, 29, 6, 3, 20], [0, 2, 16, 11, 8, 1, 6, 30], [4, 23, 11, 8, 22, 31, 9, 10], [16, 30, 2, 4, 7, 25, 5, 9], [27, 6, 20, 3, 19, 5, 12, 30], [25, 29, 21, 3, 26, 10, 24, 17], [6, 7, 16, 19, 5, 28, 31, 26], [26, 1, 12, 0, 22, 13, 21, 15], [16, 0, 2, 1, 11, 17, 24, 23], [31, 11, 0, 15, 4, 22, 19, 3], [3, 15, 5, 18, 29, 27, 24, 14], [18, 6, 16, 28, 12, 11, 2, 10], [7, 16, 1, 30, 12, 20, 23, 11], [26, 16, 22, 20, 1, 13, 4, 0]]",8,0.7910767793655396,128,random,0.0,16128,4.0,124,0.867265522480011,23,88 16 8 120,4031,0.6925024390220642,test,top_r_mean,0.0,0.0,0.25,0.375
0.031753907219052344,1.0,126,0.0,31,84.75779998116195,hotpotqa,1.0078740157480315,0.25,0.25,0.0,5ab7f97a5542991d322237ef,mean,0.4946031746031746,0.09602484852075577,"[[31, 29, 23, 3, 9, 27, 0, 6], [0, 18, 10, 9, 25, 7, 5, 11], [30, 27, 18, 21, 31, 13, 7, 29], [13, 5, 12, 21, 15, 6, 25, 14], [11, 3, 20, 15, 6, 1, 24, 13], [20, 16, 11, 22, 13, 30, 23, 10], [17, 6, 1, 14, 2, 22, 5, 15], [23, 29, 19, 25, 20, 21, 14, 8], [8, 28, 9, 26, 16, 15, 24, 5], [2, 27, 15, 21, 25, 13, 30, 10], [29, 6, 12, 1, 18, 0, 10, 23], [29, 1, 16, 24, 18, 4, 25, 14], [19, 14, 2, 15, 28, 29, 8, 12], [12, 8, 24, 29, 21, 5, 26, 14], [23, 30, 29, 18, 13, 15, 8, 26], [15, 13, 1, 16, 19, 0, 23, 17], [27, 26, 15, 22, 20, 25, 29, 11], [0, 6, 13, 8, 31, 27, 11, 7], [14, 13, 16, 8, 11, 31, 22, 3], [24, 6, 30, 4, 23, 10, 12, 27], [0, 6, 9, 4, 14, 28, 10, 31], [11, 5, 29, 22, 0, 24, 1, 14], [17, 27, 18, 19, 29, 3, 22, 23], [31, 12, 3, 13, 16, 5, 9, 8], [4, 7, 8, 28, 23, 2, 11, 24], [2, 12, 6, 28, 1, 14, 27, 31], [27, 1, 17, 8, 25, 2, 11, 3], [24, 12, 13, 30, 27, 21, 1, 9], [1, 11, 17, 4, 31, 30, 10, 15], [7, 15, 5, 14, 22, 10, 19, 25], [8, 13, 24, 0, 11, 2, 25, 14], [29, 15, 17, 18, 16, 21, 27, 11], [26, 23, 22, 20, 16, 30, 7, 29], [19, 1, 17, 21, 14, 5, 0, 3], [0, 27, 8, 29, 17, 3, 16, 6], [4, 27, 29, 18, 8, 26, 0, 17], [17, 11, 23, 15, 28, 12, 8, 7], [14, 29, 15, 4, 30, 13, 5, 20], [18, 21, 1, 9, 5, 2, 13, 19], [27, 18, 0, 10, 14, 3, 20, 11], [14, 4, 24, 7, 0, 17, 21, 27], [26, 11, 4, 21, 20, 1, 9, 18], [1, 30, 31, 8, 24, 17, 7, 19], [3, 19, 29, 12, 10, 24, 22, 30], [27, 19, 31, 9, 6, 25, 5, 1], [10, 16, 1, 24, 17, 9, 13, 22], [17, 12, 31, 19, 14, 2, 6, 4], [23, 18, 21, 8, 6, 19, 9, 20], [25, 13, 31, 24, 30, 22, 18, 29], [15, 25, 0, 12, 2, 10, 13, 19], [11, 7, 31, 10, 6, 8, 1, 5], [25, 19, 4, 21, 24, 3, 15, 7], [16, 27, 2, 26, 30, 29, 11, 6], [28, 27, 9, 5, 19, 16, 18, 2], [10, 5, 28, 20, 27, 21, 16, 29], [13, 12, 16, 1, 15, 26, 24, 11], [15, 18, 11, 0, 26, 10, 25, 4], [25, 8, 13, 1, 3, 15, 17, 9], [2, 21, 29, 14, 3, 5, 26, 19], [4, 0, 8, 6, 11, 12, 16, 13], [22, 9, 16, 10, 4, 6, 13, 30], [11, 0, 7, 21, 14, 22, 28, 16], [28, 8, 5, 13, 12, 1, 9, 18], [19, 26, 10, 15, 2, 21, 11, 23], [21, 19, 31, 24, 5, 1, 28, 0], [10, 31, 30, 20, 23, 29, 14, 1], [3, 9, 4, 13, 1, 16, 21, 19], [26, 3, 13, 25, 16, 6, 28, 15], [3, 18, 29, 0, 4, 6, 21, 26], [30, 1, 17, 10, 25, 24, 31, 19], [26, 29, 6, 18, 8, 11, 9, 7], [18, 11, 7, 27, 15, 30, 10, 14], [5, 3, 12, 10, 9, 4, 15, 1], [22, 20, 24, 7, 18, 8, 19, 16], [26, 19, 2, 28, 4, 10, 27, 1], [21, 0, 30, 25, 31, 1, 22, 19], [28, 24, 13, 0, 10, 5, 9, 22], [7, 26, 10, 6, 27, 4, 25, 16], [22, 24, 7, 30, 29, 15, 11, 9], [26, 10, 28, 12, 25, 13, 15, 3], [1, 24, 13, 14, 20, 17, 8, 23], [4, 24, 0, 29, 10, 6, 30, 11], [1, 27, 24, 21, 12, 15, 19, 3], [24, 15, 11, 5, 1, 16, 6, 28], [22, 18, 24, 16, 21, 2, 1, 31], [19, 0, 7, 26, 9, 21, 30, 24], [8, 10, 19, 31, 15, 14, 7, 4], [12, 25, 0, 1, 4, 24, 22, 16], [12, 10, 1, 19, 2, 6, 26, 31], [4, 7, 29, 10, 18, 0, 31, 21], [20, 2, 27, 14, 18, 28, 11, 6], [31, 27, 25, 28, 19, 22, 9, 30], [27, 7, 14, 17, 30, 4, 22, 18], [29, 28, 10, 21, 1, 25, 23, 13], [22, 30, 8, 21, 10, 1, 7, 9], [29, 0, 3, 30, 27, 22, 14, 1], [12, 27, 16, 14, 10, 7, 0, 8], [25, 24, 10, 6, 13, 9, 15, 19], [7, 15, 27, 19, 24, 18, 28, 17], [9, 13, 16, 3, 24, 2, 10, 14], [30, 24, 1, 4, 19, 8, 18, 12], [15, 8, 5, 22, 9, 19, 26, 12], [31, 6, 13, 27, 14, 24, 11, 22], [5, 11, 27, 15, 26, 4, 24, 29], [3, 6, 8, 9, 25, 13, 18, 5], [8, 30, 2, 27, 21, 3, 25, 23], [4, 7, 3, 23, 26, 9, 30, 28], [30, 31, 10, 12, 26, 19, 13, 16], [0, 27, 13, 7, 19, 10, 21, 16], [24, 11, 20, 10, 16, 2, 19, 29], [14, 25, 30, 28, 29, 2, 17, 15], [25, 16, 30, 29, 18, 7, 5, 28], [30, 24, 10, 5, 28, 4, 14, 8], [0, 4, 21, 9, 24, 11, 10, 25], [17, 20, 0, 10, 28, 2, 6, 30], [29, 7, 25, 17, 21, 0, 19, 5], [20, 27, 29, 18, 9, 31, 5, 13], [16, 26, 29, 25, 24, 23, 11, 8], [29, 13, 28, 3, 14, 23, 26, 9], [2, 31, 10, 17, 28, 22, 8, 15], [13, 15, 20, 8, 7, 9, 2, 30], [13, 30, 26, 28, 0, 16, 24, 22], [26, 29, 1, 5, 14, 2, 12, 10], [7, 15, 12, 2, 16, 18, 14, 17], [16, 18, 8, 2, 14, 20, 11, 0], [23, 22, 7, 15, 28, 17, 11, 21]]",8,0.7705286741256714,128,random,1.0,16128,4.0,124,0.8477091789245605,37,0 64 40 56,4031,0.6884528994560242,test,top_r_mean,0.0,0.0,0.5,0.5
0.031753907219052344,0.0,126,0.0,31,87.90559996850789,hotpotqa,1.0078740157480315,0.0,0.0,0.0,5ab7f97a5542991d322237ef,mean,0.5187301587301587,0.0816231220960617,"[[12, 1, 28, 9, 26, 17, 7, 6], [18, 24, 26, 16, 17, 14, 8, 15], [21, 15, 22, 28, 26, 17, 9, 16], [17, 5, 27, 14, 28, 1, 18, 12], [2, 13, 19, 12, 16, 3, 1, 9], [21, 11, 1, 25, 18, 19, 5, 12], [8, 21, 14, 27, 1, 20, 31, 5], [18, 16, 28, 15, 12, 7, 13, 2], [16, 26, 4, 1, 10, 18, 17, 30], [16, 3, 10, 30, 5, 26, 28, 20], [28, 3, 15, 1, 9, 18, 5, 27], [3, 0, 7, 5, 29, 30, 26, 10], [21, 22, 16, 15, 5, 6, 2, 4], [31, 11, 16, 3, 30, 21, 24, 0], [22, 26, 12, 11, 15, 16, 23, 5], [17, 2, 8, 27, 1, 19, 14, 0], [26, 16, 8, 7, 28, 1, 20, 21], [17, 18, 7, 1, 2, 23, 14, 4], [2, 5, 24, 11, 25, 19, 28, 26], [31, 13, 19, 18, 10, 4, 8, 29], [16, 18, 15, 24, 17, 0, 2, 5], [7, 0, 15, 22, 30, 21, 26, 6], [27, 25, 16, 28, 7, 18, 22, 2], [10, 0, 22, 26, 2, 16, 30, 13], [13, 8, 15, 22, 26, 10, 17, 4], [9, 10, 7, 25, 11, 22, 12, 21], [16, 26, 24, 10, 17, 7, 22, 31], [22, 14, 8, 21, 25, 6, 26, 24], [27, 4, 13, 29, 3, 6, 7, 10], [21, 27, 20, 29, 12, 5, 2, 14], [28, 0, 19, 3, 27, 18, 21, 11], [25, 28, 12, 24, 17, 1, 9, 16], [15, 31, 9, 6, 23, 18, 3, 12], [9, 30, 0, 6, 31, 5, 18, 25], [28, 13, 17, 27, 3, 12, 4, 24], [15, 29, 13, 21, 17, 26, 9, 8], [21, 26, 14, 9, 13, 10, 4, 28], [1, 16, 8, 7, 2, 25, 27, 23], [5, 10, 0, 6, 30, 2, 18, 25], [7, 23, 29, 3, 6, 31, 1, 8], [18, 0, 10, 15, 28, 26, 21, 12], [15, 13, 6, 30, 12, 18, 11, 7], [13, 22, 27, 6, 21, 10, 29, 14], [19, 23, 3, 2, 16, 7, 30, 25], [3, 8, 0, 1, 13, 15, 26, 28], [28, 29, 9, 6, 7, 22, 0, 18], [17, 30, 5, 24, 29, 22, 31, 6], [7, 30, 9, 19, 5, 21, 25, 2], [9, 16, 24, 12, 10, 6, 1, 20], [16, 17, 30, 6, 22, 31, 24, 5], [5, 26, 19, 20, 14, 11, 22, 1], [16, 21, 8, 2, 26, 1, 0, 23], [12, 8, 9, 17, 26, 31, 29, 10], [6, 23, 25, 21, 31, 4, 8, 16], [29, 19, 23, 1, 14, 20, 8, 4], [4, 1, 6, 10, 24, 26, 17, 7], [1, 23, 0, 26, 6, 11, 21, 3], [21, 1, 17, 18, 14, 9, 22, 31], [29, 0, 27, 11, 20, 7, 8, 4], [13, 15, 25, 5, 28, 11, 1, 4], [17, 1, 10, 20, 14, 27, 8, 2], [7, 14, 0, 15, 28, 6, 30, 29], [0, 31, 9, 12, 28, 6, 23, 27], [11, 29, 1, 6, 26, 16, 19, 20], [18, 6, 1, 16, 17, 3, 5, 29], [17, 10, 22, 30, 3, 23, 20, 8], [16, 29, 20, 19, 17, 30, 27, 9], [0, 21, 11, 22, 25, 8, 18, 6], [21, 29, 7, 18, 9, 15, 3, 22], [31, 1, 18, 19, 16, 14, 21, 15], [11, 17, 29, 28, 20, 31, 27, 21], [25, 14, 1, 19, 8, 17, 29, 2], [24, 26, 31, 16, 27, 7, 21, 29], [27, 0, 24, 31, 20, 8, 4, 29], [21, 13, 16, 25, 15, 17, 14, 20], [19, 31, 6, 27, 5, 14, 24, 22], [25, 6, 7, 1, 23, 12, 15, 31], [4, 16, 5, 19, 2, 22, 24, 30], [15, 18, 27, 7, 25, 20, 14, 26], [1, 24, 0, 5, 11, 21, 25, 13], [0, 29, 8, 3, 2, 30, 6, 15], [31, 21, 0, 19, 4, 26, 25, 3], [1, 6, 30, 16, 23, 14, 9, 25], [5, 29, 9, 16, 18, 27, 23, 0], [2, 30, 17, 9, 4, 24, 0, 13], [11, 3, 23, 8, 28, 12, 15, 24], [6, 19, 31, 22, 28, 9, 5, 8], [13, 6, 14, 10, 29, 17, 0, 21], [0, 13, 23, 7, 5, 2, 3, 25], [12, 31, 16, 30, 2, 1, 27, 25], [30, 2, 21, 17, 14, 24, 12, 29], [21, 12, 15, 0, 28, 13, 1, 8], [25, 23, 1, 13, 9, 14, 3, 11], [30, 7, 16, 21, 15, 27, 10, 24], [15, 21, 31, 10, 17, 14, 20, 8], [2, 19, 15, 4, 12, 14, 8, 30], [0, 18, 6, 3, 12, 2, 31, 26], [22, 14, 24, 1, 15, 21, 2, 25], [21, 1, 28, 25, 23, 17, 15, 29], [18, 16, 3, 29, 19, 1, 26, 7], [4, 17, 2, 16, 3, 23, 20, 13], [2, 8, 11, 3, 1, 30, 9, 22], [30, 24, 26, 13, 17, 28, 16, 23], [17, 7, 29, 4, 10, 26, 14, 23], [8, 10, 0, 27, 25, 20, 5, 16], [18, 24, 3, 7, 9, 20, 5, 29], [9, 8, 0, 27, 26, 19, 29, 16], [10, 20, 18, 7, 4, 21, 19, 28], [14, 29, 4, 22, 15, 19, 26, 11], [22, 21, 7, 25, 11, 2, 6, 17], [5, 6, 26, 24, 21, 20, 30, 31], [1, 21, 16, 0, 4, 24, 8, 13], [24, 7, 5, 31, 8, 11, 20, 4], [20, 10, 19, 9, 16, 29, 31, 0], [13, 17, 11, 6, 7, 9, 20, 10], [26, 31, 30, 16, 13, 10, 8, 19], [19, 29, 25, 26, 0, 18, 8, 11], [24, 31, 23, 0, 29, 20, 2, 12], [8, 17, 28, 29, 13, 23, 6, 9], [7, 19, 22, 17, 16, 0, 21, 2], [8, 20, 4, 13, 17, 5, 0, 2], [12, 27, 2, 0, 31, 11, 8, 19], [7, 21, 23, 20, 1, 6, 5, 12], [19, 29, 5, 3, 23, 6, 31, 15], [5, 29, 6, 17, 30, 23, 27, 16], [24, 13, 30, 22, 25, 2, 7, 27]]",8,0.7923141121864319,128,random,0.0,16128,4.0,124,0.8574418425559998,53,56 88 120 96,4031,0.7091203331947327,test,top_r_mean,0.0,0.0,0.0,0.625
0.031753907219052344,0.0,126,0.0,31,87.80590002425015,hotpotqa,1.0078740157480315,0.0,0.0,0.0,5ab7f97a5542991d322237ef,mean,0.4732698412698413,0.10781050473451614,"[[17, 14, 22, 23, 30, 29, 19, 5], [12, 16, 22, 27, 19, 18, 21, 4], [14, 17, 29, 11, 0, 20, 27, 7], [23, 4, 3, 12, 6, 2, 9, 13], [24, 30, 9, 21, 12, 5, 2, 4], [15, 5, 29, 18, 28, 12, 23, 0], [9, 26, 27, 10, 19, 5, 0, 4], [29, 31, 26, 18, 15, 30, 16, 8], [5, 18, 25, 31, 7, 10, 2, 27], [0, 25, 26, 28, 10, 27, 15, 31], [11, 20, 28, 23, 12, 30, 25, 3], [4, 3, 10, 21, 12, 28, 30, 18], [7, 25, 1, 17, 2, 11, 30, 0], [15, 10, 8, 3, 19, 26, 1, 6], [2, 22, 30, 19, 23, 3, 1, 29], [7, 25, 14, 22, 30, 4, 29, 13], [7, 22, 5, 20, 19, 25, 21, 18], [26, 14, 28, 9, 5, 31, 27, 13], [2, 7, 26, 12, 17, 4, 31, 24], [29, 31, 7, 14, 15, 5, 22, 24], [8, 14, 15, 17, 18, 11, 27, 0], [9, 28, 6, 22, 16, 17, 25, 0], [26, 8, 20, 14, 9, 24, 3, 16], [16, 2, 15, 13, 3, 19, 27, 25], [29, 15, 24, 14, 20, 18, 12, 5], [11, 21, 1, 6, 0, 2, 17, 9], [7, 9, 3, 12, 23, 15, 4, 16], [8, 3, 26, 30, 5, 9, 14, 16], [7, 15, 17, 8, 3, 23, 20, 14], [16, 14, 1, 17, 5, 2, 10, 28], [18, 21, 3, 16, 31, 2, 30, 25], [22, 6, 5, 27, 18, 10, 8, 31], [28, 8, 6, 30, 23, 19, 1, 31], [21, 13, 23, 27, 22, 6, 18, 2], [3, 12, 14, 28, 15, 1, 31, 5], [15, 7, 27, 20, 14, 19, 5, 16], [6, 10, 31, 21, 1, 26, 30, 4], [23, 19, 1, 12, 15, 27, 26, 18], [31, 22, 16, 2, 17, 10, 25, 8], [2, 1, 27, 3, 20, 18, 11, 25], [11, 31, 7, 5, 2, 27, 1, 29], [30, 14, 20, 22, 31, 24, 16, 7], [5, 8, 0, 23, 30, 18, 10, 14], [28, 20, 30, 12, 7, 8, 6, 4], [27, 26, 14, 12, 21, 30, 13, 19], [16, 10, 18, 28, 12, 0, 7, 26], [28, 17, 8, 13, 19, 15, 2, 20], [1, 0, 22, 12, 13, 10, 4, 21], [23, 3, 5, 15, 21, 9, 13, 16], [31, 18, 26, 4, 22, 21, 13, 20], [27, 2, 13, 25, 10, 24, 22, 4], [5, 27, 14, 23, 31, 15, 7, 29], [24, 23, 25, 14, 9, 26, 19, 11], [30, 6, 16, 5, 8, 10, 22, 21], [17, 27, 31, 7, 1, 6, 20, 2], [28, 1, 8, 9, 25, 15, 11, 3], [26, 15, 17, 27, 18, 21, 28, 3], [2, 30, 28, 25, 29, 26, 20, 16], [20, 13, 9, 30, 12, 26, 23, 3], [31, 15, 25, 9, 17, 22, 24, 18], [6, 3, 27, 21, 18, 0, 29, 31], [13, 8, 12, 20, 17, 26, 22, 7], [20, 8, 23, 7, 26, 27, 17, 6], [7, 16, 14, 31, 27, 30, 28, 23], [11, 26, 6, 20, 0, 15, 27, 22], [9, 15, 26, 23, 17, 25, 6, 27], [29, 10, 20, 14, 7, 25, 21, 13], [17, 27, 7, 3, 24, 16, 18, 12], [4, 26, 3, 5, 13, 20, 31, 7], [23, 28, 1, 12, 14, 17, 21, 13], [1, 30, 22, 21, 15, 24, 3, 28], [11, 27, 30, 15, 9, 22, 24, 16], [27, 12, 15, 10, 22, 26, 16, 9], [6, 26, 24, 15, 31, 1, 5, 25], [24, 20, 6, 21, 1, 9, 25, 22], [14, 20, 5, 7, 26, 6, 19, 23], [20, 1, 17, 8, 21, 0, 4, 5], [11, 12, 1, 6, 10, 0, 17, 30], [21, 16, 0, 30, 8, 5, 15, 29], [2, 4, 11, 15, 7, 18, 23, 16], [24, 23, 11, 14, 29, 1, 2, 26], [31, 8, 6, 9, 16, 7, 17, 19], [30, 16, 1, 26, 17, 14, 11, 23], [19, 11, 0, 28, 29, 25, 5, 24], [10, 8, 15, 22, 17, 25, 29, 3], [18, 3, 5, 25, 17, 21, 2, 1], [6, 20, 10, 11, 31, 1, 13, 25], [16, 22, 26, 9, 5, 12, 18, 13], [18, 16, 3, 4, 14, 27, 8, 10], [4, 1, 15, 19, 0, 6, 16, 7], [28, 29, 23, 5, 2, 13, 8, 15], [30, 27, 1, 17, 8, 31, 3, 12], [8, 12, 0, 27, 29, 30, 4, 28], [0, 8, 6, 19, 23, 3, 22, 16], [28, 23, 13, 30, 7, 19, 4, 27], [5, 11, 20, 31, 16, 10, 26, 29], [23, 10, 12, 2, 19, 15, 21, 13], [12, 8, 26, 13, 20, 27, 21, 17], [8, 14, 13, 10, 23, 7, 20, 21], [22, 14, 5, 4, 8, 29, 24, 11], [25, 18, 10, 2, 17, 4, 8, 27], [26, 5, 29, 31, 16, 8, 9, 3], [4, 0, 30, 6, 12, 31, 1, 15], [15, 2, 23, 14, 19, 11, 18, 26], [4, 3, 25, 6, 17, 24, 28, 20], [31, 13, 26, 23, 22, 10, 15, 4], [25, 30, 27, 20, 15, 9, 6, 24], [11, 12, 16, 29, 27, 2, 20, 8], [17, 23, 19, 27, 24, 9, 30, 10], [18, 12, 9, 6, 2, 20, 31, 29], [13, 5, 2, 1, 3, 25, 27, 21], [8, 3, 31, 10, 16, 14, 22, 9], [0, 5, 25, 20, 27, 26, 16, 24], [27, 29, 20, 5, 18, 6, 30, 12], [22, 12, 26, 28, 11, 8, 31, 19], [26, 14, 0, 16, 3, 9, 2, 20], [6, 1, 17, 3, 14, 25, 12, 7], [22, 31, 11, 5, 20, 30, 26, 19], [6, 4, 31, 28, 21, 10, 3, 12], [2, 15, 7, 22, 18, 20, 13, 11], [12, 23, 2, 10, 30, 4, 24, 8], [6, 10, 12, 15, 9, 24, 23, 30], [25, 19, 31, 16, 30, 24, 6, 22], [23, 8, 20, 0, 16, 1, 17, 27], [21, 24, 13, 28, 16, 9, 25, 14], [15, 5, 9, 1, 7, 4, 25, 24]]",8,0.8106119632720947,128,random,0.0,16128,4.0,124,0.8938660621643066,71,112 64 93 85,4031,0.6578687429428101,test,top_r_mean,0.0,0.0,0.0,0.25
0.10372771474878444,1.0,39,0.0,31,0.04620011895895004,hotpotqa,1.0,0.25,0.25,0.0,5a8888e35542997e5c09a5f6,mean,1.0,0.0,,0,0.0,128,full_k,0.25,19743,4.0,124,0.0,0,24 0 8 32,1234,1.0,test,top_r_mean,1.0,1.0,1.0,1.0
0.10372771474878444,1.0,39,0.0,31,2.6965998113155365,hotpotqa,1.0,0.25,0.25,0.0,5a8888e35542997e5c09a5f6,mean,0.7112010796221323,0.08316929638385773,,1,1.5556172132492065,128,mean,0.5,624,4.0,124,1.581926703453064,0,24 32 0 25,1234,0.8834007382392883,test,top_r_mean,1.0,0.5,0.75,0.75
0.10372771474878444,1.0,39,0.0,31,26.012799935415387,hotpotqa,1.0,0.25,0.25,0.0,5a8888e35542997e5c09a5f6,mean,0.10661268556005399,0.48281577229499817,"[[24], [24], [24], [24], [24], [24], [24], [24], [24], [24], [24], [24], [24], [24], [24], [24], [24], [24], [24], [24], [24], [24], [24], [24], [24], [24], [24], [24], [24], [24], [24], [24], [24], [24], [24], [24], [24], [24], [10]]",1,1.4789763689041138,128,last,0.3333333333333333,624,4.0,124,1.6864769458770752,0,3 22 32 31,1234,0.1698380559682846,test,top_r_mean,0.0,0.0,0.25,0.125
0.10372771474878444,0.0,39,0.0,31,30.041899997740984,hotpotqa,1.0,0.0,0.0,0.0,5a8888e35542997e5c09a5f6,mean,0.5276653171390013,0.1554105132818222,"[[24], [13], [25], [30], [7], [23], [3], [12], [14], [14], [11], [25], [9], [13], [23], [10], [22], [2], [7], [8], [20], [10], [30], [9], [3], [1], [17], [0], [7], [14], [15], [22], [21], [14], [21], [11], [6], [2], [10]]",1,1.1391299962997437,128,farthest,0.0,624,4.0,124,1.2102900743484497,0,5 35 25 1,1234,0.714169979095459,test,top_r_mean,0.0,0.0,0.0,0.625
0.10372771474878444,1.0,39,0.0,31,23.396400036290288,hotpotqa,1.0,0.25,0.25,0.0,5a8888e35542997e5c09a5f6,mean,0.573549257759784,0.3134552836418152,"[[4], [20], [21], [24], [1], [1], [2], [21], [16], [11], [8], [21], [3], [9], [16], [6], [18], [0], [12], [30], [16], [19], [24], [29], [0], [13], [12], [12], [0], [26], [11], [7], [20], [9], [9], [21], [20], [15], [0]]",1,0.3308190107345581,128,greedy_oracle,0.3333333333333333,624,4.0,124,0.4856369197368622,0,24 9 34 37,1234,0.7659918665885925,test,top_r_mean,1.0,0.5,0.25,0.375
0.10372771474878444,0.0,39,0.0,31,27.37849997356534,hotpotqa,1.0,0.0,0.0,0.0,5a8888e35542997e5c09a5f6,mean,0.25775978407557354,0.4056658148765564,"[[4], [5], [4], [1], [15], [13], [4], [5], [26], [20], [12], [14], [2], [15], [5], [5], [1], [26], [3], [29], [9], [29], [18], [16], [13], [27], [10], [4], [20], [2], [26], [26], [16], [26], [13], [14], [20], [12], [14]]",1,1.5418894290924072,128,random,0.0,624,4.0,124,1.771623969078064,11,36 0 29 7,1234,0.3805667757987976,test,top_r_mean,0.0,0.5,0.25,0.25
0.10372771474878444,1.0,39,0.0,31,19.82700009830296,hotpotqa,1.0,0.25,0.25,0.0,5a8888e35542997e5c09a5f6,mean,0.24426450742240216,0.30927565693855286,"[[16], [11], [1], [12], [15], [13], [3], [7], [9], [15], [24], [15], [22], [16], [12], [1], [12], [28], [13], [1], [14], [19], [10], [4], [10], [19], [6], [11], [22], [22], [7], [15], [6], [12], [23], [5], [8], [8], [7]]",1,1.586585521697998,128,random,0.25,624,4.0,124,1.7395286560058594,23,21 36 35 32,1234,0.3518218696117401,test,top_r_mean,0.0,0.0,0.25,0.625
0.10372771474878444,1.0,39,0.0,31,26.02160000242293,hotpotqa,1.0,0.25,0.25,0.0,5a8888e35542997e5c09a5f6,mean,0.09581646423751687,1.1988545656204224,"[[12], [0], [29], [2], [13], [8], [14], [22], [21], [18], [28], [27], [16], [12], [5], [9], [28], [17], [5], [21], [7], [18], [19], [15], [5], [29], [24], [24], [10], [9], [16], [6], [0], [20], [7], [13], [18], [11], [4]]",1,1.5832154750823975,128,random,1.0,624,4.0,124,1.724442958831787,37,32 9 0 20,1234,0.16275303065776825,test,top_r_mean,0.0,0.0,0.5,0.25
0.10372771474878444,0.0,39,0.0,31,26.129300007596612,hotpotqa,1.0,0.0,0.0,0.0,5a8888e35542997e5c09a5f6,mean,0.20917678812415655,0.31263211369514465,"[[14], [17], [11], [2], [12], [11], [23], [21], [4], [8], [15], [16], [30], [3], [17], [21], [10], [7], [1], [31], [0], [19], [6], [23], [19], [20], [11], [6], [14], [14], [18], [19], [25], [31], [12], [23], [13], [27], [11]]",1,1.7078408002853394,128,random,0.0,624,4.0,124,1.881747841835022,53,7 21 1 28,1234,0.29696354269981384,test,top_r_mean,0.0,0.0,0.0,0.25
0.10372771474878444,0.0,39,0.0,31,23.86190020479262,hotpotqa,1.0,0.0,0.0,0.0,5a8888e35542997e5c09a5f6,mean,0.04993252361673414,0.5425335764884949,"[[7], [25], [22], [21], [21], [31], [25], [7], [28], [30], [2], [6], [14], [28], [15], [25], [16], [9], [2], [22], [28], [13], [1], [7], [29], [23], [16], [18], [1], [31], [24], [14], [12], [28], [6], [20], [3], [6], [13]]",1,1.6134614944458008,128,random,0.0,624,4.0,124,1.8815877437591553,71,35 1 26 22,1234,0.09210526198148727,test,top_r_mean,0.0,0.0,0.0,0.125
0.10372771474878444,0.0,39,0.0,31,23.42829992994666,hotpotqa,1.0,0.0,0.0,0.0,5a8888e35542997e5c09a5f6,mean,0.16869095816464239,0.34553012251853943,"[[24, 25], [24, 25], [24, 25], [24, 25], [24, 25], [24, 25], [24, 25], [24, 25], [24, 25], [24, 25], [24, 25], [24, 25], [24, 25], [24, 25], [24, 25], [24, 25], [24, 25], [24, 25], [24, 25], [24, 25], [24, 25], [24, 25], [24, 25], [24, 25], [24, 25], [24, 25], [24, 25], [24, 25], [24, 25], [24, 25], [24, 25], [24, 25], [24, 25], [24, 25], [24, 25], [24, 25], [24, 25], [24, 25], [10, 11]]",2,1.4924739599227905,128,last,0.0,1248,4.0,124,1.6401959657669067,0,1 4 9 22,1234,0.268825888633728,test,top_r_mean,0.0,0.0,0.0,0.125
0.10372771474878444,1.0,39,0.0,31,26.741000125184655,hotpotqa,1.0,0.25,0.25,0.0,5a8888e35542997e5c09a5f6,mean,0.3765182186234818,0.4062054753303528,"[[24, 0], [13, 3], [25, 23], [30, 8], [7, 16], [23, 10], [3, 17], [12, 16], [14, 0], [14, 29], [11, 18], [25, 31], [9, 13], [13, 3], [23, 2], [10, 0], [22, 0], [2, 6], [7, 25], [8, 0], [20, 10], [10, 31], [30, 15], [9, 25], [3, 0], [1, 28], [17, 10], [0, 28], [7, 25], [14, 3], [15, 0], [22, 31], [21, 0], [14, 4], [21, 7], [11, 31], [6, 4], [2, 12], [10, 8]]",2,1.616991400718689,128,farthest,0.3333333333333333,1248,4.0,124,1.7300496101379395,0,24 16 32 8,1234,0.5342105031013489,test,top_r_mean,1.0,0.5,0.75,0.625
0.10372771474878444,1.0,39,0.0,31,30.981299933046103,hotpotqa,1.0,0.25,0.25,0.0,5a8888e35542997e5c09a5f6,mean,0.6869095816464238,0.0671888142824173,"[[4, 0], [20, 25], [21, 26], [24, 29], [1, 0], [1, 21], [2, 31], [21, 31], [16, 0], [11, 17], [8, 29], [21, 3], [3, 4], [9, 23], [16, 30], [6, 3], [18, 0], [0, 30], [12, 17], [30, 4], [16, 25], [19, 2], [24, 2], [29, 2], [0, 6], [13, 4], [12, 26], [12, 16], [0, 14], [26, 21], [11, 4], [7, 30], [20, 0], [9, 8], [9, 29], [21, 20], [20, 2], [15, 21], [0, 11]]",2,0.31665727496147156,128,greedy_oracle,0.5,1248,4.0,124,0.3445882797241211,0,0 32 8 24,1234,0.8538461327552795,test,top_r_mean,0.0,0.5,1.0,0.75
0.10372771474878444,0.0,39,0.0,31,23.823700146749616,hotpotqa,1.0,0.0,0.0,0.0,5a8888e35542997e5c09a5f6,mean,0.31713900134952766,0.2222638726234436,"[[4, 16], [5, 10], [4, 18], [1, 8], [15, 16], [13, 19], [4, 9], [5, 26], [26, 15], [20, 31], [12, 31], [14, 10], [2, 26], [15, 19], [5, 25], [5, 24], [1, 29], [26, 23], [3, 5], [29, 1], [9, 22], [29, 5], [18, 11], [16, 10], [13, 16], [27, 19], [10, 18], [4, 17], [20, 1], [2, 12], [26, 16], [26, 15], [16, 1], [26, 29], [13, 25], [14, 17], [20, 0], [12, 8], [14, 17]]",2,1.6304216384887695,128,random,0.0,1248,4.0,124,1.7379348278045654,11,36 21 22 0,1234,0.4552631676197052,test,top_r_mean,0.0,0.0,0.25,0.5
0.09238249594813615,0.0,39,0.0,31,24.62389995343983,hotpotqa,0.890625,0.0,0.0,0.0,5a8888e35542997e5c09a5f6,mean,0.2874493927125506,0.1971285343170166,"[[16, 11], [11, 30], [1, 24], [12, 29], [15, 20], [13, 19], [3, 15], [7, 20], [9, 18], [15, 24], [24, 5], [15, 26], [22, 7], [16, 15], [12, 26], [1, 17], [12, 17], [28, 9], [13, 6], [1, 3], [14, 30], [19, 24], [10, 14], [4, 30], [10, 3], [19, 27], [6, 13], [11, 1], [22, 10], [22, 2], [7, 6], [15, 17], [6, 10], [12, 21], [23, 11], [5, 13], [8, 28], [8, 21], [7, 11]]",2,1.610304832458496,114,random,0.0,1248,4.0,124,1.7028638124465942,23,36 38 21 29,1234,0.4178137481212616,test,top_r_mean,0.0,0.0,0.0,0.375
0.10372771474878444,1.0,39,0.0,31,23.077300051227212,hotpotqa,1.0,0.25,0.25,0.0,5a8888e35542997e5c09a5f6,mean,0.058029689608636977,0.2716929316520691,"[[12, 21], [0, 30], [29, 23], [2, 17], [13, 0], [8, 2], [14, 9], [22, 9], [21, 1], [18, 3], [28, 20], [27, 22], [16, 23], [12, 22], [5, 10], [9, 15], [28, 29], [17, 20], [5, 30], [21, 7], [7, 11], [18, 31], [19, 17], [15, 13], [5, 26], [29, 27], [24, 5], [24, 12], [10, 7], [9, 10], [16, 17], [6, 15], [0, 30], [20, 15], [7, 17], [13, 14], [18, 11], [11, 12], [4, 0]]",2,1.5154531002044678,128,random,1.0,1248,4.0,124,1.661455512046814,37,32 0 9 14,1234,0.07854250818490982,test,top_r_mean,0.0,0.5,0.5,0.25
0.10372771474878444,1.0,39,0.0,31,25.907599832862616,hotpotqa,1.0,0.25,0.25,0.0,5a8888e35542997e5c09a5f6,mean,0.1659919028340081,0.3940050005912781,"[[14, 23], [17, 30], [11, 6], [2, 8], [12, 9], [11, 17], [23, 30], [21, 24], [4, 3], [8, 29], [15, 11], [16, 17], [30, 23], [3, 27], [17, 7], [21, 29], [10, 3], [7, 6], [1, 25], [31, 9], [0, 18], [19, 16], [6, 9], [23, 10], [19, 25], [20, 31], [11, 6], [6, 27], [14, 9], [14, 9], [18, 11], [19, 29], [25, 0], [31, 29], [12, 30], [23, 16], [13, 11], [27, 12], [11, 3]]",2,1.7370784282684326,128,random,1.0,1248,4.0,124,1.8971450328826904,53,32 8 1 21,1234,0.23623479902744293,test,top_r_mean,0.0,0.0,0.5,0.25
0.10372771474878444,0.0,39,0.0,31,25.873399805277586,hotpotqa,1.0,0.0,0.0,0.0,5a8888e35542997e5c09a5f6,mean,0.203778677462888,0.2561247944831848,"[[7, 15], [25, 16], [22, 11], [21, 15], [21, 12], [31, 29], [25, 7], [7, 27], [28, 4], [30, 29], [2, 27], [6, 14], [14, 16], [28, 12], [15, 3], [25, 8], [16, 21], [9, 31], [2, 25], [22, 17], [28, 14], [13, 24], [1, 6], [7, 4], [29, 18], [23, 12], [16, 0], [18, 24], [1, 17], [31, 21], [24, 9], [14, 28], [12, 20], [28, 16], [6, 22], [20, 26], [3, 22], [6, 18], [13, 17]]",2,1.6077464818954468,128,random,0.0,1248,4.0,124,1.7316642999649048,71,1 37 0 20,1234,0.303846150636673,test,top_r_mean,0.0,0.0,0.25,0.25
0.10372771474878444,0.0,39,0.0,31,23.693400202319026,hotpotqa,1.0,0.0,0.0,0.0,5a8888e35542997e5c09a5f6,mean,0.33063427800269907,0.26196128129959106,"[[24, 25, 26, 27], [24, 25, 26, 27], [24, 25, 26, 27], [24, 25, 26, 27], [24, 25, 26, 27], [24, 25, 26, 27], [24, 25, 26, 27], [24, 25, 26, 27], [24, 25, 26, 27], [24, 25, 26, 27], [24, 25, 26, 27], [24, 25, 26, 27], [24, 25, 26, 27], [24, 25, 26, 27], [24, 25, 26, 27], [24, 25, 26, 27], [24, 25, 26, 27], [24, 25, 26, 27], [24, 25, 26, 27], [24, 25, 26, 27], [24, 25, 26, 27], [24, 25, 26, 27], [24, 25, 26, 27], [24, 25, 26, 27], [24, 25, 26, 27], [24, 25, 26, 27], [24, 25, 26, 27], [24, 25, 26, 27], [24, 25, 26, 27], [24, 25, 26, 27], [24, 25, 26, 27], [24, 25, 26, 27], [24, 25, 26, 27], [24, 25, 26, 27], [24, 25, 26, 27], [24, 25, 26, 27], [24, 25, 26, 27], [24, 25, 26, 27], [10, 11, 12, 13]]",4,1.5629712343215942,128,last,0.0,2496,4.0,124,1.6744617223739624,0,1 5 0 20,1234,0.49190282821655273,test,top_r_mean,0.0,0.0,0.25,0.5
0.10372771474878444,1.0,39,0.0,31,23.358900099992752,hotpotqa,1.0,0.25,0.25,0.0,5a8888e35542997e5c09a5f6,mean,0.1902834008097166,0.08750835061073303,"[[24, 0, 1, 31], [13, 3, 22, 10], [25, 23, 12, 22], [30, 8, 9, 14], [7, 16, 26, 14], [23, 10, 3, 19], [3, 17, 15, 31], [12, 16, 11, 21], [14, 0, 26, 27], [14, 29, 30, 28], [11, 18, 7, 3], [25, 31, 16, 11], [9, 13, 26, 20], [13, 3, 5, 31], [23, 2, 8, 12], [10, 0, 3, 16], [22, 0, 11, 14], [2, 6, 30, 19], [7, 25, 19, 30], [8, 0, 6, 25], [20, 10, 23, 0], [10, 31, 7, 12], [30, 15, 6, 22], [9, 25, 23, 17], [3, 0, 24, 21], [1, 28, 31, 15], [17, 10, 6, 22], [0, 28, 26, 4], [7, 25, 31, 26], [14, 3, 5, 17], [15, 0, 7, 19], [22, 31, 5, 8], [21, 0, 12, 16], [14, 4, 0, 7], [21, 7, 11, 1], [11, 31, 22, 27], [6, 4, 3, 0], [2, 12, 17, 28], [10, 8, 11, 15]]",4,1.9155761003494263,128,farthest,0.5,2496,4.0,124,1.960877537727356,0,0 32 24 16,1234,0.2844129502773285,test,top_r_mean,0.0,0.5,0.75,0.625
0.10372771474878444,1.0,39,0.0,31,28.77869992516935,hotpotqa,1.0,0.25,0.25,0.0,5a8888e35542997e5c09a5f6,mean,0.8515519568151148,0.0030429810285568237,"[[4, 0, 21, 5], [20, 25, 27, 17], [21, 26, 3, 28], [24, 29, 0, 4], [1, 0, 25, 24], [1, 21, 27, 28], [2, 31, 7, 16], [21, 31, 5, 28], [16, 0, 17, 10], [11, 17, 18, 25], [8, 29, 14, 1], [21, 3, 8, 13], [3, 4, 21, 25], [9, 23, 24, 28], [16, 30, 11, 5], [6, 3, 20, 30], [18, 0, 1, 22], [0, 30, 3, 1], [12, 17, 5, 27], [30, 4, 12, 20], [16, 25, 6, 13], [19, 2, 28, 5], [24, 2, 14, 1], [29, 2, 1, 12], [0, 6, 1, 7], [13, 4, 22, 10], [12, 26, 27, 16], [12, 16, 0, 15], [0, 14, 19, 15], [26, 21, 7, 2], [11, 4, 14, 16], [7, 30, 21, 24], [20, 0, 4, 3], [9, 8, 6, 19], [9, 29, 14, 26], [21, 20, 2, 30], [20, 2, 9, 8], [15, 21, 0, 22], [0, 11, 7, 17]]",4,0.441707968711853,128,greedy_oracle,0.5,2496,4.0,124,0.447424978017807,0,24 32 0 8,1234,0.9647772908210754,test,top_r_mean,1.0,0.5,1.0,0.75
0.10372771474878444,1.0,39,0.0,31,24.911800166592002,hotpotqa,1.0,0.25,0.25,0.0,5a8888e35542997e5c09a5f6,mean,0.47368421052631576,0.14986516535282135,"[[4, 16, 9, 3], [5, 10, 13, 2], [4, 18, 26, 1], [1, 8, 4, 21], [15, 16, 4, 8], [13, 19, 20, 28], [4, 9, 8, 7], [5, 26, 3, 14], [26, 15, 23, 13], [20, 31, 21, 1], [12, 31, 29, 16], [14, 10, 2, 30], [2, 26, 9, 10], [15, 19, 25, 3], [5, 25, 27, 8], [5, 24, 29, 13], [1, 29, 23, 9], [26, 23, 0, 8], [3, 5, 2, 10], [29, 1, 31, 8], [9, 22, 3, 30], [29, 5, 8, 26], [18, 11, 17, 29], [16, 10, 28, 24], [13, 16, 31, 17], [27, 19, 23, 28], [10, 18, 2, 30], [4, 17, 20, 25], [20, 1, 19, 17], [2, 12, 26, 6], [26, 16, 22, 14], [26, 15, 1, 28], [16, 1, 3, 10], [26, 29, 3, 4], [13, 25, 3, 18], [14, 17, 20, 8], [20, 0, 16, 6], [12, 8, 10, 25], [14, 17, 4, 8]]",4,1.560112714767456,128,random,0.3333333333333333,2496,4.0,124,1.6199839115142822,11,36 0 32 22,1234,0.6542510390281677,test,top_r_mean,0.0,0.5,0.5,0.625
0.10372771474878444,0.0,39,0.0,31,24.235599907115102,hotpotqa,1.0,0.0,0.0,0.0,5a8888e35542997e5c09a5f6,mean,0.33873144399460187,0.17303013801574707,"[[16, 11, 18, 10], [11, 30, 14, 16], [1, 24, 22, 25], [12, 29, 13, 6], [15, 20, 14, 6], [13, 19, 15, 2], [3, 15, 9, 2], [7, 20, 11, 2], [9, 18, 2, 8], [15, 24, 5, 11], [24, 5, 22, 23], [15, 26, 11, 1], [22, 7, 30, 9], [16, 15, 7, 26], [12, 26, 28, 7], [1, 17, 30, 27], [12, 17, 21, 9], [28, 9, 19, 4], [13, 6, 8, 16], [1, 3, 16, 28], [14, 30, 13, 4], [19, 24, 23, 12], [10, 14, 28, 11], [4, 30, 28, 21], [10, 3, 28, 29], [19, 27, 13, 10], [6, 13, 10, 23], [11, 1, 7, 4], [22, 10, 7, 18], [22, 2, 24, 11], [7, 6, 15, 12], [15, 17, 21, 30], [6, 10, 14, 24], [12, 21, 28, 13], [23, 11, 21, 20], [5, 13, 23, 10], [8, 28, 13, 5], [8, 21, 2, 16], [7, 11, 16, 13]]",4,1.543738603591919,128,random,0.0,2496,4.0,124,1.6154195070266724,23,25 9 22 29,1234,0.5246963500976562,test,top_r_mean,0.0,0.0,0.0,0.375
0.10372771474878444,1.0,39,0.0,31,22.301499964669347,hotpotqa,1.0,0.25,0.25,0.0,5a8888e35542997e5c09a5f6,mean,0.25775978407557354,0.08592082560062408,"[[12, 21, 30, 16], [0, 30, 22, 28], [29, 23, 28, 19], [2, 17, 30, 3], [13, 0, 30, 1], [8, 2, 24, 17], [14, 9, 21, 7], [22, 9, 15, 20], [21, 1, 0, 4], [18, 3, 30, 29], [28, 20, 19, 5], [27, 22, 1, 24], [16, 23, 24, 12], [12, 22, 7, 14], [5, 10, 30, 7], [9, 15, 21, 24], [28, 29, 17, 9], [17, 20, 6, 11], [5, 30, 23, 13], [21, 7, 19, 20], [7, 11, 19, 8], [18, 31, 15, 29], [19, 17, 30, 28], [15, 13, 11, 10], [5, 26, 12, 1], [29, 27, 4, 17], [24, 5, 15, 1], [24, 12, 8, 29], [10, 7, 23, 8], [9, 10, 11, 20], [16, 17, 25, 20], [6, 15, 26, 22], [0, 30, 12, 4], [20, 15, 12, 4], [7, 17, 27, 31], [13, 14, 31, 12], [18, 11, 14, 19], [11, 12, 23, 0], [4, 0, 11, 12]]",4,1.4925552606582642,128,random,0.3333333333333333,2496,4.0,124,1.5472795963287354,37,8 24 32 14,1234,0.3945344090461731,test,top_r_mean,0.0,0.5,0.75,0.5
0.10372771474878444,1.0,39,0.0,31,25.475499918684363,hotpotqa,1.0,0.25,0.25,0.0,5a8888e35542997e5c09a5f6,mean,0.23346828609986506,0.20102417469024658,"[[14, 23, 22, 19], [17, 30, 21, 12], [11, 6, 25, 10], [2, 8, 4, 5], [12, 9, 29, 21], [11, 17, 18, 12], [23, 30, 22, 12], [21, 24, 12, 10], [4, 3, 27, 18], [8, 29, 23, 25], [15, 11, 18, 26], [16, 17, 24, 8], [30, 23, 9, 29], [3, 27, 28, 8], [17, 7, 13, 29], [21, 29, 30, 11], [10, 3, 21, 26], [7, 6, 16, 23], [1, 25, 14, 11], [31, 9, 22, 19], [0, 18, 16, 17], [19, 16, 7, 24], [6, 9, 30, 21], [23, 10, 31, 24], [19, 25, 26, 6], [20, 31, 23, 25], [11, 6, 19, 27], [6, 27, 1, 9], [14, 9, 1, 4], [14, 9, 31, 21], [18, 11, 14, 12], [19, 29, 28, 13], [25, 0, 18, 8], [31, 29, 2, 14], [12, 30, 7, 18], [23, 16, 14, 6], [13, 11, 26, 30], [27, 12, 11, 18], [11, 3, 4, 17]]",4,1.6647452116012573,128,random,1.0,2496,4.0,124,1.7474312782287598,53,32 7 36 24,1234,0.3161943256855011,test,top_r_mean,0.0,0.0,0.5,0.5
0.10372771474878444,1.0,39,0.0,31,32.084899954497814,hotpotqa,1.0,0.25,0.25,0.0,5a8888e35542997e5c09a5f6,mean,0.2901484480431849,0.11823434382677078,"[[7, 15, 5, 19], [25, 16, 29, 10], [22, 11, 27, 31], [21, 15, 10, 28], [21, 12, 18, 9], [31, 29, 12, 18], [25, 7, 31, 2], [7, 27, 8, 18], [28, 4, 11, 22], [30, 29, 20, 0], [2, 27, 18, 1], [6, 14, 18, 13], [14, 16, 11, 18], [28, 12, 23, 17], [15, 3, 28, 11], [25, 8, 28, 27], [16, 21, 29, 31], [9, 31, 27, 28], [2, 25, 24, 15], [22, 17, 9, 12], [28, 14, 21, 3], [13, 24, 12, 9], [1, 6, 11, 0], [7, 4, 23, 0], [29, 18, 20, 1], [23, 12, 8, 19], [16, 0, 11, 26], [18, 24, 6, 7], [1, 17, 12, 0], [31, 21, 13, 2], [24, 9, 23, 21], [14, 28, 9, 8], [12, 20, 10, 26], [28, 16, 0, 25], [6, 22, 12, 5], [20, 26, 23, 22], [3, 22, 9, 14], [6, 18, 14, 16], [13, 17, 5, 2]]",4,1.5617059469223022,128,random,0.3333333333333333,2496,4.0,124,1.6226203441619873,71,24 6 19 1,1234,0.4133602976799011,test,top_r_mean,1.0,0.5,0.25,0.375
0.10372771474878444,1.0,39,0.0,31,29.00880016386509,hotpotqa,1.0,0.25,0.25,0.0,5a8888e35542997e5c09a5f6,mean,0.40350877192982454,0.19652187824249268,"[[24, 25, 26, 27, 28, 29, 30, 31], [24, 25, 26, 27, 28, 29, 30, 31], [24, 25, 26, 27, 28, 29, 30, 31], [24, 25, 26, 27, 28, 29, 30, 31], [24, 25, 26, 27, 28, 29, 30, 31], [24, 25, 26, 27, 28, 29, 30, 31], [24, 25, 26, 27, 28, 29, 30, 31], [24, 25, 26, 27, 28, 29, 30, 31], [24, 25, 26, 27, 28, 29, 30, 31], [24, 25, 26, 27, 28, 29, 30, 31], [24, 25, 26, 27, 28, 29, 30, 31], [24, 25, 26, 27, 28, 29, 30, 31], [24, 25, 26, 27, 28, 29, 30, 31], [24, 25, 26, 27, 28, 29, 30, 31], [24, 25, 26, 27, 28, 29, 30, 31], [24, 25, 26, 27, 28, 29, 30, 31], [24, 25, 26, 27, 28, 29, 30, 31], [24, 25, 26, 27, 28, 29, 30, 31], [24, 25, 26, 27, 28, 29, 30, 31], [24, 25, 26, 27, 28, 29, 30, 31], [24, 25, 26, 27, 28, 29, 30, 31], [24, 25, 26, 27, 28, 29, 30, 31], [24, 25, 26, 27, 28, 29, 30, 31], [24, 25, 26, 27, 28, 29, 30, 31], [24, 25, 26, 27, 28, 29, 30, 31], [24, 25, 26, 27, 28, 29, 30, 31], [24, 25, 26, 27, 28, 29, 30, 31], [24, 25, 26, 27, 28, 29, 30, 31], [24, 25, 26, 27, 28, 29, 30, 31], [24, 25, 26, 27, 28, 29, 30, 31], [24, 25, 26, 27, 28, 29, 30, 31], [24, 25, 26, 27, 28, 29, 30, 31], [24, 25, 26, 27, 28, 29, 30, 31], [24, 25, 26, 27, 28, 29, 30, 31], [24, 25, 26, 27, 28, 29, 30, 31], [24, 25, 26, 27, 28, 29, 30, 31], [24, 25, 26, 27, 28, 29, 30, 31], [24, 25, 26, 27, 28, 29, 30, 31], [10, 11, 12, 13, 14, 15, 16, 17]]",8,0.8868496417999268,128,last,0.3333333333333333,4992,4.0,124,1.0116721391677856,0,1 5 34 3,1234,0.5285425186157227,test,top_r_mean,0.0,0.0,0.0,0.375
0.10372771474878444,1.0,39,0.0,31,25.63589997589588,hotpotqa,1.0,0.25,0.25,0.0,5a8888e35542997e5c09a5f6,mean,0.44129554655870445,0.04193811118602753,"[[24, 0, 1, 31, 19, 11, 18, 22], [13, 3, 22, 10, 4, 21, 18, 11], [25, 23, 12, 22, 19, 0, 9, 1], [30, 8, 9, 14, 13, 11, 22, 7], [7, 16, 26, 14, 17, 3, 20, 13], [23, 10, 3, 19, 25, 13, 18, 2], [3, 17, 15, 31, 8, 22, 10, 26], [12, 16, 11, 21, 0, 15, 20, 25], [14, 0, 26, 27, 12, 24, 11, 1], [14, 29, 30, 28, 13, 19, 9, 4], [11, 18, 7, 3, 6, 23, 10, 16], [25, 31, 16, 11, 20, 6, 15, 9], [9, 13, 26, 20, 17, 27, 31, 3], [13, 3, 5, 31, 25, 7, 8, 29], [23, 2, 8, 12, 3, 31, 26, 14], [10, 0, 3, 16, 31, 21, 4, 26], [22, 0, 11, 14, 15, 17, 24, 28], [2, 6, 30, 19, 24, 5, 18, 1], [7, 25, 19, 30, 24, 18, 1, 28], [8, 0, 6, 25, 5, 21, 1, 2], [20, 10, 23, 0, 17, 13, 14, 9], [10, 31, 7, 12, 21, 9, 26, 19], [30, 15, 6, 22, 12, 7, 5, 21], [9, 25, 23, 17, 27, 4, 29, 28], [3, 0, 24, 21, 14, 23, 17, 29], [1, 28, 31, 15, 27, 8, 13, 25], [17, 10, 6, 22, 7, 1, 24, 26], [0, 28, 26, 4, 17, 30, 18, 11], [7, 25, 31, 26, 10, 22, 16, 24], [14, 3, 5, 17, 22, 10, 0, 27], [15, 0, 7, 19, 17, 5, 14, 12], [22, 31, 5, 8, 17, 1, 25, 30], [21, 0, 12, 16, 25, 17, 15, 9], [14, 4, 0, 7, 5, 1, 9, 17], [21, 7, 11, 1, 10, 17, 20, 23], [11, 31, 22, 27, 23, 15, 28, 21], [6, 4, 3, 0, 18, 13, 2, 30], [2, 12, 17, 28, 15, 10, 8, 5], [10, 8, 11, 15, 5, 2, 4, 9]]",8,0.9364805817604065,128,farthest,1.0,4992,4.0,124,0.9677285552024841,0,32 24 0 8,1234,0.6072874069213867,test,top_r_mean,0.0,0.5,1.0,0.875
0.10372771474878444,1.0,39,0.0,31,31.481599900871515,hotpotqa,1.0,0.25,0.25,0.0,5a8888e35542997e5c09a5f6,mean,0.9244264507422402,0.0005876794457435608,"[[4, 0, 21, 5, 12, 13, 9, 14], [20, 25, 27, 17, 28, 26, 1, 8], [21, 26, 3, 28, 10, 29, 27, 25], [24, 29, 0, 4, 1, 2, 30, 28], [1, 0, 25, 24, 7, 28, 18, 8], [1, 21, 27, 28, 6, 16, 23, 8], [2, 31, 7, 16, 1, 0, 6, 29], [21, 31, 5, 28, 30, 18, 9, 29], [16, 0, 17, 10, 4, 6, 13, 24], [11, 17, 18, 25, 5, 22, 2, 19], [8, 29, 14, 1, 17, 2, 22, 16], [21, 3, 8, 13, 25, 6, 28, 15], [3, 4, 21, 25, 9, 5, 1, 23], [9, 23, 24, 28, 13, 17, 29, 25], [16, 30, 11, 5, 10, 0, 7, 31], [6, 3, 20, 30, 2, 31, 21, 1], [18, 0, 1, 22, 2, 26, 13, 12], [0, 30, 3, 1, 5, 2, 12, 24], [12, 17, 5, 27, 31, 18, 2, 13], [30, 4, 12, 20, 13, 0, 21, 2], [16, 25, 6, 13, 26, 27, 8, 12], [19, 2, 28, 5, 29, 8, 6, 1], [24, 2, 14, 1, 18, 11, 29, 9], [29, 2, 1, 12, 16, 3, 7, 22], [0, 6, 1, 7, 27, 18, 2, 16], [13, 4, 22, 10, 27, 7, 12, 0], [12, 26, 27, 16, 19, 0, 28, 20], [12, 16, 0, 15, 13, 14, 17, 25], [0, 14, 19, 15, 28, 23, 4, 30], [26, 21, 7, 2, 1, 24, 29, 25], [11, 4, 14, 16, 24, 1, 12, 17], [7, 30, 21, 24, 22, 3, 23, 31], [20, 0, 4, 3, 29, 15, 5, 24], [9, 8, 6, 19, 11, 7, 15, 20], [9, 29, 14, 26, 15, 17, 28, 27], [21, 20, 2, 30, 5, 3, 4, 12], [20, 2, 9, 8, 14, 10, 0, 29], [15, 21, 0, 22, 1, 6, 5, 2], [0, 11, 7, 17, 2, 1, 4, 3]]",8,0.1354290246963501,128,greedy_oracle,0.5,4992,4.0,124,0.13975092768669128,0,24 32 0 8,1234,0.9896761178970337,test,top_r_mean,1.0,0.5,1.0,0.875
0.10372771474878444,1.0,39,0.0,31,25.8585000410676,hotpotqa,1.0,0.25,0.25,0.0,5a8888e35542997e5c09a5f6,mean,0.5978407557354926,0.05724829435348511,"[[4, 16, 9, 3, 25, 1, 29, 6], [5, 10, 13, 2, 3, 29, 1, 7], [4, 18, 26, 1, 7, 6, 9, 17], [1, 8, 4, 21, 19, 13, 12, 28], [15, 16, 4, 8, 28, 6, 12, 25], [13, 19, 20, 28, 16, 1, 6, 17], [4, 9, 8, 7, 0, 12, 17, 11], [5, 26, 3, 14, 7, 22, 23, 21], [26, 15, 23, 13, 5, 30, 10, 21], [20, 31, 21, 1, 6, 2, 22, 5], [12, 31, 29, 16, 14, 22, 13, 18], [14, 10, 2, 30, 25, 24, 19, 8], [2, 26, 9, 10, 28, 8, 4, 14], [15, 19, 25, 3, 27, 26, 2, 7], [5, 25, 27, 8, 19, 9, 18, 10], [5, 24, 29, 13, 27, 7, 8, 0], [1, 29, 23, 9, 31, 26, 16, 21], [26, 23, 0, 8, 11, 12, 21, 6], [3, 5, 2, 10, 0, 14, 25, 27], [29, 1, 31, 8, 24, 15, 6, 18], [9, 22, 3, 30, 4, 5, 28, 2], [29, 5, 8, 26, 0, 16, 10, 9], [18, 11, 17, 29, 23, 15, 2, 13], [16, 10, 28, 24, 22, 9, 26, 20], [13, 16, 31, 17, 0, 7, 8, 19], [27, 19, 23, 28, 10, 30, 0, 15], [10, 18, 2, 30, 15, 11, 4, 13], [4, 17, 20, 25, 16, 0, 28, 31], [20, 1, 19, 17, 2, 5, 13, 26], [2, 12, 26, 6, 27, 0, 30, 17], [26, 16, 22, 14, 2, 5, 4, 31], [26, 15, 1, 28, 19, 27, 6, 2], [16, 1, 3, 10, 21, 15, 29, 17], [26, 29, 3, 4, 17, 7, 18, 28], [13, 25, 3, 18, 15, 24, 2, 23], [14, 17, 20, 8, 29, 21, 6, 12], [20, 0, 16, 6, 21, 12, 28, 13], [12, 8, 10, 25, 7, 19, 14, 11], [14, 17, 4, 8, 5, 12, 10, 9]]",8,0.8543302416801453,128,random,0.5,4992,4.0,124,0.9018060564994812,11,24 32 35 5,1234,0.7813765406608582,test,top_r_mean,1.0,0.5,0.5,0.75
0.10372771474878444,1.0,39,0.0,31,28.02309999242425,hotpotqa,1.0,0.25,0.25,0.0,5a8888e35542997e5c09a5f6,mean,0.5006747638326585,0.16536498069763184,"[[16, 11, 18, 10, 28, 7, 27, 29], [11, 30, 14, 16, 15, 19, 28, 1], [1, 24, 22, 25, 11, 8, 13, 12], [12, 29, 13, 6, 27, 30, 26, 23], [15, 20, 14, 6, 25, 24, 19, 7], [13, 19, 15, 2, 8, 27, 31, 29], [3, 15, 9, 2, 21, 4, 23, 13], [7, 20, 11, 2, 18, 14, 0, 5], [9, 18, 2, 8, 20, 5, 19, 3], [15, 24, 5, 11, 16, 10, 20, 26], [24, 5, 22, 23, 8, 9, 7, 17], [15, 26, 11, 1, 29, 14, 31, 4], [22, 7, 30, 9, 24, 26, 29, 5], [16, 15, 7, 26, 24, 1, 8, 22], [12, 26, 28, 7, 14, 1, 22, 0], [1, 17, 30, 27, 12, 6, 11, 14], [12, 17, 21, 9, 28, 25, 15, 23], [28, 9, 19, 4, 20, 17, 31, 7], [13, 6, 8, 16, 26, 2, 14, 18], [1, 3, 16, 28, 25, 20, 30, 15], [14, 30, 13, 4, 6, 27, 0, 8], [19, 24, 23, 12, 2, 31, 21, 28], [10, 14, 28, 11, 5, 18, 30, 20], [4, 30, 28, 21, 16, 15, 8, 7], [10, 3, 28, 29, 16, 13, 21, 5], [19, 27, 13, 10, 23, 30, 20, 4], [6, 13, 10, 23, 26, 4, 17, 30], [11, 1, 7, 4, 10, 27, 12, 8], [22, 10, 7, 18, 6, 23, 15, 5], [22, 2, 24, 11, 27, 15, 3, 1], [7, 6, 15, 12, 9, 26, 14, 10], [15, 17, 21, 30, 26, 3, 24, 4], [6, 10, 14, 24, 1, 28, 22, 13], [12, 21, 28, 13, 0, 19, 25, 17], [23, 11, 21, 20, 27, 29, 8, 2], [5, 13, 23, 10, 8, 14, 31, 27], [8, 28, 13, 5, 21, 6, 31, 2], [8, 21, 2, 16, 11, 12, 27, 25], [7, 11, 16, 13, 4, 9, 14, 12]]",8,0.8339750170707703,128,random,0.25,4992,4.0,124,0.9332349300384521,23,25 36 9 32,1234,0.6759109497070312,test,top_r_mean,0.0,0.0,0.25,0.375
0.10372771474878444,1.0,39,0.0,31,24.328599916771054,hotpotqa,1.0,0.25,0.25,0.0,5a8888e35542997e5c09a5f6,mean,0.4898785425101215,0.0594831183552742,"[[12, 21, 30, 16, 14, 29, 5, 17], [0, 30, 22, 28, 14, 27, 24, 31], [29, 23, 28, 19, 3, 8, 18, 25], [2, 17, 30, 3, 29, 21, 25, 26], [13, 0, 30, 1, 29, 17, 15, 27], [8, 2, 24, 17, 22, 10, 30, 5], [14, 9, 21, 7, 18, 15, 0, 28], [22, 9, 15, 20, 5, 31, 2, 28], [21, 1, 0, 4, 7, 16, 9, 26], [18, 3, 30, 29, 0, 21, 5, 11], [28, 20, 19, 5, 22, 4, 7, 29], [27, 22, 1, 24, 29, 2, 4, 16], [16, 23, 24, 12, 20, 2, 13, 10], [12, 22, 7, 14, 26, 28, 6, 3], [5, 10, 30, 7, 27, 18, 24, 29], [9, 15, 21, 24, 30, 5, 23, 28], [28, 29, 17, 9, 15, 1, 24, 8], [17, 20, 6, 11, 31, 22, 12, 3], [5, 30, 23, 13, 7, 20, 15, 12], [21, 7, 19, 20, 10, 31, 16, 11], [7, 11, 19, 8, 0, 17, 4, 31], [18, 31, 15, 29, 0, 8, 24, 5], [19, 17, 30, 28, 31, 1, 4, 7], [15, 13, 11, 10, 1, 24, 19, 12], [5, 26, 12, 1, 25, 3, 30, 6], [29, 27, 4, 17, 30, 20, 31, 12], [24, 5, 15, 1, 3, 25, 18, 8], [24, 12, 8, 29, 30, 14, 2, 9], [10, 7, 23, 8, 11, 0, 2, 30], [9, 10, 11, 20, 26, 25, 29, 6], [16, 17, 25, 20, 29, 21, 28, 13], [6, 15, 26, 22, 23, 25, 31, 19], [0, 30, 12, 4, 14, 27, 3, 26], [20, 15, 12, 4, 31, 2, 27, 29], [7, 17, 27, 31, 25, 12, 0, 3], [13, 14, 31, 12, 8, 5, 18, 25], [18, 11, 14, 19, 31, 9, 2, 26], [11, 12, 23, 0, 9, 14, 19, 18], [4, 0, 11, 12, 6, 16, 13, 15]]",8,0.7704455256462097,128,random,0.5,4992,4.0,124,0.8221002817153931,37,8 32 24 36,1234,0.6613360047340393,test,top_r_mean,0.0,0.0,0.75,0.625
0.10372771474878444,1.0,39,0.0,31,23.81699997931719,hotpotqa,1.0,0.25,0.25,0.0,5a8888e35542997e5c09a5f6,mean,0.42780026990553305,0.13765846192836761,"[[14, 23, 22, 19, 25, 29, 18, 10], [17, 30, 21, 12, 4, 1, 0, 20], [11, 6, 25, 10, 26, 5, 28, 4], [2, 8, 4, 5, 23, 6, 22, 14], [12, 9, 29, 21, 8, 13, 6, 7], [11, 17, 18, 12, 29, 1, 10, 8], [23, 30, 22, 12, 13, 27, 2, 4], [21, 24, 12, 10, 2, 3, 31, 11], [4, 3, 27, 18, 6, 29, 13, 10], [8, 29, 23, 25, 19, 16, 12, 17], [15, 11, 18, 26, 14, 3, 24, 7], [16, 17, 24, 8, 26, 10, 11, 9], [30, 23, 9, 29, 14, 2, 27, 22], [3, 27, 28, 8, 12, 9, 14, 29], [17, 7, 13, 29, 16, 8, 19, 21], [21, 29, 30, 11, 2, 12, 26, 22], [10, 3, 21, 26, 19, 9, 28, 17], [7, 6, 16, 23, 1, 14, 2, 12], [1, 25, 14, 11, 5, 26, 12, 13], [31, 9, 22, 19, 24, 30, 23, 1], [0, 18, 16, 17, 2, 21, 10, 31], [19, 16, 7, 24, 1, 9, 14, 8], [6, 9, 30, 21, 19, 1, 7, 24], [23, 10, 31, 24, 0, 6, 29, 12], [19, 25, 26, 6, 17, 3, 8, 18], [20, 31, 23, 25, 11, 29, 28, 6], [11, 6, 19, 27, 3, 22, 25, 5], [6, 27, 1, 9, 16, 0, 4, 10], [14, 9, 1, 4, 0, 18, 24, 6], [14, 9, 31, 21, 17, 10, 5, 0], [18, 11, 14, 12, 29, 31, 6, 5], [19, 29, 28, 13, 6, 2, 20, 15], [25, 0, 18, 8, 7, 5, 24, 14], [31, 29, 2, 14, 6, 1, 22, 3], [12, 30, 7, 18, 25, 13, 19, 27], [23, 16, 14, 6, 25, 5, 8, 22], [13, 11, 26, 30, 31, 8, 3, 22], [27, 12, 11, 18, 23, 13, 21, 15], [11, 3, 4, 17, 16, 12, 10, 8]]",8,0.8491076827049255,128,random,1.0,4992,4.0,124,0.9304670095443726,53,32 8 1 2,1234,0.5973684191703796,test,top_r_mean,0.0,0.0,0.5,0.5
0.10372771474878444,0.0,39,0.0,31,34.97810009866953,hotpotqa,1.0,0.0,0.0,0.0,5a8888e35542997e5c09a5f6,mean,0.5222672064777328,0.06902778148651123,"[[7, 15, 5, 19, 8, 24, 26, 18], [25, 16, 29, 10, 2, 5, 23, 18], [22, 11, 27, 31, 12, 23, 18, 20], [21, 15, 10, 28, 5, 19, 27, 25], [21, 12, 18, 9, 6, 20, 29, 16], [31, 29, 12, 18, 25, 9, 24, 10], [25, 7, 31, 2, 22, 4, 30, 23], [7, 27, 8, 18, 20, 19, 17, 1], [28, 4, 11, 22, 18, 3, 14, 7], [30, 29, 20, 0, 19, 5, 3, 13], [2, 27, 18, 1, 20, 21, 26, 0], [6, 14, 18, 13, 23, 16, 11, 28], [14, 16, 11, 18, 25, 8, 13, 1], [28, 12, 23, 17, 21, 29, 7, 25], [15, 3, 28, 11, 16, 1, 8, 29], [25, 8, 28, 27, 23, 18, 16, 0], [16, 21, 29, 31, 20, 10, 4, 9], [9, 31, 27, 28, 18, 12, 10, 16], [2, 25, 24, 15, 19, 18, 28, 14], [22, 17, 9, 12, 15, 7, 11, 8], [28, 14, 21, 3, 5, 9, 15, 16], [13, 24, 12, 9, 18, 29, 6, 15], [1, 6, 11, 0, 24, 7, 15, 27], [7, 4, 23, 0, 3, 13, 21, 11], [29, 18, 20, 1, 25, 2, 3, 7], [23, 12, 8, 19, 11, 16, 5, 27], [16, 0, 11, 26, 18, 29, 5, 3], [18, 24, 6, 7, 14, 27, 4, 15], [1, 17, 12, 0, 13, 6, 7, 27], [31, 21, 13, 2, 7, 29, 4, 11], [24, 9, 23, 21, 25, 20, 2, 8], [14, 28, 9, 8, 11, 6, 27, 2], [12, 20, 10, 26, 17, 11, 22, 31], [28, 16, 0, 25, 30, 6, 2, 24], [6, 22, 12, 5, 1, 2, 15, 14], [20, 26, 23, 22, 9, 5, 28, 29], [3, 22, 9, 14, 31, 19, 28, 29], [6, 18, 14, 16, 26, 31, 7, 0], [13, 17, 5, 2, 12, 1, 7, 8]]",8,0.8502482771873474,128,random,0.0,4992,4.0,124,0.9109156131744385,71,24 0 8 35,1234,0.6908906698226929,test,top_r_mean,1.0,1.0,0.75,0.625
0.07360552041403105,0.0,55,0.0,31,0.04079984501004219,hotpotqa,0.8,0.0,0.0,0.0,5a8c8502554299585d9e36d0,mean,1.0,0.0,,0,0.0,128,full_k,0.0,27823,4.0,124,0.0,0,0 32 8 48,1739,1.0,test,top_r_mean,1.0,1.0,1.0,1.0
0.07360552041403105,0.0,55,0.0,31,3.509199945256114,hotpotqa,0.8,0.0,0.0,0.0,5a8c8502554299585d9e36d0,mean,0.428956228956229,0.053620390594005585,,1,1.4923070669174194,128,mean,0.0,880,4.0,124,1.5187894105911255,0,8 33 0 32,1739,0.5989899635314941,test,top_r_mean,0.0,0.0,0.75,0.625
0.07360552041403105,0.0,55,0.0,31,35.21579992957413,hotpotqa,0.8,0.0,0.0,0.0,5a8c8502554299585d9e36d0,mean,-0.02356902356902357,0.3193044066429138,"[[24], [24], [24], [24], [24], [24], [24], [24], [24], [24], [24], [24], [24], [24], [24], [24], [24], [24], [24], [24], [24], [24], [24], [24], [24], [24], [24], [24], [24], [24], [24], [24], [24], [24], [24], [24], [24], [24], [24], [24], [24], [24], [24], [24], [24], [24], [24], [24], [24], [24], [24], [24], [24], [24], [3]]",1,1.521198034286499,128,last,0.0,880,4.0,124,1.720841884613037,0,14 33 30 47,1739,-0.026839829981327057,test,top_r_mean,0.0,0.0,0.0,0.125
0.07360552041403105,0.0,55,0.0,31,32.40230004303157,hotpotqa,0.8,0.0,0.0,0.0,5a8c8502554299585d9e36d0,mean,0.2377104377104377,0.10279949754476547,"[[18], [14], [26], [12], [25], [18], [29], [8], [17], [16], [5], [24], [6], [30], [27], [11], [15], [5], [28], [3], [14], [17], [12], [6], [11], [25], [23], [21], [28], [11], [26], [18], [5], [20], [9], [7], [16], [14], [24], [21], [5], [9], [28], [29], [31], [11], [17], [0], [7], [9], [14], [1], [25], [28], [3]]",1,1.0073120594024658,128,farthest,0.0,880,4.0,124,1.085753321647644,0,0 32 41 4,1739,0.32640698552131653,test,top_r_mean,1.0,1.0,0.5,0.25
0.07360552041403105,0.0,55,0.0,31,45.062600169330835,hotpotqa,0.8,0.0,0.0,0.0,5a8c8502554299585d9e36d0,mean,0.30774410774410776,0.10156791657209396,"[[8], [20], [7], [26], [18], [27], [10], [19], [23], [2], [31], [21], [11], [5], [24], [17], [25], [29], [16], [12], [2], [22], [29], [17], [5], [11], [11], [9], [15], [7], [17], [7], [28], [18], [30], [4], [19], [15], [20], [13], [31], [19], [1], [27], [9], [3], [23], [16], [25], [17], [1], [5], [17], [7], [4]]",1,0.24857503175735474,128,greedy_oracle,0.0,880,4.0,124,0.42262783646583557,0,41 26 2 9,1739,0.43441563844680786,test,top_r_mean,0.0,0.0,0.0,0.125
0.07360552041403105,0.0,55,0.0,31,40.546099888160825,hotpotqa,0.8,0.0,0.0,0.0,5a8c8502554299585d9e36d0,mean,0.1771043771043771,0.3281801640987396,"[[27], [18], [13], [29], [18], [15], [18], [30], [14], [18], [30], [26], [26], [22], [18], [17], [8], [11], [7], [29], [20], [23], [8], [22], [29], [28], [8], [8], [5], [9], [0], [6], [7], [29], [11], [11], [13], [23], [5], [1], [3], [25], [15], [0], [19], [26], [30], [7], [29], [24], [31], [6], [4], [19], [6]]",1,1.4716477394104004,128,random,0.0,880,4.0,124,1.695062279701233,11,15 8 4 46,1739,0.24862918257713318,test,top_r_mean,0.0,0.0,0.25,0.375
0.07360552041403105,1.0,55,0.0,31,42.47900005429983,hotpotqa,0.8,0.25,0.2,0.0,5a8c8502554299585d9e36d0,mean,0.16363636363636364,0.3158157765865326,"[[22], [2], [26], [18], [10], [11], [0], [7], [13], [13], [26], [17], [14], [4], [4], [12], [30], [13], [4], [20], [19], [28], [18], [15], [2], [28], [28], [8], [5], [27], [29], [25], [27], [3], [22], [17], [28], [13], [31], [24], [7], [9], [22], [28], [25], [11], [4], [25], [2], [19], [19], [12], [23], [15], [3]]",1,1.5668550729751587,128,random,0.25,880,4.0,124,1.7676045894622803,23,33 21 41 36,1739,0.26493510603904724,test,top_r_mean,0.0,0.0,0.0,0.125
0.07360552041403105,0.0,55,0.0,31,40.434000082314014,hotpotqa,0.8,0.0,0.0,0.0,5a8c8502554299585d9e36d0,mean,0.2781144781144781,0.14591264724731445,"[[28], [13], [9], [8], [4], [21], [1], [13], [3], [6], [16], [30], [14], [6], [10], [30], [10], [8], [5], [24], [20], [29], [8], [13], [20], [20], [14], [5], [7], [29], [19], [4], [7], [23], [27], [11], [24], [25], [13], [22], [13], [12], [18], [0], [2], [21], [19], [25], [16], [10], [18], [21], [8], [16], [1]]",1,1.4049737453460693,128,random,0.0,880,4.0,124,1.5309075117111206,37,32 2 16 24,1739,0.4252525568008423,test,top_r_mean,0.0,0.5,0.25,0.5
0.07360552041403105,0.0,55,0.0,31,44.28360005840659,hotpotqa,0.8,0.0,0.0,0.0,5a8c8502554299585d9e36d0,mean,0.23097643097643097,0.9279378056526184,"[[12], [11], [31], [5], [9], [16], [13], [14], [15], [26], [2], [23], [31], [11], [15], [11], [7], [26], [2], [20], [18], [9], [18], [9], [20], [2], [17], [9], [29], [19], [12], [24], [0], [22], [1], [25], [16], [15], [5], [25], [20], [14], [15], [0], [29], [3], [31], [20], [14], [14], [16], [25], [8], [15], [1]]",1,1.3476459980010986,128,random,0.0,880,4.0,124,1.5181424617767334,53,32 10 27 45,1739,0.32114002108573914,test,top_r_mean,0.0,0.5,0.25,0.25
0.07360552041403105,0.0,55,0.0,31,46.423899941146374,hotpotqa,0.8,0.0,0.0,0.0,5a8c8502554299585d9e36d0,mean,0.1744107744107744,0.3550685942173004,"[[6], [27], [23], [26], [31], [30], [29], [27], [2], [9], [28], [0], [13], [27], [20], [31], [6], [19], [8], [25], [20], [11], [17], [8], [6], [6], [12], [0], [13], [9], [4], [21], [7], [21], [23], [3], [3], [23], [31], [24], [22], [7], [3], [18], [0], [24], [29], [29], [6], [17], [29], [5], [8], [9], [8]]",1,1.4559428691864014,128,random,0.0,880,4.0,124,1.6869356632232666,71,49 47 3 51,1739,0.26176053285598755,test,top_r_mean,0.0,0.0,0.0,0.25
0.07360552041403105,0.0,55,0.0,31,39.802700048312545,hotpotqa,0.8,0.0,0.0,0.0,5a8c8502554299585d9e36d0,mean,0.07878787878787878,0.2142821103334427,"[[24, 25], [24, 25], [24, 25], [24, 25], [24, 25], [24, 25], [24, 25], [24, 25], [24, 25], [24, 25], [24, 25], [24, 25], [24, 25], [24, 25], [24, 25], [24, 25], [24, 25], [24, 25], [24, 25], [24, 25], [24, 25], [24, 25], [24, 25], [24, 25], [24, 25], [24, 25], [24, 25], [24, 25], [24, 25], [24, 25], [24, 25], [24, 25], [24, 25], [24, 25], [24, 25], [24, 25], [24, 25], [24, 25], [24, 25], [24, 25], [24, 25], [24, 25], [24, 25], [24, 25], [24, 25], [24, 25], [24, 25], [24, 25], [24, 25], [24, 25], [24, 25], [24, 25], [24, 25], [24, 25], [3, 4]]",2,1.4323614835739136,128,last,0.0,1760,4.0,124,1.5663533210754395,0,33 8 30 4,1739,0.11406928300857544,test,top_r_mean,0.0,0.0,0.25,0.25
0.07360552041403105,1.0,55,0.0,31,42.62330010533333,hotpotqa,0.8,0.25,0.2,0.0,5a8c8502554299585d9e36d0,mean,0.3602693602693603,0.6153090000152588,"[[18, 0], [14, 26], [26, 5], [12, 2], [25, 31], [18, 1], [29, 24], [8, 11], [17, 0], [16, 31], [5, 0], [24, 30], [6, 26], [30, 6], [27, 17], [11, 9], [15, 0], [5, 15], [28, 9], [3, 27], [14, 9], [17, 31], [12, 27], [6, 15], [11, 0], [25, 15], [23, 7], [21, 26], [28, 6], [11, 2], [26, 7], [18, 4], [5, 0], [20, 22], [9, 26], [7, 12], [16, 23], [14, 19], [24, 16], [21, 5], [5, 0], [9, 24], [28, 12], [29, 20], [31, 0], [11, 24], [17, 21], [0, 21], [7, 0], [9, 22], [14, 22], [1, 3], [25, 0], [28, 30], [3, 6]]",2,1.7327497005462646,128,farthest,0.3333333333333333,1760,4.0,124,1.8367425203323364,0,0 32 40 48,1739,0.49985575675964355,test,top_r_mean,1.0,1.0,0.75,0.875
0.07360552041403105,1.0,55,0.0,31,42.428400134667754,hotpotqa,0.8,0.25,0.2,0.0,5a8c8502554299585d9e36d0,mean,0.692929292929293,0.08467467874288559,"[[8, 0], [20, 22], [7, 12], [26, 31], [18, 25], [27, 10], [10, 0], [19, 24], [23, 0], [2, 8], [31, 2], [21, 5], [11, 18], [5, 25], [24, 6], [17, 28], [25, 0], [29, 0], [16, 23], [12, 19], [2, 1], [22, 3], [29, 4], [17, 29], [5, 0], [11, 17], [11, 17], [9, 4], [15, 21], [7, 14], [17, 24], [7, 27], [28, 0], [18, 3], [30, 17], [4, 7], [19, 25], [15, 21], [20, 0], [13, 21], [31, 0], [19, 27], [1, 26], [27, 8], [9, 10], [3, 10], [23, 30], [16, 29], [25, 0], [17, 0], [1, 26], [5, 27], [17, 2], [7, 20], [4, 10]]",2,0.2752455472946167,128,greedy_oracle,0.3333333333333333,1760,4.0,124,0.32242006063461304,0,0 32 40 48,1739,0.8527418375015259,test,top_r_mean,1.0,1.0,0.75,0.875
0.07360552041403105,0.0,55,0.0,31,44.165599858388305,hotpotqa,0.8,0.0,0.0,0.0,5a8c8502554299585d9e36d0,mean,0.23905723905723905,0.192352294921875,"[[27, 30], [18, 14], [13, 15], [29, 11], [18, 20], [15, 4], [18, 26], [30, 16], [14, 28], [18, 13], [30, 0], [26, 6], [26, 4], [22, 1], [18, 22], [17, 5], [8, 25], [11, 6], [7, 27], [29, 22], [20, 0], [23, 5], [8, 26], [22, 6], [29, 24], [28, 8], [8, 21], [8, 11], [5, 11], [9, 29], [0, 1], [6, 27], [7, 23], [29, 30], [11, 14], [11, 2], [13, 28], [23, 5], [5, 26], [1, 10], [3, 1], [25, 29], [15, 26], [0, 17], [19, 16], [26, 8], [30, 25], [7, 19], [29, 4], [24, 16], [31, 0], [6, 5], [4, 0], [19, 24], [6, 1]]",2,1.5059517621994019,128,random,0.0,1760,4.0,124,1.6322158575057983,11,2 51 38 4,1739,0.37676772475242615,test,top_r_mean,0.0,0.0,0.0,0.25
0.07360552041403105,0.0,55,0.0,31,39.89030001685023,hotpotqa,0.8,0.0,0.0,0.0,5a8c8502554299585d9e36d0,mean,0.06127946127946128,0.20072144269943237,"[[22, 15], [2, 30], [26, 22], [18, 26], [10, 29], [11, 24], [0, 14], [7, 22], [13, 26], [13, 4], [26, 19], [17, 21], [14, 10], [4, 23], [4, 22], [12, 20], [30, 13], [13, 19], [4, 18], [20, 11], [19, 14], [28, 23], [18, 29], [15, 20], [2, 1], [28, 30], [28, 29], [8, 9], [5, 13], [27, 26], [29, 6], [25, 12], [27, 31], [3, 30], [22, 18], [17, 11], [28, 26], [13, 19], [31, 3], [24, 28], [7, 6], [9, 5], [22, 14], [28, 12], [25, 29], [11, 27], [4, 21], [25, 23], [2, 20], [19, 3], [19, 25], [12, 5], [23, 13], [15, 30], [3, 5]]",2,1.55016028881073,128,random,0.0,1760,4.0,124,1.672650694847107,23,33 51 8 16,1739,0.11428572982549667,test,top_r_mean,0.0,0.0,0.25,0.25
0.07360552041403105,0.0,55,0.0,31,45.75820011086762,hotpotqa,0.8,0.0,0.0,0.0,5a8c8502554299585d9e36d0,mean,0.28619528619528617,0.11450038105249405,"[[28, 24], [13, 26], [9, 4], [8, 1], [4, 26], [21, 20], [1, 19], [13, 18], [3, 6], [6, 23], [16, 12], [30, 17], [14, 19], [6, 8], [10, 5], [30, 10], [10, 17], [8, 6], [5, 1], [24, 17], [20, 2], [29, 21], [8, 9], [13, 5], [20, 23], [20, 15], [14, 15], [5, 29], [7, 22], [29, 30], [19, 29], [4, 7], [7, 2], [23, 10], [27, 17], [11, 16], [24, 19], [25, 7], [13, 2], [22, 25], [13, 10], [12, 26], [18, 8], [0, 15], [2, 23], [21, 1], [19, 4], [25, 4], [16, 1], [10, 20], [18, 25], [21, 24], [8, 7], [16, 7], [1, 7]]",2,1.423984408378601,128,random,0.0,1760,4.0,124,1.5071046352386475,37,53 32 16 29,1739,0.4282107353210449,test,top_r_mean,0.0,0.5,0.25,0.375
0.07360552041403105,0.0,55,0.0,31,40.431000059470534,hotpotqa,0.8,0.0,0.0,0.0,5a8c8502554299585d9e36d0,mean,0.29292929292929293,0.28958186507225037,"[[12, 3], [11, 19], [31, 11], [5, 14], [9, 25], [16, 25], [13, 27], [14, 24], [15, 30], [26, 12], [2, 20], [23, 1], [31, 6], [11, 16], [15, 27], [11, 30], [7, 17], [26, 18], [2, 18], [20, 29], [18, 4], [9, 24], [18, 2], [9, 22], [20, 15], [2, 24], [17, 13], [9, 11], [29, 14], [19, 6], [12, 29], [24, 4], [0, 17], [22, 28], [1, 11], [25, 28], [16, 17], [15, 2], [5, 17], [25, 29], [20, 19], [14, 19], [15, 0], [0, 27], [29, 25], [3, 11], [31, 22], [20, 29], [14, 0], [14, 10], [16, 29], [25, 5], [8, 27], [15, 7], [1, 6]]",2,1.2985252141952515,128,random,0.0,1760,4.0,124,1.4139373302459717,53,48 32 45 43,1739,0.4306638538837433,test,top_r_mean,0.0,0.5,0.5,0.25
0.07360552041403105,1.0,55,0.0,31,43.12789998948574,hotpotqa,0.8,0.25,0.2,0.0,5a8c8502554299585d9e36d0,mean,0.2080808080808081,0.3288362920284271,"[[6, 2], [27, 24], [23, 22], [26, 8], [31, 30], [30, 26], [29, 17], [27, 31], [2, 22], [9, 7], [28, 5], [0, 19], [13, 22], [27, 28], [20, 1], [31, 22], [6, 12], [19, 15], [8, 17], [25, 29], [20, 23], [11, 29], [17, 14], [8, 14], [6, 7], [6, 23], [12, 4], [0, 23], [13, 6], [9, 24], [4, 3], [21, 0], [7, 3], [21, 18], [23, 29], [3, 16], [3, 18], [23, 8], [31, 10], [24, 0], [22, 0], [7, 30], [3, 17], [18, 11], [0, 20], [24, 16], [29, 8], [29, 12], [6, 19], [17, 18], [29, 15], [5, 22], [8, 28], [9, 17], [8, 10]]",2,1.489493489265442,128,random,1.0,1760,4.0,124,1.6314890384674072,71,40 33 49 9,1739,0.30324679613113403,test,top_r_mean,0.0,0.0,0.0,0.25
0.07360552041403105,0.0,55,0.0,31,41.61610011942685,hotpotqa,0.8,0.0,0.0,0.0,5a8c8502554299585d9e36d0,mean,0.12053872053872054,0.1695089042186737,"[[24, 25, 26, 27], [24, 25, 26, 27], [24, 25, 26, 27], [24, 25, 26, 27], [24, 25, 26, 27], [24, 25, 26, 27], [24, 25, 26, 27], [24, 25, 26, 27], [24, 25, 26, 27], [24, 25, 26, 27], [24, 25, 26, 27], [24, 25, 26, 27], [24, 25, 26, 27], [24, 25, 26, 27], [24, 25, 26, 27], [24, 25, 26, 27], [24, 25, 26, 27], [24, 25, 26, 27], [24, 25, 26, 27], [24, 25, 26, 27], [24, 25, 26, 27], [24, 25, 26, 27], [24, 25, 26, 27], [24, 25, 26, 27], [24, 25, 26, 27], [24, 25, 26, 27], [24, 25, 26, 27], [24, 25, 26, 27], [24, 25, 26, 27], [24, 25, 26, 27], [24, 25, 26, 27], [24, 25, 26, 27], [24, 25, 26, 27], [24, 25, 26, 27], [24, 25, 26, 27], [24, 25, 26, 27], [24, 25, 26, 27], [24, 25, 26, 27], [24, 25, 26, 27], [24, 25, 26, 27], [24, 25, 26, 27], [24, 25, 26, 27], [24, 25, 26, 27], [24, 25, 26, 27], [24, 25, 26, 27], [24, 25, 26, 27], [24, 25, 26, 27], [24, 25, 26, 27], [24, 25, 26, 27], [24, 25, 26, 27], [24, 25, 26, 27], [24, 25, 26, 27], [24, 25, 26, 27], [24, 25, 26, 27], [3, 4, 5, 6]]",4,1.4997637271881104,128,last,0.0,3520,4.0,124,1.5930757522583008,0,8 4 49 38,1739,0.18578645586967468,test,top_r_mean,0.0,0.0,0.25,0.125
0.07360552041403105,1.0,55,0.0,31,35.29460006393492,hotpotqa,0.8,0.25,0.2,0.0,5a8c8502554299585d9e36d0,mean,0.2983164983164983,0.08282145857810974,"[[18, 0, 3, 16], [14, 26, 6, 31], [26, 5, 24, 8], [12, 2, 27, 17], [25, 31, 15, 19], [18, 1, 11, 28], [29, 24, 20, 31], [8, 11, 4, 1], [17, 0, 7, 1], [16, 31, 13, 0], [5, 0, 29, 25], [24, 30, 19, 18], [6, 26, 15, 23], [30, 6, 3, 0], [27, 17, 13, 2], [11, 9, 29, 15], [15, 0, 30, 9], [5, 15, 30, 12], [28, 9, 21, 20], [3, 27, 1, 16], [14, 9, 7, 8], [17, 31, 19, 1], [12, 27, 2, 17], [6, 15, 1, 11], [11, 0, 2, 18], [25, 15, 7, 14], [23, 7, 1, 8], [21, 26, 12, 7], [28, 6, 19, 5], [11, 2, 24, 12], [26, 7, 3, 22], [18, 4, 12, 6], [5, 0, 10, 14], [20, 22, 11, 19], [9, 26, 4, 3], [7, 12, 21, 2], [16, 23, 4, 19], [14, 19, 24, 28], [24, 16, 3, 2], [21, 5, 1, 15], [5, 0, 29, 28], [9, 24, 6, 31], [28, 12, 18, 25], [29, 20, 22, 26], [31, 0, 4, 15], [11, 24, 2, 20], [17, 21, 27, 13], [0, 21, 14, 8], [7, 0, 17, 9], [9, 22, 31, 10], [14, 22, 6, 11], [1, 3, 27, 31], [25, 0, 20, 22], [28, 30, 23, 1], [3, 6, 5, 9]]",4,2.045255184173584,128,farthest,0.3333333333333333,3520,4.0,124,2.081112861633301,0,0 16 40 32,1739,0.4240260422229767,test,top_r_mean,1.0,0.5,0.5,0.875
0.07360552041403105,1.0,55,0.0,31,42.59490012191236,hotpotqa,0.8,0.25,0.2,0.0,5a8c8502554299585d9e36d0,mean,0.7400673400673401,0.0027461890131235123,"[[8, 0, 18, 4], [20, 22, 1, 29], [7, 12, 15, 13], [26, 31, 21, 20], [18, 25, 7, 23], [27, 10, 31, 29], [10, 0, 4, 11], [19, 24, 9, 25], [23, 0, 14, 18], [2, 8, 9, 5], [31, 2, 9, 8], [21, 5, 10, 27], [11, 18, 1, 7], [5, 25, 9, 14], [24, 6, 28, 31], [17, 28, 22, 23], [25, 0, 17, 29], [29, 0, 1, 3], [16, 23, 30, 1], [12, 19, 22, 3], [2, 1, 5, 27], [22, 3, 28, 10], [29, 4, 12, 5], [17, 29, 3, 24], [5, 0, 20, 25], [11, 17, 21, 26], [11, 17, 16, 13], [9, 4, 15, 6], [15, 21, 30, 31], [7, 14, 21, 30], [17, 24, 26, 25], [7, 27, 14, 18], [28, 0, 12, 5], [18, 3, 24, 21], [30, 17, 10, 13], [4, 7, 8, 1], [19, 25, 28, 27], [15, 21, 17, 22], [20, 0, 5, 25], [13, 21, 18, 23], [31, 0, 1, 26], [19, 27, 4, 1], [1, 26, 2, 28], [27, 8, 2, 0], [9, 10, 11, 12], [3, 10, 17, 11], [23, 30, 29, 24], [16, 29, 24, 23], [25, 0, 31, 4], [17, 0, 1, 18], [1, 26, 2, 8], [5, 27, 12, 17], [17, 2, 10, 3], [7, 20, 14, 16], [4, 10, 3, 1]]",4,0.3912195861339569,128,greedy_oracle,0.25,3520,4.0,124,0.3985239863395691,0,0 32 8 40,1739,0.8883839845657349,test,top_r_mean,1.0,1.0,0.75,0.875
0.07360552041403105,1.0,55,0.0,31,44.36179995536804,hotpotqa,0.8,0.25,0.2,0.0,5a8c8502554299585d9e36d0,mean,0.2713804713804714,0.10591621696949005,"[[27, 30, 26, 13], [18, 14, 25, 12], [13, 15, 10, 20], [29, 11, 12, 5], [18, 20, 21, 27], [15, 4, 11, 17], [18, 26, 25, 9], [30, 16, 23, 14], [14, 28, 15, 8], [18, 13, 3, 0], [30, 0, 19, 31], [26, 6, 8, 18], [26, 4, 21, 12], [22, 1, 23, 30], [18, 22, 29, 5], [17, 5, 16, 9], [8, 25, 14, 17], [11, 6, 31, 27], [7, 27, 16, 29], [29, 22, 2, 12], [20, 0, 19, 18], [23, 5, 6, 24], [8, 26, 18, 5], [22, 6, 20, 16], [29, 24, 14, 31], [28, 8, 0, 25], [8, 21, 9, 19], [8, 11, 25, 5], [5, 11, 20, 7], [9, 29, 5, 1], [0, 1, 6, 18], [6, 27, 25, 26], [7, 23, 27, 8], [29, 30, 12, 3], [11, 14, 26, 25], [11, 2, 17, 8], [13, 28, 14, 8], [23, 5, 0, 17], [5, 26, 15, 30], [1, 10, 22, 6], [3, 1, 31, 27], [25, 29, 26, 9], [15, 26, 22, 10], [0, 17, 11, 26], [19, 16, 2, 29], [26, 8, 20, 1], [30, 25, 8, 11], [7, 19, 9, 20], [29, 4, 16, 9], [24, 16, 28, 2], [31, 0, 30, 1], [6, 5, 11, 26], [4, 0, 9, 31], [19, 24, 30, 8], [6, 1, 8, 9]]",4,1.4703747034072876,128,random,0.3333333333333333,3520,4.0,124,1.5298373699188232,11,33 19 40 2,1739,0.42171722650527954,test,top_r_mean,0.0,0.0,0.0,0.25
0.07360552041403105,0.0,55,0.0,31,42.854500003159046,hotpotqa,0.8,0.0,0.0,0.0,5a8c8502554299585d9e36d0,mean,0.2404040404040404,0.1118331328034401,"[[22, 15, 24, 19], [2, 30, 17, 16], [26, 22, 16, 18], [18, 26, 13, 15], [10, 29, 24, 6], [11, 24, 6, 21], [0, 14, 18, 28], [7, 22, 17, 8], [13, 26, 10, 27], [13, 4, 8, 22], [26, 19, 29, 9], [17, 21, 13, 23], [14, 10, 0, 27], [4, 23, 3, 2], [4, 22, 28, 21], [12, 20, 15, 18], [30, 13, 8, 29], [13, 19, 31, 9], [4, 18, 19, 13], [20, 11, 4, 27], [19, 14, 12, 13], [28, 23, 10, 6], [18, 29, 9, 23], [15, 20, 24, 12], [2, 1, 18, 5], [28, 30, 0, 24], [28, 29, 4, 21], [8, 9, 15, 18], [5, 13, 18, 4], [27, 26, 24, 0], [29, 6, 14, 0], [25, 12, 9, 17], [27, 31, 2, 25], [3, 30, 27, 17], [22, 18, 0, 1], [17, 11, 16, 30], [28, 26, 24, 0], [13, 19, 1, 30], [31, 3, 16, 5], [24, 28, 29, 13], [7, 6, 13, 1], [9, 5, 6, 0], [22, 14, 16, 0], [28, 12, 2, 3], [25, 29, 22, 8], [11, 27, 10, 23], [4, 21, 11, 19], [25, 23, 4, 2], [2, 20, 13, 26], [19, 3, 29, 27], [19, 25, 17, 24], [12, 5, 4, 25], [23, 13, 6, 24], [15, 30, 25, 29], [3, 5, 6, 1]]",4,1.5405917167663574,128,random,0.0,3520,4.0,124,1.6029781103134155,23,4 45 33 8,1739,0.3664502799510956,test,top_r_mean,0.0,0.0,0.25,0.25
0.07360552041403105,0.0,55,0.0,31,43.72660000808537,hotpotqa,0.8,0.0,0.0,0.0,5a8c8502554299585d9e36d0,mean,0.28754208754208754,0.12369941174983978,"[[28, 24, 26, 2], [13, 26, 7, 2], [9, 4, 26, 10], [8, 1, 10, 30], [4, 26, 2, 22], [21, 20, 26, 16], [1, 19, 4, 15], [13, 18, 15, 10], [3, 6, 8, 19], [6, 23, 31, 22], [16, 12, 31, 28], [30, 17, 14, 5], [14, 19, 29, 6], [6, 8, 17, 12], [10, 5, 16, 18], [30, 10, 2, 19], [10, 17, 27, 24], [8, 6, 2, 26], [5, 1, 29, 22], [24, 17, 1, 19], [20, 2, 7, 9], [29, 21, 14, 3], [8, 9, 13, 3], [13, 5, 15, 4], [20, 23, 4, 16], [20, 15, 2, 11], [14, 15, 26, 1], [5, 29, 13, 12], [7, 22, 27, 5], [29, 30, 26, 9], [19, 29, 11, 14], [4, 7, 2, 15], [7, 2, 10, 0], [23, 10, 24, 30], [27, 17, 28, 18], [11, 16, 24, 1], [24, 19, 12, 28], [25, 7, 29, 5], [13, 2, 27, 25], [22, 25, 9, 18], [13, 10, 29, 25], [12, 26, 28, 27], [18, 8, 24, 12], [0, 15, 25, 10], [2, 23, 0, 4], [21, 1, 30, 13], [19, 4, 2, 17], [25, 4, 20, 11], [16, 1, 22, 7], [10, 20, 16, 25], [18, 25, 24, 15], [21, 24, 22, 0], [8, 7, 24, 29], [16, 7, 31, 24], [1, 7, 6, 4]]",4,1.5148240327835083,128,random,0.0,3520,4.0,124,1.587550163269043,37,32 33 41 4,1739,0.41248202323913574,test,top_r_mean,0.0,0.5,0.25,0.25
0.07360552041403105,0.0,55,0.0,31,46.78070009686053,hotpotqa,0.8,0.0,0.0,0.0,5a8c8502554299585d9e36d0,mean,0.2228956228956229,0.11858928203582764,"[[12, 3, 21, 23], [11, 19, 2, 0], [31, 11, 26, 25], [5, 14, 26, 8], [9, 25, 1, 4], [16, 25, 1, 5], [13, 27, 25, 14], [14, 24, 17, 15], [15, 30, 31, 14], [26, 12, 29, 7], [2, 20, 0, 25], [23, 1, 0, 8], [31, 6, 29, 26], [11, 16, 15, 19], [15, 27, 9, 28], [11, 30, 21, 26], [7, 17, 2, 1], [26, 18, 27, 30], [2, 18, 12, 15], [20, 29, 31, 5], [18, 4, 5, 28], [9, 24, 10, 11], [18, 2, 19, 26], [9, 22, 13, 15], [20, 15, 3, 16], [2, 24, 28, 0], [17, 13, 4, 0], [9, 11, 13, 29], [29, 14, 20, 21], [19, 6, 3, 26], [12, 29, 23, 30], [24, 4, 23, 29], [0, 17, 2, 1], [22, 28, 1, 16], [1, 11, 2, 29], [25, 28, 7, 19], [16, 17, 10, 28], [15, 2, 11, 13], [5, 17, 14, 8], [25, 29, 28, 2], [20, 19, 1, 24], [14, 19, 18, 20], [15, 0, 26, 30], [0, 27, 15, 23], [29, 25, 31, 1], [3, 11, 22, 17], [31, 22, 5, 20], [20, 29, 8, 27], [14, 0, 10, 20], [14, 10, 27, 13], [16, 29, 1, 11], [25, 5, 29, 17], [8, 27, 21, 28], [15, 7, 11, 31], [1, 6, 10, 9]]",4,1.4205180406570435,128,random,0.0,3520,4.0,124,1.4886239767074585,53,48 32 45 43,1739,0.3353535532951355,test,top_r_mean,0.0,0.5,0.5,0.375
0.07360552041403105,1.0,55,0.0,31,40.85400002077222,hotpotqa,0.8,0.25,0.2,0.0,5a8c8502554299585d9e36d0,mean,0.24444444444444444,0.13627679646015167,"[[6, 2, 3, 18], [27, 24, 18, 8], [23, 22, 25, 24], [26, 8, 0, 15], [31, 30, 26, 2], [30, 26, 16, 13], [29, 17, 8, 5], [27, 31, 1, 30], [2, 22, 8, 23], [9, 7, 13, 0], [28, 5, 10, 26], [0, 19, 20, 18], [13, 22, 16, 7], [27, 28, 15, 13], [20, 1, 16, 19], [31, 22, 10, 19], [6, 12, 21, 22], [19, 15, 29, 1], [8, 17, 15, 12], [25, 29, 14, 31], [20, 23, 3, 31], [11, 29, 0, 26], [17, 14, 5, 10], [8, 14, 24, 13], [6, 7, 25, 24], [6, 23, 1, 31], [12, 4, 17, 31], [0, 23, 6, 11], [13, 6, 12, 30], [9, 24, 21, 12], [4, 3, 6, 28], [21, 0, 18, 9], [7, 3, 20, 16], [21, 18, 8, 27], [23, 29, 17, 7], [3, 16, 26, 13], [3, 18, 27, 15], [23, 8, 16, 4], [31, 10, 14, 1], [24, 0, 17, 26], [22, 0, 6, 27], [7, 30, 8, 3], [3, 17, 21, 24], [18, 11, 25, 26], [0, 20, 12, 4], [24, 16, 9, 23], [29, 8, 6, 23], [29, 12, 0, 27], [6, 19, 26, 17], [17, 18, 24, 10], [29, 15, 18, 31], [5, 22, 15, 18], [8, 28, 18, 6], [9, 17, 23, 11], [8, 10, 0, 3]]",4,1.4523680210113525,128,random,1.0,3520,4.0,124,1.530558466911316,71,40 33 32 46,1739,0.3579365313053131,test,top_r_mean,0.0,0.0,0.25,0.5
0.07360552041403105,0.0,55,0.0,31,41.80400003679097,hotpotqa,0.8,0.0,0.0,0.0,5a8c8502554299585d9e36d0,mean,0.29292929292929293,0.08428934216499329,"[[24, 25, 26, 27, 28, 29, 30, 31], [24, 25, 26, 27, 28, 29, 30, 31], [24, 25, 26, 27, 28, 29, 30, 31], [24, 25, 26, 27, 28, 29, 30, 31], [24, 25, 26, 27, 28, 29, 30, 31], [24, 25, 26, 27, 28, 29, 30, 31], [24, 25, 26, 27, 28, 29, 30, 31], [24, 25, 26, 27, 28, 29, 30, 31], [24, 25, 26, 27, 28, 29, 30, 31], [24, 25, 26, 27, 28, 29, 30, 31], [24, 25, 26, 27, 28, 29, 30, 31], [24, 25, 26, 27, 28, 29, 30, 31], [24, 25, 26, 27, 28, 29, 30, 31], [24, 25, 26, 27, 28, 29, 30, 31], [24, 25, 26, 27, 28, 29, 30, 31], [24, 25, 26, 27, 28, 29, 30, 31], [24, 25, 26, 27, 28, 29, 30, 31], [24, 25, 26, 27, 28, 29, 30, 31], [24, 25, 26, 27, 28, 29, 30, 31], [24, 25, 26, 27, 28, 29, 30, 31], [24, 25, 26, 27, 28, 29, 30, 31], [24, 25, 26, 27, 28, 29, 30, 31], [24, 25, 26, 27, 28, 29, 30, 31], [24, 25, 26, 27, 28, 29, 30, 31], [24, 25, 26, 27, 28, 29, 30, 31], [24, 25, 26, 27, 28, 29, 30, 31], [24, 25, 26, 27, 28, 29, 30, 31], [24, 25, 26, 27, 28, 29, 30, 31], [24, 25, 26, 27, 28, 29, 30, 31], [24, 25, 26, 27, 28, 29, 30, 31], [24, 25, 26, 27, 28, 29, 30, 31], [24, 25, 26, 27, 28, 29, 30, 31], [24, 25, 26, 27, 28, 29, 30, 31], [24, 25, 26, 27, 28, 29, 30, 31], [24, 25, 26, 27, 28, 29, 30, 31], [24, 25, 26, 27, 28, 29, 30, 31], [24, 25, 26, 27, 28, 29, 30, 31], [24, 25, 26, 27, 28, 29, 30, 31], [24, 25, 26, 27, 28, 29, 30, 31], [24, 25, 26, 27, 28, 29, 30, 31], [24, 25, 26, 27, 28, 29, 30, 31], [24, 25, 26, 27, 28, 29, 30, 31], [24, 25, 26, 27, 28, 29, 30, 31], [24, 25, 26, 27, 28, 29, 30, 31], [24, 25, 26, 27, 28, 29, 30, 31], [24, 25, 26, 27, 28, 29, 30, 31], [24, 25, 26, 27, 28, 29, 30, 31], [24, 25, 26, 27, 28, 29, 30, 31], [24, 25, 26, 27, 28, 29, 30, 31], [24, 25, 26, 27, 28, 29, 30, 31], [24, 25, 26, 27, 28, 29, 30, 31], [24, 25, 26, 27, 28, 29, 30, 31], [24, 25, 26, 27, 28, 29, 30, 31], [24, 25, 26, 27, 28, 29, 30, 31], [3, 4, 5, 6, 7, 8, 9, 10]]",8,0.8165040016174316,128,last,0.0,7040,4.0,124,0.8942059874534607,0,14 33 38 3,1739,0.4300144910812378,test,top_r_mean,0.0,0.0,0.0,0.375
0.07360552041403105,0.0,55,0.0,31,46.4627998881042,hotpotqa,0.8,0.0,0.0,0.0,5a8c8502554299585d9e36d0,mean,0.397979797979798,0.04197752848267555,"[[18, 0, 3, 16, 1, 10, 29, 14], [14, 26, 6, 31, 16, 2, 30, 4], [26, 5, 24, 8, 2, 17, 21, 7], [12, 2, 27, 17, 26, 23, 1, 29], [25, 31, 15, 19, 30, 13, 18, 10], [18, 1, 11, 28, 6, 27, 2, 25], [29, 24, 20, 31, 26, 12, 18, 1], [8, 11, 4, 1, 31, 20, 27, 13], [17, 0, 7, 1, 22, 28, 19, 18], [16, 31, 13, 0, 3, 30, 29, 21], [5, 0, 29, 25, 6, 1, 14, 19], [24, 30, 19, 18, 15, 31, 1, 3], [6, 26, 15, 23, 13, 16, 27, 29], [30, 6, 3, 0, 21, 8, 12, 4], [27, 17, 13, 2, 14, 25, 8, 11], [11, 9, 29, 15, 8, 18, 27, 2], [15, 0, 30, 9, 26, 20, 25, 28], [5, 15, 30, 12, 29, 2, 24, 31], [28, 9, 21, 20, 17, 3, 18, 13], [3, 27, 1, 16, 31, 13, 2, 17], [14, 9, 7, 8, 16, 23, 24, 28], [17, 31, 19, 1, 26, 8, 23, 4], [12, 27, 2, 17, 8, 24, 1, 6], [6, 15, 1, 11, 20, 12, 13, 30], [11, 0, 2, 18, 9, 6, 30, 21], [25, 15, 7, 14, 11, 12, 30, 16], [23, 7, 1, 8, 31, 15, 30, 6], [21, 26, 12, 7, 31, 13, 9, 30], [28, 6, 19, 5, 18, 13, 10, 8], [11, 2, 24, 12, 4, 13, 23, 8], [26, 7, 3, 22, 5, 15, 31, 25], [18, 4, 12, 6, 25, 23, 30, 3], [5, 0, 10, 14, 26, 29, 24, 1], [20, 22, 11, 19, 16, 26, 13, 12], [9, 26, 4, 3, 27, 20, 30, 31], [7, 12, 21, 2, 16, 11, 17, 3], [16, 23, 4, 19, 20, 2, 17, 11], [14, 19, 24, 28, 0, 10, 18, 15], [24, 16, 3, 2, 13, 1, 17, 23], [21, 5, 1, 15, 30, 9, 16, 13], [5, 0, 29, 28, 2, 27, 8, 24], [9, 24, 6, 31, 20, 16, 11, 23], [28, 12, 18, 25, 22, 27, 24, 3], [29, 20, 22, 26, 6, 3, 16, 4], [31, 0, 4, 15, 9, 5, 2, 30], [11, 24, 2, 20, 5, 1, 23, 7], [17, 21, 27, 13, 23, 5, 9, 31], [0, 21, 14, 8, 3, 28, 20, 29], [7, 0, 17, 9, 18, 2, 22, 23], [9, 22, 31, 10, 8, 15, 17, 30], [14, 22, 6, 11, 20, 1, 5, 27], [1, 3, 27, 31, 18, 23, 10, 21], [25, 0, 20, 22, 23, 16, 11, 31], [28, 30, 23, 1, 7, 22, 29, 11], [3, 6, 5, 9, 10, 4, 0, 8]]",8,0.9919792413711548,128,farthest,0.0,7040,4.0,124,1.0365122556686401,0,0 16 8 32,1739,0.5502886772155762,test,top_r_mean,1.0,0.5,0.75,0.875
0.07360552041403105,0.0,55,0.0,31,42.24029998295009,hotpotqa,0.8,0.0,0.0,0.0,5a8c8502554299585d9e36d0,mean,0.8451178451178452,0.0007979474030435085,"[[8, 0, 18, 4, 1, 31, 5, 30], [20, 22, 1, 29, 0, 14, 7, 5], [7, 12, 15, 13, 21, 11, 16, 28], [26, 31, 21, 20, 30, 25, 22, 28], [18, 25, 7, 23, 10, 24, 0, 26], [27, 10, 31, 29, 19, 15, 21, 3], [10, 0, 4, 11, 1, 2, 23, 5], [19, 24, 9, 25, 10, 26, 23, 8], [23, 0, 14, 18, 4, 25, 24, 20], [2, 8, 9, 5, 23, 7, 6, 3], [31, 2, 9, 8, 15, 5, 6, 14], [21, 5, 10, 27, 11, 7, 4, 0], [11, 18, 1, 7, 14, 16, 2, 29], [5, 25, 9, 14, 13, 0, 10, 2], [24, 6, 28, 31, 29, 12, 27, 7], [17, 28, 22, 23, 1, 20, 21, 26], [25, 0, 17, 29, 30, 14, 21, 4], [29, 0, 1, 3, 31, 19, 23, 8], [16, 23, 30, 1, 14, 0, 20, 2], [12, 19, 22, 3, 30, 20, 8, 18], [2, 1, 5, 27, 23, 15, 28, 20], [22, 3, 28, 10, 11, 16, 0, 12], [29, 4, 12, 5, 16, 31, 15, 6], [17, 29, 3, 24, 4, 28, 2, 5], [5, 0, 20, 25, 1, 28, 10, 9], [11, 17, 21, 26, 20, 2, 8, 25], [11, 17, 16, 13, 27, 25, 6, 30], [9, 4, 15, 6, 23, 14, 19, 18], [15, 21, 30, 31, 20, 4, 29, 22], [7, 14, 21, 30, 22, 1, 16, 31], [17, 24, 26, 25, 9, 2, 23, 14], [7, 27, 14, 18, 15, 22, 16, 19], [28, 0, 12, 5, 2, 7, 3, 4], [18, 3, 24, 21, 30, 14, 6, 11], [30, 17, 10, 13, 15, 22, 31, 25], [4, 7, 8, 1, 0, 28, 5, 9], [19, 25, 28, 27, 21, 26, 4, 29], [15, 21, 17, 22, 10, 23, 18, 13], [20, 0, 5, 25, 29, 26, 13, 28], [13, 21, 18, 23, 19, 17, 0, 20], [31, 0, 1, 26, 13, 6, 23, 11], [19, 27, 4, 1, 2, 0, 28, 7], [1, 26, 2, 28, 14, 3, 7, 16], [27, 8, 2, 0, 29, 25, 7, 22], [9, 10, 11, 12, 1, 29, 18, 4], [3, 10, 17, 11, 1, 16, 31, 29], [23, 30, 29, 24, 2, 31, 9, 8], [16, 29, 24, 23, 0, 1, 5, 30], [25, 0, 31, 4, 14, 26, 8, 1], [17, 0, 1, 18, 3, 25, 27, 7], [1, 26, 2, 8, 19, 29, 7, 25], [5, 27, 12, 17, 21, 6, 18, 16], [17, 2, 10, 3, 14, 11, 7, 15], [7, 20, 14, 16, 15, 18, 27, 8], [4, 10, 3, 1, 5, 8, 7, 2]]",8,0.12023326009511948,128,greedy_oracle,0.0,7040,4.0,124,0.12663084268569946,0,0 32 8 48,1739,0.9510824084281921,test,top_r_mean,1.0,1.0,1.0,1.0
0.07360552041403105,0.0,55,0.0,31,39.02150015346706,hotpotqa,0.8,0.0,0.0,0.0,5a8c8502554299585d9e36d0,mean,0.3925925925925926,0.08849043399095535,"[[27, 30, 26, 13, 28, 10, 19, 14], [18, 14, 25, 12, 0, 21, 6, 17], [13, 15, 10, 20, 3, 5, 23, 28], [29, 11, 12, 5, 23, 9, 6, 2], [18, 20, 21, 27, 22, 0, 10, 30], [15, 4, 11, 17, 29, 10, 7, 0], [18, 26, 25, 9, 5, 14, 24, 3], [30, 16, 23, 14, 8, 1, 7, 3], [14, 28, 15, 8, 2, 25, 11, 6], [18, 13, 3, 0, 22, 27, 14, 12], [30, 0, 19, 31, 6, 14, 3, 21], [26, 6, 8, 18, 23, 25, 9, 1], [26, 4, 21, 12, 19, 24, 18, 27], [22, 1, 23, 30, 16, 31, 7, 8], [18, 22, 29, 5, 2, 25, 28, 24], [17, 5, 16, 9, 13, 7, 21, 11], [8, 25, 14, 17, 21, 7, 6, 27], [11, 6, 31, 27, 18, 9, 25, 24], [7, 27, 16, 29, 31, 30, 0, 13], [29, 22, 2, 12, 26, 6, 5, 9], [20, 0, 19, 18, 25, 6, 23, 31], [23, 5, 6, 24, 10, 11, 27, 20], [8, 26, 18, 5, 11, 27, 19, 31], [22, 6, 20, 16, 2, 9, 19, 21], [29, 24, 14, 31, 4, 19, 18, 13], [28, 8, 0, 25, 9, 23, 27, 29], [8, 21, 9, 19, 30, 10, 17, 1], [8, 11, 25, 5, 24, 26, 21, 15], [5, 11, 20, 7, 15, 28, 21, 2], [9, 29, 5, 1, 18, 15, 17, 0], [0, 1, 6, 18, 23, 30, 16, 20], [6, 27, 25, 26, 0, 1, 10, 11], [7, 23, 27, 8, 29, 19, 22, 4], [29, 30, 12, 3, 26, 19, 18, 17], [11, 14, 26, 25, 28, 19, 7, 12], [11, 2, 17, 8, 7, 6, 23, 24], [13, 28, 14, 8, 17, 21, 3, 22], [23, 5, 0, 17, 27, 10, 28, 25], [5, 26, 15, 30, 28, 23, 20, 25], [1, 10, 22, 6, 4, 29, 9, 3], [3, 1, 31, 27, 17, 18, 12, 20], [25, 29, 26, 9, 30, 14, 17, 16], [15, 26, 22, 10, 6, 1, 14, 7], [0, 17, 11, 26, 12, 6, 29, 9], [19, 16, 2, 29, 15, 7, 27, 4], [26, 8, 20, 1, 30, 14, 3, 6], [30, 25, 8, 11, 0, 10, 23, 18], [7, 19, 9, 20, 25, 5, 8, 1], [29, 4, 16, 9, 22, 11, 7, 1], [24, 16, 28, 2, 13, 1, 14, 27], [31, 0, 30, 1, 18, 19, 7, 17], [6, 5, 11, 26, 12, 2, 28, 27], [4, 0, 9, 31, 20, 21, 14, 12], [19, 24, 30, 8, 26, 7, 27, 28], [6, 1, 8, 9, 0, 2, 5, 4]]",8,0.8081378936767578,128,random,0.0,7040,4.0,124,0.8847683668136597,11,38 33 51 2,1739,0.5753968954086304,test,top_r_mean,0.0,0.0,0.0,0.25
0.07360552041403105,0.0,55,0.0,31,48.03960002027452,hotpotqa,0.8,0.0,0.0,0.0,5a8c8502554299585d9e36d0,mean,0.3845117845117845,0.08507607877254486,"[[22, 15, 24, 19, 13, 2, 17, 30], [2, 30, 17, 16, 22, 6, 26, 28], [26, 22, 16, 18, 19, 0, 5, 20], [18, 26, 13, 15, 9, 23, 3, 10], [10, 29, 24, 6, 21, 26, 2, 12], [11, 24, 6, 21, 19, 31, 26, 17], [0, 14, 18, 28, 21, 31, 9, 8], [7, 22, 17, 8, 27, 16, 20, 19], [13, 26, 10, 27, 16, 2, 1, 19], [13, 4, 8, 22, 28, 12, 27, 25], [26, 19, 29, 9, 16, 2, 23, 12], [17, 21, 13, 23, 10, 11, 27, 18], [14, 10, 0, 27, 21, 13, 9, 7], [4, 23, 3, 2, 7, 25, 1, 22], [4, 22, 28, 21, 26, 5, 16, 30], [12, 20, 15, 18, 31, 28, 29, 19], [30, 13, 8, 29, 19, 5, 24, 26], [13, 19, 31, 9, 14, 18, 29, 20], [4, 18, 19, 13, 16, 0, 25, 6], [20, 11, 4, 27, 10, 25, 1, 21], [19, 14, 12, 13, 18, 28, 17, 30], [28, 23, 10, 6, 11, 15, 2, 17], [18, 29, 9, 23, 30, 14, 6, 13], [15, 20, 24, 12, 8, 28, 19, 18], [2, 1, 18, 5, 3, 25, 0, 30], [28, 30, 0, 24, 3, 1, 4, 14], [28, 29, 4, 21, 25, 13, 3, 8], [8, 9, 15, 18, 27, 7, 0, 13], [5, 13, 18, 4, 2, 31, 1, 9], [27, 26, 24, 0, 21, 13, 10, 2], [29, 6, 14, 0, 28, 4, 20, 30], [25, 12, 9, 17, 24, 2, 16, 26], [27, 31, 2, 25, 20, 18, 5, 29], [3, 30, 27, 17, 16, 25, 22, 11], [22, 18, 0, 1, 29, 21, 17, 3], [17, 11, 16, 30, 1, 7, 20, 15], [28, 26, 24, 0, 23, 9, 14, 31], [13, 19, 1, 30, 25, 23, 20, 3], [31, 3, 16, 5, 13, 8, 23, 30], [24, 28, 29, 13, 0, 19, 7, 22], [7, 6, 13, 1, 16, 8, 5, 9], [9, 5, 6, 0, 27, 16, 15, 4], [22, 14, 16, 0, 30, 17, 24, 1], [28, 12, 2, 3, 16, 1, 21, 19], [25, 29, 22, 8, 6, 7, 9, 24], [11, 27, 10, 23, 30, 2, 29, 14], [4, 21, 11, 19, 2, 1, 23, 14], [25, 23, 4, 2, 17, 19, 24, 3], [2, 20, 13, 26, 17, 7, 15, 5], [19, 3, 29, 27, 10, 28, 26, 2], [19, 25, 17, 24, 15, 0, 31, 30], [12, 5, 4, 25, 10, 9, 7, 30], [23, 13, 6, 24, 1, 28, 29, 0], [15, 30, 25, 29, 10, 20, 21, 6], [3, 5, 6, 1, 10, 8, 0, 4]]",8,0.8036627769470215,128,random,0.0,7040,4.0,124,0.875810444355011,23,24 41 33 45,1739,0.5499278903007507,test,top_r_mean,0.0,0.0,0.0,0.25
0.07360552041403105,0.0,55,0.0,31,35.89210007339716,hotpotqa,0.8,0.0,0.0,0.0,5a8c8502554299585d9e36d0,mean,0.32794612794612793,0.0923670157790184,"[[28, 24, 26, 2, 21, 13, 10, 15], [13, 26, 7, 2, 30, 11, 10, 8], [9, 4, 26, 10, 29, 2, 27, 28], [8, 1, 10, 30, 3, 6, 21, 14], [4, 26, 2, 22, 9, 12, 11, 28], [21, 20, 26, 16, 1, 22, 8, 2], [1, 19, 4, 15, 24, 20, 29, 12], [13, 18, 15, 10, 16, 1, 2, 24], [3, 6, 8, 19, 13, 11, 17, 30], [6, 23, 31, 22, 16, 28, 0, 25], [16, 12, 31, 28, 7, 27, 9, 20], [30, 17, 14, 5, 25, 24, 6, 9], [14, 19, 29, 6, 23, 9, 13, 5], [6, 8, 17, 12, 11, 19, 27, 28], [10, 5, 16, 18, 2, 30, 1, 6], [30, 10, 2, 19, 17, 13, 21, 16], [10, 17, 27, 24, 8, 3, 26, 18], [8, 6, 2, 26, 21, 31, 22, 25], [5, 1, 29, 22, 30, 3, 31, 11], [24, 17, 1, 19, 14, 31, 2, 25], [20, 2, 7, 9, 8, 11, 21, 26], [29, 21, 14, 3, 20, 19, 11, 15], [8, 9, 13, 3, 4, 20, 29, 24], [13, 5, 15, 4, 14, 21, 25, 16], [20, 23, 4, 16, 9, 28, 18, 15], [20, 15, 2, 11, 19, 3, 7, 17], [14, 15, 26, 1, 12, 4, 21, 25], [5, 29, 13, 12, 2, 31, 9, 18], [7, 22, 27, 5, 13, 0, 3, 28], [29, 30, 26, 9, 18, 3, 19, 5], [19, 29, 11, 14, 23, 20, 27, 12], [4, 7, 2, 15, 30, 13, 6, 22], [7, 2, 10, 0, 9, 4, 11, 12], [23, 10, 24, 30, 5, 0, 25, 13], [27, 17, 28, 18, 1, 6, 21, 26], [11, 16, 24, 1, 18, 19, 21, 17], [24, 19, 12, 28, 18, 3, 1, 31], [25, 7, 29, 5, 6, 26, 31, 18], [13, 2, 27, 25, 17, 6, 3, 31], [22, 25, 9, 18, 7, 6, 13, 16], [13, 10, 29, 25, 15, 20, 1, 18], [12, 26, 28, 27, 4, 24, 15, 7], [18, 8, 24, 12, 29, 15, 28, 4], [0, 15, 25, 10, 16, 4, 17, 14], [2, 23, 0, 4, 11, 13, 18, 26], [21, 1, 30, 13, 0, 28, 23, 20], [19, 4, 2, 17, 13, 10, 6, 8], [25, 4, 20, 11, 6, 8, 21, 16], [16, 1, 22, 7, 27, 25, 4, 9], [10, 20, 16, 25, 14, 29, 1, 27], [18, 25, 24, 15, 10, 9, 26, 27], [21, 24, 22, 0, 25, 28, 9, 4], [8, 7, 24, 29, 1, 6, 28, 26], [16, 7, 31, 24, 11, 0, 26, 14], [1, 7, 6, 4, 8, 10, 2, 5]]",8,0.8303548097610474,128,random,0.0,7040,4.0,124,0.9083434343338013,37,32 33 41 48,1739,0.4838384687900543,test,top_r_mean,0.0,0.5,0.5,0.25
0.07360552041403105,0.0,55,0.0,31,36.907700123265386,hotpotqa,0.8,0.0,0.0,0.0,5a8c8502554299585d9e36d0,mean,0.3643097643097643,0.05803925544023514,"[[12, 3, 21, 23, 0, 18, 9, 22], [11, 19, 2, 0, 31, 9, 27, 1], [31, 11, 26, 25, 1, 17, 12, 13], [5, 14, 26, 8, 22, 21, 25, 6], [9, 25, 1, 4, 19, 12, 14, 21], [16, 25, 1, 5, 10, 11, 3, 0], [13, 27, 25, 14, 22, 5, 8, 23], [14, 24, 17, 15, 0, 3, 2, 10], [15, 30, 31, 14, 10, 26, 20, 8], [26, 12, 29, 7, 13, 15, 1, 9], [2, 20, 0, 25, 24, 11, 8, 23], [23, 1, 0, 8, 13, 4, 10, 22], [31, 6, 29, 26, 27, 14, 18, 28], [11, 16, 15, 19, 17, 27, 2, 9], [15, 27, 9, 28, 4, 13, 31, 24], [11, 30, 21, 26, 23, 8, 1, 14], [7, 17, 2, 1, 25, 30, 11, 31], [26, 18, 27, 30, 3, 2, 24, 5], [2, 18, 12, 15, 8, 5, 9, 10], [20, 29, 31, 5, 28, 30, 13, 15], [18, 4, 5, 28, 16, 24, 7, 12], [9, 24, 10, 11, 18, 21, 2, 1], [18, 2, 19, 26, 9, 31, 30, 24], [9, 22, 13, 15, 7, 4, 28, 26], [20, 15, 3, 16, 6, 7, 24, 28], [2, 24, 28, 0, 12, 15, 7, 1], [17, 13, 4, 0, 2, 6, 25, 10], [9, 11, 13, 29, 17, 1, 6, 16], [29, 14, 20, 21, 26, 30, 13, 11], [19, 6, 3, 26, 25, 9, 11, 24], [12, 29, 23, 30, 18, 20, 5, 3], [24, 4, 23, 29, 28, 1, 8, 10], [0, 17, 2, 1, 8, 3, 22, 28], [22, 28, 1, 16, 7, 5, 31, 10], [1, 11, 2, 29, 18, 30, 24, 21], [25, 28, 7, 19, 6, 21, 15, 16], [16, 17, 10, 28, 8, 5, 6, 1], [15, 2, 11, 13, 14, 7, 4, 28], [5, 17, 14, 8, 21, 7, 27, 2], [25, 29, 28, 2, 9, 20, 4, 22], [20, 19, 1, 24, 2, 23, 25, 15], [14, 19, 18, 20, 25, 30, 4, 5], [15, 0, 26, 30, 17, 1, 27, 8], [0, 27, 15, 23, 5, 10, 6, 17], [29, 25, 31, 1, 24, 13, 2, 30], [3, 11, 22, 17, 8, 9, 27, 14], [31, 22, 5, 20, 3, 13, 19, 28], [20, 29, 8, 27, 19, 14, 5, 22], [14, 0, 10, 20, 22, 31, 27, 21], [14, 10, 27, 13, 4, 11, 16, 1], [16, 29, 1, 11, 7, 17, 4, 10], [25, 5, 29, 17, 18, 20, 6, 28], [8, 27, 21, 28, 29, 7, 6, 15], [15, 7, 11, 31, 0, 22, 26, 28], [1, 6, 10, 9, 7, 3, 5, 2]]",8,0.7600623369216919,128,random,0.0,7040,4.0,124,0.8199867606163025,53,32 0 48 45,1739,0.5000000596046448,test,top_r_mean,0.0,1.0,0.75,0.625
0.07360552041403105,1.0,55,0.0,31,37.251600064337254,hotpotqa,0.8,0.25,0.2,0.0,5a8c8502554299585d9e36d0,mean,0.4006734006734007,0.07728178799152374,"[[6, 2, 3, 18, 31, 15, 17, 4], [27, 24, 18, 8, 22, 3, 1, 19], [23, 22, 25, 24, 11, 3, 13, 10], [26, 8, 0, 15, 13, 2, 23, 22], [31, 30, 26, 2, 12, 21, 18, 24], [30, 26, 16, 13, 12, 7, 5, 11], [29, 17, 8, 5, 18, 4, 19, 2], [27, 31, 1, 30, 7, 2, 20, 9], [2, 22, 8, 23, 31, 4, 12, 24], [9, 7, 13, 0, 27, 30, 23, 2], [28, 5, 10, 26, 0, 20, 21, 14], [0, 19, 20, 18, 12, 24, 30, 4], [13, 22, 16, 7, 21, 4, 3, 24], [27, 28, 15, 13, 0, 18, 30, 1], [20, 1, 16, 19, 23, 5, 7, 29], [31, 22, 10, 19, 30, 26, 4, 18], [6, 12, 21, 22, 30, 25, 13, 20], [19, 15, 29, 1, 26, 3, 18, 13], [8, 17, 15, 12, 29, 2, 25, 21], [25, 29, 14, 31, 18, 5, 22, 11], [20, 23, 3, 31, 27, 7, 9, 26], [11, 29, 0, 26, 31, 7, 19, 2], [17, 14, 5, 10, 7, 19, 22, 25], [8, 14, 24, 13, 9, 10, 29, 30], [6, 7, 25, 24, 28, 14, 17, 16], [6, 23, 1, 31, 22, 11, 10, 9], [12, 4, 17, 31, 30, 27, 23, 15], [0, 23, 6, 11, 29, 19, 16, 12], [13, 6, 12, 30, 24, 1, 20, 17], [9, 24, 21, 12, 16, 20, 13, 23], [4, 3, 6, 28, 18, 16, 27, 13], [21, 0, 18, 9, 31, 8, 29, 19], [7, 3, 20, 16, 27, 14, 10, 2], [21, 18, 8, 27, 4, 25, 11, 0], [23, 29, 17, 7, 19, 3, 20, 15], [3, 16, 26, 13, 24, 14, 25, 31], [3, 18, 27, 15, 14, 13, 9, 8], [23, 8, 16, 4, 0, 18, 9, 29], [31, 10, 14, 1, 19, 22, 11, 2], [24, 0, 17, 26, 16, 29, 2, 6], [22, 0, 6, 27, 13, 30, 10, 25], [7, 30, 8, 3, 9, 5, 2, 25], [3, 17, 21, 24, 12, 11, 23, 19], [18, 11, 25, 26, 2, 4, 14, 28], [0, 20, 12, 4, 17, 28, 5, 29], [24, 16, 9, 23, 28, 7, 10, 1], [29, 8, 6, 23, 30, 26, 22, 0], [29, 12, 0, 27, 6, 26, 17, 25], [6, 19, 26, 17, 18, 14, 29, 2], [17, 18, 24, 10, 26, 4, 7, 14], [29, 15, 18, 31, 8, 14, 7, 5], [5, 22, 15, 18, 6, 11, 8, 24], [8, 28, 18, 6, 14, 22, 30, 10], [9, 17, 23, 11, 14, 21, 8, 22], [8, 10, 0, 3, 2, 6, 5, 9]]",8,0.7990530729293823,128,random,1.0,7040,4.0,124,0.870917558670044,71,40 0 33 49,1739,0.5686147809028625,test,top_r_mean,0.0,0.5,0.25,0.5
0.08666215301286391,0.0,47,0.0,31,0.04349998198449612,hotpotqa,0.5714285714285714,0.0,0.0,0.0,5a84c4bb5542991dd0999dec,mean,1.0,0.0,,0,0.0,128,full_k,0.0,23631,4.0,124,0.0,0,16 24 32 8,1477,1.0,test,top_r_mean,1.0,1.0,1.0,1.0
0.08666215301286391,0.0,47,0.0,31,3.383500035852194,hotpotqa,0.5714285714285714,0.0,0.0,0.0,5a84c4bb5542991dd0999dec,mean,0.4671600370027752,0.07678135484457016,,1,1.6394704580307007,128,mean,0.0,752,4.0,124,1.6855167150497437,0,16 12 23 13,1477,0.6488205194473267,test,top_r_mean,1.0,0.5,0.25,0.5
0.08666215301286391,0.0,47,0.0,31,32.32809994369745,hotpotqa,0.5714285714285714,0.0,0.0,0.0,5a84c4bb5542991dd0999dec,mean,0.061979648473635525,0.5855706930160522,"[[24], [24], [24], [24], [24], [24], [24], [24], [24], [24], [24], [24], [24], [24], [24], [24], [24], [24], [24], [24], [24], [24], [24], [24], [24], [24], [24], [24], [24], [24], [24], [24], [24], [24], [24], [24], [24], [24], [24], [24], [24], [24], [24], [24], [24], [24], [0]]",1,1.709709644317627,128,last,0.0,752,4.0,124,2.0454580783843994,0,36 7 9 16,1477,0.08475948125123978,test,top_r_mean,0.0,0.0,0.25,0.375
0.08666215301286391,1.0,47,1.0,31,24.627599865198135,hotpotqa,0.5714285714285714,0.5,0.2857142857142857,0.0,5a84c4bb5542991dd0999dec,mean,0.211840888066605,0.14474821090698242,"[[19], [11], [6], [26], [11], [10], [25], [28], [26], [18], [25], [17], [16], [14], [0], [14], [22], [22], [14], [16], [11], [25], [15], [16], [13], [27], [29], [25], [2], [13], [31], [22], [14], [10], [27], [14], [0], [6], [13], [19], [29], [31], [20], [20], [25], [18], [1]]",1,1.0453332662582397,128,farthest,0.5,752,4.0,124,1.1647617816925049,0,16 5 30 43,1477,0.29787230491638184,test,top_r_mean,1.0,0.5,0.25,0.375
0.08666215301286391,0.0,47,0.0,31,34.04539986513555,hotpotqa,0.5714285714285714,0.0,0.0,0.0,5a84c4bb5542991dd0999dec,mean,0.5781683626271971,0.08401814848184586,"[[5], [25], [22], [24], [26], [10], [11], [17], [12], [9], [5], [31], [26], [2], [10], [20], [20], [6], [31], [18], [2], [8], [28], [20], [22], [23], [9], [2], [22], [0], [11], [23], [26], [1], [18], [12], [31], [26], [8], [16], [31], [8], [4], [18], [22], [15], [0]]",1,0.2721274197101593,128,greedy_oracle,0.0,752,4.0,124,0.39766326546669006,0,20 12 17 14,1477,0.739130437374115,test,top_r_mean,0.0,0.0,0.0,0.375
0.08666215301286391,1.0,47,0.0,31,33.78459997475147,hotpotqa,0.5714285714285714,0.25,0.14285714285714285,0.0,5a84c4bb5542991dd0999dec,mean,0.2969472710453284,0.32464009523391724,"[[31], [1], [14], [22], [30], [5], [11], [31], [22], [24], [0], [4], [6], [15], [2], [15], [17], [1], [28], [1], [10], [23], [26], [0], [16], [20], [6], [3], [5], [17], [16], [28], [7], [22], [26], [18], [6], [5], [1], [11], [10], [30], [11], [28], [25], [24], [0]]",1,1.586386799812317,128,random,1.0,752,4.0,124,1.8250142335891724,11,6 38 0 9,1477,0.427266389131546,test,top_r_mean,0.0,0.0,0.0,0.25
0.06838185511171294,0.0,47,0.0,31,33.60869991593063,hotpotqa,0.45089285714285715,0.0,0.0,0.0,5a84c4bb5542991dd0999dec,mean,0.17298797409805736,0.31708818674087524,"[[22], [1], [19], [10], [20], [8], [3], [23], [2], [28], [10], [18], [17], [24], [25], [28], [29], [31], [31], [1], [14], [27], [7], [28], [5], [9], [27], [12], [0], [6], [0], [4], [3], [22], [2], [7], [7], [2], [19], [10], [15], [2], [10], [30], [3], [26], [4]]",1,1.6629053354263306,101,random,0.0,752,4.0,124,1.8409290313720703,23,25 32 46 18,1477,0.24410267174243927,test,top_r_mean,0.0,0.0,0.25,0.25
0.08666215301286391,1.0,47,1.0,31,40.586099959909916,hotpotqa,0.5714285714285714,0.5,0.2857142857142857,0.0,5a84c4bb5542991dd0999dec,mean,0.039777983348751156,0.37789273262023926,"[[26], [9], [19], [28], [18], [21], [13], [9], [1], [19], [6], [26], [25], [14], [6], [13], [27], [17], [14], [17], [18], [2], [3], [30], [20], [31], [24], [15], [1], [0], [4], [0], [7], [13], [5], [9], [19], [26], [3], [18], [23], [9], [21], [15], [11], [24], [1]]",1,1.576939344406128,128,random,0.5,752,4.0,124,1.8360600471496582,37,11 41 13 5,1477,0.059435706585645676,test,top_r_mean,0.0,0.0,0.0,0.125
0.08666215301286391,1.0,47,0.0,31,27.721800142899156,hotpotqa,0.5714285714285714,0.25,0.14285714285714285,0.0,5a84c4bb5542991dd0999dec,mean,0.02127659574468085,1.4793399572372437,"[[25], [27], [20], [8], [10], [26], [26], [7], [2], [2], [1], [21], [14], [10], [10], [16], [14], [26], [31], [23], [4], [24], [14], [27], [0], [16], [26], [22], [2], [7], [22], [11], [31], [27], [1], [21], [25], [8], [17], [11], [13], [11], [9], [5], [18], [26], [1]]",1,1.806594967842102,128,random,0.25,752,4.0,124,2.0664279460906982,53,24 14 18 5,1477,0.053769659250974655,test,top_r_mean,0.0,0.5,0.25,0.125
0.08666215301286391,1.0,47,0.0,31,35.319700138643384,hotpotqa,0.5714285714285714,0.25,0.14285714285714285,0.0,5a84c4bb5542991dd0999dec,mean,0.18408880666049954,0.3109297752380371,"[[23], [28], [27], [3], [25], [17], [8], [22], [9], [27], [10], [13], [25], [3], [6], [15], [5], [8], [22], [13], [27], [5], [27], [30], [12], [22], [30], [2], [3], [6], [24], [3], [26], [15], [8], [16], [20], [27], [14], [1], [12], [14], [7], [31], [17], [17], [3]]",1,1.778458833694458,128,random,0.25,752,4.0,124,1.9970422983169556,71,27 32 16 4,1477,0.2642229199409485,test,top_r_mean,0.0,0.0,0.5,0.375
0.08666215301286391,0.0,47,0.0,31,34.7290001809597,hotpotqa,0.5714285714285714,0.0,0.0,0.0,5a84c4bb5542991dd0999dec,mean,0.14708603145235893,0.3754820227622986,"[[24, 25], [24, 25], [24, 25], [24, 25], [24, 25], [24, 25], [24, 25], [24, 25], [24, 25], [24, 25], [24, 25], [24, 25], [24, 25], [24, 25], [24, 25], [24, 25], [24, 25], [24, 25], [24, 25], [24, 25], [24, 25], [24, 25], [24, 25], [24, 25], [24, 25], [24, 25], [24, 25], [24, 25], [24, 25], [24, 25], [24, 25], [24, 25], [24, 25], [24, 25], [24, 25], [24, 25], [24, 25], [24, 25], [24, 25], [24, 25], [24, 25], [24, 25], [24, 25], [24, 25], [24, 25], [24, 25], [0, 1]]",2,1.6203031539916992,128,last,0.0,1504,4.0,124,1.8592236042022705,0,7 16 23 9,1477,0.20663736760616302,test,top_r_mean,0.0,0.5,0.25,0.125
0.08666215301286391,0.0,47,0.0,31,33.42620003968477,hotpotqa,0.5714285714285714,0.0,0.0,0.0,5a84c4bb5542991dd0999dec,mean,0.45790934320074006,0.6110171675682068,"[[19, 0], [11, 14], [6, 29], [26, 13], [11, 22], [10, 8], [25, 31], [28, 4], [26, 0], [18, 13], [25, 12], [17, 2], [16, 19], [14, 26], [0, 11], [14, 7], [22, 0], [22, 31], [14, 27], [16, 19], [11, 0], [25, 5], [15, 4], [16, 28], [13, 0], [27, 7], [29, 2], [25, 23], [2, 19], [13, 8], [31, 14], [22, 12], [14, 0], [10, 2], [27, 13], [14, 7], [0, 26], [6, 10], [13, 15], [19, 5], [29, 0], [31, 15], [20, 8], [20, 6], [25, 0], [18, 9], [1, 4]]",2,1.7376779317855835,128,farthest,0.0,1504,4.0,124,1.8838543891906738,0,16 32 24 8,1477,0.5965541005134583,test,top_r_mean,1.0,0.5,1.0,0.75
0.08666215301286391,0.0,47,0.0,31,32.15060010552406,hotpotqa,0.5714285714285714,0.0,0.0,0.0,5a84c4bb5542991dd0999dec,mean,0.7465309898242368,0.08252860605716705,"[[5, 0], [25, 5], [22, 3], [24, 18], [26, 21], [10, 22], [11, 16], [17, 24], [12, 0], [9, 16], [5, 3], [31, 26], [26, 3], [2, 5], [10, 15], [20, 17], [20, 0], [6, 23], [31, 24], [18, 25], [2, 8], [8, 22], [28, 16], [20, 25], [22, 0], [23, 9], [9, 0], [2, 20], [22, 28], [0, 1], [11, 31], [23, 16], [26, 0], [1, 10], [18, 11], [12, 5], [31, 24], [26, 19], [8, 1], [16, 23], [31, 0], [8, 9], [4, 15], [18, 17], [22, 26], [15, 19], [0, 4]]",2,0.24998672306537628,128,greedy_oracle,0.0,1504,4.0,124,0.3194982707500458,0,16 24 32 0,1477,0.903792679309845,test,top_r_mean,1.0,1.0,0.75,0.875
0.08666215301286391,1.0,47,0.0,31,32.2346999309957,hotpotqa,0.5714285714285714,0.25,0.14285714285714285,0.0,5a84c4bb5542991dd0999dec,mean,0.38390379278445885,0.18119879066944122,"[[31, 14], [1, 2], [14, 30], [22, 8], [30, 18], [5, 18], [11, 4], [31, 26], [22, 19], [24, 7], [0, 8], [4, 12], [6, 16], [15, 12], [2, 8], [15, 28], [17, 30], [1, 11], [28, 7], [1, 7], [10, 5], [23, 13], [26, 3], [0, 29], [16, 29], [20, 28], [6, 8], [3, 6], [5, 8], [17, 27], [16, 12], [28, 8], [7, 19], [22, 23], [26, 9], [18, 11], [6, 13], [5, 21], [1, 28], [11, 18], [10, 15], [30, 18], [11, 17], [28, 29], [25, 11], [24, 5], [0, 3]]",2,1.639464020729065,128,random,1.0,1504,4.0,124,1.7661364078521729,11,6 0 38 25,1477,0.5785152912139893,test,top_r_mean,0.0,0.0,0.0,0.5
0.08666215301286391,1.0,47,0.0,31,32.587400171905756,hotpotqa,0.5714285714285714,0.25,0.14285714285714285,0.0,5a84c4bb5542991dd0999dec,mean,0.1933395004625347,0.26570940017700195,"[[22, 4], [1, 3], [19, 21], [10, 15], [20, 5], [8, 21], [3, 31], [23, 9], [2, 7], [28, 7], [10, 14], [18, 5], [17, 3], [24, 29], [25, 5], [28, 22], [29, 7], [31, 13], [31, 5], [1, 17], [14, 13], [27, 0], [7, 28], [28, 16], [5, 8], [9, 16], [27, 25], [12, 28], [0, 5], [6, 17], [0, 31], [4, 19], [3, 26], [22, 0], [2, 12], [7, 6], [7, 19], [2, 12], [19, 28], [10, 2], [15, 18], [2, 3], [10, 5], [30, 12], [3, 22], [26, 30], [4, 0]]",2,1.6192480325698853,128,random,0.25,1504,4.0,124,1.7949880361557007,23,12 32 25 44,1477,0.28249305486679077,test,top_r_mean,0.0,0.0,0.25,0.375
0.08666215301286391,0.0,47,0.0,31,33.625900046899915,hotpotqa,0.5714285714285714,0.0,0.0,0.0,5a84c4bb5542991dd0999dec,mean,0.15448658649398705,0.27342748641967773,"[[26, 25], [9, 30], [19, 21], [28, 12], [18, 7], [21, 6], [13, 20], [9, 29], [1, 25], [19, 18], [6, 19], [26, 15], [25, 31], [14, 4], [6, 14], [13, 22], [27, 29], [17, 9], [14, 29], [17, 16], [18, 1], [2, 17], [3, 19], [30, 20], [20, 7], [31, 30], [24, 20], [15, 1], [1, 3], [0, 15], [4, 3], [0, 10], [7, 31], [13, 31], [5, 29], [9, 29], [19, 18], [26, 12], [3, 5], [18, 21], [23, 4], [9, 5], [21, 30], [15, 8], [11, 6], [24, 28], [1, 3]]",2,1.6563739776611328,128,random,0.0,1504,4.0,124,1.839741587638855,37,12 11 13 23,1477,0.2271045297384262,test,top_r_mean,0.0,0.0,0.0,0.25
0.08666215301286391,0.0,47,0.0,31,29.56090006045997,hotpotqa,0.5714285714285714,0.0,0.0,0.0,5a84c4bb5542991dd0999dec,mean,0.2062904717853839,0.512276291847229,"[[25, 27], [27, 0], [20, 28], [8, 29], [10, 23], [26, 11], [26, 9], [7, 14], [2, 10], [2, 23], [1, 23], [21, 23], [14, 2], [10, 26], [10, 15], [16, 27], [14, 22], [26, 7], [31, 28], [23, 15], [4, 11], [24, 9], [14, 23], [27, 2], [0, 30], [16, 26], [26, 12], [22, 3], [2, 3], [7, 27], [22, 15], [11, 2], [31, 24], [27, 30], [1, 30], [21, 16], [25, 26], [8, 2], [17, 15], [11, 12], [13, 26], [11, 25], [9, 29], [5, 0], [18, 29], [26, 5], [1, 4]]",2,1.7728201150894165,128,random,0.0,1504,4.0,124,1.9690124988555908,53,24 14 16 23,1477,0.3020351529121399,test,top_r_mean,0.0,0.5,0.5,0.5
0.08666215301286391,1.0,47,0.0,31,34.64119997806847,hotpotqa,0.5714285714285714,0.25,0.14285714285714285,0.0,5a84c4bb5542991dd0999dec,mean,0.16188714153561518,0.21768711507320404,"[[23, 4], [28, 29], [27, 0], [3, 7], [25, 31], [17, 10], [8, 18], [22, 14], [9, 24], [27, 4], [10, 21], [13, 22], [25, 7], [3, 5], [6, 8], [15, 24], [5, 22], [8, 24], [22, 20], [13, 0], [27, 13], [5, 13], [27, 17], [30, 2], [12, 22], [22, 30], [30, 4], [2, 10], [3, 23], [6, 26], [24, 1], [3, 9], [26, 1], [15, 14], [8, 27], [16, 31], [20, 31], [27, 30], [14, 4], [1, 11], [12, 27], [14, 10], [7, 10], [31, 12], [17, 5], [17, 21], [3, 1]]",2,1.626238465309143,128,random,1.0,1504,4.0,124,1.7937833070755005,71,4 16 13 27,1477,0.25335338711738586,test,top_r_mean,0.0,0.5,0.25,0.375
0.08666215301286391,1.0,47,0.0,31,35.30510002747178,hotpotqa,0.5714285714285714,0.75,0.42857142857142855,0.0,5a84c4bb5542991dd0999dec,mean,0.2839962997224792,0.19786576926708221,"[[24, 25, 26, 27], [24, 25, 26, 27], [24, 25, 26, 27], [24, 25, 26, 27], [24, 25, 26, 27], [24, 25, 26, 27], [24, 25, 26, 27], [24, 25, 26, 27], [24, 25, 26, 27], [24, 25, 26, 27], [24, 25, 26, 27], [24, 25, 26, 27], [24, 25, 26, 27], [24, 25, 26, 27], [24, 25, 26, 27], [24, 25, 26, 27], [24, 25, 26, 27], [24, 25, 26, 27], [24, 25, 26, 27], [24, 25, 26, 27], [24, 25, 26, 27], [24, 25, 26, 27], [24, 25, 26, 27], [24, 25, 26, 27], [24, 25, 26, 27], [24, 25, 26, 27], [24, 25, 26, 27], [24, 25, 26, 27], [24, 25, 26, 27], [24, 25, 26, 27], [24, 25, 26, 27], [24, 25, 26, 27], [24, 25, 26, 27], [24, 25, 26, 27], [24, 25, 26, 27], [24, 25, 26, 27], [24, 25, 26, 27], [24, 25, 26, 27], [24, 25, 26, 27], [24, 25, 26, 27], [24, 25, 26, 27], [24, 25, 26, 27], [24, 25, 26, 27], [24, 25, 26, 27], [24, 25, 26, 27], [24, 25, 26, 27], [0, 1, 2, 3]]",4,1.609976053237915,128,last,0.5,3008,4.0,124,1.728104591369629,0,16 5 4 6,1477,0.39176687598228455,test,top_r_mean,1.0,0.5,0.25,0.25
0.08666215301286391,0.0,47,0.0,31,33.35460019297898,hotpotqa,0.5714285714285714,0.0,0.0,0.0,5a84c4bb5542991dd0999dec,mean,0.5060129509713228,0.12130311131477356,"[[19, 0, 24, 2], [11, 14, 3, 23], [6, 29, 19, 28], [26, 13, 29, 22], [11, 22, 8, 19], [10, 8, 6, 29], [25, 31, 0, 8], [28, 4, 19, 11], [26, 0, 24, 19], [18, 13, 30, 0], [25, 12, 1, 11], [17, 2, 27, 4], [16, 19, 27, 11], [14, 26, 25, 23], [0, 11, 19, 10], [14, 7, 13, 1], [22, 0, 13, 16], [22, 31, 26, 2], [14, 27, 4, 7], [16, 19, 28, 21], [11, 0, 31, 30], [25, 5, 0, 2], [15, 4, 2, 5], [16, 28, 26, 30], [13, 0, 18, 2], [27, 7, 18, 4], [29, 2, 13, 22], [25, 23, 21, 24], [2, 19, 16, 17], [13, 8, 9, 19], [31, 14, 24, 23], [22, 12, 18, 13], [14, 0, 31, 28], [10, 2, 28, 6], [27, 13, 16, 15], [14, 7, 10, 17], [0, 26, 21, 14], [6, 10, 11, 27], [13, 15, 22, 19], [19, 5, 9, 6], [29, 0, 13, 1], [31, 15, 17, 1], [20, 8, 22, 24], [20, 6, 2, 10], [25, 0, 19, 7], [18, 9, 2, 8], [1, 4, 3, 0]]",4,2.220578670501709,128,farthest,0.0,3008,4.0,124,2.2870750427246094,0,16 32 40 24,1477,0.6461609601974487,test,top_r_mean,1.0,0.5,0.75,0.75
0.08666215301286391,0.0,47,0.0,31,34.514399943873286,hotpotqa,0.5714285714285714,0.0,0.0,0.0,5a84c4bb5542991dd0999dec,mean,0.8704902867715079,0.0031715151853859425,"[[5, 0, 10, 31], [25, 5, 31, 12], [22, 3, 26, 7], [24, 18, 26, 23], [26, 21, 31, 27], [10, 22, 27, 25], [11, 16, 21, 20], [17, 24, 25, 6], [12, 0, 10, 11], [9, 16, 24, 17], [5, 3, 17, 19], [31, 26, 30, 0], [26, 3, 31, 4], [2, 5, 13, 14], [10, 15, 14, 27], [20, 17, 14, 11], [20, 0, 15, 22], [6, 23, 12, 24], [31, 24, 29, 30], [18, 25, 12, 17], [2, 8, 12, 11], [8, 22, 19, 14], [28, 16, 13, 9], [20, 25, 2, 12], [22, 0, 30, 27], [23, 9, 14, 28], [9, 0, 11, 4], [2, 20, 8, 26], [22, 28, 0, 9], [0, 1, 3, 25], [11, 31, 21, 18], [23, 16, 0, 30], [26, 0, 14, 3], [1, 10, 3, 0], [18, 11, 19, 21], [12, 5, 21, 0], [31, 24, 2, 1], [26, 19, 29, 6], [8, 1, 9, 25], [16, 23, 29, 27], [31, 0, 16, 2], [8, 9, 27, 28], [4, 15, 16, 12], [18, 17, 8, 20], [22, 26, 31, 23], [15, 19, 6, 4], [0, 4, 3, 1]]",4,0.35111990571022034,128,greedy_oracle,0.0,3008,4.0,124,0.361589640378952,0,16 24 8 32,1477,0.9698195457458496,test,top_r_mean,1.0,1.0,1.0,0.875
0.08666215301286391,1.0,47,0.0,31,33.33909995853901,hotpotqa,0.5714285714285714,0.25,0.14285714285714285,0.0,5a84c4bb5542991dd0999dec,mean,0.38390379278445885,0.12085669487714767,"[[31, 14, 16, 19], [1, 2, 21, 29], [14, 30, 6, 1], [22, 8, 17, 1], [30, 18, 9, 21], [5, 18, 31, 4], [11, 4, 13, 7], [31, 26, 2, 22], [22, 19, 12, 30], [24, 7, 29, 15], [0, 8, 19, 27], [4, 12, 13, 2], [6, 16, 0, 11], [15, 12, 14, 17], [2, 8, 17, 24], [15, 28, 16, 0], [17, 30, 22, 21], [1, 11, 5, 10], [28, 7, 30, 5], [1, 7, 21, 10], [10, 5, 31, 1], [23, 13, 16, 25], [26, 3, 8, 27], [0, 29, 18, 14], [16, 29, 17, 30], [20, 28, 24, 18], [6, 8, 5, 31], [3, 6, 9, 12], [5, 8, 17, 13], [17, 27, 18, 20], [16, 12, 24, 6], [28, 8, 0, 16], [7, 19, 14, 30], [22, 23, 21, 8], [26, 9, 16, 17], [18, 11, 1, 8], [6, 13, 29, 18], [5, 21, 13, 28], [1, 28, 7, 20], [11, 18, 13, 28], [10, 15, 7, 17], [30, 18, 31, 16], [11, 17, 2, 23], [28, 29, 30, 19], [25, 11, 29, 27], [24, 5, 23, 13], [0, 3, 1, 2]]",4,1.6510106325149536,128,random,0.5,3008,4.0,124,1.7330353260040283,11,16 6 13 21,1477,0.5901942253112793,test,top_r_mean,1.0,0.5,0.25,0.25
0.08666215301286391,0.0,47,0.0,31,39.851299952715635,hotpotqa,0.5714285714285714,0.0,0.0,0.0,5a84c4bb5542991dd0999dec,mean,0.3191489361702128,0.16220057010650635,"[[22, 4, 0, 14], [1, 3, 13, 2], [19, 21, 7, 10], [10, 15, 11, 8], [20, 5, 18, 6], [8, 21, 4, 14], [3, 31, 21, 22], [23, 9, 14, 15], [2, 7, 8, 26], [28, 7, 10, 9], [10, 14, 27, 13], [18, 5, 28, 30], [17, 3, 14, 15], [24, 29, 27, 31], [25, 5, 29, 10], [28, 22, 25, 5], [29, 7, 11, 25], [31, 13, 10, 1], [31, 5, 1, 3], [1, 17, 13, 18], [14, 13, 27, 30], [27, 0, 20, 24], [7, 28, 5, 22], [28, 16, 5, 20], [5, 8, 17, 26], [9, 16, 15, 29], [27, 25, 21, 8], [12, 28, 10, 7], [0, 5, 26, 14], [6, 17, 4, 12], [0, 31, 18, 17], [4, 19, 2, 5], [3, 26, 25, 19], [22, 0, 29, 2], [2, 12, 22, 30], [7, 6, 30, 14], [7, 19, 0, 10], [2, 12, 24, 13], [19, 28, 23, 5], [10, 2, 14, 1], [15, 18, 2, 16], [2, 3, 9, 19], [10, 5, 18, 15], [30, 12, 19, 0], [3, 22, 29, 8], [26, 30, 18, 25], [4, 0, 2, 3]]",4,1.5950924158096313,128,random,0.0,3008,4.0,124,1.7055548429489136,23,0 12 32 25,1477,0.4658880829811096,test,top_r_mean,0.0,0.0,0.25,0.375
0.08666215301286391,0.0,47,0.0,31,34.91809987463057,hotpotqa,0.5714285714285714,0.0,0.0,0.0,5a84c4bb5542991dd0999dec,mean,0.1637372802960222,0.18810340762138367,"[[26, 25, 11, 24], [9, 30, 1, 22], [19, 21, 16, 20], [28, 12, 13, 11], [18, 7, 6, 3], [21, 6, 11, 25], [13, 20, 10, 0], [9, 29, 12, 17], [1, 25, 13, 19], [19, 18, 30, 29], [6, 19, 17, 15], [26, 15, 3, 0], [25, 31, 11, 24], [14, 4, 30, 31], [6, 14, 29, 28], [13, 22, 0, 31], [27, 29, 26, 17], [17, 9, 8, 10], [14, 29, 16, 11], [17, 16, 10, 27], [18, 1, 17, 5], [2, 17, 5, 22], [3, 19, 4, 6], [30, 20, 14, 28], [20, 7, 27, 1], [31, 30, 4, 11], [24, 20, 14, 9], [15, 1, 23, 22], [1, 3, 16, 5], [0, 15, 25, 14], [4, 3, 8, 25], [0, 10, 12, 28], [7, 31, 8, 23], [13, 31, 27, 24], [5, 29, 31, 17], [9, 29, 7, 13], [19, 18, 5, 16], [26, 12, 27, 2], [3, 5, 25, 15], [18, 21, 11, 12], [23, 4, 15, 0], [9, 5, 6, 24], [21, 30, 3, 19], [15, 8, 14, 30], [11, 6, 25, 19], [24, 28, 9, 15], [1, 3, 2, 4]]",4,1.6981499195098877,128,random,0.0,3008,4.0,124,1.8096531629562378,37,40 16 13 11,1477,0.26595744490623474,test,top_r_mean,0.0,0.5,0.25,0.5
0.08666215301286391,0.0,47,0.0,31,34.078999888151884,hotpotqa,0.5714285714285714,0.0,0.0,0.0,5a84c4bb5542991dd0999dec,mean,0.23959296947271044,0.24388939142227173,"[[25, 27, 20, 21], [27, 0, 9, 26], [20, 28, 15, 21], [8, 29, 18, 27], [10, 23, 0, 21], [26, 11, 24, 28], [26, 9, 6, 23], [7, 14, 25, 0], [2, 10, 9, 30], [2, 23, 9, 24], [1, 23, 19, 9], [21, 23, 15, 7], [14, 2, 15, 1], [10, 26, 22, 20], [10, 15, 6, 27], [16, 27, 22, 21], [14, 22, 19, 24], [26, 7, 0, 9], [31, 28, 30, 24], [23, 15, 22, 5], [4, 11, 31, 13], [24, 9, 7, 8], [14, 23, 22, 17], [27, 2, 26, 30], [0, 30, 7, 15], [16, 26, 14, 20], [26, 12, 2, 8], [22, 3, 15, 0], [2, 3, 6, 25], [7, 27, 15, 16], [22, 15, 7, 13], [11, 2, 25, 30], [31, 24, 27, 28], [27, 30, 7, 17], [1, 30, 21, 28], [21, 16, 24, 18], [25, 26, 2, 11], [8, 2, 16, 25], [17, 15, 8, 23], [11, 12, 1, 24], [13, 26, 19, 14], [11, 25, 22, 27], [9, 29, 24, 2], [5, 0, 18, 27], [18, 29, 27, 0], [26, 5, 30, 12], [1, 4, 3, 0]]",4,1.6446242332458496,128,random,0.0,3008,4.0,124,1.7858061790466309,53,24 14 16 18,1477,0.33186864852905273,test,top_r_mean,0.0,0.5,0.5,0.375
0.08666215301286391,0.0,47,0.0,31,40.743199875578284,hotpotqa,0.5714285714285714,0.0,0.0,0.0,5a84c4bb5542991dd0999dec,mean,0.21369102682701202,0.15155044198036194,"[[23, 4, 19, 29], [28, 29, 9, 22], [27, 0, 25, 16], [3, 7, 20, 13], [25, 31, 29, 4], [17, 10, 30, 7], [8, 18, 17, 5], [22, 14, 28, 1], [9, 24, 15, 26], [27, 4, 13, 25], [10, 21, 4, 20], [13, 22, 4, 28], [25, 7, 1, 23], [3, 5, 28, 17], [6, 8, 2, 21], [15, 24, 6, 13], [5, 22, 9, 24], [8, 24, 28, 1], [22, 20, 31, 1], [13, 0, 5, 23], [27, 13, 15, 2], [5, 13, 22, 16], [27, 17, 31, 25], [30, 2, 0, 3], [12, 22, 1, 29], [22, 30, 12, 25], [30, 4, 1, 11], [2, 10, 7, 22], [3, 23, 21, 20], [6, 26, 30, 10], [24, 1, 2, 27], [3, 9, 30, 26], [26, 1, 27, 2], [15, 14, 1, 9], [8, 27, 11, 15], [16, 31, 11, 27], [20, 31, 9, 16], [27, 30, 22, 17], [14, 4, 9, 31], [1, 11, 16, 14], [12, 27, 21, 0], [14, 10, 19, 17], [7, 10, 30, 8], [31, 12, 9, 28], [17, 5, 14, 24], [17, 21, 9, 31], [3, 1, 4, 0]]",4,1.590600609779358,128,random,0.0,3008,4.0,124,1.696136236190796,71,20 40 16 27,1477,0.3305966258049011,test,top_r_mean,0.0,0.0,0.25,0.375
0.08666215301286391,1.0,47,1.0,31,32.417799811810255,hotpotqa,0.5714285714285714,0.5,0.2857142857142857,0.0,5a84c4bb5542991dd0999dec,mean,0.3635522664199815,0.12956437468528748,"[[24, 25, 26, 27, 28, 29, 30, 31], [24, 25, 26, 27, 28, 29, 30, 31], [24, 25, 26, 27, 28, 29, 30, 31], [24, 25, 26, 27, 28, 29, 30, 31], [24, 25, 26, 27, 28, 29, 30, 31], [24, 25, 26, 27, 28, 29, 30, 31], [24, 25, 26, 27, 28, 29, 30, 31], [24, 25, 26, 27, 28, 29, 30, 31], [24, 25, 26, 27, 28, 29, 30, 31], [24, 25, 26, 27, 28, 29, 30, 31], [24, 25, 26, 27, 28, 29, 30, 31], [24, 25, 26, 27, 28, 29, 30, 31], [24, 25, 26, 27, 28, 29, 30, 31], [24, 25, 26, 27, 28, 29, 30, 31], [24, 25, 26, 27, 28, 29, 30, 31], [24, 25, 26, 27, 28, 29, 30, 31], [24, 25, 26, 27, 28, 29, 30, 31], [24, 25, 26, 27, 28, 29, 30, 31], [24, 25, 26, 27, 28, 29, 30, 31], [24, 25, 26, 27, 28, 29, 30, 31], [24, 25, 26, 27, 28, 29, 30, 31], [24, 25, 26, 27, 28, 29, 30, 31], [24, 25, 26, 27, 28, 29, 30, 31], [24, 25, 26, 27, 28, 29, 30, 31], [24, 25, 26, 27, 28, 29, 30, 31], [24, 25, 26, 27, 28, 29, 30, 31], [24, 25, 26, 27, 28, 29, 30, 31], [24, 25, 26, 27, 28, 29, 30, 31], [24, 25, 26, 27, 28, 29, 30, 31], [24, 25, 26, 27, 28, 29, 30, 31], [24, 25, 26, 27, 28, 29, 30, 31], [24, 25, 26, 27, 28, 29, 30, 31], [24, 25, 26, 27, 28, 29, 30, 31], [24, 25, 26, 27, 28, 29, 30, 31], [24, 25, 26, 27, 28, 29, 30, 31], [24, 25, 26, 27, 28, 29, 30, 31], [24, 25, 26, 27, 28, 29, 30, 31], [24, 25, 26, 27, 28, 29, 30, 31], [24, 25, 26, 27, 28, 29, 30, 31], [24, 25, 26, 27, 28, 29, 30, 31], [24, 25, 26, 27, 28, 29, 30, 31], [24, 25, 26, 27, 28, 29, 30, 31], [24, 25, 26, 27, 28, 29, 30, 31], [24, 25, 26, 27, 28, 29, 30, 31], [24, 25, 26, 27, 28, 29, 30, 31], [24, 25, 26, 27, 28, 29, 30, 31], [0, 1, 2, 3, 4]]",8,0.8803936243057251,128,last,0.5,6016,4.0,124,0.9983518719673157,0,12 4 16 44,1477,0.49364009499549866,test,top_r_mean,0.0,0.0,0.25,0.375
0.08666215301286391,0.0,47,0.0,31,35.920799942687154,hotpotqa,0.5714285714285714,0.0,0.0,0.0,5a84c4bb5542991dd0999dec,mean,0.5393154486586494,0.07841034233570099,"[[19, 0, 24, 2, 17, 12, 11, 3], [11, 14, 3, 23, 26, 13, 2, 1], [6, 29, 19, 28, 8, 20, 11, 15], [26, 13, 29, 22, 25, 16, 31, 4], [11, 22, 8, 19, 2, 17, 24, 31], [10, 8, 6, 29, 1, 15, 16, 20], [25, 31, 0, 8, 14, 6, 11, 29], [28, 4, 19, 11, 21, 13, 0, 10], [26, 0, 24, 19, 20, 15, 8, 23], [18, 13, 30, 0, 11, 27, 22, 2], [25, 12, 1, 11, 0, 8, 13, 16], [17, 2, 27, 4, 29, 25, 10, 5], [16, 19, 27, 11, 6, 1, 8, 26], [14, 26, 25, 23, 0, 27, 24, 19], [0, 11, 19, 10, 1, 20, 26, 17], [14, 7, 13, 1, 21, 25, 11, 26], [22, 0, 13, 16, 6, 17, 15, 27], [22, 31, 26, 2, 8, 17, 19, 7], [14, 27, 4, 7, 26, 1, 16, 5], [16, 19, 28, 21, 10, 0, 26, 23], [11, 0, 31, 30, 17, 23, 25, 4], [25, 5, 0, 2, 4, 11, 17, 27], [15, 4, 2, 5, 22, 1, 30, 28], [16, 28, 26, 30, 1, 20, 21, 9], [13, 0, 18, 2, 9, 16, 17, 7], [27, 7, 18, 4, 31, 21, 8, 2], [29, 2, 13, 22, 15, 5, 7, 17], [25, 23, 21, 24, 4, 27, 12, 17], [2, 19, 16, 17, 18, 23, 12, 20], [13, 8, 9, 19, 5, 18, 2, 10], [31, 14, 24, 23, 12, 2, 28, 22], [22, 12, 18, 13, 1, 17, 11, 16], [14, 0, 31, 28, 23, 27, 5, 26], [10, 2, 28, 6, 17, 20, 5, 24], [27, 13, 16, 15, 10, 2, 12, 11], [14, 7, 10, 17, 5, 9, 16, 24], [0, 26, 21, 14, 29, 12, 22, 28], [6, 10, 11, 27, 13, 9, 24, 20], [13, 15, 22, 19, 26, 18, 3, 14], [19, 5, 9, 6, 28, 18, 30, 3], [29, 0, 13, 1, 31, 14, 7, 3], [31, 15, 17, 1, 25, 2, 5, 0], [20, 8, 22, 24, 1, 6, 23, 17], [20, 6, 2, 10, 27, 19, 31, 3], [25, 0, 19, 7, 15, 5, 10, 22], [18, 9, 2, 8, 17, 13, 24, 0], [1, 4, 3, 0, 2]]",8,1.1485638618469238,128,farthest,0.0,6016,4.0,124,1.2233614921569824,0,16 40 32 24,1477,0.7136910557746887,test,top_r_mean,1.0,0.5,0.75,0.875
0.08666215301286391,0.0,47,0.0,31,36.026500165462494,hotpotqa,0.5714285714285714,0.0,0.0,0.0,5a84c4bb5542991dd0999dec,mean,0.937095282146161,0.0010707746259868145,"[[5, 0, 10, 31, 15, 4, 11, 19], [25, 5, 31, 12, 6, 10, 23, 21], [22, 3, 26, 7, 25, 14, 23, 0], [24, 18, 26, 23, 0, 28, 19, 27], [26, 21, 31, 27, 22, 16, 30, 13], [10, 22, 27, 25, 21, 20, 5, 4], [11, 16, 21, 20, 18, 15, 5, 26], [17, 24, 25, 6, 5, 9, 20, 2], [12, 0, 10, 11, 5, 1, 9, 13], [9, 16, 24, 17, 28, 5, 25, 19], [5, 3, 17, 19, 29, 23, 12, 24], [31, 26, 30, 0, 17, 18, 7, 27], [26, 3, 31, 4, 30, 17, 16, 10], [2, 5, 13, 14, 0, 1, 12, 22], [10, 15, 14, 27, 17, 18, 23, 12], [20, 17, 14, 11, 12, 9, 13, 3], [20, 0, 15, 22, 26, 30, 7, 1], [6, 23, 12, 24, 2, 30, 7, 1], [31, 24, 29, 30, 10, 25, 7, 15], [18, 25, 12, 17, 20, 24, 31, 7], [2, 8, 12, 11, 16, 9, 15, 3], [8, 22, 19, 14, 21, 13, 16, 15], [28, 16, 13, 9, 0, 29, 10, 30], [20, 25, 2, 12, 4, 3, 10, 28], [22, 0, 30, 27, 15, 1, 14, 6], [23, 9, 14, 28, 30, 2, 17, 4], [9, 0, 11, 4, 1, 30, 5, 16], [2, 20, 8, 26, 7, 22, 21, 31], [22, 28, 0, 9, 3, 27, 30, 16], [0, 1, 3, 25, 4, 11, 7, 2], [11, 31, 21, 18, 17, 28, 24, 19], [23, 16, 0, 30, 8, 19, 11, 18], [26, 0, 14, 3, 12, 2, 8, 29], [1, 10, 3, 0, 14, 9, 12, 23], [18, 11, 19, 21, 27, 31, 14, 20], [12, 5, 21, 0, 8, 13, 15, 14], [31, 24, 2, 1, 4, 30, 27, 10], [26, 19, 29, 6, 15, 2, 8, 13], [8, 1, 9, 25, 21, 13, 26, 11], [16, 23, 29, 27, 2, 24, 26, 1], [31, 0, 16, 2, 17, 3, 9, 7], [8, 9, 27, 28, 3, 13, 24, 12], [4, 15, 16, 12, 14, 13, 17, 20], [18, 17, 8, 20, 21, 0, 27, 26], [22, 26, 31, 23, 2, 27, 25, 10], [15, 19, 6, 4, 18, 16, 5, 28], [0, 4, 3, 1, 2]]",8,0.11030793190002441,128,greedy_oracle,0.0,6016,4.0,124,0.12104205787181854,0,16 24 32 8,1477,0.9900554418563843,test,top_r_mean,1.0,1.0,1.0,1.0
0.08666215301286391,0.0,47,0.0,31,42.50620002858341,hotpotqa,0.5714285714285714,0.0,0.0,0.0,5a84c4bb5542991dd0999dec,mean,0.5282146160962072,0.0686558187007904,"[[31, 14, 16, 19, 28, 3, 2, 13], [1, 2, 21, 29, 30, 0, 10, 28], [14, 30, 6, 1, 16, 21, 11, 7], [22, 8, 17, 1, 7, 19, 0, 20], [30, 18, 9, 21, 15, 17, 27, 11], [5, 18, 31, 4, 1, 19, 3, 28], [11, 4, 13, 7, 23, 25, 24, 9], [31, 26, 2, 22, 13, 6, 30, 1], [22, 19, 12, 30, 4, 23, 0, 31], [24, 7, 29, 15, 12, 3, 4, 2], [0, 8, 19, 27, 18, 29, 2, 22], [4, 12, 13, 2, 17, 15, 19, 7], [6, 16, 0, 11, 13, 15, 24, 20], [15, 12, 14, 17, 2, 9, 19, 11], [2, 8, 17, 24, 15, 10, 3, 21], [15, 28, 16, 0, 22, 20, 26, 3], [17, 30, 22, 21, 14, 18, 27, 16], [1, 11, 5, 10, 7, 2, 13, 31], [28, 7, 30, 5, 19, 9, 26, 4], [1, 7, 21, 10, 26, 23, 8, 3], [10, 5, 31, 1, 16, 23, 18, 19], [23, 13, 16, 25, 8, 11, 28, 9], [26, 3, 8, 27, 9, 17, 28, 18], [0, 29, 18, 14, 23, 9, 16, 8], [16, 29, 17, 30, 10, 25, 14, 6], [20, 28, 24, 18, 12, 2, 29, 10], [6, 8, 5, 31, 23, 17, 10, 29], [3, 6, 9, 12, 16, 19, 8, 7], [5, 8, 17, 13, 0, 12, 18, 24], [17, 27, 18, 20, 21, 28, 1, 6], [16, 12, 24, 6, 3, 29, 18, 20], [28, 8, 0, 16, 23, 7, 6, 19], [7, 19, 14, 30, 10, 1, 13, 8], [22, 23, 21, 8, 30, 12, 5, 31], [26, 9, 16, 17, 14, 4, 31, 27], [18, 11, 1, 8, 14, 4, 16, 21], [6, 13, 29, 18, 24, 28, 16, 19], [5, 21, 13, 28, 9, 8, 14, 10], [1, 28, 7, 20, 19, 21, 30, 10], [11, 18, 13, 28, 0, 27, 7, 31], [10, 15, 7, 17, 19, 18, 25, 0], [30, 18, 31, 16, 28, 26, 23, 21], [11, 17, 2, 23, 12, 29, 13, 25], [28, 29, 30, 19, 1, 24, 13, 3], [25, 11, 29, 27, 1, 18, 28, 15], [24, 5, 23, 13, 22, 28, 12, 7], [0, 3, 1, 2, 4]]",8,0.8167669177055359,128,random,0.0,6016,4.0,124,0.883524477481842,11,8 40 21 16,1477,0.7215541005134583,test,top_r_mean,0.0,0.0,0.5,0.375
0.08666215301286391,0.0,47,0.0,31,35.0915000308305,hotpotqa,0.5714285714285714,0.0,0.0,0.0,5a84c4bb5542991dd0999dec,mean,0.49861239592969475,0.07389599084854126,"[[22, 4, 0, 14, 13, 30, 7, 3], [1, 3, 13, 2, 21, 12, 20, 17], [19, 21, 7, 10, 4, 27, 31, 9], [10, 15, 11, 8, 26, 6, 7, 13], [20, 5, 18, 6, 17, 8, 25, 1], [8, 21, 4, 14, 23, 1, 6, 26], [3, 31, 21, 22, 6, 11, 28, 30], [23, 9, 14, 15, 21, 27, 10, 2], [2, 7, 8, 26, 6, 15, 31, 28], [28, 7, 10, 9, 4, 19, 13, 17], [10, 14, 27, 13, 22, 15, 16, 18], [18, 5, 28, 30, 19, 20, 9, 1], [17, 3, 14, 15, 31, 10, 24, 28], [24, 29, 27, 31, 28, 21, 23, 14], [25, 5, 29, 10, 21, 22, 30, 4], [28, 22, 25, 5, 18, 27, 16, 13], [29, 7, 11, 25, 20, 30, 10, 22], [31, 13, 10, 1, 16, 25, 30, 5], [31, 5, 1, 3, 16, 15, 0, 11], [1, 17, 13, 18, 19, 29, 26, 16], [14, 13, 27, 30, 20, 10, 31, 26], [27, 0, 20, 24, 21, 22, 12, 9], [7, 28, 5, 22, 8, 10, 2, 17], [28, 16, 5, 20, 30, 13, 15, 26], [5, 8, 17, 26, 28, 22, 27, 29], [9, 16, 15, 29, 24, 3, 13, 4], [27, 25, 21, 8, 30, 16, 23, 13], [12, 28, 10, 7, 17, 22, 2, 14], [0, 5, 26, 14, 11, 13, 6, 17], [6, 17, 4, 12, 1, 13, 2, 30], [0, 31, 18, 17, 30, 4, 13, 2], [4, 19, 2, 5, 8, 15, 6, 12], [3, 26, 25, 19, 15, 23, 29, 4], [22, 0, 29, 2, 10, 8, 15, 9], [2, 12, 22, 30, 19, 29, 28, 14], [7, 6, 30, 14, 11, 29, 24, 4], [7, 19, 0, 10, 14, 13, 18, 4], [2, 12, 24, 13, 6, 30, 19, 8], [19, 28, 23, 5, 11, 16, 17, 24], [10, 2, 14, 1, 23, 24, 19, 17], [15, 18, 2, 16, 28, 13, 26, 3], [2, 3, 9, 19, 12, 18, 28, 6], [10, 5, 18, 15, 28, 8, 13, 25], [30, 12, 19, 0, 16, 27, 8, 4], [3, 22, 29, 8, 18, 13, 30, 31], [26, 30, 18, 25, 31, 29, 14, 16], [4, 0, 2, 3, 1]]",8,0.8026592135429382,128,random,0.0,6016,4.0,124,0.8833548426628113,23,0 16 12 24,1477,0.6823542714118958,test,top_r_mean,0.0,0.5,0.5,0.5
0.08666215301286391,1.0,47,0.0,31,34.14080012589693,hotpotqa,0.5714285714285714,0.25,0.14285714285714285,0.0,5a84c4bb5542991dd0999dec,mean,0.42090656799259946,0.10119713842868805,"[[26, 25, 11, 24, 7, 18, 16, 6], [9, 30, 1, 22, 23, 31, 5, 11], [19, 21, 16, 20, 3, 6, 18, 15], [28, 12, 13, 11, 21, 25, 6, 27], [18, 7, 6, 3, 15, 30, 2, 11], [21, 6, 11, 25, 20, 24, 28, 29], [13, 20, 10, 0, 4, 11, 3, 14], [9, 29, 12, 17, 27, 5, 30, 28], [1, 25, 13, 19, 14, 5, 6, 26], [19, 18, 30, 29, 21, 6, 4, 2], [6, 19, 17, 15, 13, 11, 26, 29], [26, 15, 3, 0, 12, 27, 8, 14], [25, 31, 11, 24, 27, 30, 18, 29], [14, 4, 30, 31, 22, 1, 23, 11], [6, 14, 29, 28, 11, 17, 23, 13], [13, 22, 0, 31, 24, 23, 4, 8], [27, 29, 26, 17, 24, 16, 8, 14], [17, 9, 8, 10, 14, 16, 2, 28], [14, 29, 16, 11, 0, 9, 10, 17], [17, 16, 10, 27, 20, 28, 21, 1], [18, 1, 17, 5, 30, 19, 16, 28], [2, 17, 5, 22, 25, 12, 20, 8], [3, 19, 4, 6, 16, 5, 24, 2], [30, 20, 14, 28, 6, 24, 26, 5], [20, 7, 27, 1, 26, 30, 16, 18], [31, 30, 4, 11, 20, 0, 12, 17], [24, 20, 14, 9, 23, 25, 5, 27], [15, 1, 23, 22, 4, 20, 12, 2], [1, 3, 16, 5, 2, 24, 18, 19], [0, 15, 25, 14, 24, 17, 20, 31], [4, 3, 8, 25, 22, 16, 26, 11], [0, 10, 12, 28, 22, 26, 20, 11], [7, 31, 8, 23, 1, 26, 11, 27], [13, 31, 27, 24, 2, 3, 4, 29], [5, 29, 31, 17, 30, 11, 27, 22], [9, 29, 7, 13, 16, 27, 0, 24], [19, 18, 5, 16, 21, 4, 0, 31], [26, 12, 27, 2, 15, 18, 19, 22], [3, 5, 25, 15, 6, 9, 7, 16], [18, 21, 11, 12, 23, 24, 26, 17], [23, 4, 15, 0, 28, 10, 27, 3], [9, 5, 6, 24, 23, 27, 26, 17], [21, 30, 3, 19, 18, 25, 24, 20], [15, 8, 14, 30, 0, 18, 28, 3], [11, 6, 25, 19, 28, 16, 10, 8], [24, 28, 9, 15, 17, 18, 2, 0], [1, 3, 2, 4, 0]]",8,0.8214333653450012,128,random,0.25,6016,4.0,124,0.9177573919296265,37,40 12 21 43,1477,0.5743524432182312,test,top_r_mean,0.0,0.0,0.0,0.375
0.08666215301286391,1.0,47,0.0,31,33.27539982274175,hotpotqa,0.5714285714285714,0.25,0.14285714285714285,0.0,5a84c4bb5542991dd0999dec,mean,0.4357076780758557,0.09754720330238342,"[[25, 27, 20, 21, 24, 15, 28, 5], [27, 0, 9, 26, 17, 3, 28, 30], [20, 28, 15, 21, 29, 22, 19, 30], [8, 29, 18, 27, 28, 17, 13, 7], [10, 23, 0, 21, 24, 2, 9, 11], [26, 11, 24, 28, 5, 10, 4, 14], [26, 9, 6, 23, 4, 5, 25, 10], [7, 14, 25, 0, 9, 5, 20, 31], [2, 10, 9, 30, 5, 23, 16, 18], [2, 23, 9, 24, 3, 12, 16, 25], [1, 23, 19, 9, 21, 15, 22, 27], [21, 23, 15, 7, 28, 22, 27, 9], [14, 2, 15, 1, 5, 20, 19, 0], [10, 26, 22, 20, 7, 21, 6, 16], [10, 15, 6, 27, 30, 23, 11, 2], [16, 27, 22, 21, 29, 7, 13, 6], [14, 22, 19, 24, 6, 8, 29, 13], [26, 7, 0, 9, 11, 24, 10, 21], [31, 28, 30, 24, 5, 19, 15, 16], [23, 15, 22, 5, 26, 19, 28, 31], [4, 11, 31, 13, 16, 1, 2, 18], [24, 9, 7, 8, 4, 30, 20, 21], [14, 23, 22, 17, 4, 13, 3, 24], [27, 2, 26, 30, 14, 18, 1, 13], [0, 30, 7, 15, 8, 16, 14, 3], [16, 26, 14, 20, 9, 19, 6, 7], [26, 12, 2, 8, 1, 17, 24, 23], [22, 3, 15, 0, 13, 23, 1, 17], [2, 3, 6, 25, 4, 7, 24, 13], [7, 27, 15, 16, 30, 17, 11, 10], [22, 15, 7, 13, 26, 12, 17, 5], [11, 2, 25, 30, 1, 21, 17, 28], [31, 24, 27, 28, 8, 25, 15, 7], [27, 30, 7, 17, 3, 11, 22, 21], [1, 30, 21, 28, 5, 6, 15, 27], [21, 16, 24, 18, 17, 6, 20, 12], [25, 26, 2, 11, 20, 18, 21, 9], [8, 2, 16, 25, 7, 31, 13, 27], [17, 15, 8, 23, 20, 3, 28, 18], [11, 12, 1, 24, 14, 25, 20, 23], [13, 26, 19, 14, 31, 27, 17, 22], [11, 25, 22, 27, 24, 21, 17, 14], [9, 29, 24, 2, 15, 7, 3, 4], [5, 0, 18, 27, 19, 23, 16, 6], [18, 29, 27, 0, 15, 7, 22, 23], [26, 5, 30, 12, 17, 22, 4, 14], [1, 4, 3, 0, 2]]",8,0.8631137013435364,128,random,0.25,6016,4.0,124,0.9518468976020813,53,24 9 14 43,1477,0.6414200067520142,test,top_r_mean,0.0,0.5,0.25,0.25
0.08666215301286391,1.0,47,0.0,31,41.08100011944771,hotpotqa,0.5714285714285714,0.25,0.14285714285714285,0.0,5a84c4bb5542991dd0999dec,mean,0.4708603145235893,0.0958559662103653,"[[23, 4, 19, 29, 28, 18, 7, 1], [28, 29, 9, 22, 6, 15, 1, 16], [27, 0, 25, 16, 18, 10, 2, 23], [3, 7, 20, 13, 27, 24, 18, 22], [25, 31, 29, 4, 8, 18, 0, 5], [17, 10, 30, 7, 19, 13, 27, 0], [8, 18, 17, 5, 7, 16, 14, 11], [22, 14, 28, 1, 13, 21, 4, 24], [9, 24, 15, 26, 27, 4, 5, 30], [27, 4, 13, 25, 22, 16, 17, 5], [10, 21, 4, 20, 11, 26, 24, 3], [13, 22, 4, 28, 24, 26, 12, 17], [25, 7, 1, 23, 17, 9, 21, 18], [3, 5, 28, 17, 26, 22, 14, 7], [6, 8, 2, 21, 29, 10, 15, 24], [15, 24, 6, 13, 2, 14, 19, 10], [5, 22, 9, 24, 25, 27, 31, 7], [8, 24, 28, 1, 22, 29, 15, 6], [22, 20, 31, 1, 14, 30, 10, 6], [13, 0, 5, 23, 19, 24, 14, 8], [27, 13, 15, 2, 18, 16, 22, 3], [5, 13, 22, 16, 21, 26, 0, 25], [27, 17, 31, 25, 12, 14, 30, 28], [30, 2, 0, 3, 27, 23, 22, 7], [12, 22, 1, 29, 11, 3, 23, 15], [22, 30, 12, 25, 19, 9, 2, 16], [30, 4, 1, 11, 5, 28, 14, 24], [2, 10, 7, 22, 24, 25, 13, 12], [3, 23, 21, 20, 10, 17, 13, 24], [6, 26, 30, 10, 4, 23, 18, 2], [24, 1, 2, 27, 11, 4, 13, 23], [3, 9, 30, 26, 6, 21, 23, 0], [26, 1, 27, 2, 18, 9, 6, 4], [15, 14, 1, 9, 19, 21, 11, 27], [8, 27, 11, 15, 20, 21, 13, 14], [16, 31, 11, 27, 26, 12, 10, 22], [20, 31, 9, 16, 12, 30, 25, 24], [27, 30, 22, 17, 21, 11, 2, 15], [14, 4, 9, 31, 0, 10, 24, 1], [1, 11, 16, 14, 19, 15, 17, 13], [12, 27, 21, 0, 7, 9, 2, 31], [14, 10, 19, 17, 2, 6, 31, 7], [7, 10, 30, 8, 1, 26, 16, 20], [31, 12, 9, 28, 8, 30, 22, 18], [17, 5, 14, 24, 28, 6, 26, 9], [17, 21, 9, 31, 16, 4, 6, 10], [3, 1, 4, 0, 2]]",8,0.7198395729064941,128,random,0.3333333333333333,6016,4.0,124,0.8205448985099792,71,40 16 6 17,1477,0.6106613278388977,test,top_r_mean,0.0,0.5,0.25,0.375
0.08137317228226319,0.0,50,0.0,31,0.0467000063508749,hotpotqa,0.5714285714285714,0.0,0.0,0.0,5abbd4035542993f40c73bcb,mean,1.0,0.0,,0,0.0,128,full_k,0.0,25167,4.0,124,0.0,0,40 0 8 32,1573,0.9999999403953552,test,top_r_mean,1.0,1.0,1.0,1.0
0.08137317228226319,1.0,50,1.0,31,3.250500187277794,hotpotqa,0.5714285714285714,0.25,0.14285714285714285,0.0,5abbd4035542993f40c73bcb,mean,0.6359183673469387,0.04608055204153061,,1,1.6172045469284058,128,mean,0.5,800,4.0,124,1.6463673114776611,0,40 19 7 0,1573,0.8118606805801392,test,top_r_mean,1.0,0.5,0.5,0.625
0.08137317228226319,1.0,50,1.0,31,33.61109993420541,hotpotqa,0.5714285714285714,0.25,0.14285714285714285,0.0,5abbd4035542993f40c73bcb,mean,0.005714285714285714,0.37820351123809814,"[[24], [24], [24], [24], [24], [24], [24], [24], [24], [24], [24], [24], [24], [24], [24], [24], [24], [24], [24], [24], [24], [24], [24], [24], [24], [24], [24], [24], [24], [24], [24], [24], [24], [24], [24], [24], [24], [24], [24], [24], [24], [24], [24], [24], [24], [24], [24], [24], [24], [0]]",1,1.676005482673645,128,last,0.5,800,4.0,124,1.8825386762619019,0,5 19 14 25,1573,-0.016086433082818985,test,top_r_mean,0.0,0.0,0.0,0.25
0.08137317228226319,1.0,50,1.0,31,33.826000057160854,hotpotqa,0.5714285714285714,0.25,0.14285714285714285,0.0,5abbd4035542993f40c73bcb,mean,0.2963265306122449,0.11091683059930801,"[[11], [19], [20], [17], [18], [27], [22], [21], [25], [23], [26], [24], [6], [5], [23], [22], [25], [29], [9], [2], [15], [30], [25], [22], [11], [0], [11], [25], [24], [16], [23], [9], [16], [23], [27], [28], [14], [21], [24], [11], [12], [1], [12], [6], [21], [28], [15], [10], [27], [2]]",1,1.2252910137176514,128,farthest,0.25,800,4.0,124,1.3053967952728271,0,40 1 39 18,1573,0.4129171371459961,test,top_r_mean,1.0,0.5,0.25,0.125
0.08137317228226319,1.0,50,1.0,31,44.95650017634034,hotpotqa,0.5714285714285714,0.5,0.2857142857142857,0.0,5abbd4035542993f40c73bcb,mean,0.3893877551020408,0.06868616491556168,"[[28], [14], [29], [26], [23], [24], [23], [16], [30], [19], [31], [8], [13], [31], [11], [6], [12], [21], [7], [18], [26], [5], [5], [5], [9], [14], [13], [11], [4], [21], [16], [4], [21], [7], [15], [15], [11], [10], [12], [10], [28], [20], [0], [1], [14], [31], [22], [17], [12], [3]]",1,0.3640586733818054,128,greedy_oracle,1.0,800,4.0,124,0.47275498509407043,0,19 18 9 33,1573,0.5299879908561707,test,top_r_mean,0.0,0.0,0.0,0.125
0.08137317228226319,1.0,50,1.0,31,39.563799975439906,hotpotqa,0.5714285714285714,0.25,0.14285714285714285,0.0,5abbd4035542993f40c73bcb,mean,0.08408163265306122,0.9734899997711182,"[[0], [6], [20], [23], [26], [18], [1], [9], [30], [25], [1], [23], [11], [29], [30], [22], [7], [19], [18], [2], [27], [8], [22], [9], [21], [8], [14], [25], [12], [4], [29], [30], [25], [4], [27], [1], [24], [30], [23], [24], [16], [17], [27], [26], [21], [22], [26], [26], [1], [0]]",1,1.6723966598510742,128,random,0.25,800,4.0,124,1.8818765878677368,11,0 8 5 18,1573,0.12412963807582855,test,top_r_mean,0.0,0.5,0.5,0.375
0.08137317228226319,1.0,50,1.0,31,31.766600208356977,hotpotqa,0.5714285714285714,0.5,0.2857142857142857,0.0,5abbd4035542993f40c73bcb,mean,0.1836734693877551,0.3667292892932892,"[[13], [3], [20], [8], [0], [3], [14], [0], [29], [25], [8], [4], [28], [9], [9], [23], [29], [20], [3], [18], [8], [4], [20], [17], [4], [6], [10], [30], [0], [3], [19], [23], [6], [5], [2], [30], [20], [30], [7], [20], [10], [27], [7], [26], [7], [26], [29], [2], [11], [3]]",1,1.6770316362380981,128,random,1.0,800,4.0,124,1.8988351821899414,23,19 22 40 5,1573,0.2759663760662079,test,top_r_mean,0.0,0.0,0.25,0.375
0.08137317228226319,0.0,50,0.0,31,30.877500073984265,hotpotqa,0.5714285714285714,0.0,0.0,0.0,5abbd4035542993f40c73bcb,mean,0.05795918367346939,0.3224426507949829,"[[29], [2], [18], [12], [18], [4], [20], [24], [3], [25], [20], [12], [23], [8], [30], [20], [27], [22], [24], [15], [10], [11], [16], [21], [7], [24], [6], [21], [22], [1], [17], [17], [10], [12], [25], [27], [6], [28], [22], [26], [10], [27], [13], [29], [12], [9], [18], [13], [24], [3]]",1,1.7345880270004272,128,random,0.0,800,4.0,124,1.9216195344924927,37,40 25 1 6,1573,0.0913805440068245,test,top_r_mean,1.0,0.5,0.25,0.25
0.08137317228226319,1.0,50,1.0,31,28.0695001129061,hotpotqa,0.5714285714285714,0.25,0.14285714285714285,0.0,5abbd4035542993f40c73bcb,mean,0.1689795918367347,0.30851006507873535,"[[29], [17], [17], [16], [14], [11], [28], [10], [19], [24], [14], [19], [26], [8], [16], [5], [15], [0], [27], [18], [2], [14], [28], [18], [11], [28], [22], [16], [10], [0], [3], [6], [24], [20], [1], [28], [29], [20], [22], [0], [24], [20], [2], [26], [7], [2], [18], [31], [11], [0]]",1,1.6145702600479126,128,random,1.0,800,4.0,124,1.8146504163742065,53,19 41 17 30,1573,0.25243696570396423,test,top_r_mean,0.0,0.0,0.0,0.0
0.08137317228226319,0.0,50,0.0,31,33.35390007123351,hotpotqa,0.5714285714285714,0.0,0.0,0.0,5abbd4035542993f40c73bcb,mean,0.21959183673469387,0.2498604655265808,"[[15], [5], [26], [11], [6], [20], [7], [7], [6], [4], [12], [15], [12], [14], [16], [5], [10], [4], [29], [5], [19], [2], [30], [14], [10], [13], [10], [20], [3], [16], [30], [9], [30], [19], [16], [0], [4], [20], [5], [8], [5], [28], [28], [23], [10], [28], [9], [11], [20], [0]]",1,1.6627131700515747,128,random,0.0,800,4.0,124,1.8138084411621094,71,32 1 8 15,1573,0.3143817186355591,test,top_r_mean,0.0,0.0,0.5,0.5
0.08137317228226319,1.0,50,1.0,31,31.58640000037849,hotpotqa,0.5714285714285714,0.25,0.14285714285714285,0.0,5abbd4035542993f40c73bcb,mean,0.0236734693877551,0.23234353959560394,"[[24, 25], [24, 25], [24, 25], [24, 25], [24, 25], [24, 25], [24, 25], [24, 25], [24, 25], [24, 25], [24, 25], [24, 25], [24, 25], [24, 25], [24, 25], [24, 25], [24, 25], [24, 25], [24, 25], [24, 25], [24, 25], [24, 25], [24, 25], [24, 25], [24, 25], [24, 25], [24, 25], [24, 25], [24, 25], [24, 25], [24, 25], [24, 25], [24, 25], [24, 25], [24, 25], [24, 25], [24, 25], [24, 25], [24, 25], [24, 25], [24, 25], [24, 25], [24, 25], [24, 25], [24, 25], [24, 25], [24, 25], [24, 25], [24, 25], [0, 1]]",2,1.6639516353607178,128,last,0.3333333333333333,1600,4.0,124,1.7968698740005493,0,5 25 19 43,1573,0.03529411554336548,test,top_r_mean,0.0,0.0,0.0,0.25
0.08137317228226319,1.0,50,1.0,31,35.652299877256155,hotpotqa,0.5714285714285714,0.25,0.14285714285714285,0.0,5abbd4035542993f40c73bcb,mean,0.3942857142857143,0.5538798570632935,"[[11, 0], [19, 21], [20, 14], [17, 22], [18, 14], [27, 11], [22, 0], [21, 12], [25, 0], [23, 16], [26, 7], [24, 17], [6, 15], [5, 16], [23, 4], [22, 3], [25, 0], [29, 2], [9, 5], [2, 15], [15, 13], [30, 2], [25, 1], [22, 25], [11, 0], [0, 9], [11, 2], [25, 1], [24, 28], [16, 4], [23, 14], [9, 17], [16, 0], [23, 27], [27, 11], [28, 19], [14, 0], [21, 2], [24, 0], [11, 30], [12, 0], [1, 16], [12, 4], [6, 20], [21, 27], [28, 4], [15, 1], [10, 30], [27, 0], [2, 4]]",2,1.7794109582901,128,farthest,0.5,1600,4.0,124,1.944663166999817,0,40 24 8 48,1573,0.5351740121841431,test,top_r_mean,1.0,0.5,0.5,0.875
0.08137317228226319,0.0,50,0.0,31,30.573900090530515,hotpotqa,0.5714285714285714,0.0,0.0,0.0,5abbd4035542993f40c73bcb,mean,0.6489795918367347,0.07652589678764343,"[[28, 0], [14, 26], [29, 1], [26, 4], [23, 19], [24, 13], [23, 8], [16, 2], [30, 0], [19, 11], [31, 15], [8, 9], [13, 21], [31, 30], [11, 15], [6, 15], [12, 0], [21, 0], [7, 13], [18, 24], [26, 5], [5, 31], [5, 20], [5, 16], [9, 0], [14, 1], [13, 1], [11, 19], [4, 12], [21, 13], [16, 3], [4, 19], [21, 0], [7, 16], [15, 23], [15, 1], [11, 2], [10, 0], [12, 19], [10, 4], [28, 0], [20, 26], [0, 13], [1, 7], [14, 26], [31, 19], [22, 29], [17, 24], [12, 0], [3, 2]]",2,0.35313937067985535,128,greedy_oracle,0.0,1600,4.0,124,0.3748645484447479,0,32 0 40 8,1573,0.8179110884666443,test,top_r_mean,0.0,0.5,1.0,0.875
0.08137317228226319,1.0,50,1.0,31,27.947199996560812,hotpotqa,0.5714285714285714,0.25,0.14285714285714285,0.0,5abbd4035542993f40c73bcb,mean,0.22448979591836735,0.25466328859329224,"[[0, 9], [6, 26], [20, 16], [23, 20], [26, 20], [18, 31], [1, 11], [9, 3], [30, 2], [25, 7], [1, 4], [23, 30], [11, 22], [29, 26], [30, 25], [22, 14], [7, 8], [19, 15], [18, 23], [2, 19], [27, 18], [8, 18], [22, 0], [9, 11], [21, 0], [8, 12], [14, 31], [25, 27], [12, 18], [4, 8], [29, 13], [30, 10], [25, 26], [4, 11], [27, 20], [1, 11], [24, 23], [30, 24], [23, 8], [24, 4], [16, 30], [17, 2], [27, 30], [26, 20], [21, 18], [22, 20], [26, 27], [26, 29], [1, 9], [0, 2]]",2,1.649653434753418,128,random,1.0,1600,4.0,124,1.7850326299667358,11,24 0 1 44,1573,0.30333733558654785,test,top_r_mean,0.0,0.5,0.25,0.375
0.08137317228226319,1.0,50,1.0,31,31.560800038278103,hotpotqa,0.5714285714285714,0.75,0.42857142857142855,0.0,5abbd4035542993f40c73bcb,mean,0.2310204081632653,0.25858035683631897,"[[13, 3], [3, 26], [20, 19], [8, 16], [0, 2], [3, 2], [14, 9], [0, 26], [29, 18], [25, 31], [8, 29], [4, 1], [28, 8], [9, 8], [9, 0], [23, 21], [29, 3], [20, 6], [3, 9], [18, 19], [8, 29], [4, 30], [20, 5], [17, 24], [4, 18], [6, 3], [10, 9], [30, 31], [0, 19], [3, 26], [19, 8], [23, 31], [6, 30], [5, 11], [2, 23], [30, 15], [20, 19], [30, 29], [7, 4], [20, 21], [10, 23], [27, 17], [7, 14], [26, 13], [7, 21], [26, 9], [29, 15], [2, 1], [11, 7], [3, 0]]",2,1.676300287246704,128,random,1.0,1600,4.0,124,1.8269054889678955,23,22 19 21 40,1573,0.3272508978843689,test,top_r_mean,0.0,0.0,0.25,0.375
0.08137317228226319,0.0,50,0.0,31,31.228399835526943,hotpotqa,0.5714285714285714,0.0,0.0,0.0,5abbd4035542993f40c73bcb,mean,0.1836734693877551,0.19509191811084747,"[[29, 10], [2, 24], [18, 7], [12, 13], [18, 1], [4, 24], [20, 0], [24, 13], [3, 27], [25, 2], [20, 15], [12, 28], [23, 31], [8, 0], [30, 4], [20, 7], [27, 1], [22, 10], [24, 13], [15, 2], [10, 20], [11, 28], [16, 21], [21, 20], [7, 2], [24, 17], [6, 26], [21, 17], [22, 24], [1, 5], [17, 6], [17, 7], [10, 0], [12, 0], [25, 22], [27, 11], [6, 23], [28, 31], [22, 21], [26, 18], [10, 6], [27, 31], [13, 12], [29, 7], [12, 29], [9, 24], [18, 12], [13, 19], [24, 0], [3, 4]]",2,1.5518624782562256,128,random,0.0,1600,4.0,124,1.649858832359314,37,32 48 40 4,1573,0.27490994334220886,test,top_r_mean,0.0,0.0,0.5,0.5
0.08137317228226319,1.0,50,1.0,31,29.044199967756867,hotpotqa,0.5714285714285714,0.25,0.14285714285714285,0.0,5abbd4035542993f40c73bcb,mean,0.22612244897959183,0.2228129506111145,"[[29, 24], [17, 26], [17, 5], [16, 19], [14, 13], [11, 31], [28, 12], [10, 19], [19, 2], [24, 16], [14, 15], [19, 30], [26, 14], [8, 12], [16, 28], [5, 8], [15, 14], [0, 15], [27, 13], [18, 19], [2, 31], [14, 27], [28, 20], [18, 28], [11, 18], [28, 25], [22, 8], [16, 7], [10, 5], [0, 20], [3, 7], [6, 7], [24, 21], [20, 10], [1, 16], [28, 8], [29, 22], [20, 15], [22, 24], [0, 31], [24, 27], [20, 4], [2, 18], [26, 29], [7, 9], [2, 11], [18, 29], [31, 7], [11, 23], [0, 2]]",2,1.5921868085861206,128,random,1.0,1600,4.0,124,1.7269933223724365,53,19 30 1 41,1573,0.33675870299339294,test,top_r_mean,0.0,0.0,0.0,0.25
0.08137317228226319,1.0,50,1.0,31,35.2360000833869,hotpotqa,0.5714285714285714,0.25,0.14285714285714285,0.0,5abbd4035542993f40c73bcb,mean,0.17061224489795918,0.17529933154582977,"[[15, 1], [5, 10], [26, 19], [11, 13], [6, 25], [20, 24], [7, 26], [7, 0], [6, 23], [4, 5], [12, 6], [15, 18], [12, 3], [14, 4], [16, 24], [5, 29], [10, 14], [4, 9], [29, 20], [5, 13], [19, 1], [2, 10], [30, 29], [14, 7], [10, 18], [13, 1], [10, 26], [20, 11], [3, 10], [16, 11], [30, 2], [9, 21], [30, 14], [19, 30], [16, 31], [0, 14], [4, 31], [20, 12], [5, 19], [8, 1], [5, 19], [28, 15], [28, 16], [23, 30], [10, 22], [28, 10], [9, 20], [11, 31], [20, 12], [0, 1]]",2,1.7528867721557617,128,random,0.25,1600,4.0,124,1.851211428642273,71,48 27 0 19,1573,0.249171644449234,test,top_r_mean,0.0,0.0,0.25,0.25
0.08137317228226319,1.0,50,1.0,31,31.224400037899613,hotpotqa,0.5714285714285714,0.5,0.2857142857142857,0.0,5abbd4035542993f40c73bcb,mean,0.14122448979591837,0.14490261673927307,"[[24, 25, 26, 27], [24, 25, 26, 27], [24, 25, 26, 27], [24, 25, 26, 27], [24, 25, 26, 27], [24, 25, 26, 27], [24, 25, 26, 27], [24, 25, 26, 27], [24, 25, 26, 27], [24, 25, 26, 27], [24, 25, 26, 27], [24, 25, 26, 27], [24, 25, 26, 27], [24, 25, 26, 27], [24, 25, 26, 27], [24, 25, 26, 27], [24, 25, 26, 27], [24, 25, 26, 27], [24, 25, 26, 27], [24, 25, 26, 27], [24, 25, 26, 27], [24, 25, 26, 27], [24, 25, 26, 27], [24, 25, 26, 27], [24, 25, 26, 27], [24, 25, 26, 27], [24, 25, 26, 27], [24, 25, 26, 27], [24, 25, 26, 27], [24, 25, 26, 27], [24, 25, 26, 27], [24, 25, 26, 27], [24, 25, 26, 27], [24, 25, 26, 27], [24, 25, 26, 27], [24, 25, 26, 27], [24, 25, 26, 27], [24, 25, 26, 27], [24, 25, 26, 27], [24, 25, 26, 27], [24, 25, 26, 27], [24, 25, 26, 27], [24, 25, 26, 27], [24, 25, 26, 27], [24, 25, 26, 27], [24, 25, 26, 27], [24, 25, 26, 27], [24, 25, 26, 27], [24, 25, 26, 27], [0, 1, 2, 3]]",4,1.6032993793487549,128,last,1.0,3200,4.0,124,1.6925257444381714,0,19 30 24 40,1573,0.2023048996925354,test,top_r_mean,0.0,0.0,0.25,0.375
0.08137317228226319,0.0,50,0.0,31,36.968700122088194,hotpotqa,0.5714285714285714,0.0,0.0,0.0,5abbd4035542993f40c73bcb,mean,0.4204081632653061,0.10084065794944763,"[[11, 0, 26, 16], [19, 21, 10, 22], [20, 14, 3, 27], [17, 22, 26, 24], [18, 14, 5, 30], [27, 11, 29, 10], [22, 0, 10, 15], [21, 12, 27, 14], [25, 0, 13, 23], [23, 16, 17, 28], [26, 7, 23, 29], [24, 17, 1, 5], [6, 15, 19, 1], [5, 16, 23, 8], [23, 4, 9, 22], [22, 3, 30, 14], [25, 0, 9, 7], [29, 2, 19, 26], [9, 5, 25, 20], [2, 15, 31, 18], [15, 13, 12, 28], [30, 2, 29, 7], [25, 1, 11, 28], [22, 25, 31, 27], [11, 0, 4, 30], [0, 9, 10, 12], [11, 2, 28, 13], [25, 1, 14, 9], [24, 28, 1, 23], [16, 4, 6, 2], [23, 14, 17, 31], [9, 17, 20, 0], [16, 0, 31, 9], [23, 27, 25, 26], [27, 11, 13, 20], [28, 19, 13, 12], [14, 0, 3, 24], [21, 2, 8, 5], [24, 0, 3, 18], [11, 30, 24, 25], [12, 0, 15, 8], [1, 16, 17, 29], [12, 4, 2, 17], [6, 20, 14, 22], [21, 27, 24, 9], [28, 4, 10, 6], [15, 1, 20, 2], [10, 30, 18, 15], [27, 0, 7, 30], [2, 4, 1, 3]]",4,2.1304984092712402,128,farthest,0.0,3200,4.0,124,2.187518835067749,0,40 16 0 8,1573,0.562929093837738,test,top_r_mean,1.0,0.5,0.75,0.875
0.08137317228226319,1.0,50,1.0,31,39.68499996699393,hotpotqa,0.5714285714285714,0.25,0.14285714285714285,0.0,5abbd4035542993f40c73bcb,mean,0.7779591836734694,0.004060086794197559,"[[28, 0, 5, 14], [14, 26, 20, 5], [29, 1, 0, 12], [26, 4, 10, 13], [23, 19, 12, 8], [24, 13, 18, 3], [23, 8, 20, 13], [16, 2, 1, 6], [30, 0, 26, 1], [19, 11, 27, 9], [31, 15, 9, 1], [8, 9, 7, 22], [13, 21, 26, 22], [31, 30, 7, 6], [11, 15, 24, 28], [6, 15, 16, 5], [12, 0, 11, 8], [21, 0, 30, 17], [7, 13, 17, 10], [18, 24, 21, 26], [26, 5, 6, 30], [5, 31, 4, 19], [5, 20, 15, 17], [5, 16, 20, 15], [9, 0, 2, 16], [14, 1, 2, 24], [13, 1, 7, 20], [11, 19, 18, 3], [4, 12, 11, 25], [21, 13, 22, 31], [16, 3, 9, 6], [4, 19, 10, 28], [21, 0, 30, 29], [7, 16, 15, 18], [15, 23, 24, 6], [15, 1, 5, 11], [11, 2, 10, 9], [10, 0, 19, 3], [12, 19, 20, 21], [10, 4, 31, 28], [28, 0, 12, 22], [20, 26, 2, 3], [0, 13, 23, 16], [1, 7, 25, 15], [14, 26, 1, 18], [31, 19, 1, 3], [22, 29, 6, 31], [17, 24, 3, 1], [12, 0, 6, 28], [3, 2, 4, 0]]",4,0.44621676206588745,128,greedy_oracle,0.25,3200,4.0,124,0.4574083983898163,0,40 8 0 24,1573,0.9151980876922607,test,top_r_mean,1.0,0.5,0.75,0.875
0.08137317228226319,1.0,50,1.0,31,37.00300003401935,hotpotqa,0.5714285714285714,0.25,0.14285714285714285,0.0,5abbd4035542993f40c73bcb,mean,0.283265306122449,0.11569027602672577,"[[0, 9, 26, 21], [6, 26, 20, 28], [20, 16, 5, 18], [23, 20, 30, 25], [26, 20, 11, 2], [18, 31, 14, 0], [1, 11, 20, 5], [9, 3, 22, 1], [30, 2, 4, 16], [25, 7, 14, 9], [1, 4, 9, 27], [23, 30, 8, 7], [11, 22, 14, 10], [29, 26, 6, 27], [30, 25, 7, 22], [22, 14, 20, 6], [7, 8, 0, 22], [19, 15, 14, 17], [18, 23, 11, 6], [2, 19, 11, 0], [27, 18, 3, 10], [8, 18, 14, 10], [22, 0, 3, 9], [9, 11, 25, 28], [21, 0, 14, 26], [8, 12, 22, 18], [14, 31, 4, 21], [25, 27, 28, 17], [12, 18, 16, 5], [4, 8, 5, 31], [29, 13, 2, 16], [30, 10, 21, 9], [25, 26, 28, 19], [4, 11, 28, 27], [27, 20, 1, 23], [1, 11, 15, 19], [24, 23, 8, 28], [30, 24, 31, 10], [23, 8, 24, 5], [24, 4, 29, 17], [16, 30, 21, 14], [17, 2, 11, 20], [27, 30, 4, 7], [26, 20, 8, 9], [21, 18, 9, 17], [22, 20, 18, 28], [26, 27, 7, 2], [26, 29, 28, 19], [1, 9, 21, 28], [0, 2, 4, 3]]",4,1.591271996498108,128,random,1.0,3200,4.0,124,1.6737680435180664,11,24 16 0 30,1573,0.4101320207118988,test,top_r_mean,0.0,0.0,0.25,0.375
0.08137317228226319,1.0,50,1.0,31,33.026100136339664,hotpotqa,0.5714285714285714,0.5,0.2857142857142857,0.0,5abbd4035542993f40c73bcb,mean,0.33387755102040817,0.13707605004310608,"[[13, 3, 12, 30], [3, 26, 19, 5], [20, 19, 16, 29], [8, 16, 23, 2], [0, 2, 9, 14], [3, 2, 30, 28], [14, 9, 18, 7], [0, 26, 14, 30], [29, 18, 20, 2], [25, 31, 5, 27], [8, 29, 26, 23], [4, 1, 25, 13], [28, 8, 17, 26], [9, 8, 7, 19], [9, 0, 18, 29], [23, 21, 5, 29], [29, 3, 20, 11], [20, 6, 19, 27], [3, 9, 10, 8], [18, 19, 9, 30], [8, 29, 6, 4], [4, 30, 17, 3], [20, 5, 15, 7], [17, 24, 27, 16], [4, 18, 19, 28], [6, 3, 30, 12], [10, 9, 1, 29], [30, 31, 11, 27], [0, 19, 9, 10], [3, 26, 28, 22], [19, 8, 0, 7], [23, 31, 19, 2], [6, 30, 27, 25], [5, 11, 1, 9], [2, 23, 30, 18], [30, 15, 2, 20], [20, 19, 31, 12], [30, 29, 11, 21], [7, 4, 21, 20], [20, 21, 28, 1], [10, 23, 12, 13], [27, 17, 12, 1], [7, 14, 16, 27], [26, 13, 0, 27], [7, 21, 30, 6], [26, 9, 31, 3], [29, 15, 26, 20], [2, 1, 25, 23], [11, 7, 12, 2], [3, 0, 1, 2]]",4,1.5882503986358643,128,random,0.3333333333333333,3200,4.0,124,1.6683119535446167,23,40 1 22 19,1573,0.4796638488769531,test,top_r_mean,1.0,0.5,0.25,0.125
0.08137317228226319,0.0,50,0.0,31,35.642199916765094,hotpotqa,0.5714285714285714,0.0,0.0,0.0,5abbd4035542993f40c73bcb,mean,0.32081632653061226,0.09898364543914795,"[[29, 10, 27, 20], [2, 24, 16, 5], [18, 7, 14, 20], [12, 13, 30, 19], [18, 1, 14, 22], [4, 24, 15, 16], [20, 0, 17, 15], [24, 13, 17, 2], [3, 27, 20, 10], [25, 2, 29, 14], [20, 15, 13, 19], [12, 28, 30, 9], [23, 31, 8, 12], [8, 0, 15, 9], [30, 4, 16, 0], [20, 7, 0, 29], [27, 1, 31, 17], [22, 10, 31, 5], [24, 13, 2, 8], [15, 2, 18, 0], [10, 20, 14, 2], [11, 28, 13, 7], [16, 21, 12, 8], [21, 20, 8, 7], [7, 2, 10, 18], [24, 17, 21, 26], [6, 26, 5, 22], [21, 17, 26, 29], [22, 24, 2, 14], [1, 5, 11, 27], [17, 6, 16, 0], [17, 7, 5, 3], [10, 0, 9, 1], [12, 0, 22, 14], [25, 22, 8, 27], [27, 11, 14, 2], [6, 23, 5, 15], [28, 31, 7, 4], [22, 21, 7, 13], [26, 18, 2, 24], [10, 6, 3, 22], [27, 31, 12, 11], [13, 12, 28, 9], [29, 7, 9, 14], [12, 29, 2, 26], [9, 24, 17, 22], [18, 12, 21, 19], [13, 19, 30, 23], [24, 0, 5, 17], [3, 4, 1, 0]]",4,1.6363286972045898,128,random,0.0,3200,4.0,124,1.6978561878204346,37,48 40 32 5,1573,0.4398078918457031,test,top_r_mean,0.0,0.5,0.5,0.5
0.08137317228226319,1.0,50,1.0,31,34.4609001185745,hotpotqa,0.5714285714285714,0.25,0.14285714285714285,0.0,5abbd4035542993f40c73bcb,mean,0.15428571428571428,0.13429851830005646,"[[29, 24, 30, 16], [17, 26, 20, 5], [17, 5, 16, 6], [16, 19, 0, 12], [14, 13, 27, 19], [11, 31, 2, 1], [28, 12, 0, 14], [10, 19, 5, 6], [19, 2, 31, 12], [24, 16, 26, 27], [14, 15, 4, 11], [19, 30, 26, 13], [26, 14, 28, 13], [8, 12, 10, 29], [16, 28, 4, 27], [5, 8, 23, 29], [15, 14, 6, 1], [0, 15, 18, 2], [27, 13, 11, 31], [18, 19, 0, 7], [2, 31, 10, 11], [14, 27, 2, 1], [28, 20, 23, 13], [18, 28, 30, 19], [11, 18, 5, 26], [28, 25, 29, 5], [22, 8, 14, 15], [16, 7, 17, 2], [10, 5, 17, 24], [0, 20, 18, 13], [3, 7, 30, 28], [6, 7, 3, 12], [24, 21, 7, 6], [20, 10, 28, 6], [1, 16, 15, 17], [28, 8, 24, 18], [29, 22, 21, 5], [20, 15, 19, 5], [22, 24, 12, 7], [0, 31, 3, 1], [24, 27, 5, 8], [20, 4, 16, 21], [2, 18, 28, 23], [26, 29, 25, 0], [7, 9, 28, 12], [2, 11, 21, 22], [18, 29, 7, 1], [31, 7, 19, 2], [11, 23, 21, 8], [0, 2, 1, 3]]",4,1.6697720289230347,128,random,0.5,3200,4.0,124,1.738386869430542,53,1 19 30 7,1573,0.2573349177837372,test,top_r_mean,0.0,0.0,0.0,0.25
0.08137317228226319,0.0,50,0.0,31,28.14469998702407,hotpotqa,0.5714285714285714,0.0,0.0,0.0,5abbd4035542993f40c73bcb,mean,0.2587755102040816,0.1288866400718689,"[[15, 1, 29, 24], [5, 10, 3, 18], [26, 19, 20, 12], [11, 13, 19, 7], [6, 25, 27, 22], [20, 24, 7, 22], [7, 26, 6, 20], [7, 0, 18, 29], [6, 23, 15, 14], [4, 5, 13, 8], [12, 6, 10, 22], [15, 18, 28, 1], [12, 3, 28, 15], [14, 4, 8, 30], [16, 24, 23, 27], [5, 29, 2, 12], [10, 14, 17, 12], [4, 9, 7, 3], [29, 20, 12, 14], [5, 13, 26, 8], [19, 1, 6, 25], [2, 10, 8, 24], [30, 29, 12, 5], [14, 7, 25, 2], [10, 18, 23, 13], [13, 1, 10, 29], [10, 26, 2, 9], [20, 11, 18, 29], [3, 10, 7, 27], [16, 11, 23, 5], [30, 2, 31, 28], [9, 21, 2, 0], [30, 14, 7, 16], [19, 30, 4, 23], [16, 31, 17, 12], [0, 14, 2, 4], [4, 31, 19, 13], [20, 12, 6, 27], [5, 19, 28, 21], [8, 1, 9, 7], [5, 19, 27, 28], [28, 15, 6, 7], [28, 16, 5, 18], [23, 30, 19, 4], [10, 22, 14, 25], [28, 10, 22, 0], [9, 20, 4, 2], [11, 31, 23, 26], [20, 12, 30, 1], [0, 1, 3, 4]]",4,1.7277746200561523,128,random,0.0,3200,4.0,124,1.8073790073394775,71,27 0 14 40,1573,0.38660264015197754,test,top_r_mean,0.0,0.5,0.5,0.25
0.08137317228226319,1.0,50,1.0,31,42.42199985310435,hotpotqa,0.5714285714285714,0.5,0.2857142857142857,0.0,5abbd4035542993f40c73bcb,mean,0.46775510204081633,0.06178928539156914,"[[24, 25, 26, 27, 28, 29, 30, 31], [24, 25, 26, 27, 28, 29, 30, 31], [24, 25, 26, 27, 28, 29, 30, 31], [24, 25, 26, 27, 28, 29, 30, 31], [24, 25, 26, 27, 28, 29, 30, 31], [24, 25, 26, 27, 28, 29, 30, 31], [24, 25, 26, 27, 28, 29, 30, 31], [24, 25, 26, 27, 28, 29, 30, 31], [24, 25, 26, 27, 28, 29, 30, 31], [24, 25, 26, 27, 28, 29, 30, 31], [24, 25, 26, 27, 28, 29, 30, 31], [24, 25, 26, 27, 28, 29, 30, 31], [24, 25, 26, 27, 28, 29, 30, 31], [24, 25, 26, 27, 28, 29, 30, 31], [24, 25, 26, 27, 28, 29, 30, 31], [24, 25, 26, 27, 28, 29, 30, 31], [24, 25, 26, 27, 28, 29, 30, 31], [24, 25, 26, 27, 28, 29, 30, 31], [24, 25, 26, 27, 28, 29, 30, 31], [24, 25, 26, 27, 28, 29, 30, 31], [24, 25, 26, 27, 28, 29, 30, 31], [24, 25, 26, 27, 28, 29, 30, 31], [24, 25, 26, 27, 28, 29, 30, 31], [24, 25, 26, 27, 28, 29, 30, 31], [24, 25, 26, 27, 28, 29, 30, 31], [24, 25, 26, 27, 28, 29, 30, 31], [24, 25, 26, 27, 28, 29, 30, 31], [24, 25, 26, 27, 28, 29, 30, 31], [24, 25, 26, 27, 28, 29, 30, 31], [24, 25, 26, 27, 28, 29, 30, 31], [24, 25, 26, 27, 28, 29, 30, 31], [24, 25, 26, 27, 28, 29, 30, 31], [24, 25, 26, 27, 28, 29, 30, 31], [24, 25, 26, 27, 28, 29, 30, 31], [24, 25, 26, 27, 28, 29, 30, 31], [24, 25, 26, 27, 28, 29, 30, 31], [24, 25, 26, 27, 28, 29, 30, 31], [24, 25, 26, 27, 28, 29, 30, 31], [24, 25, 26, 27, 28, 29, 30, 31], [24, 25, 26, 27, 28, 29, 30, 31], [24, 25, 26, 27, 28, 29, 30, 31], [24, 25, 26, 27, 28, 29, 30, 31], [24, 25, 26, 27, 28, 29, 30, 31], [24, 25, 26, 27, 28, 29, 30, 31], [24, 25, 26, 27, 28, 29, 30, 31], [24, 25, 26, 27, 28, 29, 30, 31], [24, 25, 26, 27, 28, 29, 30, 31], [24, 25, 26, 27, 28, 29, 30, 31], [24, 25, 26, 27, 28, 29, 30, 31], [0, 1, 2, 3, 4]]",8,0.9042202830314636,128,last,1.0,6400,4.0,124,0.9655699729919434,0,19 8 40 21,1573,0.6438895463943481,test,top_r_mean,0.0,0.0,0.5,0.5
0.08137317228226319,0.0,50,0.0,31,35.764999920502305,hotpotqa,0.5714285714285714,0.0,0.0,0.0,5abbd4035542993f40c73bcb,mean,0.46285714285714286,0.050464972853660583,"[[11, 0, 26, 16, 2, 23, 8, 28], [19, 21, 10, 22, 28, 15, 3, 24], [20, 14, 3, 27, 13, 22, 23, 19], [17, 22, 26, 24, 29, 23, 5, 21], [18, 14, 5, 30, 21, 25, 13, 10], [27, 11, 29, 10, 14, 31, 1, 13], [22, 0, 10, 15, 16, 24, 21, 18], [21, 12, 27, 14, 19, 7, 11, 4], [25, 0, 13, 23, 10, 2, 22, 16], [23, 16, 17, 28, 1, 15, 20, 31], [26, 7, 23, 29, 4, 11, 6, 25], [24, 17, 1, 5, 12, 30, 14, 15], [6, 15, 19, 1, 23, 11, 12, 20], [5, 16, 23, 8, 1, 2, 15, 0], [23, 4, 9, 22, 2, 12, 20, 30], [22, 3, 30, 14, 9, 23, 31, 21], [25, 0, 9, 7, 10, 2, 24, 13], [29, 2, 19, 26, 18, 15, 17, 9], [9, 5, 25, 20, 3, 31, 4, 11], [2, 15, 31, 18, 29, 14, 8, 16], [15, 13, 12, 28, 0, 11, 17, 22], [30, 2, 29, 7, 23, 21, 15, 14], [25, 1, 11, 28, 21, 0, 7, 3], [22, 25, 31, 27, 11, 1, 16, 17], [11, 0, 4, 30, 7, 10, 31, 27], [0, 9, 10, 12, 30, 19, 5, 15], [11, 2, 28, 13, 30, 10, 14, 0], [25, 1, 14, 9, 5, 11, 20, 0], [24, 28, 1, 23, 22, 27, 17, 4], [16, 4, 6, 2, 3, 23, 5, 12], [23, 14, 17, 31, 13, 4, 30, 22], [9, 17, 20, 0, 14, 31, 22, 11], [16, 0, 31, 9, 14, 30, 4, 24], [23, 27, 25, 26, 8, 3, 12, 17], [27, 11, 13, 20, 16, 15, 5, 8], [28, 19, 13, 12, 16, 2, 6, 15], [14, 0, 3, 24, 28, 8, 19, 2], [21, 2, 8, 5, 27, 11, 16, 20], [24, 0, 3, 18, 22, 12, 4, 11], [11, 30, 24, 25, 5, 8, 19, 17], [12, 0, 15, 8, 29, 16, 4, 14], [1, 16, 17, 29, 11, 0, 12, 15], [12, 4, 2, 17, 6, 0, 21, 5], [6, 20, 14, 22, 2, 16, 23, 11], [21, 27, 24, 9, 29, 5, 0, 11], [28, 4, 10, 6, 20, 27, 22, 2], [15, 1, 20, 2, 0, 19, 5, 23], [10, 30, 18, 15, 17, 31, 14, 3], [27, 0, 7, 30, 23, 1, 9, 13], [2, 4, 1, 3, 0]]",8,1.082640528678894,128,farthest,0.0,6400,4.0,124,1.1374794244766235,0,40 32 0 8,1573,0.6134454011917114,test,top_r_mean,1.0,0.5,1.0,0.875
0.08137317228226319,0.0,50,0.0,31,31.99369995854795,hotpotqa,0.5714285714285714,0.0,0.0,0.0,5abbd4035542993f40c73bcb,mean,0.9004081632653061,0.0011082282289862633,"[[28, 0, 5, 14, 20, 6, 24, 1], [14, 26, 20, 5, 18, 4, 2, 17], [29, 1, 0, 12, 21, 9, 8, 26], [26, 4, 10, 13, 3, 21, 15, 28], [23, 19, 12, 8, 18, 17, 10, 20], [24, 13, 18, 3, 19, 25, 15, 10], [23, 8, 20, 13, 30, 27, 18, 5], [16, 2, 1, 6, 22, 20, 11, 27], [30, 0, 26, 1, 31, 6, 22, 7], [19, 11, 27, 9, 3, 31, 8, 23], [31, 15, 9, 1, 14, 25, 19, 7], [8, 9, 7, 22, 3, 25, 27, 28], [13, 21, 26, 22, 7, 17, 25, 23], [31, 30, 7, 6, 12, 3, 8, 9], [11, 15, 24, 28, 2, 20, 3, 21], [6, 15, 16, 5, 19, 18, 7, 2], [12, 0, 11, 8, 13, 27, 31, 14], [21, 0, 30, 17, 20, 12, 23, 26], [7, 13, 17, 10, 18, 2, 0, 9], [18, 24, 21, 26, 30, 20, 28, 14], [26, 5, 6, 30, 7, 3, 28, 11], [5, 31, 4, 19, 27, 17, 22, 9], [5, 20, 15, 17, 21, 23, 24, 9], [5, 16, 20, 15, 18, 9, 24, 8], [9, 0, 2, 16, 26, 29, 17, 5], [14, 1, 2, 24, 23, 4, 25, 26], [13, 1, 7, 20, 5, 21, 2, 4], [11, 19, 18, 3, 4, 21, 28, 8], [4, 12, 11, 25, 20, 26, 1, 21], [21, 13, 22, 31, 2, 9, 20, 1], [16, 3, 9, 6, 26, 28, 27, 0], [4, 19, 10, 28, 8, 13, 3, 5], [21, 0, 30, 29, 5, 13, 20, 28], [7, 16, 15, 18, 19, 24, 14, 5], [15, 23, 24, 6, 22, 7, 10, 29], [15, 1, 5, 11, 16, 27, 3, 21], [11, 2, 10, 9, 19, 16, 12, 13], [10, 0, 19, 3, 23, 1, 26, 27], [12, 19, 20, 21, 10, 23, 25, 2], [10, 4, 31, 28, 11, 29, 21, 6], [28, 0, 12, 22, 1, 10, 19, 4], [20, 26, 2, 3, 10, 28, 11, 4], [0, 13, 23, 16, 9, 31, 2, 6], [1, 7, 25, 15, 18, 16, 8, 19], [14, 26, 1, 18, 3, 15, 17, 0], [31, 19, 1, 3, 29, 2, 15, 26], [22, 29, 6, 31, 4, 9, 3, 11], [17, 24, 3, 1, 9, 27, 15, 22], [12, 0, 6, 28, 2, 21, 1, 13], [3, 2, 4, 0, 1]]",8,0.14104638993740082,128,greedy_oracle,0.0,6400,4.0,124,0.149471715092659,0,40 0 32 8,1573,0.9782952070236206,test,top_r_mean,1.0,1.0,1.0,0.875
0.08137317228226319,1.0,50,1.0,31,35.37549986504018,hotpotqa,0.5714285714285714,0.25,0.14285714285714285,0.0,5abbd4035542993f40c73bcb,mean,0.5232653061224489,0.05518162250518799,"[[0, 9, 26, 21, 18, 11, 22, 6], [6, 26, 20, 28, 12, 29, 15, 31], [20, 16, 5, 18, 14, 0, 31, 17], [23, 20, 30, 25, 27, 22, 3, 12], [26, 20, 11, 2, 13, 31, 1, 10], [18, 31, 14, 0, 22, 1, 9, 7], [1, 11, 20, 5, 18, 15, 27, 17], [9, 3, 22, 1, 2, 8, 29, 30], [30, 2, 4, 16, 27, 9, 7, 22], [25, 7, 14, 9, 15, 12, 18, 27], [1, 4, 9, 27, 16, 3, 11, 15], [23, 30, 8, 7, 10, 24, 3, 14], [11, 22, 14, 10, 19, 8, 4, 6], [29, 26, 6, 27, 28, 7, 20, 30], [30, 25, 7, 22, 1, 6, 13, 17], [22, 14, 20, 6, 0, 3, 9, 24], [7, 8, 0, 22, 6, 15, 23, 12], [19, 15, 14, 17, 12, 21, 4, 2], [18, 23, 11, 6, 12, 21, 27, 26], [2, 19, 11, 0, 15, 31, 5, 30], [27, 18, 3, 10, 4, 24, 12, 30], [8, 18, 14, 10, 7, 0, 17, 12], [22, 0, 3, 9, 19, 17, 18, 27], [9, 11, 25, 28, 17, 15, 4, 8], [21, 0, 14, 26, 28, 31, 30, 25], [8, 12, 22, 18, 23, 28, 11, 1], [14, 31, 4, 21, 15, 29, 1, 8], [25, 27, 28, 17, 9, 14, 2, 1], [12, 18, 16, 5, 28, 20, 11, 19], [4, 8, 5, 31, 13, 19, 11, 26], [29, 13, 2, 16, 23, 28, 24, 1], [30, 10, 21, 9, 4, 23, 1, 3], [25, 26, 28, 19, 11, 1, 4, 30], [4, 11, 28, 27, 12, 23, 21, 13], [27, 20, 1, 23, 7, 26, 25, 17], [1, 11, 15, 19, 5, 18, 10, 9], [24, 23, 8, 28, 11, 27, 22, 0], [30, 24, 31, 10, 13, 18, 0, 21], [23, 8, 24, 5, 17, 3, 6, 16], [24, 4, 29, 17, 5, 19, 20, 1], [16, 30, 21, 14, 3, 15, 29, 27], [17, 2, 11, 20, 7, 29, 6, 3], [27, 30, 4, 7, 3, 20, 11, 23], [26, 20, 8, 9, 27, 12, 18, 7], [21, 18, 9, 17, 0, 15, 31, 26], [22, 20, 18, 28, 7, 13, 12, 15], [26, 27, 7, 2, 22, 3, 1, 6], [26, 29, 28, 19, 21, 13, 2, 17], [1, 9, 21, 28, 27, 12, 11, 18], [0, 2, 4, 3, 1]]",8,0.7499058246612549,128,random,0.3333333333333333,6400,4.0,124,0.8101921081542969,11,16 0 24 41,1573,0.695462167263031,test,top_r_mean,0.0,0.5,0.25,0.625
0.08137317228226319,0.0,50,0.0,31,37.03980008140206,hotpotqa,0.5714285714285714,0.0,0.0,0.0,5abbd4035542993f40c73bcb,mean,0.5542857142857143,0.06323009729385376,"[[13, 3, 12, 30, 27, 31, 10, 16], [3, 26, 19, 5, 29, 31, 2, 30], [20, 19, 16, 29, 15, 25, 1, 31], [8, 16, 23, 2, 27, 29, 15, 1], [0, 2, 9, 14, 17, 29, 20, 21], [3, 2, 30, 28, 13, 17, 27, 5], [14, 9, 18, 7, 26, 17, 24, 29], [0, 26, 14, 30, 4, 10, 18, 22], [29, 18, 20, 2, 12, 0, 14, 11], [25, 31, 5, 27, 14, 10, 16, 8], [8, 29, 26, 23, 2, 0, 3, 24], [4, 1, 25, 13, 27, 28, 7, 15], [28, 8, 17, 26, 31, 24, 20, 21], [9, 8, 7, 19, 18, 20, 29, 30], [9, 0, 18, 29, 23, 2, 25, 31], [23, 21, 5, 29, 10, 20, 1, 14], [29, 3, 20, 11, 5, 30, 18, 0], [20, 6, 19, 27, 15, 5, 21, 9], [3, 9, 10, 8, 24, 2, 7, 5], [18, 19, 9, 30, 8, 10, 21, 12], [8, 29, 6, 4, 12, 22, 23, 7], [4, 30, 17, 3, 27, 18, 29, 21], [20, 5, 15, 7, 28, 26, 10, 30], [17, 24, 27, 16, 20, 11, 26, 7], [4, 18, 19, 28, 24, 20, 6, 17], [6, 3, 30, 12, 8, 24, 14, 16], [10, 9, 1, 29, 16, 28, 6, 24], [30, 31, 11, 27, 2, 7, 6, 21], [0, 19, 9, 10, 21, 24, 31, 29], [3, 26, 28, 22, 20, 1, 14, 10], [19, 8, 0, 7, 3, 23, 21, 29], [23, 31, 19, 2, 0, 20, 16, 13], [6, 30, 27, 25, 5, 17, 31, 16], [5, 11, 1, 9, 28, 13, 20, 31], [2, 23, 30, 18, 31, 9, 15, 11], [30, 15, 2, 20, 8, 19, 29, 5], [20, 19, 31, 12, 25, 27, 11, 15], [30, 29, 11, 21, 10, 7, 17, 26], [7, 4, 21, 20, 19, 3, 11, 26], [20, 21, 28, 1, 26, 8, 24, 23], [10, 23, 12, 13, 1, 7, 20, 6], [27, 17, 12, 1, 9, 30, 3, 20], [7, 14, 16, 27, 18, 5, 22, 24], [26, 13, 0, 27, 6, 20, 2, 23], [7, 21, 30, 6, 22, 15, 1, 10], [26, 9, 31, 3, 18, 10, 24, 11], [29, 15, 26, 20, 7, 1, 28, 5], [2, 1, 25, 23, 15, 21, 12, 24], [11, 7, 12, 2, 24, 13, 9, 6], [3, 0, 1, 2, 4]]",8,0.7847834825515747,128,random,0.0,6400,4.0,124,0.8509491086006165,23,16 8 40 5,1573,0.7482832670211792,test,top_r_mean,0.0,0.0,0.5,0.5
0.08137317228226319,1.0,50,1.0,31,47.24809993058443,hotpotqa,0.5714285714285714,0.25,0.14285714285714285,0.0,5abbd4035542993f40c73bcb,mean,0.5232653061224489,0.06555483490228653,"[[29, 10, 27, 20, 4, 16, 1, 26], [2, 24, 16, 5, 13, 28, 7, 17], [18, 7, 14, 20, 1, 19, 26, 2], [12, 13, 30, 19, 17, 3, 15, 21], [18, 1, 14, 22, 8, 17, 11, 3], [4, 24, 15, 16, 7, 3, 11, 21], [20, 0, 17, 15, 27, 18, 26, 14], [24, 13, 17, 2, 6, 20, 5, 23], [3, 27, 20, 10, 16, 5, 7, 14], [25, 2, 29, 14, 5, 4, 31, 17], [20, 15, 13, 19, 12, 23, 18, 3], [12, 28, 30, 9, 1, 20, 15, 2], [23, 31, 8, 12, 6, 14, 21, 17], [8, 0, 15, 9, 5, 13, 28, 20], [30, 4, 16, 0, 21, 17, 14, 25], [20, 7, 0, 29, 10, 18, 21, 31], [27, 1, 31, 17, 23, 20, 28, 11], [22, 10, 31, 5, 6, 15, 27, 9], [24, 13, 2, 8, 4, 7, 25, 16], [15, 2, 18, 0, 6, 24, 29, 3], [10, 20, 14, 2, 8, 29, 28, 25], [11, 28, 13, 7, 20, 0, 26, 12], [16, 21, 12, 8, 27, 3, 14, 4], [21, 20, 8, 7, 0, 19, 29, 3], [7, 2, 10, 18, 21, 13, 20, 11], [24, 17, 21, 26, 22, 28, 13, 25], [6, 26, 5, 22, 27, 14, 12, 23], [21, 17, 26, 29, 20, 31, 30, 5], [22, 24, 2, 14, 1, 8, 6, 25], [1, 5, 11, 27, 30, 24, 21, 4], [17, 6, 16, 0, 1, 25, 21, 20], [17, 7, 5, 3, 29, 31, 22, 18], [10, 0, 9, 1, 15, 19, 5, 30], [12, 0, 22, 14, 3, 18, 25, 6], [25, 22, 8, 27, 11, 4, 2, 18], [27, 11, 14, 2, 3, 28, 17, 21], [6, 23, 5, 15, 20, 25, 31, 10], [28, 31, 7, 4, 3, 17, 21, 5], [22, 21, 7, 13, 26, 19, 1, 11], [26, 18, 2, 24, 8, 21, 13, 15], [10, 6, 3, 22, 11, 15, 24, 31], [27, 31, 12, 11, 3, 8, 25, 19], [13, 12, 28, 9, 25, 20, 14, 21], [29, 7, 9, 14, 25, 11, 31, 4], [12, 29, 2, 26, 31, 9, 19, 20], [9, 24, 17, 22, 31, 8, 18, 30], [18, 12, 21, 19, 27, 2, 14, 31], [13, 19, 30, 23, 10, 6, 24, 26], [24, 0, 5, 17, 19, 22, 2, 1], [3, 4, 1, 0, 2]]",8,0.8601617813110352,128,random,0.25,6400,4.0,124,0.9201095104217529,37,48 32 5 18,1573,0.6892196536064148,test,top_r_mean,0.0,0.0,0.25,0.5
0.08137317228226319,1.0,50,1.0,31,37.40020003169775,hotpotqa,0.5714285714285714,0.5,0.2857142857142857,0.0,5abbd4035542993f40c73bcb,mean,0.433469387755102,0.0794861763715744,"[[29, 24, 30, 16, 11, 3, 1, 21], [17, 26, 20, 5, 7, 4, 27, 8], [17, 5, 16, 6, 30, 4, 0, 8], [16, 19, 0, 12, 21, 29, 23, 27], [14, 13, 27, 19, 31, 7, 15, 3], [11, 31, 2, 1, 0, 18, 28, 16], [28, 12, 0, 14, 25, 1, 22, 2], [10, 19, 5, 6, 29, 15, 3, 14], [19, 2, 31, 12, 8, 22, 14, 29], [24, 16, 26, 27, 19, 20, 21, 29], [14, 15, 4, 11, 20, 8, 22, 26], [19, 30, 26, 13, 20, 28, 4, 27], [26, 14, 28, 13, 18, 21, 20, 5], [8, 12, 10, 29, 11, 30, 3, 14], [16, 28, 4, 27, 22, 26, 30, 29], [5, 8, 23, 29, 28, 10, 21, 27], [15, 14, 6, 1, 11, 5, 30, 7], [0, 15, 18, 2, 31, 3, 27, 13], [27, 13, 11, 31, 23, 30, 22, 18], [18, 19, 0, 7, 24, 12, 25, 21], [2, 31, 10, 11, 9, 17, 18, 1], [14, 27, 2, 1, 16, 21, 10, 29], [28, 20, 23, 13, 7, 29, 8, 6], [18, 28, 30, 19, 4, 25, 0, 14], [11, 18, 5, 26, 22, 20, 15, 19], [28, 25, 29, 5, 22, 3, 13, 19], [22, 8, 14, 15, 11, 3, 13, 28], [16, 7, 17, 2, 9, 25, 3, 8], [10, 5, 17, 24, 28, 2, 25, 19], [0, 20, 18, 13, 7, 8, 29, 30], [3, 7, 30, 28, 4, 13, 27, 19], [6, 7, 3, 12, 8, 1, 21, 14], [24, 21, 7, 6, 13, 0, 31, 11], [20, 10, 28, 6, 27, 19, 11, 30], [1, 16, 15, 17, 18, 20, 21, 10], [28, 8, 24, 18, 29, 3, 30, 23], [29, 22, 21, 5, 20, 12, 7, 14], [20, 15, 19, 5, 24, 7, 31, 21], [22, 24, 12, 7, 8, 1, 30, 26], [0, 31, 3, 1, 22, 18, 15, 7], [24, 27, 5, 8, 11, 20, 3, 13], [20, 4, 16, 21, 23, 10, 7, 11], [2, 18, 28, 23, 6, 27, 16, 25], [26, 29, 25, 0, 16, 24, 13, 8], [7, 9, 28, 12, 31, 21, 22, 2], [2, 11, 21, 22, 10, 12, 17, 31], [18, 29, 7, 1, 30, 9, 4, 2], [31, 7, 19, 2, 4, 13, 10, 23], [11, 23, 21, 8, 6, 3, 10, 18], [0, 2, 1, 3, 4]]",8,0.8661741614341736,128,random,0.3333333333333333,6400,4.0,124,0.9370409250259399,53,32 1 19 18,1573,0.6032652854919434,test,top_r_mean,0.0,0.0,0.25,0.25
0.08137317228226319,0.0,50,0.0,31,36.84580000117421,hotpotqa,0.5714285714285714,0.0,0.0,0.0,5abbd4035542993f40c73bcb,mean,0.5134693877551021,0.05605079233646393,"[[15, 1, 29, 24, 23, 25, 12, 22], [5, 10, 3, 18, 27, 21, 19, 0], [26, 19, 20, 12, 11, 10, 28, 13], [11, 13, 19, 7, 24, 12, 5, 25], [6, 25, 27, 22, 19, 10, 28, 14], [20, 24, 7, 22, 3, 16, 30, 6], [7, 26, 6, 20, 15, 29, 17, 25], [7, 0, 18, 29, 22, 21, 25, 1], [6, 23, 15, 14, 4, 17, 5, 3], [4, 5, 13, 8, 22, 18, 27, 23], [12, 6, 10, 22, 0, 30, 14, 17], [15, 18, 28, 1, 3, 7, 30, 21], [12, 3, 28, 15, 16, 10, 31, 6], [14, 4, 8, 30, 15, 26, 10, 28], [16, 24, 23, 27, 22, 13, 28, 1], [5, 29, 2, 12, 28, 17, 24, 18], [10, 14, 17, 12, 24, 13, 25, 4], [4, 9, 7, 3, 29, 11, 14, 25], [29, 20, 12, 14, 27, 5, 10, 4], [5, 13, 26, 8, 11, 21, 1, 12], [19, 1, 6, 25, 27, 26, 23, 0], [2, 10, 8, 24, 21, 26, 27, 20], [30, 29, 12, 5, 13, 4, 19, 0], [14, 7, 25, 2, 5, 22, 28, 21], [10, 18, 23, 13, 3, 25, 22, 29], [13, 1, 10, 29, 20, 18, 4, 31], [10, 26, 2, 9, 23, 18, 16, 24], [20, 11, 18, 29, 2, 6, 17, 16], [3, 10, 7, 27, 19, 11, 16, 5], [16, 11, 23, 5, 2, 17, 12, 8], [30, 2, 31, 28, 29, 21, 17, 9], [9, 21, 2, 0, 24, 31, 20, 13], [30, 14, 7, 16, 4, 20, 15, 29], [19, 30, 4, 23, 12, 6, 2, 24], [16, 31, 17, 12, 8, 25, 21, 4], [0, 14, 2, 4, 13, 10, 6, 22], [4, 31, 19, 13, 28, 22, 2, 17], [20, 12, 6, 27, 8, 19, 18, 24], [5, 19, 28, 21, 23, 12, 8, 22], [8, 1, 9, 7, 17, 5, 27, 10], [5, 19, 27, 28, 26, 21, 1, 24], [28, 15, 6, 7, 4, 0, 5, 12], [28, 16, 5, 18, 8, 14, 6, 24], [23, 30, 19, 4, 11, 2, 3, 25], [10, 22, 14, 25, 1, 16, 9, 21], [28, 10, 22, 0, 17, 13, 27, 9], [9, 20, 4, 2, 21, 12, 19, 23], [11, 31, 23, 26, 9, 3, 28, 6], [20, 12, 30, 1, 2, 8, 7, 6], [0, 1, 3, 4, 2]]",8,0.8944624066352844,128,random,0.0,6400,4.0,124,0.9528289437294006,71,40 5 32 9,1573,0.6948859691619873,test,top_r_mean,1.0,0.5,0.5,0.5
0.07301768397033656,1.0,55,0.0,31,0.04119984805583954,hotpotqa,0.8366013071895425,0.25,0.2,0.0,5ae6143f5542996de7b71b2d,mean,1.0,0.0,,0,0.0,128,full_k,0.25,28047,4.0,124,0.0,0,48 0 24 8,1753,1.0,test,top_r_mean,1.0,1.0,1.0,1.0
0.07301768397033656,0.0,55,0.0,31,3.440900007262826,hotpotqa,0.8366013071895425,0.0,0.0,0.0,5ae6143f5542996de7b71b2d,mean,0.6444444444444445,0.049218468368053436,,1,1.6152904033660889,128,mean,0.0,880,4.0,124,1.6374826431274414,0,48 0 2 33,1753,0.8206350207328796,test,top_r_mean,1.0,1.0,0.5,0.75
0.07301768397033656,0.0,55,0.0,31,36.17329988628626,hotpotqa,0.8366013071895425,0.0,0.0,0.0,5ae6143f5542996de7b71b2d,mean,0.28484848484848485,0.32037997245788574,"[[24], [24], [24], [24], [24], [24], [24], [24], [24], [24], [24], [24], [24], [24], [24], [24], [24], [24], [24], [24], [24], [24], [24], [24], [24], [24], [24], [24], [24], [24], [24], [24], [24], [24], [24], [24], [24], [24], [24], [24], [24], [24], [24], [24], [24], [24], [24], [24], [24], [24], [24], [24], [24], [24], [17]]",1,1.6364315748214722,128,last,0.0,880,4.0,124,1.8783273696899414,0,48 42 40 52,1753,0.4239538609981537,test,top_r_mean,1.0,0.5,0.25,0.25
0.07301768397033656,1.0,55,0.0,31,30.7629001326859,hotpotqa,0.8366013071895425,0.25,0.2,0.0,5ae6143f5542996de7b71b2d,mean,0.39124579124579123,0.08798316866159439,"[[10], [7], [25], [10], [3], [12], [9], [3], [20], [16], [4], [18], [2], [3], [28], [30], [19], [20], [29], [17], [17], [8], [2], [10], [17], [24], [15], [31], [10], [23], [2], [9], [10], [29], [2], [8], [12], [16], [23], [6], [8], [2], [21], [2], [31], [29], [10], [25], [27], [8], [14], [20], [23], [27], [5]]",1,0.9979655742645264,128,farthest,1.0,880,4.0,124,1.0758585929870605,0,8 17 33 48,1753,0.5504329204559326,test,top_r_mean,0.0,0.0,0.5,0.625
0.07301768397033656,1.0,55,0.0,31,37.041000090539455,hotpotqa,0.8366013071895425,0.25,0.2,0.0,5ae6143f5542996de7b71b2d,mean,0.591919191919192,0.08084766566753387,"[[1], [7], [11], [27], [1], [28], [30], [5], [28], [6], [11], [23], [19], [29], [2], [20], [22], [16], [3], [31], [8], [4], [13], [28], [4], [6], [28], [22], [27], [6], [18], [20], [6], [26], [26], [0], [10], [20], [4], [8], [23], [18], [2], [19], [20], [26], [23], [31], [5], [12], [18], [5], [12], [3], [0]]",1,0.279338002204895,128,greedy_oracle,0.25,880,4.0,124,0.4028806984424591,0,17 48 0 10,1753,0.7494229078292847,test,top_r_mean,0.0,0.5,0.5,0.375
0.06902452937820878,1.0,55,0.0,31,34.521699883043766,hotpotqa,0.7908496732026143,0.25,0.2,0.0,5ae6143f5542996de7b71b2d,mean,0.12323232323232323,0.4911859929561615,"[[15], [31], [0], [13], [4], [29], [8], [5], [14], [27], [29], [4], [19], [12], [28], [22], [31], [8], [20], [10], [25], [1], [25], [29], [17], [17], [23], [16], [7], [15], [15], [28], [25], [9], [9], [20], [30], [14], [27], [30], [19], [23], [15], [31], [11], [14], [21], [0], [13], [30], [4], [11], [19], [11], [0]]",1,1.776723027229309,121,random,0.5,880,4.0,124,2.0861425399780273,11,12 54 40 7,1753,0.19466091692447662,test,top_r_mean,0.0,0.0,0.0,0.25
0.06902452937820878,1.0,55,0.0,31,31.84659988619387,hotpotqa,0.7908496732026143,0.25,0.2,0.0,5ae6143f5542996de7b71b2d,mean,0.09225589225589226,0.4256686270236969,"[[28], [28], [22], [21], [18], [27], [19], [29], [2], [23], [28], [22], [23], [8], [20], [0], [19], [12], [12], [21], [24], [11], [29], [14], [23], [31], [4], [27], [23], [6], [8], [1], [25], [24], [14], [1], [10], [9], [2], [4], [20], [19], [1], [24], [7], [18], [3], [21], [19], [11], [25], [6], [7], [12], [1]]",1,1.7367141246795654,121,random,0.5,880,4.0,124,1.974777102470398,23,36 54 39 29,1753,0.13333334028720856,test,top_r_mean,0.0,0.0,0.0,0.125
0.06902452937820878,1.0,55,1.0,31,39.32070010341704,hotpotqa,0.7908496732026143,0.75,0.6,0.0,5ae6143f5542996de7b71b2d,mean,0.16363636363636364,0.3541911542415619,"[[29], [19], [17], [0], [22], [7], [14], [14], [8], [2], [24], [13], [24], [15], [21], [12], [20], [20], [1], [1], [0], [12], [28], [25], [16], [20], [6], [29], [18], [14], [19], [22], [16], [5], [30], [24], [18], [26], [24], [16], [7], [16], [15], [0], [24], [3], [1], [29], [16], [15], [31], [13], [14], [11], [1]]",1,1.749710202217102,121,random,0.5,880,4.0,124,1.9644501209259033,37,17 54 10 53,1753,0.24985574185848236,test,top_r_mean,0.0,0.0,0.0,0.125
0.07301768397033656,1.0,55,0.0,31,31.531899934634566,hotpotqa,0.8366013071895425,0.25,0.2,0.0,5ae6143f5542996de7b71b2d,mean,0.37104377104377106,0.21091493964195251,"[[31], [1], [0], [29], [26], [31], [0], [15], [28], [29], [28], [18], [7], [1], [8], [4], [28], [20], [22], [24], [13], [19], [7], [16], [20], [16], [21], [21], [13], [21], [12], [5], [27], [21], [31], [3], [7], [30], [14], [3], [26], [14], [20], [18], [14], [22], [5], [20], [4], [18], [19], [31], [31], [19], [1]]",1,1.4342639446258545,128,random,1.0,880,4.0,124,1.6226534843444824,53,8 48 51 17,1753,0.5349928736686707,test,top_r_mean,0.0,0.5,0.5,0.375
0.07301768397033656,0.0,55,0.0,31,35.640599904581904,hotpotqa,0.8366013071895425,0.0,0.0,0.0,5ae6143f5542996de7b71b2d,mean,0.2,0.3358166813850403,"[[16], [17], [8], [6], [30], [1], [22], [25], [29], [11], [27], [3], [23], [31], [24], [6], [19], [27], [18], [15], [19], [30], [13], [21], [13], [3], [30], [4], [0], [17], [12], [17], [25], [17], [26], [22], [24], [24], [16], [8], [31], [14], [28], [12], [24], [24], [7], [12], [26], [0], [3], [16], [12], [1], [8]]",1,1.6153621673583984,128,random,0.0,880,4.0,124,1.844775915145874,71,34 22 39 52,1753,0.3320346772670746,test,top_r_mean,0.0,0.0,0.0,0.25
0.07301768397033656,0.0,55,0.0,31,39.20469991862774,hotpotqa,0.8366013071895425,0.0,0.0,0.0,5ae6143f5542996de7b71b2d,mean,0.3952861952861953,0.19863200187683105,"[[24, 25], [24, 25], [24, 25], [24, 25], [24, 25], [24, 25], [24, 25], [24, 25], [24, 25], [24, 25], [24, 25], [24, 25], [24, 25], [24, 25], [24, 25], [24, 25], [24, 25], [24, 25], [24, 25], [24, 25], [24, 25], [24, 25], [24, 25], [24, 25], [24, 25], [24, 25], [24, 25], [24, 25], [24, 25], [24, 25], [24, 25], [24, 25], [24, 25], [24, 25], [24, 25], [24, 25], [24, 25], [24, 25], [24, 25], [24, 25], [24, 25], [24, 25], [24, 25], [24, 25], [24, 25], [24, 25], [24, 25], [24, 25], [24, 25], [24, 25], [24, 25], [24, 25], [24, 25], [24, 25], [17, 18]]",2,1.657967448234558,128,last,0.0,1760,4.0,124,1.7885656356811523,0,40 42 43 2,1753,0.577056348323822,test,top_r_mean,0.0,0.0,0.0,0.25
0.07301768397033656,1.0,55,0.0,31,32.02209994196892,hotpotqa,0.8366013071895425,0.25,0.2,0.0,5ae6143f5542996de7b71b2d,mean,0.30774410774410776,0.6948767900466919,"[[10, 0], [7, 14], [25, 3], [10, 17], [3, 8], [12, 15], [9, 23], [3, 12], [20, 0], [16, 18], [4, 21], [18, 4], [2, 16], [3, 6], [28, 21], [30, 24], [19, 0], [20, 7], [29, 28], [17, 3], [17, 3], [8, 1], [2, 15], [10, 19], [17, 0], [24, 1], [15, 19], [31, 20], [10, 28], [23, 10], [2, 5], [9, 24], [10, 0], [29, 20], [2, 9], [8, 22], [12, 8], [16, 29], [23, 17], [6, 27], [8, 0], [2, 26], [21, 3], [2, 13], [31, 11], [29, 6], [10, 21], [25, 7], [27, 0], [8, 13], [14, 29], [20, 18], [23, 1], [27, 24], [5, 22]]",2,1.8332291841506958,128,farthest,1.0,1760,4.0,124,1.9743003845214844,0,8 48 32 0,1753,0.44285720586776733,test,top_r_mean,0.0,0.5,0.75,1.0
0.07301768397033656,1.0,55,0.0,31,47.01390000991523,hotpotqa,0.8366013071895425,0.25,0.2,0.0,5ae6143f5542996de7b71b2d,mean,0.775084175084175,0.07741642743349075,"[[1, 0], [7, 23], [11, 4], [27, 2], [1, 3], [28, 13], [30, 25], [5, 28], [28, 0], [6, 29], [11, 17], [23, 29], [19, 25], [29, 4], [2, 23], [20, 26], [22, 0], [16, 20], [3, 2], [31, 20], [8, 20], [4, 9], [13, 21], [28, 15], [4, 0], [6, 8], [28, 3], [22, 26], [27, 3], [6, 24], [18, 17], [20, 26], [6, 0], [26, 4], [26, 27], [0, 2], [10, 29], [20, 21], [4, 15], [8, 0], [23, 0], [18, 23], [2, 18], [19, 16], [20, 9], [26, 4], [23, 14], [31, 0], [5, 0], [12, 31], [18, 1], [5, 31], [12, 24], [3, 2], [0, 1]]",2,0.2769635319709778,128,greedy_oracle,0.25,1760,4.0,124,0.31695255637168884,0,48 0 24 8,1753,0.9117605686187744,test,top_r_mean,1.0,1.0,1.0,0.875
0.06902452937820878,1.0,55,0.0,31,32.924699829891324,hotpotqa,0.7908496732026143,0.25,0.2,0.0,5ae6143f5542996de7b71b2d,mean,0.19865319865319866,0.293122798204422,"[[15, 21], [31, 10], [0, 5], [13, 28], [4, 7], [29, 23], [8, 7], [5, 16], [14, 12], [27, 19], [29, 8], [4, 15], [19, 14], [12, 25], [28, 29], [22, 12], [31, 20], [8, 30], [20, 18], [10, 17], [25, 11], [1, 3], [25, 19], [29, 27], [17, 30], [17, 26], [23, 22], [16, 8], [7, 4], [15, 31], [15, 19], [28, 3], [25, 16], [9, 21], [9, 24], [20, 26], [30, 28], [14, 26], [27, 2], [30, 27], [19, 12], [23, 28], [15, 6], [31, 14], [11, 12], [14, 16], [21, 4], [0, 20], [13, 9], [30, 8], [4, 9], [11, 2], [19, 27], [11, 27], [0, 5]]",2,1.6900643110275269,121,random,1.0,1760,4.0,124,1.846599817276001,11,54 12 7 14,1753,0.28557002544403076,test,top_r_mean,0.0,0.0,0.0,0.125
0.06902452937820878,1.0,55,0.0,31,38.63249998539686,hotpotqa,0.7908496732026143,0.25,0.2,0.0,5ae6143f5542996de7b71b2d,mean,0.12188552188552189,0.3609417676925659,"[[28, 22], [28, 20], [22, 0], [21, 31], [18, 24], [27, 22], [19, 17], [29, 18], [2, 18], [23, 31], [28, 3], [22, 15], [23, 25], [8, 26], [20, 6], [0, 8], [19, 5], [12, 8], [12, 18], [21, 4], [24, 11], [11, 28], [29, 26], [14, 13], [23, 15], [31, 17], [4, 15], [27, 0], [23, 24], [6, 4], [8, 18], [1, 18], [25, 19], [24, 22], [14, 4], [1, 26], [10, 28], [9, 25], [2, 28], [4, 28], [20, 10], [19, 26], [1, 29], [24, 21], [7, 23], [18, 22], [3, 30], [21, 17], [19, 12], [11, 16], [25, 1], [6, 1], [7, 3], [12, 3], [1, 6]]",2,1.6667940616607666,121,random,1.0,1760,4.0,124,1.858475923538208,23,54 48 16 46,1753,0.15180376172065735,test,top_r_mean,0.0,0.5,0.25,0.375
0.06902452937820878,1.0,55,0.0,31,39.367400109767914,hotpotqa,0.7908496732026143,0.25,0.2,0.0,5ae6143f5542996de7b71b2d,mean,0.31717171717171716,0.18444544076919556,"[[29, 24], [19, 3], [17, 27], [0, 21], [22, 12], [7, 25], [14, 26], [14, 4], [8, 19], [2, 6], [24, 1], [13, 19], [24, 11], [15, 2], [21, 27], [12, 18], [20, 29], [20, 25], [1, 23], [1, 25], [0, 1], [12, 25], [28, 1], [25, 24], [16, 7], [20, 22], [6, 29], [29, 8], [18, 25], [14, 23], [19, 18], [22, 14], [16, 8], [5, 1], [30, 5], [24, 15], [18, 4], [26, 28], [24, 20], [16, 4], [7, 19], [16, 8], [15, 28], [0, 4], [24, 14], [3, 25], [1, 28], [29, 23], [16, 3], [15, 18], [31, 23], [13, 9], [14, 20], [11, 22], [1, 18]]",2,1.6622599363327026,121,random,0.25,1760,4.0,124,1.7806695699691772,37,32 37 30 54,1753,0.46551233530044556,test,top_r_mean,0.0,0.0,0.0,0.375
0.07301768397033656,1.0,55,0.0,31,46.54220002703369,hotpotqa,0.8366013071895425,0.5,0.4,0.0,5ae6143f5542996de7b71b2d,mean,0.3063973063973064,0.18037733435630798,"[[31, 2], [1, 0], [0, 21], [29, 5], [26, 23], [31, 16], [0, 18], [15, 18], [28, 25], [29, 0], [28, 13], [18, 28], [7, 31], [1, 30], [8, 30], [4, 22], [28, 11], [20, 14], [22, 11], [24, 6], [13, 23], [19, 17], [7, 6], [16, 12], [20, 14], [16, 5], [21, 22], [21, 22], [13, 31], [21, 24], [12, 15], [5, 15], [27, 20], [21, 27], [31, 13], [3, 28], [7, 28], [30, 3], [14, 15], [3, 12], [26, 5], [14, 4], [20, 1], [18, 9], [14, 3], [22, 4], [5, 12], [20, 9], [4, 18], [18, 7], [19, 14], [31, 17], [31, 8], [19, 22], [1, 24]]",2,1.5208202600479126,128,random,1.0,1760,4.0,124,1.6425446271896362,53,9 33 14 8,1753,0.44617611169815063,test,top_r_mean,0.0,0.0,0.25,0.375
0.07301768397033656,1.0,55,0.0,31,36.19359992444515,hotpotqa,0.8366013071895425,0.25,0.2,0.0,5ae6143f5542996de7b71b2d,mean,0.2053872053872054,0.21190541982650757,"[[16, 9], [17, 23], [8, 29], [6, 26], [30, 4], [1, 13], [22, 5], [25, 30], [29, 28], [11, 1], [27, 10], [3, 14], [23, 29], [31, 4], [24, 2], [6, 27], [19, 23], [27, 24], [18, 1], [15, 6], [19, 15], [30, 4], [13, 4], [21, 8], [13, 12], [3, 25], [30, 2], [4, 13], [0, 3], [17, 0], [12, 6], [17, 6], [25, 6], [17, 31], [26, 5], [22, 15], [24, 11], [24, 19], [16, 8], [8, 18], [31, 21], [14, 17], [28, 16], [12, 13], [24, 3], [24, 23], [7, 27], [12, 15], [26, 23], [0, 8], [3, 10], [16, 15], [12, 11], [1, 4], [8, 20]]",2,1.5030046701431274,128,random,1.0,1760,4.0,124,1.638831377029419,71,8 2 52 16,1753,0.3081530034542084,test,top_r_mean,0.0,0.0,0.25,0.5
0.07301768397033656,0.0,55,0.0,31,36.4971999078989,hotpotqa,0.8366013071895425,0.0,0.0,0.0,5ae6143f5542996de7b71b2d,mean,0.4316498316498317,0.13201630115509033,"[[24, 25, 26, 27], [24, 25, 26, 27], [24, 25, 26, 27], [24, 25, 26, 27], [24, 25, 26, 27], [24, 25, 26, 27], [24, 25, 26, 27], [24, 25, 26, 27], [24, 25, 26, 27], [24, 25, 26, 27], [24, 25, 26, 27], [24, 25, 26, 27], [24, 25, 26, 27], [24, 25, 26, 27], [24, 25, 26, 27], [24, 25, 26, 27], [24, 25, 26, 27], [24, 25, 26, 27], [24, 25, 26, 27], [24, 25, 26, 27], [24, 25, 26, 27], [24, 25, 26, 27], [24, 25, 26, 27], [24, 25, 26, 27], [24, 25, 26, 27], [24, 25, 26, 27], [24, 25, 26, 27], [24, 25, 26, 27], [24, 25, 26, 27], [24, 25, 26, 27], [24, 25, 26, 27], [24, 25, 26, 27], [24, 25, 26, 27], [24, 25, 26, 27], [24, 25, 26, 27], [24, 25, 26, 27], [24, 25, 26, 27], [24, 25, 26, 27], [24, 25, 26, 27], [24, 25, 26, 27], [24, 25, 26, 27], [24, 25, 26, 27], [24, 25, 26, 27], [24, 25, 26, 27], [24, 25, 26, 27], [24, 25, 26, 27], [24, 25, 26, 27], [24, 25, 26, 27], [24, 25, 26, 27], [24, 25, 26, 27], [24, 25, 26, 27], [24, 25, 26, 27], [24, 25, 26, 27], [24, 25, 26, 27], [17, 18, 19, 20]]",4,1.5953829288482666,128,last,0.0,3520,4.0,124,1.679115891456604,0,34 40 42 28,1753,0.6062049865722656,test,top_r_mean,0.0,0.0,0.0,0.375
0.07301768397033656,1.0,55,0.0,31,34.05500017106533,hotpotqa,0.8366013071895425,0.25,0.2,0.0,5ae6143f5542996de7b71b2d,mean,0.35084175084175084,0.12135232985019684,"[[10, 0, 13, 22], [7, 14, 15, 13], [25, 3, 17, 30], [10, 17, 9, 25], [3, 8, 18, 30], [12, 15, 14, 9], [9, 23, 18, 21], [3, 12, 0, 25], [20, 0, 13, 11], [16, 18, 7, 8], [4, 21, 0, 3], [18, 4, 26, 3], [2, 16, 17, 22], [3, 6, 18, 2], [28, 21, 5, 18], [30, 24, 9, 20], [19, 0, 31, 28], [20, 7, 29, 30], [29, 28, 9, 5], [17, 3, 2, 0], [17, 3, 29, 31], [8, 1, 0, 2], [2, 15, 16, 17], [10, 19, 26, 7], [17, 0, 22, 23], [24, 1, 2, 3], [15, 19, 18, 12], [31, 20, 9, 23], [10, 28, 29, 17], [23, 10, 13, 14], [2, 5, 7, 8], [9, 24, 17, 14], [10, 0, 18, 19], [29, 20, 11, 16], [2, 9, 13, 5], [8, 22, 17, 1], [12, 8, 1, 30], [16, 29, 12, 6], [23, 17, 6, 21], [6, 27, 30, 26], [8, 0, 4, 17], [2, 26, 28, 24], [21, 3, 11, 19], [2, 13, 10, 17], [31, 11, 10, 18], [29, 6, 2, 7], [10, 21, 8, 7], [25, 7, 18, 12], [27, 0, 20, 13], [8, 13, 21, 26], [14, 29, 30, 20], [20, 18, 3, 29], [23, 1, 14, 20], [27, 24, 0, 22], [5, 22, 21, 16]]",4,2.268854856491089,128,farthest,0.3333333333333333,3520,4.0,124,2.320411205291748,0,48 16 8 40,1753,0.4940115809440613,test,top_r_mean,1.0,0.5,0.5,0.875
0.07301768397033656,1.0,55,0.0,31,38.201000075787306,hotpotqa,0.8366013071895425,0.25,0.2,0.0,5ae6143f5542996de7b71b2d,mean,0.8531986531986532,0.0024917619302868843,"[[1, 0, 5, 6], [7, 23, 6, 4], [11, 4, 10, 6], [27, 2, 29, 7], [1, 3, 4, 12], [28, 13, 12, 30], [30, 25, 3, 31], [5, 28, 31, 18], [28, 0, 9, 15], [6, 29, 17, 0], [11, 17, 24, 16], [23, 29, 30, 6], [19, 25, 2, 0], [29, 4, 21, 9], [2, 23, 10, 30], [20, 26, 1, 31], [22, 0, 18, 19], [16, 20, 21, 23], [3, 2, 26, 18], [31, 20, 28, 24], [8, 20, 12, 11], [4, 9, 3, 14], [13, 21, 20, 28], [28, 15, 6, 5], [4, 0, 31, 26], [6, 8, 7, 4], [28, 3, 26, 16], [22, 26, 1, 4], [27, 3, 25, 2], [6, 24, 0, 5], [18, 17, 20, 4], [20, 26, 0, 16], [6, 0, 27, 10], [26, 4, 6, 13], [26, 27, 3, 1], [0, 2, 9, 10], [10, 29, 11, 17], [20, 21, 23, 28], [4, 15, 0, 9], [8, 0, 4, 7], [23, 0, 24, 19], [18, 23, 22, 30], [2, 18, 24, 6], [19, 16, 25, 22], [20, 9, 28, 15], [26, 4, 18, 29], [23, 14, 2, 0], [31, 0, 14, 15], [5, 0, 24, 4], [12, 31, 9, 8], [18, 1, 7, 8], [5, 31, 11, 24], [12, 24, 6, 23], [3, 2, 5, 8], [0, 1, 5, 6]]",4,0.372514933347702,128,greedy_oracle,0.25,3520,4.0,124,0.3790241479873657,0,0 48 24 8,1753,0.9574315547943115,test,top_r_mean,0.0,1.0,1.0,1.0
0.07301768397033656,0.0,55,0.0,31,35.61929985880852,hotpotqa,0.8366013071895425,0.0,0.0,0.0,5ae6143f5542996de7b71b2d,mean,0.23367003367003367,0.1753678023815155,"[[15, 21, 7, 27], [31, 10, 13, 20], [0, 5, 26, 24], [13, 28, 29, 10], [4, 7, 12, 22], [29, 23, 13, 8], [8, 7, 24, 1], [5, 16, 9, 8], [14, 12, 11, 26], [27, 19, 21, 17], [29, 8, 23, 17], [4, 15, 25, 7], [19, 14, 8, 28], [12, 25, 16, 14], [28, 29, 17, 3], [22, 12, 15, 6], [31, 20, 10, 27], [8, 30, 22, 17], [20, 18, 24, 27], [10, 17, 0, 11], [25, 11, 27, 21], [1, 3, 15, 14], [25, 19, 4, 24], [29, 27, 4, 2], [17, 30, 25, 23], [17, 26, 2, 21], [23, 22, 21, 11], [16, 8, 17, 19], [7, 4, 30, 14], [15, 31, 21, 10], [15, 19, 25, 5], [28, 3, 17, 14], [25, 16, 18, 11], [9, 21, 7, 25], [9, 24, 2, 13], [20, 26, 22, 6], [30, 28, 27, 23], [14, 26, 21, 3], [27, 2, 20, 17], [30, 27, 25, 29], [19, 12, 11, 25], [23, 28, 18, 1], [15, 6, 24, 13], [31, 14, 15, 30], [11, 12, 21, 18], [14, 16, 5, 21], [21, 4, 25, 30], [0, 20, 17, 22], [13, 9, 26, 28], [30, 8, 2, 15], [4, 9, 29, 19], [11, 2, 21, 18], [19, 27, 23, 2], [11, 27, 8, 31], [0, 5, 11, 23]]",4,1.7036337852478027,128,random,0.0,3520,4.0,124,1.7890074253082275,11,42 40 2 14,1753,0.35093799233436584,test,top_r_mean,0.0,0.0,0.0,0.25
0.07301768397033656,0.0,55,0.0,31,37.411600118502975,hotpotqa,0.8366013071895425,0.0,0.0,0.0,5ae6143f5542996de7b71b2d,mean,0.2430976430976431,0.1770813763141632,"[[28, 22, 19, 20], [28, 20, 11, 10], [22, 0, 9, 7], [21, 31, 9, 16], [18, 24, 5, 31], [27, 22, 3, 5], [19, 17, 3, 21], [29, 18, 9, 0], [2, 18, 4, 9], [23, 31, 3, 17], [28, 3, 25, 1], [22, 15, 24, 14], [23, 25, 16, 26], [8, 26, 27, 28], [20, 6, 21, 3], [0, 8, 3, 26], [19, 5, 25, 12], [12, 8, 13, 16], [12, 18, 1, 29], [21, 4, 23, 2], [24, 11, 4, 12], [11, 28, 27, 4], [29, 26, 24, 20], [14, 13, 16, 31], [23, 15, 30, 31], [31, 17, 11, 0], [4, 15, 24, 5], [27, 0, 5, 7], [23, 24, 31, 7], [6, 4, 28, 30], [8, 18, 25, 1], [1, 18, 15, 4], [25, 19, 15, 16], [24, 22, 8, 1], [14, 4, 6, 16], [1, 26, 0, 7], [10, 28, 8, 30], [9, 25, 5, 20], [2, 28, 15, 18], [4, 28, 16, 7], [20, 10, 19, 0], [19, 26, 11, 28], [1, 29, 11, 4], [24, 21, 6, 23], [7, 23, 25, 19], [18, 22, 15, 19], [3, 30, 22, 13], [21, 17, 27, 7], [19, 12, 26, 5], [11, 16, 14, 24], [25, 1, 4, 30], [6, 1, 9, 17], [7, 3, 25, 18], [12, 3, 9, 18], [1, 6, 20, 8]]",4,1.659339189529419,128,random,0.0,3520,4.0,124,1.757084846496582,23,40 48 16 17,1753,0.3624098598957062,test,top_r_mean,0.0,0.5,0.25,0.375
0.07301768397033656,0.0,55,0.0,31,38.344800006598234,hotpotqa,0.8366013071895425,0.0,0.0,0.0,5ae6143f5542996de7b71b2d,mean,0.4868686868686869,0.12947948276996613,"[[29, 24, 14, 10], [19, 3, 15, 12], [17, 27, 4, 26], [0, 21, 17, 13], [22, 12, 29, 13], [7, 25, 6, 21], [14, 26, 15, 30], [14, 4, 6, 30], [8, 19, 5, 23], [2, 6, 7, 17], [24, 1, 6, 30], [13, 19, 20, 25], [24, 11, 28, 0], [15, 2, 6, 31], [21, 27, 13, 5], [12, 18, 8, 19], [20, 29, 24, 7], [20, 25, 12, 13], [1, 23, 12, 27], [1, 25, 8, 11], [0, 1, 23, 25], [12, 25, 1, 3], [28, 1, 15, 24], [25, 24, 17, 1], [16, 7, 11, 0], [20, 22, 16, 23], [6, 29, 30, 19], [29, 8, 12, 14], [18, 25, 2, 23], [14, 23, 13, 12], [19, 18, 2, 30], [22, 14, 30, 10], [16, 8, 4, 12], [5, 1, 6, 24], [30, 5, 27, 6], [24, 15, 2, 1], [18, 4, 9, 29], [26, 28, 29, 11], [24, 20, 21, 27], [16, 4, 8, 17], [7, 19, 27, 10], [16, 8, 30, 15], [15, 28, 6, 23], [0, 4, 11, 22], [24, 14, 29, 13], [3, 25, 6, 5], [1, 28, 24, 18], [29, 23, 9, 0], [16, 3, 18, 21], [15, 18, 19, 1], [31, 23, 28, 11], [13, 9, 10, 29], [14, 20, 2, 22], [11, 22, 20, 18], [1, 18, 8, 20]]",4,1.6862553358078003,128,random,0.0,3520,4.0,124,1.751980185508728,37,24 30 42 2,1753,0.6699135303497314,test,top_r_mean,0.0,0.0,0.25,0.5
0.07301768397033656,1.0,55,0.0,31,38.24750008061528,hotpotqa,0.8366013071895425,0.25,0.2,0.0,5ae6143f5542996de7b71b2d,mean,0.3993265993265993,0.10689680278301239,"[[31, 2, 10, 30], [1, 0, 11, 14], [0, 21, 24, 13], [29, 5, 24, 1], [26, 23, 17, 14], [31, 16, 27, 29], [0, 18, 31, 11], [15, 18, 4, 28], [28, 25, 24, 18], [29, 0, 20, 16], [28, 13, 19, 31], [18, 28, 21, 2], [7, 31, 25, 30], [1, 30, 12, 4], [8, 30, 21, 1], [4, 22, 20, 31], [28, 11, 18, 10], [20, 14, 18, 22], [22, 11, 15, 27], [24, 6, 25, 31], [13, 23, 4, 24], [19, 17, 28, 5], [7, 6, 8, 10], [16, 12, 21, 14], [20, 14, 12, 4], [16, 5, 2, 28], [21, 22, 19, 3], [21, 22, 9, 20], [13, 31, 21, 12], [21, 24, 29, 10], [12, 15, 13, 20], [5, 15, 30, 22], [27, 20, 15, 26], [21, 27, 1, 6], [31, 13, 10, 11], [3, 28, 23, 26], [7, 28, 9, 22], [30, 3, 7, 8], [14, 15, 12, 1], [3, 12, 2, 11], [26, 5, 10, 3], [14, 4, 5, 9], [20, 1, 7, 22], [18, 9, 25, 23], [14, 3, 8, 16], [22, 4, 30, 13], [5, 12, 27, 11], [20, 9, 23, 4], [4, 18, 17, 5], [18, 7, 19, 9], [19, 14, 18, 13], [31, 17, 10, 2], [31, 8, 18, 3], [19, 22, 17, 23], [1, 24, 23, 21]]",4,1.623482346534729,128,random,0.25,3520,4.0,124,1.6854197978973389,53,50 33 48 9,1753,0.5537518858909607,test,top_r_mean,0.0,0.0,0.25,0.5
0.07301768397033656,1.0,55,0.0,31,32.821099972352386,hotpotqa,0.8366013071895425,0.25,0.2,0.0,5ae6143f5542996de7b71b2d,mean,0.29292929292929293,0.15677574276924133,"[[16, 9, 13, 5], [17, 23, 10, 7], [8, 29, 13, 6], [6, 26, 24, 9], [30, 4, 18, 9], [1, 13, 4, 21], [22, 5, 16, 24], [25, 30, 26, 16], [29, 28, 22, 31], [11, 1, 23, 25], [27, 10, 28, 11], [3, 14, 9, 25], [23, 29, 7, 8], [31, 4, 3, 28], [24, 2, 12, 8], [6, 27, 31, 8], [19, 23, 0, 24], [27, 24, 0, 13], [18, 1, 14, 31], [15, 6, 28, 12], [19, 15, 29, 20], [30, 4, 19, 16], [13, 4, 2, 15], [21, 8, 28, 29], [13, 12, 24, 21], [3, 25, 29, 30], [30, 2, 22, 24], [4, 13, 11, 7], [0, 3, 29, 11], [17, 0, 28, 13], [12, 6, 10, 14], [17, 6, 22, 2], [25, 6, 23, 24], [17, 31, 6, 21], [26, 5, 0, 8], [22, 15, 11, 17], [24, 11, 19, 30], [24, 19, 14, 4], [16, 8, 3, 22], [8, 18, 10, 12], [31, 21, 28, 7], [14, 17, 26, 5], [28, 16, 0, 17], [12, 13, 22, 30], [24, 3, 0, 22], [24, 23, 16, 7], [7, 27, 12, 20], [12, 15, 9, 27], [26, 23, 1, 28], [0, 8, 9, 17], [3, 10, 16, 11], [16, 15, 14, 20], [12, 11, 3, 10], [1, 4, 29, 3], [8, 20, 0, 13]]",4,1.555945873260498,128,random,0.25,3520,4.0,124,1.6376348733901978,71,16 2 33 8,1753,0.4308081269264221,test,top_r_mean,0.0,0.0,0.25,0.375
0.07301768397033656,0.0,55,0.0,31,43.81980001926422,hotpotqa,0.8366013071895425,0.0,0.0,0.0,5ae6143f5542996de7b71b2d,mean,0.4962962962962963,0.08497035503387451,"[[24, 25, 26, 27, 28, 29, 30, 31], [24, 25, 26, 27, 28, 29, 30, 31], [24, 25, 26, 27, 28, 29, 30, 31], [24, 25, 26, 27, 28, 29, 30, 31], [24, 25, 26, 27, 28, 29, 30, 31], [24, 25, 26, 27, 28, 29, 30, 31], [24, 25, 26, 27, 28, 29, 30, 31], [24, 25, 26, 27, 28, 29, 30, 31], [24, 25, 26, 27, 28, 29, 30, 31], [24, 25, 26, 27, 28, 29, 30, 31], [24, 25, 26, 27, 28, 29, 30, 31], [24, 25, 26, 27, 28, 29, 30, 31], [24, 25, 26, 27, 28, 29, 30, 31], [24, 25, 26, 27, 28, 29, 30, 31], [24, 25, 26, 27, 28, 29, 30, 31], [24, 25, 26, 27, 28, 29, 30, 31], [24, 25, 26, 27, 28, 29, 30, 31], [24, 25, 26, 27, 28, 29, 30, 31], [24, 25, 26, 27, 28, 29, 30, 31], [24, 25, 26, 27, 28, 29, 30, 31], [24, 25, 26, 27, 28, 29, 30, 31], [24, 25, 26, 27, 28, 29, 30, 31], [24, 25, 26, 27, 28, 29, 30, 31], [24, 25, 26, 27, 28, 29, 30, 31], [24, 25, 26, 27, 28, 29, 30, 31], [24, 25, 26, 27, 28, 29, 30, 31], [24, 25, 26, 27, 28, 29, 30, 31], [24, 25, 26, 27, 28, 29, 30, 31], [24, 25, 26, 27, 28, 29, 30, 31], [24, 25, 26, 27, 28, 29, 30, 31], [24, 25, 26, 27, 28, 29, 30, 31], [24, 25, 26, 27, 28, 29, 30, 31], [24, 25, 26, 27, 28, 29, 30, 31], [24, 25, 26, 27, 28, 29, 30, 31], [24, 25, 26, 27, 28, 29, 30, 31], [24, 25, 26, 27, 28, 29, 30, 31], [24, 25, 26, 27, 28, 29, 30, 31], [24, 25, 26, 27, 28, 29, 30, 31], [24, 25, 26, 27, 28, 29, 30, 31], [24, 25, 26, 27, 28, 29, 30, 31], [24, 25, 26, 27, 28, 29, 30, 31], [24, 25, 26, 27, 28, 29, 30, 31], [24, 25, 26, 27, 28, 29, 30, 31], [24, 25, 26, 27, 28, 29, 30, 31], [24, 25, 26, 27, 28, 29, 30, 31], [24, 25, 26, 27, 28, 29, 30, 31], [24, 25, 26, 27, 28, 29, 30, 31], [24, 25, 26, 27, 28, 29, 30, 31], [24, 25, 26, 27, 28, 29, 30, 31], [24, 25, 26, 27, 28, 29, 30, 31], [24, 25, 26, 27, 28, 29, 30, 31], [24, 25, 26, 27, 28, 29, 30, 31], [24, 25, 26, 27, 28, 29, 30, 31], [24, 25, 26, 27, 28, 29, 30, 31], [17, 18, 19, 20, 21, 22, 23, 24]]",8,0.8173213601112366,128,last,0.0,7040,4.0,124,0.8917273283004761,0,48 33 34 6,1753,0.6641415357589722,test,top_r_mean,1.0,0.5,0.25,0.5
0.07301768397033656,0.0,55,0.0,31,35.33400013111532,hotpotqa,0.8366013071895425,0.0,0.0,0.0,5ae6143f5542996de7b71b2d,mean,0.43703703703703706,0.061508502811193466,"[[10, 0, 13, 22, 29, 21, 2, 27], [7, 14, 15, 13, 11, 20, 0, 2], [25, 3, 17, 30, 1, 0, 14, 4], [10, 17, 9, 25, 0, 4, 27, 18], [3, 8, 18, 30, 22, 7, 13, 9], [12, 15, 14, 9, 29, 31, 25, 2], [9, 23, 18, 21, 7, 27, 20, 11], [3, 12, 0, 25, 22, 7, 14, 28], [20, 0, 13, 11, 18, 10, 3, 12], [16, 18, 7, 8, 25, 19, 31, 12], [4, 21, 0, 3, 13, 9, 29, 2], [18, 4, 26, 3, 21, 20, 9, 17], [2, 16, 17, 22, 15, 12, 7, 28], [3, 6, 18, 2, 24, 22, 23, 25], [28, 21, 5, 18, 16, 17, 6, 4], [30, 24, 9, 20, 22, 0, 10, 6], [19, 0, 31, 28, 8, 6, 18, 20], [20, 7, 29, 30, 14, 4, 25, 1], [29, 28, 9, 5, 8, 31, 21, 20], [17, 3, 2, 0, 8, 9, 16, 22], [17, 3, 29, 31, 22, 13, 6, 4], [8, 1, 0, 2, 31, 19, 24, 6], [2, 15, 16, 17, 11, 9, 5, 8], [10, 19, 26, 7, 16, 11, 30, 8], [17, 0, 22, 23, 28, 21, 14, 27], [24, 1, 2, 3, 26, 30, 14, 17], [15, 19, 18, 12, 5, 20, 4, 6], [31, 20, 9, 23, 16, 0, 6, 24], [10, 28, 29, 17, 14, 8, 15, 5], [23, 10, 13, 14, 8, 21, 12, 7], [2, 5, 7, 8, 25, 23, 31, 6], [9, 24, 17, 14, 6, 2, 4, 29], [10, 0, 18, 19, 1, 24, 17, 3], [29, 20, 11, 16, 9, 28, 3, 0], [2, 9, 13, 5, 24, 8, 10, 18], [8, 22, 17, 1, 18, 11, 13, 24], [12, 8, 1, 30, 24, 20, 3, 10], [16, 29, 12, 6, 30, 27, 24, 18], [23, 17, 6, 21, 27, 25, 28, 26], [6, 27, 30, 26, 23, 1, 31, 12], [8, 0, 4, 17, 13, 31, 20, 7], [2, 26, 28, 24, 19, 1, 27, 20], [21, 3, 11, 19, 0, 29, 13, 20], [2, 13, 10, 17, 12, 7, 20, 8], [31, 11, 10, 18, 6, 12, 29, 21], [29, 6, 2, 7, 13, 24, 19, 5], [10, 21, 8, 7, 15, 19, 24, 27], [25, 7, 18, 12, 29, 22, 9, 0], [27, 0, 20, 13, 22, 17, 1, 25], [8, 13, 21, 26, 16, 2, 6, 22], [14, 29, 30, 20, 28, 21, 19, 0], [20, 18, 3, 29, 17, 22, 6, 28], [23, 1, 14, 20, 25, 3, 15, 13], [27, 24, 0, 22, 4, 2, 30, 23], [5, 22, 21, 16, 20, 11, 15, 19]]",8,1.2202608585357666,128,farthest,0.0,7040,4.0,124,1.2735247611999512,0,48 16 0 32,1753,0.5859307646751404,test,top_r_mean,1.0,0.5,0.5,1.0
0.07301768397033656,1.0,55,0.0,31,39.65210006572306,hotpotqa,0.8366013071895425,0.25,0.2,0.0,5ae6143f5542996de7b71b2d,mean,0.9232323232323232,0.0007716622203588486,"[[1, 0, 5, 6, 4, 7, 19, 9], [7, 23, 6, 4, 22, 20, 0, 24], [11, 4, 10, 6, 23, 14, 7, 31], [27, 2, 29, 7, 0, 28, 24, 19], [1, 3, 4, 12, 6, 7, 2, 14], [28, 13, 12, 30, 19, 16, 29, 31], [30, 25, 3, 31, 20, 2, 4, 22], [5, 28, 31, 18, 10, 25, 17, 11], [28, 0, 9, 15, 20, 29, 26, 11], [6, 29, 17, 0, 5, 16, 28, 30], [11, 17, 24, 16, 23, 25, 29, 12], [23, 29, 30, 6, 2, 8, 28, 15], [19, 25, 2, 0, 24, 3, 12, 14], [29, 4, 21, 9, 12, 28, 5, 22], [2, 23, 10, 30, 8, 15, 9, 13], [20, 26, 1, 31, 2, 30, 7, 13], [22, 0, 18, 19, 27, 1, 26, 23], [16, 20, 21, 23, 17, 6, 19, 5], [3, 2, 26, 18, 1, 12, 10, 8], [31, 20, 28, 24, 12, 17, 21, 25], [8, 20, 12, 11, 14, 15, 9, 18], [4, 9, 3, 14, 29, 12, 18, 8], [13, 21, 20, 28, 26, 22, 27, 18], [28, 15, 6, 5, 10, 29, 0, 1], [4, 0, 31, 26, 5, 3, 11, 10], [6, 8, 7, 4, 17, 29, 28, 9], [28, 3, 26, 16, 29, 0, 8, 22], [22, 26, 1, 4, 15, 23, 14, 3], [27, 3, 25, 2, 28, 19, 5, 4], [6, 24, 0, 5, 7, 23, 25, 28], [18, 17, 20, 4, 31, 27, 28, 30], [20, 26, 0, 16, 8, 23, 1, 27], [6, 0, 27, 10, 8, 11, 5, 7], [26, 4, 6, 13, 3, 27, 29, 14], [26, 27, 3, 1, 0, 29, 17, 28], [0, 2, 9, 10, 27, 15, 4, 7], [10, 29, 11, 17, 13, 19, 21, 20], [20, 21, 23, 28, 26, 17, 4, 27], [4, 15, 0, 9, 13, 3, 17, 8], [8, 0, 4, 7, 21, 13, 25, 3], [23, 0, 24, 19, 2, 27, 22, 8], [18, 23, 22, 30, 21, 25, 2, 27], [2, 18, 24, 6, 16, 23, 8, 27], [19, 16, 25, 22, 28, 24, 6, 5], [20, 9, 28, 15, 26, 4, 23, 3], [26, 4, 18, 29, 17, 0, 31, 8], [23, 14, 2, 0, 11, 26, 3, 16], [31, 0, 14, 15, 17, 4, 1, 11], [5, 0, 24, 4, 12, 2, 7, 1], [12, 31, 9, 8, 20, 25, 4, 17], [18, 1, 7, 8, 19, 15, 14, 4], [5, 31, 11, 24, 26, 8, 27, 23], [12, 24, 6, 23, 0, 11, 26, 22], [3, 2, 5, 8, 11, 7, 10, 21], [0, 1, 5, 6, 10, 3, 14, 8]]",8,0.10122464597225189,128,greedy_oracle,0.25,7040,4.0,124,0.10832029581069946,0,48 0 24 8,1753,0.9855701327323914,test,top_r_mean,1.0,1.0,1.0,1.0
0.06902452937820878,1.0,55,1.0,31,38.8716000597924,hotpotqa,0.7908496732026143,0.75,0.6,0.0,5ae6143f5542996de7b71b2d,mean,0.5973063973063973,0.07195146381855011,"[[15, 21, 7, 27, 24, 13, 9, 17], [31, 10, 13, 20, 2, 16, 15, 12], [0, 5, 26, 24, 22, 4, 7, 15], [13, 28, 29, 10, 24, 1, 31, 22], [4, 7, 12, 22, 8, 25, 18, 11], [29, 23, 13, 8, 6, 31, 24, 21], [8, 7, 24, 1, 19, 12, 4, 22], [5, 16, 9, 8, 10, 13, 6, 2], [14, 12, 11, 26, 10, 2, 0, 20], [27, 19, 21, 17, 9, 4, 14, 13], [29, 8, 23, 17, 11, 20, 13, 28], [4, 15, 25, 7, 0, 28, 11, 17], [19, 14, 8, 28, 26, 17, 16, 13], [12, 25, 16, 14, 3, 30, 19, 9], [28, 29, 17, 3, 9, 16, 31, 6], [22, 12, 15, 6, 2, 11, 29, 10], [31, 20, 10, 27, 2, 21, 1, 15], [8, 30, 22, 17, 28, 14, 27, 19], [20, 18, 24, 27, 9, 26, 14, 13], [10, 17, 0, 11, 1, 24, 21, 23], [25, 11, 27, 21, 13, 28, 8, 30], [1, 3, 15, 14, 25, 23, 0, 31], [25, 19, 4, 24, 15, 3, 17, 16], [29, 27, 4, 2, 19, 13, 31, 17], [17, 30, 25, 23, 22, 20, 13, 2], [17, 26, 2, 21, 29, 4, 24, 25], [23, 22, 21, 11, 5, 15, 14, 8], [16, 8, 17, 19, 10, 4, 24, 26], [7, 4, 30, 14, 3, 11, 12, 25], [15, 31, 21, 10, 22, 14, 20, 5], [15, 19, 25, 5, 27, 17, 31, 14], [28, 3, 17, 14, 6, 7, 29, 1], [25, 16, 18, 11, 13, 3, 7, 5], [9, 21, 7, 25, 26, 1, 3, 12], [9, 24, 2, 13, 29, 10, 4, 19], [20, 26, 22, 6, 18, 15, 31, 8], [30, 28, 27, 23, 24, 3, 31, 4], [14, 26, 21, 3, 10, 30, 22, 2], [27, 2, 20, 17, 24, 4, 30, 19], [30, 27, 25, 29, 4, 3, 26, 14], [19, 12, 11, 25, 22, 23, 24, 28], [23, 28, 18, 1, 31, 11, 12, 17], [15, 6, 24, 13, 8, 12, 10, 17], [31, 14, 15, 30, 6, 16, 20, 27], [11, 12, 21, 18, 14, 15, 1, 23], [14, 16, 5, 21, 2, 28, 18, 25], [21, 4, 25, 30, 0, 20, 19, 11], [0, 20, 17, 22, 1, 21, 16, 26], [13, 9, 26, 28, 17, 19, 10, 1], [30, 8, 2, 15, 1, 3, 10, 5], [4, 9, 29, 19, 21, 17, 3, 7], [11, 2, 21, 18, 4, 8, 27, 13], [19, 27, 23, 2, 7, 10, 17, 26], [11, 27, 8, 31, 15, 3, 13, 4], [0, 5, 11, 23, 12, 18, 24, 1]]",8,0.8026986718177795,121,random,1.0,7040,4.0,124,0.8635568022727966,11,8 40 54 10,1753,0.7976191639900208,test,top_r_mean,0.0,0.0,0.25,0.375
0.07301768397033656,0.0,55,0.0,31,50.268900115042925,hotpotqa,0.8366013071895425,0.0,0.0,0.0,5ae6143f5542996de7b71b2d,mean,0.494949494949495,0.08245089650154114,"[[28, 22, 19, 20, 27, 9, 6, 3], [28, 20, 11, 10, 15, 17, 24, 3], [22, 0, 9, 7, 1, 15, 11, 13], [21, 31, 9, 16, 8, 2, 12, 14], [18, 24, 5, 31, 15, 16, 1, 21], [27, 22, 3, 5, 7, 16, 14, 2], [19, 17, 3, 21, 1, 28, 25, 13], [29, 18, 9, 0, 27, 14, 2, 15], [2, 18, 4, 9, 13, 16, 6, 25], [23, 31, 3, 17, 28, 12, 20, 5], [28, 3, 25, 1, 9, 26, 30, 18], [22, 15, 24, 14, 6, 30, 29, 21], [23, 25, 16, 26, 6, 12, 7, 15], [8, 26, 27, 28, 29, 11, 3, 18], [20, 6, 21, 3, 25, 29, 16, 19], [0, 8, 3, 26, 15, 17, 30, 20], [19, 5, 25, 12, 10, 1, 24, 3], [12, 8, 13, 16, 30, 5, 25, 17], [12, 18, 1, 29, 16, 9, 5, 6], [21, 4, 23, 2, 5, 17, 6, 25], [24, 11, 4, 12, 17, 13, 27, 8], [11, 28, 27, 4, 25, 2, 1, 19], [29, 26, 24, 20, 3, 13, 1, 28], [14, 13, 16, 31, 30, 6, 21, 9], [23, 15, 30, 31, 18, 13, 4, 24], [31, 17, 11, 0, 21, 27, 14, 24], [4, 15, 24, 5, 26, 8, 28, 6], [27, 0, 5, 7, 1, 8, 14, 24], [23, 24, 31, 7, 10, 13, 1, 14], [6, 4, 28, 30, 24, 8, 18, 10], [8, 18, 25, 1, 6, 2, 22, 4], [1, 18, 15, 4, 3, 24, 8, 11], [25, 19, 15, 16, 1, 6, 14, 0], [24, 22, 8, 1, 28, 14, 27, 5], [14, 4, 6, 16, 3, 1, 31, 9], [1, 26, 0, 7, 25, 17, 15, 13], [10, 28, 8, 30, 27, 0, 7, 15], [9, 25, 5, 20, 26, 4, 31, 17], [2, 28, 15, 18, 8, 3, 16, 27], [4, 28, 16, 7, 1, 31, 26, 11], [20, 10, 19, 0, 23, 15, 11, 30], [19, 26, 11, 28, 25, 9, 12, 7], [1, 29, 11, 4, 2, 12, 30, 23], [24, 21, 6, 23, 11, 10, 3, 13], [7, 23, 25, 19, 1, 24, 5, 20], [18, 22, 15, 19, 13, 4, 14, 21], [3, 30, 22, 13, 5, 14, 7, 27], [21, 17, 27, 7, 6, 26, 31, 9], [19, 12, 26, 5, 2, 30, 14, 27], [11, 16, 14, 24, 6, 1, 30, 9], [25, 1, 4, 30, 12, 14, 16, 9], [6, 1, 9, 17, 12, 7, 14, 29], [7, 3, 25, 18, 5, 24, 10, 13], [12, 3, 9, 18, 30, 22, 4, 24], [1, 6, 20, 8, 24, 5, 15, 7]]",8,0.7877706289291382,128,random,0.0,7040,4.0,124,0.863288938999176,23,40 32 48 0,1753,0.661327600479126,test,top_r_mean,0.0,0.0,0.5,0.625
0.07301768397033656,0.0,55,0.0,31,39.31140014901757,hotpotqa,0.8366013071895425,0.0,0.0,0.0,5ae6143f5542996de7b71b2d,mean,0.5286195286195287,0.06927894055843353,"[[29, 24, 14, 10, 7, 23, 15, 12], [19, 3, 15, 12, 4, 26, 9, 14], [17, 27, 4, 26, 28, 12, 30, 22], [0, 21, 17, 13, 25, 26, 29, 28], [22, 12, 29, 13, 24, 31, 14, 2], [7, 25, 6, 21, 13, 12, 20, 27], [14, 26, 15, 30, 27, 18, 12, 24], [14, 4, 6, 30, 7, 23, 27, 9], [8, 19, 5, 23, 27, 15, 17, 26], [2, 6, 7, 17, 20, 27, 25, 29], [24, 1, 6, 30, 4, 3, 29, 25], [13, 19, 20, 25, 26, 27, 8, 21], [24, 11, 28, 0, 6, 20, 16, 3], [15, 2, 6, 31, 29, 27, 25, 21], [21, 27, 13, 5, 24, 8, 30, 29], [12, 18, 8, 19, 29, 31, 4, 22], [20, 29, 24, 7, 31, 8, 25, 21], [20, 25, 12, 13, 21, 11, 10, 22], [1, 23, 12, 27, 20, 21, 13, 16], [1, 25, 8, 11, 17, 5, 2, 15], [0, 1, 23, 25, 5, 8, 10, 12], [12, 25, 1, 3, 26, 31, 10, 5], [28, 1, 15, 24, 21, 4, 7, 5], [25, 24, 17, 1, 11, 26, 22, 16], [16, 7, 11, 0, 25, 3, 22, 23], [20, 22, 16, 23, 15, 8, 13, 6], [6, 29, 30, 19, 2, 23, 22, 4], [29, 8, 12, 14, 3, 25, 5, 16], [18, 25, 2, 23, 14, 31, 21, 17], [14, 23, 13, 12, 28, 26, 6, 27], [19, 18, 2, 30, 15, 27, 31, 1], [22, 14, 30, 10, 3, 29, 8, 5], [16, 8, 4, 12, 29, 14, 3, 6], [5, 1, 6, 24, 4, 27, 3, 16], [30, 5, 27, 6, 18, 28, 12, 25], [24, 15, 2, 1, 4, 21, 25, 8], [18, 4, 9, 29, 2, 23, 24, 1], [26, 28, 29, 11, 5, 30, 4, 16], [24, 20, 21, 27, 4, 11, 29, 5], [16, 4, 8, 17, 5, 19, 27, 21], [7, 19, 27, 10, 29, 28, 23, 1], [16, 8, 30, 15, 9, 29, 24, 6], [15, 28, 6, 23, 9, 10, 7, 30], [0, 4, 11, 22, 28, 23, 26, 29], [24, 14, 29, 13, 2, 18, 0, 16], [3, 25, 6, 5, 8, 16, 26, 31], [1, 28, 24, 18, 30, 7, 20, 21], [29, 23, 9, 0, 1, 8, 31, 24], [16, 3, 18, 21, 27, 0, 12, 7], [15, 18, 19, 1, 3, 21, 11, 26], [31, 23, 28, 11, 30, 5, 29, 14], [13, 9, 10, 29, 30, 11, 24, 14], [14, 20, 2, 22, 25, 4, 26, 24], [11, 22, 20, 18, 13, 8, 21, 24], [1, 18, 8, 20, 17, 15, 3, 4]]",8,0.803700864315033,128,random,0.0,7040,4.0,124,0.8668025135993958,37,48 24 33 40,1753,0.6970419883728027,test,top_r_mean,1.0,0.5,0.5,0.625
0.07301768397033656,0.0,55,0.0,31,41.75950004719198,hotpotqa,0.8366013071895425,0.0,0.0,0.0,5ae6143f5542996de7b71b2d,mean,0.5663299663299664,0.07566256821155548,"[[31, 2, 10, 30, 14, 20, 1, 6], [1, 0, 11, 14, 29, 31, 26, 19], [0, 21, 24, 13, 23, 26, 5, 27], [29, 5, 24, 1, 4, 31, 18, 14], [26, 23, 17, 14, 21, 31, 16, 12], [31, 16, 27, 29, 6, 24, 23, 14], [0, 18, 31, 11, 5, 24, 15, 28], [15, 18, 4, 28, 3, 2, 10, 20], [28, 25, 24, 18, 12, 30, 3, 7], [29, 0, 20, 16, 22, 23, 10, 17], [28, 13, 19, 31, 8, 23, 30, 22], [18, 28, 21, 2, 14, 12, 9, 10], [7, 31, 25, 30, 3, 19, 12, 8], [1, 30, 12, 4, 31, 14, 23, 8], [8, 30, 21, 1, 13, 9, 19, 7], [4, 22, 20, 31, 8, 9, 11, 7], [28, 11, 18, 10, 29, 12, 16, 13], [20, 14, 18, 22, 16, 10, 2, 28], [22, 11, 15, 27, 30, 5, 25, 20], [24, 6, 25, 31, 28, 19, 8, 17], [13, 23, 4, 24, 11, 17, 19, 27], [19, 17, 28, 5, 9, 16, 10, 12], [7, 6, 8, 10, 19, 15, 26, 9], [16, 12, 21, 14, 4, 24, 26, 1], [20, 14, 12, 4, 8, 27, 30, 24], [16, 5, 2, 28, 3, 0, 29, 31], [21, 22, 19, 3, 11, 30, 27, 8], [21, 22, 9, 20, 13, 3, 15, 26], [13, 31, 21, 12, 28, 17, 9, 1], [21, 24, 29, 10, 7, 2, 27, 16], [12, 15, 13, 20, 7, 29, 6, 31], [5, 15, 30, 22, 24, 6, 1, 23], [27, 20, 15, 26, 5, 1, 24, 23], [21, 27, 1, 6, 3, 17, 25, 9], [31, 13, 10, 11, 24, 18, 1, 17], [3, 28, 23, 26, 24, 12, 15, 1], [7, 28, 9, 22, 10, 16, 26, 8], [30, 3, 7, 8, 1, 20, 22, 11], [14, 15, 12, 1, 19, 3, 13, 28], [3, 12, 2, 11, 23, 8, 18, 17], [26, 5, 10, 3, 29, 18, 2, 25], [14, 4, 5, 9, 10, 16, 12, 30], [20, 1, 7, 22, 4, 0, 2, 26], [18, 9, 25, 23, 20, 28, 10, 2], [14, 3, 8, 16, 12, 10, 11, 30], [22, 4, 30, 13, 8, 21, 1, 31], [5, 12, 27, 11, 24, 15, 17, 16], [20, 9, 23, 4, 24, 6, 11, 25], [4, 18, 17, 5, 9, 24, 29, 31], [18, 7, 19, 9, 4, 16, 21, 3], [19, 14, 18, 13, 31, 2, 24, 7], [31, 17, 10, 2, 1, 15, 29, 27], [31, 8, 18, 3, 12, 27, 11, 19], [19, 22, 17, 23, 5, 28, 29, 16], [1, 24, 23, 21, 0, 3, 13, 17]]",8,0.8002601265907288,128,random,0.0,7040,4.0,124,0.8672122955322266,53,48 0 33 50,1753,0.7435065507888794,test,top_r_mean,1.0,1.0,0.5,0.5
0.07301768397033656,0.0,55,0.0,31,44.7652000002563,hotpotqa,0.8366013071895425,0.0,0.0,0.0,5ae6143f5542996de7b71b2d,mean,0.503030303030303,0.07945764809846878,"[[16, 9, 13, 5, 22, 18, 23, 31], [17, 23, 10, 7, 8, 11, 18, 5], [8, 29, 13, 6, 18, 15, 3, 25], [6, 26, 24, 9, 7, 17, 13, 2], [30, 4, 18, 9, 15, 22, 10, 27], [1, 13, 4, 21, 2, 15, 16, 31], [22, 5, 16, 24, 31, 18, 13, 10], [25, 30, 26, 16, 3, 20, 5, 7], [29, 28, 22, 31, 4, 27, 16, 10], [11, 1, 23, 25, 20, 17, 18, 19], [27, 10, 28, 11, 6, 0, 8, 20], [3, 14, 9, 25, 1, 15, 19, 2], [23, 29, 7, 8, 30, 20, 22, 27], [31, 4, 3, 28, 29, 2, 17, 9], [24, 2, 12, 8, 30, 29, 4, 5], [6, 27, 31, 8, 17, 5, 1, 18], [19, 23, 0, 24, 9, 14, 5, 15], [27, 24, 0, 13, 4, 3, 17, 14], [18, 1, 14, 31, 8, 11, 23, 9], [15, 6, 28, 12, 4, 13, 29, 21], [19, 15, 29, 20, 26, 12, 28, 11], [30, 4, 19, 16, 9, 10, 3, 1], [13, 4, 2, 15, 19, 12, 3, 25], [21, 8, 28, 29, 14, 1, 30, 5], [13, 12, 24, 21, 5, 8, 23, 20], [3, 25, 29, 30, 31, 2, 16, 18], [30, 2, 22, 24, 16, 11, 18, 29], [4, 13, 11, 7, 14, 1, 27, 8], [0, 3, 29, 11, 10, 15, 1, 16], [17, 0, 28, 13, 4, 12, 11, 26], [12, 6, 10, 14, 25, 31, 21, 8], [17, 6, 22, 2, 7, 4, 9, 15], [25, 6, 23, 24, 7, 31, 10, 14], [17, 31, 6, 21, 23, 1, 18, 10], [26, 5, 0, 8, 2, 16, 14, 13], [22, 15, 11, 17, 26, 25, 14, 8], [24, 11, 19, 30, 25, 12, 9, 18], [24, 19, 14, 4, 10, 15, 7, 11], [16, 8, 3, 22, 12, 5, 6, 13], [8, 18, 10, 12, 29, 30, 9, 25], [31, 21, 28, 7, 29, 1, 11, 30], [14, 17, 26, 5, 11, 15, 29, 4], [28, 16, 0, 17, 29, 7, 30, 22], [12, 13, 22, 30, 0, 16, 10, 26], [24, 3, 0, 22, 15, 17, 16, 31], [24, 23, 16, 7, 9, 31, 0, 5], [7, 27, 12, 20, 6, 26, 15, 13], [12, 15, 9, 27, 23, 2, 0, 14], [26, 23, 1, 28, 22, 5, 16, 6], [0, 8, 9, 17, 24, 23, 4, 16], [3, 10, 16, 11, 23, 9, 2, 12], [16, 15, 14, 20, 4, 19, 31, 23], [12, 11, 3, 10, 17, 28, 1, 5], [1, 4, 29, 3, 14, 22, 7, 23], [8, 20, 0, 13, 12, 1, 17, 15]]",8,0.8119891285896301,128,random,0.0,7040,4.0,124,0.8817599415779114,71,16 14 48 2,1753,0.7152237892150879,test,top_r_mean,0.0,0.0,0.25,0.5
0.13928182807399347,0.0,29,0.0,31,0.04309997893869877,hotpotqa,1.0,0.0,0.0,0.0,5a7e513a5542994959419996,mean,1.0,0.0,,0,0.0,128,full_k,0.0,14704,4.0,124,0.0,0,16 8 24 0,919,1.0,test,top_r_mean,1.0,1.0,1.0,1.0
0.13928182807399347,0.0,29,0.0,31,2.394000068306923,hotpotqa,1.0,0.0,0.0,0.0,5a7e513a5542994959419996,mean,0.5517241379310345,0.05271624028682709,,1,1.564121127128601,128,mean,0.0,464,4.0,124,1.587125539779663,0,24 10 8 16,919,0.7729064226150513,test,top_r_mean,0.0,0.0,0.75,0.875
0.13928182807399347,1.0,29,0.0,31,24.105099961161613,hotpotqa,1.0,0.25,0.25,0.0,5a7e513a5542994959419996,mean,0.30049261083743845,0.2846943140029907,"[[24], [24], [24], [24], [24], [24], [24], [24], [24], [24], [24], [24], [24], [24], [24], [24], [24], [24], [24], [24], [24], [24], [24], [24], [24], [24], [24], [24], [15]]",1,1.7566843032836914,128,last,1.0,464,4.0,124,1.9380539655685425,0,25 18 9 3,919,0.3960590958595276,test,top_r_mean,0.0,0.0,0.0,0.375
0.13928182807399347,0.0,29,0.0,31,24.8002998996526,hotpotqa,1.0,0.0,0.0,0.0,5a7e513a5542994959419996,mean,0.3054187192118227,0.06826042383909225,"[[6], [4], [17], [11], [2], [15], [24], [7], [26], [30], [25], [7], [18], [29], [29], [20], [10], [17], [8], [10], [5], [28], [2], [3], [14], [12], [15], [10], [21]]",1,1.0454045534133911,128,farthest,0.0,464,4.0,124,1.1014564037322998,0,0 16 17 4,919,0.42266008257865906,test,top_r_mean,0.0,0.5,0.5,0.625
0.13928182807399347,1.0,29,0.0,31,21.59539982676506,hotpotqa,1.0,0.25,0.25,0.0,5a7e513a5542994959419996,mean,0.43842364532019706,0.10708889365196228,"[[6], [16], [26], [17], [23], [11], [9], [3], [29], [29], [22], [23], [14], [26], [21], [31], [6], [4], [17], [31], [3], [25], [3], [0], [28], [10], [13], [23], [9]]",1,0.2734043598175049,128,greedy_oracle,1.0,464,4.0,124,0.4358959197998047,0,25 9 10 11,919,0.5950738787651062,test,top_r_mean,0.0,0.0,0.0,0.5
0.13928182807399347,1.0,29,1.0,31,22.41059998050332,hotpotqa,1.0,0.5,0.5,0.0,5a7e513a5542994959419996,mean,0.3251231527093596,1.0662039518356323,"[[19], [28], [23], [27], [7], [28], [9], [21], [0], [9], [25], [3], [15], [11], [5], [22], [25], [31], [25], [1], [16], [11], [9], [20], [12], [16], [10], [4], [21]]",1,1.46998131275177,128,random,0.5,464,4.0,124,1.6024762392044067,11,8 6 26 0,919,0.46945810317993164,test,top_r_mean,0.0,0.5,0.5,0.5
0.13928182807399347,0.0,29,0.0,31,22.193500073626637,hotpotqa,1.0,0.0,0.0,0.0,5a7e513a5542994959419996,mean,0.09359605911330049,0.23460084199905396,"[[14], [9], [26], [17], [7], [31], [4], [11], [8], [21], [2], [15], [27], [14], [2], [14], [13], [26], [26], [19], [4], [16], [23], [26], [5], [5], [18], [12], [0]]",1,1.385581135749817,128,random,0.0,464,4.0,124,1.5432350635528564,23,2 3 7 12,919,0.13793103396892548,test,top_r_mean,0.0,0.0,0.0,0.5
0.13928182807399347,0.0,29,0.0,31,19.99430009163916,hotpotqa,1.0,0.0,0.0,0.0,5a7e513a5542994959419996,mean,0.09359605911330049,0.2733357846736908,"[[4], [13], [21], [20], [21], [6], [18], [30], [28], [25], [31], [26], [12], [19], [14], [25], [20], [14], [25], [29], [3], [13], [26], [9], [31], [25], [14], [16], [21]]",1,1.5718268156051636,128,random,0.0,464,4.0,124,1.7569128274917603,37,24 20 1 18,919,0.15320195257663727,test,top_r_mean,0.0,0.0,0.25,0.25
0.1294885745375408,0.0,29,0.0,31,16.644399845972657,hotpotqa,0.9296875,0.0,0.0,0.0,5a7e513a5542994959419996,mean,0.0,0.3660232722759247,"[[8], [3], [7], [21], [5], [30], [24], [7], [7], [6], [23], [14], [24], [24], [20], [28], [23], [14], [1], [5], [29], [31], [9], [17], [7], [22], [7], [5], [9]]",1,1.7569780349731445,119,random,0.0,464,4.0,124,1.9680525064468384,53,9 19 10 28,919,0.01625615730881691,test,top_r_mean,0.0,0.0,0.0,0.25
0.13928182807399347,0.0,29,0.0,31,17.57650007493794,hotpotqa,1.0,0.0,0.0,0.0,5a7e513a5542994959419996,mean,0.13793103448275862,1.0833191871643066,"[[8], [24], [0], [20], [21], [9], [1], [1], [2], [23], [1], [27], [22], [29], [24], [25], [0], [10], [6], [6], [11], [20], [26], [0], [14], [23], [16], [14], [14]]",1,1.4968353509902954,128,random,0.0,464,4.0,124,1.6931450366973877,71,16 23 10 7,919,0.20492608845233917,test,top_r_mean,1.0,0.5,0.25,0.5
0.13928182807399347,1.0,29,0.0,31,24.782099993899465,hotpotqa,1.0,0.25,0.25,0.0,5a7e513a5542994959419996,mean,0.18719211822660098,0.21180936694145203,"[[24, 25], [24, 25], [24, 25], [24, 25], [24, 25], [24, 25], [24, 25], [24, 25], [24, 25], [24, 25], [24, 25], [24, 25], [24, 25], [24, 25], [24, 25], [24, 25], [24, 25], [24, 25], [24, 25], [24, 25], [24, 25], [24, 25], [24, 25], [24, 25], [24, 25], [24, 25], [24, 25], [24, 25], [15, 16]]",2,1.7113863229751587,128,last,0.25,928,4.0,124,1.8344584703445435,0,18 3 27 6,919,0.2423645406961441,test,top_r_mean,0.0,0.0,0.0,0.25
0.13928182807399347,0.0,29,0.0,31,21.297300001606345,hotpotqa,1.0,0.0,0.0,0.0,5a7e513a5542994959419996,mean,0.2413793103448276,0.5341101884841919,"[[6, 0], [4, 17], [17, 0], [11, 21], [2, 24], [15, 30], [24, 1], [7, 12], [26, 0], [30, 8], [25, 7], [7, 9], [18, 12], [29, 7], [29, 17], [20, 2], [10, 0], [17, 11], [8, 15], [10, 6], [5, 23], [28, 11], [2, 26], [3, 16], [14, 0], [12, 6], [15, 19], [10, 31], [21, 11]]",2,1.578035593032837,128,farthest,0.0,928,4.0,124,1.7025445699691772,0,0 16 8 24,919,0.3448275625705719,test,top_r_mean,0.0,0.5,1.0,0.625
0.13928182807399347,0.0,29,0.0,31,19.29339999333024,hotpotqa,1.0,0.0,0.0,0.0,5a7e513a5542994959419996,mean,0.7192118226600985,0.05365649238228798,"[[6, 0], [16, 23], [26, 4], [17, 4], [23, 12], [11, 17], [9, 28], [3, 4], [29, 0], [29, 6], [22, 4], [23, 28], [14, 26], [26, 0], [21, 28], [31, 8], [6, 0], [4, 3], [17, 30], [31, 2], [3, 10], [25, 29], [3, 2], [0, 30], [28, 0], [10, 28], [13, 0], [23, 9], [9, 22]]",2,0.2431708574295044,128,greedy_oracle,0.0,928,4.0,124,0.2775970995426178,0,16 24 0 8,919,0.8822660446166992,test,top_r_mean,1.0,0.5,1.0,0.75
0.13928182807399347,1.0,29,0.0,31,21.09199995175004,hotpotqa,1.0,0.25,0.25,0.0,5a7e513a5542994959419996,mean,0.27586206896551724,0.22836753726005554,"[[19, 7], [28, 0], [23, 3], [27, 15], [7, 21], [28, 2], [9, 7], [21, 24], [0, 5], [9, 15], [25, 18], [3, 1], [15, 5], [11, 4], [5, 9], [22, 31], [25, 16], [31, 11], [25, 30], [1, 20], [16, 15], [11, 26], [9, 1], [20, 11], [12, 31], [16, 11], [10, 13], [4, 22], [21, 18]]",2,1.4087094068527222,128,random,0.5,928,4.0,124,1.5280499458312988,11,8 26 24 18,919,0.37832510471343994,test,top_r_mean,0.0,0.5,0.5,0.375
0.13928182807399347,1.0,29,0.0,31,23.290099808946252,hotpotqa,1.0,0.25,0.25,0.0,5a7e513a5542994959419996,mean,0.2019704433497537,0.16502274572849274,"[[14, 16], [9, 15], [26, 2], [17, 9], [7, 5], [31, 23], [4, 26], [11, 2], [8, 2], [21, 0], [2, 26], [15, 28], [27, 24], [14, 10], [2, 14], [14, 13], [13, 19], [26, 19], [26, 8], [19, 15], [4, 31], [16, 24], [23, 26], [26, 18], [5, 31], [5, 15], [18, 31], [12, 4], [0, 16]]",2,1.5411477088928223,128,random,0.3333333333333333,928,4.0,124,1.6322146654129028,23,24 11 25 3,919,0.2812807857990265,test,top_r_mean,0.0,0.0,0.25,0.375
0.13928182807399347,0.0,29,0.0,31,20.659599918872118,hotpotqa,1.0,0.0,0.0,0.0,5a7e513a5542994959419996,mean,0.2512315270935961,0.1415407657623291,"[[4, 6], [13, 19], [21, 14], [20, 16], [21, 0], [6, 16], [18, 16], [30, 19], [28, 22], [25, 3], [31, 17], [26, 29], [12, 2], [19, 20], [14, 16], [25, 20], [20, 26], [14, 20], [25, 3], [29, 7], [3, 30], [13, 23], [26, 17], [9, 17], [31, 11], [25, 2], [14, 30], [16, 7], [21, 15]]",2,1.522212266921997,128,random,0.0,928,4.0,124,1.6160094738006592,37,11 8 24 18,919,0.36748766899108887,test,top_r_mean,0.0,0.5,0.5,0.25
0.13928182807399347,0.0,29,0.0,31,20.48790012486279,hotpotqa,1.0,0.0,0.0,0.0,5a7e513a5542994959419996,mean,0.014778325123152709,0.3023952841758728,"[[8, 20], [3, 13], [7, 9], [21, 1], [5, 19], [30, 16], [24, 2], [7, 21], [7, 19], [6, 29], [23, 16], [14, 13], [24, 19], [24, 23], [20, 6], [28, 21], [23, 29], [14, 30], [1, 27], [5, 1], [29, 11], [31, 29], [9, 24], [17, 21], [7, 23], [22, 19], [7, 21], [5, 16], [9, 11]]",2,1.6942384243011475,128,random,0.0,928,4.0,124,1.8433904647827148,53,9 21 19 4,919,0.04827586188912392,test,top_r_mean,0.0,0.0,0.0,0.125
0.13928182807399347,1.0,29,0.0,31,19.111899891868234,hotpotqa,1.0,0.25,0.25,0.0,5a7e513a5542994959419996,mean,0.08866995073891626,0.2915244698524475,"[[8, 16], [24, 12], [0, 25], [20, 31], [21, 24], [9, 29], [1, 19], [1, 26], [2, 18], [23, 29], [1, 9], [27, 22], [22, 12], [29, 20], [24, 14], [25, 5], [0, 21], [10, 19], [6, 31], [6, 29], [11, 27], [20, 3], [26, 13], [0, 21], [14, 10], [23, 10], [16, 1], [14, 0], [14, 4]]",2,1.4493612051010132,128,random,0.25,928,4.0,124,1.5978546142578125,71,16 23 9 25,919,0.13793103396892548,test,top_r_mean,1.0,0.5,0.25,0.375
0.13928182807399347,0.0,29,0.0,31,25.774999987334013,hotpotqa,1.0,0.0,0.0,0.0,5a7e513a5542994959419996,mean,0.270935960591133,0.1186903715133667,"[[24, 25, 26, 27], [24, 25, 26, 27], [24, 25, 26, 27], [24, 25, 26, 27], [24, 25, 26, 27], [24, 25, 26, 27], [24, 25, 26, 27], [24, 25, 26, 27], [24, 25, 26, 27], [24, 25, 26, 27], [24, 25, 26, 27], [24, 25, 26, 27], [24, 25, 26, 27], [24, 25, 26, 27], [24, 25, 26, 27], [24, 25, 26, 27], [24, 25, 26, 27], [24, 25, 26, 27], [24, 25, 26, 27], [24, 25, 26, 27], [24, 25, 26, 27], [24, 25, 26, 27], [24, 25, 26, 27], [24, 25, 26, 27], [24, 25, 26, 27], [24, 25, 26, 27], [24, 25, 26, 27], [24, 25, 26, 27], [15, 16, 17, 18]]",4,1.63681161403656,128,last,0.0,1856,4.0,124,1.698099136352539,0,18 3 24 8,919,0.38226598501205444,test,top_r_mean,0.0,0.0,0.5,0.5
0.13928182807399347,0.0,29,0.0,31,21.167200058698654,hotpotqa,1.0,0.0,0.0,0.0,5a7e513a5542994959419996,mean,0.2019704433497537,0.07599823921918869,"[[6, 0, 24, 3], [4, 17, 31, 2], [17, 0, 8, 2], [11, 21, 7, 30], [2, 24, 16, 26], [15, 30, 5, 26], [24, 1, 29, 10], [7, 12, 14, 23], [26, 0, 20, 14], [30, 8, 22, 10], [25, 7, 2, 20], [7, 9, 24, 0], [18, 12, 28, 15], [29, 7, 8, 15], [29, 17, 6, 18], [20, 2, 0, 17], [10, 0, 3, 4], [17, 11, 0, 5], [8, 15, 21, 17], [10, 6, 13, 31], [5, 23, 13, 28], [28, 11, 10, 26], [2, 26, 6, 17], [3, 16, 25, 1], [14, 0, 17, 29], [12, 6, 21, 25], [15, 19, 18, 21], [10, 31, 1, 26], [21, 11, 10, 5]]",4,1.9524891376495361,128,farthest,0.0,1856,4.0,124,1.984848976135254,0,24 0 16 8,919,0.32364529371261597,test,top_r_mean,0.0,0.0,1.0,0.625
0.13928182807399347,0.0,29,0.0,31,19.02459980919957,hotpotqa,1.0,0.0,0.0,0.0,5a7e513a5542994959419996,mean,0.7881773399014779,0.0016063549555838108,"[[6, 0, 12, 13], [16, 23, 1, 13], [26, 4, 12, 23], [17, 4, 3, 1], [23, 12, 29, 2], [11, 17, 16, 7], [9, 28, 14, 31], [3, 4, 1, 11], [29, 0, 30, 1], [29, 6, 5, 24], [22, 4, 1, 30], [23, 28, 29, 1], [14, 26, 27, 31], [26, 0, 1, 27], [21, 28, 27, 0], [31, 8, 4, 9], [6, 0, 28, 11], [4, 3, 17, 8], [17, 30, 24, 25], [31, 2, 5, 9], [3, 10, 8, 11], [25, 29, 30, 15], [3, 2, 5, 30], [0, 30, 4, 5], [28, 0, 31, 2], [10, 28, 3, 13], [13, 0, 3, 27], [23, 9, 29, 25], [9, 22, 14, 4]]",4,0.3834744691848755,128,greedy_oracle,0.0,1856,4.0,124,0.3878251910209656,0,16 24 8 0,919,0.912315309047699,test,top_r_mean,1.0,0.5,1.0,1.0
0.13928182807399347,1.0,29,0.0,31,21.755600115284324,hotpotqa,1.0,0.25,0.25,0.0,5a7e513a5542994959419996,mean,0.2955665024630542,0.1260034590959549,"[[19, 7, 13, 18], [28, 0, 8, 16], [23, 3, 5, 14], [27, 15, 19, 30], [7, 21, 3, 18], [28, 2, 1, 29], [9, 7, 15, 16], [21, 24, 10, 22], [0, 5, 17, 27], [9, 15, 10, 1], [25, 18, 5, 17], [3, 1, 20, 10], [15, 5, 23, 19], [11, 4, 0, 29], [5, 9, 8, 6], [22, 31, 23, 2], [25, 16, 2, 4], [31, 11, 2, 19], [25, 30, 5, 12], [1, 20, 24, 28], [16, 15, 30, 9], [11, 26, 22, 5], [9, 1, 15, 25], [20, 11, 13, 14], [12, 31, 19, 27], [16, 11, 19, 23], [10, 13, 17, 26], [4, 22, 8, 24], [21, 18, 13, 17]]",4,1.5721173286437988,128,random,0.5,1856,4.0,124,1.644370436668396,11,8 6 4 0,919,0.42561575770378113,test,top_r_mean,0.0,0.5,0.5,0.5
0.13928182807399347,1.0,29,0.0,31,18.991399789229035,hotpotqa,1.0,0.25,0.25,0.0,5a7e513a5542994959419996,mean,0.27586206896551724,0.11441043019294739,"[[14, 16, 21, 26], [9, 15, 7, 29], [26, 2, 6, 28], [17, 9, 16, 12], [7, 5, 28, 27], [31, 23, 3, 17], [4, 26, 11, 7], [11, 2, 24, 17], [8, 2, 19, 29], [21, 0, 14, 11], [2, 26, 22, 18], [15, 28, 6, 11], [27, 24, 6, 16], [14, 10, 30, 12], [2, 14, 28, 8], [14, 13, 22, 19], [13, 19, 12, 10], [26, 19, 21, 8], [26, 8, 16, 15], [19, 15, 6, 17], [4, 31, 0, 9], [16, 24, 31, 15], [23, 26, 11, 21], [26, 18, 24, 25], [5, 31, 16, 6], [5, 15, 30, 28], [18, 31, 21, 22], [12, 4, 17, 16], [0, 16, 22, 17]]",4,1.5813971757888794,128,random,1.0,1856,4.0,124,1.6418207883834839,23,25 10 11 16,919,0.4000000059604645,test,top_r_mean,0.0,0.0,0.25,0.625
0.13928182807399347,0.0,29,0.0,31,20.83870000205934,hotpotqa,1.0,0.0,0.0,0.0,5a7e513a5542994959419996,mean,0.1625615763546798,0.10983112454414368,"[[4, 6, 26, 30], [13, 19, 14, 12], [21, 14, 29, 4], [20, 16, 0, 25], [21, 0, 31, 17], [6, 16, 9, 4], [18, 16, 24, 5], [30, 19, 15, 2], [28, 22, 7, 8], [25, 3, 4, 21], [31, 17, 20, 10], [26, 29, 23, 27], [12, 2, 31, 9], [19, 20, 1, 13], [14, 16, 22, 23], [25, 20, 11, 8], [20, 26, 16, 0], [14, 20, 23, 16], [25, 3, 4, 10], [29, 7, 18, 20], [3, 30, 8, 19], [13, 23, 8, 25], [26, 17, 9, 25], [9, 17, 12, 1], [31, 11, 9, 17], [25, 2, 7, 6], [14, 30, 20, 21], [16, 7, 6, 0], [21, 15, 11, 7]]",4,1.5501471757888794,128,random,0.0,1856,4.0,124,1.622380018234253,37,16 11 24 2,919,0.25123149156570435,test,top_r_mean,1.0,0.5,0.5,0.375
0.13928182807399347,0.0,29,0.0,31,22.00650004670024,hotpotqa,1.0,0.0,0.0,0.0,5a7e513a5542994959419996,mean,0.16748768472906403,0.1411445140838623,"[[8, 20, 15, 1], [3, 13, 20, 17], [7, 9, 23, 20], [21, 1, 24, 5], [5, 19, 9, 12], [30, 16, 29, 15], [24, 2, 29, 11], [7, 21, 12, 25], [7, 19, 6, 8], [6, 29, 14, 15], [23, 16, 27, 7], [14, 13, 6, 26], [24, 19, 28, 30], [24, 23, 13, 19], [20, 6, 15, 12], [28, 21, 6, 14], [23, 29, 13, 16], [14, 30, 23, 10], [1, 27, 30, 0], [5, 1, 3, 26], [29, 11, 8, 15], [31, 29, 11, 24], [9, 24, 26, 20], [17, 21, 4, 23], [7, 23, 12, 0], [22, 19, 25, 0], [7, 21, 10, 25], [5, 16, 4, 26], [9, 11, 5, 3]]",4,1.6317681074142456,128,random,0.0,1856,4.0,124,1.7087152004241943,53,24 4 19 9,919,0.2817733883857727,test,top_r_mean,0.0,0.0,0.25,0.125
0.13928182807399347,1.0,29,0.0,31,19.73329996690154,hotpotqa,1.0,0.25,0.25,0.0,5a7e513a5542994959419996,mean,0.2413793103448276,0.09517760574817657,"[[8, 16, 31, 21], [24, 12, 14, 26], [0, 25, 3, 1], [20, 31, 28, 17], [21, 24, 26, 30], [9, 29, 7, 1], [1, 19, 15, 7], [1, 26, 21, 8], [2, 18, 19, 26], [23, 29, 17, 31], [1, 9, 14, 6], [27, 22, 5, 18], [22, 12, 8, 4], [29, 20, 14, 13], [24, 14, 6, 22], [25, 5, 9, 13], [0, 21, 15, 24], [10, 19, 31, 2], [6, 31, 26, 18], [6, 29, 28, 2], [11, 27, 6, 30], [20, 3, 7, 1], [26, 13, 1, 4], [0, 21, 27, 26], [14, 10, 28, 3], [23, 10, 7, 2], [16, 1, 6, 24], [14, 0, 24, 30], [14, 4, 18, 7]]",4,1.481524109840393,128,random,0.3333333333333333,1856,4.0,124,1.5348727703094482,71,16 24 25 10,919,0.3019704222679138,test,top_r_mean,1.0,0.5,0.5,0.5
0.13928182807399347,1.0,29,0.0,31,20.89319983497262,hotpotqa,1.0,0.25,0.25,0.0,5a7e513a5542994959419996,mean,0.43349753694581283,0.0772242546081543,"[[24, 25, 26, 27, 28, 29, 30, 31], [24, 25, 26, 27, 28, 29, 30, 31], [24, 25, 26, 27, 28, 29, 30, 31], [24, 25, 26, 27, 28, 29, 30, 31], [24, 25, 26, 27, 28, 29, 30, 31], [24, 25, 26, 27, 28, 29, 30, 31], [24, 25, 26, 27, 28, 29, 30, 31], [24, 25, 26, 27, 28, 29, 30, 31], [24, 25, 26, 27, 28, 29, 30, 31], [24, 25, 26, 27, 28, 29, 30, 31], [24, 25, 26, 27, 28, 29, 30, 31], [24, 25, 26, 27, 28, 29, 30, 31], [24, 25, 26, 27, 28, 29, 30, 31], [24, 25, 26, 27, 28, 29, 30, 31], [24, 25, 26, 27, 28, 29, 30, 31], [24, 25, 26, 27, 28, 29, 30, 31], [24, 25, 26, 27, 28, 29, 30, 31], [24, 25, 26, 27, 28, 29, 30, 31], [24, 25, 26, 27, 28, 29, 30, 31], [24, 25, 26, 27, 28, 29, 30, 31], [24, 25, 26, 27, 28, 29, 30, 31], [24, 25, 26, 27, 28, 29, 30, 31], [24, 25, 26, 27, 28, 29, 30, 31], [24, 25, 26, 27, 28, 29, 30, 31], [24, 25, 26, 27, 28, 29, 30, 31], [24, 25, 26, 27, 28, 29, 30, 31], [24, 25, 26, 27, 28, 29, 30, 31], [24, 25, 26, 27, 28, 29, 30, 31], [15, 16, 17, 18, 19, 20, 21, 22]]",8,0.828429102897644,128,last,0.25,3712,4.0,124,0.9036099314689636,0,24 8 9 25,919,0.5940887331962585,test,top_r_mean,0.0,0.5,0.5,0.625
0.13928182807399347,0.0,29,0.0,31,18.844999838620424,hotpotqa,1.0,0.0,0.0,0.0,5a7e513a5542994959419996,mean,0.3448275862068966,0.035399965941905975,"[[6, 0, 24, 3, 4, 16, 20, 1], [4, 17, 31, 2, 7, 20, 29, 16], [17, 0, 8, 2, 5, 16, 24, 22], [11, 21, 7, 30, 8, 18, 17, 2], [2, 24, 16, 26, 10, 12, 13, 8], [15, 30, 5, 26, 12, 24, 11, 2], [24, 1, 29, 10, 20, 28, 3, 26], [7, 12, 14, 23, 30, 25, 27, 19], [26, 0, 20, 14, 18, 19, 27, 7], [30, 8, 22, 10, 12, 13, 16, 7], [25, 7, 2, 20, 22, 5, 8, 1], [7, 9, 24, 0, 23, 16, 21, 31], [18, 12, 28, 15, 6, 25, 8, 24], [29, 7, 8, 15, 24, 16, 21, 10], [29, 17, 6, 18, 7, 5, 12, 26], [20, 2, 0, 17, 27, 31, 11, 12], [10, 0, 3, 4, 19, 1, 28, 14], [17, 11, 0, 5, 23, 9, 29, 1], [8, 15, 21, 17, 10, 19, 22, 27], [10, 6, 13, 31, 24, 1, 22, 3], [5, 23, 13, 28, 15, 17, 25, 12], [28, 11, 10, 26, 21, 16, 20, 7], [2, 26, 6, 17, 30, 4, 8, 18], [3, 16, 25, 1, 10, 27, 28, 14], [14, 0, 17, 29, 10, 7, 16, 20], [12, 6, 21, 25, 0, 26, 18, 5], [15, 19, 18, 21, 24, 23, 9, 13], [10, 31, 1, 26, 5, 17, 29, 0], [21, 11, 10, 5, 2, 4, 15, 13]]",8,0.968932032585144,128,farthest,0.0,3712,4.0,124,1.0090851783752441,0,16 24 0 8,919,0.483743816614151,test,top_r_mean,1.0,0.5,1.0,0.625
0.13928182807399347,0.0,29,0.0,31,20.37299983203411,hotpotqa,1.0,0.0,0.0,0.0,5a7e513a5542994959419996,mean,0.8866995073891626,0.00046190526336431503,"[[6, 0, 12, 13, 31, 28, 2, 19], [16, 23, 1, 13, 0, 10, 24, 22], [26, 4, 12, 23, 21, 11, 20, 13], [17, 4, 3, 1, 25, 11, 2, 0], [23, 12, 29, 2, 22, 19, 21, 3], [11, 17, 16, 7, 8, 23, 19, 21], [9, 28, 14, 31, 25, 13, 24, 22], [3, 4, 1, 11, 5, 19, 18, 25], [29, 0, 30, 1, 22, 6, 2, 17], [29, 6, 5, 24, 30, 31, 19, 25], [22, 4, 1, 30, 29, 23, 2, 6], [23, 28, 29, 1, 16, 8, 26, 0], [14, 26, 27, 31, 19, 4, 8, 20], [26, 0, 1, 27, 13, 7, 8, 31], [21, 28, 27, 0, 22, 4, 2, 1], [31, 8, 4, 9, 21, 14, 3, 2], [6, 0, 28, 11, 7, 12, 10, 9], [4, 3, 17, 8, 26, 6, 9, 2], [17, 30, 24, 25, 31, 9, 18, 27], [31, 2, 5, 9, 3, 0, 26, 1], [3, 10, 8, 11, 0, 4, 7, 19], [25, 29, 30, 15, 3, 9, 11, 10], [3, 2, 5, 30, 7, 14, 4, 8], [0, 30, 4, 5, 8, 24, 7, 14], [28, 0, 31, 2, 3, 29, 6, 5], [10, 28, 3, 13, 17, 5, 15, 11], [13, 0, 3, 27, 10, 1, 2, 14], [23, 9, 29, 25, 10, 28, 24, 21], [9, 22, 14, 4, 1, 20, 17, 10]]",8,0.11636965721845627,128,greedy_oracle,0.0,3712,4.0,124,0.12064622342586517,0,16 8 24 0,919,0.9615763425827026,test,top_r_mean,1.0,1.0,1.0,1.0
0.13928182807399347,0.0,29,0.0,31,19.789200043305755,hotpotqa,1.0,0.0,0.0,0.0,5a7e513a5542994959419996,mean,0.3793103448275862,0.08800015598535538,"[[19, 7, 13, 18, 14, 28, 12, 5], [28, 0, 8, 16, 4, 27, 6, 21], [23, 3, 5, 14, 10, 7, 27, 30], [27, 15, 19, 30, 13, 4, 8, 31], [7, 21, 3, 18, 26, 30, 20, 17], [28, 2, 1, 29, 24, 9, 26, 31], [9, 7, 15, 16, 20, 14, 5, 1], [21, 24, 10, 22, 13, 11, 9, 23], [0, 5, 17, 27, 15, 18, 23, 13], [9, 15, 10, 1, 30, 22, 31, 29], [25, 18, 5, 17, 3, 10, 6, 12], [3, 1, 20, 10, 25, 13, 17, 7], [15, 5, 23, 19, 3, 14, 16, 26], [11, 4, 0, 29, 17, 6, 5, 12], [5, 9, 8, 6, 27, 18, 12, 15], [22, 31, 23, 2, 7, 15, 6, 16], [25, 16, 2, 4, 22, 3, 1, 27], [31, 11, 2, 19, 16, 8, 25, 10], [25, 30, 5, 12, 16, 8, 9, 15], [1, 20, 24, 28, 18, 17, 19, 23], [16, 15, 30, 9, 0, 6, 25, 10], [11, 26, 22, 5, 31, 30, 28, 3], [9, 1, 15, 25, 20, 2, 5, 6], [20, 11, 13, 14, 19, 9, 5, 18], [12, 31, 19, 27, 14, 25, 13, 24], [16, 11, 19, 23, 29, 30, 15, 20], [10, 13, 17, 26, 24, 20, 31, 18], [4, 22, 8, 24, 10, 5, 13, 3], [21, 18, 13, 17, 4, 9, 10, 19]]",8,0.8557944297790527,128,random,0.0,3712,4.0,124,0.9310739636421204,11,8 0 12 24,919,0.523645281791687,test,top_r_mean,0.0,0.5,0.75,0.5
0.13928182807399347,1.0,29,0.0,31,18.30090000294149,hotpotqa,1.0,0.25,0.25,0.0,5a7e513a5542994959419996,mean,0.39901477832512317,0.07401417195796967,"[[14, 16, 21, 26, 4, 9, 1, 19], [9, 15, 7, 29, 27, 25, 26, 22], [26, 2, 6, 28, 15, 21, 11, 13], [17, 9, 16, 12, 28, 0, 20, 18], [7, 5, 28, 27, 21, 31, 24, 22], [31, 23, 3, 17, 16, 25, 12, 6], [4, 26, 11, 7, 24, 5, 21, 27], [11, 2, 24, 17, 10, 8, 15, 31], [8, 2, 19, 29, 4, 1, 7, 16], [21, 0, 14, 11, 31, 9, 27, 6], [2, 26, 22, 18, 5, 9, 8, 30], [15, 28, 6, 11, 9, 7, 3, 4], [27, 24, 6, 16, 19, 22, 21, 15], [14, 10, 30, 12, 6, 3, 25, 31], [2, 14, 28, 8, 5, 21, 18, 0], [14, 13, 22, 19, 10, 24, 12, 18], [13, 19, 12, 10, 11, 27, 23, 16], [26, 19, 21, 8, 16, 27, 22, 6], [26, 8, 16, 15, 23, 24, 10, 4], [19, 15, 6, 17, 11, 8, 27, 26], [4, 31, 0, 9, 16, 3, 5, 2], [16, 24, 31, 15, 1, 4, 7, 8], [23, 26, 11, 21, 30, 9, 22, 1], [26, 18, 24, 25, 5, 7, 23, 2], [5, 31, 16, 6, 20, 0, 17, 3], [5, 15, 30, 28, 29, 13, 1, 19], [18, 31, 21, 22, 24, 14, 23, 9], [12, 4, 17, 16, 5, 15, 28, 10], [0, 16, 22, 17, 18, 19, 15, 6]]",8,0.8515351414680481,128,random,0.3333333333333333,3712,4.0,124,0.9152273535728455,23,24 10 25 16,919,0.5827586054801941,test,top_r_mean,0.0,0.0,0.5,0.75
0.13928182807399347,0.0,29,0.0,31,20.49769996665418,hotpotqa,1.0,0.0,0.0,0.0,5a7e513a5542994959419996,mean,0.4088669950738916,0.04286588355898857,"[[4, 6, 26, 30, 1, 29, 8, 19], [13, 19, 14, 12, 11, 27, 4, 8], [21, 14, 29, 4, 18, 13, 16, 22], [20, 16, 0, 25, 22, 21, 5, 6], [21, 0, 31, 17, 27, 16, 29, 15], [6, 16, 9, 4, 25, 13, 19, 14], [18, 16, 24, 5, 26, 23, 14, 15], [30, 19, 15, 2, 26, 13, 16, 27], [28, 22, 7, 8, 6, 31, 3, 1], [25, 3, 4, 21, 28, 30, 15, 6], [31, 17, 20, 10, 3, 5, 8, 7], [26, 29, 23, 27, 14, 17, 22, 6], [12, 2, 31, 9, 1, 8, 6, 18], [19, 20, 1, 13, 5, 17, 8, 0], [14, 16, 22, 23, 24, 2, 28, 18], [25, 20, 11, 8, 26, 18, 6, 5], [20, 26, 16, 0, 28, 12, 27, 15], [14, 20, 23, 16, 12, 8, 0, 22], [25, 3, 4, 10, 24, 15, 17, 28], [29, 7, 18, 20, 30, 1, 11, 0], [3, 30, 8, 19, 24, 0, 23, 21], [13, 23, 8, 25, 2, 14, 17, 16], [26, 17, 9, 25, 21, 28, 4, 16], [9, 17, 12, 1, 3, 25, 20, 18], [31, 11, 9, 17, 3, 30, 4, 29], [25, 2, 7, 6, 19, 8, 31, 9], [14, 30, 20, 21, 23, 24, 11, 6], [16, 7, 6, 0, 28, 25, 26, 13], [21, 15, 11, 7, 17, 14, 3, 0]]",8,0.8360040783882141,128,random,0.0,3712,4.0,124,0.8807453513145447,37,16 8 24 0,919,0.5418719053268433,test,top_r_mean,1.0,1.0,1.0,0.5
0.13928182807399347,0.0,29,0.0,31,21.959400037303567,hotpotqa,1.0,0.0,0.0,0.0,5a7e513a5542994959419996,mean,0.1724137931034483,0.08620104193687439,"[[8, 20, 15, 1, 17, 22, 18, 25], [3, 13, 20, 17, 8, 15, 28, 31], [7, 9, 23, 20, 11, 15, 1, 14], [21, 1, 24, 5, 4, 11, 12, 6], [5, 19, 9, 12, 15, 25, 10, 8], [30, 16, 29, 15, 26, 27, 31, 0], [24, 2, 29, 11, 0, 13, 19, 30], [7, 21, 12, 25, 14, 17, 11, 6], [7, 19, 6, 8, 15, 5, 25, 17], [6, 29, 14, 15, 19, 27, 25, 30], [23, 16, 27, 7, 15, 26, 13, 11], [14, 13, 6, 26, 25, 27, 17, 3], [24, 19, 28, 30, 11, 18, 31, 23], [24, 23, 13, 19, 14, 26, 31, 0], [20, 6, 15, 12, 23, 22, 1, 10], [28, 21, 6, 14, 8, 13, 9, 7], [23, 29, 13, 16, 6, 28, 26, 9], [14, 30, 23, 10, 12, 22, 27, 13], [1, 27, 30, 0, 12, 7, 11, 8], [5, 1, 3, 26, 14, 19, 23, 15], [29, 11, 8, 15, 16, 4, 1, 9], [31, 29, 11, 24, 22, 23, 4, 27], [9, 24, 26, 20, 19, 8, 6, 14], [17, 21, 4, 23, 22, 6, 1, 19], [7, 23, 12, 0, 27, 3, 14, 20], [22, 19, 25, 0, 20, 21, 31, 11], [7, 21, 10, 25, 16, 8, 11, 22], [5, 16, 4, 26, 31, 21, 24, 13], [9, 11, 5, 3, 16, 2, 13, 4]]",8,0.8643597960472107,128,random,0.0,3712,4.0,124,0.9407168030738831,53,24 16 9 13,919,0.28029558062553406,test,top_r_mean,0.0,0.5,0.5,0.375
0.13928182807399347,1.0,29,0.0,31,25.755800073966384,hotpotqa,1.0,0.25,0.25,0.0,5a7e513a5542994959419996,mean,0.41379310344827586,0.06830471009016037,"[[8, 16, 31, 21, 2, 1, 5, 10], [24, 12, 14, 26, 19, 1, 27, 2], [0, 25, 3, 1, 5, 11, 16, 2], [20, 31, 28, 17, 30, 13, 4, 24], [21, 24, 26, 30, 8, 13, 0, 28], [9, 29, 7, 1, 6, 19, 4, 30], [1, 19, 15, 7, 11, 25, 31, 6], [1, 26, 21, 8, 31, 9, 18, 25], [2, 18, 19, 26, 25, 21, 9, 27], [23, 29, 17, 31, 18, 30, 8, 26], [1, 9, 14, 6, 15, 26, 24, 7], [27, 22, 5, 18, 31, 3, 2, 29], [22, 12, 8, 4, 9, 1, 2, 24], [29, 20, 14, 13, 9, 1, 8, 15], [24, 14, 6, 22, 29, 23, 31, 7], [25, 5, 9, 13, 26, 29, 8, 11], [0, 21, 15, 24, 13, 23, 27, 25], [10, 19, 31, 2, 27, 6, 9, 8], [6, 31, 26, 18, 0, 10, 7, 14], [6, 29, 28, 2, 19, 23, 11, 12], [11, 27, 6, 30, 8, 31, 1, 19], [20, 3, 7, 1, 31, 17, 8, 4], [26, 13, 1, 4, 27, 14, 17, 21], [0, 21, 27, 26, 17, 5, 2, 14], [14, 10, 28, 3, 0, 4, 23, 8], [23, 10, 7, 2, 30, 31, 3, 0], [16, 1, 6, 24, 18, 26, 20, 19], [14, 0, 24, 30, 21, 15, 19, 8], [14, 4, 18, 7, 6, 15, 13, 22]]",8,0.796630322933197,128,random,0.3333333333333333,3712,4.0,124,0.8568341732025146,71,24 16 25 9,919,0.564039409160614,test,top_r_mean,0.0,0.5,0.5,0.625
0.08689748811948404,0.0,47,0.0,31,0.04920014180243015,hotpotqa,1.0,0.0,0.0,0.0,5a80d6be55429938b6142206,mean,1.0,0.0,,0,0.0,128,full_k,0.0,23567,4.0,124,0.0,0,16 0 24 40,1473,1.0,test,top_r_mean,1.0,1.0,1.0,1.0
0.0658520027155465,0.0,47,0.0,31,3.2836999744176865,hotpotqa,0.7578125,0.0,0.0,0.0,5a80d6be55429938b6142206,mean,0.3987049028677151,0.06790605187416077,,1,1.4900352954864502,97,mean,0.0,752,4.0,124,1.5306564569473267,0,32 25 46 16,1473,0.5341118574142456,test,top_r_mean,0.0,0.0,0.25,0.625
0.08689748811948404,0.0,47,0.0,31,42.32660005800426,hotpotqa,1.0,0.0,0.0,0.0,5a80d6be55429938b6142206,mean,0.15263644773358,0.26477378606796265,"[[24], [24], [24], [24], [24], [24], [24], [24], [24], [24], [24], [24], [24], [24], [24], [24], [24], [24], [24], [24], [24], [24], [24], [24], [24], [24], [24], [24], [24], [24], [24], [24], [24], [24], [24], [24], [24], [24], [24], [24], [24], [24], [24], [24], [24], [24], [0]]",1,1.6352620124816895,128,last,0.0,752,4.0,124,1.7824699878692627,0,25 42 27 40,1473,0.2252543866634369,test,top_r_mean,0.0,0.0,0.25,0.25
0.08689748811948404,0.0,47,0.0,31,39.55759992823005,hotpotqa,1.0,0.0,0.0,0.0,5a80d6be55429938b6142206,mean,0.15633672525439407,0.12222643196582794,"[[11], [13], [19], [13], [16], [11], [25], [1], [1], [31], [14], [25], [12], [28], [29], [14], [23], [10], [18], [0], [19], [31], [28], [23], [24], [7], [19], [19], [14], [19], [9], [23], [3], [28], [14], [3], [30], [4], [17], [12], [10], [19], [28], [0], [11], [20], [0]]",1,1.0757191181182861,128,farthest,0.0,752,4.0,124,1.1672935485839844,0,1 13 28 32,1473,0.2282608598470688,test,top_r_mean,0.0,0.0,0.0,0.125
0.08689748811948404,0.0,47,0.0,31,37.90710004977882,hotpotqa,1.0,0.0,0.0,0.0,5a80d6be55429938b6142206,mean,0.43940795559666973,0.07374237477779388,"[[2], [29], [25], [17], [0], [16], [13], [27], [13], [27], [6], [31], [4], [22], [11], [2], [27], [29], [23], [27], [6], [26], [23], [31], [5], [24], [26], [26], [4], [16], [27], [20], [17], [22], [6], [27], [12], [11], [19], [16], [22], [15], [24], [2], [7], [16], [0]]",1,0.3692593276500702,128,greedy_oracle,0.0,752,4.0,124,0.48717010021209717,0,33 25 41 17,1473,0.6105457544326782,test,top_r_mean,0.0,0.0,0.0,0.625
0.08689748811948404,0.0,47,0.0,31,38.522199960425496,hotpotqa,1.0,0.0,0.0,0.0,5a80d6be55429938b6142206,mean,-0.15633672525439407,0.3278343975543976,"[[1], [4], [13], [9], [24], [28], [3], [19], [18], [2], [17], [24], [18], [14], [21], [21], [29], [20], [16], [23], [12], [25], [4], [18], [26], [28], [18], [28], [19], [10], [21], [1], [3], [8], [25], [31], [29], [26], [0], [6], [25], [2], [8], [22], [0], [20], [0]]",1,1.7928009033203125,128,random,0.0,752,4.0,124,1.9671982526779175,11,32 29 20 25,1473,-0.2047872394323349,test,top_r_mean,0.0,0.0,0.0,0.25
0.08689748811948404,1.0,47,0.0,31,34.51659996062517,hotpotqa,1.0,0.25,0.25,0.0,5a80d6be55429938b6142206,mean,0.2784458834412581,0.7633890509605408,"[[27], [29], [11], [27], [5], [14], [24], [22], [11], [5], [30], [24], [27], [8], [17], [13], [7], [25], [11], [17], [20], [19], [12], [28], [15], [31], [27], [4], [3], [19], [15], [24], [19], [24], [24], [14], [0], [30], [14], [16], [0], [18], [24], [6], [22], [17], [0]]",1,1.2930811643600464,128,random,0.25,752,4.0,124,1.4259490966796875,23,40 42 32 39,1473,0.3921137750148773,test,top_r_mean,0.0,0.0,0.25,0.25
0.08689748811948404,0.0,47,0.0,31,35.8814001083374,hotpotqa,1.0,0.0,0.0,0.0,5a80d6be55429938b6142206,mean,0.17483811285846437,0.16783612966537476,"[[16], [23], [31], [10], [0], [28], [7], [22], [5], [24], [1], [15], [29], [15], [9], [3], [21], [10], [8], [9], [8], [24], [30], [6], [31], [29], [12], [24], [7], [3], [30], [25], [26], [20], [10], [2], [17], [26], [3], [27], [30], [30], [24], [27], [28], [28], [0]]",1,1.410168170928955,128,random,0.0,752,4.0,124,1.5221076011657715,37,42 4 32 28,1473,0.27000460028648376,test,top_r_mean,0.0,0.0,0.0,0.125
0.08689748811948404,0.0,47,0.0,31,28.543899999931455,hotpotqa,1.0,0.0,0.0,0.0,5a80d6be55429938b6142206,mean,0.032377428307123035,0.32590821385383606,"[[26], [2], [17], [10], [29], [24], [12], [22], [3], [27], [25], [13], [3], [12], [4], [5], [23], [0], [4], [25], [12], [28], [3], [9], [5], [19], [11], [6], [27], [9], [29], [20], [25], [3], [5], [1], [31], [25], [26], [18], [14], [25], [7], [23], [27], [19], [0]]",1,1.4649016857147217,128,random,0.0,752,4.0,124,1.7130030393600464,53,24 9 31 41,1473,0.049144305288791656,test,top_r_mean,0.0,0.0,0.25,0.125
0.08689748811948404,0.0,47,0.0,31,34.31110014207661,hotpotqa,1.0,0.0,0.0,0.0,5a80d6be55429938b6142206,mean,0.21554116558741906,0.1791796237230301,"[[21], [31], [1], [12], [18], [23], [20], [24], [5], [4], [0], [7], [22], [23], [10], [23], [15], [6], [20], [14], [0], [0], [22], [7], [27], [18], [13], [18], [11], [13], [6], [6], [4], [11], [23], [23], [25], [30], [24], [11], [26], [30], [24], [12], [1], [1], [0]]",1,1.5381563901901245,128,random,0.0,752,4.0,124,1.6836239099502563,71,42 16 24 32,1473,0.29937559366226196,test,top_r_mean,0.0,0.5,0.5,0.375
0.08689748811948404,0.0,47,0.0,31,31.015000073239207,hotpotqa,1.0,0.0,0.0,0.0,5a80d6be55429938b6142206,mean,0.07493061979648474,0.23286014795303345,"[[24, 25], [24, 25], [24, 25], [24, 25], [24, 25], [24, 25], [24, 25], [24, 25], [24, 25], [24, 25], [24, 25], [24, 25], [24, 25], [24, 25], [24, 25], [24, 25], [24, 25], [24, 25], [24, 25], [24, 25], [24, 25], [24, 25], [24, 25], [24, 25], [24, 25], [24, 25], [24, 25], [24, 25], [24, 25], [24, 25], [24, 25], [24, 25], [24, 25], [24, 25], [24, 25], [24, 25], [24, 25], [24, 25], [24, 25], [24, 25], [24, 25], [24, 25], [24, 25], [24, 25], [24, 25], [24, 25], [0]]",2,1.6166576147079468,128,last,0.0,1504,4.0,124,1.7605825662612915,0,42 27 41 29,1473,0.10696114599704742,test,top_r_mean,0.0,0.0,0.0,0.125
0.08689748811948404,0.0,47,0.0,31,33.15849998034537,hotpotqa,1.0,0.0,0.0,0.0,5a80d6be55429938b6142206,mean,0.2784458834412581,0.4323400855064392,"[[11, 0], [13, 4], [19, 5], [13, 4], [16, 3], [11, 4], [25, 14], [1, 23], [1, 0], [31, 16], [14, 25], [25, 10], [12, 21], [28, 9], [29, 9], [14, 22], [23, 0], [10, 0], [18, 2], [0, 28], [19, 31], [31, 2], [28, 3], [23, 30], [24, 0], [7, 22], [19, 13], [19, 15], [14, 25], [19, 13], [9, 18], [23, 14], [3, 0], [28, 20], [14, 1], [3, 0], [30, 7], [4, 23], [17, 31], [12, 0], [10, 0], [19, 13], [28, 22], [0, 17], [11, 31], [20, 29], [0]]",2,1.5456666946411133,128,farthest,0.0,1504,4.0,124,1.6830328702926636,0,32 0 8 16,1473,0.40298333764076233,test,top_r_mean,0.0,0.5,0.5,0.75
0.08689748811948404,0.0,47,0.0,31,28.75639987178147,hotpotqa,1.0,0.0,0.0,0.0,5a80d6be55429938b6142206,mean,0.6170212765957447,0.07892581820487976,"[[2, 0], [29, 13], [25, 3], [17, 31], [0, 5], [16, 23], [13, 30], [27, 22], [13, 0], [27, 6], [6, 8], [31, 8], [4, 10], [22, 21], [11, 17], [2, 9], [27, 0], [29, 3], [23, 6], [27, 18], [6, 1], [26, 4], [23, 10], [31, 9], [5, 0], [24, 5], [26, 29], [26, 25], [4, 15], [16, 25], [27, 26], [20, 7], [17, 0], [22, 6], [6, 5], [27, 0], [12, 3], [11, 19], [19, 13], [16, 10], [22, 0], [15, 25], [24, 29], [2, 11], [7, 17], [16, 27], [0]]",2,0.36500731110572815,128,greedy_oracle,0.0,1504,4.0,124,0.38619932532310486,0,32 16 24 0,1473,0.7709296941757202,test,top_r_mean,0.0,0.5,0.75,1.0
0.0658520027155465,0.0,47,0.0,31,32.07989991642535,hotpotqa,0.7578125,0.0,0.0,0.0,5a80d6be55429938b6142206,mean,-0.02312673450508788,0.2275213748216629,"[[1, 30], [4, 2], [13, 27], [9, 25], [24, 22], [28, 3], [3, 10], [19, 25], [18, 13], [2, 16], [17, 24], [24, 13], [18, 15], [14, 7], [21, 7], [21, 10], [29, 21], [20, 11], [16, 24], [23, 14], [12, 21], [25, 13], [4, 19], [18, 27], [26, 23], [28, 14], [18, 9], [28, 12], [19, 24], [10, 8], [21, 1], [1, 3], [3, 31], [8, 0], [25, 18], [31, 18], [29, 28], [26, 30], [0, 18], [6, 22], [25, 7], [2, 30], [8, 12], [22, 7], [0, 20], [20, 11], [0]]",2,1.7024717330932617,97,random,0.0,1504,4.0,124,1.8248175382614136,11,29 25 32 46,1473,-0.03469010069966316,test,top_r_mean,0.0,0.0,0.0,0.5
0.08689748811948404,0.0,47,0.0,31,36.5044001955539,hotpotqa,1.0,0.0,0.0,0.0,5a80d6be55429938b6142206,mean,0.1322849213691027,0.2331988662481308,"[[27, 8], [29, 6], [11, 30], [27, 12], [5, 17], [14, 15], [24, 14], [22, 6], [11, 17], [5, 27], [30, 15], [24, 18], [27, 10], [8, 23], [17, 29], [13, 12], [7, 11], [25, 28], [11, 14], [17, 1], [20, 25], [19, 0], [12, 1], [28, 1], [15, 26], [31, 28], [27, 18], [4, 0], [3, 1], [19, 26], [15, 10], [24, 22], [19, 20], [24, 0], [24, 27], [14, 18], [0, 5], [30, 25], [14, 28], [16, 21], [0, 27], [18, 17], [24, 7], [6, 23], [22, 16], [17, 9], [0]]",2,1.3012927770614624,128,random,0.0,1504,4.0,124,1.417769432067871,23,40 42 1 32,1473,0.19750230014324188,test,top_r_mean,0.0,0.0,0.25,0.25
0.08689748811948404,0.0,47,0.0,31,35.847599850967526,hotpotqa,1.0,0.0,0.0,0.0,5a80d6be55429938b6142206,mean,0.1322849213691027,0.16809755563735962,"[[16, 27], [23, 4], [31, 2], [10, 31], [0, 8], [28, 0], [7, 20], [22, 16], [5, 18], [24, 19], [1, 29], [15, 16], [29, 27], [15, 17], [9, 5], [3, 6], [21, 30], [10, 23], [8, 7], [9, 30], [8, 20], [24, 22], [30, 3], [6, 18], [31, 9], [29, 0], [12, 21], [24, 6], [7, 30], [3, 20], [30, 11], [25, 0], [26, 18], [20, 10], [10, 8], [2, 30], [17, 30], [26, 7], [3, 18], [27, 18], [30, 5], [30, 15], [24, 5], [27, 25], [28, 30], [28, 29], [0]]",2,1.442212700843811,128,random,0.0,1504,4.0,124,1.5604745149612427,37,32 4 42 27,1473,0.1917206197977066,test,top_r_mean,0.0,0.0,0.0,0.125
0.08689748811948404,1.0,47,0.0,31,39.54679984599352,hotpotqa,1.0,0.25,0.25,0.0,5a80d6be55429938b6142206,mean,0.09528214616096208,0.15543854236602783,"[[26, 24], [2, 21], [17, 26], [10, 3], [29, 11], [24, 2], [12, 15], [22, 5], [3, 15], [27, 21], [25, 15], [13, 14], [3, 28], [12, 10], [4, 19], [5, 30], [23, 10], [0, 14], [4, 14], [25, 17], [12, 14], [28, 21], [3, 18], [9, 25], [5, 24], [19, 20], [11, 4], [6, 14], [27, 21], [9, 28], [29, 28], [20, 2], [25, 10], [3, 13], [5, 18], [1, 25], [31, 0], [25, 9], [26, 2], [18, 22], [14, 7], [25, 10], [7, 15], [23, 12], [27, 21], [19, 9], [0]]",2,1.4752626419067383,128,random,0.5,1504,4.0,124,1.580670952796936,53,31 38 41 18,1473,0.13598519563674927,test,top_r_mean,0.0,0.0,0.0,0.125
0.08689748811948404,0.0,47,0.0,31,34.4412000849843,hotpotqa,1.0,0.0,0.0,0.0,5a80d6be55429938b6142206,mean,0.333950046253469,0.09163203090429306,"[[21, 16], [31, 10], [1, 9], [12, 0], [18, 24], [23, 28], [20, 10], [24, 29], [5, 20], [4, 9], [0, 19], [7, 2], [22, 5], [23, 30], [10, 31], [23, 1], [15, 16], [6, 24], [20, 19], [14, 28], [0, 3], [0, 6], [22, 16], [7, 17], [27, 18], [18, 6], [13, 1], [18, 11], [11, 26], [13, 8], [6, 0], [6, 25], [4, 29], [11, 18], [23, 17], [23, 30], [25, 8], [30, 23], [24, 27], [11, 10], [26, 29], [30, 21], [24, 23], [12, 17], [1, 4], [1, 21], [0]]",2,1.5845624208450317,128,random,0.0,1504,4.0,124,1.6522846221923828,71,16 24 27 8,1473,0.49121180176734924,test,top_r_mean,1.0,0.5,0.5,0.375
0.08689748811948404,0.0,47,0.0,31,30.892000067979097,hotpotqa,1.0,0.0,0.0,0.0,5a80d6be55429938b6142206,mean,0.1933395004625347,0.14100387692451477,"[[24, 25, 26, 27], [24, 25, 26, 27], [24, 25, 26, 27], [24, 25, 26, 27], [24, 25, 26, 27], [24, 25, 26, 27], [24, 25, 26, 27], [24, 25, 26, 27], [24, 25, 26, 27], [24, 25, 26, 27], [24, 25, 26, 27], [24, 25, 26, 27], [24, 25, 26, 27], [24, 25, 26, 27], [24, 25, 26, 27], [24, 25, 26, 27], [24, 25, 26, 27], [24, 25, 26, 27], [24, 25, 26, 27], [24, 25, 26, 27], [24, 25, 26, 27], [24, 25, 26, 27], [24, 25, 26, 27], [24, 25, 26, 27], [24, 25, 26, 27], [24, 25, 26, 27], [24, 25, 26, 27], [24, 25, 26, 27], [24, 25, 26, 27], [24, 25, 26, 27], [24, 25, 26, 27], [24, 25, 26, 27], [24, 25, 26, 27], [24, 25, 26, 27], [24, 25, 26, 27], [24, 25, 26, 27], [24, 25, 26, 27], [24, 25, 26, 27], [24, 25, 26, 27], [24, 25, 26, 27], [24, 25, 26, 27], [24, 25, 26, 27], [24, 25, 26, 27], [24, 25, 26, 27], [24, 25, 26, 27], [24, 25, 26, 27], [0]]",4,1.5255613327026367,128,last,0.0,3008,4.0,124,1.615796685218811,0,30 25 29 27,1473,0.29451894760131836,test,top_r_mean,0.0,0.0,0.0,0.25
0.08689748811948404,0.0,47,0.0,31,33.6799998767674,hotpotqa,1.0,0.0,0.0,0.0,5a80d6be55429938b6142206,mean,0.22294172062904719,0.12198296189308167,"[[11, 0, 23, 28], [13, 4, 25, 1], [19, 5, 17, 9], [13, 4, 7, 17], [16, 3, 25, 21], [11, 4, 3, 9], [25, 14, 1, 9], [1, 23, 24, 19], [1, 0, 27, 30], [31, 16, 21, 25], [14, 25, 24, 11], [25, 10, 8, 18], [12, 21, 26, 17], [28, 9, 14, 17], [29, 9, 23, 5], [14, 22, 23, 20], [23, 0, 31, 29], [10, 0, 8, 18], [18, 2, 12, 1], [0, 28, 20, 30], [19, 31, 14, 4], [31, 2, 1, 24], [28, 3, 15, 24], [23, 30, 31, 29], [24, 0, 17, 23], [7, 22, 12, 21], [19, 13, 27, 18], [19, 15, 16, 13], [14, 25, 5, 24], [19, 13, 30, 17], [9, 18, 23, 6], [23, 14, 17, 11], [3, 0, 23, 11], [28, 20, 11, 0], [14, 1, 5, 19], [3, 0, 14, 5], [30, 7, 23, 6], [4, 23, 30, 11], [17, 31, 14, 0], [12, 0, 30, 29], [10, 0, 19, 16], [19, 13, 18, 4], [28, 22, 1, 21], [0, 17, 30, 21], [11, 31, 27, 5], [20, 29, 30, 0], [0]]",4,1.8610676527023315,128,farthest,0.0,3008,4.0,124,1.9323774576187134,0,40 8 0 32,1473,0.32724329829216003,test,top_r_mean,0.0,0.0,0.5,0.625
0.08689748811948404,0.0,47,0.0,31,30.852799769490957,hotpotqa,1.0,0.0,0.0,0.0,5a80d6be55429938b6142206,mean,0.6799259944495837,0.004311581142246723,"[[2, 0, 5, 6], [29, 13, 6, 9], [25, 3, 30, 8], [17, 31, 11, 20], [0, 5, 19, 14], [16, 23, 8, 26], [13, 30, 21, 22], [27, 22, 6, 7], [13, 0, 20, 12], [27, 6, 1, 14], [6, 8, 4, 3], [31, 8, 13, 25], [4, 10, 13, 7], [22, 21, 16, 28], [11, 17, 16, 30], [2, 9, 18, 8], [27, 0, 14, 15], [29, 3, 4, 13], [23, 6, 5, 31], [27, 18, 1, 0], [6, 1, 7, 25], [26, 4, 14, 16], [23, 10, 12, 29], [31, 9, 2, 11], [5, 0, 27, 30], [24, 5, 4, 27], [26, 29, 9, 1], [26, 25, 4, 3], [4, 15, 14, 13], [16, 25, 19, 26], [27, 26, 3, 18], [20, 7, 28, 29], [17, 0, 19, 18], [22, 6, 30, 23], [6, 5, 12, 9], [27, 0, 9, 8], [12, 3, 30, 11], [11, 19, 28, 20], [19, 13, 20, 2], [16, 10, 14, 12], [22, 0, 16, 3], [15, 25, 20, 26], [24, 29, 13, 7], [2, 11, 5, 0], [7, 17, 29, 25], [16, 27, 26, 21], [0]]",4,0.4742685854434967,128,greedy_oracle,0.0,3008,4.0,124,0.4865688383579254,0,16 32 0 24,1473,0.857308030128479,test,top_r_mean,1.0,0.5,0.75,1.0
0.0658520027155465,0.0,47,0.0,31,38.691199850291014,hotpotqa,0.7578125,0.0,0.0,0.0,5a80d6be55429938b6142206,mean,-0.004625346901017576,0.14072884619235992,"[[1, 30, 12, 2], [4, 2, 31, 20], [13, 27, 28, 12], [9, 25, 11, 5], [24, 22, 6, 16], [28, 3, 13, 1], [3, 10, 17, 31], [19, 25, 20, 10], [18, 13, 12, 27], [2, 16, 10, 0], [17, 24, 10, 8], [24, 13, 28, 21], [18, 15, 25, 10], [14, 7, 18, 31], [21, 7, 22, 12], [21, 10, 15, 24], [29, 21, 23, 31], [20, 11, 7, 0], [16, 24, 10, 3], [23, 14, 15, 18], [12, 21, 17, 8], [25, 13, 5, 31], [4, 19, 14, 21], [18, 27, 17, 9], [26, 23, 30, 5], [28, 14, 24, 20], [18, 9, 28, 27], [28, 12, 0, 27], [19, 24, 7, 17], [10, 8, 13, 6], [21, 1, 7, 2], [1, 3, 9, 19], [3, 31, 23, 9], [8, 0, 10, 9], [25, 18, 27, 2], [31, 18, 7, 5], [29, 28, 8, 5], [26, 30, 3, 5], [0, 18, 11, 8], [6, 22, 1, 18], [25, 7, 1, 20], [2, 30, 8, 1], [8, 12, 25, 20], [22, 7, 30, 5], [0, 20, 16, 14], [20, 11, 6, 18], [0]]",4,1.6181968450546265,97,random,0.0,3008,4.0,124,1.6947245597839355,11,25 46 30 2,1473,0.014916743151843548,test,top_r_mean,0.0,0.0,0.0,0.25
0.08689748811948404,0.0,47,0.0,31,30.329100089147687,hotpotqa,1.0,0.0,0.0,0.0,5a80d6be55429938b6142206,mean,0.23589269195189638,0.12004730105400085,"[[27, 8, 3, 9], [29, 6, 11, 13], [11, 30, 28, 5], [27, 12, 1, 26], [5, 17, 6, 12], [14, 15, 25, 4], [24, 14, 1, 9], [22, 6, 8, 10], [11, 17, 20, 30], [5, 27, 12, 11], [30, 15, 26, 19], [24, 18, 4, 30], [27, 10, 25, 15], [8, 23, 20, 15], [17, 29, 21, 27], [13, 12, 19, 17], [7, 11, 0, 25], [25, 28, 5, 14], [11, 14, 10, 26], [17, 1, 19, 23], [20, 25, 3, 23], [19, 0, 29, 24], [12, 1, 22, 28], [28, 1, 11, 18], [15, 26, 9, 23], [31, 28, 11, 1], [27, 18, 14, 22], [4, 0, 1, 10], [3, 1, 17, 31], [19, 26, 7, 1], [15, 10, 12, 31], [24, 22, 19, 2], [19, 20, 12, 6], [24, 0, 21, 17], [24, 27, 20, 28], [14, 18, 16, 21], [0, 5, 6, 7], [30, 25, 16, 23], [14, 28, 18, 0], [16, 21, 7, 4], [0, 27, 4, 30], [18, 17, 0, 15], [24, 7, 10, 19], [6, 23, 27, 3], [22, 16, 1, 3], [17, 9, 21, 23], [0]]",4,1.419500470161438,128,random,0.0,3008,4.0,124,1.495160698890686,23,40 16 1 32,1473,0.3317529857158661,test,top_r_mean,0.0,0.5,0.5,0.375
0.08689748811948404,0.0,47,0.0,31,35.088100004941225,hotpotqa,1.0,0.0,0.0,0.0,5a80d6be55429938b6142206,mean,0.2599444958371878,0.07988172769546509,"[[16, 27, 6, 5], [23, 4, 6, 18], [31, 2, 18, 28], [10, 31, 11, 15], [0, 8, 3, 19], [28, 0, 4, 10], [7, 20, 26, 31], [22, 16, 25, 8], [5, 18, 22, 0], [24, 19, 15, 7], [1, 29, 23, 21], [15, 16, 4, 21], [29, 27, 5, 15], [15, 17, 22, 25], [9, 5, 11, 1], [3, 6, 30, 11], [21, 30, 1, 19], [10, 23, 17, 18], [8, 7, 16, 29], [9, 30, 0, 14], [8, 20, 18, 13], [24, 22, 31, 30], [30, 3, 7, 6], [6, 18, 4, 27], [31, 9, 29, 19], [29, 0, 12, 3], [12, 21, 26, 20], [24, 6, 4, 22], [7, 30, 5, 3], [3, 20, 2, 5], [30, 11, 6, 13], [25, 0, 18, 15], [26, 18, 10, 31], [20, 10, 1, 2], [10, 8, 5, 3], [2, 30, 25, 27], [17, 30, 16, 6], [26, 7, 10, 29], [3, 18, 28, 15], [27, 18, 3, 4], [30, 5, 8, 20], [30, 15, 13, 9], [24, 5, 2, 22], [27, 25, 3, 17], [28, 30, 24, 29], [28, 29, 13, 8], [0]]",4,1.4338740110397339,128,random,0.0,3008,4.0,124,1.4906600713729858,37,8 0 32 26,1473,0.3777751922607422,test,top_r_mean,0.0,0.5,0.25,0.5
0.08689748811948404,0.0,47,0.0,31,33.47430005669594,hotpotqa,1.0,0.0,0.0,0.0,5a80d6be55429938b6142206,mean,0.06567992599444958,0.13570408523082733,"[[26, 24, 29, 27], [2, 21, 8, 3], [17, 26, 0, 23], [10, 3, 19, 17], [29, 11, 21, 17], [24, 2, 8, 15], [12, 15, 17, 0], [22, 5, 27, 18], [3, 15, 23, 6], [27, 21, 18, 29], [25, 15, 6, 10], [13, 14, 10, 23], [3, 28, 25, 19], [12, 10, 15, 7], [4, 19, 15, 17], [5, 30, 31, 0], [23, 10, 25, 30], [0, 14, 25, 17], [4, 14, 22, 0], [25, 17, 6, 21], [12, 14, 15, 2], [28, 21, 22, 0], [3, 18, 4, 7], [9, 25, 5, 10], [5, 24, 13, 18], [19, 20, 25, 0], [11, 4, 13, 5], [6, 14, 11, 3], [27, 21, 4, 3], [9, 28, 17, 3], [29, 28, 2, 12], [20, 2, 24, 5], [25, 10, 2, 0], [3, 13, 31, 20], [5, 18, 1, 21], [1, 25, 30, 19], [31, 0, 26, 10], [25, 9, 14, 13], [26, 2, 14, 27], [18, 22, 9, 5], [14, 7, 23, 25], [25, 10, 15, 18], [7, 15, 8, 14], [23, 12, 10, 4], [27, 21, 28, 13], [19, 9, 17, 31], [0]]",4,1.4742799997329712,128,random,0.0,3008,4.0,124,1.5541681051254272,53,32 3 27 5,1473,0.1026827022433281,test,top_r_mean,0.0,0.0,0.0,0.125
0.0658520027155465,0.0,47,0.0,31,34.07850000075996,hotpotqa,0.7578125,0.0,0.0,0.0,5a80d6be55429938b6142206,mean,0.30064754856614245,0.0750839114189148,"[[21, 16, 23, 27], [31, 10, 20, 17], [1, 9, 11, 14], [12, 0, 9, 27], [18, 24, 16, 9], [23, 28, 0, 31], [20, 10, 23, 1], [24, 29, 30, 4], [5, 20, 10, 29], [4, 9, 0, 15], [0, 19, 11, 9], [7, 2, 27, 0], [22, 5, 7, 2], [23, 30, 24, 0], [10, 31, 15, 23], [23, 1, 24, 17], [15, 16, 14, 19], [6, 24, 0, 21], [20, 19, 13, 29], [14, 28, 8, 2], [0, 3, 15, 2], [0, 6, 3, 23], [22, 16, 28, 5], [7, 17, 11, 26], [27, 18, 29, 22], [18, 6, 22, 4], [13, 1, 6, 19], [18, 11, 3, 16], [11, 26, 16, 0], [13, 8, 4, 27], [6, 0, 10, 9], [6, 25, 15, 17], [4, 29, 3, 17], [11, 18, 22, 23], [23, 17, 5, 30], [23, 30, 17, 18], [25, 8, 15, 1], [30, 23, 22, 1], [24, 27, 29, 31], [11, 10, 16, 0], [26, 29, 27, 10], [30, 21, 20, 6], [24, 23, 20, 2], [12, 17, 16, 23], [1, 4, 24, 21], [1, 21, 19, 4], [0]]",4,1.5557477474212646,97,random,0.0,3008,4.0,124,1.6038033962249756,71,16 32 18 46,1473,0.42495372891426086,test,top_r_mean,1.0,0.5,0.25,0.375
0.08689748811948404,0.0,47,0.0,31,34.4068999402225,hotpotqa,1.0,0.0,0.0,0.0,5a80d6be55429938b6142206,mean,0.41535615171137835,0.0982452929019928,"[[24, 25, 26, 27, 28, 29, 30, 31], [24, 25, 26, 27, 28, 29, 30, 31], [24, 25, 26, 27, 28, 29, 30, 31], [24, 25, 26, 27, 28, 29, 30, 31], [24, 25, 26, 27, 28, 29, 30, 31], [24, 25, 26, 27, 28, 29, 30, 31], [24, 25, 26, 27, 28, 29, 30, 31], [24, 25, 26, 27, 28, 29, 30, 31], [24, 25, 26, 27, 28, 29, 30, 31], [24, 25, 26, 27, 28, 29, 30, 31], [24, 25, 26, 27, 28, 29, 30, 31], [24, 25, 26, 27, 28, 29, 30, 31], [24, 25, 26, 27, 28, 29, 30, 31], [24, 25, 26, 27, 28, 29, 30, 31], [24, 25, 26, 27, 28, 29, 30, 31], [24, 25, 26, 27, 28, 29, 30, 31], [24, 25, 26, 27, 28, 29, 30, 31], [24, 25, 26, 27, 28, 29, 30, 31], [24, 25, 26, 27, 28, 29, 30, 31], [24, 25, 26, 27, 28, 29, 30, 31], [24, 25, 26, 27, 28, 29, 30, 31], [24, 25, 26, 27, 28, 29, 30, 31], [24, 25, 26, 27, 28, 29, 30, 31], [24, 25, 26, 27, 28, 29, 30, 31], [24, 25, 26, 27, 28, 29, 30, 31], [24, 25, 26, 27, 28, 29, 30, 31], [24, 25, 26, 27, 28, 29, 30, 31], [24, 25, 26, 27, 28, 29, 30, 31], [24, 25, 26, 27, 28, 29, 30, 31], [24, 25, 26, 27, 28, 29, 30, 31], [24, 25, 26, 27, 28, 29, 30, 31], [24, 25, 26, 27, 28, 29, 30, 31], [24, 25, 26, 27, 28, 29, 30, 31], [24, 25, 26, 27, 28, 29, 30, 31], [24, 25, 26, 27, 28, 29, 30, 31], [24, 25, 26, 27, 28, 29, 30, 31], [24, 25, 26, 27, 28, 29, 30, 31], [24, 25, 26, 27, 28, 29, 30, 31], [24, 25, 26, 27, 28, 29, 30, 31], [24, 25, 26, 27, 28, 29, 30, 31], [24, 25, 26, 27, 28, 29, 30, 31], [24, 25, 26, 27, 28, 29, 30, 31], [24, 25, 26, 27, 28, 29, 30, 31], [24, 25, 26, 27, 28, 29, 30, 31], [24, 25, 26, 27, 28, 29, 30, 31], [24, 25, 26, 27, 28, 29, 30, 31], [0]]",8,0.8836096525192261,128,last,0.0,6016,4.0,124,0.9669971466064453,0,25 26 42 30,1473,0.5826780796051025,test,top_r_mean,0.0,0.0,0.0,0.25
0.08689748811948404,0.0,47,0.0,31,31.46660001948476,hotpotqa,1.0,0.0,0.0,0.0,5a80d6be55429938b6142206,mean,0.4597594819611471,0.026025645434856415,"[[11, 0, 23, 28, 27, 1, 20, 31], [13, 4, 25, 1, 6, 3, 18, 16], [19, 5, 17, 9, 25, 15, 4, 1], [13, 4, 7, 17, 24, 31, 5, 3], [16, 3, 25, 21, 28, 5, 1, 27], [11, 4, 3, 9, 6, 2, 13, 8], [25, 14, 1, 9, 18, 11, 24, 30], [1, 23, 24, 19, 25, 22, 3, 21], [1, 0, 27, 30, 22, 31, 16, 23], [31, 16, 21, 25, 3, 2, 15, 24], [14, 25, 24, 11, 18, 23, 9, 1], [25, 10, 8, 18, 21, 7, 14, 27], [12, 21, 26, 17, 0, 20, 27, 19], [28, 9, 14, 17, 16, 5, 30, 13], [29, 9, 23, 5, 0, 13, 10, 18], [14, 22, 23, 20, 19, 4, 24, 21], [23, 0, 31, 29, 2, 6, 1, 28], [10, 0, 8, 18, 23, 27, 15, 26], [18, 2, 12, 1, 24, 9, 10, 4], [0, 28, 20, 30, 12, 29, 16, 26], [19, 31, 14, 4, 9, 26, 29, 22], [31, 2, 1, 24, 3, 27, 18, 8], [28, 3, 15, 24, 10, 2, 13, 27], [23, 30, 31, 29, 5, 0, 17, 14], [24, 0, 17, 23, 16, 31, 1, 27], [7, 22, 12, 21, 25, 4, 23, 20], [19, 13, 27, 18, 6, 15, 21, 30], [19, 15, 16, 13, 22, 12, 0, 21], [14, 25, 5, 24, 31, 22, 2, 12], [19, 13, 30, 17, 5, 28, 15, 16], [9, 18, 23, 6, 19, 31, 25, 2], [23, 14, 17, 11, 20, 9, 18, 13], [3, 0, 23, 11, 9, 27, 14, 22], [28, 20, 11, 0, 31, 18, 22, 26], [14, 1, 5, 19, 0, 29, 25, 3], [3, 0, 14, 5, 10, 9, 24, 16], [30, 7, 23, 6, 0, 19, 14, 10], [4, 23, 30, 11, 22, 10, 16, 7], [17, 31, 14, 0, 29, 7, 27, 4], [12, 0, 30, 29, 19, 6, 31, 24], [10, 0, 19, 16, 28, 17, 25, 23], [19, 13, 18, 4, 11, 17, 1, 12], [28, 22, 1, 21, 19, 10, 0, 14], [0, 17, 30, 21, 16, 8, 26, 3], [11, 31, 27, 5, 9, 2, 25, 20], [20, 29, 30, 0, 28, 12, 18, 9], [0]]",8,0.8974867463111877,128,farthest,0.0,6016,4.0,124,0.9353108406066895,0,0 32 24 40,1473,0.6151711344718933,test,top_r_mean,0.0,0.5,0.75,0.875
0.08689748811948404,0.0,47,0.0,31,32.83499996177852,hotpotqa,1.0,0.0,0.0,0.0,5a80d6be55429938b6142206,mean,0.8649398704902868,0.0007041106000542641,"[[2, 0, 5, 6, 25, 26, 4, 3], [29, 13, 6, 9, 16, 21, 15, 7], [25, 3, 30, 8, 0, 27, 9, 28], [17, 31, 11, 20, 3, 19, 21, 14], [0, 5, 19, 14, 20, 7, 8, 11], [16, 23, 8, 26, 2, 15, 22, 3], [13, 30, 21, 22, 20, 8, 26, 16], [27, 22, 6, 7, 26, 10, 30, 5], [13, 0, 20, 12, 1, 19, 11, 21], [27, 6, 1, 14, 4, 20, 11, 31], [6, 8, 4, 3, 0, 9, 21, 29], [31, 8, 13, 25, 3, 17, 19, 12], [4, 10, 13, 7, 25, 3, 19, 2], [22, 21, 16, 28, 20, 29, 17, 31], [11, 17, 16, 30, 25, 18, 15, 20], [2, 9, 18, 8, 7, 6, 10, 15], [27, 0, 14, 15, 13, 4, 9, 10], [29, 3, 4, 13, 2, 21, 5, 12], [23, 6, 5, 31, 19, 14, 4, 24], [27, 18, 1, 0, 22, 6, 21, 2], [6, 1, 7, 25, 12, 24, 29, 2], [26, 4, 14, 16, 17, 10, 15, 11], [23, 10, 12, 29, 13, 19, 28, 0], [31, 9, 2, 11, 3, 1, 19, 0], [5, 0, 27, 30, 11, 31, 1, 15], [24, 5, 4, 27, 2, 6, 28, 11], [26, 29, 9, 1, 30, 7, 2, 20], [26, 25, 4, 3, 10, 8, 6, 20], [4, 15, 14, 13, 8, 7, 1, 12], [16, 25, 19, 26, 20, 8, 27, 24], [27, 26, 3, 18, 25, 19, 23, 8], [20, 7, 28, 29, 11, 30, 3, 6], [17, 0, 19, 18, 16, 9, 2, 7], [22, 6, 30, 23, 5, 19, 29, 17], [6, 5, 12, 9, 21, 22, 11, 4], [27, 0, 9, 8, 10, 12, 1, 20], [12, 3, 30, 11, 5, 18, 14, 2], [11, 19, 28, 20, 29, 12, 5, 27], [19, 13, 20, 2, 26, 27, 15, 1], [16, 10, 14, 12, 17, 3, 30, 18], [22, 0, 16, 3, 9, 8, 25, 27], [15, 25, 20, 26, 8, 21, 11, 27], [24, 29, 13, 7, 25, 4, 14, 17], [2, 11, 5, 0, 1, 12, 3, 23], [7, 17, 29, 25, 11, 8, 12, 30], [16, 27, 26, 21, 8, 20, 13, 17], [0]]",8,0.14899156987667084,128,greedy_oracle,0.0,6016,4.0,124,0.15504901111125946,0,16 0 24 32,1473,0.9677382111549377,test,top_r_mean,1.0,1.0,0.75,1.0
0.08689748811948404,0.0,47,0.0,31,34.50799989514053,hotpotqa,1.0,0.0,0.0,0.0,5a80d6be55429938b6142206,mean,0.33024976873265494,0.058622971177101135,"[[1, 30, 12, 2, 16, 23, 22, 7], [4, 2, 31, 20, 3, 22, 23, 12], [13, 27, 28, 12, 30, 23, 0, 1], [9, 25, 11, 5, 14, 21, 27, 24], [24, 22, 6, 16, 11, 19, 27, 30], [28, 3, 13, 1, 22, 24, 4, 0], [3, 10, 17, 31, 5, 21, 23, 29], [19, 25, 20, 10, 16, 22, 9, 30], [18, 13, 12, 27, 25, 1, 26, 6], [2, 16, 10, 0, 17, 7, 4, 6], [17, 24, 10, 8, 26, 1, 23, 14], [24, 13, 28, 21, 12, 18, 17, 19], [18, 15, 25, 10, 23, 28, 1, 7], [14, 7, 18, 31, 1, 8, 9, 25], [21, 7, 22, 12, 31, 19, 4, 27], [21, 10, 15, 24, 5, 6, 28, 2], [29, 21, 23, 31, 18, 19, 27, 17], [20, 11, 7, 0, 5, 27, 3, 21], [16, 24, 10, 3, 29, 4, 14, 31], [23, 14, 15, 18, 20, 31, 30, 4], [12, 21, 17, 8, 2, 24, 9, 23], [25, 13, 5, 31, 19, 30, 21, 27], [4, 19, 14, 21, 12, 26, 31, 30], [18, 27, 17, 9, 19, 11, 26, 1], [26, 23, 30, 5, 16, 13, 25, 3], [28, 14, 24, 20, 22, 25, 31, 17], [18, 9, 28, 27, 21, 31, 19, 6], [28, 12, 0, 27, 29, 13, 19, 7], [19, 24, 7, 17, 18, 25, 11, 12], [10, 8, 13, 6, 15, 1, 30, 5], [21, 1, 7, 2, 17, 29, 10, 31], [1, 3, 9, 19, 8, 16, 21, 24], [3, 31, 23, 9, 13, 14, 22, 16], [8, 0, 10, 9, 5, 3, 24, 26], [25, 18, 27, 2, 16, 22, 8, 24], [31, 18, 7, 5, 9, 21, 30, 3], [29, 28, 8, 5, 25, 13, 15, 17], [26, 30, 3, 5, 6, 18, 25, 2], [0, 18, 11, 8, 7, 10, 29, 25], [6, 22, 1, 18, 4, 14, 9, 0], [25, 7, 1, 20, 19, 29, 4, 10], [2, 30, 8, 1, 10, 25, 22, 4], [8, 12, 25, 20, 29, 27, 30, 7], [22, 7, 30, 5, 21, 13, 4, 11], [0, 20, 16, 14, 18, 28, 9, 26], [20, 11, 6, 18, 22, 12, 24, 1], [0]]",8,0.8798238635063171,128,random,0.0,6016,4.0,124,0.93353670835495,11,25 16 0 18,1473,0.4826548993587494,test,top_r_mean,0.0,0.5,0.5,0.75
0.08689748811948404,0.0,47,0.0,31,35.08269996382296,hotpotqa,1.0,0.0,0.0,0.0,5a80d6be55429938b6142206,mean,0.4320074005550416,0.06464362889528275,"[[27, 8, 3, 9, 10, 7, 5, 25], [29, 6, 11, 13, 8, 12, 16, 4], [11, 30, 28, 5, 24, 29, 22, 16], [27, 12, 1, 26, 2, 28, 14, 30], [5, 17, 6, 12, 25, 27, 8, 14], [14, 15, 25, 4, 13, 30, 10, 8], [24, 14, 1, 9, 20, 5, 3, 28], [22, 6, 8, 10, 12, 3, 30, 18], [11, 17, 20, 30, 28, 16, 7, 5], [5, 27, 12, 11, 23, 3, 26, 24], [30, 15, 26, 19, 7, 28, 29, 31], [24, 18, 4, 30, 25, 12, 22, 27], [27, 10, 25, 15, 26, 17, 4, 21], [8, 23, 20, 15, 26, 21, 3, 25], [17, 29, 21, 27, 5, 2, 31, 28], [13, 12, 19, 17, 8, 23, 7, 30], [7, 11, 0, 25, 1, 27, 14, 10], [25, 28, 5, 14, 18, 3, 16, 19], [11, 14, 10, 26, 18, 30, 28, 6], [17, 1, 19, 23, 6, 20, 2, 27], [20, 25, 3, 23, 28, 27, 1, 31], [19, 0, 29, 24, 12, 18, 25, 23], [12, 1, 22, 28, 17, 27, 15, 3], [28, 1, 11, 18, 2, 24, 21, 25], [15, 26, 9, 23, 29, 22, 7, 14], [31, 28, 11, 1, 30, 19, 3, 25], [27, 18, 14, 22, 6, 23, 4, 30], [4, 0, 1, 10, 28, 21, 22, 9], [3, 1, 17, 31, 11, 27, 24, 9], [19, 26, 7, 1, 20, 21, 3, 17], [15, 10, 12, 31, 17, 19, 6, 13], [24, 22, 19, 2, 25, 29, 16, 8], [19, 20, 12, 6, 21, 31, 13, 15], [24, 0, 21, 17, 28, 29, 20, 22], [24, 27, 20, 28, 21, 2, 9, 3], [14, 18, 16, 21, 26, 25, 9, 5], [0, 5, 6, 7, 22, 20, 2, 15], [30, 25, 16, 23, 7, 2, 18, 4], [14, 28, 18, 0, 5, 30, 19, 15], [16, 21, 7, 4, 9, 26, 29, 5], [0, 27, 4, 30, 28, 15, 20, 7], [18, 17, 0, 15, 29, 23, 3, 6], [24, 7, 10, 19, 0, 30, 9, 17], [6, 23, 27, 3, 2, 22, 24, 15], [22, 16, 1, 3, 21, 11, 18, 14], [17, 9, 21, 23, 6, 24, 5, 20], [0]]",8,0.7841653823852539,128,random,0.0,6016,4.0,124,0.8441324830055237,23,16 40 1 42,1473,0.5930851101875305,test,top_r_mean,1.0,0.5,0.5,0.375
0.08689748811948404,0.0,47,0.0,31,32.14820008724928,hotpotqa,1.0,0.0,0.0,0.0,5a80d6be55429938b6142206,mean,0.5411655874190564,0.05569620057940483,"[[16, 27, 6, 5, 23, 10, 7, 31], [23, 4, 6, 18, 17, 13, 27, 15], [31, 2, 18, 28, 29, 6, 21, 5], [10, 31, 11, 15, 29, 12, 13, 20], [0, 8, 3, 19, 29, 31, 23, 10], [28, 0, 4, 10, 14, 15, 11, 21], [7, 20, 26, 31, 24, 22, 1, 5], [22, 16, 25, 8, 0, 15, 19, 26], [5, 18, 22, 0, 31, 17, 29, 12], [24, 19, 15, 7, 28, 6, 21, 14], [1, 29, 23, 21, 4, 19, 26, 27], [15, 16, 4, 21, 25, 20, 13, 2], [29, 27, 5, 15, 22, 31, 12, 7], [15, 17, 22, 25, 9, 8, 10, 30], [9, 5, 11, 1, 29, 0, 25, 17], [3, 6, 30, 11, 7, 16, 22, 5], [21, 30, 1, 19, 29, 10, 12, 31], [10, 23, 17, 18, 9, 20, 19, 6], [8, 7, 16, 29, 22, 0, 30, 11], [9, 30, 0, 14, 4, 22, 2, 11], [8, 20, 18, 13, 15, 17, 14, 16], [24, 22, 31, 30, 4, 19, 8, 23], [30, 3, 7, 6, 11, 0, 12, 4], [6, 18, 4, 27, 28, 1, 23, 5], [31, 9, 29, 19, 22, 30, 14, 7], [29, 0, 12, 3, 19, 5, 26, 11], [12, 21, 26, 20, 4, 3, 24, 18], [24, 6, 4, 22, 25, 8, 29, 9], [7, 30, 5, 3, 2, 26, 16, 1], [3, 20, 2, 5, 15, 7, 13, 21], [30, 11, 6, 13, 23, 18, 22, 17], [25, 0, 18, 15, 9, 21, 3, 14], [26, 18, 10, 31, 0, 9, 8, 27], [20, 10, 1, 2, 17, 24, 5, 21], [10, 8, 5, 3, 15, 24, 17, 31], [2, 30, 25, 27, 19, 8, 31, 22], [17, 30, 16, 6, 18, 20, 24, 8], [26, 7, 10, 29, 27, 0, 13, 17], [3, 18, 28, 15, 16, 25, 31, 10], [27, 18, 3, 4, 23, 11, 22, 20], [30, 5, 8, 20, 15, 13, 14, 22], [30, 15, 13, 9, 18, 21, 8, 24], [24, 5, 2, 22, 1, 12, 31, 17], [27, 25, 3, 17, 29, 4, 14, 13], [28, 30, 24, 29, 16, 14, 9, 0], [28, 29, 13, 8, 4, 6, 2, 21], [0]]",8,0.7886671423912048,128,random,0.0,6016,4.0,124,0.839041531085968,37,32 8 25 0,1473,0.731498658657074,test,top_r_mean,0.0,0.0,0.25,0.625
0.08689748811948404,0.0,47,0.0,31,34.0720999520272,hotpotqa,1.0,0.0,0.0,0.0,5a80d6be55429938b6142206,mean,0.2599444958371878,0.0793905258178711,"[[26, 24, 29, 27, 1, 30, 17, 4], [2, 21, 8, 3, 30, 13, 11, 0], [17, 26, 0, 23, 15, 12, 22, 14], [10, 3, 19, 17, 6, 31, 29, 14], [29, 11, 21, 17, 2, 20, 15, 28], [24, 2, 8, 15, 20, 31, 18, 27], [12, 15, 17, 0, 30, 19, 27, 14], [22, 5, 27, 18, 6, 0, 2, 3], [3, 15, 23, 6, 26, 24, 11, 22], [27, 21, 18, 29, 5, 23, 8, 13], [25, 15, 6, 10, 14, 7, 3, 24], [13, 14, 10, 23, 6, 2, 28, 21], [3, 28, 25, 19, 12, 23, 31, 16], [12, 10, 15, 7, 28, 6, 23, 17], [4, 19, 15, 17, 0, 20, 5, 27], [5, 30, 31, 0, 7, 2, 9, 16], [23, 10, 25, 30, 12, 29, 5, 28], [0, 14, 25, 17, 5, 13, 31, 22], [4, 14, 22, 0, 8, 26, 29, 11], [25, 17, 6, 21, 30, 13, 14, 5], [12, 14, 15, 2, 25, 3, 27, 29], [28, 21, 22, 0, 14, 17, 18, 15], [3, 18, 4, 7, 21, 17, 12, 23], [9, 25, 5, 10, 3, 30, 11, 8], [5, 24, 13, 18, 30, 20, 23, 0], [19, 20, 25, 0, 12, 27, 18, 6], [11, 4, 13, 5, 30, 9, 25, 16], [6, 14, 11, 3, 17, 31, 24, 26], [27, 21, 4, 3, 28, 10, 8, 23], [9, 28, 17, 3, 30, 15, 0, 26], [29, 28, 2, 12, 8, 23, 10, 14], [20, 2, 24, 5, 18, 4, 29, 19], [25, 10, 2, 0, 9, 22, 7, 28], [3, 13, 31, 20, 7, 15, 18, 14], [5, 18, 1, 21, 6, 12, 30, 19], [1, 25, 30, 19, 5, 3, 13, 18], [31, 0, 26, 10, 17, 22, 15, 3], [25, 9, 14, 13, 27, 11, 12, 1], [26, 2, 14, 27, 13, 11, 17, 5], [18, 22, 9, 5, 19, 20, 0, 8], [14, 7, 23, 25, 18, 2, 31, 13], [25, 10, 15, 18, 28, 24, 9, 29], [7, 15, 8, 14, 12, 27, 18, 22], [23, 12, 10, 4, 6, 24, 19, 11], [27, 21, 28, 13, 6, 11, 0, 29], [19, 9, 17, 31, 5, 6, 29, 11], [0]]",8,0.7711861729621887,128,random,0.0,6016,4.0,124,0.8487377166748047,53,32 24 27 25,1473,0.3826318085193634,test,top_r_mean,0.0,0.0,0.25,0.375
0.08689748811948404,0.0,47,0.0,31,32.79850003309548,hotpotqa,1.0,0.0,0.0,0.0,5a80d6be55429938b6142206,mean,0.49306197964847365,0.04878891631960869,"[[21, 16, 23, 27, 7, 29, 25, 28], [31, 10, 20, 17, 9, 15, 25, 8], [1, 9, 11, 14, 8, 13, 17, 3], [12, 0, 9, 27, 4, 31, 24, 19], [18, 24, 16, 9, 10, 19, 15, 17], [23, 28, 0, 31, 10, 20, 30, 5], [20, 10, 23, 1, 4, 29, 27, 26], [24, 29, 30, 4, 10, 12, 31, 1], [5, 20, 10, 29, 23, 0, 18, 4], [4, 9, 0, 15, 6, 10, 16, 22], [0, 19, 11, 9, 22, 21, 23, 27], [7, 2, 27, 0, 1, 29, 3, 16], [22, 5, 7, 2, 15, 29, 28, 21], [23, 30, 24, 0, 21, 31, 10, 28], [10, 31, 15, 23, 26, 24, 30, 22], [23, 1, 24, 17, 16, 2, 8, 28], [15, 16, 14, 19, 29, 9, 4, 11], [6, 24, 0, 21, 17, 22, 2, 4], [20, 19, 13, 29, 21, 23, 15, 10], [14, 28, 8, 2, 7, 0, 17, 30], [0, 3, 15, 2, 12, 26, 21, 27], [0, 6, 3, 23, 28, 12, 22, 8], [22, 16, 28, 5, 26, 17, 27, 9], [7, 17, 11, 26, 28, 14, 13, 6], [27, 18, 29, 22, 23, 30, 0, 24], [18, 6, 22, 4, 9, 11, 29, 27], [13, 1, 6, 19, 23, 2, 29, 4], [18, 11, 3, 16, 4, 9, 5, 2], [11, 26, 16, 0, 15, 12, 20, 27], [13, 8, 4, 27, 29, 16, 12, 23], [6, 0, 10, 9, 3, 18, 30, 8], [6, 25, 15, 17, 13, 29, 31, 16], [4, 29, 3, 17, 22, 7, 28, 26], [11, 18, 22, 23, 9, 13, 17, 5], [23, 17, 5, 30, 25, 4, 12, 1], [23, 30, 17, 18, 28, 26, 25, 3], [25, 8, 15, 1, 17, 7, 21, 12], [30, 23, 22, 1, 29, 2, 9, 6], [24, 27, 29, 31, 12, 2, 13, 18], [11, 10, 16, 0, 13, 31, 23, 20], [26, 29, 27, 10, 3, 18, 30, 20], [30, 21, 20, 6, 28, 9, 27, 10], [24, 23, 20, 2, 14, 16, 19, 28], [12, 17, 16, 23, 14, 20, 30, 31], [1, 4, 24, 21, 18, 6, 13, 20], [1, 21, 19, 4, 17, 18, 16, 9], [0]]",8,0.7686049938201904,128,random,0.0,6016,4.0,124,0.8221117258071899,71,24 8 16 32,1473,0.6911424398422241,test,top_r_mean,0.0,0.0,0.5,0.625
0.07862407862407862,0.0,51,0.0,31,0.038499943912029266,hotpotqa,1.0,0.0,0.0,0.0,5ab88c075542991b5579efbe,mean,1.0,0.0,,0,0.0,128,full_k,0.0,26048,4.0,124,0.0,0,0 24 8 32,1628,1.0,test,top_r_mean,1.0,1.0,1.0,1.0
0.07862407862407862,0.0,51,0.0,31,3.484700107946992,hotpotqa,1.0,0.0,0.0,0.0,5ab88c075542991b5579efbe,mean,0.5309803921568628,0.04098758473992348,,1,1.7437000274658203,128,mean,0.0,816,4.0,124,1.7618560791015625,0,24 40 8 0,1628,0.6997284889221191,test,top_r_mean,0.0,0.5,0.75,0.75
0.07862407862407862,0.0,51,0.0,31,41.324099991470575,hotpotqa,1.0,0.0,0.0,0.0,5ab88c075542991b5579efbe,mean,0.08549019607843138,0.3002808690071106,"[[24], [24], [24], [24], [24], [24], [24], [24], [24], [24], [24], [24], [24], [24], [24], [24], [24], [24], [24], [24], [24], [24], [24], [24], [24], [24], [24], [24], [24], [24], [24], [24], [24], [24], [24], [24], [24], [24], [24], [24], [24], [24], [24], [24], [24], [24], [24], [24], [24], [24], [20]]",1,1.924332618713379,128,last,0.0,816,4.0,124,2.061070203781128,0,23 15 19 18,1628,0.1518552005290985,test,top_r_mean,0.0,0.0,0.0,0.0
0.07862407862407862,0.0,51,0.0,31,37.60770009830594,hotpotqa,1.0,0.0,0.0,0.0,5ab88c075542991b5579efbe,mean,0.029019607843137254,0.12179750949144363,"[[12], [12], [22], [18], [20], [30], [25], [0], [18], [19], [2], [29], [26], [4], [0], [20], [8], [19], [13], [2], [10], [7], [16], [7], [11], [13], [15], [12], [10], [2], [18], [18], [14], [25], [21], [15], [2], [9], [3], [1], [9], [12], [31], [6], [21], [11], [11], [15], [7], [15], [2]]",1,1.451513648033142,128,farthest,0.0,816,4.0,124,1.5291557312011719,0,44 17 21 40,1628,0.047239817678928375,test,top_r_mean,0.0,0.0,0.0,0.25
0.07862407862407862,0.0,51,0.0,31,31.318599823862314,hotpotqa,1.0,0.0,0.0,0.0,5ab88c075542991b5579efbe,mean,0.23607843137254902,0.09161319583654404,"[[26], [10], [3], [5], [7], [1], [15], [17], [8], [10], [22], [22], [11], [27], [21], [24], [1], [13], [24], [11], [11], [1], [22], [24], [1], [0], [11], [21], [8], [26], [28], [19], [15], [30], [17], [0], [19], [25], [25], [10], [17], [10], [12], [17], [12], [29], [2], [3], [2], [7], [19]]",1,0.504631757736206,128,greedy_oracle,0.0,816,4.0,124,0.6232936978340149,0,10 11 35 21,1628,0.3245249092578888,test,top_r_mean,0.0,0.0,0.0,0.125
0.07862407862407862,0.0,51,0.0,31,32.52710006199777,hotpotqa,1.0,0.0,0.0,0.0,5ab88c075542991b5579efbe,mean,0.18901960784313726,0.19538679718971252,"[[16], [19], [4], [8], [25], [7], [22], [0], [23], [12], [15], [15], [4], [14], [12], [26], [24], [20], [8], [6], [16], [26], [4], [7], [11], [23], [6], [7], [15], [11], [23], [17], [1], [20], [14], [21], [4], [5], [23], [10], [22], [16], [9], [5], [20], [28], [15], [9], [8], [14], [19]]",1,1.7482932806015015,128,random,0.0,816,4.0,124,1.8462374210357666,11,39 21 35 33,1628,0.2619004547595978,test,top_r_mean,0.0,0.0,0.0,0.0
0.07862407862407862,0.0,51,0.0,31,33.28320011496544,hotpotqa,1.0,0.0,0.0,0.0,5ab88c075542991b5579efbe,mean,0.1403921568627451,0.2165353000164032,"[[30], [14], [19], [20], [1], [0], [20], [18], [15], [20], [29], [31], [29], [22], [0], [30], [23], [20], [7], [6], [18], [4], [24], [26], [14], [18], [23], [28], [24], [19], [7], [23], [27], [1], [29], [23], [1], [30], [16], [26], [19], [28], [14], [18], [27], [23], [30], [9], [23], [0], [26]]",1,1.8210028409957886,128,random,0.0,816,4.0,124,1.9367049932479858,23,7 32 42 33,1628,0.21122170984745026,test,top_r_mean,0.0,0.0,0.25,0.125
0.07862407862407862,0.0,51,0.0,31,29.333299957215786,hotpotqa,1.0,0.0,0.0,0.0,5ab88c075542991b5579efbe,mean,0.3176470588235294,0.9187856316566467,"[[14], [11], [5], [12], [3], [21], [9], [24], [24], [21], [22], [6], [29], [5], [10], [1], [9], [27], [1], [7], [6], [15], [16], [16], [1], [17], [30], [10], [13], [8], [3], [17], [18], [20], [18], [19], [18], [4], [11], [21], [20], [1], [25], [12], [29], [20], [30], [0], [0], [20], [7]]",1,1.6992424726486206,128,random,0.0,816,4.0,124,1.8229634761810303,37,48 10 24 33,1628,0.47194570302963257,test,top_r_mean,0.0,0.0,0.25,0.375
0.07862407862407862,0.0,51,0.0,31,40.80990003421903,hotpotqa,1.0,0.0,0.0,0.0,5ab88c075542991b5579efbe,mean,0.038431372549019606,0.32869642972946167,"[[3], [27], [13], [5], [5], [18], [13], [28], [25], [6], [6], [17], [1], [3], [17], [1], [17], [22], [28], [13], [25], [9], [22], [5], [1], [21], [2], [19], [30], [21], [20], [19], [23], [27], [19], [4], [18], [3], [16], [4], [8], [2], [17], [3], [14], [19], [27], [6], [22], [4], [19]]",1,1.6947782039642334,128,random,0.0,816,4.0,124,1.8687230348587036,53,22 31 14 24,1628,0.0656108558177948,test,top_r_mean,0.0,0.0,0.25,0.125
0.07862407862407862,0.0,51,0.0,31,33.05869991891086,hotpotqa,1.0,0.0,0.0,0.0,5ab88c075542991b5579efbe,mean,0.03215686274509804,0.3465031385421753,"[[3], [12], [16], [6], [20], [25], [22], [18], [31], [7], [17], [2], [10], [28], [23], [7], [9], [6], [18], [10], [9], [18], [19], [20], [30], [2], [25], [13], [23], [3], [10], [22], [28], [30], [23], [30], [4], [30], [28], [25], [28], [26], [4], [14], [18], [14], [14], [29], [12], [4], [18]]",1,1.8523733615875244,128,random,0.0,816,4.0,124,2.0153164863586426,71,33 7 9 1,1628,0.07393664866685867,test,top_r_mean,0.0,0.0,0.0,0.0
0.07862407862407862,1.0,51,0.0,31,40.303400019183755,hotpotqa,1.0,0.25,0.25,0.0,5ab88c075542991b5579efbe,mean,0.10745098039215686,0.2044248729944229,"[[24, 25], [24, 25], [24, 25], [24, 25], [24, 25], [24, 25], [24, 25], [24, 25], [24, 25], [24, 25], [24, 25], [24, 25], [24, 25], [24, 25], [24, 25], [24, 25], [24, 25], [24, 25], [24, 25], [24, 25], [24, 25], [24, 25], [24, 25], [24, 25], [24, 25], [24, 25], [24, 25], [24, 25], [24, 25], [24, 25], [24, 25], [24, 25], [24, 25], [24, 25], [24, 25], [24, 25], [24, 25], [24, 25], [24, 25], [24, 25], [24, 25], [24, 25], [24, 25], [24, 25], [24, 25], [24, 25], [24, 25], [24, 25], [24, 25], [24, 25], [20, 21]]",2,1.8427454233169556,128,last,0.3333333333333333,1632,4.0,124,1.9437403678894043,0,23 15 37 13,1628,0.1525791883468628,test,top_r_mean,0.0,0.0,0.0,0.25
0.07862407862407862,0.0,51,0.0,31,43.60219999216497,hotpotqa,1.0,0.0,0.0,0.0,5ab88c075542991b5579efbe,mean,0.2768627450980392,0.47030210494995117,"[[12, 0], [12, 17], [22, 5], [18, 3], [20, 26], [30, 3], [25, 29], [0, 6], [18, 0], [19, 12], [2, 14], [29, 18], [26, 7], [4, 13], [0, 13], [20, 7], [8, 0], [19, 1], [13, 31], [2, 24], [10, 22], [7, 20], [16, 24], [7, 28], [11, 0], [13, 25], [15, 5], [12, 19], [10, 3], [2, 10], [18, 8], [18, 0], [14, 0], [25, 17], [21, 28], [15, 14], [2, 0], [9, 27], [3, 8], [1, 6], [9, 0], [12, 11], [31, 8], [6, 14], [21, 3], [11, 10], [11, 13], [15, 23], [7, 0], [15, 3], [2, 19]]",2,1.6232532262802124,128,farthest,0.0,1632,4.0,124,1.7799291610717773,0,40 0 32 16,1628,0.41393664479255676,test,top_r_mean,0.0,0.5,0.5,0.875
0.07862407862407862,0.0,51,0.0,31,40.09120003320277,hotpotqa,1.0,0.0,0.0,0.0,5ab88c075542991b5579efbe,mean,0.6062745098039216,0.09165345132350922,"[[26, 0], [10, 2], [3, 4], [5, 12], [7, 18], [1, 8], [15, 16], [17, 18], [8, 0], [10, 17], [22, 23], [22, 23], [11, 30], [27, 21], [21, 17], [24, 14], [1, 0], [13, 19], [24, 30], [11, 24], [11, 6], [1, 8], [22, 3], [24, 1], [1, 0], [0, 22], [11, 17], [21, 30], [8, 2], [26, 2], [28, 12], [19, 26], [15, 0], [30, 22], [17, 2], [0, 21], [19, 7], [25, 14], [25, 27], [10, 11], [17, 0], [10, 8], [12, 19], [17, 23], [12, 21], [29, 3], [2, 29], [3, 13], [2, 0], [7, 30], [19, 4]]",2,0.46628326177597046,128,greedy_oracle,0.0,1632,4.0,124,0.4949210286140442,0,32 0 8 24,1628,0.778190016746521,test,top_r_mean,0.0,0.5,1.0,0.875
0.07862407862407862,0.0,51,0.0,31,39.3200998660177,hotpotqa,1.0,0.0,0.0,0.0,5ab88c075542991b5579efbe,mean,0.27058823529411763,0.1431821882724762,"[[16, 18], [19, 7], [4, 20], [8, 4], [25, 0], [7, 30], [22, 28], [0, 14], [23, 2], [12, 16], [15, 0], [15, 20], [4, 23], [14, 30], [12, 30], [26, 2], [24, 10], [20, 11], [8, 4], [6, 0], [16, 23], [26, 29], [4, 0], [7, 14], [11, 4], [23, 2], [6, 7], [7, 28], [15, 16], [11, 15], [23, 22], [17, 30], [1, 5], [20, 31], [14, 17], [21, 9], [4, 7], [5, 17], [23, 19], [10, 17], [22, 27], [16, 25], [9, 13], [5, 23], [20, 11], [28, 31], [15, 18], [9, 0], [8, 29], [14, 1], [19, 12]]",2,1.8019680976867676,128,random,0.0,1632,4.0,124,1.8774776458740234,11,33 21 2 30,1628,0.39601805806159973,test,top_r_mean,0.0,0.0,0.0,0.125
0.07862407862407862,1.0,51,0.0,31,45.46469985507429,hotpotqa,1.0,0.25,0.25,0.0,5ab88c075542991b5579efbe,mean,0.23137254901960785,0.13727277517318726,"[[30, 23], [14, 6], [19, 22], [20, 4], [1, 26], [0, 19], [20, 31], [18, 23], [15, 23], [20, 3], [29, 7], [31, 14], [29, 4], [22, 15], [0, 8], [30, 0], [23, 11], [20, 25], [7, 20], [6, 18], [18, 21], [4, 9], [24, 22], [26, 18], [14, 27], [18, 10], [23, 22], [28, 12], [24, 3], [19, 2], [7, 30], [23, 22], [27, 2], [1, 19], [29, 17], [23, 15], [1, 0], [30, 9], [16, 1], [26, 5], [19, 5], [28, 9], [14, 22], [18, 23], [27, 24], [23, 8], [30, 25], [9, 4], [23, 8], [0, 19], [26, 5]]",2,1.7159534692764282,128,random,0.3333333333333333,1632,4.0,124,1.7912771701812744,23,33 32 36 22,1628,0.321990966796875,test,top_r_mean,0.0,0.0,0.25,0.25
0.07862407862407862,0.0,51,0.0,31,36.98850004002452,hotpotqa,1.0,0.0,0.0,0.0,5ab88c075542991b5579efbe,mean,0.17333333333333334,0.27769041061401367,"[[14, 9], [11, 27], [5, 8], [12, 23], [3, 11], [21, 23], [9, 28], [24, 6], [24, 18], [21, 31], [22, 8], [6, 10], [29, 12], [5, 26], [10, 14], [1, 26], [9, 19], [27, 10], [1, 26], [7, 26], [6, 28], [15, 31], [16, 5], [16, 11], [1, 27], [17, 10], [30, 9], [10, 11], [13, 1], [8, 19], [3, 4], [17, 20], [18, 28], [20, 12], [18, 5], [19, 8], [18, 1], [4, 30], [11, 31], [21, 13], [20, 3], [1, 13], [25, 22], [12, 7], [29, 2], [20, 8], [30, 10], [0, 14], [0, 4], [20, 5], [7, 19]]",2,1.7551573514938354,128,random,0.0,1632,4.0,124,1.84110426902771,37,48 10 43 12,1628,0.260995477437973,test,top_r_mean,0.0,0.0,0.0,0.125
0.07616707616707617,0.0,51,0.0,31,38.96180004812777,hotpotqa,0.96875,0.0,0.0,0.0,5ab88c075542991b5579efbe,mean,-0.06509803921568627,0.21504564583301544,"[[3, 27], [27, 10], [13, 7], [5, 31], [5, 20], [18, 5], [13, 27], [28, 9], [25, 13], [6, 2], [6, 28], [17, 28], [1, 5], [3, 8], [17, 13], [1, 3], [17, 15], [22, 21], [28, 8], [13, 12], [25, 3], [9, 2], [22, 29], [5, 22], [1, 19], [21, 19], [2, 11], [19, 31], [30, 1], [21, 28], [20, 11], [19, 1], [23, 28], [27, 10], [19, 17], [4, 19], [18, 16], [3, 7], [16, 26], [4, 8], [8, 24], [2, 6], [17, 3], [3, 17], [14, 22], [19, 24], [27, 21], [6, 3], [22, 19], [4, 21], [19, 5]]",2,1.7088743448257446,124,random,0.0,1632,4.0,124,1.8186458349227905,53,2 34 50 5,1628,-0.11312217265367508,test,top_r_mean,0.0,0.0,0.0,0.125
0.07862407862407862,0.0,51,0.0,31,35.54970002733171,hotpotqa,1.0,0.0,0.0,0.0,5ab88c075542991b5579efbe,mean,0.09490196078431372,0.1779608279466629,"[[3, 21], [12, 31], [16, 15], [6, 18], [20, 24], [25, 3], [22, 13], [18, 14], [31, 5], [7, 12], [17, 19], [2, 17], [10, 7], [28, 21], [23, 14], [7, 2], [9, 29], [6, 24], [18, 8], [10, 20], [9, 12], [18, 3], [19, 30], [20, 26], [30, 26], [2, 3], [25, 27], [13, 26], [23, 22], [3, 10], [10, 20], [22, 13], [28, 19], [30, 25], [23, 0], [30, 13], [4, 9], [30, 29], [28, 4], [25, 2], [28, 22], [26, 1], [4, 2], [14, 28], [18, 15], [14, 1], [14, 29], [29, 17], [12, 30], [4, 25], [18, 24]]",2,1.8317464590072632,128,random,0.0,1632,4.0,124,1.9169518947601318,71,33 13 7 20,1628,0.1383710354566574,test,top_r_mean,0.0,0.0,0.0,0.0
0.07862407862407862,0.0,51,0.0,31,35.930699901655316,hotpotqa,1.0,0.0,0.0,0.0,5ab88c075542991b5579efbe,mean,0.1419607843137255,0.13431355357170105,"[[24, 25, 26, 27], [24, 25, 26, 27], [24, 25, 26, 27], [24, 25, 26, 27], [24, 25, 26, 27], [24, 25, 26, 27], [24, 25, 26, 27], [24, 25, 26, 27], [24, 25, 26, 27], [24, 25, 26, 27], [24, 25, 26, 27], [24, 25, 26, 27], [24, 25, 26, 27], [24, 25, 26, 27], [24, 25, 26, 27], [24, 25, 26, 27], [24, 25, 26, 27], [24, 25, 26, 27], [24, 25, 26, 27], [24, 25, 26, 27], [24, 25, 26, 27], [24, 25, 26, 27], [24, 25, 26, 27], [24, 25, 26, 27], [24, 25, 26, 27], [24, 25, 26, 27], [24, 25, 26, 27], [24, 25, 26, 27], [24, 25, 26, 27], [24, 25, 26, 27], [24, 25, 26, 27], [24, 25, 26, 27], [24, 25, 26, 27], [24, 25, 26, 27], [24, 25, 26, 27], [24, 25, 26, 27], [24, 25, 26, 27], [24, 25, 26, 27], [24, 25, 26, 27], [24, 25, 26, 27], [24, 25, 26, 27], [24, 25, 26, 27], [24, 25, 26, 27], [24, 25, 26, 27], [24, 25, 26, 27], [24, 25, 26, 27], [24, 25, 26, 27], [24, 25, 26, 27], [24, 25, 26, 27], [24, 25, 26, 27], [20, 21, 22, 23]]",4,1.8082530498504639,128,last,0.0,3264,4.0,124,1.8753077983856201,0,23 21 7 0,1628,0.20552034676074982,test,top_r_mean,0.0,0.0,0.25,0.25
0.07862407862407862,0.0,51,0.0,31,38.39930007234216,hotpotqa,1.0,0.0,0.0,0.0,5ab88c075542991b5579efbe,mean,0.28,0.07225514203310013,"[[12, 0, 27, 3], [12, 17, 31, 15], [22, 5, 0, 7], [18, 3, 23, 9], [20, 26, 22, 3], [30, 3, 1, 13], [25, 29, 27, 28], [0, 6, 7, 21], [18, 0, 14, 13], [19, 12, 2, 25], [2, 14, 25, 15], [29, 18, 20, 3], [26, 7, 31, 15], [4, 13, 12, 25], [0, 13, 19, 12], [20, 7, 6, 2], [8, 0, 4, 5], [19, 1, 29, 5], [13, 31, 16, 26], [2, 24, 0, 28], [10, 22, 3, 20], [7, 20, 31, 23], [16, 24, 7, 26], [7, 28, 9, 14], [11, 0, 27, 26], [13, 25, 26, 19], [15, 5, 19, 18], [12, 19, 29, 23], [10, 3, 13, 5], [2, 10, 29, 19], [18, 8, 30, 4], [18, 0, 22, 31], [14, 0, 31, 17], [25, 17, 14, 24], [21, 28, 2, 19], [15, 14, 1, 28], [2, 0, 5, 26], [9, 27, 28, 12], [3, 8, 28, 7], [1, 6, 11, 27], [9, 0, 4, 19], [12, 11, 4, 9], [31, 8, 25, 0], [6, 14, 13, 18], [21, 3, 13, 31], [11, 10, 0, 12], [11, 13, 8, 18], [15, 23, 28, 1], [7, 0, 20, 27], [15, 3, 4, 2], [2, 19, 24, 22]]",4,1.8885776996612549,128,farthest,0.0,3264,4.0,124,1.9237040281295776,0,40 32 24 0,1628,0.4231674075126648,test,top_r_mean,0.0,0.0,0.75,0.875
0.07862407862407862,0.0,51,0.0,31,40.14869988895953,hotpotqa,1.0,0.0,0.0,0.0,5ab88c075542991b5579efbe,mean,0.6941176470588235,0.009348509833216667,"[[26, 0, 23, 6], [10, 2, 7, 13], [3, 4, 7, 13], [5, 12, 7, 21], [7, 18, 19, 28], [1, 8, 28, 18], [15, 16, 26, 6], [17, 18, 31, 1], [8, 0, 19, 4], [10, 17, 7, 16], [22, 23, 28, 29], [22, 23, 28, 3], [11, 30, 31, 12], [27, 21, 28, 10], [21, 17, 7, 8], [24, 14, 18, 30], [1, 0, 2, 25], [13, 19, 10, 18], [24, 30, 21, 29], [11, 24, 20, 16], [11, 6, 31, 17], [1, 8, 26, 16], [22, 3, 23, 13], [24, 1, 8, 25], [1, 0, 17, 9], [0, 22, 5, 16], [11, 17, 16, 3], [21, 30, 27, 26], [8, 2, 11, 9], [26, 2, 25, 12], [28, 12, 29, 13], [19, 26, 0, 20], [15, 0, 29, 16], [30, 22, 19, 20], [17, 2, 18, 23], [0, 21, 22, 12], [19, 7, 9, 20], [25, 14, 2, 26], [25, 27, 1, 2], [10, 11, 4, 3], [17, 0, 9, 16], [10, 8, 25, 17], [12, 19, 17, 14], [17, 23, 22, 7], [12, 21, 17, 7], [29, 3, 9, 12], [2, 29, 3, 1], [3, 13, 12, 8], [2, 0, 1, 4], [7, 30, 2, 8], [19, 4, 18, 15]]",4,0.6185206770896912,128,greedy_oracle,0.0,3264,4.0,124,0.6326078772544861,0,0 32 24 8,1628,0.8533031940460205,test,top_r_mean,1.0,0.5,1.0,0.875
0.07862407862407862,0.0,51,0.0,31,36.0958999954164,hotpotqa,1.0,0.0,0.0,0.0,5ab88c075542991b5579efbe,mean,0.29568627450980395,0.10075719654560089,"[[16, 18, 1, 17], [19, 7, 3, 23], [4, 20, 6, 23], [8, 4, 2, 12], [25, 0, 14, 6], [7, 30, 25, 4], [22, 28, 6, 10], [0, 14, 10, 26], [23, 2, 3, 15], [12, 16, 29, 0], [15, 0, 8, 20], [15, 20, 10, 25], [4, 23, 13, 24], [14, 30, 25, 27], [12, 30, 16, 21], [26, 2, 0, 1], [24, 10, 2, 0], [20, 11, 3, 30], [8, 4, 17, 16], [6, 0, 2, 12], [16, 23, 6, 31], [26, 29, 9, 5], [4, 0, 23, 6], [7, 14, 11, 28], [11, 4, 26, 8], [23, 2, 18, 27], [6, 7, 10, 28], [7, 28, 5, 21], [15, 16, 30, 8], [11, 15, 26, 12], [23, 22, 15, 8], [17, 30, 12, 23], [1, 5, 11, 22], [20, 31, 11, 6], [14, 17, 20, 0], [21, 9, 29, 20], [4, 7, 29, 8], [5, 17, 31, 30], [23, 19, 31, 28], [10, 17, 18, 29], [22, 27, 5, 24], [16, 25, 14, 15], [9, 13, 26, 7], [5, 23, 27, 12], [20, 11, 27, 8], [28, 31, 17, 14], [15, 18, 13, 31], [9, 0, 27, 8], [8, 29, 18, 9], [14, 1, 28, 8], [19, 12, 15, 0]]",4,1.7369788885116577,128,random,0.0,3264,4.0,124,1.7862768173217773,11,16 2 20 33,1628,0.440542995929718,test,top_r_mean,0.0,0.0,0.0,0.25
0.07862407862407862,0.0,51,0.0,31,43.146299896761775,hotpotqa,1.0,0.0,0.0,0.0,5ab88c075542991b5579efbe,mean,0.22196078431372548,0.10978345572948456,"[[30, 23, 19, 11], [14, 6, 17, 21], [19, 22, 27, 12], [20, 4, 17, 27], [1, 26, 14, 8], [0, 19, 28, 7], [20, 31, 4, 21], [18, 23, 24, 26], [15, 23, 30, 11], [20, 3, 8, 4], [29, 7, 15, 22], [31, 14, 19, 15], [29, 4, 23, 22], [22, 15, 20, 4], [0, 8, 7, 3], [30, 0, 7, 13], [23, 11, 31, 29], [20, 25, 11, 12], [7, 20, 16, 11], [6, 18, 13, 4], [18, 21, 12, 24], [4, 9, 14, 15], [24, 22, 6, 14], [26, 18, 24, 6], [14, 27, 7, 11], [18, 10, 2, 14], [23, 22, 7, 4], [28, 12, 18, 2], [24, 3, 14, 28], [19, 2, 28, 26], [7, 30, 28, 4], [23, 22, 10, 13], [27, 2, 20, 29], [1, 19, 20, 30], [29, 17, 1, 13], [23, 15, 28, 26], [1, 0, 24, 16], [30, 9, 21, 3], [16, 1, 13, 9], [26, 5, 10, 20], [19, 5, 21, 18], [28, 9, 7, 30], [14, 22, 16, 17], [18, 23, 25, 27], [27, 24, 31, 16], [23, 8, 21, 4], [30, 25, 17, 5], [9, 4, 17, 18], [23, 8, 30, 14], [0, 19, 8, 27], [26, 5, 10, 18]]",4,1.714057207107544,128,random,0.0,3264,4.0,124,1.766822338104248,23,33 32 14 42,1628,0.3293212354183197,test,top_r_mean,0.0,0.0,0.25,0.125
0.07862407862407862,1.0,51,0.0,31,40.644400054588914,hotpotqa,1.0,0.25,0.25,0.0,5ab88c075542991b5579efbe,mean,0.2549019607843137,0.1320677548646927,"[[14, 9, 11, 8], [11, 27, 22, 17], [5, 8, 21, 17], [12, 23, 6, 4], [3, 11, 29, 22], [21, 23, 10, 7], [9, 28, 26, 30], [24, 6, 10, 26], [24, 18, 16, 6], [21, 31, 23, 2], [22, 8, 28, 2], [6, 10, 4, 13], [29, 12, 28, 3], [5, 26, 13, 7], [10, 14, 23, 9], [1, 26, 29, 3], [9, 19, 7, 3], [27, 10, 26, 13], [1, 26, 16, 21], [7, 26, 12, 23], [6, 28, 2, 4], [15, 31, 10, 21], [16, 5, 9, 22], [16, 11, 7, 8], [1, 27, 8, 31], [17, 10, 26, 28], [30, 9, 8, 18], [10, 11, 25, 31], [13, 1, 15, 10], [8, 19, 30, 5], [3, 4, 31, 22], [17, 20, 13, 19], [18, 28, 0, 1], [20, 12, 26, 19], [18, 5, 31, 28], [19, 8, 20, 25], [18, 1, 0, 15], [4, 30, 12, 19], [11, 31, 6, 20], [21, 13, 25, 15], [20, 3, 26, 10], [1, 13, 25, 5], [25, 22, 8, 5], [12, 7, 29, 10], [29, 2, 15, 30], [20, 8, 31, 15], [30, 10, 18, 26], [0, 14, 26, 7], [0, 4, 17, 29], [20, 5, 21, 26], [7, 19, 10, 3]]",4,1.7382802963256836,128,random,0.25,3264,4.0,124,1.80363130569458,37,32 48 22 36,1628,0.35158368945121765,test,top_r_mean,0.0,0.0,0.25,0.25
0.07862407862407862,1.0,51,0.0,31,37.31900011189282,hotpotqa,1.0,0.25,0.25,0.0,5ab88c075542991b5579efbe,mean,0.17019607843137255,0.12464260309934616,"[[3, 27, 22, 30], [27, 10, 18, 31], [13, 7, 15, 26], [5, 31, 4, 25], [5, 20, 4, 3], [18, 5, 24, 13], [13, 27, 12, 11], [28, 9, 14, 26], [25, 13, 16, 3], [6, 2, 13, 20], [6, 28, 0, 14], [17, 28, 30, 25], [1, 5, 30, 14], [3, 8, 14, 19], [17, 13, 27, 20], [1, 3, 4, 20], [17, 15, 0, 27], [22, 21, 3, 9], [28, 8, 29, 22], [13, 12, 31, 15], [25, 3, 17, 1], [9, 2, 13, 17], [22, 29, 13, 19], [5, 22, 13, 21], [1, 19, 22, 23], [21, 19, 13, 14], [2, 11, 1, 0], [19, 31, 13, 0], [30, 1, 7, 12], [21, 28, 14, 0], [20, 11, 14, 28], [19, 1, 21, 6], [23, 28, 8, 26], [27, 10, 17, 5], [19, 17, 6, 22], [4, 19, 13, 29], [18, 16, 25, 17], [3, 7, 5, 25], [16, 26, 24, 23], [4, 8, 27, 17], [8, 24, 31, 21], [2, 6, 14, 21], [17, 3, 4, 19], [3, 17, 8, 19], [14, 22, 28, 26], [19, 24, 4, 5], [27, 21, 12, 7], [6, 3, 15, 20], [22, 19, 26, 28], [4, 21, 15, 24], [19, 5, 17, 23]]",4,1.71316659450531,128,random,0.25,3264,4.0,124,1.7709801197052002,53,16 42 34 37,1628,0.24751131236553192,test,top_r_mean,0.0,0.0,0.0,0.25
0.07862407862407862,0.0,51,0.0,31,34.4070999417454,hotpotqa,1.0,0.0,0.0,0.0,5ab88c075542991b5579efbe,mean,0.25333333333333335,0.10586906969547272,"[[3, 21, 19, 26], [12, 31, 23, 26], [16, 15, 8, 2], [6, 18, 26, 5], [20, 24, 23, 2], [25, 3, 1, 12], [22, 13, 27, 19], [18, 14, 11, 22], [31, 5, 7, 21], [7, 12, 25, 1], [17, 19, 27, 25], [2, 17, 1, 11], [10, 7, 29, 17], [28, 21, 10, 2], [23, 14, 25, 4], [7, 2, 6, 18], [9, 29, 13, 20], [6, 24, 27, 30], [18, 8, 2, 7], [10, 20, 31, 2], [9, 12, 29, 8], [18, 3, 0, 9], [19, 30, 26, 14], [20, 26, 16, 29], [30, 26, 17, 0], [2, 3, 19, 12], [25, 27, 4, 17], [13, 26, 30, 2], [23, 22, 10, 27], [3, 10, 29, 0], [10, 20, 17, 5], [22, 13, 3, 21], [28, 19, 2, 9], [30, 25, 19, 4], [23, 0, 30, 13], [30, 13, 19, 21], [4, 9, 18, 28], [30, 29, 5, 25], [28, 4, 22, 29], [25, 2, 18, 16], [28, 22, 7, 18], [26, 1, 16, 3], [4, 2, 12, 7], [14, 28, 31, 25], [18, 15, 26, 11], [14, 1, 8, 10], [14, 29, 17, 22], [29, 17, 18, 28], [12, 30, 28, 29], [4, 25, 20, 17], [18, 24, 3, 22]]",4,1.7601245641708374,128,random,0.0,3264,4.0,124,1.8109381198883057,71,24 33 27 13,1628,0.36072397232055664,test,top_r_mean,0.0,0.5,0.25,0.25
0.07862407862407862,1.0,51,0.0,31,39.924100041389465,hotpotqa,1.0,0.25,0.25,0.0,5ab88c075542991b5579efbe,mean,0.2627450980392157,0.10175974667072296,"[[24, 25, 26, 27, 28, 29, 30, 31], [24, 25, 26, 27, 28, 29, 30, 31], [24, 25, 26, 27, 28, 29, 30, 31], [24, 25, 26, 27, 28, 29, 30, 31], [24, 25, 26, 27, 28, 29, 30, 31], [24, 25, 26, 27, 28, 29, 30, 31], [24, 25, 26, 27, 28, 29, 30, 31], [24, 25, 26, 27, 28, 29, 30, 31], [24, 25, 26, 27, 28, 29, 30, 31], [24, 25, 26, 27, 28, 29, 30, 31], [24, 25, 26, 27, 28, 29, 30, 31], [24, 25, 26, 27, 28, 29, 30, 31], [24, 25, 26, 27, 28, 29, 30, 31], [24, 25, 26, 27, 28, 29, 30, 31], [24, 25, 26, 27, 28, 29, 30, 31], [24, 25, 26, 27, 28, 29, 30, 31], [24, 25, 26, 27, 28, 29, 30, 31], [24, 25, 26, 27, 28, 29, 30, 31], [24, 25, 26, 27, 28, 29, 30, 31], [24, 25, 26, 27, 28, 29, 30, 31], [24, 25, 26, 27, 28, 29, 30, 31], [24, 25, 26, 27, 28, 29, 30, 31], [24, 25, 26, 27, 28, 29, 30, 31], [24, 25, 26, 27, 28, 29, 30, 31], [24, 25, 26, 27, 28, 29, 30, 31], [24, 25, 26, 27, 28, 29, 30, 31], [24, 25, 26, 27, 28, 29, 30, 31], [24, 25, 26, 27, 28, 29, 30, 31], [24, 25, 26, 27, 28, 29, 30, 31], [24, 25, 26, 27, 28, 29, 30, 31], [24, 25, 26, 27, 28, 29, 30, 31], [24, 25, 26, 27, 28, 29, 30, 31], [24, 25, 26, 27, 28, 29, 30, 31], [24, 25, 26, 27, 28, 29, 30, 31], [24, 25, 26, 27, 28, 29, 30, 31], [24, 25, 26, 27, 28, 29, 30, 31], [24, 25, 26, 27, 28, 29, 30, 31], [24, 25, 26, 27, 28, 29, 30, 31], [24, 25, 26, 27, 28, 29, 30, 31], [24, 25, 26, 27, 28, 29, 30, 31], [24, 25, 26, 27, 28, 29, 30, 31], [24, 25, 26, 27, 28, 29, 30, 31], [24, 25, 26, 27, 28, 29, 30, 31], [24, 25, 26, 27, 28, 29, 30, 31], [24, 25, 26, 27, 28, 29, 30, 31], [24, 25, 26, 27, 28, 29, 30, 31], [24, 25, 26, 27, 28, 29, 30, 31], [24, 25, 26, 27, 28, 29, 30, 31], [24, 25, 26, 27, 28, 29, 30, 31], [24, 25, 26, 27, 28, 29, 30, 31], [20, 21, 22, 23, 24, 25, 26, 27]]",8,1.0824416875839233,128,last,0.25,6528,4.0,124,1.1603277921676636,0,7 21 30 37,1628,0.3766515552997589,test,top_r_mean,0.0,0.0,0.0,0.25
0.07862407862407862,0.0,51,0.0,31,45.68580002523959,hotpotqa,1.0,0.0,0.0,0.0,5ab88c075542991b5579efbe,mean,0.5780392156862745,0.034541625529527664,"[[12, 0, 27, 3, 24, 28, 17, 2], [12, 17, 31, 15, 27, 16, 1, 29], [22, 5, 0, 7, 11, 26, 4, 9], [18, 3, 23, 9, 22, 5, 6, 29], [20, 26, 22, 3, 25, 5, 11, 7], [30, 3, 1, 13, 0, 11, 26, 27], [25, 29, 27, 28, 23, 19, 0, 26], [0, 6, 7, 21, 5, 27, 30, 19], [18, 0, 14, 13, 27, 23, 12, 31], [19, 12, 2, 25, 8, 11, 3, 30], [2, 14, 25, 15, 24, 26, 12, 19], [29, 18, 20, 3, 14, 7, 17, 25], [26, 7, 31, 15, 4, 6, 25, 24], [4, 13, 12, 25, 11, 23, 18, 27], [0, 13, 19, 12, 10, 31, 24, 18], [20, 7, 6, 2, 3, 1, 26, 24], [8, 0, 4, 5, 3, 10, 1, 22], [19, 1, 29, 5, 30, 11, 6, 0], [13, 31, 16, 26, 17, 9, 25, 0], [2, 24, 0, 28, 7, 1, 26, 22], [10, 22, 3, 20, 13, 12, 14, 28], [7, 20, 31, 23, 27, 3, 18, 2], [16, 24, 7, 26, 2, 11, 4, 30], [7, 28, 9, 14, 3, 26, 11, 19], [11, 0, 27, 26, 30, 21, 22, 20], [13, 25, 26, 19, 24, 2, 20, 18], [15, 5, 19, 18, 4, 12, 13, 27], [12, 19, 29, 23, 6, 30, 22, 24], [10, 3, 13, 5, 12, 27, 31, 6], [2, 10, 29, 19, 22, 14, 31, 24], [18, 8, 30, 4, 0, 31, 7, 6], [18, 0, 22, 31, 20, 11, 30, 4], [14, 0, 31, 17, 30, 24, 29, 21], [25, 17, 14, 24, 22, 23, 11, 16], [21, 28, 2, 19, 27, 18, 20, 12], [15, 14, 1, 28, 25, 2, 8, 13], [2, 0, 5, 26, 4, 27, 13, 3], [9, 27, 28, 12, 29, 4, 17, 25], [3, 8, 28, 7, 25, 23, 26, 12], [1, 6, 11, 27, 29, 18, 28, 23], [9, 0, 4, 19, 26, 13, 15, 16], [12, 11, 4, 9, 22, 5, 2, 26], [31, 8, 25, 0, 24, 20, 10, 21], [6, 14, 13, 18, 15, 29, 24, 2], [21, 3, 13, 31, 5, 10, 27, 8], [11, 10, 0, 12, 4, 15, 31, 2], [11, 13, 8, 18, 21, 17, 12, 24], [15, 23, 28, 1, 31, 4, 3, 2], [7, 0, 20, 27, 19, 26, 2, 15], [15, 3, 4, 2, 6, 14, 28, 9], [2, 19, 24, 22, 20, 10, 17, 18]]",8,0.9423240423202515,128,farthest,0.0,6528,4.0,124,0.9730991721153259,0,40 24 32 0,1628,0.7640724182128906,test,top_r_mean,0.0,0.5,0.75,0.875
0.07862407862407862,0.0,51,0.0,31,39.306099992245436,hotpotqa,1.0,0.0,0.0,0.0,5ab88c075542991b5579efbe,mean,0.8619607843137255,0.001605801284313202,"[[26, 0, 23, 6, 7, 1, 24, 29], [10, 2, 7, 13, 26, 0, 11, 30], [3, 4, 7, 13, 20, 15, 8, 0], [5, 12, 7, 21, 3, 17, 2, 22], [7, 18, 19, 28, 21, 14, 9, 20], [1, 8, 28, 18, 22, 5, 19, 16], [15, 16, 26, 6, 28, 27, 4, 19], [17, 18, 31, 1, 21, 30, 27, 29], [8, 0, 19, 4, 9, 17, 28, 1], [10, 17, 7, 16, 15, 8, 14, 23], [22, 23, 28, 29, 0, 19, 3, 14], [22, 23, 28, 3, 13, 14, 31, 6], [11, 30, 31, 12, 17, 27, 20, 24], [27, 21, 28, 10, 12, 25, 22, 24], [21, 17, 7, 8, 19, 1, 18, 28], [24, 14, 18, 30, 25, 1, 0, 22], [1, 0, 2, 25, 12, 8, 18, 13], [13, 19, 10, 18, 6, 5, 8, 4], [24, 30, 21, 29, 22, 20, 27, 23], [11, 24, 20, 16, 13, 21, 22, 27], [11, 6, 31, 17, 13, 12, 20, 9], [1, 8, 26, 16, 7, 29, 27, 17], [22, 3, 23, 13, 5, 26, 24, 14], [24, 1, 8, 25, 28, 27, 2, 3], [1, 0, 17, 9, 20, 2, 26, 23], [0, 22, 5, 16, 26, 24, 8, 17], [11, 17, 16, 3, 18, 5, 0, 22], [21, 30, 27, 26, 29, 2, 9, 23], [8, 2, 11, 9, 5, 26, 4, 19], [26, 2, 25, 12, 22, 7, 28, 1], [28, 12, 29, 13, 3, 19, 6, 30], [19, 26, 0, 20, 21, 29, 30, 27], [15, 0, 29, 16, 9, 27, 14, 26], [30, 22, 19, 20, 4, 5, 31, 1], [17, 2, 18, 23, 19, 12, 25, 3], [0, 21, 22, 12, 10, 14, 1, 16], [19, 7, 9, 20, 3, 8, 1, 15], [25, 14, 2, 26, 6, 31, 12, 10], [25, 27, 1, 2, 26, 16, 7, 31], [10, 11, 4, 3, 0, 25, 5, 14], [17, 0, 9, 16, 19, 15, 7, 3], [10, 8, 25, 17, 2, 9, 5, 14], [12, 19, 17, 14, 21, 7, 24, 22], [17, 23, 22, 7, 12, 11, 19, 28], [12, 21, 17, 7, 0, 3, 2, 23], [29, 3, 9, 12, 11, 10, 8, 14], [2, 29, 3, 1, 8, 20, 9, 5], [3, 13, 12, 8, 16, 14, 31, 28], [2, 0, 1, 4, 23, 3, 25, 19], [7, 30, 2, 8, 4, 11, 14, 31], [19, 4, 18, 15, 20, 16, 23, 3]]",8,0.19454708695411682,128,greedy_oracle,0.0,6528,4.0,124,0.20231379568576813,0,0 24 32 8,1628,0.9644343852996826,test,top_r_mean,1.0,1.0,1.0,1.0
0.07862407862407862,0.0,51,0.0,31,44.201500015333295,hotpotqa,1.0,0.0,0.0,0.0,5ab88c075542991b5579efbe,mean,0.47137254901960784,0.06503767520189285,"[[16, 18, 1, 17, 0, 23, 11, 3], [19, 7, 3, 23, 16, 15, 17, 2], [4, 20, 6, 23, 26, 12, 15, 7], [8, 4, 2, 12, 14, 17, 26, 0], [25, 0, 14, 6, 2, 11, 23, 22], [7, 30, 25, 4, 23, 24, 13, 17], [22, 28, 6, 10, 14, 31, 16, 18], [0, 14, 10, 26, 3, 29, 19, 18], [23, 2, 3, 15, 0, 17, 29, 8], [12, 16, 29, 0, 6, 13, 24, 25], [15, 0, 8, 20, 5, 30, 17, 29], [15, 20, 10, 25, 5, 26, 2, 21], [4, 23, 13, 24, 26, 3, 27, 28], [14, 30, 25, 27, 10, 31, 13, 3], [12, 30, 16, 21, 20, 6, 31, 22], [26, 2, 0, 1, 7, 30, 20, 25], [24, 10, 2, 0, 3, 27, 28, 21], [20, 11, 3, 30, 4, 14, 17, 27], [8, 4, 17, 16, 0, 6, 23, 1], [6, 0, 2, 12, 5, 30, 10, 26], [16, 23, 6, 31, 21, 13, 17, 10], [26, 29, 9, 5, 13, 1, 21, 20], [4, 0, 23, 6, 22, 13, 14, 31], [7, 14, 11, 28, 16, 17, 29, 31], [11, 4, 26, 8, 13, 25, 15, 6], [23, 2, 18, 27, 4, 3, 6, 11], [6, 7, 10, 28, 14, 11, 5, 8], [7, 28, 5, 21, 2, 9, 0, 4], [15, 16, 30, 8, 3, 6, 22, 25], [11, 15, 26, 12, 31, 6, 2, 25], [23, 22, 15, 8, 3, 27, 25, 18], [17, 30, 12, 23, 5, 25, 4, 0], [1, 5, 11, 22, 13, 9, 10, 30], [20, 31, 11, 6, 9, 4, 15, 23], [14, 17, 20, 0, 27, 6, 5, 8], [21, 9, 29, 20, 30, 27, 31, 12], [4, 7, 29, 8, 26, 23, 28, 14], [5, 17, 31, 30, 23, 3, 12, 11], [23, 19, 31, 28, 16, 7, 21, 27], [10, 17, 18, 29, 16, 20, 8, 11], [22, 27, 5, 24, 3, 17, 26, 28], [16, 25, 14, 15, 22, 6, 11, 17], [9, 13, 26, 7, 3, 2, 14, 29], [5, 23, 27, 12, 14, 30, 20, 17], [20, 11, 27, 8, 17, 5, 4, 15], [28, 31, 17, 14, 15, 4, 6, 2], [15, 18, 13, 31, 9, 5, 2, 23], [9, 0, 27, 8, 26, 31, 17, 24], [8, 29, 18, 9, 22, 19, 11, 3], [14, 1, 28, 8, 15, 18, 29, 19], [19, 12, 15, 0, 17, 7, 23, 27]]",8,0.9317498803138733,128,random,0.0,6528,4.0,124,0.9887548089027405,11,8 0 16 21,1628,0.6457012891769409,test,top_r_mean,0.0,0.5,0.5,0.5
0.07862407862407862,0.0,51,0.0,31,45.813400065526366,hotpotqa,1.0,0.0,0.0,0.0,5ab88c075542991b5579efbe,mean,0.34901960784313724,0.07189203798770905,"[[30, 23, 19, 11, 27, 20, 24, 10], [14, 6, 17, 21, 12, 26, 29, 31], [19, 22, 27, 12, 3, 0, 20, 8], [20, 4, 17, 27, 11, 5, 10, 22], [1, 26, 14, 8, 20, 3, 15, 6], [0, 19, 28, 7, 23, 16, 10, 2], [20, 31, 4, 21, 11, 5, 0, 12], [18, 23, 24, 26, 10, 22, 27, 11], [15, 23, 30, 11, 17, 2, 19, 16], [20, 3, 8, 4, 17, 26, 10, 16], [29, 7, 15, 22, 11, 31, 24, 9], [31, 14, 19, 15, 5, 30, 20, 0], [29, 4, 23, 22, 11, 26, 14, 8], [22, 15, 20, 4, 25, 24, 0, 27], [0, 8, 7, 3, 29, 22, 18, 11], [30, 0, 7, 13, 21, 9, 15, 3], [23, 11, 31, 29, 2, 9, 5, 6], [20, 25, 11, 12, 14, 1, 30, 18], [7, 20, 16, 11, 28, 6, 30, 31], [6, 18, 13, 4, 23, 3, 20, 11], [18, 21, 12, 24, 25, 7, 27, 2], [4, 9, 14, 15, 7, 25, 31, 24], [24, 22, 6, 14, 16, 0, 23, 17], [26, 18, 24, 6, 31, 13, 10, 30], [14, 27, 7, 11, 13, 0, 8, 12], [18, 10, 2, 14, 15, 1, 27, 5], [23, 22, 7, 4, 9, 11, 28, 6], [28, 12, 18, 2, 14, 27, 19, 6], [24, 3, 14, 28, 23, 31, 2, 9], [19, 2, 28, 26, 24, 5, 31, 15], [7, 30, 28, 4, 20, 26, 9, 15], [23, 22, 10, 13, 3, 30, 14, 8], [27, 2, 20, 29, 5, 31, 6, 22], [1, 19, 20, 30, 11, 23, 29, 2], [29, 17, 1, 13, 19, 12, 18, 30], [23, 15, 28, 26, 9, 11, 3, 20], [1, 0, 24, 16, 7, 6, 5, 20], [30, 9, 21, 3, 1, 11, 6, 17], [16, 1, 13, 9, 4, 27, 31, 24], [26, 5, 10, 20, 21, 19, 13, 16], [19, 5, 21, 18, 13, 22, 25, 24], [28, 9, 7, 30, 31, 18, 2, 22], [14, 22, 16, 17, 0, 26, 25, 7], [18, 23, 25, 27, 20, 3, 5, 19], [27, 24, 31, 16, 0, 19, 26, 14], [23, 8, 21, 4, 16, 11, 31, 12], [30, 25, 17, 5, 27, 9, 29, 19], [9, 4, 17, 18, 21, 30, 26, 20], [23, 8, 30, 14, 20, 13, 3, 18], [0, 19, 8, 27, 15, 10, 4, 20], [26, 5, 10, 18, 7, 9, 3, 12]]",8,0.9251517653465271,128,random,0.0,6528,4.0,124,0.9866620898246765,23,24 33 22 9,1628,0.49230772256851196,test,top_r_mean,0.0,0.5,0.25,0.125
0.07862407862407862,0.0,51,0.0,31,39.796500001102686,hotpotqa,1.0,0.0,0.0,0.0,5ab88c075542991b5579efbe,mean,0.476078431372549,0.04208166524767876,"[[14, 9, 11, 8, 0, 10, 16, 12], [11, 27, 22, 17, 18, 16, 25, 2], [5, 8, 21, 17, 15, 20, 26, 22], [12, 23, 6, 4, 9, 0, 1, 29], [3, 11, 29, 22, 7, 30, 18, 0], [21, 23, 10, 7, 14, 15, 20, 11], [9, 28, 26, 30, 6, 11, 13, 21], [24, 6, 10, 26, 11, 14, 31, 9], [24, 18, 16, 6, 9, 22, 20, 3], [21, 31, 23, 2, 0, 22, 28, 12], [22, 8, 28, 2, 9, 7, 12, 18], [6, 10, 4, 13, 25, 7, 14, 12], [29, 12, 28, 3, 5, 8, 30, 14], [5, 26, 13, 7, 0, 15, 29, 31], [10, 14, 23, 9, 16, 4, 29, 28], [1, 26, 29, 3, 23, 12, 31, 2], [9, 19, 7, 3, 4, 8, 2, 13], [27, 10, 26, 13, 16, 4, 30, 23], [1, 26, 16, 21, 11, 10, 13, 27], [7, 26, 12, 23, 11, 8, 2, 15], [6, 28, 2, 4, 9, 29, 20, 13], [15, 31, 10, 21, 0, 16, 13, 2], [16, 5, 9, 22, 11, 6, 20, 30], [16, 11, 7, 8, 10, 6, 25, 15], [1, 27, 8, 31, 26, 11, 29, 12], [17, 10, 26, 28, 13, 12, 20, 2], [30, 9, 8, 18, 14, 12, 10, 25], [10, 11, 25, 31, 0, 18, 27, 14], [13, 1, 15, 10, 4, 24, 12, 3], [8, 19, 30, 5, 4, 26, 29, 12], [3, 4, 31, 22, 20, 13, 27, 25], [17, 20, 13, 19, 11, 25, 9, 4], [18, 28, 0, 1, 7, 21, 2, 26], [20, 12, 26, 19, 25, 28, 7, 29], [18, 5, 31, 28, 6, 26, 3, 25], [19, 8, 20, 25, 18, 15, 26, 1], [18, 1, 0, 15, 30, 26, 25, 27], [4, 30, 12, 19, 23, 6, 18, 24], [11, 31, 6, 20, 10, 0, 29, 23], [21, 13, 25, 15, 23, 1, 31, 22], [20, 3, 26, 10, 16, 14, 23, 29], [1, 13, 25, 5, 6, 28, 29, 11], [25, 22, 8, 5, 12, 13, 18, 3], [12, 7, 29, 10, 30, 11, 5, 21], [29, 2, 15, 30, 21, 13, 18, 3], [20, 8, 31, 15, 28, 18, 22, 2], [30, 10, 18, 26, 1, 5, 15, 4], [0, 14, 26, 7, 8, 18, 12, 24], [0, 4, 17, 29, 5, 7, 22, 30], [20, 5, 21, 26, 13, 25, 8, 1], [7, 19, 10, 3, 16, 17, 14, 5]]",8,0.9623494744300842,128,random,0.0,6528,4.0,124,0.9979706406593323,37,0 32 48 22,1628,0.6457918286323547,test,top_r_mean,1.0,0.5,0.5,0.625
0.07862407862407862,0.0,51,0.0,31,45.39180011488497,hotpotqa,1.0,0.0,0.0,0.0,5ab88c075542991b5579efbe,mean,0.4180392156862745,0.05827154964208603,"[[3, 27, 22, 30, 1, 0, 23, 11], [27, 10, 18, 31, 13, 30, 29, 0], [13, 7, 15, 26, 20, 14, 4, 25], [5, 31, 4, 25, 20, 27, 16, 26], [5, 20, 4, 3, 1, 2, 24, 31], [18, 5, 24, 13, 29, 30, 14, 19], [13, 27, 12, 11, 26, 7, 1, 18], [28, 9, 14, 26, 29, 4, 21, 23], [25, 13, 16, 3, 29, 8, 0, 27], [6, 2, 13, 20, 7, 31, 25, 21], [6, 28, 0, 14, 18, 13, 22, 5], [17, 28, 30, 25, 23, 20, 8, 11], [1, 5, 30, 14, 24, 17, 28, 6], [3, 8, 14, 19, 26, 7, 4, 23], [17, 13, 27, 20, 21, 23, 30, 19], [1, 3, 4, 20, 0, 15, 29, 9], [17, 15, 0, 27, 5, 22, 8, 25], [22, 21, 3, 9, 29, 12, 4, 10], [28, 8, 29, 22, 30, 17, 21, 13], [13, 12, 31, 15, 14, 21, 11, 8], [25, 3, 17, 1, 30, 8, 10, 20], [9, 2, 13, 17, 12, 18, 22, 10], [22, 29, 13, 19, 3, 27, 31, 30], [5, 22, 13, 21, 24, 12, 31, 19], [1, 19, 22, 23, 3, 29, 16, 14], [21, 19, 13, 14, 30, 0, 20, 1], [2, 11, 1, 0, 22, 15, 23, 10], [19, 31, 13, 0, 20, 21, 30, 25], [30, 1, 7, 12, 0, 3, 29, 19], [21, 28, 14, 0, 17, 15, 5, 8], [20, 11, 14, 28, 3, 30, 12, 16], [19, 1, 21, 6, 27, 14, 7, 9], [23, 28, 8, 26, 12, 24, 29, 14], [27, 10, 17, 5, 29, 30, 14, 23], [19, 17, 6, 22, 20, 29, 7, 24], [4, 19, 13, 29, 21, 2, 27, 23], [18, 16, 25, 17, 31, 13, 14, 5], [3, 7, 5, 25, 12, 11, 30, 6], [16, 26, 24, 23, 0, 19, 29, 1], [4, 8, 27, 17, 25, 21, 26, 13], [8, 24, 31, 21, 9, 11, 12, 22], [2, 6, 14, 21, 0, 4, 22, 16], [17, 3, 4, 19, 28, 9, 11, 16], [3, 17, 8, 19, 23, 29, 11, 0], [14, 22, 28, 26, 20, 19, 17, 7], [19, 24, 4, 5, 0, 14, 22, 28], [27, 21, 12, 7, 22, 4, 8, 16], [6, 3, 15, 20, 14, 9, 29, 8], [22, 19, 26, 28, 8, 18, 0, 23], [4, 21, 15, 24, 12, 22, 19, 11], [19, 5, 17, 23, 6, 22, 27, 1]]",8,0.8666702508926392,128,random,0.0,6528,4.0,124,0.9213459491729736,53,0 8 48 16,1628,0.5646153688430786,test,top_r_mean,1.0,0.5,0.5,0.625
0.07862407862407862,0.0,51,0.0,31,42.3480998724699,hotpotqa,1.0,0.0,0.0,0.0,5ab88c075542991b5579efbe,mean,0.34901960784313724,0.06125296652317047,"[[3, 21, 19, 26, 0, 4, 9, 13], [12, 31, 23, 26, 1, 7, 22, 8], [16, 15, 8, 2, 6, 18, 10, 20], [6, 18, 26, 5, 15, 22, 19, 3], [20, 24, 23, 2, 1, 3, 22, 6], [25, 3, 1, 12, 18, 15, 4, 0], [22, 13, 27, 19, 3, 6, 12, 1], [18, 14, 11, 22, 10, 29, 1, 23], [31, 5, 7, 21, 18, 12, 22, 10], [7, 12, 25, 1, 16, 13, 26, 3], [17, 19, 27, 25, 16, 21, 12, 24], [2, 17, 1, 11, 30, 15, 10, 26], [10, 7, 29, 17, 9, 6, 15, 28], [28, 21, 10, 2, 29, 6, 17, 24], [23, 14, 25, 4, 20, 31, 18, 7], [7, 2, 6, 18, 3, 5, 4, 10], [9, 29, 13, 20, 25, 5, 6, 7], [6, 24, 27, 30, 10, 5, 0, 28], [18, 8, 2, 7, 0, 4, 17, 27], [10, 20, 31, 2, 28, 4, 26, 12], [9, 12, 29, 8, 1, 25, 11, 30], [18, 3, 0, 9, 21, 8, 14, 30], [19, 30, 26, 14, 24, 20, 8, 3], [20, 26, 16, 29, 13, 4, 28, 5], [30, 26, 17, 0, 11, 4, 27, 20], [2, 3, 19, 12, 11, 0, 14, 29], [25, 27, 4, 17, 1, 31, 18, 15], [13, 26, 30, 2, 29, 22, 12, 31], [23, 22, 10, 27, 2, 11, 31, 20], [3, 10, 29, 0, 14, 9, 8, 18], [10, 20, 17, 5, 30, 21, 4, 16], [22, 13, 3, 21, 7, 20, 5, 27], [28, 19, 2, 9, 10, 14, 30, 7], [30, 25, 19, 4, 16, 1, 29, 15], [23, 0, 30, 13, 27, 26, 3, 15], [30, 13, 19, 21, 12, 14, 6, 4], [4, 9, 18, 28, 15, 3, 2, 30], [30, 29, 5, 25, 8, 16, 3, 19], [28, 4, 22, 29, 5, 8, 30, 11], [25, 2, 18, 16, 23, 30, 27, 8], [28, 22, 7, 18, 1, 21, 23, 13], [26, 1, 16, 3, 17, 2, 5, 11], [4, 2, 12, 7, 31, 20, 15, 14], [14, 28, 31, 25, 15, 6, 3, 8], [18, 15, 26, 11, 7, 12, 23, 19], [14, 1, 8, 10, 15, 31, 4, 20], [14, 29, 17, 22, 0, 1, 24, 20], [29, 17, 18, 28, 16, 31, 13, 21], [12, 30, 28, 29, 17, 23, 3, 11], [4, 25, 20, 17, 19, 28, 9, 8], [18, 24, 3, 22, 13, 25, 2, 16]]",8,0.9554347991943359,128,random,0.0,6528,4.0,124,1.010777473449707,71,24 0 33 42,1628,0.4994570016860962,test,top_r_mean,0.0,1.0,0.5,0.375
0.10150674068199841,0.0,40,0.0,31,0.060399994254112244,hotpotqa,0.8,0.0,0.0,0.0,5a714b645542994082a3e78b,mean,1.0,0.0,,0,0.0,128,full_k,0.0,20175,4.0,124,0.0,0,0 8 16 24,1261,0.9999999403953552,test,top_r_mean,1.0,1.0,1.0,1.0
0.10150674068199841,0.0,40,0.0,31,2.7326999697834253,hotpotqa,0.8,0.0,0.0,0.0,5a714b645542994082a3e78b,mean,0.5461538461538461,0.06033802032470703,,1,1.4682964086532593,128,mean,0.0,640,4.0,124,1.5007388591766357,0,37 0 8 16,1261,0.7517822980880737,test,top_r_mean,0.0,0.5,0.75,0.75
0.10150674068199841,0.0,40,0.0,31,28.878799872472882,hotpotqa,0.8,0.0,0.0,0.0,5a714b645542994082a3e78b,mean,0.3333333333333333,0.18749456107616425,"[[24], [24], [24], [24], [24], [24], [24], [24], [24], [24], [24], [24], [24], [24], [24], [24], [24], [24], [24], [24], [24], [24], [24], [24], [24], [24], [24], [24], [24], [24], [24], [24], [24], [24], [24], [24], [24], [24], [24], [5]]",1,1.5076287984848022,128,last,0.0,640,4.0,124,1.662174105644226,0,8 24 27 0,1261,0.43958720564842224,test,top_r_mean,0.0,0.5,0.75,0.5
0.10150674068199841,1.0,40,0.0,31,23.45380000770092,hotpotqa,0.8,0.25,0.2,0.0,5a714b645542994082a3e78b,mean,0.3641025641025641,0.1254475712776184,"[[11], [22], [9], [22], [16], [10], [13], [0], [11], [10], [2], [16], [0], [25], [13], [16], [12], [3], [29], [9], [29], [0], [9], [23], [23], [25], [7], [4], [10], [7], [10], [16], [7], [8], [25], [12], [14], [22], [16], [6]]",1,1.0888885259628296,128,farthest,0.5,640,4.0,124,1.1817227602005005,0,9 33 8 25,1261,0.537898600101471,test,top_r_mean,0.0,0.0,0.25,0.375
0.10150674068199841,0.0,40,0.0,31,28.958899900317192,hotpotqa,0.8,0.0,0.0,0.0,5a714b645542994082a3e78b,mean,0.45384615384615384,0.1097041442990303,"[[7], [3], [20], [19], [0], [8], [30], [25], [25], [7], [29], [23], [9], [5], [31], [5], [7], [0], [18], [4], [13], [17], [5], [24], [16], [21], [26], [21], [8], [17], [23], [27], [1], [2], [31], [30], [29], [2], [12], [12]]",1,0.31100693345069885,128,greedy_oracle,0.0,640,4.0,124,0.48479709029197693,0,17 9 0 5,1261,0.5928704738616943,test,top_r_mean,0.0,0.0,0.25,0.5
0.10150674068199841,0.0,40,0.0,31,25.551100028678775,hotpotqa,0.8,0.0,0.0,0.0,5a714b645542994082a3e78b,mean,0.24871794871794872,0.16119003295898438,"[[3], [12], [31], [18], [28], [15], [3], [30], [7], [23], [9], [3], [31], [9], [9], [5], [17], [3], [10], [22], [6], [8], [4], [30], [24], [29], [26], [17], [15], [20], [10], [31], [1], [14], [21], [2], [9], [2], [25], [11]]",1,1.1386417150497437,128,random,0.0,640,4.0,124,1.2892587184906006,11,37 26 5 16,1261,0.3761725425720215,test,top_r_mean,0.0,0.0,0.25,0.5
0.10150674068199841,0.0,40,0.0,31,29.27649999037385,hotpotqa,0.8,0.0,0.0,0.0,5a714b645542994082a3e78b,mean,0.35128205128205126,1.2406721115112305,"[[24], [21], [9], [9], [9], [23], [23], [18], [1], [3], [11], [1], [31], [9], [14], [23], [0], [22], [3], [17], [19], [7], [23], [5], [17], [8], [9], [4], [17], [13], [16], [31], [12], [24], [29], [31], [28], [14], [13], [5]]",1,1.5486974716186523,128,random,0.0,640,4.0,124,1.7003668546676636,23,16 38 9 8,1261,0.47636014223098755,test,top_r_mean,0.0,0.0,0.5,0.5
0.10150674068199841,0.0,40,0.0,31,27.649400057271123,hotpotqa,0.8,0.0,0.0,0.0,5a714b645542994082a3e78b,mean,-0.0641025641025641,0.4703978896141052,"[[16], [26], [23], [26], [5], [30], [17], [7], [3], [9], [2], [28], [29], [29], [15], [5], [1], [2], [0], [22], [19], [10], [18], [22], [13], [8], [17], [5], [24], [21], [23], [26], [26], [25], [28], [22], [5], [1], [13], [9]]",1,1.4876526594161987,128,random,0.0,640,4.0,124,1.783344030380249,37,30 11 38 15,1261,-0.09268292039632797,test,top_r_mean,0.0,0.0,0.0,0.0
0.10150674068199841,0.0,40,0.0,31,27.870200108736753,hotpotqa,0.8,0.0,0.0,0.0,5a714b645542994082a3e78b,mean,0.30256410256410254,0.21489328145980835,"[[4], [0], [27], [28], [5], [11], [11], [11], [28], [21], [7], [1], [6], [4], [14], [4], [9], [6], [0], [2], [24], [1], [1], [18], [6], [0], [31], [10], [14], [22], [14], [13], [17], [12], [13], [0], [30], [23], [21], [4]]",1,1.3264707326889038,128,random,0.0,640,4.0,124,1.5002212524414062,53,37 0 36 25,1261,0.43058156967163086,test,top_r_mean,0.0,0.5,0.25,0.375
0.10150674068199841,0.0,40,0.0,31,27.911700075492263,hotpotqa,0.8,0.0,0.0,0.0,5a714b645542994082a3e78b,mean,0.10256410256410256,0.37203091382980347,"[[8], [23], [9], [23], [0], [14], [30], [18], [13], [5], [24], [16], [26], [15], [29], [21], [26], [23], [16], [8], [15], [5], [4], [3], [12], [22], [11], [19], [8], [29], [30], [29], [26], [12], [13], [28], [28], [31], [3], [2]]",1,1.6702282428741455,128,random,0.0,640,4.0,124,1.873153805732727,71,28 0 6 5,1261,0.15253281593322754,test,top_r_mean,0.0,0.5,0.25,0.25
0.10150674068199841,0.0,40,0.0,31,29.188399901613593,hotpotqa,0.8,0.0,0.0,0.0,5a714b645542994082a3e78b,mean,0.28717948717948716,0.2199006974697113,"[[24, 25], [24, 25], [24, 25], [24, 25], [24, 25], [24, 25], [24, 25], [24, 25], [24, 25], [24, 25], [24, 25], [24, 25], [24, 25], [24, 25], [24, 25], [24, 25], [24, 25], [24, 25], [24, 25], [24, 25], [24, 25], [24, 25], [24, 25], [24, 25], [24, 25], [24, 25], [24, 25], [24, 25], [24, 25], [24, 25], [24, 25], [24, 25], [24, 25], [24, 25], [24, 25], [24, 25], [24, 25], [24, 25], [24, 25], [5, 6]]",2,1.5053824186325073,128,last,0.0,1280,4.0,124,1.665921926498413,0,8 2 25 3,1261,0.4039399027824402,test,top_r_mean,0.0,0.5,0.25,0.375
0.10150674068199841,1.0,40,0.0,31,28.201800072565675,hotpotqa,0.8,0.25,0.2,0.0,5a714b645542994082a3e78b,mean,0.4307692307692308,0.5534535050392151,"[[11, 0], [22, 23], [9, 16], [22, 17], [16, 7], [10, 21], [13, 28], [0, 27], [11, 0], [10, 19], [2, 15], [16, 10], [0, 28], [25, 3], [13, 17], [16, 26], [12, 0], [3, 30], [29, 13], [9, 1], [29, 3], [0, 13], [9, 2], [23, 27], [23, 0], [25, 11], [7, 17], [4, 3], [10, 5], [7, 12], [10, 31], [16, 30], [7, 0], [8, 26], [25, 28], [12, 13], [14, 21], [22, 31], [16, 4], [6, 2]]",2,1.6684826612472534,128,farthest,0.25,1280,4.0,124,1.7962656021118164,0,8 0 16 32,1261,0.5722326040267944,test,top_r_mean,0.0,1.0,0.75,0.875
0.10150674068199841,0.0,40,0.0,31,32.003300031647086,hotpotqa,0.8,0.0,0.0,0.0,5a714b645542994082a3e78b,mean,0.7846153846153846,0.08055704832077026,"[[7, 0], [3, 6], [20, 21], [19, 25], [0, 13], [8, 29], [30, 18], [25, 29], [25, 0], [7, 31], [29, 6], [23, 5], [9, 22], [5, 11], [31, 0], [5, 13], [7, 0], [0, 21], [18, 17], [4, 22], [13, 14], [17, 1], [5, 6], [24, 31], [16, 0], [21, 29], [26, 30], [21, 26], [8, 11], [17, 23], [23, 26], [27, 3], [1, 0], [2, 9], [31, 7], [30, 5], [29, 30], [2, 18], [12, 13], [12, 9]]",2,0.30786168575286865,128,greedy_oracle,0.0,1280,4.0,124,0.3406684100627899,0,0 24 16 8,1261,0.929643452167511,test,top_r_mean,1.0,0.5,1.0,1.0
0.10150674068199841,0.0,40,0.0,31,31.30919998511672,hotpotqa,0.8,0.0,0.0,0.0,5a714b645542994082a3e78b,mean,0.3487179487179487,0.12839078903198242,"[[3, 25], [12, 9], [31, 1], [18, 1], [28, 14], [15, 3], [3, 14], [30, 26], [7, 22], [23, 31], [9, 13], [3, 8], [31, 10], [9, 24], [9, 2], [5, 6], [17, 15], [3, 1], [10, 16], [22, 28], [6, 7], [8, 30], [4, 26], [30, 5], [24, 19], [29, 9], [26, 27], [17, 14], [15, 0], [20, 15], [10, 15], [31, 9], [1, 31], [14, 0], [21, 14], [2, 22], [9, 25], [2, 5], [25, 15], [11, 12]]",2,1.3422554731369019,128,random,0.0,1280,4.0,124,1.4562325477600098,11,37 16 5 0,1261,0.5121950507164001,test,top_r_mean,0.0,0.0,0.5,0.75
0.10150674068199841,0.0,40,0.0,31,33.40460010804236,hotpotqa,0.8,0.0,0.0,0.0,5a714b645542994082a3e78b,mean,0.32564102564102565,0.23215891420841217,"[[24, 23], [21, 28], [9, 22], [9, 26], [9, 8], [23, 1], [23, 11], [18, 30], [1, 14], [3, 18], [11, 14], [1, 28], [31, 18], [9, 4], [14, 1], [23, 19], [0, 26], [22, 8], [3, 16], [17, 29], [19, 5], [7, 11], [23, 9], [5, 24], [17, 10], [8, 30], [9, 3], [4, 19], [17, 30], [13, 18], [16, 0], [31, 21], [12, 10], [24, 30], [29, 7], [31, 11], [28, 19], [14, 30], [13, 5], [5, 3]]",2,1.4369115829467773,128,random,0.0,1280,4.0,124,1.5433286428451538,23,16 9 11 8,1261,0.45478421449661255,test,top_r_mean,0.0,0.0,0.5,0.625
0.10150674068199841,1.0,40,0.0,31,33.911600010469556,hotpotqa,0.8,0.25,0.2,0.0,5a714b645542994082a3e78b,mean,0.06153846153846154,0.23008516430854797,"[[16, 6], [26, 13], [23, 4], [26, 5], [5, 12], [30, 22], [17, 19], [7, 1], [3, 11], [9, 4], [2, 20], [28, 0], [29, 20], [29, 24], [15, 31], [5, 27], [1, 18], [2, 25], [0, 14], [22, 27], [19, 13], [10, 22], [18, 15], [22, 8], [13, 18], [8, 13], [17, 5], [5, 15], [24, 31], [21, 7], [23, 1], [26, 27], [26, 7], [25, 5], [28, 8], [22, 24], [5, 0], [1, 8], [13, 17], [9, 0]]",2,1.4100195169448853,128,random,0.25,1280,4.0,124,1.5561001300811768,37,38 11 10 31,1261,0.11332082003355026,test,top_r_mean,0.0,0.0,0.0,0.25
0.10150674068199841,0.0,40,0.0,31,31.294799875468016,hotpotqa,0.8,0.0,0.0,0.0,5a714b645542994082a3e78b,mean,0.382051282051282,0.18972018361091614,"[[4, 5], [0, 10], [27, 23], [28, 12], [5, 7], [11, 2], [11, 20], [11, 25], [28, 10], [21, 14], [7, 16], [1, 30], [6, 18], [4, 15], [14, 12], [4, 22], [9, 30], [6, 15], [0, 15], [2, 15], [24, 31], [1, 16], [1, 18], [18, 1], [6, 24], [0, 19], [31, 14], [10, 16], [14, 24], [22, 14], [14, 0], [13, 17], [17, 29], [12, 9], [13, 16], [0, 18], [30, 29], [23, 27], [21, 14], [4, 11]]",2,1.4049652814865112,128,random,0.0,1280,4.0,124,1.5260900259017944,53,36 0 37 9,1261,0.5039399266242981,test,top_r_mean,0.0,0.5,0.25,0.625
0.10150674068199841,1.0,40,0.0,31,29.792499961331487,hotpotqa,0.8,0.25,0.2,0.0,5a714b645542994082a3e78b,mean,0.25384615384615383,0.17291201651096344,"[[8, 22], [23, 27], [9, 3], [23, 0], [0, 15], [14, 11], [30, 7], [18, 19], [13, 8], [5, 25], [24, 4], [16, 4], [26, 13], [15, 11], [29, 28], [21, 6], [26, 17], [23, 13], [16, 10], [8, 1], [15, 28], [5, 13], [4, 20], [3, 28], [12, 5], [22, 9], [11, 10], [19, 4], [8, 21], [29, 9], [30, 5], [29, 23], [26, 1], [12, 14], [13, 6], [28, 11], [28, 0], [31, 25], [3, 28], [2, 5]]",2,1.5234345197677612,128,random,1.0,1280,4.0,124,1.6167607307434082,71,13 4 5 8,1261,0.360787957906723,test,top_r_mean,0.0,0.0,0.25,0.375
0.10150674068199841,0.0,40,0.0,31,30.517800012603402,hotpotqa,0.8,0.0,0.0,0.0,5a714b645542994082a3e78b,mean,0.28205128205128205,0.16932031512260437,"[[24, 25, 26, 27], [24, 25, 26, 27], [24, 25, 26, 27], [24, 25, 26, 27], [24, 25, 26, 27], [24, 25, 26, 27], [24, 25, 26, 27], [24, 25, 26, 27], [24, 25, 26, 27], [24, 25, 26, 27], [24, 25, 26, 27], [24, 25, 26, 27], [24, 25, 26, 27], [24, 25, 26, 27], [24, 25, 26, 27], [24, 25, 26, 27], [24, 25, 26, 27], [24, 25, 26, 27], [24, 25, 26, 27], [24, 25, 26, 27], [24, 25, 26, 27], [24, 25, 26, 27], [24, 25, 26, 27], [24, 25, 26, 27], [24, 25, 26, 27], [24, 25, 26, 27], [24, 25, 26, 27], [24, 25, 26, 27], [24, 25, 26, 27], [24, 25, 26, 27], [24, 25, 26, 27], [24, 25, 26, 27], [24, 25, 26, 27], [24, 25, 26, 27], [24, 25, 26, 27], [24, 25, 26, 27], [24, 25, 26, 27], [24, 25, 26, 27], [24, 25, 26, 27], [5, 6, 7, 8]]",4,1.5869513750076294,128,last,0.0,2560,4.0,124,1.6952612400054932,0,8 27 24 3,1261,0.37560969591140747,test,top_r_mean,0.0,0.5,0.5,0.5
0.10150674068199841,0.0,40,0.0,31,28.717400040477514,hotpotqa,0.8,0.0,0.0,0.0,5a714b645542994082a3e78b,mean,0.28205128205128205,0.10728485882282257,"[[11, 0, 27, 22], [22, 23, 30, 4], [9, 16, 8, 17], [22, 17, 7, 3], [16, 7, 25, 31], [10, 21, 25, 6], [13, 28, 24, 12], [0, 27, 18, 12], [11, 0, 3, 5], [10, 19, 29, 5], [2, 15, 22, 14], [16, 10, 20, 12], [0, 28, 24, 10], [25, 3, 29, 18], [13, 17, 15, 22], [16, 26, 7, 27], [12, 0, 30, 1], [3, 30, 17, 1], [29, 13, 17, 16], [9, 1, 20, 28], [29, 3, 11, 13], [0, 13, 18, 29], [9, 2, 3, 31], [23, 27, 26, 1], [23, 0, 12, 13], [25, 11, 1, 10], [7, 17, 9, 31], [4, 3, 13, 22], [10, 5, 28, 21], [7, 12, 21, 31], [10, 31, 15, 27], [16, 30, 13, 28], [7, 0, 25, 29], [8, 26, 0, 30], [25, 28, 13, 4], [12, 13, 7, 18], [14, 21, 25, 18], [22, 31, 16, 18], [16, 4, 0, 30], [6, 2, 11, 4]]",4,2.024190664291382,128,farthest,0.0,2560,4.0,124,2.0799858570098877,0,8 16 0 37,1261,0.41688549518585205,test,top_r_mean,0.0,0.5,0.75,0.75
0.10150674068199841,0.0,40,0.0,31,28.87220005504787,hotpotqa,0.8,0.0,0.0,0.0,5a714b645542994082a3e78b,mean,0.8282051282051283,0.0032738789450377226,"[[7, 0, 30, 4], [3, 6, 7, 11], [20, 21, 29, 25], [19, 25, 22, 1], [0, 13, 15, 6], [8, 29, 15, 14], [30, 18, 3, 17], [25, 29, 4, 30], [25, 0, 9, 23], [7, 31, 10, 3], [29, 6, 8, 17], [23, 5, 28, 31], [9, 22, 0, 14], [5, 11, 15, 26], [31, 0, 10, 25], [5, 13, 3, 4], [7, 0, 17, 3], [0, 21, 7, 8], [18, 17, 26, 6], [4, 22, 11, 3], [13, 14, 22, 17], [17, 1, 25, 2], [5, 6, 14, 9], [24, 31, 18, 6], [16, 0, 4, 20], [21, 29, 0, 25], [26, 30, 2, 29], [21, 26, 27, 24], [8, 11, 16, 13], [17, 23, 28, 27], [23, 26, 28, 2], [27, 3, 8, 12], [1, 0, 13, 8], [2, 9, 8, 10], [31, 7, 0, 20], [30, 5, 17, 11], [29, 30, 5, 8], [2, 18, 23, 6], [12, 13, 17, 21], [12, 9, 1, 6]]",4,0.42244696617126465,128,greedy_oracle,0.0,2560,4.0,124,0.43098923563957214,0,0 24 16 8,1261,0.9459661841392517,test,top_r_mean,1.0,0.5,1.0,1.0
0.10150674068199841,0.0,40,0.0,31,26.737299980595708,hotpotqa,0.8,0.0,0.0,0.0,5a714b645542994082a3e78b,mean,0.3769230769230769,0.1195310577750206,"[[3, 25, 23, 20], [12, 9, 5, 6], [31, 1, 24, 14], [18, 1, 30, 15], [28, 14, 11, 29], [15, 3, 5, 12], [3, 14, 2, 15], [30, 26, 6, 28], [7, 22, 8, 19], [23, 31, 7, 22], [9, 13, 11, 6], [3, 8, 20, 7], [31, 10, 7, 15], [9, 24, 13, 19], [9, 2, 20, 12], [5, 6, 28, 23], [17, 15, 26, 3], [3, 1, 25, 24], [10, 16, 7, 17], [22, 28, 3, 17], [6, 7, 2, 22], [8, 30, 9, 3], [4, 26, 19, 11], [30, 5, 14, 31], [24, 19, 21, 6], [29, 9, 18, 3], [26, 27, 3, 25], [17, 14, 24, 18], [15, 0, 2, 28], [20, 15, 5, 16], [10, 15, 30, 26], [31, 9, 29, 7], [1, 31, 5, 17], [14, 0, 25, 22], [21, 14, 28, 26], [2, 22, 16, 5], [9, 25, 6, 27], [2, 5, 6, 19], [25, 15, 6, 26], [11, 12, 0, 8]]",4,1.385882019996643,128,random,0.0,2560,4.0,124,1.4700086116790771,11,37 16 1 8,1261,0.5429642796516418,test,top_r_mean,0.0,0.0,0.5,0.5
0.10150674068199841,0.0,40,0.0,31,33.55960012413561,hotpotqa,0.8,0.0,0.0,0.0,5a714b645542994082a3e78b,mean,0.258974358974359,0.13702546060085297,"[[24, 23, 20, 30], [21, 28, 2, 25], [9, 22, 6, 17], [9, 26, 16, 21], [9, 8, 28, 23], [23, 1, 24, 5], [23, 11, 16, 21], [18, 30, 21, 10], [1, 14, 23, 20], [3, 18, 29, 12], [11, 14, 28, 13], [1, 28, 3, 23], [31, 18, 3, 13], [9, 4, 18, 22], [14, 1, 11, 2], [23, 19, 25, 27], [0, 26, 5, 14], [22, 8, 29, 28], [3, 16, 18, 1], [17, 29, 10, 2], [19, 5, 20, 23], [7, 11, 15, 23], [23, 9, 22, 11], [5, 24, 1, 19], [17, 10, 15, 13], [8, 30, 9, 1], [9, 3, 15, 22], [4, 19, 13, 31], [17, 30, 7, 23], [13, 18, 30, 8], [16, 0, 30, 10], [31, 21, 16, 13], [12, 10, 4, 16], [24, 30, 31, 21], [29, 7, 2, 5], [31, 11, 20, 19], [28, 19, 20, 5], [14, 30, 16, 12], [13, 5, 6, 16], [5, 3, 12, 9]]",4,1.5199552774429321,128,random,0.0,2560,4.0,124,1.5993645191192627,23,16 11 8 0,1261,0.38611626625061035,test,top_r_mean,0.0,0.0,0.75,0.375
0.10150674068199841,1.0,40,0.0,31,32.074299873784184,hotpotqa,0.8,0.25,0.2,0.0,5a714b645542994082a3e78b,mean,0.19487179487179487,0.14973118901252747,"[[16, 6, 22, 12], [26, 13, 15, 11], [23, 4, 1, 31], [26, 5, 13, 31], [5, 12, 31, 29], [30, 22, 11, 15], [17, 19, 0, 15], [7, 1, 9, 10], [3, 11, 8, 5], [9, 4, 12, 15], [2, 20, 11, 22], [28, 0, 16, 24], [29, 20, 17, 0], [29, 24, 22, 13], [15, 31, 7, 14], [5, 27, 22, 23], [1, 18, 3, 25], [2, 25, 14, 7], [0, 14, 11, 19], [22, 27, 16, 2], [19, 13, 30, 31], [10, 22, 5, 24], [18, 15, 26, 9], [22, 8, 18, 2], [13, 18, 8, 11], [8, 13, 4, 22], [17, 5, 15, 14], [5, 15, 4, 27], [24, 31, 2, 16], [21, 7, 22, 25], [23, 1, 9, 25], [26, 27, 22, 8], [26, 7, 22, 27], [25, 5, 21, 1], [28, 8, 16, 31], [22, 24, 9, 23], [5, 0, 10, 9], [1, 8, 21, 12], [13, 17, 0, 2], [9, 0, 10, 7]]",4,1.3756593465805054,128,random,0.5,2560,4.0,124,1.4614958763122559,37,27 31 17 9,1261,0.29999998211860657,test,top_r_mean,0.0,0.0,0.0,0.375
0.10150674068199841,0.0,40,0.0,31,27.62910001911223,hotpotqa,0.8,0.0,0.0,0.0,5a714b645542994082a3e78b,mean,0.33076923076923076,0.14874720573425293,"[[4, 5, 7, 23], [0, 10, 1, 3], [27, 23, 10, 24], [28, 12, 11, 15], [5, 7, 20, 0], [11, 2, 26, 23], [11, 20, 15, 14], [11, 25, 29, 8], [28, 10, 7, 13], [21, 14, 7, 31], [7, 16, 13, 21], [1, 30, 4, 20], [6, 18, 31, 17], [4, 15, 11, 1], [14, 12, 8, 10], [4, 22, 3, 5], [9, 30, 14, 6], [6, 15, 0, 1], [0, 15, 21, 27], [2, 15, 22, 27], [24, 31, 2, 8], [1, 16, 10, 11], [1, 18, 22, 29], [18, 1, 12, 26], [6, 24, 12, 23], [0, 19, 26, 4], [31, 14, 18, 0], [10, 16, 2, 15], [14, 24, 13, 6], [22, 14, 27, 31], [14, 0, 26, 30], [13, 17, 0, 3], [17, 29, 22, 27], [12, 9, 13, 23], [13, 16, 7, 14], [0, 18, 20, 14], [30, 29, 25, 31], [23, 27, 15, 3], [21, 14, 8, 26], [4, 11, 5, 7]]",4,1.4155930280685425,128,random,0.0,2560,4.0,124,1.4988075494766235,53,9 0 7 37,1261,0.4544089436531067,test,top_r_mean,0.0,0.5,0.25,0.5
0.10150674068199841,0.0,40,0.0,31,31.160800019279122,hotpotqa,0.8,0.0,0.0,0.0,5a714b645542994082a3e78b,mean,0.28974358974358977,0.14367491006851196,"[[8, 22, 11, 6], [23, 27, 7, 10], [9, 3, 0, 7], [23, 0, 28, 14], [0, 15, 11, 25], [14, 11, 2, 29], [30, 7, 11, 10], [18, 19, 1, 24], [13, 8, 14, 6], [5, 25, 26, 10], [24, 4, 2, 0], [16, 4, 7, 21], [26, 13, 22, 29], [15, 11, 23, 0], [29, 28, 2, 23], [21, 6, 7, 4], [26, 17, 7, 18], [23, 13, 3, 0], [16, 10, 26, 4], [8, 1, 26, 6], [15, 28, 7, 22], [5, 13, 9, 15], [4, 20, 5, 28], [3, 28, 31, 23], [12, 5, 14, 13], [22, 9, 6, 24], [11, 10, 12, 21], [19, 4, 12, 10], [8, 21, 27, 29], [29, 9, 28, 31], [30, 5, 24, 23], [29, 23, 21, 15], [26, 1, 6, 12], [12, 14, 31, 24], [13, 6, 31, 25], [28, 11, 25, 16], [28, 0, 2, 23], [31, 25, 14, 4], [3, 28, 20, 23], [2, 5, 7, 3]]",4,1.4430639743804932,128,random,0.0,2560,4.0,124,1.5236533880233765,71,5 16 8 17,1261,0.40637892484664917,test,top_r_mean,0.0,0.0,0.5,0.5
0.10150674068199841,0.0,40,0.0,31,34.702900098636746,hotpotqa,0.8,0.0,0.0,0.0,5a714b645542994082a3e78b,mean,0.3974358974358974,0.0964624434709549,"[[24, 25, 26, 27, 28, 29, 30, 31], [24, 25, 26, 27, 28, 29, 30, 31], [24, 25, 26, 27, 28, 29, 30, 31], [24, 25, 26, 27, 28, 29, 30, 31], [24, 25, 26, 27, 28, 29, 30, 31], [24, 25, 26, 27, 28, 29, 30, 31], [24, 25, 26, 27, 28, 29, 30, 31], [24, 25, 26, 27, 28, 29, 30, 31], [24, 25, 26, 27, 28, 29, 30, 31], [24, 25, 26, 27, 28, 29, 30, 31], [24, 25, 26, 27, 28, 29, 30, 31], [24, 25, 26, 27, 28, 29, 30, 31], [24, 25, 26, 27, 28, 29, 30, 31], [24, 25, 26, 27, 28, 29, 30, 31], [24, 25, 26, 27, 28, 29, 30, 31], [24, 25, 26, 27, 28, 29, 30, 31], [24, 25, 26, 27, 28, 29, 30, 31], [24, 25, 26, 27, 28, 29, 30, 31], [24, 25, 26, 27, 28, 29, 30, 31], [24, 25, 26, 27, 28, 29, 30, 31], [24, 25, 26, 27, 28, 29, 30, 31], [24, 25, 26, 27, 28, 29, 30, 31], [24, 25, 26, 27, 28, 29, 30, 31], [24, 25, 26, 27, 28, 29, 30, 31], [24, 25, 26, 27, 28, 29, 30, 31], [24, 25, 26, 27, 28, 29, 30, 31], [24, 25, 26, 27, 28, 29, 30, 31], [24, 25, 26, 27, 28, 29, 30, 31], [24, 25, 26, 27, 28, 29, 30, 31], [24, 25, 26, 27, 28, 29, 30, 31], [24, 25, 26, 27, 28, 29, 30, 31], [24, 25, 26, 27, 28, 29, 30, 31], [24, 25, 26, 27, 28, 29, 30, 31], [24, 25, 26, 27, 28, 29, 30, 31], [24, 25, 26, 27, 28, 29, 30, 31], [24, 25, 26, 27, 28, 29, 30, 31], [24, 25, 26, 27, 28, 29, 30, 31], [24, 25, 26, 27, 28, 29, 30, 31], [24, 25, 26, 27, 28, 29, 30, 31], [5, 6, 7, 8, 9, 10, 11, 12]]",8,0.8081690073013306,128,last,0.0,5120,4.0,124,0.8984767198562622,0,2 0 27 37,1261,0.5692306756973267,test,top_r_mean,0.0,0.5,0.25,0.375
0.10150674068199841,0.0,40,0.0,31,28.615800198167562,hotpotqa,0.8,0.0,0.0,0.0,5a714b645542994082a3e78b,mean,0.4512820512820513,0.05322256684303284,"[[11, 0, 27, 22, 1, 4, 28, 20], [22, 23, 30, 4, 8, 26, 31, 1], [9, 16, 8, 17, 11, 25, 20, 13], [22, 17, 7, 3, 10, 19, 2, 27], [16, 7, 25, 31, 18, 4, 2, 12], [10, 21, 25, 6, 27, 16, 3, 23], [13, 28, 24, 12, 6, 19, 29, 10], [0, 27, 18, 12, 15, 20, 25, 21], [11, 0, 3, 5, 29, 23, 2, 21], [10, 19, 29, 5, 12, 23, 16, 27], [2, 15, 22, 14, 31, 11, 27, 13], [16, 10, 20, 12, 9, 6, 21, 13], [0, 28, 24, 10, 17, 4, 29, 9], [25, 3, 29, 18, 22, 27, 7, 17], [13, 17, 15, 22, 2, 29, 16, 6], [16, 26, 7, 27, 28, 10, 14, 0], [12, 0, 30, 1, 4, 8, 19, 29], [3, 30, 17, 1, 29, 19, 16, 11], [29, 13, 17, 16, 23, 19, 25, 9], [9, 1, 20, 28, 5, 13, 0, 31], [29, 3, 11, 13, 19, 28, 2, 21], [0, 13, 18, 29, 7, 10, 5, 8], [9, 2, 3, 31, 0, 30, 26, 28], [23, 27, 26, 1, 25, 13, 16, 28], [23, 0, 12, 13, 21, 16, 17, 14], [25, 11, 1, 10, 22, 8, 31, 2], [7, 17, 9, 31, 8, 13, 26, 0], [4, 3, 13, 22, 0, 27, 19, 30], [10, 5, 28, 21, 6, 19, 26, 9], [7, 12, 21, 31, 29, 1, 15, 20], [10, 31, 15, 27, 24, 19, 6, 8], [16, 30, 13, 28, 1, 4, 9, 31], [7, 0, 25, 29, 15, 19, 24, 18], [8, 26, 0, 30, 12, 22, 16, 13], [25, 28, 13, 4, 9, 29, 27, 26], [12, 13, 7, 18, 27, 15, 24, 9], [14, 21, 25, 18, 26, 6, 20, 27], [22, 31, 16, 18, 12, 29, 14, 11], [16, 4, 0, 30, 2, 26, 14, 3], [6, 2, 11, 4, 7, 5, 12, 1]]",8,0.9990337491035461,128,farthest,0.0,5120,4.0,124,1.0619337558746338,0,8 0 16 24,1261,0.6151968836784363,test,top_r_mean,0.0,1.0,1.0,0.75
0.10150674068199841,0.0,40,0.0,31,29.72779981791973,hotpotqa,0.8,0.0,0.0,0.0,5a714b645542994082a3e78b,mean,0.9179487179487179,0.0008191238157451153,"[[7, 0, 30, 4, 8, 3, 13, 9], [3, 6, 7, 11, 10, 9, 14, 17], [20, 21, 29, 25, 28, 13, 22, 30], [19, 25, 22, 1, 26, 31, 10, 28], [0, 13, 15, 6, 14, 1, 28, 16], [8, 29, 15, 14, 16, 17, 24, 19], [30, 18, 3, 17, 4, 27, 2, 16], [25, 29, 4, 30, 28, 8, 23, 15], [25, 0, 9, 23, 1, 11, 4, 24], [7, 31, 10, 3, 18, 16, 15, 11], [29, 6, 8, 17, 25, 2, 9, 3], [23, 5, 28, 31, 29, 30, 6, 4], [9, 22, 0, 14, 31, 20, 13, 15], [5, 11, 15, 26, 9, 14, 3, 20], [31, 0, 10, 25, 4, 6, 14, 11], [5, 13, 3, 4, 23, 20, 31, 2], [7, 0, 17, 3, 10, 11, 29, 24], [0, 21, 7, 8, 6, 10, 29, 2], [18, 17, 26, 6, 28, 19, 31, 30], [4, 22, 11, 3, 23, 5, 24, 28], [13, 14, 22, 17, 10, 23, 24, 15], [17, 1, 25, 2, 27, 29, 3, 12], [5, 6, 14, 9, 28, 27, 29, 7], [24, 31, 18, 6, 15, 0, 11, 23], [16, 0, 4, 20, 1, 27, 19, 31], [21, 29, 0, 25, 30, 24, 31, 2], [26, 30, 2, 29, 12, 28, 16, 7], [21, 26, 27, 24, 23, 15, 22, 31], [8, 11, 16, 13, 18, 2, 15, 20], [17, 23, 28, 27, 25, 11, 20, 22], [23, 26, 28, 2, 25, 5, 30, 11], [27, 3, 8, 12, 5, 23, 2, 22], [1, 0, 13, 8, 23, 26, 21, 24], [2, 9, 8, 10, 25, 21, 0, 22], [31, 7, 0, 20, 16, 25, 10, 19], [30, 5, 17, 11, 9, 6, 26, 20], [29, 30, 5, 8, 6, 4, 7, 0], [2, 18, 23, 6, 5, 11, 15, 30], [12, 13, 17, 21, 16, 23, 7, 14], [12, 9, 1, 6, 3, 8, 0, 10]]",8,0.1357661634683609,128,greedy_oracle,0.0,5120,4.0,124,0.1421632021665573,0,0 24 16 8,1261,0.9866790771484375,test,top_r_mean,1.0,0.5,1.0,1.0
0.10150674068199841,1.0,40,0.0,31,36.409599939361215,hotpotqa,0.8,0.25,0.2,0.0,5a714b645542994082a3e78b,mean,0.5846153846153846,0.08258810639381409,"[[3, 25, 23, 20, 18, 10, 6, 15], [12, 9, 5, 6, 4, 31, 30, 15], [31, 1, 24, 14, 22, 2, 28, 15], [18, 1, 30, 15, 26, 31, 23, 10], [28, 14, 11, 29, 4, 3, 21, 10], [15, 3, 5, 12, 14, 6, 25, 29], [3, 14, 2, 15, 5, 30, 1, 18], [30, 26, 6, 28, 24, 13, 5, 21], [7, 22, 8, 19, 21, 20, 4, 18], [23, 31, 7, 22, 16, 21, 14, 2], [9, 13, 11, 6, 20, 10, 15, 26], [3, 8, 20, 7, 5, 1, 25, 31], [31, 10, 7, 15, 27, 26, 22, 25], [9, 24, 13, 19, 22, 14, 27, 2], [9, 2, 20, 12, 11, 27, 28, 4], [5, 6, 28, 23, 15, 20, 29, 1], [17, 15, 26, 3, 13, 19, 14, 10], [3, 1, 25, 24, 30, 20, 26, 18], [10, 16, 7, 17, 12, 8, 4, 21], [22, 28, 3, 17, 27, 0, 14, 7], [6, 7, 2, 22, 30, 12, 24, 29], [8, 30, 9, 3, 31, 6, 16, 13], [4, 26, 19, 11, 6, 3, 15, 28], [30, 5, 14, 31, 29, 12, 1, 28], [24, 19, 21, 6, 9, 30, 1, 2], [29, 9, 18, 3, 8, 31, 21, 14], [26, 27, 3, 25, 7, 20, 14, 2], [17, 14, 24, 18, 13, 6, 2, 15], [15, 0, 2, 28, 20, 29, 11, 16], [20, 15, 5, 16, 23, 29, 28, 26], [10, 15, 30, 26, 3, 25, 11, 13], [31, 9, 29, 7, 30, 23, 2, 4], [1, 31, 5, 17, 15, 13, 0, 27], [14, 0, 25, 22, 30, 18, 2, 12], [21, 14, 28, 26, 6, 12, 23, 2], [2, 22, 16, 5, 12, 18, 3, 8], [9, 25, 6, 27, 28, 12, 18, 29], [2, 5, 6, 19, 3, 9, 11, 8], [25, 15, 6, 26, 19, 21, 13, 4], [11, 12, 0, 8, 6, 10, 4, 9]]",8,0.6929920315742493,128,random,1.0,5120,4.0,124,0.7685121297836304,11,32 37 9 16,1261,0.7626640200614929,test,top_r_mean,0.0,0.0,0.25,0.625
0.10150674068199841,1.0,40,0.0,31,30.796000035479665,hotpotqa,0.8,0.25,0.2,0.0,5a714b645542994082a3e78b,mean,0.6307692307692307,0.03227975219488144,"[[24, 23, 20, 30, 31, 13, 0, 6], [21, 28, 2, 25, 9, 4, 26, 5], [9, 22, 6, 17, 19, 13, 16, 18], [9, 26, 16, 21, 25, 7, 28, 6], [9, 8, 28, 23, 29, 26, 4, 27], [23, 1, 24, 5, 25, 27, 22, 18], [23, 11, 16, 21, 18, 6, 25, 27], [18, 30, 21, 10, 28, 26, 1, 14], [1, 14, 23, 20, 2, 24, 15, 10], [3, 18, 29, 12, 5, 2, 17, 27], [11, 14, 28, 13, 7, 22, 30, 25], [1, 28, 3, 23, 24, 21, 22, 12], [31, 18, 3, 13, 28, 16, 8, 12], [9, 4, 18, 22, 5, 24, 31, 10], [14, 1, 11, 2, 21, 29, 10, 20], [23, 19, 25, 27, 21, 26, 22, 31], [0, 26, 5, 14, 16, 4, 19, 2], [22, 8, 29, 28, 7, 3, 4, 14], [3, 16, 18, 1, 7, 15, 8, 14], [17, 29, 10, 2, 1, 20, 25, 0], [19, 5, 20, 23, 1, 21, 31, 25], [7, 11, 15, 23, 31, 0, 4, 27], [23, 9, 22, 11, 29, 25, 10, 17], [5, 24, 1, 19, 18, 7, 30, 17], [17, 10, 15, 13, 18, 21, 22, 0], [8, 30, 9, 1, 22, 26, 25, 20], [9, 3, 15, 22, 30, 19, 4, 23], [4, 19, 13, 31, 6, 9, 11, 28], [17, 30, 7, 23, 14, 28, 26, 10], [13, 18, 30, 8, 25, 24, 17, 29], [16, 0, 30, 10, 27, 11, 28, 15], [31, 21, 16, 13, 20, 29, 26, 15], [12, 10, 4, 16, 17, 0, 31, 1], [24, 30, 31, 21, 12, 16, 2, 3], [29, 7, 2, 5, 19, 30, 16, 23], [31, 11, 20, 19, 21, 28, 7, 30], [28, 19, 20, 5, 8, 7, 10, 11], [14, 30, 16, 12, 6, 11, 7, 10], [13, 5, 6, 16, 0, 4, 15, 7], [5, 3, 12, 9, 7, 6, 2, 1]]",8,0.7211036682128906,128,random,0.3333333333333333,5120,4.0,124,0.7558892369270325,23,0 16 32 24,1261,0.7988741993904114,test,top_r_mean,1.0,0.5,0.75,0.875
0.10150674068199841,1.0,40,0.0,31,55.70929986424744,hotpotqa,0.8,0.25,0.2,0.0,5a714b645542994082a3e78b,mean,0.6,0.06713622808456421,"[[16, 6, 22, 12, 8, 4, 9, 25], [26, 13, 15, 11, 20, 9, 4, 22], [23, 4, 1, 31, 14, 28, 9, 8], [26, 5, 13, 31, 27, 24, 4, 6], [5, 12, 31, 29, 4, 14, 25, 10], [30, 22, 11, 15, 6, 29, 13, 24], [17, 19, 0, 15, 2, 24, 21, 20], [7, 1, 9, 10, 6, 5, 25, 14], [3, 11, 8, 5, 12, 9, 20, 26], [9, 4, 12, 15, 7, 2, 14, 17], [2, 20, 11, 22, 3, 8, 28, 30], [28, 0, 16, 24, 5, 23, 31, 12], [29, 20, 17, 0, 23, 30, 10, 6], [29, 24, 22, 13, 16, 20, 31, 10], [15, 31, 7, 14, 13, 22, 26, 10], [5, 27, 22, 23, 19, 18, 7, 10], [1, 18, 3, 25, 30, 15, 26, 17], [2, 25, 14, 7, 31, 27, 10, 16], [0, 14, 11, 19, 22, 31, 5, 9], [22, 27, 16, 2, 9, 12, 21, 23], [19, 13, 30, 31, 22, 11, 15, 26], [10, 22, 5, 24, 19, 17, 1, 14], [18, 15, 26, 9, 11, 28, 21, 17], [22, 8, 18, 2, 5, 3, 21, 12], [13, 18, 8, 11, 9, 7, 25, 5], [8, 13, 4, 22, 27, 24, 29, 11], [17, 5, 15, 14, 25, 9, 10, 29], [5, 15, 4, 27, 12, 0, 30, 10], [24, 31, 2, 16, 14, 28, 17, 4], [21, 7, 22, 25, 24, 14, 26, 23], [23, 1, 9, 25, 16, 29, 19, 22], [26, 27, 22, 8, 6, 7, 12, 11], [26, 7, 22, 27, 0, 4, 15, 8], [25, 5, 21, 1, 8, 24, 30, 17], [28, 8, 16, 31, 0, 26, 5, 2], [22, 24, 9, 23, 8, 30, 6, 25], [5, 0, 10, 9, 8, 23, 16, 2], [1, 8, 21, 12, 10, 4, 14, 18], [13, 17, 0, 2, 4, 22, 7, 6], [9, 0, 10, 7, 3, 2, 1, 6]]",8,0.6837089657783508,128,random,1.0,5120,4.0,124,0.7467327117919922,37,32 0 11 9,1261,0.7838647961616516,test,top_r_mean,0.0,0.5,0.25,0.75
0.10150674068199841,0.0,40,0.0,31,28.22190010920167,hotpotqa,0.8,0.0,0.0,0.0,5a714b645542994082a3e78b,mean,0.5641025641025641,0.08032335340976715,"[[4, 5, 7, 23, 10, 14, 21, 2], [0, 10, 1, 3, 19, 16, 24, 21], [27, 23, 10, 24, 9, 30, 19, 2], [28, 12, 11, 15, 19, 8, 23, 9], [5, 7, 20, 0, 14, 31, 27, 29], [11, 2, 26, 23, 27, 16, 15, 17], [11, 20, 15, 14, 24, 4, 8, 28], [11, 25, 29, 8, 16, 21, 17, 22], [28, 10, 7, 13, 5, 24, 0, 9], [21, 14, 7, 31, 9, 15, 25, 4], [7, 16, 13, 21, 30, 23, 20, 5], [1, 30, 4, 20, 10, 24, 27, 26], [6, 18, 31, 17, 7, 0, 15, 8], [4, 15, 11, 1, 23, 27, 9, 16], [14, 12, 8, 10, 13, 18, 28, 22], [4, 22, 3, 5, 2, 26, 23, 1], [9, 30, 14, 6, 27, 29, 8, 25], [6, 15, 0, 1, 26, 8, 21, 18], [0, 15, 21, 27, 29, 16, 1, 9], [2, 15, 22, 27, 8, 10, 12, 11], [24, 31, 2, 8, 22, 29, 17, 25], [1, 16, 10, 11, 4, 27, 21, 8], [1, 18, 22, 29, 21, 3, 12, 7], [18, 1, 12, 26, 14, 23, 0, 24], [6, 24, 12, 23, 3, 8, 20, 16], [0, 19, 26, 4, 11, 1, 22, 21], [31, 14, 18, 0, 19, 8, 6, 4], [10, 16, 2, 15, 26, 6, 1, 23], [14, 24, 13, 6, 27, 17, 3, 4], [22, 14, 27, 31, 6, 18, 8, 0], [14, 0, 26, 30, 31, 11, 29, 20], [13, 17, 0, 3, 26, 20, 9, 7], [17, 29, 22, 27, 25, 5, 18, 1], [12, 9, 13, 23, 19, 11, 16, 20], [13, 16, 7, 14, 4, 5, 20, 27], [0, 18, 20, 14, 23, 2, 6, 16], [30, 29, 25, 31, 15, 5, 23, 18], [23, 27, 15, 3, 2, 10, 14, 29], [21, 14, 8, 26, 6, 31, 11, 1], [4, 11, 5, 7, 0, 9, 6, 8]]",8,0.7034408450126648,128,random,0.0,5120,4.0,124,0.7781065702438354,53,8 37 17 9,1261,0.7416508793830872,test,top_r_mean,0.0,0.5,0.25,0.75
0.10150674068199841,0.0,40,0.0,31,23.745000129565597,hotpotqa,0.8,0.0,0.0,0.0,5a714b645542994082a3e78b,mean,0.5102564102564102,0.062147896736860275,"[[8, 22, 11, 6, 1, 18, 20, 31], [23, 27, 7, 10, 25, 1, 2, 22], [9, 3, 0, 7, 10, 18, 24, 2], [23, 0, 28, 14, 16, 7, 21, 18], [0, 15, 11, 25, 19, 17, 8, 22], [14, 11, 2, 29, 22, 12, 8, 30], [30, 7, 11, 10, 24, 26, 0, 3], [18, 19, 1, 24, 28, 11, 20, 3], [13, 8, 14, 6, 3, 27, 7, 1], [5, 25, 26, 10, 6, 28, 20, 13], [24, 4, 2, 0, 23, 12, 9, 18], [16, 4, 7, 21, 1, 15, 3, 22], [26, 13, 22, 29, 16, 27, 2, 20], [15, 11, 23, 0, 3, 18, 12, 29], [29, 28, 2, 23, 0, 26, 1, 27], [21, 6, 7, 4, 22, 1, 27, 13], [26, 17, 7, 18, 20, 1, 23, 25], [23, 13, 3, 0, 15, 9, 28, 12], [16, 10, 26, 4, 29, 11, 0, 1], [8, 1, 26, 6, 15, 21, 7, 18], [15, 28, 7, 22, 26, 3, 2, 24], [5, 13, 9, 15, 27, 18, 6, 30], [4, 20, 5, 28, 9, 1, 29, 14], [3, 28, 31, 23, 0, 4, 10, 1], [12, 5, 14, 13, 30, 0, 21, 23], [22, 9, 6, 24, 5, 1, 30, 7], [11, 10, 12, 21, 25, 9, 30, 20], [19, 4, 12, 10, 14, 7, 16, 2], [8, 21, 27, 29, 17, 24, 15, 5], [29, 9, 28, 31, 4, 21, 16, 18], [30, 5, 24, 23, 26, 27, 12, 31], [29, 23, 21, 15, 3, 28, 18, 19], [26, 1, 6, 12, 25, 28, 22, 20], [12, 14, 31, 24, 8, 10, 18, 11], [13, 6, 31, 25, 2, 3, 1, 27], [28, 11, 25, 16, 30, 21, 31, 6], [28, 0, 2, 23, 17, 15, 26, 22], [31, 25, 14, 4, 17, 8, 3, 23], [3, 28, 20, 23, 26, 13, 29, 24], [2, 5, 7, 3, 0, 1, 9, 11]]",8,0.757963240146637,128,random,0.0,5120,4.0,124,0.816928505897522,71,24 17 5 8,1261,0.6938085556030273,test,top_r_mean,0.0,0.0,0.5,0.625
0.0652395514780836,0.0,62,0.0,31,0.041499966755509377,hotpotqa,0.6666666666666666,0.0,0.0,0.0,5abce85755429959677d6b3e,mean,1.0,0.0,,0,0.0,128,full_k,0.0,31391,4.0,124,0.0,0,32 0 48 16,1962,1.0,test,top_r_mean,1.0,1.0,1.0,1.0
0.0652395514780836,0.0,62,0.0,31,3.8117999210953712,hotpotqa,0.6666666666666666,0.0,0.0,0.0,5abce85755429959677d6b3e,mean,0.5970386039132733,0.053118329495191574,,1,1.500270128250122,128,mean,0.0,992,4.0,124,1.5263068675994873,0,24 40 32 8,1962,0.7728085517883301,test,top_r_mean,0.0,0.0,0.25,0.75
0.0652395514780836,0.0,62,0.0,31,38.56769995763898,hotpotqa,0.6666666666666666,0.0,0.0,0.0,5abce85755429959677d6b3e,mean,0.1327340031729244,0.3877665400505066,"[[24], [24], [24], [24], [24], [24], [24], [24], [24], [24], [24], [24], [24], [24], [24], [24], [24], [24], [24], [24], [24], [24], [24], [24], [24], [24], [24], [24], [24], [24], [24], [24], [24], [24], [24], [24], [24], [24], [24], [24], [24], [24], [24], [24], [24], [24], [24], [24], [24], [24], [24], [24], [24], [24], [24], [24], [24], [24], [24], [24], [24], [2]]",1,1.719175934791565,128,last,0.0,992,4.0,124,1.9414712190628052,0,43 31 25 11,1962,0.19171009957790375,test,top_r_mean,0.0,0.0,0.0,0.125
0.0652395514780836,0.0,62,0.0,31,42.07580001093447,hotpotqa,0.6666666666666666,0.0,0.0,0.0,5abce85755429959677d6b3e,mean,0.39185616076150187,0.08586026728153229,"[[14], [6], [29], [19], [7], [26], [6], [17], [4], [12], [8], [16], [27], [15], [11], [13], [4], [30], [26], [14], [20], [24], [24], [21], [10], [7], [22], [18], [23], [19], [21], [16], [11], [21], [9], [23], [21], [0], [12], [22], [16], [11], [28], [11], [10], [5], [17], [13], [5], [5], [27], [23], [7], [17], [10], [29], [13], [13], [17], [5], [24], [2]]",1,0.9542388916015625,128,farthest,0.0,992,4.0,124,1.0352848768234253,0,32 0 1 16,1962,0.5282919406890869,test,top_r_mean,1.0,1.0,0.75,0.5
0.0652395514780836,0.0,62,0.0,31,45.36530002951622,hotpotqa,0.6666666666666666,0.0,0.0,0.0,5abce85755429959677d6b3e,mean,0.40772078265468004,0.08651849627494812,"[[3], [2], [12], [7], [31], [6], [7], [2], [2], [2], [27], [14], [25], [0], [17], [29], [12], [31], [20], [27], [5], [30], [2], [5], [5], [24], [23], [7], [1], [25], [18], [24], [11], [5], [22], [19], [3], [3], [21], [16], [1], [29], [15], [1], [30], [17], [11], [7], [7], [6], [20], [0], [30], [9], [21], [19], [27], [2], [29], [6], [21], [7]]",1,0.24654904007911682,128,greedy_oracle,0.0,992,4.0,124,0.3949471414089203,0,18 32 41 42,1962,0.5607766509056091,test,top_r_mean,0.0,0.5,0.25,0.25
0.0652395514780836,0.0,62,0.0,31,45.10119999758899,hotpotqa,0.6666666666666666,0.0,0.0,0.0,5abce85755429959677d6b3e,mean,0.17821258593336858,0.28659212589263916,"[[13], [23], [29], [7], [1], [3], [11], [23], [8], [29], [14], [7], [26], [12], [11], [15], [26], [0], [14], [10], [17], [30], [14], [11], [27], [25], [14], [31], [27], [25], [23], [3], [15], [9], [25], [6], [21], [7], [6], [15], [30], [17], [7], [7], [2], [14], [27], [2], [18], [24], [3], [2], [1], [3], [11], [17], [10], [9], [9], [12], [9], [2]]",1,1.4386104345321655,128,random,0.0,992,4.0,124,1.629259705543518,11,29 3 7 42,1962,0.2516431212425232,test,top_r_mean,0.0,0.0,0.0,0.0
0.0652395514780836,1.0,62,0.0,31,48.834400018677115,hotpotqa,0.6666666666666666,0.25,0.16666666666666666,0.0,5abce85755429959677d6b3e,mean,0.11475409836065574,0.30666041374206543,"[[14], [2], [9], [11], [27], [14], [7], [9], [15], [31], [0], [6], [25], [6], [9], [26], [21], [31], [10], [7], [23], [16], [11], [31], [13], [14], [25], [9], [12], [8], [18], [17], [20], [18], [28], [31], [15], [5], [7], [26], [31], [19], [8], [29], [14], [6], [29], [13], [28], [3], [15], [0], [5], [16], [23], [31], [9], [19], [21], [24], [11], [0]]",1,1.2979371547698975,128,random,0.25,992,4.0,124,1.5265047550201416,23,1 12 0 54,1962,0.16194505989551544,test,top_r_mean,0.0,0.0,0.25,0.125
0.0652395514780836,0.0,62,0.0,31,49.088000087067485,hotpotqa,0.6666666666666666,0.0,0.0,0.0,5abce85755429959677d6b3e,mean,0.030142781597038603,0.3284529447555542,"[[4], [29], [31], [15], [14], [25], [15], [18], [6], [24], [16], [0], [0], [7], [14], [13], [10], [23], [22], [14], [21], [16], [29], [17], [5], [30], [13], [17], [2], [25], [11], [19], [10], [3], [21], [31], [12], [11], [23], [11], [17], [18], [10], [8], [24], [7], [6], [19], [13], [3], [4], [3], [11], [10], [16], [2], [21], [19], [29], [27], [29], [3]]",1,1.395401954650879,128,random,0.0,992,4.0,124,1.628818392753601,37,58 24 10 29,1962,0.05628163367509842,test,top_r_mean,0.0,0.0,0.0,0.125
0.0652395514780836,0.0,62,0.0,31,40.820500114932656,hotpotqa,0.6666666666666666,0.0,0.0,0.0,5abce85755429959677d6b3e,mean,0.08514013749338974,0.26193493604660034,"[[6], [30], [27], [19], [4], [29], [10], [16], [23], [14], [4], [26], [17], [16], [29], [4], [19], [20], [19], [19], [28], [24], [4], [15], [21], [11], [19], [10], [31], [25], [28], [26], [20], [29], [19], [9], [2], [20], [30], [11], [30], [28], [1], [18], [14], [18], [10], [29], [6], [20], [16], [19], [4], [4], [31], [9], [28], [25], [25], [18], [6], [6]]",1,1.5136260986328125,128,random,0.0,992,4.0,124,1.6928526163101196,53,29 48 53 32,1962,0.12291304767131805,test,top_r_mean,0.0,0.0,0.5,0.25
0.0652395514780836,0.0,62,0.0,31,37.251600064337254,hotpotqa,0.6666666666666666,0.0,0.0,0.0,5abce85755429959677d6b3e,mean,0.21311475409836064,0.9372012615203857,"[[0], [28], [26], [12], [22], [13], [7], [4], [4], [0], [23], [14], [21], [29], [25], [6], [19], [1], [22], [25], [12], [31], [28], [4], [2], [26], [15], [30], [4], [26], [11], [12], [11], [10], [11], [14], [18], [0], [1], [1], [22], [18], [27], [23], [17], [27], [29], [16], [8], [5], [3], [15], [9], [7], [14], [14], [10], [25], [4], [0], [22], [3]]",1,1.5006020069122314,128,random,0.0,992,4.0,124,1.69845712184906,71,0 32 11 6,1962,0.31439653038978577,test,top_r_mean,0.0,1.0,0.5,0.375
0.0652395514780836,0.0,62,0.0,31,42.932100128382444,hotpotqa,0.6666666666666666,0.0,0.0,0.0,5abce85755429959677d6b3e,mean,0.0893707033315706,0.2923503518104553,"[[24, 25], [24, 25], [24, 25], [24, 25], [24, 25], [24, 25], [24, 25], [24, 25], [24, 25], [24, 25], [24, 25], [24, 25], [24, 25], [24, 25], [24, 25], [24, 25], [24, 25], [24, 25], [24, 25], [24, 25], [24, 25], [24, 25], [24, 25], [24, 25], [24, 25], [24, 25], [24, 25], [24, 25], [24, 25], [24, 25], [24, 25], [24, 25], [24, 25], [24, 25], [24, 25], [24, 25], [24, 25], [24, 25], [24, 25], [24, 25], [24, 25], [24, 25], [24, 25], [24, 25], [24, 25], [24, 25], [24, 25], [24, 25], [24, 25], [24, 25], [24, 25], [24, 25], [24, 25], [24, 25], [24, 25], [24, 25], [24, 25], [24, 25], [24, 25], [24, 25], [24, 25], [2, 3]]",2,1.70639967918396,128,last,0.0,1984,4.0,124,1.8828721046447754,0,25 14 3 45,1962,0.12361814081668854,test,top_r_mean,0.0,0.0,0.0,0.125
0.0652395514780836,0.0,62,0.0,31,45.76220014132559,hotpotqa,0.6666666666666666,0.0,0.0,0.0,5abce85755429959677d6b3e,mean,0.39291380222104705,0.6320598125457764,"[[14, 0], [6, 4], [29, 9], [19, 8], [7, 24], [26, 14], [6, 24], [17, 12], [4, 0], [12, 7], [8, 29], [16, 27], [27, 23], [15, 24], [11, 0], [13, 24], [4, 0], [30, 15], [26, 25], [14, 24], [20, 27], [24, 15], [24, 20], [21, 0], [10, 0], [7, 0], [22, 19], [18, 4], [23, 5], [19, 8], [21, 14], [16, 0], [11, 0], [21, 1], [9, 25], [23, 17], [21, 13], [0, 6], [12, 0], [22, 8], [16, 0], [11, 23], [28, 20], [11, 27], [10, 7], [5, 15], [17, 6], [13, 5], [5, 0], [5, 0], [27, 25], [23, 27], [7, 0], [17, 7], [10, 24], [29, 10], [13, 0], [13, 0], [17, 30], [5, 2], [24, 13], [2, 8]]",2,1.6866302490234375,128,farthest,0.0,1984,4.0,124,1.7892714738845825,0,32 0 16 8,1962,0.5278889536857605,test,top_r_mean,1.0,1.0,0.75,1.0
0.0652395514780836,1.0,62,0.0,31,42.353800032287836,hotpotqa,0.6666666666666666,0.25,0.16666666666666666,0.0,5abce85755429959677d6b3e,mean,0.6181914331041777,0.07316730171442032,"[[3, 0], [2, 22], [12, 13], [7, 1], [31, 27], [6, 10], [7, 3], [2, 31], [2, 0], [2, 20], [27, 16], [14, 30], [25, 27], [0, 16], [17, 29], [29, 10], [12, 0], [31, 21], [20, 30], [27, 22], [5, 2], [30, 25], [2, 7], [5, 16], [5, 0], [24, 30], [23, 4], [7, 1], [1, 8], [25, 31], [18, 1], [24, 5], [11, 0], [5, 3], [22, 30], [19, 2], [3, 6], [3, 29], [21, 5], [16, 23], [1, 0], [29, 4], [15, 18], [1, 24], [30, 11], [17, 29], [11, 1], [7, 17], [7, 0], [6, 9], [20, 30], [0, 10], [30, 20], [9, 0], [21, 23], [19, 6], [27, 0], [2, 3], [29, 27], [6, 5], [21, 20], [7, 9]]",2,0.23384937644004822,128,greedy_oracle,0.5,1984,4.0,124,0.2928987741470337,0,32 56 0 24,1962,0.7835863828659058,test,top_r_mean,1.0,0.5,0.5,1.0
0.0652395514780836,1.0,62,1.0,31,46.13410006277263,hotpotqa,0.6666666666666666,0.5,0.3333333333333333,0.0,5abce85755429959677d6b3e,mean,0.1570597567424643,0.26992127299308777,"[[13, 21], [23, 1], [29, 28], [7, 12], [1, 27], [3, 27], [11, 27], [23, 29], [8, 18], [29, 1], [14, 22], [7, 26], [26, 10], [12, 1], [11, 19], [15, 2], [26, 15], [0, 23], [14, 10], [10, 1], [17, 2], [30, 24], [14, 0], [11, 18], [27, 31], [25, 26], [14, 9], [31, 27], [27, 24], [25, 5], [23, 26], [3, 22], [15, 18], [9, 5], [25, 0], [6, 10], [21, 29], [7, 21], [6, 13], [15, 28], [30, 29], [17, 4], [7, 22], [7, 27], [2, 4], [14, 21], [27, 28], [2, 29], [18, 3], [24, 0], [3, 6], [2, 26], [1, 17], [3, 21], [11, 30], [17, 23], [10, 7], [9, 13], [9, 27], [12, 1], [9, 29], [2, 8]]",2,1.460453987121582,128,random,0.3333333333333333,1984,4.0,124,1.626753568649292,11,3 33 54 35,1962,0.21749642491340637,test,top_r_mean,0.0,0.0,0.0,0.0
0.0652395514780836,1.0,62,0.0,31,42.801600182428956,hotpotqa,0.6666666666666666,0.25,0.16666666666666666,0.0,5abce85755429959677d6b3e,mean,0.2469592808038075,0.2285616546869278,"[[14, 20], [2, 9], [9, 18], [11, 19], [27, 15], [14, 1], [7, 8], [9, 6], [15, 4], [31, 25], [0, 27], [6, 12], [25, 3], [6, 30], [9, 31], [26, 15], [21, 31], [31, 12], [10, 28], [7, 17], [23, 14], [16, 28], [11, 7], [31, 11], [13, 20], [14, 17], [25, 23], [9, 20], [12, 28], [8, 31], [18, 22], [17, 20], [20, 15], [18, 11], [28, 13], [31, 0], [15, 14], [5, 6], [7, 23], [26, 29], [31, 11], [19, 13], [8, 5], [29, 31], [14, 1], [6, 19], [29, 1], [13, 1], [28, 10], [3, 10], [15, 12], [0, 25], [5, 20], [16, 2], [23, 2], [31, 9], [9, 0], [19, 17], [21, 4], [24, 11], [11, 23], [0, 6]]",2,1.3324140310287476,128,random,1.0,1984,4.0,124,1.4593267440795898,23,56 0 26 52,1962,0.3633502125740051,test,top_r_mean,0.0,0.5,0.25,0.375
0.0652395514780836,0.0,62,0.0,31,45.05670000799,hotpotqa,0.6666666666666666,0.0,0.0,0.0,5abce85755429959677d6b3e,mean,0.16023268112109995,0.2159552425146103,"[[4, 22], [29, 23], [31, 2], [15, 16], [14, 25], [25, 1], [15, 10], [18, 1], [6, 14], [24, 20], [16, 13], [0, 14], [0, 28], [7, 31], [14, 28], [13, 25], [10, 16], [23, 6], [22, 30], [14, 10], [21, 30], [16, 27], [29, 22], [17, 25], [5, 21], [30, 14], [13, 20], [17, 12], [2, 22], [25, 30], [11, 19], [19, 22], [10, 23], [3, 15], [21, 25], [31, 13], [12, 7], [11, 2], [23, 6], [11, 10], [17, 20], [18, 13], [10, 13], [8, 23], [24, 27], [7, 13], [6, 24], [19, 14], [13, 16], [3, 20], [4, 10], [3, 12], [11, 28], [10, 23], [16, 17], [2, 26], [21, 6], [19, 24], [29, 5], [27, 19], [29, 23], [3, 0]]",2,1.4879224300384521,128,random,0.0,1984,4.0,124,1.6278961896896362,37,3 43 11 29,1962,0.23109467327594757,test,top_r_mean,0.0,0.0,0.0,0.125
0.0652395514780836,0.0,62,0.0,31,45.46039993874729,hotpotqa,0.6666666666666666,0.0,0.0,0.0,5abce85755429959677d6b3e,mean,0.16763617133791645,0.18773993849754333,"[[6, 5], [30, 9], [27, 24], [19, 24], [4, 12], [29, 17], [10, 30], [16, 14], [23, 26], [14, 1], [4, 9], [26, 25], [17, 5], [16, 15], [29, 7], [4, 7], [19, 14], [20, 19], [19, 5], [19, 15], [28, 16], [24, 17], [4, 13], [15, 27], [21, 9], [11, 31], [19, 0], [10, 6], [31, 8], [25, 27], [28, 14], [26, 0], [20, 3], [29, 31], [19, 28], [9, 14], [2, 15], [20, 26], [30, 6], [11, 29], [30, 24], [28, 3], [1, 7], [18, 17], [14, 27], [18, 20], [10, 19], [29, 11], [6, 5], [20, 18], [16, 3], [19, 9], [4, 0], [4, 26], [31, 24], [9, 12], [28, 14], [25, 7], [25, 6], [18, 24], [6, 4], [6, 4]]",2,1.5233402252197266,128,random,0.0,1984,4.0,124,1.647815227508545,53,48 29 32 1,1962,0.23915287852287292,test,top_r_mean,0.0,0.0,0.5,0.25
0.0652395514780836,0.0,62,0.0,31,39.499999955296516,hotpotqa,0.6666666666666666,0.0,0.0,0.0,5abce85755429959677d6b3e,mean,0.1496562665256478,0.2470725178718567,"[[0, 25], [28, 6], [26, 14], [12, 26], [22, 17], [13, 2], [7, 27], [4, 6], [4, 1], [0, 4], [23, 17], [14, 3], [21, 9], [29, 25], [25, 2], [6, 23], [19, 14], [1, 3], [22, 5], [25, 19], [12, 3], [31, 29], [28, 26], [4, 9], [2, 13], [26, 25], [15, 13], [30, 12], [4, 25], [26, 30], [11, 12], [12, 26], [11, 1], [10, 1], [11, 20], [14, 29], [18, 29], [0, 17], [1, 22], [1, 0], [22, 26], [18, 25], [27, 19], [23, 9], [17, 16], [27, 19], [29, 16], [16, 5], [8, 31], [5, 17], [3, 1], [15, 5], [9, 16], [7, 5], [14, 17], [14, 10], [10, 2], [25, 17], [4, 9], [0, 21], [22, 0], [3, 7]]",2,1.488281011581421,128,random,0.0,1984,4.0,124,1.6194360256195068,71,0 32 43 1,1962,0.21467605233192444,test,top_r_mean,0.0,1.0,0.5,0.25
0.0652395514780836,1.0,62,0.0,31,41.5737999137491,hotpotqa,0.6666666666666666,0.25,0.16666666666666666,0.0,5abce85755429959677d6b3e,mean,0.0671602326811211,0.17713922262191772,"[[24, 25, 26, 27], [24, 25, 26, 27], [24, 25, 26, 27], [24, 25, 26, 27], [24, 25, 26, 27], [24, 25, 26, 27], [24, 25, 26, 27], [24, 25, 26, 27], [24, 25, 26, 27], [24, 25, 26, 27], [24, 25, 26, 27], [24, 25, 26, 27], [24, 25, 26, 27], [24, 25, 26, 27], [24, 25, 26, 27], [24, 25, 26, 27], [24, 25, 26, 27], [24, 25, 26, 27], [24, 25, 26, 27], [24, 25, 26, 27], [24, 25, 26, 27], [24, 25, 26, 27], [24, 25, 26, 27], [24, 25, 26, 27], [24, 25, 26, 27], [24, 25, 26, 27], [24, 25, 26, 27], [24, 25, 26, 27], [24, 25, 26, 27], [24, 25, 26, 27], [24, 25, 26, 27], [24, 25, 26, 27], [24, 25, 26, 27], [24, 25, 26, 27], [24, 25, 26, 27], [24, 25, 26, 27], [24, 25, 26, 27], [24, 25, 26, 27], [24, 25, 26, 27], [24, 25, 26, 27], [24, 25, 26, 27], [24, 25, 26, 27], [24, 25, 26, 27], [24, 25, 26, 27], [24, 25, 26, 27], [24, 25, 26, 27], [24, 25, 26, 27], [24, 25, 26, 27], [24, 25, 26, 27], [24, 25, 26, 27], [24, 25, 26, 27], [24, 25, 26, 27], [24, 25, 26, 27], [24, 25, 26, 27], [24, 25, 26, 27], [24, 25, 26, 27], [24, 25, 26, 27], [24, 25, 26, 27], [24, 25, 26, 27], [24, 25, 26, 27], [24, 25, 26, 27], [2, 3, 4, 5]]",4,1.6633344888687134,128,last,0.5,3968,4.0,124,1.7590399980545044,0,14 56 45 8,1962,0.09642164409160614,test,top_r_mean,0.0,0.0,0.0,0.375
0.0652395514780836,0.0,62,0.0,31,41.991000063717365,hotpotqa,0.6666666666666666,0.0,0.0,0.0,5abce85755429959677d6b3e,mean,0.3379164463246959,0.08549360930919647,"[[14, 0, 18, 17], [6, 4, 20, 0], [29, 9, 20, 5], [19, 8, 3, 12], [7, 24, 0, 3], [26, 14, 0, 28], [6, 24, 1, 8], [17, 12, 3, 28], [4, 0, 31, 9], [12, 7, 6, 3], [8, 29, 17, 25], [16, 27, 10, 1], [27, 23, 3, 21], [15, 24, 4, 21], [11, 0, 15, 3], [13, 24, 6, 23], [4, 0, 15, 14], [30, 15, 16, 11], [26, 25, 13, 21], [14, 24, 6, 23], [20, 27, 0, 16], [24, 15, 3, 31], [24, 20, 4, 29], [21, 0, 22, 20], [10, 0, 2, 30], [7, 0, 1, 22], [22, 19, 24, 11], [18, 4, 14, 23], [23, 5, 1, 30], [19, 8, 23, 11], [21, 14, 6, 29], [16, 0, 27, 26], [11, 0, 7, 2], [21, 1, 17, 31], [9, 25, 1, 31], [23, 17, 16, 4], [21, 13, 23, 12], [0, 6, 24, 14], [12, 0, 26, 25], [22, 8, 1, 6], [16, 0, 9, 8], [11, 23, 1, 2], [28, 20, 24, 19], [11, 27, 26, 16], [10, 7, 24, 3], [5, 15, 10, 19], [17, 6, 29, 25], [13, 5, 12, 23], [5, 0, 15, 30], [5, 0, 1, 14], [27, 25, 8, 17], [23, 27, 30, 1], [7, 0, 3, 25], [17, 7, 23, 30], [10, 24, 28, 22], [29, 10, 22, 18], [13, 0, 31, 7], [13, 0, 23, 22], [17, 30, 3, 7], [5, 2, 29, 23], [24, 13, 0, 27], [2, 8, 1, 5]]",4,2.0505175590515137,128,farthest,0.0,3968,4.0,124,2.090329170227051,0,8 48 24 0,1962,0.48009368777275085,test,top_r_mean,0.0,0.0,0.5,1.0
0.0652395514780836,0.0,62,0.0,31,52.46339994482696,hotpotqa,0.6666666666666666,0.0,0.0,0.0,5abce85755429959677d6b3e,mean,0.7514542570068746,0.00267180148512125,"[[3, 0, 8, 14], [2, 22, 6, 7], [12, 13, 24, 1], [7, 1, 30, 16], [31, 27, 2, 13], [6, 10, 9, 21], [7, 3, 14, 19], [2, 31, 19, 10], [2, 0, 4, 30], [2, 20, 9, 11], [27, 16, 22, 28], [14, 30, 20, 24], [25, 27, 31, 1], [0, 16, 27, 3], [17, 29, 25, 24], [29, 10, 17, 2], [12, 0, 3, 4], [31, 21, 28, 7], [20, 30, 27, 5], [27, 22, 1, 2], [5, 2, 9, 24], [30, 25, 31, 9], [2, 7, 13, 8], [5, 16, 10, 26], [5, 0, 17, 6], [24, 30, 21, 13], [23, 4, 29, 5], [7, 1, 8, 0], [1, 8, 7, 3], [25, 31, 3, 27], [18, 1, 10, 25], [24, 5, 23, 30], [11, 0, 9, 30], [5, 3, 13, 22], [22, 30, 29, 4], [19, 2, 26, 6], [3, 6, 11, 22], [3, 29, 10, 12], [21, 5, 28, 7], [16, 23, 4, 31], [1, 0, 29, 2], [29, 4, 8, 11], [15, 18, 23, 29], [1, 24, 9, 30], [30, 11, 19, 10], [17, 29, 24, 9], [11, 1, 8, 21], [7, 17, 3, 14], [7, 0, 6, 1], [6, 9, 3, 29], [20, 30, 27, 16], [0, 10, 8, 17], [30, 20, 15, 11], [9, 0, 4, 16], [21, 23, 30, 6], [19, 6, 21, 28], [27, 0, 4, 25], [2, 3, 6, 14], [29, 27, 13, 28], [6, 5, 16, 26], [21, 20, 10, 2], [7, 9, 6, 2]]",4,0.3214886486530304,128,greedy_oracle,0.0,3968,4.0,124,0.3305635154247284,0,32 0 16 24,1962,0.8957971930503845,test,top_r_mean,1.0,1.0,0.75,1.0
0.0652395514780836,0.0,62,0.0,31,43.23499999009073,hotpotqa,0.6666666666666666,0.0,0.0,0.0,5abce85755429959677d6b3e,mean,0.2522474881015336,0.16071946918964386,"[[13, 21, 9, 0], [23, 1, 26, 11], [29, 28, 9, 7], [7, 12, 17, 26], [1, 27, 29, 26], [3, 27, 21, 5], [11, 27, 10, 3], [23, 29, 4, 9], [8, 18, 31, 5], [29, 1, 14, 30], [14, 22, 21, 17], [7, 26, 30, 28], [26, 10, 13, 24], [12, 1, 10, 7], [11, 19, 31, 22], [15, 2, 19, 21], [26, 15, 3, 8], [0, 23, 3, 24], [14, 10, 18, 13], [10, 1, 15, 29], [17, 2, 7, 21], [30, 24, 31, 29], [14, 0, 17, 1], [11, 18, 24, 3], [27, 31, 24, 5], [25, 26, 11, 5], [14, 9, 15, 10], [31, 27, 19, 15], [27, 24, 21, 14], [25, 5, 26, 19], [23, 26, 8, 12], [3, 22, 17, 27], [15, 18, 6, 13], [9, 5, 17, 31], [25, 0, 26, 12], [6, 10, 14, 9], [21, 29, 24, 28], [7, 21, 11, 9], [6, 13, 14, 23], [15, 28, 12, 29], [30, 29, 20, 27], [17, 4, 18, 9], [7, 22, 29, 4], [7, 27, 9, 23], [2, 4, 12, 16], [14, 21, 6, 16], [27, 28, 30, 29], [2, 29, 12, 1], [18, 3, 2, 24], [24, 0, 1, 15], [3, 6, 10, 26], [2, 26, 9, 4], [1, 17, 29, 12], [3, 21, 20, 9], [11, 30, 19, 7], [17, 23, 18, 11], [10, 7, 8, 31], [9, 13, 28, 18], [9, 27, 18, 3], [12, 1, 27, 17], [9, 29, 10, 15], [2, 8, 9, 1]]",4,1.506925106048584,128,random,0.0,3968,4.0,124,1.5905356407165527,11,0 42 57 3,1962,0.35433509945869446,test,top_r_mean,0.0,0.5,0.25,0.25
0.0652395514780836,1.0,62,0.0,31,55.34720001742244,hotpotqa,0.6666666666666666,0.25,0.16666666666666666,0.0,5abce85755429959677d6b3e,mean,0.2723426758328926,0.11752698570489883,"[[14, 20, 26, 8], [2, 9, 10, 16], [9, 18, 24, 3], [11, 19, 10, 6], [27, 15, 7, 20], [14, 1, 26, 29], [7, 8, 18, 3], [9, 6, 19, 27], [15, 4, 0, 25], [31, 25, 2, 6], [0, 27, 19, 21], [6, 12, 24, 13], [25, 3, 23, 19], [6, 30, 11, 1], [9, 31, 25, 13], [26, 15, 2, 8], [21, 31, 17, 30], [31, 12, 15, 4], [10, 28, 22, 11], [7, 17, 22, 1], [23, 14, 20, 12], [16, 28, 27, 14], [11, 7, 12, 16], [31, 11, 8, 18], [13, 20, 9, 2], [14, 17, 5, 15], [25, 23, 14, 3], [9, 20, 22, 27], [12, 28, 16, 14], [8, 31, 19, 16], [18, 22, 9, 26], [17, 20, 31, 7], [20, 15, 5, 3], [18, 11, 5, 28], [28, 13, 4, 15], [31, 0, 14, 12], [15, 14, 25, 18], [5, 6, 9, 24], [7, 23, 2, 17], [26, 29, 28, 5], [31, 11, 16, 26], [19, 13, 0, 31], [8, 5, 27, 7], [29, 31, 2, 12], [14, 1, 21, 15], [6, 19, 27, 20], [29, 1, 16, 2], [13, 1, 7, 14], [28, 10, 12, 8], [3, 10, 19, 4], [15, 12, 22, 4], [0, 25, 10, 8], [5, 20, 13, 23], [16, 2, 22, 30], [23, 2, 26, 6], [31, 9, 8, 19], [9, 0, 8, 25], [19, 17, 11, 16], [21, 4, 2, 0], [24, 11, 17, 3], [11, 23, 1, 13], [0, 6, 5, 7]]",4,1.3658125400543213,128,random,1.0,3968,4.0,124,1.4419630765914917,23,56 8 0 1,1962,0.39422327280044556,test,top_r_mean,0.0,0.0,0.25,0.5
0.0652395514780836,1.0,62,0.0,31,55.63559988513589,hotpotqa,0.6666666666666666,0.25,0.16666666666666666,0.0,5abce85755429959677d6b3e,mean,0.18350079323109467,0.1334865689277649,"[[4, 22, 21, 9], [29, 23, 8, 13], [31, 2, 15, 21], [15, 16, 6, 11], [14, 25, 20, 4], [25, 1, 0, 20], [15, 10, 23, 24], [18, 1, 5, 17], [6, 14, 4, 16], [24, 20, 5, 6], [16, 13, 5, 25], [0, 14, 11, 20], [0, 28, 11, 20], [7, 31, 21, 18], [14, 28, 2, 11], [13, 25, 29, 30], [10, 16, 5, 30], [23, 6, 18, 12], [22, 30, 1, 4], [14, 10, 30, 12], [21, 30, 24, 10], [16, 27, 7, 4], [29, 22, 11, 28], [17, 25, 16, 9], [5, 21, 26, 29], [30, 14, 22, 5], [13, 20, 8, 16], [17, 12, 13, 5], [2, 22, 19, 1], [25, 30, 26, 31], [11, 19, 7, 23], [19, 22, 24, 6], [10, 23, 26, 22], [3, 15, 21, 20], [21, 25, 19, 6], [31, 13, 9, 10], [12, 7, 5, 11], [11, 2, 16, 30], [23, 6, 1, 5], [11, 10, 20, 7], [17, 20, 4, 9], [18, 13, 30, 10], [10, 13, 20, 29], [8, 23, 5, 10], [24, 27, 21, 6], [7, 13, 3, 25], [6, 24, 20, 13], [19, 14, 1, 0], [13, 16, 11, 18], [3, 20, 10, 14], [4, 10, 17, 23], [3, 12, 13, 20], [11, 28, 24, 5], [10, 23, 2, 0], [16, 17, 18, 25], [2, 26, 9, 14], [21, 6, 8, 25], [19, 24, 29, 3], [29, 5, 15, 14], [27, 19, 11, 26], [29, 23, 30, 25], [3, 0, 6, 2]]",4,1.478655219078064,128,random,0.3333333333333333,3968,4.0,124,1.555261492729187,37,7 11 35 24,1962,0.2782352566719055,test,top_r_mean,0.0,0.0,0.0,0.125
0.0652395514780836,0.0,62,0.0,31,47.44750005193055,hotpotqa,0.6666666666666666,0.0,0.0,0.0,5abce85755429959677d6b3e,mean,0.20465362242199894,0.14449629187583923,"[[6, 5, 16, 14], [30, 9, 22, 16], [27, 24, 16, 3], [19, 24, 21, 7], [4, 12, 29, 10], [29, 17, 3, 14], [10, 30, 2, 18], [16, 14, 6, 10], [23, 26, 6, 4], [14, 1, 15, 19], [4, 9, 6, 3], [26, 25, 13, 22], [17, 5, 29, 18], [16, 15, 13, 4], [29, 7, 18, 14], [4, 7, 20, 2], [19, 14, 2, 20], [20, 19, 22, 21], [19, 5, 9, 14], [19, 15, 18, 31], [28, 16, 29, 9], [24, 17, 21, 18], [4, 13, 25, 20], [15, 27, 25, 3], [21, 9, 30, 22], [11, 31, 19, 8], [19, 0, 11, 18], [10, 6, 29, 19], [31, 8, 16, 29], [25, 27, 20, 0], [28, 14, 24, 19], [26, 0, 1, 28], [20, 3, 16, 6], [29, 31, 21, 5], [19, 28, 26, 5], [9, 14, 19, 7], [2, 15, 21, 1], [20, 26, 19, 13], [30, 6, 13, 26], [11, 29, 9, 1], [30, 24, 6, 31], [28, 3, 15, 30], [1, 7, 4, 15], [18, 17, 13, 6], [14, 27, 1, 26], [18, 20, 0, 13], [10, 19, 31, 13], [29, 11, 6, 25], [6, 5, 1, 30], [20, 18, 30, 21], [16, 3, 28, 13], [19, 9, 10, 8], [4, 0, 25, 15], [4, 26, 15, 10], [31, 24, 15, 21], [9, 12, 2, 21], [28, 14, 15, 31], [25, 7, 2, 4], [25, 6, 3, 31], [18, 24, 30, 10], [6, 4, 0, 3], [6, 4, 0, 1]]",4,1.5044801235198975,128,random,0.0,3968,4.0,124,1.5879241228103638,53,42 1 18 3,1962,0.3132381737232208,test,top_r_mean,0.0,0.0,0.0,0.25
0.0652395514780836,0.0,62,0.0,31,47.97790013253689,hotpotqa,0.6666666666666666,0.0,0.0,0.0,5abce85755429959677d6b3e,mean,0.19725013220518245,0.13414233922958374,"[[0, 25, 21, 4], [28, 6, 18, 31], [26, 14, 16, 4], [12, 26, 28, 14], [22, 17, 29, 25], [13, 2, 20, 28], [7, 27, 21, 20], [4, 6, 19, 10], [4, 1, 7, 17], [0, 4, 29, 20], [23, 17, 8, 22], [14, 3, 16, 10], [21, 9, 20, 1], [29, 25, 5, 16], [25, 2, 1, 6], [6, 23, 22, 2], [19, 14, 1, 28], [1, 3, 10, 12], [22, 5, 4, 3], [25, 19, 9, 1], [12, 3, 27, 11], [31, 29, 22, 4], [28, 26, 31, 29], [4, 9, 26, 3], [2, 13, 15, 1], [26, 25, 4, 13], [15, 13, 31, 27], [30, 12, 23, 6], [4, 25, 22, 19], [26, 30, 23, 1], [11, 12, 9, 22], [12, 26, 17, 15], [11, 1, 8, 9], [10, 1, 28, 5], [11, 20, 24, 18], [14, 29, 27, 25], [18, 29, 17, 10], [0, 17, 12, 1], [1, 22, 6, 31], [1, 0, 26, 25], [22, 26, 13, 30], [18, 25, 10, 7], [27, 19, 2, 3], [23, 9, 7, 0], [17, 16, 7, 12], [27, 19, 23, 8], [29, 16, 22, 23], [16, 5, 8, 3], [8, 31, 22, 12], [5, 17, 19, 31], [3, 1, 21, 8], [15, 5, 0, 2], [9, 16, 2, 17], [7, 5, 28, 10], [14, 17, 11, 4], [14, 10, 17, 11], [10, 2, 6, 11], [25, 17, 14, 23], [4, 9, 25, 14], [0, 21, 16, 1], [22, 0, 26, 1], [3, 7, 2, 8]]",4,1.503213882446289,128,random,0.0,3968,4.0,124,1.5802792310714722,71,0 32 43 7,1962,0.2848329246044159,test,top_r_mean,0.0,1.0,0.5,0.375
0.0652395514780836,0.0,62,0.0,31,44.50140008702874,hotpotqa,0.6666666666666666,0.0,0.0,0.0,5abce85755429959677d6b3e,mean,0.2681121099947118,0.12427018582820892,"[[24, 25, 26, 27, 28, 29, 30, 31], [24, 25, 26, 27, 28, 29, 30, 31], [24, 25, 26, 27, 28, 29, 30, 31], [24, 25, 26, 27, 28, 29, 30, 31], [24, 25, 26, 27, 28, 29, 30, 31], [24, 25, 26, 27, 28, 29, 30, 31], [24, 25, 26, 27, 28, 29, 30, 31], [24, 25, 26, 27, 28, 29, 30, 31], [24, 25, 26, 27, 28, 29, 30, 31], [24, 25, 26, 27, 28, 29, 30, 31], [24, 25, 26, 27, 28, 29, 30, 31], [24, 25, 26, 27, 28, 29, 30, 31], [24, 25, 26, 27, 28, 29, 30, 31], [24, 25, 26, 27, 28, 29, 30, 31], [24, 25, 26, 27, 28, 29, 30, 31], [24, 25, 26, 27, 28, 29, 30, 31], [24, 25, 26, 27, 28, 29, 30, 31], [24, 25, 26, 27, 28, 29, 30, 31], [24, 25, 26, 27, 28, 29, 30, 31], [24, 25, 26, 27, 28, 29, 30, 31], [24, 25, 26, 27, 28, 29, 30, 31], [24, 25, 26, 27, 28, 29, 30, 31], [24, 25, 26, 27, 28, 29, 30, 31], [24, 25, 26, 27, 28, 29, 30, 31], [24, 25, 26, 27, 28, 29, 30, 31], [24, 25, 26, 27, 28, 29, 30, 31], [24, 25, 26, 27, 28, 29, 30, 31], [24, 25, 26, 27, 28, 29, 30, 31], [24, 25, 26, 27, 28, 29, 30, 31], [24, 25, 26, 27, 28, 29, 30, 31], [24, 25, 26, 27, 28, 29, 30, 31], [24, 25, 26, 27, 28, 29, 30, 31], [24, 25, 26, 27, 28, 29, 30, 31], [24, 25, 26, 27, 28, 29, 30, 31], [24, 25, 26, 27, 28, 29, 30, 31], [24, 25, 26, 27, 28, 29, 30, 31], [24, 25, 26, 27, 28, 29, 30, 31], [24, 25, 26, 27, 28, 29, 30, 31], [24, 25, 26, 27, 28, 29, 30, 31], [24, 25, 26, 27, 28, 29, 30, 31], [24, 25, 26, 27, 28, 29, 30, 31], [24, 25, 26, 27, 28, 29, 30, 31], [24, 25, 26, 27, 28, 29, 30, 31], [24, 25, 26, 27, 28, 29, 30, 31], [24, 25, 26, 27, 28, 29, 30, 31], [24, 25, 26, 27, 28, 29, 30, 31], [24, 25, 26, 27, 28, 29, 30, 31], [24, 25, 26, 27, 28, 29, 30, 31], [24, 25, 26, 27, 28, 29, 30, 31], [24, 25, 26, 27, 28, 29, 30, 31], [24, 25, 26, 27, 28, 29, 30, 31], [24, 25, 26, 27, 28, 29, 30, 31], [24, 25, 26, 27, 28, 29, 30, 31], [24, 25, 26, 27, 28, 29, 30, 31], [24, 25, 26, 27, 28, 29, 30, 31], [24, 25, 26, 27, 28, 29, 30, 31], [24, 25, 26, 27, 28, 29, 30, 31], [24, 25, 26, 27, 28, 29, 30, 31], [24, 25, 26, 27, 28, 29, 30, 31], [24, 25, 26, 27, 28, 29, 30, 31], [24, 25, 26, 27, 28, 29, 30, 31], [2, 3, 4, 5, 6, 7, 8, 9]]",8,0.8470830321311951,128,last,0.0,7936,4.0,124,0.9535331726074219,0,1 18 58 17,1962,0.4126060903072357,test,top_r_mean,0.0,0.0,0.0,0.0
0.0652395514780836,0.0,62,0.0,31,50.80169998109341,hotpotqa,0.6666666666666666,0.0,0.0,0.0,5abce85755429959677d6b3e,mean,0.32310946589106293,0.042759969830513,"[[14, 0, 18, 17, 31, 22, 10, 16], [6, 4, 20, 0, 13, 27, 21, 23], [29, 9, 20, 5, 7, 3, 15, 0], [19, 8, 3, 12, 27, 25, 9, 2], [7, 24, 0, 3, 28, 29, 14, 25], [26, 14, 0, 28, 22, 1, 3, 6], [6, 24, 1, 8, 5, 25, 30, 9], [17, 12, 3, 28, 24, 11, 7, 20], [4, 0, 31, 9, 28, 1, 14, 30], [12, 7, 6, 3, 24, 22, 4, 5], [8, 29, 17, 25, 19, 22, 30, 18], [16, 27, 10, 1, 26, 0, 15, 7], [27, 23, 3, 21, 13, 11, 5, 0], [15, 24, 4, 21, 10, 25, 1, 22], [11, 0, 15, 3, 31, 17, 20, 13], [13, 24, 6, 23, 21, 27, 30, 15], [4, 0, 15, 14, 13, 22, 19, 27], [30, 15, 16, 11, 13, 2, 14, 19], [26, 25, 13, 21, 2, 18, 22, 11], [14, 24, 6, 23, 0, 28, 7, 5], [20, 27, 0, 16, 17, 7, 18, 13], [24, 15, 3, 31, 29, 2, 0, 26], [24, 20, 4, 29, 5, 17, 21, 0], [21, 0, 22, 20, 29, 7, 3, 5], [10, 0, 2, 30, 3, 31, 13, 4], [7, 0, 1, 22, 24, 26, 27, 9], [22, 19, 24, 11, 23, 2, 18, 26], [18, 4, 14, 23, 11, 31, 13, 26], [23, 5, 1, 30, 4, 12, 29, 2], [19, 8, 23, 11, 25, 21, 28, 24], [21, 14, 6, 29, 31, 13, 11, 12], [16, 0, 27, 26, 3, 8, 25, 20], [11, 0, 7, 2, 24, 25, 13, 5], [21, 1, 17, 31, 19, 4, 15, 3], [9, 25, 1, 31, 22, 15, 23, 27], [23, 17, 16, 4, 22, 3, 14, 15], [21, 13, 23, 12, 8, 4, 18, 31], [0, 6, 24, 14, 9, 29, 30, 26], [12, 0, 26, 25, 23, 22, 31, 17], [22, 8, 1, 6, 17, 28, 18, 13], [16, 0, 9, 8, 31, 6, 7, 30], [11, 23, 1, 2, 29, 31, 27, 10], [28, 20, 24, 19, 31, 10, 16, 25], [11, 27, 26, 16, 25, 2, 21, 17], [10, 7, 24, 3, 12, 15, 26, 27], [5, 15, 10, 19, 2, 0, 18, 16], [17, 6, 29, 25, 3, 2, 14, 0], [13, 5, 12, 23, 4, 8, 28, 21], [5, 0, 15, 30, 3, 31, 10, 29], [5, 0, 1, 14, 27, 4, 9, 10], [27, 25, 8, 17, 21, 22, 24, 18], [23, 27, 30, 1, 26, 9, 4, 24], [7, 0, 3, 25, 16, 4, 31, 21], [17, 7, 23, 30, 6, 22, 3, 13], [10, 24, 28, 22, 2, 21, 25, 18], [29, 10, 22, 18, 9, 2, 23, 17], [13, 0, 31, 7, 10, 30, 26, 6], [13, 0, 23, 22, 20, 15, 1, 26], [17, 30, 3, 7, 26, 31, 28, 5], [5, 2, 29, 23, 1, 25, 20, 18], [24, 13, 0, 27, 7, 12, 11, 5], [2, 8, 1, 5, 9, 4, 0, 7]]",8,1.082682728767395,128,farthest,0.0,7936,4.0,124,1.1248306035995483,0,8 0 24 32,1962,0.4490695297718048,test,top_r_mean,0.0,0.5,0.5,1.0
0.0652395514780836,0.0,62,0.0,31,49.32580003514886,hotpotqa,0.6666666666666666,0.0,0.0,0.0,5abce85755429959677d6b3e,mean,0.8794288736118456,0.0006534336134791374,"[[3, 0, 8, 14, 21, 2, 7, 20], [2, 22, 6, 7, 29, 31, 9, 28], [12, 13, 24, 1, 25, 11, 23, 9], [7, 1, 30, 16, 12, 22, 25, 21], [31, 27, 2, 13, 30, 4, 6, 1], [6, 10, 9, 21, 20, 27, 11, 8], [7, 3, 14, 19, 6, 16, 31, 18], [2, 31, 19, 10, 1, 23, 0, 5], [2, 0, 4, 30, 24, 7, 5, 3], [2, 20, 9, 11, 12, 10, 1, 28], [27, 16, 22, 28, 23, 29, 18, 17], [14, 30, 20, 24, 31, 16, 26, 0], [25, 27, 31, 1, 11, 9, 0, 30], [0, 16, 27, 3, 28, 7, 9, 12], [17, 29, 25, 24, 19, 23, 2, 22], [29, 10, 17, 2, 31, 11, 13, 1], [12, 0, 3, 4, 5, 18, 9, 6], [31, 21, 28, 7, 8, 0, 2, 18], [20, 30, 27, 5, 31, 8, 9, 28], [27, 22, 1, 2, 0, 14, 12, 10], [5, 2, 9, 24, 10, 4, 29, 25], [30, 25, 31, 9, 28, 13, 8, 23], [2, 7, 13, 8, 12, 6, 0, 19], [5, 16, 10, 26, 6, 28, 12, 9], [5, 0, 17, 6, 1, 9, 19, 28], [24, 30, 21, 13, 15, 3, 25, 19], [23, 4, 29, 5, 25, 16, 31, 17], [7, 1, 8, 0, 19, 12, 3, 10], [1, 8, 7, 3, 24, 11, 20, 18], [25, 31, 3, 27, 4, 10, 30, 5], [18, 1, 10, 25, 5, 3, 19, 4], [24, 5, 23, 30, 29, 22, 14, 11], [11, 0, 9, 30, 4, 23, 22, 16], [5, 3, 13, 22, 7, 16, 10, 2], [22, 30, 29, 4, 27, 31, 20, 7], [19, 2, 26, 6, 10, 24, 13, 0], [3, 6, 11, 22, 2, 30, 28, 27], [3, 29, 10, 12, 13, 8, 1, 7], [21, 5, 28, 7, 24, 31, 9, 8], [16, 23, 4, 31, 13, 5, 22, 28], [1, 0, 29, 2, 5, 11, 3, 16], [29, 4, 8, 11, 3, 0, 15, 7], [15, 18, 23, 29, 4, 7, 3, 0], [1, 24, 9, 30, 8, 11, 31, 7], [30, 11, 19, 10, 1, 31, 9, 2], [17, 29, 24, 9, 5, 6, 23, 26], [11, 1, 8, 21, 7, 20, 26, 10], [7, 17, 3, 14, 18, 21, 2, 1], [7, 0, 6, 1, 28, 2, 8, 14], [6, 9, 3, 29, 7, 27, 12, 24], [20, 30, 27, 16, 15, 1, 31, 12], [0, 10, 8, 17, 18, 15, 14, 6], [30, 20, 15, 11, 31, 2, 27, 5], [9, 0, 4, 16, 10, 5, 11, 14], [21, 23, 30, 6, 8, 16, 31, 17], [19, 6, 21, 28, 29, 1, 31, 0], [27, 0, 4, 25, 18, 5, 1, 12], [2, 3, 6, 14, 5, 27, 18, 21], [29, 27, 13, 28, 0, 16, 22, 10], [6, 5, 16, 26, 4, 27, 21, 15], [21, 20, 10, 2, 5, 3, 4, 18], [7, 9, 6, 2, 3, 4, 0, 5]]",8,0.08469277620315552,128,greedy_oracle,0.0,7936,4.0,124,0.09281490743160248,0,32 48 0 16,1962,0.9729042053222656,test,top_r_mean,1.0,0.5,1.0,1.0
0.0652395514780836,0.0,62,0.0,31,50.86220009252429,hotpotqa,0.6666666666666666,0.0,0.0,0.0,5abce85755429959677d6b3e,mean,0.3791644632469593,0.08571043610572815,"[[13, 21, 9, 0, 4, 27, 26, 30], [23, 1, 26, 11, 14, 4, 10, 29], [29, 28, 9, 7, 19, 22, 6, 14], [7, 12, 17, 26, 28, 5, 27, 22], [1, 27, 29, 26, 24, 10, 9, 2], [3, 27, 21, 5, 25, 2, 17, 1], [11, 27, 10, 3, 14, 25, 16, 30], [23, 29, 4, 9, 12, 21, 11, 2], [8, 18, 31, 5, 2, 22, 25, 7], [29, 1, 14, 30, 2, 15, 19, 21], [14, 22, 21, 17, 7, 28, 24, 13], [7, 26, 30, 28, 6, 16, 14, 3], [26, 10, 13, 24, 3, 6, 25, 23], [12, 1, 10, 7, 15, 30, 22, 18], [11, 19, 31, 22, 8, 23, 24, 25], [15, 2, 19, 21, 9, 13, 4, 25], [26, 15, 3, 8, 19, 5, 14, 16], [0, 23, 3, 24, 6, 28, 9, 29], [14, 10, 18, 13, 5, 7, 22, 15], [10, 1, 15, 29, 24, 12, 9, 7], [17, 2, 7, 21, 24, 13, 1, 30], [30, 24, 31, 29, 5, 9, 8, 19], [14, 0, 17, 1, 8, 20, 2, 13], [11, 18, 24, 3, 6, 13, 1, 14], [27, 31, 24, 5, 13, 26, 17, 19], [25, 26, 11, 5, 10, 20, 30, 23], [14, 9, 15, 10, 29, 30, 11, 16], [31, 27, 19, 15, 22, 28, 1, 18], [27, 24, 21, 14, 31, 4, 30, 12], [25, 5, 26, 19, 29, 12, 31, 3], [23, 26, 8, 12, 6, 14, 25, 11], [3, 22, 17, 27, 7, 10, 20, 29], [15, 18, 6, 13, 2, 23, 21, 17], [9, 5, 17, 31, 13, 11, 2, 23], [25, 0, 26, 12, 13, 4, 1, 15], [6, 10, 14, 9, 15, 0, 3, 1], [21, 29, 24, 28, 20, 18, 0, 7], [7, 21, 11, 9, 8, 22, 6, 27], [6, 13, 14, 23, 20, 21, 9, 15], [15, 28, 12, 29, 23, 20, 10, 22], [30, 29, 20, 27, 28, 4, 3, 31], [17, 4, 18, 9, 25, 1, 24, 12], [7, 22, 29, 4, 1, 11, 19, 5], [7, 27, 9, 23, 1, 8, 5, 15], [2, 4, 12, 16, 1, 14, 31, 8], [14, 21, 6, 16, 20, 18, 27, 31], [27, 28, 30, 29, 23, 19, 7, 24], [2, 29, 12, 1, 15, 26, 11, 22], [18, 3, 2, 24, 21, 16, 13, 8], [24, 0, 1, 15, 26, 2, 16, 18], [3, 6, 10, 26, 11, 18, 8, 24], [2, 26, 9, 4, 6, 1, 30, 5], [1, 17, 29, 12, 20, 22, 11, 25], [3, 21, 20, 9, 22, 8, 28, 16], [11, 30, 19, 7, 22, 9, 6, 23], [17, 23, 18, 11, 29, 8, 13, 24], [10, 7, 8, 31, 12, 22, 14, 6], [9, 13, 28, 18, 29, 12, 31, 30], [9, 27, 18, 3, 28, 6, 24, 10], [12, 1, 27, 17, 2, 13, 24, 5], [9, 29, 10, 15, 13, 8, 18, 1], [2, 8, 9, 1, 5, 0, 4, 7]]",8,0.7699243426322937,128,random,0.0,7936,4.0,124,0.8489111065864563,11,0 42 11 43,1962,0.5318173766136169,test,top_r_mean,0.0,0.5,0.25,0.375
0.0652395514780836,1.0,62,0.0,31,40.985899977386,hotpotqa,0.6666666666666666,0.25,0.16666666666666666,0.0,5abce85755429959677d6b3e,mean,0.34108937070333156,0.09183618426322937,"[[14, 20, 26, 8, 5, 22, 28, 7], [2, 9, 10, 16, 26, 22, 0, 14], [9, 18, 24, 3, 12, 27, 26, 14], [11, 19, 10, 6, 15, 31, 4, 21], [27, 15, 7, 20, 30, 22, 12, 3], [14, 1, 26, 29, 17, 28, 27, 18], [7, 8, 18, 3, 29, 20, 10, 14], [9, 6, 19, 27, 21, 23, 1, 25], [15, 4, 0, 25, 8, 24, 29, 7], [31, 25, 2, 6, 0, 28, 9, 19], [0, 27, 19, 21, 14, 6, 12, 22], [6, 12, 24, 13, 4, 31, 19, 27], [25, 3, 23, 19, 5, 8, 2, 4], [6, 30, 11, 1, 29, 18, 8, 5], [9, 31, 25, 13, 27, 23, 2, 6], [26, 15, 2, 8, 7, 4, 3, 11], [21, 31, 17, 30, 4, 6, 14, 18], [31, 12, 15, 4, 29, 25, 20, 16], [10, 28, 22, 11, 27, 18, 4, 1], [7, 17, 22, 1, 24, 19, 20, 16], [23, 14, 20, 12, 26, 5, 25, 2], [16, 28, 27, 14, 18, 9, 3, 5], [11, 7, 12, 16, 20, 0, 22, 31], [31, 11, 8, 18, 5, 20, 1, 28], [13, 20, 9, 2, 15, 22, 25, 8], [14, 17, 5, 15, 4, 3, 19, 8], [25, 23, 14, 3, 8, 30, 28, 21], [9, 20, 22, 27, 14, 24, 7, 30], [12, 28, 16, 14, 21, 30, 26, 9], [8, 31, 19, 16, 20, 22, 2, 27], [18, 22, 9, 26, 24, 30, 2, 19], [17, 20, 31, 7, 1, 27, 19, 6], [20, 15, 5, 3, 28, 18, 13, 10], [18, 11, 5, 28, 10, 1, 8, 7], [28, 13, 4, 15, 19, 17, 12, 18], [31, 0, 14, 12, 24, 8, 4, 19], [15, 14, 25, 18, 6, 17, 5, 26], [5, 6, 9, 24, 21, 11, 1, 16], [7, 23, 2, 17, 11, 8, 9, 15], [26, 29, 28, 5, 9, 6, 31, 30], [31, 11, 16, 26, 1, 20, 5, 24], [19, 13, 0, 31, 30, 1, 5, 17], [8, 5, 27, 7, 4, 28, 31, 9], [29, 31, 2, 12, 18, 22, 13, 9], [14, 1, 21, 15, 17, 6, 18, 23], [6, 19, 27, 20, 26, 31, 22, 8], [29, 1, 16, 2, 27, 10, 17, 9], [13, 1, 7, 14, 24, 20, 6, 3], [28, 10, 12, 8, 24, 21, 23, 25], [3, 10, 19, 4, 0, 28, 22, 6], [15, 12, 22, 4, 18, 3, 28, 23], [0, 25, 10, 8, 9, 21, 18, 3], [5, 20, 13, 23, 4, 25, 28, 1], [16, 2, 22, 30, 31, 20, 12, 15], [23, 2, 26, 6, 29, 14, 21, 25], [31, 9, 8, 19, 15, 12, 5, 17], [9, 0, 8, 25, 27, 26, 21, 28], [19, 17, 11, 16, 7, 31, 9, 5], [21, 4, 2, 0, 24, 9, 15, 14], [24, 11, 17, 3, 7, 10, 31, 26], [11, 23, 1, 13, 10, 20, 12, 24], [0, 6, 5, 7, 2, 9, 1, 4]]",8,0.714963972568512,128,random,1.0,7936,4.0,124,0.8048432469367981,23,56 8 1 0,1962,0.4627685546875,test,top_r_mean,0.0,0.0,0.25,0.625
0.0652395514780836,0.0,62,0.0,31,49.40829984843731,hotpotqa,0.6666666666666666,0.0,0.0,0.0,5abce85755429959677d6b3e,mean,0.31887890005288205,0.09586051106452942,"[[4, 22, 21, 9, 3, 15, 11, 12], [29, 23, 8, 13, 30, 22, 3, 2], [31, 2, 15, 21, 18, 13, 20, 12], [15, 16, 6, 11, 3, 7, 20, 24], [14, 25, 20, 4, 21, 6, 19, 11], [25, 1, 0, 20, 5, 15, 10, 3], [15, 10, 23, 24, 26, 12, 17, 3], [18, 1, 5, 17, 15, 2, 28, 23], [6, 14, 4, 16, 13, 29, 22, 3], [24, 20, 5, 6, 11, 1, 4, 10], [16, 13, 5, 25, 24, 14, 9, 17], [0, 14, 11, 20, 26, 24, 15, 13], [0, 28, 11, 20, 26, 23, 3, 24], [7, 31, 21, 18, 11, 15, 14, 1], [14, 28, 2, 11, 27, 29, 10, 24], [13, 25, 29, 30, 8, 31, 9, 20], [10, 16, 5, 30, 24, 15, 26, 0], [23, 6, 18, 12, 31, 11, 17, 4], [22, 30, 1, 4, 13, 24, 31, 0], [14, 10, 30, 12, 31, 4, 25, 28], [21, 30, 24, 10, 6, 20, 26, 17], [16, 27, 7, 4, 10, 8, 12, 22], [29, 22, 11, 28, 8, 20, 27, 13], [17, 25, 16, 9, 7, 3, 22, 31], [5, 21, 26, 29, 6, 27, 24, 31], [30, 14, 22, 5, 29, 20, 19, 27], [13, 20, 8, 16, 11, 9, 17, 28], [17, 12, 13, 5, 24, 18, 3, 11], [2, 22, 19, 1, 12, 26, 10, 21], [25, 30, 26, 31, 0, 5, 14, 17], [11, 19, 7, 23, 3, 21, 27, 6], [19, 22, 24, 6, 21, 31, 8, 12], [10, 23, 26, 22, 15, 29, 7, 21], [3, 15, 21, 20, 13, 14, 22, 29], [21, 25, 19, 6, 27, 11, 26, 12], [31, 13, 9, 10, 28, 3, 15, 0], [12, 7, 5, 11, 19, 23, 17, 10], [11, 2, 16, 30, 0, 24, 27, 25], [23, 6, 1, 5, 9, 16, 24, 18], [11, 10, 20, 7, 31, 3, 13, 21], [17, 20, 4, 9, 18, 31, 3, 15], [18, 13, 30, 10, 22, 25, 27, 16], [10, 13, 20, 29, 4, 19, 26, 17], [8, 23, 5, 10, 11, 7, 20, 3], [24, 27, 21, 6, 3, 4, 0, 5], [7, 13, 3, 25, 14, 1, 19, 23], [6, 24, 20, 13, 12, 0, 19, 16], [19, 14, 1, 0, 2, 26, 22, 12], [13, 16, 11, 18, 19, 8, 26, 21], [3, 20, 10, 14, 5, 16, 29, 28], [4, 10, 17, 23, 26, 12, 14, 27], [3, 12, 13, 20, 30, 8, 10, 7], [11, 28, 24, 5, 29, 15, 19, 7], [10, 23, 2, 0, 5, 7, 20, 22], [16, 17, 18, 25, 23, 31, 28, 6], [2, 26, 9, 14, 15, 7, 8, 10], [21, 6, 8, 25, 7, 9, 12, 22], [19, 24, 29, 3, 23, 5, 28, 15], [29, 5, 15, 14, 1, 12, 18, 4], [27, 19, 11, 26, 6, 2, 12, 24], [29, 23, 30, 25, 12, 18, 24, 21], [3, 0, 6, 2, 4, 8, 1, 9]]",8,0.7761366963386536,128,random,0.0,7936,4.0,124,0.8646618127822876,37,16 1 11 7,1962,0.457278847694397,test,top_r_mean,0.0,0.0,0.25,0.25
0.0652395514780836,0.0,62,0.0,31,43.5199998319149,hotpotqa,0.6666666666666666,0.0,0.0,0.0,5abce85755429959677d6b3e,mean,0.387625594923321,0.08941321820020676,"[[6, 5, 16, 14, 24, 13, 29, 27], [30, 9, 22, 16, 18, 14, 15, 6], [27, 24, 16, 3, 13, 8, 19, 31], [19, 24, 21, 7, 15, 5, 25, 6], [4, 12, 29, 10, 23, 2, 5, 21], [29, 17, 3, 14, 27, 28, 0, 20], [10, 30, 2, 18, 21, 13, 24, 12], [16, 14, 6, 10, 3, 18, 0, 23], [23, 26, 6, 4, 1, 15, 28, 5], [14, 1, 15, 19, 5, 3, 13, 29], [4, 9, 6, 3, 22, 25, 26, 21], [26, 25, 13, 22, 11, 24, 14, 16], [17, 5, 29, 18, 25, 30, 20, 10], [16, 15, 13, 4, 26, 22, 9, 27], [29, 7, 18, 14, 0, 6, 31, 9], [4, 7, 20, 2, 12, 27, 22, 1], [19, 14, 2, 20, 15, 9, 23, 7], [20, 19, 22, 21, 31, 23, 17, 25], [19, 5, 9, 14, 23, 27, 20, 0], [19, 15, 18, 31, 20, 0, 29, 6], [28, 16, 29, 9, 13, 19, 0, 15], [24, 17, 21, 18, 6, 0, 9, 7], [4, 13, 25, 20, 3, 7, 26, 27], [15, 27, 25, 3, 19, 23, 13, 14], [21, 9, 30, 22, 4, 8, 3, 28], [11, 31, 19, 8, 20, 21, 3, 17], [19, 0, 11, 18, 5, 23, 4, 8], [10, 6, 29, 19, 25, 3, 13, 15], [31, 8, 16, 29, 25, 17, 0, 2], [25, 27, 20, 0, 11, 16, 9, 4], [28, 14, 24, 19, 2, 18, 25, 13], [26, 0, 1, 28, 22, 19, 11, 25], [20, 3, 16, 6, 15, 7, 22, 5], [29, 31, 21, 5, 7, 2, 12, 10], [19, 28, 26, 5, 29, 3, 16, 14], [9, 14, 19, 7, 28, 10, 4, 0], [2, 15, 21, 1, 26, 13, 17, 22], [20, 26, 19, 13, 30, 24, 10, 21], [30, 6, 13, 26, 4, 24, 3, 17], [11, 29, 9, 1, 14, 18, 16, 7], [30, 24, 6, 31, 0, 7, 14, 2], [28, 3, 15, 30, 12, 8, 18, 26], [1, 7, 4, 15, 8, 2, 29, 16], [18, 17, 13, 6, 31, 10, 2, 26], [14, 27, 1, 26, 10, 20, 18, 0], [18, 20, 0, 13, 8, 10, 24, 12], [10, 19, 31, 13, 15, 11, 26, 27], [29, 11, 6, 25, 0, 17, 1, 14], [6, 5, 1, 30, 16, 29, 9, 19], [20, 18, 30, 21, 8, 7, 0, 19], [16, 3, 28, 13, 25, 24, 26, 10], [19, 9, 10, 8, 1, 11, 21, 7], [4, 0, 25, 15, 22, 28, 20, 12], [4, 26, 15, 10, 13, 28, 3, 9], [31, 24, 15, 21, 8, 17, 30, 2], [9, 12, 2, 21, 23, 18, 13, 26], [28, 14, 15, 31, 18, 20, 25, 29], [25, 7, 2, 4, 17, 14, 10, 19], [25, 6, 3, 31, 13, 27, 29, 16], [18, 24, 30, 10, 0, 19, 9, 26], [6, 4, 0, 3, 26, 7, 8, 30], [6, 4, 0, 1, 3, 2, 8, 7]]",8,0.7492679357528687,128,random,0.0,7936,4.0,124,0.8336573243141174,53,40 42 18 26,1962,0.5589131116867065,test,top_r_mean,0.0,0.0,0.0,0.125
0.0652395514780836,0.0,62,0.0,31,50.4636000841856,hotpotqa,0.6666666666666666,0.0,0.0,0.0,5abce85755429959677d6b3e,mean,0.4405076679005817,0.06815482676029205,"[[0, 25, 21, 4, 15, 5, 3, 9], [28, 6, 18, 31, 19, 7, 23, 1], [26, 14, 16, 4, 18, 2, 28, 9], [12, 26, 28, 14, 18, 13, 17, 19], [22, 17, 29, 25, 2, 26, 8, 1], [13, 2, 20, 28, 23, 24, 30, 29], [7, 27, 21, 20, 1, 14, 24, 19], [4, 6, 19, 10, 21, 11, 12, 5], [4, 1, 7, 17, 8, 6, 11, 22], [0, 4, 29, 20, 5, 7, 28, 10], [23, 17, 8, 22, 7, 14, 9, 21], [14, 3, 16, 10, 26, 24, 31, 19], [21, 9, 20, 1, 28, 19, 18, 6], [29, 25, 5, 16, 14, 13, 2, 4], [25, 2, 1, 6, 19, 0, 27, 5], [6, 23, 22, 2, 31, 8, 14, 4], [19, 14, 1, 28, 0, 30, 23, 7], [1, 3, 10, 12, 23, 0, 21, 24], [22, 5, 4, 3, 18, 29, 15, 27], [25, 19, 9, 1, 7, 0, 5, 17], [12, 3, 27, 11, 24, 19, 14, 16], [31, 29, 22, 4, 14, 25, 13, 0], [28, 26, 31, 29, 9, 24, 25, 19], [4, 9, 26, 3, 14, 21, 29, 25], [2, 13, 15, 1, 31, 16, 29, 25], [26, 25, 4, 13, 2, 3, 9, 1], [15, 13, 31, 27, 7, 11, 22, 8], [30, 12, 23, 6, 19, 5, 14, 16], [4, 25, 22, 19, 24, 1, 14, 16], [26, 30, 23, 1, 2, 12, 15, 28], [11, 12, 9, 22, 5, 25, 14, 20], [12, 26, 17, 15, 22, 18, 2, 6], [11, 1, 8, 9, 27, 28, 18, 2], [10, 1, 28, 5, 19, 21, 26, 20], [11, 20, 24, 18, 28, 9, 10, 3], [14, 29, 27, 25, 19, 15, 18, 30], [18, 29, 17, 10, 6, 13, 19, 20], [0, 17, 12, 1, 13, 26, 16, 28], [1, 22, 6, 31, 2, 5, 25, 11], [1, 0, 26, 25, 12, 30, 6, 2], [22, 26, 13, 30, 16, 15, 12, 20], [18, 25, 10, 7, 28, 11, 14, 20], [27, 19, 2, 3, 11, 21, 9, 15], [23, 9, 7, 0, 22, 28, 29, 19], [17, 16, 7, 12, 4, 6, 5, 18], [27, 19, 23, 8, 0, 16, 14, 17], [29, 16, 22, 23, 6, 10, 20, 14], [16, 5, 8, 3, 31, 10, 22, 28], [8, 31, 22, 12, 6, 25, 9, 14], [5, 17, 19, 31, 12, 6, 3, 24], [3, 1, 21, 8, 13, 16, 23, 11], [15, 5, 0, 2, 11, 21, 20, 27], [9, 16, 2, 17, 1, 4, 13, 27], [7, 5, 28, 10, 14, 8, 4, 29], [14, 17, 11, 4, 19, 25, 21, 6], [14, 10, 17, 11, 20, 8, 18, 15], [10, 2, 6, 11, 14, 12, 25, 13], [25, 17, 14, 23, 2, 24, 0, 11], [4, 9, 25, 14, 19, 17, 6, 2], [0, 21, 16, 1, 26, 14, 13, 31], [22, 0, 26, 1, 28, 10, 11, 21], [3, 7, 2, 8, 6, 4, 9, 1]]",8,0.7608780264854431,128,random,0.0,7936,4.0,124,0.8308804035186768,71,0 16 32 11,1962,0.6185943484306335,test,top_r_mean,0.0,0.5,0.75,0.5
0.022735346358792183,0.0,176,0.0,31,0.07080007344484329,qasper,1.3333333333333333,0.0,0.0,0.0,1805.07133:b9ea841b817ba23281c95c7a769873b840dee8d5,mean,1.0,0.0,,0,0.0,128,full_k,0.0,90080,4.0,124,0.0,0,64 160 120 128,5630,0.9999999403953552,test,top_r_mean,1.0,1.0,1.0,1.0
0.022735346358792183,0.0,176,0.0,31,8.724600076675415,qasper,1.3333333333333333,0.0,0.0,0.0,1805.07133:b9ea841b817ba23281c95c7a769873b840dee8d5,mean,0.7,0.05991780385375023,,1,1.1745672225952148,128,mean,0.0,2816,4.0,124,1.2061408758163452,0,120 40 128 136,5630,0.8808188438415527,test,top_r_mean,0.0,0.0,0.5,0.75
0.022735346358792183,0.0,176,0.0,31,137.65889988280833,qasper,1.3333333333333333,0.0,0.0,0.0,1805.07133:b9ea841b817ba23281c95c7a769873b840dee8d5,mean,0.32636363636363636,0.16549557447433472,"[[24], [24], [24], [24], [24], [24], [24], [24], [24], [24], [24], [24], [24], [24], [24], [24], [24], [24], [24], [24], [24], [24], [24], [24], [24], [24], [24], [24], [24], [24], [24], [24], [24], [24], [24], [24], [24], [24], [24], [24], [24], [24], [24], [24], [24], [24], [24], [24], [24], [24], [24], [24], [24], [24], [24], [24], [24], [24], [24], [24], [24], [24], [24], [24], [24], [24], [24], [24], [24], [24], [24], [24], [24], [24], [24], [24], [24], [24], [24], [24], [24], [24], [24], [24], [24], [24], [24], [24], [24], [24], [24], [24], [24], [24], [24], [24], [24], [24], [24], [24], [24], [24], [24], [24], [24], [24], [24], [24], [24], [24], [24], [24], [24], [24], [24], [24], [24], [24], [24], [24], [24], [24], [24], [24], [24], [24], [24], [24], [24], [24], [24], [24], [24], [24], [24], [24], [24], [24], [24], [24], [24], [24], [24], [24], [24], [24], [24], [24], [24], [24], [24], [24], [24], [24], [24], [24], [24], [24], [24], [24], [24], [24], [24], [24], [24], [24], [24], [24], [24], [24], [24], [24], [24], [24], [24], [22]]",1,1.1524524688720703,128,last,0.0,2816,4.0,124,1.280729055404663,0,85 160 98 97,5630,0.46877169609069824,test,top_r_mean,0.0,0.5,0.25,0.25
0.022735346358792183,1.0,176,1.0,31,135.92889998108149,qasper,1.3333333333333333,0.25,0.3333333333333333,0.0,1805.07133:b9ea841b817ba23281c95c7a769873b840dee8d5,mean,0.43987012987012986,0.09323738515377045,"[[8], [23], [28], [11], [1], [31], [15], [24], [9], [7], [24], [26], [14], [26], [16], [18], [22], [26], [20], [13], [10], [20], [15], [9], [24], [6], [22], [24], [21], [21], [7], [25], [13], [30], [1], [6], [1], [19], [19], [16], [25], [11], [26], [28], [13], [8], [0], [27], [22], [13], [16], [0], [19], [19], [19], [31], [13], [16], [19], [29], [18], [8], [22], [12], [3], [4], [14], [30], [6], [7], [11], [17], [20], [1], [29], [14], [1], [3], [30], [3], [18], [8], [13], [21], [11], [2], [18], [13], [16], [12], [28], [23], [29], [6], [0], [25], [16], [12], [12], [11], [25], [7], [17], [11], [11], [17], [22], [30], [4], [7], [27], [11], [7], [28], [7], [19], [17], [0], [2], [3], [16], [22], [2], [31], [4], [0], [12], [20], [12], [21], [13], [29], [5], [11], [22], [27], [8], [15], [18], [14], [23], [3], [13], [17], [11], [23], [19], [12], [25], [10], [27], [13], [18], [0], [10], [25], [25], [31], [4], [10], [12], [9], [3], [12], [26], [7], [24], [15], [15], [13], [19], [7], [27], [29], [11], [23]]",1,0.8957818746566772,128,farthest,0.3333333333333333,2816,4.0,124,0.9665102362632751,0,144 160 0 163,5630,0.6240413784980774,test,top_r_mean,0.0,0.5,0.25,0.5
0.022735346358792183,0.0,176,0.0,31,114.8059000261128,qasper,1.3333333333333333,0.0,0.0,0.0,1805.07133:b9ea841b817ba23281c95c7a769873b840dee8d5,mean,0.6346753246753247,0.08663969486951828,"[[8], [10], [2], [2], [26], [15], [17], [6], [14], [20], [20], [8], [6], [14], [8], [13], [13], [0], [3], [9], [6], [28], [28], [28], [23], [12], [19], [10], [9], [31], [29], [20], [8], [12], [1], [5], [27], [12], [4], [22], [1], [11], [8], [11], [22], [14], [6], [11], [27], [1], [12], [13], [8], [28], [2], [16], [6], [1], [3], [10], [28], [9], [19], [4], [7], [4], [4], [25], [3], [3], [31], [8], [25], [23], [22], [28], [11], [25], [4], [6], [7], [23], [11], [9], [9], [24], [1], [0], [1], [31], [24], [9], [6], [17], [2], [11], [25], [20], [20], [6], [15], [6], [5], [0], [7], [31], [1], [10], [13], [12], [8], [5], [4], [1], [27], [26], [12], [31], [28], [0], [19], [9], [14], [8], [5], [10], [19], [11], [15], [18], [12], [13], [31], [22], [11], [25], [1], [15], [7], [12], [2], [17], [10], [25], [11], [17], [5], [17], [21], [0], [2], [23], [6], [7], [30], [11], [18], [29], [11], [7], [12], [27], [0], [1], [4], [7], [13], [9], [4], [7], [13], [4], [26], [14], [3], [18]]",1,0.4048251211643219,128,greedy_oracle,0.0,2816,4.0,124,0.5184859037399292,0,120 163 128 155,5630,0.839964747428894,test,top_r_mean,0.0,0.0,0.5,0.375
0.022735346358792183,0.0,176,0.0,31,108.71260007843375,qasper,1.3333333333333333,0.0,0.0,0.0,1805.07133:b9ea841b817ba23281c95c7a769873b840dee8d5,mean,0.2677922077922078,0.23459482192993164,"[[2], [14], [1], [2], [29], [1], [31], [20], [29], [21], [12], [13], [5], [18], [21], [24], [7], [30], [31], [13], [17], [1], [24], [21], [15], [18], [22], [8], [28], [2], [24], [14], [20], [14], [21], [23], [1], [1], [13], [8], [9], [21], [28], [4], [20], [28], [7], [4], [24], [29], [9], [6], [1], [12], [2], [13], [22], [6], [17], [24], [6], [8], [31], [1], [6], [13], [6], [26], [10], [22], [5], [27], [30], [4], [15], [28], [30], [6], [21], [31], [1], [17], [7], [7], [0], [23], [23], [12], [30], [1], [8], [13], [5], [25], [26], [4], [5], [13], [20], [30], [5], [12], [24], [25], [11], [15], [17], [4], [0], [28], [25], [20], [28], [27], [23], [13], [20], [1], [19], [13], [28], [10], [9], [13], [18], [4], [3], [22], [28], [23], [14], [1], [24], [27], [21], [20], [31], [15], [0], [22], [24], [0], [7], [8], [31], [10], [13], [17], [21], [27], [0], [9], [31], [25], [15], [18], [9], [21], [30], [19], [10], [15], [3], [4], [6], [15], [31], [12], [22], [21], [15], [7], [7], [18], [3], [18]]",1,1.222939133644104,128,random,0.0,2816,4.0,124,1.4033288955688477,11,174 98 148 166,5630,0.39077702164649963,test,top_r_mean,0.0,0.0,0.0,0.0
0.022735346358792183,0.0,176,0.0,31,119.17149997316301,qasper,1.3333333333333333,0.0,0.0,0.0,1805.07133:b9ea841b817ba23281c95c7a769873b840dee8d5,mean,0.2277922077922078,0.19947269558906555,"[[4], [19], [16], [14], [19], [11], [11], [14], [12], [12], [27], [1], [7], [6], [30], [7], [31], [14], [9], [31], [30], [13], [30], [1], [23], [29], [28], [20], [4], [17], [25], [12], [7], [14], [26], [16], [4], [29], [11], [10], [24], [11], [18], [12], [7], [5], [2], [22], [20], [21], [7], [14], [24], [31], [9], [0], [31], [2], [4], [29], [5], [23], [5], [20], [16], [4], [29], [15], [19], [0], [13], [25], [23], [29], [11], [10], [30], [23], [11], [9], [17], [4], [18], [11], [9], [18], [13], [2], [17], [29], [24], [30], [12], [5], [20], [2], [31], [2], [16], [23], [20], [7], [12], [18], [28], [13], [18], [18], [29], [0], [22], [1], [1], [8], [12], [15], [24], [13], [7], [7], [31], [29], [30], [21], [5], [12], [24], [1], [1], [13], [18], [7], [27], [21], [31], [14], [27], [18], [15], [29], [22], [6], [23], [18], [21], [29], [7], [31], [28], [30], [11], [17], [3], [3], [12], [21], [0], [10], [0], [18], [8], [10], [29], [8], [5], [13], [5], [15], [9], [6], [11], [11], [10], [7], [25], [25]]",1,1.2261635065078735,128,random,0.0,2816,4.0,124,1.3720626831054688,23,152 24 90 148,5630,0.33407217264175415,test,top_r_mean,0.0,0.0,0.0,0.125
0.022735346358792183,0.0,176,0.0,31,114.81090006418526,qasper,1.3333333333333333,0.0,0.0,0.0,1805.07133:b9ea841b817ba23281c95c7a769873b840dee8d5,mean,0.28324675324675325,0.5820193290710449,"[[22], [29], [5], [11], [26], [23], [5], [25], [17], [23], [4], [4], [7], [27], [23], [22], [20], [30], [2], [12], [18], [13], [18], [27], [1], [2], [20], [14], [20], [15], [0], [6], [28], [13], [24], [2], [6], [18], [21], [2], [20], [10], [18], [30], [25], [15], [14], [22], [17], [14], [13], [27], [16], [29], [30], [4], [1], [5], [24], [16], [6], [5], [22], [30], [16], [17], [15], [31], [12], [23], [30], [12], [18], [27], [24], [24], [30], [10], [13], [8], [22], [25], [7], [26], [12], [14], [26], [2], [20], [19], [24], [20], [21], [15], [15], [30], [24], [30], [28], [17], [15], [13], [10], [7], [9], [13], [24], [10], [13], [3], [9], [25], [4], [30], [21], [20], [21], [15], [17], [11], [4], [14], [22], [28], [6], [18], [1], [24], [13], [9], [16], [15], [9], [5], [16], [6], [0], [8], [10], [28], [26], [25], [26], [8], [5], [8], [29], [8], [11], [25], [11], [21], [20], [13], [19], [31], [22], [2], [20], [8], [20], [31], [30], [16], [16], [9], [3], [2], [22], [30], [23], [8], [29], [26], [27], [5]]",1,1.2415688037872314,128,random,0.0,2816,4.0,124,1.4176009893417358,37,136 8 112 90,5630,0.4011688232421875,test,top_r_mean,0.0,0.0,0.0,0.125
0.022735346358792183,0.0,176,0.0,31,124.86850004643202,qasper,1.3333333333333333,0.0,0.0,0.0,1805.07133:b9ea841b817ba23281c95c7a769873b840dee8d5,mean,0.2887012987012987,0.7819559574127197,"[[15], [3], [1], [24], [21], [24], [11], [20], [31], [19], [28], [18], [0], [20], [6], [10], [13], [15], [18], [22], [21], [2], [17], [25], [9], [30], [18], [26], [12], [9], [1], [5], [16], [14], [11], [3], [10], [2], [13], [1], [5], [8], [24], [5], [27], [22], [29], [26], [29], [21], [29], [11], [21], [16], [11], [0], [23], [21], [14], [25], [10], [17], [7], [12], [13], [8], [10], [20], [10], [31], [14], [5], [21], [6], [27], [0], [20], [8], [29], [27], [10], [18], [27], [9], [27], [6], [11], [3], [0], [14], [31], [2], [14], [10], [6], [23], [29], [10], [15], [9], [14], [3], [9], [22], [2], [5], [20], [5], [27], [12], [22], [29], [22], [24], [11], [12], [0], [23], [13], [8], [7], [12], [6], [6], [6], [9], [8], [19], [24], [30], [27], [20], [24], [17], [19], [27], [29], [30], [3], [16], [11], [9], [17], [19], [3], [28], [12], [6], [30], [31], [13], [12], [25], [29], [21], [17], [8], [1], [9], [20], [0], [19], [24], [2], [21], [26], [9], [6], [28], [0], [14], [30], [16], [8], [7], [6]]",1,1.2073442935943604,128,random,0.0,2816,4.0,124,1.3587833642959595,53,88 160 163 145,5630,0.4158969819545746,test,top_r_mean,0.0,0.5,0.25,0.25
0.022735346358792183,1.0,176,1.0,31,121.67330016382039,qasper,1.3333333333333333,0.25,0.3333333333333333,0.0,1805.07133:b9ea841b817ba23281c95c7a769873b840dee8d5,mean,0.18766233766233767,0.2011580765247345,"[[23], [20], [16], [2], [12], [19], [18], [25], [5], [19], [16], [9], [7], [6], [8], [23], [6], [29], [22], [3], [14], [2], [25], [1], [15], [27], [17], [29], [10], [2], [13], [24], [5], [19], [20], [13], [8], [5], [21], [27], [20], [23], [10], [25], [20], [8], [18], [0], [6], [9], [2], [30], [30], [17], [17], [24], [30], [30], [8], [24], [25], [22], [14], [17], [6], [7], [31], [24], [25], [2], [11], [1], [6], [26], [22], [14], [10], [0], [4], [14], [22], [17], [15], [25], [12], [28], [25], [16], [25], [12], [13], [1], [25], [7], [8], [6], [15], [21], [18], [13], [3], [25], [29], [31], [3], [4], [27], [19], [30], [29], [31], [3], [13], [18], [0], [4], [8], [21], [15], [1], [30], [28], [28], [25], [26], [16], [18], [8], [17], [3], [10], [25], [20], [6], [25], [6], [26], [29], [19], [23], [19], [15], [31], [10], [25], [7], [17], [6], [8], [15], [7], [9], [1], [14], [6], [3], [22], [17], [26], [21], [15], [24], [29], [27], [27], [19], [30], [1], [6], [30], [24], [17], [10], [31], [26], [11]]",1,1.2893539667129517,128,random,0.5,2816,4.0,124,1.4402638673782349,71,97 0 14 3,5630,0.2750099003314972,test,top_r_mean,0.0,0.0,0.0,0.125
0.022735346358792183,1.0,176,1.0,31,113.06559992954135,qasper,1.3333333333333333,0.25,0.3333333333333333,0.0,1805.07133:b9ea841b817ba23281c95c7a769873b840dee8d5,mean,0.35168831168831166,0.14616025984287262,"[[24, 25], [24, 25], [24, 25], [24, 25], [24, 25], [24, 25], [24, 25], [24, 25], [24, 25], [24, 25], [24, 25], [24, 25], [24, 25], [24, 25], [24, 25], [24, 25], [24, 25], [24, 25], [24, 25], [24, 25], [24, 25], [24, 25], [24, 25], [24, 25], [24, 25], [24, 25], [24, 25], [24, 25], [24, 25], [24, 25], [24, 25], [24, 25], [24, 25], [24, 25], [24, 25], [24, 25], [24, 25], [24, 25], [24, 25], [24, 25], [24, 25], [24, 25], [24, 25], [24, 25], [24, 25], [24, 25], [24, 25], [24, 25], [24, 25], [24, 25], [24, 25], [24, 25], [24, 25], [24, 25], [24, 25], [24, 25], [24, 25], [24, 25], [24, 25], [24, 25], [24, 25], [24, 25], [24, 25], [24, 25], [24, 25], [24, 25], [24, 25], [24, 25], [24, 25], [24, 25], [24, 25], [24, 25], [24, 25], [24, 25], [24, 25], [24, 25], [24, 25], [24, 25], [24, 25], [24, 25], [24, 25], [24, 25], [24, 25], [24, 25], [24, 25], [24, 25], [24, 25], [24, 25], [24, 25], [24, 25], [24, 25], [24, 25], [24, 25], [24, 25], [24, 25], [24, 25], [24, 25], [24, 25], [24, 25], [24, 25], [24, 25], [24, 25], [24, 25], [24, 25], [24, 25], [24, 25], [24, 25], [24, 25], [24, 25], [24, 25], [24, 25], [24, 25], [24, 25], [24, 25], [24, 25], [24, 25], [24, 25], [24, 25], [24, 25], [24, 25], [24, 25], [24, 25], [24, 25], [24, 25], [24, 25], [24, 25], [24, 25], [24, 25], [24, 25], [24, 25], [24, 25], [24, 25], [24, 25], [24, 25], [24, 25], [24, 25], [24, 25], [24, 25], [24, 25], [24, 25], [24, 25], [24, 25], [24, 25], [24, 25], [24, 25], [24, 25], [24, 25], [24, 25], [24, 25], [24, 25], [24, 25], [24, 25], [24, 25], [24, 25], [24, 25], [24, 25], [24, 25], [24, 25], [24, 25], [24, 25], [24, 25], [24, 25], [24, 25], [24, 25], [24, 25], [24, 25], [24, 25], [24, 25], [24, 25], [24, 25], [24, 25], [24, 25], [24, 25], [24, 25], [24, 25], [22, 23]]",2,1.1787508726119995,128,last,0.25,5632,4.0,124,1.2868118286132812,0,85 160 98 0,5630,0.5122429728507996,test,top_r_mean,0.0,0.5,0.25,0.25
0.022735346358792183,1.0,176,1.0,31,129.2726001702249,qasper,1.3333333333333333,0.25,0.3333333333333333,0.0,1805.07133:b9ea841b817ba23281c95c7a769873b840dee8d5,mean,0.42233766233766235,0.47884276509284973,"[[8, 0], [23, 0], [28, 17], [11, 5], [1, 16], [31, 12], [15, 27], [24, 4], [9, 0], [7, 1], [24, 25], [26, 19], [14, 19], [26, 18], [16, 23], [18, 10], [22, 0], [26, 24], [20, 0], [13, 0], [10, 23], [20, 25], [15, 16], [9, 25], [24, 0], [6, 25], [22, 8], [24, 6], [21, 5], [21, 13], [7, 19], [25, 11], [13, 0], [30, 16], [1, 27], [6, 22], [1, 21], [19, 3], [19, 18], [16, 11], [25, 0], [11, 5], [26, 28], [28, 12], [13, 10], [8, 1], [0, 16], [27, 0], [22, 0], [13, 4], [16, 3], [0, 6], [19, 31], [19, 0], [19, 3], [31, 1], [13, 0], [16, 14], [19, 9], [29, 25], [18, 15], [8, 13], [22, 3], [12, 23], [3, 0], [4, 16], [14, 29], [30, 11], [6, 28], [7, 24], [11, 16], [17, 29], [20, 0], [1, 21], [29, 4], [14, 29], [1, 12], [3, 28], [30, 20], [3, 15], [18, 0], [8, 21], [13, 1], [21, 17], [11, 30], [2, 16], [18, 6], [13, 2], [16, 0], [12, 4], [28, 17], [23, 5], [29, 15], [6, 30], [0, 27], [25, 1], [16, 0], [12, 7], [12, 8], [11, 28], [25, 9], [7, 13], [17, 27], [11, 26], [11, 0], [17, 5], [22, 24], [30, 0], [4, 17], [7, 25], [27, 17], [11, 14], [7, 0], [28, 20], [7, 11], [19, 21], [17, 29], [0, 17], [2, 26], [3, 27], [16, 0], [22, 30], [2, 10], [31, 0], [4, 14], [0, 14], [12, 1], [20, 19], [12, 0], [21, 12], [13, 20], [29, 0], [5, 7], [11, 6], [22, 17], [27, 7], [8, 0], [15, 14], [18, 15], [14, 7], [23, 4], [3, 28], [13, 2], [17, 2], [11, 0], [23, 29], [19, 7], [12, 14], [25, 29], [10, 29], [27, 0], [13, 27], [18, 0], [0, 19], [10, 6], [25, 27], [25, 0], [31, 12], [4, 17], [10, 17], [12, 0], [9, 23], [3, 27], [12, 28], [26, 17], [7, 25], [24, 11], [15, 12], [15, 0], [13, 15], [19, 21], [7, 15], [27, 28], [29, 25], [11, 5], [23, 13]]",2,1.4034051895141602,128,farthest,0.3333333333333333,5632,4.0,124,1.5098742246627808,0,144 160 0 128,5630,0.5891304612159729,test,top_r_mean,0.0,0.5,0.5,0.5
0.022735346358792183,0.0,176,0.0,31,117.75580001994967,qasper,1.3333333333333333,0.0,0.0,0.0,1805.07133:b9ea841b817ba23281c95c7a769873b840dee8d5,mean,0.7692207792207792,0.11325681209564209,"[[8, 0], [10, 11], [2, 28], [2, 25], [26, 27], [15, 20], [17, 30], [6, 3], [14, 0], [20, 21], [20, 21], [8, 7], [6, 11], [14, 16], [8, 7], [13, 8], [13, 0], [0, 6], [3, 14], [9, 3], [6, 26], [28, 14], [28, 26], [28, 31], [23, 0], [12, 13], [19, 1], [10, 12], [9, 20], [31, 4], [29, 2], [20, 19], [8, 0], [12, 13], [1, 0], [5, 27], [27, 23], [12, 13], [4, 1], [22, 23], [1, 0], [11, 7], [8, 7], [11, 18], [22, 17], [14, 7], [6, 14], [11, 10], [27, 0], [1, 24], [12, 21], [13, 12], [8, 10], [28, 30], [2, 11], [16, 30], [6, 0], [1, 9], [3, 4], [10, 14], [28, 29], [9, 25], [19, 13], [4, 6], [7, 0], [4, 0], [4, 9], [25, 19], [3, 22], [3, 25], [31, 5], [8, 13], [25, 0], [23, 0], [22, 6], [28, 23], [11, 14], [25, 24], [4, 8], [6, 24], [7, 0], [23, 15], [11, 13], [9, 19], [9, 23], [24, 25], [1, 2], [0, 7], [1, 0], [31, 2], [24, 2], [9, 27], [6, 1], [17, 18], [2, 25], [11, 14], [25, 0], [20, 19], [20, 24], [6, 12], [15, 16], [6, 4], [5, 30], [0, 24], [7, 0], [31, 10], [1, 2], [10, 11], [13, 15], [12, 20], [8, 9], [5, 6], [4, 0], [1, 4], [27, 28], [26, 7], [12, 24], [31, 30], [28, 30], [0, 3], [19, 0], [9, 13], [14, 1], [8, 21], [5, 25], [10, 9], [19, 18], [11, 13], [15, 0], [18, 22], [12, 13], [13, 14], [31, 20], [22, 0], [11, 4], [25, 26], [1, 0], [15, 10], [7, 27], [12, 14], [2, 9], [17, 0], [10, 13], [25, 6], [11, 0], [17, 28], [5, 13], [17, 18], [21, 28], [0, 4], [2, 22], [23, 5], [6, 0], [7, 16], [30, 5], [11, 7], [18, 24], [29, 8], [11, 22], [7, 12], [12, 0], [27, 20], [0, 24], [1, 2], [4, 15], [7, 27], [13, 31], [9, 10], [4, 0], [7, 27], [13, 12], [4, 29], [26, 23], [14, 11], [3, 8], [18, 12]]",2,0.38558363914489746,128,greedy_oracle,0.0,5632,4.0,124,0.4068463146686554,0,120 128 152 64,5630,0.9240149259567261,test,top_r_mean,0.0,0.0,0.75,0.625
0.022735346358792183,0.0,176,0.0,31,122.05850007012486,qasper,1.3333333333333333,0.0,0.0,0.0,1805.07133:b9ea841b817ba23281c95c7a769873b840dee8d5,mean,0.3407792207792208,0.20118436217308044,"[[2, 9], [14, 3], [1, 21], [2, 19], [29, 2], [1, 25], [31, 20], [20, 26], [29, 0], [21, 31], [12, 28], [13, 2], [5, 23], [18, 8], [21, 30], [24, 28], [7, 8], [30, 11], [31, 8], [13, 10], [17, 7], [1, 27], [24, 20], [21, 20], [15, 31], [18, 19], [22, 12], [8, 28], [28, 15], [2, 20], [24, 23], [14, 6], [20, 22], [14, 29], [21, 23], [23, 24], [1, 2], [1, 23], [13, 16], [8, 10], [9, 11], [21, 28], [28, 5], [4, 9], [20, 23], [28, 22], [7, 11], [4, 31], [24, 14], [29, 0], [9, 8], [6, 1], [1, 19], [12, 28], [2, 28], [13, 9], [22, 27], [6, 4], [17, 29], [24, 17], [6, 28], [8, 16], [31, 16], [1, 25], [6, 12], [13, 5], [6, 29], [26, 12], [10, 14], [22, 11], [5, 28], [27, 17], [30, 16], [4, 18], [15, 31], [28, 22], [30, 3], [6, 22], [21, 10], [31, 21], [1, 20], [17, 31], [7, 12], [7, 5], [0, 12], [23, 29], [23, 15], [12, 1], [30, 15], [1, 9], [8, 1], [13, 23], [5, 14], [25, 16], [26, 18], [4, 1], [5, 23], [13, 9], [20, 15], [30, 15], [5, 1], [12, 16], [24, 26], [25, 14], [11, 31], [15, 10], [17, 16], [4, 14], [0, 21], [28, 1], [25, 6], [20, 11], [28, 22], [27, 26], [23, 10], [13, 0], [20, 19], [1, 24], [19, 4], [13, 23], [28, 12], [10, 17], [9, 2], [13, 6], [18, 22], [4, 15], [3, 25], [22, 9], [28, 13], [23, 9], [14, 2], [1, 2], [24, 5], [27, 19], [21, 23], [20, 15], [31, 22], [15, 30], [0, 15], [22, 12], [24, 16], [0, 15], [7, 25], [8, 1], [31, 17], [10, 27], [13, 22], [17, 31], [21, 11], [27, 12], [0, 14], [9, 3], [31, 15], [25, 21], [15, 0], [18, 13], [9, 0], [21, 10], [30, 12], [19, 23], [10, 14], [15, 6], [3, 19], [4, 16], [6, 15], [15, 26], [31, 3], [12, 29], [22, 31], [21, 0], [15, 10], [7, 8], [7, 25], [18, 20], [3, 15], [18, 1]]",2,1.2177168130874634,128,random,0.0,5632,4.0,124,1.3336644172668457,11,8 155 135 171,5630,0.48622050881385803,test,top_r_mean,0.0,0.0,0.0,0.125
0.022735346358792183,0.0,176,0.0,31,124.642200069502,qasper,1.3333333333333333,0.0,0.0,0.0,1805.07133:b9ea841b817ba23281c95c7a769873b840dee8d5,mean,0.2814285714285714,0.1615578532218933,"[[4, 16], [19, 3], [16, 8], [14, 26], [19, 21], [11, 30], [11, 18], [14, 26], [12, 18], [12, 16], [27, 21], [1, 24], [7, 12], [6, 15], [30, 5], [7, 14], [31, 23], [14, 16], [9, 4], [31, 3], [30, 24], [13, 9], [30, 23], [1, 28], [23, 29], [29, 7], [28, 1], [20, 3], [4, 0], [17, 8], [25, 18], [12, 1], [7, 22], [14, 15], [26, 22], [16, 18], [4, 19], [29, 11], [11, 28], [10, 12], [24, 6], [11, 27], [18, 29], [12, 2], [7, 1], [5, 28], [2, 26], [22, 9], [20, 5], [21, 30], [7, 21], [14, 15], [24, 21], [31, 10], [9, 14], [0, 23], [31, 29], [2, 4], [4, 31], [29, 26], [5, 14], [23, 28], [5, 4], [20, 3], [16, 31], [4, 9], [29, 21], [15, 31], [19, 3], [0, 25], [13, 6], [25, 23], [23, 25], [29, 26], [11, 15], [10, 21], [30, 17], [23, 30], [11, 19], [9, 31], [17, 4], [4, 29], [18, 20], [11, 18], [9, 0], [18, 26], [13, 10], [2, 0], [17, 15], [29, 18], [24, 18], [30, 21], [12, 0], [5, 17], [20, 6], [2, 6], [31, 16], [2, 29], [16, 5], [23, 19], [20, 16], [7, 0], [12, 0], [18, 0], [28, 9], [13, 17], [18, 29], [18, 15], [29, 20], [0, 8], [22, 5], [1, 26], [1, 9], [8, 3], [12, 22], [15, 11], [24, 1], [13, 0], [7, 23], [7, 11], [31, 29], [29, 0], [30, 25], [21, 20], [5, 6], [12, 27], [24, 6], [1, 27], [1, 9], [13, 31], [18, 6], [7, 16], [27, 8], [21, 1], [31, 16], [14, 23], [27, 15], [18, 7], [15, 16], [29, 11], [22, 1], [6, 21], [23, 13], [18, 29], [21, 23], [29, 16], [7, 5], [31, 12], [28, 13], [30, 11], [11, 26], [17, 7], [3, 21], [3, 29], [12, 27], [21, 7], [0, 7], [10, 26], [0, 11], [18, 2], [8, 0], [10, 5], [29, 5], [8, 31], [5, 3], [13, 7], [5, 3], [15, 31], [9, 11], [6, 19], [11, 26], [11, 26], [10, 28], [7, 28], [25, 27], [25, 10]]",2,1.1446982622146606,128,random,0.0,5632,4.0,124,1.2472206354141235,23,160 155 8 136,5630,0.3969557285308838,test,top_r_mean,0.0,0.5,0.25,0.25
0.022735346358792183,0.0,176,0.0,31,128.09500005096197,qasper,1.3333333333333333,0.0,0.0,0.0,1805.07133:b9ea841b817ba23281c95c7a769873b840dee8d5,mean,0.3420779220779221,0.17394202947616577,"[[22, 17], [29, 15], [5, 30], [11, 6], [26, 0], [23, 11], [5, 26], [25, 28], [17, 31], [23, 15], [4, 19], [4, 26], [7, 22], [27, 20], [23, 14], [22, 13], [20, 12], [30, 1], [2, 3], [12, 15], [18, 31], [13, 22], [18, 0], [27, 23], [1, 14], [2, 16], [20, 6], [14, 23], [20, 15], [15, 2], [0, 21], [6, 18], [28, 9], [13, 17], [24, 0], [2, 1], [6, 22], [18, 1], [21, 25], [2, 12], [20, 3], [10, 1], [18, 12], [30, 26], [25, 12], [15, 4], [14, 6], [22, 0], [17, 23], [14, 2], [13, 7], [27, 7], [16, 29], [29, 13], [30, 29], [4, 7], [1, 27], [5, 24], [24, 20], [16, 9], [6, 15], [5, 0], [22, 8], [30, 27], [16, 10], [17, 15], [15, 3], [31, 28], [12, 0], [23, 11], [30, 11], [12, 23], [18, 19], [27, 26], [24, 12], [24, 26], [30, 23], [10, 29], [13, 28], [8, 3], [22, 2], [25, 18], [7, 1], [26, 19], [12, 4], [14, 12], [26, 12], [2, 15], [20, 23], [19, 6], [24, 27], [20, 8], [21, 13], [15, 9], [15, 22], [30, 24], [24, 19], [30, 3], [28, 13], [17, 21], [15, 5], [13, 8], [10, 4], [7, 30], [9, 3], [13, 30], [24, 10], [10, 29], [13, 9], [3, 0], [9, 13], [25, 5], [4, 23], [30, 6], [21, 16], [20, 3], [21, 2], [15, 31], [17, 10], [11, 13], [4, 28], [14, 27], [22, 6], [28, 3], [6, 26], [18, 13], [1, 7], [24, 9], [13, 26], [9, 17], [16, 30], [15, 22], [9, 6], [5, 29], [16, 27], [6, 17], [0, 27], [8, 28], [10, 17], [28, 3], [26, 7], [25, 28], [26, 24], [8, 14], [5, 4], [8, 31], [29, 22], [8, 30], [11, 26], [25, 29], [11, 31], [21, 28], [20, 16], [13, 23], [19, 24], [31, 1], [22, 17], [2, 20], [20, 28], [8, 0], [20, 4], [31, 5], [30, 25], [16, 31], [16, 29], [9, 20], [3, 14], [2, 3], [22, 12], [30, 23], [23, 17], [8, 20], [29, 13], [26, 14], [27, 28], [5, 22]]",2,1.219042420387268,128,random,0.0,5632,4.0,124,1.3133996725082397,37,136 8 90 111,5630,0.4977283775806427,test,top_r_mean,0.0,0.0,0.0,0.125
0.022735346358792183,0.0,176,0.0,31,125.6543998606503,qasper,1.3333333333333333,0.0,0.0,0.0,1805.07133:b9ea841b817ba23281c95c7a769873b840dee8d5,mean,0.3103896103896104,0.2300049364566803,"[[15, 22], [3, 24], [1, 8], [24, 28], [21, 20], [24, 16], [11, 13], [20, 18], [31, 9], [19, 28], [28, 24], [18, 29], [0, 12], [20, 11], [6, 2], [10, 3], [13, 11], [15, 22], [18, 15], [22, 10], [21, 25], [2, 27], [17, 27], [25, 29], [9, 5], [30, 8], [18, 26], [26, 16], [12, 25], [9, 7], [1, 5], [5, 23], [16, 3], [14, 16], [11, 6], [3, 19], [10, 24], [2, 13], [13, 5], [1, 10], [5, 6], [8, 6], [24, 5], [5, 27], [27, 21], [22, 2], [29, 30], [26, 9], [29, 9], [21, 13], [29, 22], [11, 15], [21, 26], [16, 3], [11, 8], [0, 25], [23, 22], [21, 2], [14, 2], [25, 2], [10, 22], [17, 19], [7, 19], [12, 31], [13, 19], [8, 28], [10, 12], [20, 14], [10, 4], [31, 29], [14, 12], [5, 7], [21, 10], [6, 0], [27, 15], [0, 8], [20, 1], [8, 22], [29, 11], [27, 23], [10, 20], [18, 19], [27, 18], [9, 31], [27, 17], [6, 10], [11, 24], [3, 13], [0, 1], [14, 12], [31, 5], [2, 15], [14, 23], [10, 26], [6, 7], [23, 18], [29, 11], [10, 25], [15, 14], [9, 28], [14, 6], [3, 5], [9, 1], [22, 4], [2, 26], [5, 20], [20, 15], [5, 29], [27, 10], [12, 26], [22, 3], [29, 11], [22, 19], [24, 1], [11, 20], [12, 8], [0, 24], [23, 12], [13, 26], [8, 22], [7, 12], [12, 27], [6, 11], [6, 4], [6, 23], [9, 20], [8, 19], [19, 25], [24, 19], [30, 2], [27, 19], [20, 9], [24, 11], [17, 20], [19, 2], [27, 5], [29, 13], [30, 4], [3, 20], [16, 26], [11, 21], [9, 19], [17, 6], [19, 2], [3, 30], [28, 4], [12, 21], [6, 0], [30, 26], [31, 19], [13, 29], [12, 10], [25, 13], [29, 22], [21, 7], [17, 16], [8, 25], [1, 14], [9, 6], [20, 18], [0, 5], [19, 5], [24, 16], [2, 24], [21, 22], [26, 20], [9, 1], [6, 20], [28, 16], [0, 7], [14, 7], [30, 22], [16, 9], [8, 15], [7, 15], [6, 7]]",2,1.1678133010864258,128,random,0.0,5632,4.0,124,1.2731107473373413,53,88 160 40 163,5630,0.433583527803421,test,top_r_mean,0.0,0.5,0.25,0.25
0.022735346358792183,1.0,176,1.0,31,136.1409998498857,qasper,1.3333333333333333,0.25,0.3333333333333333,0.0,1805.07133:b9ea841b817ba23281c95c7a769873b840dee8d5,mean,0.33194805194805194,0.1649886667728424,"[[23, 7], [20, 1], [16, 22], [2, 24], [12, 27], [19, 26], [18, 30], [25, 6], [5, 0], [19, 0], [16, 10], [9, 14], [7, 4], [6, 30], [8, 27], [23, 1], [6, 7], [29, 13], [22, 9], [3, 5], [14, 15], [2, 13], [25, 2], [1, 22], [15, 4], [27, 4], [17, 8], [29, 22], [10, 29], [2, 3], [13, 25], [24, 15], [5, 21], [19, 29], [20, 23], [13, 17], [8, 25], [5, 3], [21, 2], [27, 10], [20, 14], [23, 12], [10, 27], [25, 5], [20, 0], [8, 24], [18, 13], [0, 31], [6, 4], [9, 14], [2, 26], [30, 21], [30, 5], [17, 31], [17, 30], [24, 22], [30, 26], [30, 17], [8, 25], [24, 30], [25, 5], [22, 24], [14, 7], [17, 24], [6, 10], [7, 10], [31, 2], [24, 19], [25, 0], [2, 1], [11, 29], [1, 5], [6, 14], [26, 20], [22, 14], [14, 22], [10, 28], [0, 22], [4, 20], [14, 4], [22, 7], [17, 22], [15, 5], [25, 28], [12, 6], [28, 23], [25, 9], [16, 28], [25, 22], [12, 6], [13, 6], [1, 24], [25, 12], [7, 0], [8, 3], [6, 11], [15, 5], [21, 15], [18, 8], [13, 9], [3, 31], [25, 11], [29, 17], [31, 0], [3, 10], [4, 18], [27, 15], [19, 30], [30, 5], [29, 25], [31, 12], [3, 7], [13, 23], [18, 31], [0, 4], [4, 20], [8, 24], [21, 10], [15, 25], [1, 25], [30, 17], [28, 19], [28, 26], [25, 6], [26, 2], [16, 6], [18, 1], [8, 13], [17, 23], [3, 27], [10, 22], [25, 14], [20, 1], [6, 27], [25, 3], [6, 30], [26, 23], [29, 5], [19, 7], [23, 17], [19, 28], [15, 1], [31, 30], [10, 0], [25, 22], [7, 31], [17, 20], [6, 8], [8, 3], [15, 13], [7, 0], [9, 23], [1, 11], [14, 20], [6, 2], [3, 2], [22, 8], [17, 8], [26, 4], [21, 9], [15, 0], [24, 12], [29, 28], [27, 17], [27, 12], [19, 22], [30, 31], [1, 30], [6, 9], [30, 22], [24, 19], [17, 4], [10, 2], [31, 27], [26, 13], [11, 12]]",2,1.2237721681594849,128,random,0.25,5632,4.0,124,1.3333392143249512,71,8 160 171 0,5630,0.47233983874320984,test,top_r_mean,0.0,0.5,0.25,0.25
0.022735346358792183,0.0,176,0.0,31,136.63800014182925,qasper,1.3333333333333333,0.0,0.0,0.0,1805.07133:b9ea841b817ba23281c95c7a769873b840dee8d5,mean,0.37324675324675327,0.1320001482963562,"[[24, 25, 26, 27], [24, 25, 26, 27], [24, 25, 26, 27], [24, 25, 26, 27], [24, 25, 26, 27], [24, 25, 26, 27], [24, 25, 26, 27], [24, 25, 26, 27], [24, 25, 26, 27], [24, 25, 26, 27], [24, 25, 26, 27], [24, 25, 26, 27], [24, 25, 26, 27], [24, 25, 26, 27], [24, 25, 26, 27], [24, 25, 26, 27], [24, 25, 26, 27], [24, 25, 26, 27], [24, 25, 26, 27], [24, 25, 26, 27], [24, 25, 26, 27], [24, 25, 26, 27], [24, 25, 26, 27], [24, 25, 26, 27], [24, 25, 26, 27], [24, 25, 26, 27], [24, 25, 26, 27], [24, 25, 26, 27], [24, 25, 26, 27], [24, 25, 26, 27], [24, 25, 26, 27], [24, 25, 26, 27], [24, 25, 26, 27], [24, 25, 26, 27], [24, 25, 26, 27], [24, 25, 26, 27], [24, 25, 26, 27], [24, 25, 26, 27], [24, 25, 26, 27], [24, 25, 26, 27], [24, 25, 26, 27], [24, 25, 26, 27], [24, 25, 26, 27], [24, 25, 26, 27], [24, 25, 26, 27], [24, 25, 26, 27], [24, 25, 26, 27], [24, 25, 26, 27], [24, 25, 26, 27], [24, 25, 26, 27], [24, 25, 26, 27], [24, 25, 26, 27], [24, 25, 26, 27], [24, 25, 26, 27], [24, 25, 26, 27], [24, 25, 26, 27], [24, 25, 26, 27], [24, 25, 26, 27], [24, 25, 26, 27], [24, 25, 26, 27], [24, 25, 26, 27], [24, 25, 26, 27], [24, 25, 26, 27], [24, 25, 26, 27], [24, 25, 26, 27], [24, 25, 26, 27], [24, 25, 26, 27], [24, 25, 26, 27], [24, 25, 26, 27], [24, 25, 26, 27], [24, 25, 26, 27], [24, 25, 26, 27], [24, 25, 26, 27], [24, 25, 26, 27], [24, 25, 26, 27], [24, 25, 26, 27], [24, 25, 26, 27], [24, 25, 26, 27], [24, 25, 26, 27], [24, 25, 26, 27], [24, 25, 26, 27], [24, 25, 26, 27], [24, 25, 26, 27], [24, 25, 26, 27], [24, 25, 26, 27], [24, 25, 26, 27], [24, 25, 26, 27], [24, 25, 26, 27], [24, 25, 26, 27], [24, 25, 26, 27], [24, 25, 26, 27], [24, 25, 26, 27], [24, 25, 26, 27], [24, 25, 26, 27], [24, 25, 26, 27], [24, 25, 26, 27], [24, 25, 26, 27], [24, 25, 26, 27], [24, 25, 26, 27], [24, 25, 26, 27], [24, 25, 26, 27], [24, 25, 26, 27], [24, 25, 26, 27], [24, 25, 26, 27], [24, 25, 26, 27], [24, 25, 26, 27], [24, 25, 26, 27], [24, 25, 26, 27], [24, 25, 26, 27], [24, 25, 26, 27], [24, 25, 26, 27], [24, 25, 26, 27], [24, 25, 26, 27], [24, 25, 26, 27], [24, 25, 26, 27], [24, 25, 26, 27], [24, 25, 26, 27], [24, 25, 26, 27], [24, 25, 26, 27], [24, 25, 26, 27], [24, 25, 26, 27], [24, 25, 26, 27], [24, 25, 26, 27], [24, 25, 26, 27], [24, 25, 26, 27], [24, 25, 26, 27], [24, 25, 26, 27], [24, 25, 26, 27], [24, 25, 26, 27], [24, 25, 26, 27], [24, 25, 26, 27], [24, 25, 26, 27], [24, 25, 26, 27], [24, 25, 26, 27], [24, 25, 26, 27], [24, 25, 26, 27], [24, 25, 26, 27], [24, 25, 26, 27], [24, 25, 26, 27], [24, 25, 26, 27], [24, 25, 26, 27], [24, 25, 26, 27], [24, 25, 26, 27], [24, 25, 26, 27], [24, 25, 26, 27], [24, 25, 26, 27], [24, 25, 26, 27], [24, 25, 26, 27], [24, 25, 26, 27], [24, 25, 26, 27], [24, 25, 26, 27], [24, 25, 26, 27], [24, 25, 26, 27], [24, 25, 26, 27], [24, 25, 26, 27], [24, 25, 26, 27], [24, 25, 26, 27], [24, 25, 26, 27], [24, 25, 26, 27], [24, 25, 26, 27], [24, 25, 26, 27], [24, 25, 26, 27], [24, 25, 26, 27], [24, 25, 26, 27], [24, 25, 26, 27], [24, 25, 26, 27], [24, 25, 26, 27], [24, 25, 26, 27], [24, 25, 26, 27], [24, 25, 26, 27], [24, 25, 26, 27], [24, 25, 26, 27], [24, 25, 26, 27], [24, 25, 26, 27], [24, 25, 26, 27], [22, 23, 24, 25]]",4,1.2117904424667358,128,last,0.0,11264,4.0,124,1.2981661558151245,0,160 172 135 85,5630,0.5411357879638672,test,top_r_mean,0.0,0.5,0.25,0.125
0.022735346358792183,0.0,176,0.0,31,135.7549000531435,qasper,1.3333333333333333,0.0,0.0,0.0,1805.07133:b9ea841b817ba23281c95c7a769873b840dee8d5,mean,0.44623376623376626,0.09412579238414764,"[[8, 0, 3, 19], [23, 0, 17, 10], [28, 17, 8, 0], [11, 5, 4, 30], [1, 16, 10, 4], [31, 12, 5, 26], [15, 27, 23, 17], [24, 4, 9, 21], [9, 0, 21, 15], [7, 1, 31, 12], [24, 25, 6, 5], [26, 19, 10, 18], [14, 19, 24, 10], [26, 18, 14, 22], [16, 23, 9, 17], [18, 10, 27, 26], [22, 0, 20, 27], [26, 24, 20, 3], [20, 0, 24, 2], [13, 0, 5, 21], [10, 23, 12, 22], [20, 25, 7, 2], [15, 16, 31, 25], [9, 25, 24, 13], [24, 0, 10, 3], [6, 25, 2, 27], [22, 8, 4, 11], [24, 6, 29, 5], [21, 5, 4, 3], [21, 13, 6, 15], [7, 19, 8, 18], [25, 11, 29, 4], [13, 0, 17, 2], [30, 16, 17, 26], [1, 27, 25, 13], [6, 22, 17, 31], [1, 21, 30, 17], [19, 3, 1, 27], [19, 18, 0, 3], [16, 11, 10, 2], [25, 0, 1, 17], [11, 5, 26, 30], [26, 28, 7, 23], [28, 12, 11, 13], [13, 10, 21, 25], [8, 1, 0, 11], [0, 16, 28, 25], [27, 0, 10, 23], [22, 0, 27, 1], [13, 4, 2, 20], [16, 3, 11, 6], [0, 6, 20, 22], [19, 31, 29, 1], [19, 0, 31, 1], [19, 3, 25, 22], [31, 1, 21, 0], [13, 0, 4, 15], [16, 14, 1, 24], [19, 9, 17, 27], [29, 25, 10, 6], [18, 15, 12, 30], [8, 13, 31, 10], [22, 3, 29, 15], [12, 23, 7, 0], [3, 0, 16, 27], [4, 16, 7, 25], [14, 29, 6, 28], [30, 11, 15, 27], [6, 28, 2, 4], [7, 24, 25, 29], [11, 16, 28, 10], [17, 29, 15, 3], [20, 0, 5, 2], [1, 21, 13, 26], [29, 4, 9, 5], [14, 29, 5, 26], [1, 12, 17, 11], [3, 28, 26, 31], [30, 20, 1, 15], [3, 15, 25, 22], [18, 0, 20, 1], [8, 21, 1, 31], [13, 1, 3, 0], [21, 17, 4, 7], [11, 30, 7, 31], [2, 16, 10, 24], [18, 6, 15, 3], [13, 2, 8, 9], [16, 0, 4, 28], [12, 4, 5, 0], [28, 17, 10, 6], [23, 5, 14, 12], [29, 15, 25, 21], [6, 30, 22, 14], [0, 27, 20, 2], [25, 1, 26, 12], [16, 0, 19, 28], [12, 7, 22, 29], [12, 8, 7, 16], [11, 28, 24, 6], [25, 9, 7, 3], [7, 13, 25, 11], [17, 27, 31, 22], [11, 26, 30, 27], [11, 0, 29, 16], [17, 5, 0, 25], [22, 24, 4, 7], [30, 0, 27, 12], [4, 17, 23, 16], [7, 25, 22, 1], [27, 17, 16, 13], [11, 14, 21, 13], [7, 0, 9, 28], [28, 20, 1, 2], [7, 11, 10, 29], [19, 21, 26, 29], [17, 29, 2, 24], [0, 17, 8, 5], [2, 26, 20, 1], [3, 27, 9, 1], [16, 0, 18, 31], [22, 30, 19, 28], [2, 10, 11, 19], [31, 0, 8, 2], [4, 14, 13, 24], [0, 14, 21, 13], [12, 1, 16, 3], [20, 19, 15, 18], [12, 0, 19, 20], [21, 12, 11, 14], [13, 20, 23, 19], [29, 0, 13, 15], [5, 7, 6, 14], [11, 6, 3, 5], [22, 17, 14, 29], [27, 7, 28, 24], [8, 0, 10, 13], [15, 14, 5, 29], [18, 15, 24, 10], [14, 7, 2, 22], [23, 4, 28, 1], [3, 28, 20, 23], [13, 2, 24, 23], [17, 2, 21, 26], [11, 0, 1, 29], [23, 29, 17, 13], [19, 7, 8, 6], [12, 14, 3, 6], [25, 29, 24, 5], [10, 29, 31, 1], [27, 0, 10, 29], [13, 27, 2, 3], [18, 0, 29, 13], [0, 19, 23, 20], [10, 6, 16, 25], [25, 27, 9, 7], [25, 0, 17, 27], [31, 12, 2, 6], [4, 17, 8, 13], [10, 17, 29, 28], [12, 0, 7, 20], [9, 23, 18, 26], [3, 27, 26, 12], [12, 28, 15, 18], [26, 17, 9, 0], [7, 25, 28, 18], [24, 11, 20, 19], [15, 12, 3, 11], [15, 0, 22, 21], [13, 15, 24, 14], [19, 21, 20, 31], [7, 15, 5, 4], [27, 28, 14, 5], [29, 25, 4, 19], [11, 5, 16, 22], [23, 13, 2, 17]]",4,1.5396583080291748,128,farthest,0.0,11264,4.0,124,1.5992127656936646,0,40 120 48 128,5630,0.6068764925003052,test,top_r_mean,0.0,0.0,0.5,0.625
0.022735346358792183,0.0,176,0.0,31,127.82999989576638,qasper,1.3333333333333333,0.0,0.0,0.0,1805.07133:b9ea841b817ba23281c95c7a769873b840dee8d5,mean,0.8305194805194805,0.002535172738134861,"[[8, 0, 25, 1], [10, 11, 24, 18], [2, 28, 31, 29], [2, 25, 29, 27], [26, 27, 19, 23], [15, 20, 18, 22], [17, 30, 22, 2], [6, 3, 17, 5], [14, 0, 18, 17], [20, 21, 22, 24], [20, 21, 23, 8], [8, 7, 9, 27], [6, 11, 9, 8], [14, 16, 17, 25], [8, 7, 1, 14], [13, 8, 14, 7], [13, 0, 12, 3], [0, 6, 26, 5], [3, 14, 30, 6], [9, 3, 4, 20], [6, 26, 20, 21], [28, 14, 10, 20], [28, 26, 23, 30], [28, 31, 29, 9], [23, 0, 7, 8], [12, 13, 0, 6], [19, 1, 13, 12], [10, 12, 9, 19], [9, 20, 21, 24], [31, 4, 27, 3], [29, 2, 10, 3], [20, 19, 2, 1], [8, 0, 9, 12], [12, 13, 14, 20], [1, 0, 7, 8], [5, 27, 6, 26], [27, 23, 26, 25], [12, 13, 10, 25], [4, 1, 5, 17], [22, 23, 18, 13], [1, 0, 17, 5], [11, 7, 2, 19], [8, 7, 16, 12], [11, 18, 15, 19], [22, 17, 23, 25], [14, 7, 9, 6], [6, 14, 5, 8], [11, 10, 12, 9], [27, 0, 30, 29], [1, 24, 0, 2], [12, 21, 20, 2], [13, 12, 14, 8], [8, 10, 9, 12], [28, 30, 29, 7], [2, 11, 5, 1], [16, 30, 31, 20], [6, 0, 11, 14], [1, 9, 2, 8], [3, 4, 2, 10], [10, 14, 12, 15], [28, 29, 14, 7], [9, 25, 26, 6], [19, 13, 28, 27], [4, 6, 5, 3], [7, 0, 4, 11], [4, 0, 20, 19], [4, 9, 23, 18], [25, 19, 7, 21], [3, 22, 27, 6], [3, 25, 21, 0], [31, 5, 15, 9], [8, 13, 9, 14], [25, 0, 7, 2], [23, 0, 16, 12], [22, 6, 3, 1], [28, 23, 25, 7], [11, 14, 15, 13], [25, 24, 20, 18], [4, 8, 14, 7], [6, 24, 4, 7], [7, 0, 18, 9], [23, 15, 25, 8], [11, 13, 14, 25], [9, 19, 27, 28], [9, 23, 24, 26], [24, 25, 30, 31], [1, 2, 0, 8], [0, 7, 31, 1], [1, 0, 13, 12], [31, 2, 3, 20], [24, 2, 15, 20], [9, 27, 17, 1], [6, 1, 10, 27], [17, 18, 21, 25], [2, 25, 11, 9], [11, 14, 16, 12], [25, 0, 24, 6], [20, 19, 24, 21], [20, 24, 0, 25], [6, 12, 9, 11], [15, 16, 22, 31], [6, 4, 31, 9], [5, 30, 31, 2], [0, 24, 9, 14], [7, 0, 25, 11], [31, 10, 9, 27], [1, 2, 3, 6], [10, 11, 16, 30], [13, 15, 14, 20], [12, 20, 13, 18], [8, 9, 14, 10], [5, 6, 18, 17], [4, 0, 6, 5], [1, 4, 3, 21], [27, 28, 3, 30], [26, 7, 30, 8], [12, 24, 13, 26], [31, 30, 3, 9], [28, 30, 31, 29], [0, 3, 13, 20], [19, 0, 18, 2], [9, 13, 16, 0], [14, 1, 15, 20], [8, 21, 28, 13], [5, 25, 11, 10], [10, 9, 11, 22], [19, 18, 2, 31], [11, 13, 12, 20], [15, 0, 16, 4], [18, 22, 5, 7], [12, 13, 18, 5], [13, 14, 30, 22], [31, 20, 10, 29], [22, 0, 13, 9], [11, 4, 9, 5], [25, 26, 27, 20], [1, 0, 4, 6], [15, 10, 12, 19], [7, 27, 14, 31], [12, 14, 18, 31], [2, 9, 19, 3], [17, 0, 1, 5], [10, 13, 27, 26], [25, 6, 9, 5], [11, 0, 26, 16], [17, 28, 24, 20], [5, 13, 18, 19], [17, 18, 24, 19], [21, 28, 26, 0], [0, 4, 14, 15], [2, 22, 25, 23], [23, 5, 1, 22], [6, 0, 23, 14], [7, 16, 12, 17], [30, 5, 10, 11], [11, 7, 13, 15], [18, 24, 19, 7], [29, 8, 30, 9], [11, 22, 12, 19], [7, 12, 15, 11], [12, 0, 24, 9], [27, 20, 9, 28], [0, 24, 11, 25], [1, 2, 12, 3], [4, 15, 30, 2], [7, 27, 24, 19], [13, 31, 14, 15], [9, 10, 30, 5], [4, 0, 8, 7], [7, 27, 13, 1], [13, 12, 15, 29], [4, 29, 9, 7], [26, 23, 24, 27], [14, 11, 9, 18], [3, 8, 9, 30], [18, 12, 29, 16]]",4,0.4324696362018585,128,greedy_oracle,0.0,11264,4.0,124,0.4382081925868988,0,64 152 120 128,5630,0.9579286575317383,test,top_r_mean,1.0,0.5,0.75,0.875
0.022735346358792183,0.0,176,0.0,31,121.85439979657531,qasper,1.3333333333333333,0.0,0.0,0.0,1805.07133:b9ea841b817ba23281c95c7a769873b840dee8d5,mean,0.38181818181818183,0.10957203060388565,"[[2, 9, 3, 8], [14, 3, 22, 21], [1, 21, 13, 20], [2, 19, 11, 16], [29, 2, 9, 0], [1, 25, 9, 6], [31, 20, 29, 18], [20, 26, 27, 12], [29, 0, 24, 4], [21, 31, 4, 23], [12, 28, 3, 22], [13, 2, 0, 21], [5, 23, 18, 1], [18, 8, 10, 0], [21, 30, 11, 19], [24, 28, 11, 18], [7, 8, 10, 0], [30, 11, 29, 21], [31, 8, 25, 9], [13, 10, 5, 15], [17, 7, 15, 11], [1, 27, 11, 20], [24, 20, 18, 0], [21, 20, 16, 24], [15, 31, 19, 17], [18, 19, 9, 30], [22, 12, 2, 20], [8, 28, 20, 3], [28, 15, 27, 3], [2, 20, 28, 15], [24, 23, 2, 13], [14, 6, 7, 28], [20, 22, 23, 28], [14, 29, 27, 26], [21, 23, 31, 25], [23, 24, 5, 20], [1, 2, 14, 16], [1, 23, 17, 5], [13, 16, 25, 2], [8, 10, 21, 16], [9, 11, 3, 2], [21, 28, 4, 26], [28, 5, 12, 20], [4, 9, 30, 11], [20, 23, 12, 31], [28, 22, 9, 1], [7, 11, 0, 28], [4, 31, 16, 21], [24, 14, 20, 16], [29, 0, 12, 23], [9, 8, 29, 2], [6, 1, 25, 23], [1, 19, 7, 30], [12, 28, 19, 29], [2, 28, 22, 29], [13, 9, 29, 31], [22, 27, 21, 20], [6, 4, 29, 26], [17, 29, 25, 27], [24, 17, 31, 14], [6, 28, 0, 26], [8, 16, 7, 12], [31, 16, 8, 6], [1, 25, 8, 17], [6, 12, 29, 8], [13, 5, 26, 18], [6, 29, 7, 12], [26, 12, 22, 2], [10, 14, 18, 5], [22, 11, 2, 12], [5, 28, 23, 27], [27, 17, 18, 16], [30, 16, 21, 3], [4, 18, 28, 15], [15, 31, 28, 20], [28, 22, 1, 6], [30, 3, 17, 2], [6, 22, 27, 9], [21, 10, 8, 16], [31, 21, 29, 8], [1, 20, 15, 9], [17, 31, 12, 11], [7, 12, 23, 27], [7, 5, 21, 16], [0, 12, 3, 8], [23, 29, 4, 16], [23, 15, 22, 3], [12, 1, 9, 6], [30, 15, 22, 21], [1, 9, 30, 19], [8, 1, 20, 11], [13, 23, 4, 22], [5, 14, 3, 6], [25, 16, 11, 2], [26, 18, 7, 24], [4, 1, 18, 11], [5, 23, 18, 9], [13, 9, 21, 14], [20, 15, 31, 16], [30, 15, 1, 14], [5, 1, 29, 15], [12, 16, 28, 31], [24, 26, 0, 21], [25, 14, 12, 8], [11, 31, 17, 14], [15, 10, 22, 6], [17, 16, 0, 15], [4, 14, 23, 8], [0, 21, 17, 1], [28, 1, 3, 22], [25, 6, 28, 2], [20, 11, 17, 0], [28, 22, 6, 21], [27, 26, 4, 31], [23, 10, 17, 24], [13, 0, 25, 15], [20, 19, 8, 9], [1, 24, 8, 12], [19, 4, 30, 27], [13, 23, 20, 4], [28, 12, 29, 23], [10, 17, 6, 11], [9, 2, 28, 19], [13, 6, 20, 25], [18, 22, 24, 25], [4, 15, 1, 29], [3, 25, 6, 19], [22, 9, 3, 15], [28, 13, 14, 0], [23, 9, 2, 14], [14, 2, 8, 25], [1, 2, 3, 10], [24, 5, 6, 29], [27, 19, 23, 2], [21, 23, 30, 28], [20, 15, 10, 26], [31, 22, 29, 17], [15, 30, 28, 23], [0, 15, 24, 7], [22, 12, 1, 20], [24, 16, 10, 15], [0, 15, 12, 6], [7, 25, 1, 8], [8, 1, 6, 2], [31, 17, 10, 15], [10, 27, 16, 7], [13, 22, 29, 11], [17, 31, 11, 0], [21, 11, 30, 3], [27, 12, 21, 19], [0, 14, 9, 20], [9, 3, 5, 13], [31, 15, 17, 14], [25, 21, 7, 6], [15, 0, 2, 24], [18, 13, 10, 1], [9, 0, 10, 1], [21, 10, 28, 29], [30, 12, 13, 2], [19, 23, 13, 16], [10, 14, 16, 9], [15, 6, 18, 1], [3, 19, 10, 13], [4, 16, 18, 25], [6, 15, 3, 0], [15, 26, 9, 10], [31, 3, 23, 4], [12, 29, 16, 3], [22, 31, 2, 20], [21, 0, 31, 27], [15, 10, 30, 20], [7, 8, 23, 14], [7, 25, 0, 14], [18, 20, 22, 25], [3, 15, 19, 25], [18, 1, 8, 27]]",4,1.2030572891235352,128,random,0.0,11264,4.0,124,1.2705389261245728,11,128 8 16 155,5630,0.5395442843437195,test,top_r_mean,0.0,0.0,0.25,0.25
0.022735346358792183,0.0,176,0.0,31,139.69470001757145,qasper,1.3333333333333333,0.0,0.0,0.0,1805.07133:b9ea841b817ba23281c95c7a769873b840dee8d5,mean,0.4053246753246753,0.10103821754455566,"[[4, 16, 22, 25], [19, 3, 18, 28], [16, 8, 4, 9], [14, 26, 4, 20], [19, 21, 10, 12], [11, 30, 3, 31], [11, 18, 21, 17], [14, 26, 11, 30], [12, 18, 13, 23], [12, 16, 30, 5], [27, 21, 23, 28], [1, 24, 0, 9], [7, 12, 30, 25], [6, 15, 29, 19], [30, 5, 28, 15], [7, 14, 18, 23], [31, 23, 26, 7], [14, 16, 18, 19], [9, 4, 12, 10], [31, 3, 19, 10], [30, 24, 9, 27], [13, 9, 31, 30], [30, 23, 16, 26], [1, 28, 0, 3], [23, 29, 24, 12], [29, 7, 14, 13], [28, 1, 21, 18], [20, 3, 10, 16], [4, 0, 3, 8], [17, 8, 27, 16], [25, 18, 4, 8], [12, 1, 8, 23], [7, 22, 11, 30], [14, 15, 9, 12], [26, 22, 2, 11], [16, 18, 31, 22], [4, 19, 0, 26], [29, 11, 23, 6], [11, 28, 1, 18], [10, 12, 11, 26], [24, 6, 5, 17], [11, 27, 26, 1], [18, 29, 30, 7], [12, 2, 5, 24], [7, 1, 8, 23], [5, 28, 27, 9], [2, 26, 9, 21], [22, 9, 4, 16], [20, 5, 22, 28], [21, 30, 7, 0], [7, 21, 10, 24], [14, 15, 9, 4], [24, 21, 14, 9], [31, 10, 12, 24], [9, 14, 19, 23], [0, 23, 17, 20], [31, 29, 14, 8], [2, 4, 27, 25], [4, 31, 25, 23], [29, 26, 6, 30], [5, 14, 2, 20], [23, 28, 10, 22], [5, 4, 31, 17], [20, 3, 0, 4], [16, 31, 0, 22], [4, 9, 18, 15], [29, 21, 14, 6], [15, 31, 2, 26], [19, 3, 6, 9], [0, 25, 17, 10], [13, 6, 5, 19], [25, 23, 30, 9], [23, 25, 14, 2], [29, 26, 25, 11], [11, 15, 22, 2], [10, 21, 28, 29], [30, 17, 27, 2], [23, 30, 9, 2], [11, 19, 1, 17], [9, 31, 4, 28], [17, 4, 15, 3], [4, 29, 27, 7], [18, 20, 27, 28], [11, 18, 26, 5], [9, 0, 5, 31], [18, 26, 21, 12], [13, 10, 8, 24], [2, 0, 23, 1], [17, 15, 10, 25], [29, 18, 5, 8], [24, 18, 22, 1], [30, 21, 19, 20], [12, 0, 4, 7], [5, 17, 8, 18], [20, 6, 8, 15], [2, 6, 29, 17], [31, 16, 24, 18], [2, 29, 15, 22], [16, 5, 22, 31], [23, 19, 9, 0], [20, 16, 5, 7], [7, 0, 31, 23], [12, 0, 15, 25], [18, 0, 23, 7], [28, 9, 14, 0], [13, 17, 15, 11], [18, 29, 7, 19], [18, 15, 24, 25], [29, 20, 5, 14], [0, 8, 6, 19], [22, 5, 3, 14], [1, 26, 31, 27], [1, 9, 7, 10], [8, 3, 20, 22], [12, 22, 4, 13], [15, 11, 30, 12], [24, 1, 26, 0], [13, 0, 27, 7], [7, 23, 6, 18], [7, 11, 4, 24], [31, 29, 12, 28], [29, 0, 10, 26], [30, 25, 31, 13], [21, 20, 4, 2], [5, 6, 7, 14], [12, 27, 26, 16], [24, 6, 3, 12], [1, 27, 18, 0], [1, 9, 18, 3], [13, 31, 4, 29], [18, 6, 31, 28], [7, 16, 2, 13], [27, 8, 14, 0], [21, 1, 4, 8], [31, 16, 22, 5], [14, 23, 7, 13], [27, 15, 25, 21], [18, 7, 23, 31], [15, 16, 8, 24], [29, 11, 15, 14], [22, 1, 12, 11], [6, 21, 7, 26], [23, 13, 9, 18], [18, 29, 20, 11], [21, 23, 12, 1], [29, 16, 12, 4], [7, 5, 14, 24], [31, 12, 11, 10], [28, 13, 7, 26], [30, 11, 6, 18], [11, 26, 24, 12], [17, 7, 13, 20], [3, 21, 26, 27], [3, 29, 1, 24], [12, 27, 24, 5], [21, 7, 26, 12], [0, 7, 15, 9], [10, 26, 18, 9], [0, 11, 28, 26], [18, 2, 30, 1], [8, 0, 13, 28], [10, 5, 0, 30], [29, 5, 0, 4], [8, 31, 2, 18], [5, 3, 26, 15], [13, 7, 3, 28], [5, 3, 4, 13], [15, 31, 29, 6], [9, 11, 7, 23], [6, 19, 10, 17], [11, 26, 12, 22], [11, 26, 29, 20], [10, 28, 15, 8], [7, 28, 17, 9], [25, 27, 11, 28], [25, 10, 2, 23]]",4,1.1324522495269775,128,random,0.0,11264,4.0,124,1.1983920335769653,23,160 64 104 40,5630,0.5509002208709717,test,top_r_mean,0.0,1.0,0.5,0.5
0.022735346358792183,0.0,176,0.0,31,119.69760013744235,qasper,1.3333333333333333,0.0,0.0,0.0,1805.07133:b9ea841b817ba23281c95c7a769873b840dee8d5,mean,0.4250649350649351,0.10235977917909622,"[[22, 17, 1, 28], [29, 15, 3, 22], [5, 30, 25, 3], [11, 6, 26, 29], [26, 0, 27, 31], [23, 11, 0, 30], [5, 26, 31, 10], [25, 28, 6, 26], [17, 31, 12, 19], [23, 15, 10, 26], [4, 19, 5, 11], [4, 26, 31, 24], [7, 22, 30, 25], [27, 20, 24, 4], [23, 14, 19, 30], [22, 13, 18, 4], [20, 12, 26, 28], [30, 1, 10, 7], [2, 3, 9, 16], [12, 15, 25, 10], [18, 31, 23, 5], [13, 22, 5, 7], [18, 0, 13, 25], [27, 23, 18, 16], [1, 14, 3, 30], [2, 16, 12, 23], [20, 6, 15, 28], [14, 23, 11, 27], [20, 15, 25, 6], [15, 2, 4, 24], [0, 21, 23, 14], [6, 18, 24, 30], [28, 9, 19, 14], [13, 17, 26, 19], [24, 0, 31, 18], [2, 1, 22, 29], [6, 22, 29, 12], [18, 1, 30, 13], [21, 25, 7, 6], [2, 12, 20, 15], [20, 3, 30, 18], [10, 1, 21, 9], [18, 12, 28, 21], [30, 26, 29, 7], [25, 12, 13, 24], [15, 4, 30, 17], [14, 6, 18, 23], [22, 0, 15, 19], [17, 23, 1, 21], [14, 2, 8, 5], [13, 7, 1, 2], [27, 7, 11, 21], [16, 29, 14, 26], [29, 13, 7, 8], [30, 29, 25, 1], [4, 7, 2, 0], [1, 27, 8, 3], [5, 24, 10, 9], [24, 20, 16, 25], [16, 9, 29, 18], [6, 15, 29, 5], [5, 0, 3, 17], [22, 8, 26, 16], [30, 27, 0, 23], [16, 10, 0, 27], [17, 15, 11, 12], [15, 3, 28, 0], [31, 28, 12, 27], [12, 0, 10, 11], [23, 11, 14, 21], [30, 11, 21, 27], [12, 23, 25, 3], [18, 19, 7, 21], [27, 26, 19, 10], [24, 12, 8, 4], [24, 26, 20, 8], [30, 23, 10, 21], [10, 29, 1, 13], [13, 28, 15, 3], [8, 3, 7, 9], [22, 2, 19, 29], [25, 18, 24, 4], [7, 1, 14, 19], [26, 19, 21, 20], [12, 4, 25, 5], [14, 12, 20, 22], [26, 12, 3, 30], [2, 15, 29, 21], [20, 23, 6, 15], [19, 6, 16, 10], [24, 27, 29, 17], [20, 8, 3, 1], [21, 13, 5, 1], [15, 9, 7, 16], [15, 22, 24, 21], [30, 24, 18, 9], [24, 19, 25, 26], [30, 3, 24, 18], [28, 13, 5, 7], [17, 21, 28, 16], [15, 5, 27, 4], [13, 8, 26, 3], [10, 4, 2, 9], [7, 30, 27, 29], [9, 3, 20, 31], [13, 30, 1, 18], [24, 10, 8, 30], [10, 29, 22, 28], [13, 9, 23, 17], [3, 0, 29, 4], [9, 13, 22, 5], [25, 5, 30, 4], [4, 23, 7, 5], [30, 6, 12, 18], [21, 16, 20, 1], [20, 3, 29, 6], [21, 2, 6, 31], [15, 31, 3, 18], [17, 10, 22, 3], [11, 13, 14, 2], [4, 28, 0, 30], [14, 27, 8, 23], [22, 6, 16, 4], [28, 3, 4, 10], [6, 26, 1, 2], [18, 13, 4, 30], [1, 7, 28, 26], [24, 9, 27, 30], [13, 26, 9, 29], [9, 17, 11, 12], [16, 30, 22, 12], [15, 22, 20, 8], [9, 6, 11, 5], [5, 29, 21, 25], [16, 27, 23, 13], [6, 17, 4, 3], [0, 27, 2, 24], [8, 28, 18, 12], [10, 17, 27, 15], [28, 3, 15, 9], [26, 7, 19, 0], [25, 28, 26, 5], [26, 24, 21, 15], [8, 14, 21, 3], [5, 4, 23, 7], [8, 31, 14, 29], [29, 22, 14, 19], [8, 30, 16, 28], [11, 26, 6, 17], [25, 29, 7, 9], [11, 31, 10, 7], [21, 28, 15, 12], [20, 16, 28, 30], [13, 23, 14, 24], [19, 24, 3, 18], [31, 1, 14, 25], [22, 17, 11, 10], [2, 20, 30, 7], [20, 28, 12, 23], [8, 0, 30, 20], [20, 4, 19, 18], [31, 5, 29, 24], [30, 25, 27, 3], [16, 31, 11, 18], [16, 29, 24, 2], [9, 20, 25, 30], [3, 14, 21, 15], [2, 3, 8, 30], [22, 12, 9, 31], [30, 23, 16, 10], [23, 17, 14, 3], [8, 20, 28, 25], [29, 13, 12, 9], [26, 14, 29, 27], [27, 28, 7, 30], [5, 22, 23, 26]]",4,1.2052233219146729,128,random,0.0,11264,4.0,124,1.2658179998397827,37,136 120 64 155,5630,0.5989235639572144,test,top_r_mean,0.0,0.0,0.5,0.375
0.022735346358792183,0.0,176,0.0,31,125.78130001202226,qasper,1.3333333333333333,0.0,0.0,0.0,1805.07133:b9ea841b817ba23281c95c7a769873b840dee8d5,mean,0.465974025974026,0.0926978662610054,"[[15, 22, 23, 18], [3, 24, 26, 15], [1, 8, 18, 4], [24, 28, 2, 10], [21, 20, 22, 15], [24, 16, 22, 23], [11, 13, 17, 4], [20, 18, 0, 13], [31, 9, 19, 7], [19, 28, 2, 27], [28, 24, 30, 20], [18, 29, 2, 1], [0, 12, 10, 16], [20, 11, 27, 18], [6, 2, 9, 23], [10, 3, 31, 22], [13, 11, 30, 6], [15, 22, 7, 14], [18, 15, 5, 4], [22, 10, 5, 0], [21, 25, 13, 1], [2, 27, 22, 29], [17, 27, 28, 10], [25, 29, 19, 28], [9, 5, 20, 12], [30, 8, 14, 18], [18, 26, 17, 1], [26, 16, 11, 3], [12, 25, 17, 0], [9, 7, 10, 18], [1, 5, 29, 31], [5, 23, 17, 16], [16, 3, 21, 27], [14, 16, 5, 28], [11, 6, 26, 22], [3, 19, 27, 28], [10, 24, 15, 21], [2, 13, 20, 25], [13, 5, 18, 10], [1, 10, 28, 4], [5, 6, 17, 25], [8, 6, 28, 25], [24, 5, 21, 7], [5, 27, 8, 11], [27, 21, 11, 4], [22, 2, 25, 5], [29, 30, 16, 23], [26, 9, 1, 27], [29, 9, 23, 27], [21, 13, 0, 31], [29, 22, 25, 6], [11, 15, 9, 18], [21, 26, 10, 13], [16, 3, 7, 22], [11, 8, 23, 15], [0, 25, 17, 4], [23, 22, 27, 18], [21, 2, 25, 18], [14, 2, 9, 17], [25, 2, 22, 21], [10, 22, 13, 31], [17, 19, 2, 3], [7, 19, 21, 20], [12, 31, 13, 30], [13, 19, 25, 5], [8, 28, 12, 13], [10, 12, 7, 26], [20, 14, 17, 31], [10, 4, 6, 2], [31, 29, 22, 25], [14, 12, 13, 3], [5, 7, 21, 1], [21, 10, 30, 15], [6, 0, 17, 2], [27, 15, 0, 31], [0, 8, 28, 19], [20, 1, 14, 5], [8, 22, 27, 7], [29, 11, 12, 0], [27, 23, 28, 22], [10, 20, 18, 21], [18, 19, 20, 5], [27, 18, 25, 23], [9, 31, 6, 19], [27, 17, 23, 6], [6, 10, 2, 27], [11, 24, 4, 10], [3, 13, 7, 22], [0, 1, 11, 12], [14, 12, 22, 18], [31, 5, 20, 7], [2, 15, 16, 3], [14, 23, 30, 10], [10, 26, 8, 0], [6, 7, 27, 11], [23, 18, 8, 22], [29, 11, 26, 4], [10, 25, 1, 11], [15, 14, 23, 9], [9, 28, 2, 3], [14, 6, 1, 24], [3, 5, 2, 25], [9, 1, 4, 24], [22, 4, 29, 19], [2, 26, 15, 25], [5, 20, 13, 26], [20, 15, 29, 11], [5, 29, 15, 9], [27, 10, 7, 3], [12, 26, 20, 4], [22, 3, 11, 2], [29, 11, 2, 1], [22, 19, 20, 16], [24, 1, 11, 18], [11, 20, 13, 18], [12, 8, 20, 4], [0, 24, 22, 27], [23, 12, 20, 15], [13, 26, 28, 9], [8, 22, 1, 6], [7, 12, 30, 27], [12, 27, 10, 11], [6, 11, 28, 27], [6, 4, 15, 24], [6, 23, 29, 11], [9, 20, 1, 3], [8, 19, 12, 11], [19, 25, 0, 1], [24, 19, 2, 0], [30, 2, 6, 21], [27, 19, 22, 3], [20, 9, 7, 5], [24, 11, 28, 29], [17, 20, 25, 23], [19, 2, 0, 22], [27, 5, 28, 20], [29, 13, 0, 7], [30, 4, 15, 0], [3, 20, 14, 18], [16, 26, 4, 15], [11, 21, 30, 1], [9, 19, 27, 7], [17, 6, 21, 29], [19, 2, 1, 18], [3, 30, 0, 14], [28, 4, 15, 14], [12, 21, 22, 23], [6, 0, 7, 8], [30, 26, 31, 27], [31, 19, 20, 30], [13, 29, 0, 21], [12, 10, 20, 9], [25, 13, 20, 0], [29, 22, 7, 13], [21, 7, 8, 24], [17, 16, 0, 20], [8, 25, 10, 20], [1, 14, 7, 20], [9, 6, 17, 18], [20, 18, 21, 2], [0, 5, 3, 12], [19, 5, 26, 18], [24, 16, 9, 26], [2, 24, 22, 9], [21, 22, 8, 29], [26, 20, 25, 7], [9, 1, 16, 27], [6, 20, 17, 19], [28, 16, 23, 24], [0, 7, 19, 24], [14, 7, 9, 26], [30, 22, 12, 17], [16, 9, 30, 6], [8, 15, 10, 16], [7, 15, 14, 11], [6, 7, 18, 8]]",4,1.1175932884216309,128,random,0.0,11264,4.0,124,1.1744310855865479,53,88 160 128 152,5630,0.6429099440574646,test,top_r_mean,0.0,0.5,0.5,0.75
0.022735346358792183,0.0,176,0.0,31,117.75929993018508,qasper,1.3333333333333333,0.0,0.0,0.0,1805.07133:b9ea841b817ba23281c95c7a769873b840dee8d5,mean,0.3525974025974026,0.10665644705295563,"[[23, 7, 22, 9], [20, 1, 3, 10], [16, 22, 2, 12], [2, 24, 10, 12], [12, 27, 25, 15], [19, 26, 14, 6], [18, 30, 21, 8], [25, 6, 14, 7], [5, 0, 9, 10], [19, 0, 30, 14], [16, 10, 18, 29], [9, 14, 1, 0], [7, 4, 18, 2], [6, 30, 29, 20], [8, 27, 15, 2], [23, 1, 27, 5], [6, 7, 0, 25], [29, 13, 21, 16], [22, 9, 15, 31], [3, 5, 7, 1], [14, 15, 29, 26], [2, 13, 26, 24], [25, 2, 18, 28], [1, 22, 24, 6], [15, 4, 25, 10], [27, 4, 30, 15], [17, 8, 13, 10], [29, 22, 7, 19], [10, 29, 20, 3], [2, 3, 14, 15], [13, 25, 14, 31], [24, 15, 23, 12], [5, 21, 14, 29], [19, 29, 5, 8], [20, 23, 7, 21], [13, 17, 10, 26], [8, 25, 14, 19], [5, 3, 0, 13], [21, 2, 31, 3], [27, 10, 25, 28], [20, 14, 29, 0], [23, 12, 16, 27], [10, 27, 13, 5], [25, 5, 31, 11], [20, 0, 5, 4], [8, 24, 4, 7], [18, 13, 31, 12], [0, 31, 27, 2], [6, 4, 22, 5], [9, 14, 21, 19], [2, 26, 1, 16], [30, 21, 2, 1], [30, 5, 27, 4], [17, 31, 29, 20], [17, 30, 2, 21], [24, 22, 7, 20], [30, 26, 5, 8], [30, 17, 2, 11], [8, 25, 19, 2], [24, 30, 12, 28], [25, 5, 7, 21], [22, 24, 0, 3], [14, 7, 13, 19], [17, 24, 14, 21], [6, 10, 4, 22], [7, 10, 11, 1], [31, 2, 22, 19], [24, 19, 22, 29], [25, 0, 27, 1], [2, 1, 20, 29], [11, 29, 1, 25], [1, 5, 10, 9], [6, 14, 26, 19], [26, 20, 6, 23], [22, 14, 17, 24], [14, 22, 12, 25], [10, 28, 23, 6], [0, 22, 9, 28], [4, 20, 5, 7], [14, 4, 9, 3], [22, 7, 24, 28], [17, 22, 1, 0], [15, 5, 4, 13], [25, 28, 26, 1], [12, 6, 24, 31], [28, 23, 31, 7], [25, 9, 13, 12], [16, 28, 3, 11], [25, 22, 24, 16], [12, 6, 16, 24], [13, 6, 21, 14], [1, 24, 19, 18], [25, 12, 3, 5], [7, 0, 16, 4], [8, 3, 30, 17], [6, 11, 28, 22], [15, 5, 1, 3], [21, 15, 23, 30], [18, 8, 15, 11], [13, 9, 1, 31], [3, 31, 12, 29], [25, 11, 27, 18], [29, 17, 8, 4], [31, 0, 14, 28], [3, 10, 9, 29], [4, 18, 11, 26], [27, 15, 23, 26], [19, 30, 21, 22], [30, 5, 18, 20], [29, 25, 4, 13], [31, 12, 30, 3], [3, 7, 23, 30], [13, 23, 9, 1], [18, 31, 28, 17], [0, 4, 11, 6], [4, 20, 12, 24], [8, 24, 9, 31], [21, 10, 0, 29], [15, 25, 21, 30], [1, 25, 18, 26], [30, 17, 16, 19], [28, 19, 10, 7], [28, 26, 12, 9], [25, 6, 24, 17], [26, 2, 8, 0], [16, 6, 9, 26], [18, 1, 29, 28], [8, 13, 4, 0], [17, 23, 20, 1], [3, 27, 31, 8], [10, 22, 19, 21], [25, 14, 2, 4], [20, 1, 8, 26], [6, 27, 15, 5], [25, 3, 17, 4], [6, 30, 26, 25], [26, 23, 9, 2], [29, 5, 12, 13], [19, 7, 28, 27], [23, 17, 9, 3], [19, 28, 4, 18], [15, 1, 11, 28], [31, 30, 7, 1], [10, 0, 23, 26], [25, 22, 30, 2], [7, 31, 29, 1], [17, 20, 11, 14], [6, 8, 0, 15], [8, 3, 25, 26], [15, 13, 23, 17], [7, 0, 24, 25], [9, 23, 5, 13], [1, 11, 25, 18], [14, 20, 23, 27], [6, 2, 21, 8], [3, 2, 1, 20], [22, 8, 0, 4], [17, 8, 1, 4], [26, 4, 15, 10], [21, 9, 11, 17], [15, 0, 19, 8], [24, 12, 11, 13], [29, 28, 2, 31], [27, 17, 22, 9], [27, 12, 22, 19], [19, 22, 6, 21], [30, 31, 2, 7], [1, 30, 18, 12], [6, 9, 11, 12], [30, 22, 10, 9], [24, 19, 16, 4], [17, 4, 13, 3], [10, 2, 22, 30], [31, 27, 26, 25], [26, 13, 15, 12], [11, 12, 10, 22]]",4,1.1998168230056763,128,random,0.0,11264,4.0,124,1.2706695795059204,71,40 8 16 160,5630,0.4974377751350403,test,top_r_mean,0.0,0.0,0.25,0.25
0.022735346358792183,1.0,176,1.0,31,121.65410001762211,qasper,1.3333333333333333,0.25,0.3333333333333333,0.0,1805.07133:b9ea841b817ba23281c95c7a769873b840dee8d5,mean,0.44285714285714284,0.10537097603082657,"[[24, 25, 26, 27, 28, 29, 30, 31], [24, 25, 26, 27, 28, 29, 30, 31], [24, 25, 26, 27, 28, 29, 30, 31], [24, 25, 26, 27, 28, 29, 30, 31], [24, 25, 26, 27, 28, 29, 30, 31], [24, 25, 26, 27, 28, 29, 30, 31], [24, 25, 26, 27, 28, 29, 30, 31], [24, 25, 26, 27, 28, 29, 30, 31], [24, 25, 26, 27, 28, 29, 30, 31], [24, 25, 26, 27, 28, 29, 30, 31], [24, 25, 26, 27, 28, 29, 30, 31], [24, 25, 26, 27, 28, 29, 30, 31], [24, 25, 26, 27, 28, 29, 30, 31], [24, 25, 26, 27, 28, 29, 30, 31], [24, 25, 26, 27, 28, 29, 30, 31], [24, 25, 26, 27, 28, 29, 30, 31], [24, 25, 26, 27, 28, 29, 30, 31], [24, 25, 26, 27, 28, 29, 30, 31], [24, 25, 26, 27, 28, 29, 30, 31], [24, 25, 26, 27, 28, 29, 30, 31], [24, 25, 26, 27, 28, 29, 30, 31], [24, 25, 26, 27, 28, 29, 30, 31], [24, 25, 26, 27, 28, 29, 30, 31], [24, 25, 26, 27, 28, 29, 30, 31], [24, 25, 26, 27, 28, 29, 30, 31], [24, 25, 26, 27, 28, 29, 30, 31], [24, 25, 26, 27, 28, 29, 30, 31], [24, 25, 26, 27, 28, 29, 30, 31], [24, 25, 26, 27, 28, 29, 30, 31], [24, 25, 26, 27, 28, 29, 30, 31], [24, 25, 26, 27, 28, 29, 30, 31], [24, 25, 26, 27, 28, 29, 30, 31], [24, 25, 26, 27, 28, 29, 30, 31], [24, 25, 26, 27, 28, 29, 30, 31], [24, 25, 26, 27, 28, 29, 30, 31], [24, 25, 26, 27, 28, 29, 30, 31], [24, 25, 26, 27, 28, 29, 30, 31], [24, 25, 26, 27, 28, 29, 30, 31], [24, 25, 26, 27, 28, 29, 30, 31], [24, 25, 26, 27, 28, 29, 30, 31], [24, 25, 26, 27, 28, 29, 30, 31], [24, 25, 26, 27, 28, 29, 30, 31], [24, 25, 26, 27, 28, 29, 30, 31], [24, 25, 26, 27, 28, 29, 30, 31], [24, 25, 26, 27, 28, 29, 30, 31], [24, 25, 26, 27, 28, 29, 30, 31], [24, 25, 26, 27, 28, 29, 30, 31], [24, 25, 26, 27, 28, 29, 30, 31], [24, 25, 26, 27, 28, 29, 30, 31], [24, 25, 26, 27, 28, 29, 30, 31], [24, 25, 26, 27, 28, 29, 30, 31], [24, 25, 26, 27, 28, 29, 30, 31], [24, 25, 26, 27, 28, 29, 30, 31], [24, 25, 26, 27, 28, 29, 30, 31], [24, 25, 26, 27, 28, 29, 30, 31], [24, 25, 26, 27, 28, 29, 30, 31], [24, 25, 26, 27, 28, 29, 30, 31], [24, 25, 26, 27, 28, 29, 30, 31], [24, 25, 26, 27, 28, 29, 30, 31], [24, 25, 26, 27, 28, 29, 30, 31], [24, 25, 26, 27, 28, 29, 30, 31], [24, 25, 26, 27, 28, 29, 30, 31], [24, 25, 26, 27, 28, 29, 30, 31], [24, 25, 26, 27, 28, 29, 30, 31], [24, 25, 26, 27, 28, 29, 30, 31], [24, 25, 26, 27, 28, 29, 30, 31], [24, 25, 26, 27, 28, 29, 30, 31], [24, 25, 26, 27, 28, 29, 30, 31], [24, 25, 26, 27, 28, 29, 30, 31], [24, 25, 26, 27, 28, 29, 30, 31], [24, 25, 26, 27, 28, 29, 30, 31], [24, 25, 26, 27, 28, 29, 30, 31], [24, 25, 26, 27, 28, 29, 30, 31], [24, 25, 26, 27, 28, 29, 30, 31], [24, 25, 26, 27, 28, 29, 30, 31], [24, 25, 26, 27, 28, 29, 30, 31], [24, 25, 26, 27, 28, 29, 30, 31], [24, 25, 26, 27, 28, 29, 30, 31], [24, 25, 26, 27, 28, 29, 30, 31], [24, 25, 26, 27, 28, 29, 30, 31], [24, 25, 26, 27, 28, 29, 30, 31], [24, 25, 26, 27, 28, 29, 30, 31], [24, 25, 26, 27, 28, 29, 30, 31], [24, 25, 26, 27, 28, 29, 30, 31], [24, 25, 26, 27, 28, 29, 30, 31], [24, 25, 26, 27, 28, 29, 30, 31], [24, 25, 26, 27, 28, 29, 30, 31], [24, 25, 26, 27, 28, 29, 30, 31], [24, 25, 26, 27, 28, 29, 30, 31], [24, 25, 26, 27, 28, 29, 30, 31], [24, 25, 26, 27, 28, 29, 30, 31], [24, 25, 26, 27, 28, 29, 30, 31], [24, 25, 26, 27, 28, 29, 30, 31], [24, 25, 26, 27, 28, 29, 30, 31], [24, 25, 26, 27, 28, 29, 30, 31], [24, 25, 26, 27, 28, 29, 30, 31], [24, 25, 26, 27, 28, 29, 30, 31], [24, 25, 26, 27, 28, 29, 30, 31], [24, 25, 26, 27, 28, 29, 30, 31], [24, 25, 26, 27, 28, 29, 30, 31], [24, 25, 26, 27, 28, 29, 30, 31], [24, 25, 26, 27, 28, 29, 30, 31], [24, 25, 26, 27, 28, 29, 30, 31], [24, 25, 26, 27, 28, 29, 30, 31], [24, 25, 26, 27, 28, 29, 30, 31], [24, 25, 26, 27, 28, 29, 30, 31], [24, 25, 26, 27, 28, 29, 30, 31], [24, 25, 26, 27, 28, 29, 30, 31], [24, 25, 26, 27, 28, 29, 30, 31], [24, 25, 26, 27, 28, 29, 30, 31], [24, 25, 26, 27, 28, 29, 30, 31], [24, 25, 26, 27, 28, 29, 30, 31], [24, 25, 26, 27, 28, 29, 30, 31], [24, 25, 26, 27, 28, 29, 30, 31], [24, 25, 26, 27, 28, 29, 30, 31], [24, 25, 26, 27, 28, 29, 30, 31], [24, 25, 26, 27, 28, 29, 30, 31], [24, 25, 26, 27, 28, 29, 30, 31], [24, 25, 26, 27, 28, 29, 30, 31], [24, 25, 26, 27, 28, 29, 30, 31], [24, 25, 26, 27, 28, 29, 30, 31], [24, 25, 26, 27, 28, 29, 30, 31], [24, 25, 26, 27, 28, 29, 30, 31], [24, 25, 26, 27, 28, 29, 30, 31], [24, 25, 26, 27, 28, 29, 30, 31], [24, 25, 26, 27, 28, 29, 30, 31], [24, 25, 26, 27, 28, 29, 30, 31], [24, 25, 26, 27, 28, 29, 30, 31], [24, 25, 26, 27, 28, 29, 30, 31], [24, 25, 26, 27, 28, 29, 30, 31], [24, 25, 26, 27, 28, 29, 30, 31], [24, 25, 26, 27, 28, 29, 30, 31], [24, 25, 26, 27, 28, 29, 30, 31], [24, 25, 26, 27, 28, 29, 30, 31], [24, 25, 26, 27, 28, 29, 30, 31], [24, 25, 26, 27, 28, 29, 30, 31], [24, 25, 26, 27, 28, 29, 30, 31], [24, 25, 26, 27, 28, 29, 30, 31], [24, 25, 26, 27, 28, 29, 30, 31], [24, 25, 26, 27, 28, 29, 30, 31], [24, 25, 26, 27, 28, 29, 30, 31], [24, 25, 26, 27, 28, 29, 30, 31], [24, 25, 26, 27, 28, 29, 30, 31], [24, 25, 26, 27, 28, 29, 30, 31], [24, 25, 26, 27, 28, 29, 30, 31], [24, 25, 26, 27, 28, 29, 30, 31], [24, 25, 26, 27, 28, 29, 30, 31], [24, 25, 26, 27, 28, 29, 30, 31], [24, 25, 26, 27, 28, 29, 30, 31], [24, 25, 26, 27, 28, 29, 30, 31], [24, 25, 26, 27, 28, 29, 30, 31], [24, 25, 26, 27, 28, 29, 30, 31], [24, 25, 26, 27, 28, 29, 30, 31], [24, 25, 26, 27, 28, 29, 30, 31], [24, 25, 26, 27, 28, 29, 30, 31], [24, 25, 26, 27, 28, 29, 30, 31], [24, 25, 26, 27, 28, 29, 30, 31], [24, 25, 26, 27, 28, 29, 30, 31], [24, 25, 26, 27, 28, 29, 30, 31], [24, 25, 26, 27, 28, 29, 30, 31], [24, 25, 26, 27, 28, 29, 30, 31], [24, 25, 26, 27, 28, 29, 30, 31], [24, 25, 26, 27, 28, 29, 30, 31], [24, 25, 26, 27, 28, 29, 30, 31], [24, 25, 26, 27, 28, 29, 30, 31], [24, 25, 26, 27, 28, 29, 30, 31], [24, 25, 26, 27, 28, 29, 30, 31], [24, 25, 26, 27, 28, 29, 30, 31], [24, 25, 26, 27, 28, 29, 30, 31], [24, 25, 26, 27, 28, 29, 30, 31], [24, 25, 26, 27, 28, 29, 30, 31], [24, 25, 26, 27, 28, 29, 30, 31], [24, 25, 26, 27, 28, 29, 30, 31], [24, 25, 26, 27, 28, 29, 30, 31], [24, 25, 26, 27, 28, 29, 30, 31], [22, 23, 24, 25, 26, 27, 28, 29]]",8,0.7071477770805359,128,last,0.3333333333333333,22528,4.0,124,0.799671471118927,0,160 48 0 135,5630,0.6223618984222412,test,top_r_mean,0.0,0.5,0.25,0.125
0.022735346358792183,0.0,176,0.0,31,128.1141999643296,qasper,1.3333333333333333,0.0,0.0,0.0,1805.07133:b9ea841b817ba23281c95c7a769873b840dee8d5,mean,0.5897402597402598,0.02126261405646801,"[[8, 0, 3, 19, 4, 13, 30, 2], [23, 0, 17, 10, 22, 19, 25, 8], [28, 17, 8, 0, 5, 7, 3, 9], [11, 5, 4, 30, 27, 1, 23, 25], [1, 16, 10, 4, 20, 17, 9, 25], [31, 12, 5, 26, 25, 19, 15, 24], [15, 27, 23, 17, 22, 0, 11, 26], [24, 4, 9, 21, 10, 17, 0, 19], [9, 0, 21, 15, 26, 23, 24, 19], [7, 1, 31, 12, 5, 4, 11, 3], [24, 25, 6, 5, 22, 20, 18, 17], [26, 19, 10, 18, 30, 0, 21, 28], [14, 19, 24, 10, 6, 22, 7, 28], [26, 18, 14, 22, 29, 3, 4, 0], [16, 23, 9, 17, 11, 1, 3, 2], [18, 10, 27, 26, 7, 2, 5, 25], [22, 0, 20, 27, 6, 26, 21, 13], [26, 24, 20, 3, 31, 21, 9, 0], [20, 0, 24, 2, 3, 15, 27, 4], [13, 0, 5, 21, 16, 29, 11, 27], [10, 23, 12, 22, 2, 16, 9, 28], [20, 25, 7, 2, 0, 18, 9, 3], [15, 16, 31, 25, 20, 28, 26, 5], [9, 25, 24, 13, 21, 29, 2, 15], [24, 0, 10, 3, 9, 2, 31, 14], [6, 25, 2, 27, 9, 24, 8, 14], [22, 8, 4, 11, 24, 19, 2, 10], [24, 6, 29, 5, 1, 9, 2, 22], [21, 5, 4, 3, 27, 7, 1, 30], [21, 13, 6, 15, 27, 4, 8, 1], [7, 19, 8, 18, 3, 22, 31, 29], [25, 11, 29, 4, 10, 23, 7, 30], [13, 0, 17, 2, 5, 10, 16, 4], [30, 16, 17, 26, 19, 1, 4, 9], [1, 27, 25, 13, 17, 28, 21, 23], [6, 22, 17, 31, 2, 12, 10, 4], [1, 21, 30, 17, 11, 0, 26, 13], [19, 3, 1, 27, 2, 6, 28, 12], [19, 18, 0, 3, 15, 2, 12, 17], [16, 11, 10, 2, 25, 30, 27, 18], [25, 0, 1, 17, 18, 3, 7, 10], [11, 5, 26, 30, 29, 3, 18, 9], [26, 28, 7, 23, 0, 19, 15, 4], [28, 12, 11, 13, 9, 14, 3, 31], [13, 10, 21, 25, 6, 15, 11, 31], [8, 1, 0, 11, 3, 20, 26, 12], [0, 16, 28, 25, 31, 5, 3, 1], [27, 0, 10, 23, 22, 21, 9, 15], [22, 0, 27, 1, 4, 31, 11, 13], [13, 4, 2, 20, 8, 18, 22, 7], [16, 3, 11, 6, 30, 22, 29, 27], [0, 6, 20, 22, 12, 9, 11, 31], [19, 31, 29, 1, 27, 8, 11, 21], [19, 0, 31, 1, 25, 9, 27, 2], [19, 3, 25, 22, 30, 28, 1, 21], [31, 1, 21, 0, 15, 2, 18, 3], [13, 0, 4, 15, 24, 9, 29, 26], [16, 14, 1, 24, 15, 6, 30, 23], [19, 9, 17, 27, 30, 0, 12, 16], [29, 25, 10, 6, 16, 20, 5, 11], [18, 15, 12, 30, 4, 16, 6, 5], [8, 13, 31, 10, 14, 27, 22, 1], [22, 3, 29, 15, 7, 16, 26, 14], [12, 23, 7, 0, 17, 14, 1, 25], [3, 0, 16, 27, 30, 29, 17, 24], [4, 16, 7, 25, 15, 29, 28, 22], [14, 29, 6, 28, 4, 7, 1, 20], [30, 11, 15, 27, 26, 12, 16, 29], [6, 28, 2, 4, 0, 24, 22, 30], [7, 24, 25, 29, 1, 10, 31, 9], [11, 16, 28, 10, 29, 13, 6, 5], [17, 29, 15, 3, 12, 23, 5, 8], [20, 0, 5, 2, 30, 21, 1, 4], [1, 21, 13, 26, 22, 30, 20, 4], [29, 4, 9, 5, 16, 22, 31, 18], [14, 29, 5, 26, 0, 6, 7, 24], [1, 12, 17, 11, 27, 31, 16, 3], [3, 28, 26, 31, 25, 18, 7, 14], [30, 20, 1, 15, 11, 12, 8, 22], [3, 15, 25, 22, 21, 27, 6, 14], [18, 0, 20, 1, 11, 26, 15, 21], [8, 21, 1, 31, 27, 23, 30, 12], [13, 1, 3, 0, 19, 2, 24, 23], [21, 17, 4, 7, 11, 31, 8, 20], [11, 30, 7, 31, 3, 10, 22, 29], [2, 16, 10, 24, 28, 27, 23, 22], [18, 6, 15, 3, 31, 14, 20, 7], [13, 2, 8, 9, 3, 19, 5, 27], [16, 0, 4, 28, 1, 3, 12, 9], [12, 4, 5, 0, 28, 14, 22, 29], [28, 17, 10, 6, 15, 16, 1, 21], [23, 5, 14, 12, 21, 28, 10, 0], [29, 15, 25, 21, 12, 22, 8, 7], [6, 30, 22, 14, 18, 13, 23, 12], [0, 27, 20, 2, 3, 7, 5, 25], [25, 1, 26, 12, 30, 7, 28, 17], [16, 0, 19, 28, 2, 29, 8, 30], [12, 7, 22, 29, 21, 16, 31, 19], [12, 8, 7, 16, 23, 1, 31, 3], [11, 28, 24, 6, 3, 29, 14, 2], [25, 9, 7, 3, 12, 13, 11, 8], [7, 13, 25, 11, 21, 24, 16, 15], [17, 27, 31, 22, 29, 3, 26, 9], [11, 26, 30, 27, 17, 8, 24, 22], [11, 0, 29, 16, 15, 12, 28, 19], [17, 5, 0, 25, 4, 1, 31, 29], [22, 24, 4, 7, 20, 31, 25, 1], [30, 0, 27, 12, 7, 26, 25, 2], [4, 17, 23, 16, 6, 12, 0, 2], [7, 25, 22, 1, 0, 23, 28, 29], [27, 17, 16, 13, 21, 8, 11, 1], [11, 14, 21, 13, 9, 5, 24, 3], [7, 0, 9, 28, 26, 8, 29, 18], [28, 20, 1, 2, 16, 8, 11, 19], [7, 11, 10, 29, 0, 27, 23, 31], [19, 21, 26, 29, 27, 0, 2, 16], [17, 29, 2, 24, 5, 16, 19, 6], [0, 17, 8, 5, 22, 31, 30, 26], [2, 26, 20, 1, 9, 27, 13, 30], [3, 27, 9, 1, 8, 2, 28, 23], [16, 0, 18, 31, 27, 7, 30, 1], [22, 30, 19, 28, 5, 8, 31, 14], [2, 10, 11, 19, 14, 0, 22, 16], [31, 0, 8, 2, 12, 14, 25, 6], [4, 14, 13, 24, 31, 17, 0, 23], [0, 14, 21, 13, 7, 23, 17, 9], [12, 1, 16, 3, 27, 0, 18, 28], [20, 19, 15, 18, 23, 16, 11, 6], [12, 0, 19, 20, 8, 2, 15, 25], [21, 12, 11, 14, 6, 3, 29, 16], [13, 20, 23, 19, 11, 3, 2, 25], [29, 0, 13, 15, 19, 22, 7, 5], [5, 7, 6, 14, 30, 17, 21, 0], [11, 6, 3, 5, 9, 15, 1, 14], [22, 17, 14, 29, 16, 30, 7, 21], [27, 7, 28, 24, 4, 8, 25, 29], [8, 0, 10, 13, 9, 5, 17, 2], [15, 14, 5, 29, 13, 8, 11, 22], [18, 15, 24, 10, 1, 16, 29, 2], [14, 7, 2, 22, 26, 19, 21, 8], [23, 4, 28, 1, 26, 30, 5, 6], [3, 28, 20, 23, 8, 27, 12, 21], [13, 2, 24, 23, 9, 6, 31, 3], [17, 2, 21, 26, 18, 22, 15, 12], [11, 0, 1, 29, 30, 3, 28, 10], [23, 29, 17, 13, 6, 31, 8, 16], [19, 7, 8, 6, 1, 18, 12, 11], [12, 14, 3, 6, 7, 0, 5, 23], [25, 29, 24, 5, 11, 15, 22, 7], [10, 29, 31, 1, 22, 19, 11, 25], [27, 0, 10, 29, 18, 15, 1, 3], [13, 27, 2, 3, 16, 6, 21, 22], [18, 0, 29, 13, 26, 1, 31, 5], [0, 19, 23, 20, 14, 21, 11, 26], [10, 6, 16, 25, 22, 7, 2, 0], [25, 27, 9, 7, 3, 8, 12, 19], [25, 0, 17, 27, 20, 2, 4, 13], [31, 12, 2, 6, 10, 5, 27, 16], [4, 17, 8, 13, 21, 16, 15, 25], [10, 17, 29, 28, 26, 2, 20, 5], [12, 0, 7, 20, 6, 8, 19, 17], [9, 23, 18, 26, 4, 29, 20, 12], [3, 27, 26, 12, 15, 1, 25, 9], [12, 28, 15, 18, 13, 16, 14, 0], [26, 17, 9, 0, 29, 5, 3, 7], [7, 25, 28, 18, 3, 12, 4, 0], [24, 11, 20, 19, 6, 17, 13, 7], [15, 12, 3, 11, 1, 29, 0, 23], [15, 0, 22, 21, 10, 3, 7, 24], [13, 15, 24, 14, 8, 9, 5, 7], [19, 21, 20, 31, 17, 4, 12, 11], [7, 15, 5, 4, 1, 23, 11, 16], [27, 28, 14, 5, 21, 9, 7, 22], [29, 25, 4, 19, 0, 23, 14, 28], [11, 5, 16, 22, 25, 2, 3, 17], [23, 13, 2, 17, 20, 0, 12, 28]]",8,0.6761291027069092,128,farthest,0.0,22528,4.0,124,0.7133106589317322,0,120 128 40 88,5630,0.7650406360626221,test,top_r_mean,0.0,0.0,0.5,0.625
0.022735346358792183,0.0,176,0.0,31,119.76090003736317,qasper,1.3333333333333333,0.0,0.0,0.0,1805.07133:b9ea841b817ba23281c95c7a769873b840dee8d5,mean,0.902987012987013,0.0009053610265254974,"[[8, 0, 25, 1, 23, 16, 27, 24], [10, 11, 24, 18, 0, 9, 25, 29], [2, 28, 31, 29, 6, 4, 11, 7], [2, 25, 29, 27, 28, 23, 0, 4], [26, 27, 19, 23, 3, 2, 25, 28], [15, 20, 18, 22, 21, 30, 29, 5], [17, 30, 22, 2, 21, 19, 5, 18], [6, 3, 17, 5, 21, 22, 18, 20], [14, 0, 18, 17, 16, 30, 8, 29], [20, 21, 22, 24, 9, 13, 25, 30], [20, 21, 23, 8, 13, 0, 17, 2], [8, 7, 9, 27, 17, 5, 18, 1], [6, 11, 9, 8, 12, 22, 18, 27], [14, 16, 17, 25, 21, 18, 20, 28], [8, 7, 1, 14, 9, 30, 11, 0], [13, 8, 14, 7, 25, 26, 24, 27], [13, 0, 12, 3, 15, 14, 16, 2], [0, 6, 26, 5, 2, 18, 7, 11], [3, 14, 30, 6, 10, 4, 9, 8], [9, 3, 4, 20, 10, 25, 0, 14], [6, 26, 20, 21, 13, 19, 10, 11], [28, 14, 10, 20, 24, 4, 12, 26], [28, 26, 23, 30, 29, 24, 14, 0], [28, 31, 29, 9, 10, 30, 3, 2], [23, 0, 7, 8, 2, 19, 1, 13], [12, 13, 0, 6, 1, 19, 3, 14], [19, 1, 13, 12, 20, 27, 17, 23], [10, 12, 9, 19, 11, 17, 13, 23], [9, 20, 21, 24, 11, 27, 10, 6], [31, 4, 27, 3, 30, 28, 29, 11], [29, 2, 10, 3, 9, 16, 30, 7], [20, 19, 2, 1, 6, 25, 29, 21], [8, 0, 9, 12, 1, 20, 22, 10], [12, 13, 14, 20, 23, 29, 31, 21], [1, 0, 7, 8, 11, 18, 16, 10], [5, 27, 6, 26, 10, 15, 24, 8], [27, 23, 26, 25, 8, 30, 6, 14], [12, 13, 10, 25, 30, 18, 15, 0], [4, 1, 5, 17, 3, 19, 2, 23], [22, 23, 18, 13, 28, 20, 19, 4], [1, 0, 17, 5, 6, 13, 26, 21], [11, 7, 2, 19, 20, 4, 3, 10], [8, 7, 16, 12, 24, 25, 18, 15], [11, 18, 15, 19, 20, 16, 3, 2], [22, 17, 23, 25, 21, 14, 29, 26], [14, 7, 9, 6, 4, 21, 8, 10], [6, 14, 5, 8, 22, 12, 31, 26], [11, 10, 12, 9, 13, 31, 15, 0], [27, 0, 30, 29, 28, 3, 5, 21], [1, 24, 0, 2, 30, 7, 25, 22], [12, 21, 20, 2, 13, 0, 4, 11], [13, 12, 14, 8, 19, 31, 2, 24], [8, 10, 9, 12, 13, 27, 14, 11], [28, 30, 29, 7, 27, 31, 9, 23], [2, 11, 5, 1, 16, 0, 9, 14], [16, 30, 31, 20, 26, 18, 21, 11], [6, 0, 11, 14, 1, 15, 10, 17], [1, 9, 2, 8, 10, 11, 13, 12], [3, 4, 2, 10, 15, 19, 20, 1], [10, 14, 12, 15, 13, 19, 20, 11], [28, 29, 14, 7, 26, 24, 17, 19], [9, 25, 26, 6, 24, 1, 16, 3], [19, 13, 28, 27, 30, 26, 4, 18], [4, 6, 5, 3, 29, 11, 22, 27], [7, 0, 4, 11, 1, 29, 23, 9], [4, 0, 20, 19, 3, 6, 1, 23], [4, 9, 23, 18, 10, 13, 8, 27], [25, 19, 7, 21, 31, 12, 30, 23], [3, 22, 27, 6, 9, 8, 7, 29], [3, 25, 21, 0, 11, 26, 30, 31], [31, 5, 15, 9, 6, 17, 7, 25], [8, 13, 9, 14, 12, 21, 11, 20], [25, 0, 7, 2, 8, 4, 5, 11], [23, 0, 16, 12, 5, 3, 18, 10], [22, 6, 3, 1, 14, 0, 30, 5], [28, 23, 25, 7, 8, 12, 18, 31], [11, 14, 15, 13, 0, 21, 22, 5], [25, 24, 20, 18, 23, 30, 21, 0], [4, 8, 14, 7, 11, 13, 16, 23], [6, 24, 4, 7, 28, 8, 29, 19], [7, 0, 18, 9, 29, 10, 31, 8], [23, 15, 25, 8, 29, 24, 30, 28], [11, 13, 14, 25, 4, 16, 18, 7], [9, 19, 27, 28, 26, 22, 4, 29], [9, 23, 24, 26, 7, 25, 5, 3], [24, 25, 30, 31, 26, 27, 1, 10], [1, 2, 0, 8, 5, 9, 7, 29], [0, 7, 31, 1, 16, 8, 15, 21], [1, 0, 13, 12, 2, 21, 3, 9], [31, 2, 3, 20, 13, 18, 27, 14], [24, 2, 15, 20, 18, 29, 21, 27], [9, 27, 17, 1, 2, 13, 18, 8], [6, 1, 10, 27, 5, 3, 15, 24], [17, 18, 21, 25, 26, 7, 9, 13], [2, 25, 11, 9, 23, 17, 31, 22], [11, 14, 16, 12, 15, 13, 8, 19], [25, 0, 24, 6, 23, 1, 8, 13], [20, 19, 24, 21, 26, 29, 31, 13], [20, 24, 0, 25, 19, 27, 5, 4], [6, 12, 9, 11, 2, 10, 23, 1], [15, 16, 22, 31, 26, 0, 14, 21], [6, 4, 31, 9, 2, 0, 1, 20], [5, 30, 31, 2, 29, 8, 6, 1], [0, 24, 9, 14, 10, 7, 15, 27], [7, 0, 25, 11, 1, 9, 20, 2], [31, 10, 9, 27, 11, 3, 24, 13], [1, 2, 3, 6, 12, 14, 5, 21], [10, 11, 16, 30, 25, 14, 19, 31], [13, 15, 14, 20, 5, 19, 10, 31], [12, 20, 13, 18, 31, 16, 26, 15], [8, 9, 14, 10, 2, 3, 29, 15], [5, 6, 18, 17, 20, 7, 22, 24], [4, 0, 6, 5, 7, 1, 13, 18], [1, 4, 3, 21, 23, 19, 2, 10], [27, 28, 3, 30, 4, 29, 9, 24], [26, 7, 30, 8, 20, 29, 4, 28], [12, 24, 13, 26, 30, 4, 1, 25], [31, 30, 3, 9, 0, 16, 21, 2], [28, 30, 31, 29, 3, 4, 0, 20], [0, 3, 13, 20, 22, 15, 1, 17], [19, 0, 18, 2, 4, 15, 9, 3], [9, 13, 16, 0, 3, 17, 20, 12], [14, 1, 15, 20, 26, 21, 29, 18], [8, 21, 28, 13, 9, 11, 22, 16], [5, 25, 11, 10, 16, 12, 24, 6], [10, 9, 11, 22, 24, 21, 23, 13], [19, 18, 2, 31, 3, 4, 1, 21], [11, 13, 12, 20, 1, 17, 6, 5], [15, 0, 16, 4, 14, 22, 5, 30], [18, 22, 5, 7, 16, 27, 31, 21], [12, 13, 18, 5, 4, 7, 19, 14], [13, 14, 30, 22, 18, 17, 23, 16], [31, 20, 10, 29, 21, 2, 19, 16], [22, 0, 13, 9, 10, 12, 1, 23], [11, 4, 9, 5, 25, 23, 21, 16], [25, 26, 27, 20, 14, 31, 15, 28], [1, 0, 4, 6, 20, 3, 2, 24], [15, 10, 12, 19, 11, 25, 18, 7], [7, 27, 14, 31, 19, 9, 26, 22], [12, 14, 18, 31, 13, 15, 30, 16], [2, 9, 19, 3, 13, 1, 17, 10], [17, 0, 1, 5, 18, 15, 25, 9], [10, 13, 27, 26, 20, 28, 9, 1], [25, 6, 9, 5, 24, 18, 26, 10], [11, 0, 26, 16, 9, 18, 8, 12], [17, 28, 24, 20, 26, 5, 12, 21], [5, 13, 18, 19, 30, 17, 20, 25], [17, 18, 24, 19, 23, 20, 9, 27], [21, 28, 26, 0, 27, 14, 5, 30], [0, 4, 14, 15, 5, 9, 24, 21], [2, 22, 25, 23, 5, 28, 14, 24], [23, 5, 1, 22, 0, 27, 11, 8], [6, 0, 23, 14, 4, 3, 5, 20], [7, 16, 12, 17, 8, 18, 0, 1], [30, 5, 10, 11, 24, 7, 1, 8], [11, 7, 13, 15, 8, 12, 14, 24], [18, 24, 19, 7, 31, 5, 6, 8], [29, 8, 30, 9, 19, 28, 0, 18], [11, 22, 12, 19, 16, 13, 23, 29], [7, 12, 15, 11, 9, 10, 2, 24], [12, 0, 24, 9, 4, 25, 13, 14], [27, 20, 9, 28, 6, 11, 31, 7], [0, 24, 11, 25, 10, 1, 12, 7], [1, 2, 12, 3, 20, 5, 6, 27], [4, 15, 30, 2, 13, 0, 31, 19], [7, 27, 24, 19, 12, 13, 15, 11], [13, 31, 14, 15, 16, 18, 23, 19], [9, 10, 30, 5, 19, 11, 23, 2], [4, 0, 8, 7, 16, 9, 18, 15], [7, 27, 13, 1, 23, 5, 12, 6], [13, 12, 15, 29, 30, 14, 28, 3], [4, 29, 9, 7, 19, 8, 3, 5], [26, 23, 24, 27, 2, 30, 8, 28], [14, 11, 9, 18, 16, 17, 22, 3], [3, 8, 9, 30, 15, 5, 4, 19], [18, 12, 29, 16, 17, 3, 20, 2]]",8,0.14935973286628723,128,greedy_oracle,0.0,22528,4.0,124,0.15471337735652924,0,64 152 128 120,5630,0.9855469465255737,test,top_r_mean,1.0,0.5,0.75,0.875
0.022735346358792183,0.0,176,0.0,31,137.01490010134876,qasper,1.3333333333333333,0.0,0.0,0.0,1805.07133:b9ea841b817ba23281c95c7a769873b840dee8d5,mean,0.5997402597402598,0.0641210526227951,"[[2, 9, 3, 8, 11, 24, 17, 5], [14, 3, 22, 21, 23, 25, 29, 0], [1, 21, 13, 20, 28, 26, 8, 9], [2, 19, 11, 16, 23, 10, 20, 14], [29, 2, 9, 0, 14, 6, 4, 26], [1, 25, 9, 6, 28, 2, 18, 22], [31, 20, 29, 18, 16, 30, 4, 28], [20, 26, 27, 12, 3, 28, 30, 25], [29, 0, 24, 4, 22, 16, 7, 9], [21, 31, 4, 23, 0, 28, 26, 11], [12, 28, 3, 22, 31, 8, 20, 17], [13, 2, 0, 21, 6, 11, 12, 23], [5, 23, 18, 1, 17, 3, 6, 20], [18, 8, 10, 0, 1, 9, 29, 5], [21, 30, 11, 19, 2, 24, 9, 18], [24, 28, 11, 18, 9, 21, 22, 30], [7, 8, 10, 0, 20, 28, 6, 21], [30, 11, 29, 21, 27, 3, 20, 15], [31, 8, 25, 9, 11, 2, 28, 14], [13, 10, 5, 15, 20, 26, 6, 24], [17, 7, 15, 11, 30, 1, 6, 26], [1, 27, 11, 20, 24, 4, 0, 2], [24, 20, 18, 0, 9, 29, 2, 23], [21, 20, 16, 24, 12, 7, 15, 26], [15, 31, 19, 17, 12, 13, 6, 21], [18, 19, 9, 30, 15, 14, 21, 27], [22, 12, 2, 20, 18, 28, 14, 19], [8, 28, 20, 3, 10, 31, 26, 9], [28, 15, 27, 3, 16, 31, 9, 12], [2, 20, 28, 15, 1, 27, 16, 22], [24, 23, 2, 13, 19, 30, 3, 29], [14, 6, 7, 28, 10, 19, 31, 24], [20, 22, 23, 28, 12, 7, 16, 19], [14, 29, 27, 26, 4, 6, 8, 30], [21, 23, 31, 25, 5, 12, 13, 22], [23, 24, 5, 20, 0, 18, 4, 7], [1, 2, 14, 16, 30, 28, 15, 3], [1, 23, 17, 5, 16, 4, 9, 18], [13, 16, 25, 2, 14, 0, 8, 24], [8, 10, 21, 16, 26, 13, 12, 31], [9, 11, 3, 2, 28, 31, 30, 1], [21, 28, 4, 26, 25, 3, 19, 23], [28, 5, 12, 20, 13, 25, 21, 27], [4, 9, 30, 11, 14, 26, 5, 2], [20, 23, 12, 31, 9, 0, 15, 19], [28, 22, 9, 1, 12, 7, 29, 14], [7, 11, 0, 28, 13, 1, 2, 24], [4, 31, 16, 21, 6, 30, 18, 23], [24, 14, 20, 16, 23, 1, 6, 11], [29, 0, 12, 23, 28, 30, 19, 21], [9, 8, 29, 2, 19, 11, 31, 26], [6, 1, 25, 23, 2, 28, 11, 24], [1, 19, 7, 30, 26, 17, 25, 27], [12, 28, 19, 29, 21, 0, 24, 5], [2, 28, 22, 29, 15, 12, 30, 16], [13, 9, 29, 31, 21, 16, 17, 18], [22, 27, 21, 20, 5, 6, 24, 12], [6, 4, 29, 26, 23, 27, 21, 10], [17, 29, 25, 27, 9, 4, 21, 19], [24, 17, 31, 14, 25, 6, 18, 11], [6, 28, 0, 26, 31, 2, 21, 30], [8, 16, 7, 12, 24, 29, 19, 25], [31, 16, 8, 6, 22, 26, 11, 18], [1, 25, 8, 17, 18, 22, 7, 20], [6, 12, 29, 8, 13, 5, 19, 14], [13, 5, 26, 18, 31, 1, 29, 12], [6, 29, 7, 12, 10, 17, 24, 23], [26, 12, 22, 2, 11, 10, 23, 6], [10, 14, 18, 5, 4, 3, 17, 12], [22, 11, 2, 12, 20, 7, 16, 19], [5, 28, 23, 27, 6, 16, 15, 25], [27, 17, 18, 16, 10, 6, 11, 25], [30, 16, 21, 3, 13, 8, 0, 11], [4, 18, 28, 15, 6, 21, 25, 22], [15, 31, 28, 20, 22, 14, 19, 10], [28, 22, 1, 6, 18, 3, 7, 30], [30, 3, 17, 2, 15, 10, 11, 27], [6, 22, 27, 9, 19, 17, 3, 31], [21, 10, 8, 16, 1, 31, 18, 0], [31, 21, 29, 8, 28, 22, 5, 6], [1, 20, 15, 9, 24, 26, 30, 0], [17, 31, 12, 11, 30, 24, 21, 22], [7, 12, 23, 27, 26, 9, 19, 11], [7, 5, 21, 16, 10, 27, 3, 25], [0, 12, 3, 8, 1, 17, 25, 30], [23, 29, 4, 16, 3, 13, 5, 22], [23, 15, 22, 3, 25, 2, 17, 6], [12, 1, 9, 6, 31, 29, 20, 3], [30, 15, 22, 21, 26, 18, 24, 11], [1, 9, 30, 19, 4, 10, 12, 16], [8, 1, 20, 11, 18, 19, 10, 16], [13, 23, 4, 22, 3, 0, 16, 1], [5, 14, 3, 6, 24, 9, 20, 0], [25, 16, 11, 2, 23, 15, 17, 20], [26, 18, 7, 24, 29, 28, 19, 11], [4, 1, 18, 11, 13, 16, 28, 26], [5, 23, 18, 9, 3, 12, 30, 2], [13, 9, 21, 14, 25, 29, 20, 15], [20, 15, 31, 16, 29, 6, 25, 26], [30, 15, 1, 14, 24, 18, 20, 8], [5, 1, 29, 15, 31, 19, 12, 24], [12, 16, 28, 31, 13, 15, 19, 4], [24, 26, 0, 21, 6, 3, 14, 7], [25, 14, 12, 8, 5, 0, 29, 23], [11, 31, 17, 14, 10, 1, 2, 16], [15, 10, 22, 6, 20, 4, 13, 16], [17, 16, 0, 15, 28, 10, 31, 25], [4, 14, 23, 8, 31, 13, 18, 6], [0, 21, 17, 1, 11, 13, 18, 9], [28, 1, 3, 22, 15, 26, 6, 18], [25, 6, 28, 2, 18, 16, 12, 1], [20, 11, 17, 0, 27, 15, 1, 8], [28, 22, 6, 21, 9, 10, 4, 31], [27, 26, 4, 31, 21, 13, 25, 15], [23, 10, 17, 24, 19, 25, 6, 15], [13, 0, 25, 15, 1, 8, 16, 26], [20, 19, 8, 9, 2, 7, 6, 29], [1, 24, 8, 12, 5, 10, 0, 27], [19, 4, 30, 27, 11, 7, 12, 24], [13, 23, 20, 4, 24, 9, 14, 19], [28, 12, 29, 23, 6, 18, 10, 3], [10, 17, 6, 11, 2, 31, 0, 13], [9, 2, 28, 19, 8, 7, 23, 29], [13, 6, 20, 25, 4, 9, 11, 29], [18, 22, 24, 25, 31, 27, 6, 15], [4, 15, 1, 29, 18, 0, 19, 6], [3, 25, 6, 19, 7, 18, 27, 4], [22, 9, 3, 15, 27, 1, 5, 0], [28, 13, 14, 0, 31, 21, 12, 27], [23, 9, 2, 14, 28, 8, 4, 5], [14, 2, 8, 25, 18, 19, 31, 21], [1, 2, 3, 10, 24, 26, 4, 5], [24, 5, 6, 29, 0, 10, 11, 17], [27, 19, 23, 2, 25, 16, 30, 21], [21, 23, 30, 28, 18, 6, 1, 20], [20, 15, 10, 26, 1, 13, 28, 25], [31, 22, 29, 17, 14, 1, 20, 19], [15, 30, 28, 23, 29, 19, 10, 0], [0, 15, 24, 7, 11, 3, 1, 19], [22, 12, 1, 20, 30, 25, 26, 29], [24, 16, 10, 15, 11, 23, 19, 6], [0, 15, 12, 6, 19, 31, 16, 18], [7, 25, 1, 8, 26, 14, 13, 21], [8, 1, 6, 2, 3, 12, 24, 4], [31, 17, 10, 15, 3, 0, 20, 24], [10, 27, 16, 7, 19, 0, 29, 12], [13, 22, 29, 11, 8, 7, 6, 2], [17, 31, 11, 0, 1, 7, 13, 22], [21, 11, 30, 3, 5, 29, 4, 16], [27, 12, 21, 19, 17, 20, 28, 18], [0, 14, 9, 20, 28, 6, 18, 30], [9, 3, 5, 13, 10, 20, 6, 30], [31, 15, 17, 14, 23, 27, 16, 25], [25, 21, 7, 6, 28, 10, 2, 27], [15, 0, 2, 24, 13, 9, 17, 10], [18, 13, 10, 1, 23, 11, 4, 29], [9, 0, 10, 1, 27, 24, 2, 29], [21, 10, 28, 29, 25, 1, 5, 17], [30, 12, 13, 2, 29, 23, 7, 28], [19, 23, 13, 16, 12, 6, 26, 27], [10, 14, 16, 9, 29, 7, 27, 30], [15, 6, 18, 1, 0, 14, 28, 23], [3, 19, 10, 13, 4, 17, 21, 7], [4, 16, 18, 25, 22, 5, 29, 2], [6, 15, 3, 0, 31, 10, 12, 22], [15, 26, 9, 10, 12, 2, 31, 20], [31, 3, 23, 4, 2, 19, 22, 27], [12, 29, 16, 3, 9, 26, 0, 10], [22, 31, 2, 20, 9, 23, 16, 10], [21, 0, 31, 27, 13, 24, 26, 10], [15, 10, 30, 20, 29, 0, 13, 27], [7, 8, 23, 14, 13, 9, 26, 11], [7, 25, 0, 14, 22, 29, 5, 8], [18, 20, 22, 25, 6, 9, 26, 27], [3, 15, 19, 25, 12, 11, 5, 22], [18, 1, 8, 27, 28, 16, 24, 3]]",8,0.6331377029418945,128,random,0.0,22528,4.0,124,0.6933600306510925,11,8 128 72 144,5630,0.7918335795402527,test,top_r_mean,0.0,0.0,0.25,0.375
0.022735346358792183,0.0,176,0.0,31,135.64849994145334,qasper,1.3333333333333333,0.0,0.0,0.0,1805.07133:b9ea841b817ba23281c95c7a769873b840dee8d5,mean,0.6176623376623377,0.06197728216648102,"[[4, 16, 22, 25, 1, 21, 27, 14], [19, 3, 18, 28, 21, 10, 24, 2], [16, 8, 4, 9, 20, 25, 13, 26], [14, 26, 4, 20, 27, 29, 15, 16], [19, 21, 10, 12, 27, 17, 30, 4], [11, 30, 3, 31, 22, 27, 16, 1], [11, 18, 21, 17, 30, 28, 5, 9], [14, 26, 11, 30, 10, 28, 3, 12], [12, 18, 13, 23, 2, 16, 9, 1], [12, 16, 30, 5, 26, 8, 10, 4], [27, 21, 23, 28, 1, 5, 22, 26], [1, 24, 0, 9, 2, 14, 11, 28], [7, 12, 30, 25, 8, 21, 29, 13], [6, 15, 29, 19, 31, 1, 7, 23], [30, 5, 28, 15, 18, 26, 7, 10], [7, 14, 18, 23, 17, 27, 21, 11], [31, 23, 26, 7, 19, 17, 14, 21], [14, 16, 18, 19, 23, 6, 2, 29], [9, 4, 12, 10, 29, 2, 18, 30], [31, 3, 19, 10, 22, 14, 6, 21], [30, 24, 9, 27, 10, 21, 29, 17], [13, 9, 31, 30, 0, 3, 14, 29], [30, 23, 16, 26, 14, 2, 5, 20], [1, 28, 0, 3, 14, 31, 25, 23], [23, 29, 24, 12, 20, 4, 22, 21], [29, 7, 14, 13, 12, 4, 27, 24], [28, 1, 21, 18, 3, 24, 13, 2], [20, 3, 10, 16, 12, 25, 31, 6], [4, 0, 3, 8, 9, 15, 12, 2], [17, 8, 27, 16, 30, 31, 7, 12], [25, 18, 4, 8, 17, 14, 2, 3], [12, 1, 8, 23, 28, 0, 25, 2], [7, 22, 11, 30, 27, 28, 9, 18], [14, 15, 9, 12, 19, 7, 22, 16], [26, 22, 2, 11, 18, 28, 31, 5], [16, 18, 31, 22, 13, 24, 14, 12], [4, 19, 0, 26, 6, 17, 12, 9], [29, 11, 23, 6, 21, 28, 9, 15], [11, 28, 1, 18, 22, 15, 7, 12], [10, 12, 11, 26, 18, 25, 24, 27], [24, 6, 5, 17, 14, 15, 10, 26], [11, 27, 26, 1, 0, 17, 5, 24], [18, 29, 30, 7, 19, 2, 16, 14], [12, 2, 5, 24, 23, 25, 11, 16], [7, 1, 8, 23, 5, 6, 25, 24], [5, 28, 27, 9, 23, 0, 2, 29], [2, 26, 9, 21, 31, 4, 25, 7], [22, 9, 4, 16, 26, 30, 27, 14], [20, 5, 22, 28, 7, 6, 13, 27], [21, 30, 7, 0, 11, 15, 19, 13], [7, 21, 10, 24, 23, 6, 19, 18], [14, 15, 9, 4, 2, 12, 30, 20], [24, 21, 14, 9, 31, 22, 30, 26], [31, 10, 12, 24, 8, 16, 20, 5], [9, 14, 19, 23, 30, 21, 5, 27], [0, 23, 17, 20, 13, 7, 21, 8], [31, 29, 14, 8, 25, 23, 19, 16], [2, 4, 27, 25, 28, 1, 19, 24], [4, 31, 25, 23, 0, 14, 20, 12], [29, 26, 6, 30, 0, 11, 20, 24], [5, 14, 2, 20, 22, 31, 1, 4], [23, 28, 10, 22, 11, 16, 14, 15], [5, 4, 31, 17, 23, 22, 26, 8], [20, 3, 0, 4, 29, 6, 27, 10], [16, 31, 0, 22, 24, 5, 20, 29], [4, 9, 18, 15, 8, 30, 20, 0], [29, 21, 14, 6, 26, 7, 25, 2], [15, 31, 2, 26, 16, 12, 27, 24], [19, 3, 6, 9, 10, 12, 30, 0], [0, 25, 17, 10, 22, 7, 24, 13], [13, 6, 5, 19, 14, 11, 31, 18], [25, 23, 30, 9, 16, 17, 26, 0], [23, 25, 14, 2, 3, 0, 21, 7], [29, 26, 25, 11, 2, 16, 17, 8], [11, 15, 22, 2, 28, 0, 8, 7], [10, 21, 28, 29, 11, 20, 12, 14], [30, 17, 27, 2, 8, 19, 4, 7], [23, 30, 9, 2, 27, 17, 18, 7], [11, 19, 1, 17, 23, 21, 7, 22], [9, 31, 4, 28, 22, 12, 30, 2], [17, 4, 15, 3, 22, 21, 6, 8], [4, 29, 27, 7, 23, 24, 14, 16], [18, 20, 27, 28, 1, 24, 22, 7], [11, 18, 26, 5, 8, 30, 27, 16], [9, 0, 5, 31, 8, 30, 28, 11], [18, 26, 21, 12, 8, 23, 1, 10], [13, 10, 8, 24, 4, 23, 30, 25], [2, 0, 23, 1, 12, 19, 17, 18], [17, 15, 10, 25, 1, 23, 9, 11], [29, 18, 5, 8, 0, 2, 26, 23], [24, 18, 22, 1, 26, 23, 11, 7], [30, 21, 19, 20, 2, 0, 13, 3], [12, 0, 4, 7, 14, 10, 28, 11], [5, 17, 8, 18, 10, 21, 9, 25], [20, 6, 8, 15, 11, 1, 0, 23], [2, 6, 29, 17, 0, 11, 19, 28], [31, 16, 24, 18, 3, 27, 0, 10], [2, 29, 15, 22, 16, 28, 31, 20], [16, 5, 22, 31, 30, 6, 7, 13], [23, 19, 9, 0, 15, 16, 12, 3], [20, 16, 5, 7, 26, 2, 3, 29], [7, 0, 31, 23, 18, 6, 10, 21], [12, 0, 15, 25, 13, 22, 26, 31], [18, 0, 23, 7, 5, 8, 24, 17], [28, 9, 14, 0, 23, 15, 10, 3], [13, 17, 15, 11, 30, 18, 29, 16], [18, 29, 7, 19, 4, 9, 10, 24], [18, 15, 24, 25, 28, 8, 16, 17], [29, 20, 5, 14, 3, 11, 16, 8], [0, 8, 6, 19, 15, 21, 27, 30], [22, 5, 3, 14, 20, 29, 15, 30], [1, 26, 31, 27, 8, 23, 3, 7], [1, 9, 7, 10, 19, 25, 5, 12], [8, 3, 20, 22, 13, 27, 28, 15], [12, 22, 4, 13, 19, 29, 10, 8], [15, 11, 30, 12, 6, 20, 1, 5], [24, 1, 26, 0, 6, 22, 11, 13], [13, 0, 27, 7, 12, 30, 4, 28], [7, 23, 6, 18, 3, 21, 17, 12], [7, 11, 4, 24, 17, 1, 8, 12], [31, 29, 12, 28, 6, 26, 0, 7], [29, 0, 10, 26, 1, 18, 2, 25], [30, 25, 31, 13, 21, 1, 27, 22], [21, 20, 4, 2, 17, 12, 7, 31], [5, 6, 7, 14, 26, 13, 16, 22], [12, 27, 26, 16, 29, 23, 14, 3], [24, 6, 3, 12, 27, 8, 16, 30], [1, 27, 18, 0, 26, 3, 20, 4], [1, 9, 18, 3, 16, 12, 29, 26], [13, 31, 4, 29, 10, 26, 11, 19], [18, 6, 31, 28, 8, 30, 24, 21], [7, 16, 2, 13, 14, 24, 9, 17], [27, 8, 14, 0, 15, 28, 20, 3], [21, 1, 4, 8, 28, 25, 31, 2], [31, 16, 22, 5, 19, 8, 4, 29], [14, 23, 7, 13, 5, 15, 26, 22], [27, 15, 25, 21, 1, 4, 14, 20], [18, 7, 23, 31, 14, 24, 0, 13], [15, 16, 8, 24, 21, 0, 6, 26], [29, 11, 15, 14, 22, 18, 5, 3], [22, 1, 12, 11, 18, 19, 16, 15], [6, 21, 7, 26, 22, 3, 16, 18], [23, 13, 9, 18, 15, 25, 12, 27], [18, 29, 20, 11, 16, 3, 9, 25], [21, 23, 12, 1, 30, 26, 3, 22], [29, 16, 12, 4, 6, 27, 17, 5], [7, 5, 14, 24, 4, 15, 22, 3], [31, 12, 11, 10, 19, 3, 9, 15], [28, 13, 7, 26, 9, 17, 20, 0], [30, 11, 6, 18, 17, 14, 21, 26], [11, 26, 24, 12, 16, 28, 18, 14], [17, 7, 13, 20, 3, 12, 22, 19], [3, 21, 26, 27, 22, 31, 5, 10], [3, 29, 1, 24, 16, 7, 17, 21], [12, 27, 24, 5, 23, 25, 22, 13], [21, 7, 26, 12, 3, 1, 20, 0], [0, 7, 15, 9, 8, 23, 27, 29], [10, 26, 18, 9, 5, 17, 24, 22], [0, 11, 28, 26, 8, 15, 16, 2], [18, 2, 30, 1, 19, 23, 31, 11], [8, 0, 13, 28, 16, 29, 18, 26], [10, 5, 0, 30, 1, 31, 20, 15], [29, 5, 0, 4, 31, 8, 26, 9], [8, 31, 2, 18, 13, 22, 29, 24], [5, 3, 26, 15, 19, 13, 2, 27], [13, 7, 3, 28, 19, 29, 2, 4], [5, 3, 4, 13, 26, 21, 1, 16], [15, 31, 29, 6, 2, 24, 13, 27], [9, 11, 7, 23, 6, 3, 1, 4], [6, 19, 10, 17, 15, 4, 23, 20], [11, 26, 12, 22, 16, 7, 30, 8], [11, 26, 29, 20, 1, 30, 6, 3], [10, 28, 15, 8, 16, 2, 18, 4], [7, 28, 17, 9, 19, 14, 22, 3], [25, 27, 11, 28, 15, 0, 10, 31], [25, 10, 2, 23, 14, 27, 17, 13]]",8,0.6009915471076965,128,random,0.0,22528,4.0,124,0.6620943546295166,23,160 72 96 120,5630,0.8053159117698669,test,top_r_mean,0.0,0.5,0.5,0.625
0.022735346358792183,0.0,176,0.0,31,134.38940001651645,qasper,1.3333333333333333,0.0,0.0,0.0,1805.07133:b9ea841b817ba23281c95c7a769873b840dee8d5,mean,0.6176375089291513,0.07248646020889282,"[[22, 17, 1, 28, 5, 25, 30, 9], [29, 15, 3, 22, 1, 27, 31, 30], [5, 30, 25, 3, 4, 11, 28, 7], [11, 6, 26, 29, 19, 4, 13, 3], [26, 0, 27, 31, 24, 10, 7, 25], [23, 11, 0, 30, 28, 3, 12, 15], [5, 26, 31, 10, 22, 17, 3, 28], [25, 28, 6, 26, 3, 30, 22, 23], [17, 31, 12, 19, 8, 29, 9, 0], [23, 15, 10, 26, 19, 11, 9, 0], [4, 19, 5, 11, 7, 15, 22, 0], [4, 26, 31, 24, 19, 7, 12, 2], [7, 22, 30, 25, 3, 17, 9, 26], [27, 20, 24, 4, 16, 1, 6, 9], [23, 14, 19, 30, 22, 4, 0, 12], [22, 13, 18, 4, 16, 8, 9, 14], [20, 12, 26, 28, 14, 1, 31, 23], [30, 1, 10, 7, 31, 15, 13, 8], [2, 3, 9, 16, 5, 23, 30, 25], [12, 15, 25, 10, 1, 0, 9, 29], [18, 31, 23, 5, 27, 24, 19, 30], [13, 22, 5, 7, 8, 6, 9, 12], [18, 0, 13, 25, 21, 15, 12, 26], [27, 23, 18, 16, 20, 19, 9, 6], [1, 14, 3, 30, 25, 11, 18, 15], [2, 16, 12, 23, 21, 7, 27, 3], [20, 6, 15, 28, 22, 13, 7, 31], [14, 23, 11, 27, 22, 6, 26, 8], [20, 15, 25, 6, 4, 12, 27, 7], [15, 2, 4, 24, 14, 23, 21, 29], [0, 21, 23, 14, 26, 7, 9, 2], [6, 18, 24, 30, 0, 12, 2, 13], [28, 9, 19, 14, 30, 11, 1, 18], [13, 17, 26, 19, 0, 7, 10, 16], [24, 0, 31, 18, 20, 17, 4, 3], [2, 1, 22, 29, 7, 16, 23, 5], [6, 22, 29, 12, 28, 15, 13, 21], [18, 1, 30, 13, 10, 8, 0, 11], [21, 25, 7, 6, 12, 16, 11, 27], [2, 12, 20, 15, 8, 5, 4, 13], [20, 3, 30, 18, 12, 24, 21, 17], [10, 1, 21, 9, 31, 28, 2, 19], [18, 12, 28, 21, 24, 6, 10, 15], [30, 26, 29, 7, 2, 23, 11, 20], [25, 12, 13, 24, 4, 29, 20, 3], [15, 4, 30, 17, 21, 28, 7, 14], [14, 6, 18, 23, 8, 13, 26, 19], [22, 0, 15, 19, 27, 2, 7, 25], [17, 23, 1, 21, 29, 19, 8, 5], [14, 2, 8, 5, 1, 18, 0, 28], [13, 7, 1, 2, 11, 24, 18, 29], [27, 7, 11, 21, 29, 10, 16, 26], [16, 29, 14, 26, 24, 4, 7, 3], [29, 13, 7, 8, 31, 16, 19, 4], [30, 29, 25, 1, 5, 2, 27, 7], [4, 7, 2, 0, 23, 27, 10, 1], [1, 27, 8, 3, 20, 9, 22, 28], [5, 24, 10, 9, 25, 28, 31, 21], [24, 20, 16, 25, 29, 19, 6, 0], [16, 9, 29, 18, 15, 21, 27, 19], [6, 15, 29, 5, 31, 30, 11, 16], [5, 0, 3, 17, 8, 31, 12, 9], [22, 8, 26, 16, 31, 1, 2, 20], [30, 27, 0, 23, 24, 31, 8, 2], [16, 10, 0, 27, 9, 21, 2, 29], [17, 15, 11, 12, 5, 13, 9, 29], [15, 3, 28, 0, 20, 16, 6, 17], [31, 28, 12, 27, 1, 3, 9, 20], [12, 0, 10, 11, 28, 26, 16, 4], [23, 11, 14, 21, 17, 8, 31, 20], [30, 11, 21, 27, 4, 3, 24, 8], [12, 23, 25, 3, 18, 21, 26, 31], [18, 19, 7, 21, 4, 17, 27, 13], [27, 26, 19, 10, 30, 6, 16, 25], [24, 12, 8, 4, 10, 9, 14, 30], [24, 26, 20, 8, 5, 12, 13, 17], [30, 23, 10, 21, 20, 9, 18, 2], [10, 29, 1, 13, 14, 28, 22, 27], [13, 28, 15, 3, 11, 17, 25, 22], [8, 3, 7, 9, 16, 31, 18, 5], [22, 2, 19, 29, 28, 16, 8, 11], [25, 18, 24, 4, 8, 3, 31, 23], [7, 1, 14, 19, 29, 6, 18, 15], [26, 19, 21, 20, 27, 6, 25, 16], [12, 4, 25, 5, 16, 18, 21, 17], [14, 12, 20, 22, 5, 24, 16, 30], [26, 12, 3, 30, 28, 15, 31, 17], [2, 15, 29, 21, 5, 8, 23, 30], [20, 23, 6, 15, 14, 8, 5, 22], [19, 6, 16, 10, 21, 12, 17, 13], [24, 27, 29, 17, 16, 18, 28, 14], [20, 8, 3, 1, 2, 25, 19, 27], [21, 13, 5, 1, 6, 31, 25, 0], [15, 9, 7, 16, 5, 3, 14, 27], [15, 22, 24, 21, 6, 4, 27, 2], [30, 24, 18, 9, 29, 22, 28, 14], [24, 19, 25, 26, 2, 5, 30, 15], [30, 3, 24, 18, 26, 31, 28, 14], [28, 13, 5, 7, 19, 11, 22, 16], [17, 21, 28, 16, 15, 0, 27, 13], [15, 5, 27, 4, 26, 6, 23, 16], [13, 8, 26, 3, 25, 23, 21, 31], [10, 4, 2, 9, 11, 8, 3, 22], [7, 30, 27, 29, 15, 10, 2, 19], [9, 3, 20, 31, 11, 28, 6, 12], [13, 30, 1, 18, 19, 4, 5, 6], [24, 10, 8, 30, 7, 4, 12, 17], [10, 29, 22, 28, 27, 8, 12, 15], [13, 9, 23, 17, 29, 24, 1, 6], [3, 0, 29, 4, 12, 15, 19, 11], [9, 13, 22, 5, 31, 14, 24, 23], [25, 5, 30, 4, 21, 13, 3, 18], [4, 23, 7, 5, 26, 21, 14, 24], [30, 6, 12, 18, 11, 25, 5, 28], [21, 16, 20, 1, 28, 12, 27, 3], [20, 3, 29, 6, 23, 16, 28, 30], [21, 2, 6, 31, 27, 24, 12, 9], [15, 31, 3, 18, 7, 23, 14, 11], [17, 10, 22, 3, 31, 15, 29, 20], [11, 13, 14, 2, 22, 12, 19, 27], [4, 28, 0, 30, 1, 24, 10, 2], [14, 27, 8, 23, 26, 16, 9, 7], [22, 6, 16, 4, 14, 5, 9, 29], [28, 3, 4, 10, 13, 15, 31, 22], [6, 26, 1, 2, 14, 0, 16, 3], [18, 13, 4, 30, 22, 12, 11, 15], [1, 7, 28, 26, 18, 19, 5, 0], [24, 9, 27, 30, 19, 13, 10, 5], [13, 26, 9, 29, 12, 24, 31, 7], [9, 17, 11, 12, 18, 28, 27, 16], [16, 30, 22, 12, 26, 31, 10, 6], [15, 22, 20, 8, 7, 2, 1, 23], [9, 6, 11, 5, 8, 31, 16, 27], [5, 29, 21, 25, 17, 14, 31, 12], [16, 27, 23, 13, 31, 12, 29, 1], [6, 17, 4, 3, 26, 24, 11, 30], [0, 27, 2, 24, 6, 5, 4, 12], [8, 28, 18, 12, 22, 0, 1, 30], [10, 17, 27, 15, 29, 12, 28, 20], [28, 3, 15, 9, 30, 18, 8, 12], [26, 7, 19, 0, 5, 2, 22, 21], [25, 28, 26, 5, 2, 10, 9, 1], [26, 24, 21, 15, 4, 12, 9, 7], [8, 14, 21, 3, 10, 4, 12, 5], [5, 4, 23, 7, 11, 31, 27, 10], [8, 31, 14, 29, 16, 23, 3, 24], [29, 22, 14, 19, 23, 10, 12, 28], [8, 30, 16, 28, 12, 17, 3, 14], [11, 26, 6, 17, 10, 24, 1, 20], [25, 29, 7, 9, 15, 23, 11, 4], [11, 31, 10, 7, 13, 4, 14, 29], [21, 28, 15, 12, 22, 14, 2, 8], [20, 16, 28, 30, 11, 5, 15, 3], [13, 23, 14, 24, 27, 1, 17, 5], [19, 24, 3, 18, 21, 15, 8, 13], [31, 1, 14, 25, 9, 20, 27, 22], [22, 17, 11, 10, 4, 0, 3, 19], [2, 20, 30, 7, 25, 22, 17, 4], [20, 28, 12, 23, 11, 6, 22, 24], [8, 0, 30, 20, 17, 21, 11, 31], [20, 4, 19, 18, 9, 14, 1, 31], [31, 5, 29, 24, 1, 26, 20, 10], [30, 25, 27, 3, 26, 9, 0, 4], [16, 31, 11, 18, 15, 0, 1, 29], [16, 29, 24, 2, 31, 30, 7, 10], [9, 20, 25, 30, 2, 27, 4, 28], [3, 14, 21, 15, 28, 11, 23, 18], [2, 3, 8, 30, 14, 0, 28, 7], [22, 12, 9, 31, 24, 3, 26, 18], [30, 23, 16, 10, 29, 26, 8, 18], [23, 17, 14, 3, 9, 26, 7, 10], [8, 20, 28, 25, 19, 4, 24, 13], [29, 13, 12, 9, 26, 15, 2, 21], [26, 14, 29, 27, 8, 15, 25, 3], [27, 28, 7, 30, 8, 13, 14, 22], [5, 22, 23, 26, 3, 21, 7, 17]]",8,0.6341817378997803,128,random,0.0,22528,4.0,124,0.701359212398529,37,136 8 120 64,5630,0.8143429160118103,test,top_r_mean,0.0,0.0,0.5,0.625
0.022735346358792183,0.0,176,0.0,31,127.22150003537536,qasper,1.3333333333333333,0.0,0.0,0.0,1805.07133:b9ea841b817ba23281c95c7a769873b840dee8d5,mean,0.6341558441558441,0.05785432457923889,"[[15, 22, 23, 18, 11, 6, 19, 2], [3, 24, 26, 15, 21, 14, 18, 1], [1, 8, 18, 4, 25, 7, 12, 0], [24, 28, 2, 10, 31, 4, 29, 1], [21, 20, 22, 15, 26, 6, 13, 29], [24, 16, 22, 23, 1, 7, 5, 3], [11, 13, 17, 4, 8, 10, 18, 3], [20, 18, 0, 13, 2, 31, 9, 26], [31, 9, 19, 7, 29, 3, 12, 25], [19, 28, 2, 27, 8, 24, 22, 9], [28, 24, 30, 20, 12, 18, 10, 31], [18, 29, 2, 1, 10, 26, 30, 13], [0, 12, 10, 16, 26, 7, 25, 24], [20, 11, 27, 18, 13, 31, 19, 22], [6, 2, 9, 23, 20, 29, 10, 0], [10, 3, 31, 22, 17, 23, 29, 0], [13, 11, 30, 6, 18, 27, 5, 7], [15, 22, 7, 14, 28, 23, 8, 26], [18, 15, 5, 4, 30, 6, 21, 1], [22, 10, 5, 0, 30, 25, 18, 26], [21, 25, 13, 1, 18, 10, 2, 23], [2, 27, 22, 29, 17, 4, 23, 18], [17, 27, 28, 10, 18, 3, 5, 25], [25, 29, 19, 28, 17, 6, 8, 15], [9, 5, 20, 12, 15, 21, 1, 27], [30, 8, 14, 18, 22, 4, 11, 26], [18, 26, 17, 1, 6, 23, 10, 22], [26, 16, 11, 3, 6, 17, 28, 10], [12, 25, 17, 0, 13, 18, 11, 23], [9, 7, 10, 18, 5, 22, 15, 13], [1, 5, 29, 31, 14, 11, 26, 16], [5, 23, 17, 16, 31, 6, 20, 29], [16, 3, 21, 27, 0, 17, 7, 1], [14, 16, 5, 28, 21, 3, 4, 0], [11, 6, 26, 22, 14, 13, 0, 3], [3, 19, 27, 28, 10, 9, 24, 20], [10, 24, 15, 21, 9, 26, 0, 1], [2, 13, 20, 25, 30, 21, 11, 31], [13, 5, 18, 10, 28, 2, 24, 3], [1, 10, 28, 4, 14, 24, 7, 15], [5, 6, 17, 25, 23, 30, 31, 15], [8, 6, 28, 25, 2, 4, 24, 20], [24, 5, 21, 7, 9, 2, 27, 6], [5, 27, 8, 11, 26, 18, 14, 20], [27, 21, 11, 4, 14, 6, 10, 7], [22, 2, 25, 5, 20, 16, 11, 18], [29, 30, 16, 23, 11, 4, 12, 8], [26, 9, 1, 27, 30, 4, 14, 28], [29, 9, 23, 27, 4, 14, 26, 15], [21, 13, 0, 31, 22, 15, 26, 7], [29, 22, 25, 6, 4, 16, 31, 24], [11, 15, 9, 18, 5, 20, 19, 28], [21, 26, 10, 13, 17, 20, 31, 7], [16, 3, 7, 22, 29, 28, 25, 27], [11, 8, 23, 15, 0, 24, 14, 4], [0, 25, 17, 4, 19, 14, 21, 2], [23, 22, 27, 18, 30, 21, 9, 2], [21, 2, 25, 18, 16, 7, 24, 6], [14, 2, 9, 17, 10, 16, 13, 7], [25, 2, 22, 21, 3, 28, 16, 7], [10, 22, 13, 31, 5, 20, 28, 17], [17, 19, 2, 3, 12, 21, 5, 29], [7, 19, 21, 20, 1, 30, 9, 25], [12, 31, 13, 30, 1, 14, 9, 20], [13, 19, 25, 5, 31, 0, 1, 6], [8, 28, 12, 13, 5, 2, 0, 18], [10, 12, 7, 26, 22, 28, 16, 18], [20, 14, 17, 31, 7, 5, 19, 2], [10, 4, 6, 2, 26, 18, 5, 24], [31, 29, 22, 25, 23, 14, 28, 26], [14, 12, 13, 3, 23, 18, 27, 22], [5, 7, 21, 1, 11, 22, 13, 31], [21, 10, 30, 15, 16, 1, 25, 17], [6, 0, 17, 2, 27, 23, 10, 30], [27, 15, 0, 31, 22, 3, 2, 28], [0, 8, 28, 19, 17, 26, 13, 31], [20, 1, 14, 5, 7, 12, 13, 3], [8, 22, 27, 7, 29, 30, 24, 20], [29, 11, 12, 0, 24, 1, 28, 7], [27, 23, 28, 22, 18, 7, 26, 4], [10, 20, 18, 21, 24, 28, 4, 30], [18, 19, 20, 5, 10, 25, 30, 17], [27, 18, 25, 23, 8, 2, 3, 14], [9, 31, 6, 19, 26, 27, 1, 0], [27, 17, 23, 6, 3, 15, 29, 1], [6, 10, 2, 27, 13, 22, 8, 18], [11, 24, 4, 10, 15, 25, 0, 8], [3, 13, 7, 22, 10, 11, 9, 28], [0, 1, 11, 12, 26, 4, 14, 2], [14, 12, 22, 18, 10, 28, 27, 17], [31, 5, 20, 7, 10, 3, 18, 22], [2, 15, 16, 3, 9, 12, 24, 23], [14, 23, 30, 10, 27, 9, 21, 4], [10, 26, 8, 0, 6, 25, 14, 5], [6, 7, 27, 11, 26, 25, 9, 4], [23, 18, 8, 22, 29, 11, 0, 26], [29, 11, 26, 4, 6, 23, 19, 10], [10, 25, 1, 11, 7, 5, 6, 0], [15, 14, 23, 9, 31, 1, 13, 7], [9, 28, 2, 3, 7, 12, 10, 6], [14, 6, 1, 24, 25, 27, 7, 5], [3, 5, 2, 25, 9, 24, 31, 29], [9, 1, 4, 24, 7, 19, 28, 3], [22, 4, 29, 19, 27, 17, 15, 12], [2, 26, 15, 25, 0, 13, 24, 19], [5, 20, 13, 26, 22, 19, 1, 27], [20, 15, 29, 11, 30, 19, 10, 13], [5, 29, 15, 9, 25, 11, 28, 27], [27, 10, 7, 3, 13, 11, 29, 15], [12, 26, 20, 4, 11, 23, 6, 14], [22, 3, 11, 2, 12, 25, 30, 13], [29, 11, 2, 1, 18, 31, 14, 25], [22, 19, 20, 16, 25, 8, 28, 18], [24, 1, 11, 18, 6, 8, 10, 17], [11, 20, 13, 18, 8, 15, 6, 10], [12, 8, 20, 4, 13, 16, 29, 2], [0, 24, 22, 27, 5, 25, 16, 2], [23, 12, 20, 15, 29, 31, 0, 19], [13, 26, 28, 9, 8, 22, 2, 19], [8, 22, 1, 6, 31, 4, 18, 27], [7, 12, 30, 27, 10, 20, 0, 18], [12, 27, 10, 11, 22, 23, 28, 8], [6, 11, 28, 27, 26, 15, 13, 2], [6, 4, 15, 24, 5, 16, 25, 2], [6, 23, 29, 11, 2, 4, 13, 18], [9, 20, 1, 3, 27, 26, 18, 13], [8, 19, 12, 11, 0, 17, 13, 10], [19, 25, 0, 1, 8, 6, 2, 23], [24, 19, 2, 0, 7, 26, 27, 29], [30, 2, 6, 21, 27, 19, 28, 12], [27, 19, 22, 3, 7, 17, 18, 21], [20, 9, 7, 5, 13, 23, 3, 31], [24, 11, 28, 29, 14, 20, 1, 30], [17, 20, 25, 23, 14, 4, 9, 29], [19, 2, 0, 22, 24, 17, 10, 6], [27, 5, 28, 20, 4, 17, 6, 22], [29, 13, 0, 7, 20, 31, 12, 27], [30, 4, 15, 0, 8, 29, 25, 1], [3, 20, 14, 18, 27, 13, 1, 29], [16, 26, 4, 15, 1, 10, 8, 2], [11, 21, 30, 1, 27, 14, 9, 19], [9, 19, 27, 7, 11, 3, 17, 24], [17, 6, 21, 29, 1, 20, 31, 15], [19, 2, 1, 18, 3, 0, 21, 7], [3, 30, 0, 14, 26, 20, 7, 18], [28, 4, 15, 14, 31, 2, 7, 0], [12, 21, 22, 23, 6, 24, 25, 16], [6, 0, 7, 8, 11, 31, 3, 28], [30, 26, 31, 27, 4, 11, 16, 14], [31, 19, 20, 30, 5, 4, 2, 7], [13, 29, 0, 21, 31, 10, 4, 27], [12, 10, 20, 9, 24, 17, 29, 28], [25, 13, 20, 0, 7, 1, 26, 2], [29, 22, 7, 13, 15, 24, 27, 28], [21, 7, 8, 24, 29, 1, 18, 17], [17, 16, 0, 20, 27, 1, 8, 26], [8, 25, 10, 20, 5, 15, 11, 27], [1, 14, 7, 20, 12, 9, 8, 15], [9, 6, 17, 18, 22, 4, 30, 24], [20, 18, 21, 2, 9, 23, 15, 31], [0, 5, 3, 12, 4, 24, 25, 15], [19, 5, 26, 18, 10, 11, 31, 9], [24, 16, 9, 26, 1, 3, 11, 7], [2, 24, 22, 9, 10, 20, 1, 30], [21, 22, 8, 29, 30, 28, 0, 2], [26, 20, 25, 7, 12, 28, 31, 15], [9, 1, 16, 27, 14, 3, 22, 20], [6, 20, 17, 19, 14, 18, 4, 11], [28, 16, 23, 24, 29, 27, 11, 30], [0, 7, 19, 24, 27, 20, 10, 28], [14, 7, 9, 26, 19, 16, 30, 5], [30, 22, 12, 17, 27, 18, 10, 1], [16, 9, 30, 6, 20, 11, 4, 14], [8, 15, 10, 16, 6, 9, 23, 20], [7, 15, 14, 11, 21, 0, 24, 5], [6, 7, 18, 8, 29, 17, 10, 22]]",8,0.5966650247573853,128,random,0.0,22528,4.0,124,0.654498279094696,53,160 88 136 64,5630,0.8274157643318176,test,top_r_mean,0.0,0.5,0.5,0.625
0.022735346358792183,0.0,176,0.0,31,126.07889994978905,qasper,1.3333333333333333,0.0,0.0,0.0,1805.07133:b9ea841b817ba23281c95c7a769873b840dee8d5,mean,0.5855844155844155,0.060874536633491516,"[[23, 7, 22, 9, 15, 25, 28, 12], [20, 1, 3, 10, 17, 31, 30, 15], [16, 22, 2, 12, 8, 4, 26, 0], [2, 24, 10, 12, 31, 26, 1, 19], [12, 27, 25, 15, 1, 3, 9, 16], [19, 26, 14, 6, 7, 10, 31, 11], [18, 30, 21, 8, 17, 29, 12, 26], [25, 6, 14, 7, 31, 5, 0, 30], [5, 0, 9, 10, 7, 2, 25, 30], [19, 0, 30, 14, 9, 1, 24, 22], [16, 10, 18, 29, 22, 5, 0, 27], [9, 14, 1, 0, 23, 30, 25, 31], [7, 4, 18, 2, 10, 24, 31, 23], [6, 30, 29, 20, 2, 1, 17, 27], [8, 27, 15, 2, 19, 9, 3, 13], [23, 1, 27, 5, 3, 15, 28, 13], [6, 7, 0, 25, 19, 24, 31, 3], [29, 13, 21, 16, 24, 15, 22, 30], [22, 9, 15, 31, 5, 8, 3, 12], [3, 5, 7, 1, 22, 18, 21, 4], [14, 15, 29, 26, 22, 25, 11, 18], [2, 13, 26, 24, 18, 11, 23, 30], [25, 2, 18, 28, 29, 27, 17, 19], [1, 22, 24, 6, 18, 31, 14, 9], [15, 4, 25, 10, 16, 9, 17, 30], [27, 4, 30, 15, 0, 23, 29, 14], [17, 8, 13, 10, 11, 25, 6, 2], [29, 22, 7, 19, 0, 3, 25, 4], [10, 29, 20, 3, 23, 15, 4, 30], [2, 3, 14, 15, 18, 11, 1, 10], [13, 25, 14, 31, 4, 28, 29, 15], [24, 15, 23, 12, 25, 29, 6, 22], [5, 21, 14, 29, 28, 11, 20, 2], [19, 29, 5, 8, 28, 22, 11, 4], [20, 23, 7, 21, 0, 26, 28, 2], [13, 17, 10, 26, 14, 21, 30, 28], [8, 25, 14, 19, 0, 31, 16, 10], [5, 3, 0, 13, 4, 11, 29, 12], [21, 2, 31, 3, 5, 19, 22, 6], [27, 10, 25, 28, 17, 2, 18, 26], [20, 14, 29, 0, 23, 27, 31, 21], [23, 12, 16, 27, 30, 7, 15, 31], [10, 27, 13, 5, 9, 19, 25, 4], [25, 5, 31, 11, 0, 18, 28, 3], [20, 0, 5, 4, 2, 16, 15, 10], [8, 24, 4, 7, 12, 27, 16, 26], [18, 13, 31, 12, 29, 28, 11, 14], [0, 31, 27, 2, 9, 22, 3, 21], [6, 4, 22, 5, 24, 20, 26, 30], [9, 14, 21, 19, 27, 3, 18, 28], [2, 26, 1, 16, 9, 31, 13, 19], [30, 21, 2, 1, 22, 4, 12, 31], [30, 5, 27, 4, 25, 8, 21, 15], [17, 31, 29, 20, 19, 10, 16, 24], [17, 30, 2, 21, 25, 28, 14, 15], [24, 22, 7, 20, 13, 28, 27, 6], [30, 26, 5, 8, 23, 15, 21, 22], [30, 17, 2, 11, 3, 10, 29, 12], [8, 25, 19, 2, 27, 3, 15, 6], [24, 30, 12, 28, 2, 0, 22, 31], [25, 5, 7, 21, 6, 15, 14, 23], [22, 24, 0, 3, 31, 8, 15, 9], [14, 7, 13, 19, 29, 15, 12, 0], [17, 24, 14, 21, 11, 8, 30, 9], [6, 10, 4, 22, 1, 12, 3, 26], [7, 10, 11, 1, 30, 26, 29, 18], [31, 2, 22, 19, 9, 5, 18, 0], [24, 19, 22, 29, 30, 2, 0, 12], [25, 0, 27, 1, 14, 23, 6, 18], [2, 1, 20, 29, 14, 30, 27, 12], [11, 29, 1, 25, 9, 12, 8, 10], [1, 5, 10, 9, 13, 18, 8, 17], [6, 14, 26, 19, 25, 4, 17, 2], [26, 20, 6, 23, 27, 14, 19, 9], [22, 14, 17, 24, 23, 3, 18, 0], [14, 22, 12, 25, 28, 24, 21, 11], [10, 28, 23, 6, 21, 27, 14, 2], [0, 22, 9, 28, 5, 19, 12, 7], [4, 20, 5, 7, 13, 17, 6, 2], [14, 4, 9, 3, 5, 24, 23, 16], [22, 7, 24, 28, 23, 13, 20, 18], [17, 22, 1, 0, 30, 29, 21, 25], [15, 5, 4, 13, 11, 14, 22, 8], [25, 28, 26, 1, 3, 23, 16, 14], [12, 6, 24, 31, 26, 7, 27, 10], [28, 23, 31, 7, 8, 17, 2, 15], [25, 9, 13, 12, 15, 19, 31, 20], [16, 28, 3, 11, 31, 24, 14, 22], [25, 22, 24, 16, 18, 3, 28, 12], [12, 6, 16, 24, 18, 2, 22, 4], [13, 6, 21, 14, 28, 27, 23, 24], [1, 24, 19, 18, 2, 6, 11, 0], [25, 12, 3, 5, 7, 20, 27, 19], [7, 0, 16, 4, 24, 13, 9, 26], [8, 3, 30, 17, 0, 9, 29, 26], [6, 11, 28, 22, 16, 9, 19, 24], [15, 5, 1, 3, 16, 14, 31, 0], [21, 15, 23, 30, 22, 18, 31, 12], [18, 8, 15, 11, 22, 16, 20, 19], [13, 9, 1, 31, 26, 22, 6, 23], [3, 31, 12, 29, 8, 19, 5, 10], [25, 11, 27, 18, 26, 14, 23, 31], [29, 17, 8, 4, 1, 20, 11, 18], [31, 0, 14, 28, 15, 26, 16, 10], [3, 10, 9, 29, 14, 7, 2, 25], [4, 18, 11, 26, 28, 7, 14, 10], [27, 15, 23, 26, 28, 5, 4, 9], [19, 30, 21, 22, 31, 0, 17, 26], [30, 5, 18, 20, 22, 9, 25, 21], [29, 25, 4, 13, 30, 21, 2, 5], [31, 12, 30, 3, 4, 25, 0, 21], [3, 7, 23, 30, 18, 0, 5, 31], [13, 23, 9, 1, 14, 8, 17, 4], [18, 31, 28, 17, 6, 15, 4, 2], [0, 4, 11, 6, 2, 19, 7, 17], [4, 20, 12, 24, 28, 30, 22, 7], [8, 24, 9, 31, 4, 23, 25, 30], [21, 10, 0, 29, 6, 19, 28, 7], [15, 25, 21, 30, 11, 28, 9, 5], [1, 25, 18, 26, 31, 27, 24, 29], [30, 17, 16, 19, 8, 15, 29, 9], [28, 19, 10, 7, 5, 17, 15, 0], [28, 26, 12, 9, 3, 20, 16, 11], [25, 6, 24, 17, 15, 1, 7, 20], [26, 2, 8, 0, 16, 28, 20, 31], [16, 6, 9, 26, 8, 18, 2, 11], [18, 1, 29, 28, 5, 31, 2, 21], [8, 13, 4, 0, 3, 12, 7, 17], [17, 23, 20, 1, 14, 0, 19, 25], [3, 27, 31, 8, 6, 14, 4, 0], [10, 22, 19, 21, 6, 8, 16, 7], [25, 14, 2, 4, 12, 3, 8, 1], [20, 1, 8, 26, 19, 2, 27, 30], [6, 27, 15, 5, 21, 11, 3, 28], [25, 3, 17, 4, 20, 31, 29, 24], [6, 30, 26, 25, 3, 27, 5, 13], [26, 23, 9, 2, 20, 12, 0, 5], [29, 5, 12, 13, 21, 0, 8, 7], [19, 7, 28, 27, 6, 4, 30, 1], [23, 17, 9, 3, 16, 14, 2, 29], [19, 28, 4, 18, 21, 16, 5, 31], [15, 1, 11, 28, 23, 10, 17, 14], [31, 30, 7, 1, 8, 4, 3, 12], [10, 0, 23, 26, 24, 1, 20, 30], [25, 22, 30, 2, 28, 16, 0, 5], [7, 31, 29, 1, 25, 8, 23, 9], [17, 20, 11, 14, 28, 23, 8, 3], [6, 8, 0, 15, 5, 23, 14, 16], [8, 3, 25, 26, 5, 9, 4, 29], [15, 13, 23, 17, 25, 2, 8, 22], [7, 0, 24, 25, 2, 15, 13, 31], [9, 23, 5, 13, 14, 11, 7, 24], [1, 11, 25, 18, 19, 12, 15, 9], [14, 20, 23, 27, 10, 0, 12, 4], [6, 2, 21, 8, 3, 17, 12, 9], [3, 2, 1, 20, 0, 7, 26, 16], [22, 8, 0, 4, 26, 28, 15, 12], [17, 8, 1, 4, 23, 29, 3, 22], [26, 4, 15, 10, 23, 1, 30, 3], [21, 9, 11, 17, 24, 28, 5, 2], [15, 0, 19, 8, 25, 22, 3, 31], [24, 12, 11, 13, 15, 9, 4, 8], [29, 28, 2, 31, 19, 18, 0, 7], [27, 17, 22, 9, 26, 8, 24, 16], [27, 12, 22, 19, 3, 6, 2, 21], [19, 22, 6, 21, 0, 4, 17, 1], [30, 31, 2, 7, 16, 21, 20, 18], [1, 30, 18, 12, 29, 10, 13, 27], [6, 9, 11, 12, 26, 31, 5, 4], [30, 22, 10, 9, 8, 3, 26, 1], [24, 19, 16, 4, 18, 6, 23, 17], [17, 4, 13, 3, 26, 9, 18, 27], [10, 2, 22, 30, 9, 15, 29, 16], [31, 27, 26, 25, 1, 28, 10, 24], [26, 13, 15, 12, 29, 17, 23, 21], [11, 12, 10, 22, 1, 20, 15, 16]]",8,0.6078461408615112,128,random,0.0,22528,4.0,124,0.6680670380592346,71,136 96 40 128,5630,0.7703521251678467,test,top_r_mean,0.0,0.0,0.25,0.625
0.035904628330995794,0.0,112,0.0,31,0.04930002614855766,qasper,0.5714285714285714,0.0,0.0,0.0,1605.03481:b85fc420eb2f77f6f14f375cc1fcc5155eb5c0a8,mean,1.0,0.0,,0,0.0,128,full_k,0.0,57040,4.0,124,0.0,0,88 80 32 72,3565,1.0,test,top_r_mean,1.0,1.0,1.0,1.0
0.035904628330995794,1.0,112,1.0,31,5.878299940377474,qasper,0.5714285714285714,0.25,0.14285714285714285,0.0,1605.03481:b85fc420eb2f77f6f14f375cc1fcc5155eb5c0a8,mean,0.6261261261261262,0.06090150028467178,,1,1.3006500005722046,128,mean,1.0,1792,4.0,124,1.333145022392273,0,0 72 88 104,3565,0.8158164620399475,test,top_r_mean,0.0,0.0,0.5,0.625
0.035904628330995794,0.0,112,0.0,31,79.12699994631112,qasper,0.5714285714285714,0.0,0.0,0.0,1605.03481:b85fc420eb2f77f6f14f375cc1fcc5155eb5c0a8,mean,0.1640926640926641,0.20161683857440948,"[[24], [24], [24], [24], [24], [24], [24], [24], [24], [24], [24], [24], [24], [24], [24], [24], [24], [24], [24], [24], [24], [24], [24], [24], [24], [24], [24], [24], [24], [24], [24], [24], [24], [24], [24], [24], [24], [24], [24], [24], [24], [24], [24], [24], [24], [24], [24], [24], [24], [24], [24], [24], [24], [24], [24], [24], [24], [24], [24], [24], [24], [24], [24], [24], [24], [24], [24], [24], [24], [24], [24], [24], [24], [24], [24], [24], [24], [24], [24], [24], [24], [24], [24], [24], [24], [24], [24], [24], [24], [24], [24], [24], [24], [24], [24], [24], [24], [24], [24], [24], [24], [24], [24], [24], [24], [24], [24], [24], [24], [24], [24], [5]]",1,1.3644492626190186,128,last,0.0,1792,4.0,124,1.4996988773345947,0,73 103 61 78,3565,0.2461475431919098,test,top_r_mean,0.0,0.0,0.0,0.0
0.035904628330995794,0.0,112,0.0,31,82.52779999747872,qasper,0.5714285714285714,0.0,0.0,0.0,1605.03481:b85fc420eb2f77f6f14f375cc1fcc5155eb5c0a8,mean,0.4874517374517375,0.09243348240852356,"[[20], [6], [10], [20], [16], [6], [6], [23], [10], [15], [17], [23], [0], [30], [11], [28], [14], [17], [27], [16], [4], [16], [28], [17], [12], [9], [13], [17], [26], [22], [4], [16], [19], [11], [17], [3], [2], [7], [4], [12], [20], [30], [11], [19], [14], [1], [13], [14], [13], [21], [10], [13], [9], [5], [24], [15], [14], [19], [12], [31], [3], [24], [28], [20], [23], [29], [21], [17], [25], [15], [21], [25], [14], [18], [18], [12], [4], [23], [9], [8], [17], [14], [0], [23], [3], [17], [18], [6], [7], [19], [3], [24], [2], [4], [16], [19], [14], [17], [10], [23], [5], [27], [6], [24], [1], [20], [1], [25], [29], [20], [23], [1]]",1,0.965019702911377,128,farthest,0.0,1792,4.0,124,1.0398750305175781,0,42 27 103 61,3565,0.6587965488433838,test,top_r_mean,0.0,0.0,0.0,0.375
0.035904628330995794,0.0,112,0.0,31,75.59359981678426,qasper,0.5714285714285714,0.0,0.0,0.0,1605.03481:b85fc420eb2f77f6f14f375cc1fcc5155eb5c0a8,mean,0.5894465894465895,0.0910424292087555,"[[6], [3], [0], [6], [3], [5], [1], [21], [19], [27], [4], [2], [14], [26], [10], [5], [5], [31], [0], [25], [11], [17], [24], [19], [15], [22], [29], [16], [25], [7], [9], [29], [26], [2], [31], [0], [31], [23], [21], [19], [7], [7], [1], [11], [4], [12], [31], [0], [30], [10], [6], [0], [26], [27], [15], [9], [9], [2], [5], [16], [19], [20], [21], [1], [10], [0], [30], [4], [1], [23], [4], [10], [22], [25], [28], [21], [15], [19], [24], [26], [30], [25], [14], [0], [25], [21], [11], [27], [17], [5], [28], [9], [0], [29], [30], [13], [8], [9], [29], [10], [0], [15], [1], [21], [11], [6], [0], [1], [12], [9], [17], [8]]",1,0.3549450635910034,128,greedy_oracle,0.0,1792,4.0,124,0.48091915249824524,0,90 101 94 27,3565,0.7853811383247375,test,top_r_mean,0.0,0.0,0.0,0.0
0.035904628330995794,0.0,112,0.0,31,74.25209996290505,qasper,0.5714285714285714,0.0,0.0,0.0,1605.03481:b85fc420eb2f77f6f14f375cc1fcc5155eb5c0a8,mean,0.2146074646074646,0.23522457480430603,"[[15], [14], [1], [0], [19], [7], [14], [22], [13], [1], [24], [27], [8], [9], [24], [4], [18], [11], [27], [11], [31], [26], [21], [11], [21], [17], [31], [5], [15], [10], [0], [30], [5], [2], [28], [12], [13], [16], [13], [3], [16], [4], [7], [27], [27], [8], [16], [20], [11], [11], [8], [7], [8], [30], [9], [10], [29], [30], [20], [30], [29], [22], [20], [2], [13], [30], [1], [5], [21], [30], [31], [26], [17], [9], [16], [9], [23], [27], [24], [14], [28], [11], [13], [11], [12], [25], [28], [29], [16], [15], [27], [0], [24], [3], [25], [14], [24], [14], [22], [17], [24], [15], [10], [25], [2], [17], [12], [6], [28], [5], [23], [9]]",1,1.2322804927825928,128,random,0.0,1792,4.0,124,1.3971962928771973,11,101 42 32 48,3565,0.3133392632007599,test,top_r_mean,0.0,0.0,0.25,0.25
0.035904628330995794,0.0,112,0.0,31,80.5699999909848,qasper,0.5714285714285714,0.0,0.0,0.0,1605.03481:b85fc420eb2f77f6f14f375cc1fcc5155eb5c0a8,mean,0.2648005148005148,0.24896271526813507,"[[15], [21], [19], [18], [7], [29], [4], [17], [3], [11], [3], [4], [17], [2], [24], [22], [5], [24], [21], [6], [26], [24], [4], [30], [2], [24], [10], [20], [14], [19], [29], [6], [16], [28], [29], [27], [15], [22], [23], [5], [4], [12], [8], [24], [13], [20], [5], [17], [29], [13], [21], [14], [24], [30], [29], [25], [8], [13], [3], [14], [30], [1], [7], [18], [4], [30], [17], [15], [6], [21], [17], [8], [14], [18], [14], [8], [26], [18], [11], [10], [29], [1], [25], [23], [23], [28], [29], [16], [25], [20], [26], [27], [6], [15], [6], [18], [16], [0], [21], [2], [25], [1], [5], [19], [4], [22], [15], [6], [22], [21], [20], [10]]",1,1.3643049001693726,128,random,0.0,1792,4.0,124,1.5263246297836304,23,16 42 40 100,3565,0.3632248044013977,test,top_r_mean,0.0,0.0,0.0,0.375
0.035904628330995794,0.0,112,0.0,31,73.40519991703331,qasper,0.5714285714285714,0.0,0.0,0.0,1605.03481:b85fc420eb2f77f6f14f375cc1fcc5155eb5c0a8,mean,0.4292149292149292,0.11898846924304962,"[[4], [24], [29], [5], [19], [15], [30], [29], [22], [21], [26], [9], [13], [7], [2], [19], [6], [18], [16], [5], [12], [20], [26], [30], [14], [23], [19], [25], [13], [10], [15], [31], [12], [9], [16], [14], [27], [17], [12], [3], [4], [14], [22], [13], [25], [23], [0], [10], [7], [10], [28], [2], [16], [1], [29], [24], [12], [26], [11], [8], [17], [30], [24], [0], [19], [20], [5], [13], [16], [16], [13], [5], [23], [29], [22], [11], [1], [14], [21], [8], [12], [14], [6], [6], [6], [29], [5], [21], [25], [29], [28], [2], [0], [12], [18], [2], [26], [22], [2], [7], [24], [4], [7], [0], [15], [27], [4], [31], [9], [16], [22], [11]]",1,1.2436273097991943,128,random,0.0,1792,4.0,124,1.3348610401153564,37,90 16 104 24,3565,0.5913913249969482,test,top_r_mean,0.0,0.0,0.0,0.625
0.035904628330995794,1.0,112,1.0,31,72.04149989411235,qasper,0.5714285714285714,0.25,0.14285714285714285,0.0,1605.03481:b85fc420eb2f77f6f14f375cc1fcc5155eb5c0a8,mean,0.25064350064350066,0.2107422798871994,"[[5], [12], [27], [23], [12], [7], [26], [30], [21], [29], [3], [0], [4], [31], [4], [19], [27], [24], [29], [5], [16], [25], [20], [22], [13], [19], [3], [19], [29], [30], [23], [6], [2], [25], [20], [11], [7], [14], [2], [31], [21], [11], [19], [10], [24], [2], [2], [17], [21], [18], [5], [8], [8], [25], [14], [18], [4], [13], [8], [18], [5], [18], [16], [14], [6], [5], [4], [2], [5], [26], [2], [12], [27], [25], [4], [14], [26], [8], [31], [21], [8], [21], [5], [26], [17], [24], [23], [26], [2], [28], [26], [7], [5], [1], [12], [19], [25], [31], [1], [5], [22], [22], [16], [31], [6], [21], [19], [30], [6], [16], [9], [11]]",1,1.3359864950180054,128,random,0.3333333333333333,1792,4.0,124,1.4822136163711548,53,73 97 0 42,3565,0.36235350370407104,test,top_r_mean,0.0,0.0,0.0,0.0
0.035904628330995794,0.0,112,0.0,31,86.63649996742606,qasper,0.5714285714285714,0.0,0.0,0.0,1605.03481:b85fc420eb2f77f6f14f375cc1fcc5155eb5c0a8,mean,0.3211068211068211,0.9215301275253296,"[[31], [17], [5], [8], [4], [25], [0], [9], [20], [20], [22], [24], [12], [17], [15], [17], [15], [27], [7], [28], [12], [14], [3], [29], [3], [19], [18], [7], [20], [9], [30], [24], [28], [13], [2], [18], [15], [19], [13], [30], [26], [3], [27], [19], [16], [29], [27], [29], [16], [27], [13], [27], [8], [18], [28], [18], [0], [18], [30], [15], [12], [30], [5], [6], [0], [7], [19], [28], [0], [9], [13], [7], [8], [10], [9], [31], [31], [22], [17], [3], [18], [24], [12], [14], [10], [5], [9], [20], [20], [16], [24], [0], [20], [21], [20], [7], [31], [16], [27], [20], [18], [5], [29], [24], [5], [28], [1], [14], [30], [2], [19], [12]]",1,1.2664822340011597,128,random,0.0,1792,4.0,124,1.3911588191986084,71,64 56 103 41,3565,0.45357397198677063,test,top_r_mean,0.0,0.0,0.0,0.125
0.035904628330995794,0.0,112,0.0,31,81.9906999822706,qasper,0.5714285714285714,0.0,0.0,0.0,1605.03481:b85fc420eb2f77f6f14f375cc1fcc5155eb5c0a8,mean,0.2548262548262548,0.15239523351192474,"[[24, 25], [24, 25], [24, 25], [24, 25], [24, 25], [24, 25], [24, 25], [24, 25], [24, 25], [24, 25], [24, 25], [24, 25], [24, 25], [24, 25], [24, 25], [24, 25], [24, 25], [24, 25], [24, 25], [24, 25], [24, 25], [24, 25], [24, 25], [24, 25], [24, 25], [24, 25], [24, 25], [24, 25], [24, 25], [24, 25], [24, 25], [24, 25], [24, 25], [24, 25], [24, 25], [24, 25], [24, 25], [24, 25], [24, 25], [24, 25], [24, 25], [24, 25], [24, 25], [24, 25], [24, 25], [24, 25], [24, 25], [24, 25], [24, 25], [24, 25], [24, 25], [24, 25], [24, 25], [24, 25], [24, 25], [24, 25], [24, 25], [24, 25], [24, 25], [24, 25], [24, 25], [24, 25], [24, 25], [24, 25], [24, 25], [24, 25], [24, 25], [24, 25], [24, 25], [24, 25], [24, 25], [24, 25], [24, 25], [24, 25], [24, 25], [24, 25], [24, 25], [24, 25], [24, 25], [24, 25], [24, 25], [24, 25], [24, 25], [24, 25], [24, 25], [24, 25], [24, 25], [24, 25], [24, 25], [24, 25], [24, 25], [24, 25], [24, 25], [24, 25], [24, 25], [24, 25], [24, 25], [24, 25], [24, 25], [24, 25], [24, 25], [24, 25], [24, 25], [24, 25], [24, 25], [24, 25], [24, 25], [24, 25], [24, 25], [24, 25], [24, 25], [5, 6]]",2,1.345203161239624,128,last,0.0,3584,4.0,124,1.4455796480178833,0,73 61 40 78,3565,0.3824700117111206,test,top_r_mean,0.0,0.0,0.0,0.0
0.035904628330995794,1.0,112,1.0,31,83.93710013478994,qasper,0.5714285714285714,0.25,0.14285714285714285,0.0,1605.03481:b85fc420eb2f77f6f14f375cc1fcc5155eb5c0a8,mean,0.398970398970399,0.4848611354827881,"[[20, 0], [6, 1], [10, 18], [20, 4], [16, 0], [6, 30], [6, 15], [23, 30], [10, 0], [15, 20], [17, 10], [23, 3], [0, 25], [30, 16], [11, 31], [28, 12], [14, 0], [17, 10], [27, 3], [16, 11], [4, 13], [16, 0], [28, 1], [17, 28], [12, 0], [9, 10], [13, 24], [17, 29], [26, 11], [22, 3], [4, 27], [16, 20], [19, 0], [11, 30], [17, 14], [3, 20], [2, 17], [7, 21], [4, 27], [12, 17], [20, 0], [30, 4], [11, 4], [19, 8], [14, 21], [1, 9], [13, 3], [14, 7], [13, 0], [21, 30], [10, 12], [13, 26], [9, 14], [5, 16], [24, 17], [15, 24], [14, 0], [19, 0], [12, 2], [31, 15], [3, 11], [24, 18], [28, 15], [20, 23], [23, 0], [29, 15], [21, 24], [17, 1], [25, 30], [15, 24], [21, 1], [25, 8], [14, 0], [18, 24], [18, 14], [12, 24], [4, 25], [23, 8], [9, 17], [8, 30], [17, 0], [14, 22], [0, 20], [23, 27], [3, 11], [17, 22], [18, 9], [6, 16], [7, 0], [19, 27], [3, 6], [24, 16], [2, 17], [4, 9], [16, 28], [19, 0], [14, 0], [17, 1], [10, 15], [23, 11], [5, 28], [27, 2], [6, 27], [24, 18], [1, 0], [20, 5], [1, 13], [25, 13], [29, 19], [20, 9], [23, 28], [1, 11]]",2,1.4278813600540161,128,farthest,0.5,3584,4.0,124,1.5458900928497314,0,16 0 88 96,3565,0.5630403161048889,test,top_r_mean,0.0,0.0,0.25,0.5
0.035904628330995794,0.0,112,0.0,31,80.49610001035035,qasper,0.5714285714285714,0.0,0.0,0.0,1605.03481:b85fc420eb2f77f6f14f375cc1fcc5155eb5c0a8,mean,0.7564350064350064,0.10204270482063293,"[[6, 0], [3, 5], [0, 10], [6, 31], [3, 4], [5, 6], [1, 3], [21, 23], [19, 0], [27, 28], [4, 6], [2, 18], [14, 21], [26, 24], [10, 14], [5, 10], [5, 0], [31, 1], [0, 1], [25, 27], [11, 2], [17, 18], [24, 25], [19, 20], [15, 0], [22, 30], [29, 7], [16, 17], [25, 1], [7, 8], [9, 13], [29, 8], [26, 0], [2, 15], [31, 1], [0, 1], [31, 30], [23, 15], [21, 22], [19, 23], [7, 0], [7, 3], [1, 7], [11, 12], [4, 5], [12, 13], [31, 18], [0, 28], [30, 0], [10, 12], [6, 7], [0, 24], [26, 25], [27, 28], [15, 6], [9, 30], [9, 0], [2, 3], [5, 18], [16, 15], [19, 24], [20, 23], [21, 27], [1, 7], [10, 0], [0, 3], [30, 28], [4, 5], [1, 15], [23, 6], [4, 29], [10, 19], [22, 0], [25, 24], [28, 2], [21, 23], [15, 16], [19, 23], [24, 5], [26, 27], [30, 0], [25, 0], [14, 30], [0, 1], [25, 4], [21, 23], [11, 28], [27, 28], [17, 0], [5, 6], [28, 20], [9, 0], [0, 1], [29, 3], [30, 10], [13, 4], [8, 0], [9, 5], [29, 28], [10, 0], [0, 25], [15, 16], [1, 3], [21, 24], [11, 0], [6, 11], [0, 20], [1, 2], [12, 11], [9, 10], [17, 30], [8, 12]]",2,0.3517237603664398,128,greedy_oracle,0.0,3584,4.0,124,0.38224348425865173,0,88 24 80 104,3565,0.9052858352661133,test,top_r_mean,1.0,0.5,0.5,0.75
0.035904628330995794,0.0,112,0.0,31,76.4544999692589,qasper,0.5714285714285714,0.0,0.0,0.0,1605.03481:b85fc420eb2f77f6f14f375cc1fcc5155eb5c0a8,mean,0.31177606177606176,0.14668244123458862,"[[15, 18], [14, 19], [1, 31], [0, 14], [19, 8], [7, 5], [14, 1], [22, 23], [13, 5], [1, 10], [24, 23], [27, 8], [8, 2], [9, 22], [24, 19], [4, 11], [18, 26], [11, 10], [27, 14], [11, 29], [31, 21], [26, 17], [21, 27], [11, 9], [21, 1], [17, 18], [31, 2], [5, 4], [15, 9], [10, 3], [0, 14], [30, 24], [5, 1], [2, 4], [28, 4], [12, 11], [13, 6], [16, 25], [13, 27], [3, 23], [16, 19], [4, 30], [7, 22], [27, 23], [27, 13], [8, 4], [16, 23], [20, 14], [11, 31], [11, 17], [8, 18], [7, 30], [8, 21], [30, 29], [9, 12], [10, 22], [29, 9], [30, 9], [20, 22], [30, 11], [29, 10], [22, 17], [20, 27], [2, 12], [13, 5], [30, 10], [1, 16], [5, 27], [21, 8], [30, 19], [31, 4], [26, 22], [17, 25], [9, 1], [16, 27], [9, 0], [23, 18], [27, 2], [24, 15], [14, 8], [28, 8], [11, 6], [13, 8], [11, 22], [12, 20], [25, 12], [28, 7], [29, 17], [16, 17], [15, 23], [27, 13], [0, 12], [24, 11], [3, 0], [25, 18], [14, 26], [24, 8], [14, 9], [22, 8], [17, 31], [24, 0], [15, 28], [10, 3], [25, 7], [2, 27], [17, 22], [12, 28], [6, 1], [28, 23], [5, 11], [23, 25], [9, 7]]",2,1.2720037698745728,128,random,0.0,3584,4.0,124,1.372599720954895,11,48 42 101 97,3565,0.4339529275894165,test,top_r_mean,0.0,0.0,0.0,0.25
0.035904628330995794,0.0,112,0.0,31,86.42200008034706,qasper,0.5714285714285714,0.0,0.0,0.0,1605.03481:b85fc420eb2f77f6f14f375cc1fcc5155eb5c0a8,mean,0.2908622908622909,0.15051516890525818,"[[15, 11], [21, 25], [19, 25], [18, 15], [7, 31], [29, 1], [4, 22], [17, 20], [3, 2], [11, 4], [3, 26], [4, 29], [17, 24], [2, 29], [24, 5], [22, 5], [5, 12], [24, 27], [21, 16], [6, 15], [26, 25], [24, 27], [4, 27], [30, 13], [2, 25], [24, 6], [10, 6], [20, 19], [14, 19], [19, 15], [29, 16], [6, 8], [16, 6], [28, 0], [29, 31], [27, 30], [15, 26], [22, 9], [23, 10], [5, 22], [4, 22], [12, 9], [8, 31], [24, 13], [13, 4], [20, 12], [5, 22], [17, 9], [29, 13], [13, 20], [21, 11], [14, 19], [24, 27], [30, 27], [29, 22], [25, 6], [8, 28], [13, 11], [3, 31], [14, 31], [30, 16], [1, 25], [7, 4], [18, 29], [4, 26], [30, 9], [17, 30], [15, 23], [6, 31], [21, 20], [17, 13], [8, 24], [14, 16], [18, 3], [14, 5], [8, 1], [26, 9], [18, 1], [11, 3], [10, 22], [29, 3], [1, 16], [25, 5], [23, 5], [23, 18], [28, 3], [29, 28], [16, 17], [25, 1], [20, 6], [26, 17], [27, 13], [6, 2], [15, 14], [6, 31], [18, 6], [16, 0], [0, 11], [21, 30], [2, 31], [25, 18], [1, 0], [5, 20], [19, 17], [4, 28], [22, 7], [15, 9], [6, 20], [22, 12], [21, 14], [20, 13], [10, 6]]",2,1.302140474319458,128,random,0.0,3584,4.0,124,1.3958534002304077,23,96 86 27 34,3565,0.4097191393375397,test,top_r_mean,0.0,0.0,0.0,0.25
0.035904628330995794,0.0,112,0.0,31,76.22849987819791,qasper,0.5714285714285714,0.0,0.0,0.0,1605.03481:b85fc420eb2f77f6f14f375cc1fcc5155eb5c0a8,mean,0.31145431145431146,0.13980625569820404,"[[4, 12], [24, 0], [29, 17], [5, 22], [19, 20], [15, 13], [30, 9], [29, 26], [22, 23], [21, 18], [26, 14], [9, 6], [13, 15], [7, 22], [2, 23], [19, 12], [6, 4], [18, 29], [16, 19], [5, 13], [12, 21], [20, 12], [26, 25], [30, 14], [14, 25], [23, 7], [19, 25], [25, 28], [13, 10], [10, 0], [15, 28], [31, 2], [12, 9], [9, 1], [16, 21], [14, 25], [27, 4], [17, 9], [12, 23], [3, 18], [4, 3], [14, 24], [22, 18], [13, 17], [25, 30], [23, 13], [0, 18], [10, 9], [7, 15], [10, 5], [28, 10], [2, 14], [16, 30], [1, 21], [29, 28], [24, 18], [12, 26], [26, 18], [11, 1], [8, 9], [17, 1], [30, 1], [24, 0], [0, 27], [19, 7], [20, 11], [5, 11], [13, 16], [16, 5], [16, 1], [13, 30], [5, 7], [23, 25], [29, 24], [22, 3], [11, 30], [1, 28], [14, 24], [21, 2], [8, 29], [12, 29], [14, 26], [6, 26], [6, 12], [6, 11], [29, 31], [5, 20], [21, 13], [25, 1], [29, 27], [28, 16], [2, 16], [0, 25], [12, 17], [18, 28], [2, 31], [26, 29], [22, 31], [2, 16], [7, 6], [24, 6], [4, 26], [7, 9], [0, 23], [15, 20], [27, 11], [4, 10], [31, 15], [9, 10], [16, 4], [22, 28], [11, 3]]",2,1.339098572731018,128,random,0.0,3584,4.0,124,1.430658221244812,37,16 24 73 43,3565,0.45318105816841125,test,top_r_mean,0.0,0.0,0.0,0.375
0.035904628330995794,0.0,112,0.0,31,75.40749991312623,qasper,0.5714285714285714,0.0,0.0,0.0,1605.03481:b85fc420eb2f77f6f14f375cc1fcc5155eb5c0a8,mean,0.29954954954954954,0.16241848468780518,"[[5, 12], [12, 19], [27, 9], [23, 5], [12, 4], [7, 6], [26, 0], [30, 22], [21, 7], [29, 4], [3, 5], [0, 6], [4, 31], [31, 17], [4, 0], [19, 4], [27, 17], [24, 13], [29, 3], [5, 7], [16, 23], [25, 31], [20, 5], [22, 20], [13, 12], [19, 24], [3, 16], [19, 11], [29, 20], [30, 3], [23, 11], [6, 14], [2, 18], [25, 8], [20, 28], [11, 19], [7, 26], [14, 8], [2, 22], [31, 20], [21, 31], [11, 30], [19, 27], [10, 22], [24, 6], [2, 13], [2, 3], [17, 27], [21, 15], [18, 4], [5, 14], [8, 26], [8, 20], [25, 4], [14, 12], [18, 8], [4, 11], [13, 12], [8, 24], [18, 6], [5, 24], [18, 24], [16, 28], [14, 29], [6, 14], [5, 18], [4, 23], [2, 11], [5, 1], [26, 0], [2, 22], [12, 5], [27, 22], [25, 5], [4, 24], [14, 9], [26, 19], [8, 29], [31, 10], [21, 25], [8, 16], [21, 2], [5, 10], [26, 19], [17, 5], [24, 21], [23, 21], [26, 17], [2, 16], [28, 5], [26, 2], [7, 4], [5, 14], [1, 30], [12, 18], [19, 20], [25, 5], [31, 6], [1, 31], [5, 22], [22, 31], [22, 5], [16, 29], [31, 6], [6, 28], [21, 12], [19, 18], [30, 4], [6, 27], [16, 18], [9, 6], [11, 6]]",2,1.3100756406784058,128,random,0.0,3584,4.0,124,1.4116312265396118,53,97 98 23 38,3565,0.4353623688220978,test,top_r_mean,0.0,0.0,0.0,0.125
0.035904628330995794,0.0,112,0.0,31,87.33669994398952,qasper,0.5714285714285714,0.0,0.0,0.0,1605.03481:b85fc420eb2f77f6f14f375cc1fcc5155eb5c0a8,mean,0.39414414414414417,0.18657197058200836,"[[31, 21], [17, 25], [5, 30], [8, 1], [4, 11], [25, 13], [0, 16], [9, 7], [20, 28], [20, 29], [22, 3], [24, 0], [12, 29], [17, 3], [15, 6], [17, 28], [15, 5], [27, 1], [7, 15], [28, 9], [12, 0], [14, 16], [3, 27], [29, 28], [3, 25], [19, 0], [18, 22], [7, 8], [20, 11], [9, 0], [30, 31], [24, 8], [28, 2], [13, 17], [2, 31], [18, 17], [15, 9], [19, 11], [13, 9], [30, 8], [26, 5], [3, 4], [27, 7], [19, 5], [16, 21], [29, 16], [27, 16], [29, 25], [16, 31], [27, 6], [13, 29], [27, 5], [8, 9], [18, 8], [28, 18], [18, 8], [0, 24], [18, 19], [30, 6], [15, 14], [12, 7], [30, 29], [5, 6], [6, 2], [0, 18], [7, 15], [19, 7], [28, 27], [0, 9], [9, 30], [13, 29], [7, 28], [8, 9], [10, 28], [9, 18], [31, 20], [31, 16], [22, 25], [17, 18], [3, 10], [18, 3], [24, 20], [12, 6], [14, 24], [10, 0], [5, 1], [9, 10], [20, 22], [20, 27], [16, 4], [24, 9], [0, 30], [20, 0], [21, 25], [20, 7], [7, 28], [31, 13], [16, 28], [27, 9], [20, 22], [18, 21], [5, 13], [29, 30], [24, 15], [5, 24], [28, 31], [1, 12], [14, 30], [30, 0], [2, 23], [19, 28], [12, 8]]",2,1.253538727760315,128,random,0.0,3584,4.0,124,1.3367383480072021,71,64 56 34 16,3565,0.5603751540184021,test,top_r_mean,0.0,0.0,0.0,0.25
0.035904628330995794,0.0,112,0.0,31,74.04490001499653,qasper,0.5714285714285714,0.0,0.0,0.0,1605.03481:b85fc420eb2f77f6f14f375cc1fcc5155eb5c0a8,mean,0.25900900900900903,0.1452946662902832,"[[24, 25, 26, 27], [24, 25, 26, 27], [24, 25, 26, 27], [24, 25, 26, 27], [24, 25, 26, 27], [24, 25, 26, 27], [24, 25, 26, 27], [24, 25, 26, 27], [24, 25, 26, 27], [24, 25, 26, 27], [24, 25, 26, 27], [24, 25, 26, 27], [24, 25, 26, 27], [24, 25, 26, 27], [24, 25, 26, 27], [24, 25, 26, 27], [24, 25, 26, 27], [24, 25, 26, 27], [24, 25, 26, 27], [24, 25, 26, 27], [24, 25, 26, 27], [24, 25, 26, 27], [24, 25, 26, 27], [24, 25, 26, 27], [24, 25, 26, 27], [24, 25, 26, 27], [24, 25, 26, 27], [24, 25, 26, 27], [24, 25, 26, 27], [24, 25, 26, 27], [24, 25, 26, 27], [24, 25, 26, 27], [24, 25, 26, 27], [24, 25, 26, 27], [24, 25, 26, 27], [24, 25, 26, 27], [24, 25, 26, 27], [24, 25, 26, 27], [24, 25, 26, 27], [24, 25, 26, 27], [24, 25, 26, 27], [24, 25, 26, 27], [24, 25, 26, 27], [24, 25, 26, 27], [24, 25, 26, 27], [24, 25, 26, 27], [24, 25, 26, 27], [24, 25, 26, 27], [24, 25, 26, 27], [24, 25, 26, 27], [24, 25, 26, 27], [24, 25, 26, 27], [24, 25, 26, 27], [24, 25, 26, 27], [24, 25, 26, 27], [24, 25, 26, 27], [24, 25, 26, 27], [24, 25, 26, 27], [24, 25, 26, 27], [24, 25, 26, 27], [24, 25, 26, 27], [24, 25, 26, 27], [24, 25, 26, 27], [24, 25, 26, 27], [24, 25, 26, 27], [24, 25, 26, 27], [24, 25, 26, 27], [24, 25, 26, 27], [24, 25, 26, 27], [24, 25, 26, 27], [24, 25, 26, 27], [24, 25, 26, 27], [24, 25, 26, 27], [24, 25, 26, 27], [24, 25, 26, 27], [24, 25, 26, 27], [24, 25, 26, 27], [24, 25, 26, 27], [24, 25, 26, 27], [24, 25, 26, 27], [24, 25, 26, 27], [24, 25, 26, 27], [24, 25, 26, 27], [24, 25, 26, 27], [24, 25, 26, 27], [24, 25, 26, 27], [24, 25, 26, 27], [24, 25, 26, 27], [24, 25, 26, 27], [24, 25, 26, 27], [24, 25, 26, 27], [24, 25, 26, 27], [24, 25, 26, 27], [24, 25, 26, 27], [24, 25, 26, 27], [24, 25, 26, 27], [24, 25, 26, 27], [24, 25, 26, 27], [24, 25, 26, 27], [24, 25, 26, 27], [24, 25, 26, 27], [24, 25, 26, 27], [24, 25, 26, 27], [24, 25, 26, 27], [24, 25, 26, 27], [24, 25, 26, 27], [24, 25, 26, 27], [24, 25, 26, 27], [24, 25, 26, 27], [24, 25, 26, 27], [24, 25, 26, 27], [5, 6, 7, 8]]",4,1.3653271198272705,128,last,0.0,7168,4.0,124,1.4605311155319214,0,73 61 19 88,3565,0.3739963173866272,test,top_r_mean,0.0,0.0,0.25,0.25
0.035904628330995794,1.0,112,1.0,31,72.46019993908703,qasper,0.5714285714285714,0.25,0.14285714285714285,0.0,1605.03481:b85fc420eb2f77f6f14f375cc1fcc5155eb5c0a8,mean,0.4771557271557272,0.08000056445598602,"[[20, 0, 13, 7], [6, 1, 19, 13], [10, 18, 8, 15], [20, 4, 15, 11], [16, 0, 11, 25], [6, 30, 24, 29], [6, 15, 28, 21], [23, 30, 12, 18], [10, 0, 23, 24], [15, 20, 9, 2], [17, 10, 4, 8], [23, 3, 17, 0], [0, 25, 15, 14], [30, 16, 18, 15], [11, 31, 27, 25], [28, 12, 9, 15], [14, 0, 19, 20], [17, 10, 29, 3], [27, 3, 15, 19], [16, 11, 25, 22], [4, 13, 27, 12], [16, 0, 3, 2], [28, 1, 18, 22], [17, 28, 19, 26], [12, 0, 16, 6], [9, 10, 6, 22], [13, 24, 27, 11], [17, 29, 9, 30], [26, 11, 0, 23], [22, 3, 18, 12], [4, 27, 0, 23], [16, 20, 24, 31], [19, 0, 16, 8], [11, 30, 17, 0], [17, 14, 3, 31], [3, 20, 26, 11], [2, 17, 22, 20], [7, 21, 2, 4], [4, 27, 20, 21], [12, 17, 14, 19], [20, 0, 3, 2], [30, 4, 16, 18], [11, 4, 25, 2], [19, 8, 25, 6], [14, 21, 1, 25], [1, 9, 22, 4], [13, 3, 0, 17], [14, 7, 11, 5], [13, 0, 3, 29], [21, 30, 2, 17], [10, 12, 23, 28], [13, 26, 4, 30], [9, 14, 1, 13], [5, 16, 19, 3], [24, 17, 20, 19], [15, 24, 20, 9], [14, 0, 28, 13], [19, 0, 9, 22], [12, 2, 4, 27], [31, 15, 30, 13], [3, 11, 10, 13], [24, 18, 9, 2], [28, 15, 19, 22], [20, 23, 31, 0], [23, 0, 27, 4], [29, 15, 1, 9], [21, 24, 26, 31], [17, 1, 27, 3], [25, 30, 22, 4], [15, 24, 19, 27], [21, 1, 2, 18], [25, 8, 7, 2], [14, 0, 11, 2], [18, 24, 3, 26], [18, 14, 16, 4], [12, 24, 6, 15], [4, 25, 14, 7], [23, 8, 4, 10], [9, 17, 25, 0], [8, 30, 27, 26], [17, 0, 7, 23], [14, 22, 23, 21], [0, 20, 27, 26], [23, 27, 20, 7], [3, 11, 15, 5], [17, 22, 5, 8], [18, 9, 6, 25], [6, 16, 4, 15], [7, 0, 2, 23], [19, 27, 18, 1], [3, 6, 27, 14], [24, 16, 18, 3], [2, 17, 16, 1], [4, 9, 24, 10], [16, 28, 12, 31], [19, 0, 23, 31], [14, 0, 16, 18], [17, 1, 7, 15], [10, 15, 19, 16], [23, 11, 7, 13], [5, 28, 19, 3], [27, 2, 20, 19], [6, 27, 11, 2], [24, 18, 9, 30], [1, 0, 19, 20], [20, 5, 18, 7], [1, 13, 22, 6], [25, 13, 30, 14], [29, 19, 6, 14], [20, 9, 1, 13], [23, 28, 1, 12], [1, 11, 4, 12]]",4,1.5790852308273315,128,farthest,1.0,7168,4.0,124,1.6290730237960815,0,0 72 80 88,3565,0.6592664122581482,test,top_r_mean,0.0,0.0,0.75,0.625
0.035904628330995794,0.0,112,0.0,31,78.03770015016198,qasper,0.5714285714285714,0.0,0.0,0.0,1605.03481:b85fc420eb2f77f6f14f375cc1fcc5155eb5c0a8,mean,0.8201415701415702,0.003211849369108677,"[[6, 0, 5, 20], [3, 5, 6, 14], [0, 10, 14, 23], [6, 31, 18, 8], [3, 4, 21, 5], [5, 6, 13, 8], [1, 3, 20, 2], [21, 23, 24, 22], [19, 0, 20, 21], [27, 28, 13, 17], [4, 6, 12, 7], [2, 18, 19, 22], [14, 21, 4, 3], [26, 24, 27, 28], [10, 14, 21, 18], [5, 10, 6, 16], [5, 0, 1, 13], [31, 1, 6, 2], [0, 1, 6, 9], [25, 27, 28, 26], [11, 2, 3, 4], [17, 18, 21, 16], [24, 25, 3, 8], [19, 20, 21, 30], [15, 0, 17, 11], [22, 30, 8, 25], [29, 7, 8, 9], [16, 17, 19, 8], [25, 1, 3, 4], [7, 8, 9, 15], [9, 13, 14, 27], [29, 8, 11, 13], [26, 0, 5, 6], [2, 15, 16, 1], [31, 1, 2, 13], [0, 1, 2, 9], [31, 30, 10, 2], [23, 15, 24, 7], [21, 22, 2, 4], [19, 23, 22, 29], [7, 0, 13, 4], [7, 3, 6, 8], [1, 7, 11, 17], [11, 12, 17, 3], [4, 5, 8, 10], [12, 13, 24, 26], [31, 18, 23, 17], [0, 28, 31, 27], [30, 0, 11, 5], [10, 12, 1, 21], [6, 7, 8, 5], [0, 24, 1, 3], [26, 25, 29, 3], [27, 28, 26, 25], [15, 6, 12, 1], [9, 30, 10, 11], [9, 0, 20, 19], [2, 3, 5, 4], [5, 18, 17, 0], [16, 15, 8, 9], [19, 24, 18, 27], [20, 23, 24, 22], [21, 27, 22, 5], [1, 7, 4, 2], [10, 0, 12, 23], [0, 3, 2, 4], [30, 28, 29, 21], [4, 5, 9, 29], [1, 15, 9, 0], [23, 6, 24, 25], [4, 29, 30, 5], [10, 19, 3, 6], [22, 0, 2, 3], [25, 24, 27, 26], [28, 2, 29, 3], [21, 23, 1, 22], [15, 16, 18, 22], [19, 23, 20, 30], [24, 5, 25, 13], [26, 27, 3, 29], [30, 0, 9, 7], [25, 0, 12, 13], [14, 30, 31, 11], [0, 1, 24, 2], [25, 4, 26, 27], [21, 23, 14, 30], [11, 28, 12, 15], [27, 28, 0, 5], [17, 0, 5, 26], [5, 6, 17, 18], [28, 20, 25, 29], [9, 0, 1, 18], [0, 1, 24, 2], [29, 3, 11, 30], [30, 10, 31, 9], [13, 4, 3, 1], [8, 0, 2, 14], [9, 5, 31, 8], [29, 28, 31, 9], [10, 0, 12, 16], [0, 25, 4, 5], [15, 16, 21, 18], [1, 3, 18, 14], [21, 24, 22, 23], [11, 0, 15, 12], [6, 11, 7, 9], [0, 20, 21, 4], [1, 2, 3, 11], [12, 11, 20, 15], [9, 10, 14, 13], [17, 30, 31, 14], [8, 12, 7, 2]]",4,0.42940282821655273,128,greedy_oracle,0.0,7168,4.0,124,0.4372384548187256,0,88 32 104 24,3565,0.9456128478050232,test,top_r_mean,1.0,0.5,0.5,1.0
0.035904628330995794,0.0,112,0.0,31,84.9377999547869,qasper,0.5714285714285714,0.0,0.0,0.0,1605.03481:b85fc420eb2f77f6f14f375cc1fcc5155eb5c0a8,mean,0.4346846846846847,0.10392147302627563,"[[15, 18, 27, 3], [14, 19, 28, 12], [1, 31, 20, 19], [0, 14, 11, 20], [19, 8, 11, 17], [7, 5, 14, 1], [14, 1, 28, 16], [22, 23, 13, 24], [13, 5, 30, 29], [1, 10, 12, 22], [24, 23, 19, 2], [27, 8, 30, 21], [8, 2, 10, 7], [9, 22, 14, 16], [24, 19, 17, 25], [4, 11, 7, 21], [18, 26, 5, 29], [11, 10, 5, 26], [27, 14, 24, 19], [11, 29, 23, 0], [31, 21, 3, 4], [26, 17, 16, 29], [21, 27, 17, 14], [11, 9, 30, 13], [21, 1, 5, 7], [17, 18, 3, 2], [31, 2, 25, 17], [5, 4, 12, 26], [15, 9, 0, 2], [10, 3, 30, 27], [0, 14, 5, 21], [30, 24, 11, 16], [5, 1, 16, 20], [2, 4, 22, 19], [28, 4, 21, 31], [12, 11, 10, 13], [13, 6, 7, 21], [16, 25, 29, 14], [13, 27, 31, 25], [3, 23, 22, 4], [16, 19, 23, 27], [4, 30, 14, 31], [7, 22, 14, 2], [27, 23, 20, 3], [27, 13, 5, 15], [8, 4, 24, 19], [16, 23, 2, 3], [20, 14, 27, 31], [11, 31, 30, 22], [11, 17, 10, 3], [8, 18, 25, 16], [7, 30, 16, 25], [8, 21, 9, 10], [30, 29, 28, 23], [9, 12, 29, 21], [10, 22, 12, 28], [29, 9, 30, 6], [30, 9, 21, 26], [20, 22, 29, 9], [30, 11, 6, 4], [29, 10, 18, 8], [22, 17, 8, 14], [20, 27, 3, 1], [2, 12, 3, 30], [13, 5, 17, 19], [30, 10, 2, 13], [1, 16, 15, 2], [5, 27, 20, 28], [21, 8, 5, 28], [30, 19, 27, 17], [31, 4, 28, 11], [26, 22, 1, 6], [17, 25, 16, 28], [9, 1, 22, 17], [16, 27, 20, 26], [9, 0, 22, 13], [23, 18, 7, 28], [27, 2, 25, 8], [24, 15, 6, 25], [14, 8, 22, 17], [28, 8, 3, 1], [11, 6, 29, 3], [13, 8, 14, 21], [11, 22, 30, 18], [12, 20, 9, 28], [25, 12, 28, 13], [28, 7, 5, 16], [29, 17, 18, 5], [16, 17, 14, 19], [15, 23, 0, 17], [27, 13, 23, 0], [0, 12, 11, 31], [24, 11, 17, 14], [3, 0, 28, 30], [25, 18, 4, 2], [14, 26, 6, 16], [24, 8, 13, 0], [14, 9, 25, 19], [22, 8, 2, 9], [17, 31, 24, 25], [24, 0, 2, 5], [15, 28, 29, 31], [10, 3, 6, 24], [25, 7, 10, 4], [2, 27, 29, 24], [17, 22, 28, 25], [12, 28, 21, 8], [6, 1, 16, 25], [28, 23, 7, 13], [5, 11, 4, 28], [23, 25, 12, 10], [9, 7, 3, 10]]",4,1.3051000833511353,128,random,0.0,7168,4.0,124,1.3657112121582031,11,96 42 88 101,3565,0.6142156720161438,test,top_r_mean,0.0,0.0,0.25,0.125
0.035904628330995794,0.0,112,0.0,31,78.78310000523925,qasper,0.5714285714285714,0.0,0.0,0.0,1605.03481:b85fc420eb2f77f6f14f375cc1fcc5155eb5c0a8,mean,0.42824967824967825,0.09559041261672974,"[[15, 11, 5, 27], [21, 25, 27, 11], [19, 25, 17, 14], [18, 15, 17, 22], [7, 31, 23, 18], [29, 1, 5, 3], [4, 22, 1, 25], [17, 20, 10, 12], [3, 2, 31, 28], [11, 4, 12, 30], [3, 26, 24, 16], [4, 29, 3, 9], [17, 24, 31, 3], [2, 29, 17, 31], [24, 5, 3, 1], [22, 5, 7, 21], [5, 12, 19, 1], [24, 27, 6, 18], [21, 16, 0, 12], [6, 15, 5, 24], [26, 25, 17, 28], [24, 27, 16, 31], [4, 27, 23, 0], [30, 13, 7, 3], [2, 25, 27, 13], [24, 6, 8, 21], [10, 6, 19, 4], [20, 19, 26, 10], [14, 19, 27, 29], [19, 15, 25, 24], [29, 16, 1, 21], [6, 8, 17, 11], [16, 6, 9, 2], [28, 0, 25, 10], [29, 31, 13, 21], [27, 30, 16, 22], [15, 26, 4, 13], [22, 9, 0, 11], [23, 10, 20, 7], [5, 22, 9, 31], [4, 22, 17, 26], [12, 9, 26, 15], [8, 31, 21, 14], [24, 13, 9, 17], [13, 4, 30, 14], [20, 12, 14, 15], [5, 22, 6, 13], [17, 9, 2, 28], [29, 13, 18, 15], [13, 20, 14, 27], [21, 11, 28, 27], [14, 19, 22, 21], [24, 27, 18, 4], [30, 27, 10, 11], [29, 22, 9, 15], [25, 6, 4, 9], [8, 28, 20, 16], [13, 11, 5, 23], [3, 31, 1, 27], [14, 31, 4, 15], [30, 16, 31, 7], [1, 25, 14, 3], [7, 4, 18, 3], [18, 29, 2, 22], [4, 26, 23, 19], [30, 9, 7, 6], [17, 30, 1, 26], [15, 23, 12, 17], [6, 31, 30, 13], [21, 20, 14, 18], [17, 13, 3, 22], [8, 24, 2, 11], [14, 16, 27, 6], [18, 3, 26, 19], [14, 5, 15, 16], [8, 1, 5, 2], [26, 9, 5, 19], [18, 1, 14, 30], [11, 3, 4, 21], [10, 22, 0, 17], [29, 3, 31, 20], [1, 16, 9, 28], [25, 5, 14, 16], [23, 5, 16, 17], [23, 18, 28, 14], [28, 3, 0, 6], [29, 28, 0, 3], [16, 17, 23, 31], [25, 1, 10, 0], [20, 6, 8, 26], [26, 17, 9, 22], [27, 13, 14, 7], [6, 2, 19, 27], [15, 14, 3, 27], [6, 31, 20, 22], [18, 6, 8, 24], [16, 0, 7, 30], [0, 11, 2, 19], [21, 30, 13, 15], [2, 31, 24, 26], [25, 18, 6, 28], [1, 0, 17, 7], [5, 20, 18, 23], [19, 17, 22, 31], [4, 28, 15, 16], [22, 7, 11, 24], [15, 9, 29, 20], [6, 20, 17, 18], [22, 12, 25, 6], [21, 14, 20, 28], [20, 13, 10, 21], [10, 6, 8, 2]]",4,1.277397632598877,128,random,0.0,7168,4.0,124,1.3355064392089844,23,88 96 27 86,3565,0.5902723073959351,test,top_r_mean,1.0,0.5,0.25,0.25
0.035904628330995794,0.0,112,0.0,31,82.63830002397299,qasper,0.5714285714285714,0.0,0.0,0.0,1605.03481:b85fc420eb2f77f6f14f375cc1fcc5155eb5c0a8,mean,0.42277992277992277,0.10314173251390457,"[[4, 12, 31, 26], [24, 0, 22, 21], [29, 17, 10, 21], [5, 22, 18, 1], [19, 20, 6, 1], [15, 13, 11, 26], [30, 9, 19, 11], [29, 26, 4, 15], [22, 23, 7, 12], [21, 18, 5, 15], [26, 14, 27, 19], [9, 6, 17, 0], [13, 15, 27, 31], [7, 22, 6, 10], [2, 23, 8, 31], [19, 12, 31, 1], [6, 4, 14, 18], [18, 29, 26, 13], [16, 19, 7, 20], [5, 13, 17, 23], [12, 21, 2, 10], [20, 12, 31, 13], [26, 25, 24, 12], [30, 14, 24, 7], [14, 25, 8, 9], [23, 7, 5, 12], [19, 25, 20, 30], [25, 28, 10, 23], [13, 10, 0, 9], [10, 0, 3, 7], [15, 28, 1, 11], [31, 2, 15, 12], [12, 9, 26, 24], [9, 1, 7, 16], [16, 21, 5, 30], [14, 25, 19, 29], [27, 4, 16, 18], [17, 9, 22, 7], [12, 23, 30, 24], [3, 18, 7, 14], [4, 3, 24, 11], [14, 24, 4, 5], [22, 18, 11, 4], [13, 17, 6, 7], [25, 30, 8, 13], [23, 13, 28, 16], [0, 18, 2, 8], [10, 9, 20, 22], [7, 15, 30, 17], [10, 5, 16, 0], [28, 10, 9, 20], [2, 14, 8, 17], [16, 30, 24, 19], [1, 21, 0, 2], [29, 28, 8, 31], [24, 18, 19, 15], [12, 26, 18, 30], [26, 18, 3, 5], [11, 1, 10, 22], [8, 9, 30, 1], [17, 1, 3, 6], [30, 1, 7, 19], [24, 0, 17, 19], [0, 27, 28, 4], [19, 7, 17, 11], [20, 11, 3, 2], [5, 11, 1, 8], [13, 16, 30, 23], [16, 5, 22, 4], [16, 1, 11, 18], [13, 30, 10, 14], [5, 7, 25, 19], [23, 25, 8, 27], [29, 24, 3, 25], [22, 3, 12, 23], [11, 30, 21, 25], [1, 28, 20, 19], [14, 24, 30, 9], [21, 2, 12, 20], [8, 29, 9, 5], [12, 29, 6, 2], [14, 26, 8, 24], [6, 26, 8, 1], [6, 12, 31, 13], [6, 11, 23, 26], [29, 31, 23, 7], [5, 20, 6, 15], [21, 13, 8, 30], [25, 1, 29, 7], [29, 27, 28, 12], [28, 16, 22, 9], [2, 16, 15, 10], [0, 25, 21, 26], [12, 17, 5, 3], [18, 28, 26, 0], [2, 31, 21, 17], [26, 29, 4, 28], [22, 31, 21, 8], [2, 16, 3, 23], [7, 6, 29, 8], [24, 6, 2, 3], [4, 26, 27, 15], [7, 9, 0, 6], [0, 23, 1, 14], [15, 20, 22, 13], [27, 11, 9, 15], [4, 10, 26, 18], [31, 15, 28, 13], [9, 10, 17, 6], [16, 4, 9, 31], [22, 28, 5, 11], [11, 3, 0, 10]]",4,1.3109917640686035,128,random,0.0,7168,4.0,124,1.3728867769241333,37,43 32 97 57,3565,0.5994892716407776,test,top_r_mean,0.0,0.0,0.25,0.375
0.035904628330995794,0.0,112,0.0,31,66.15089997649193,qasper,0.5714285714285714,0.0,0.0,0.0,1605.03481:b85fc420eb2f77f6f14f375cc1fcc5155eb5c0a8,mean,0.36776061776061775,0.13265609741210938,"[[5, 12, 4, 25], [12, 19, 30, 16], [27, 9, 4, 1], [23, 5, 27, 15], [12, 4, 2, 30], [7, 6, 24, 27], [26, 0, 31, 24], [30, 22, 16, 2], [21, 7, 28, 16], [29, 4, 8, 9], [3, 5, 31, 16], [0, 6, 26, 14], [4, 31, 29, 26], [31, 17, 25, 4], [4, 0, 17, 21], [19, 4, 7, 6], [27, 17, 13, 24], [24, 13, 0, 30], [29, 3, 12, 17], [5, 7, 23, 11], [16, 23, 6, 22], [25, 31, 16, 13], [20, 5, 23, 18], [22, 20, 14, 1], [13, 12, 6, 29], [19, 24, 11, 8], [3, 16, 11, 19], [19, 11, 12, 24], [29, 20, 17, 7], [30, 3, 27, 1], [23, 11, 27, 18], [6, 14, 5, 28], [2, 18, 27, 11], [25, 8, 0, 31], [20, 28, 30, 14], [11, 19, 16, 13], [7, 26, 12, 22], [14, 8, 3, 26], [2, 22, 31, 13], [31, 20, 8, 18], [21, 31, 8, 10], [11, 30, 12, 6], [19, 27, 5, 12], [10, 22, 9, 27], [24, 6, 0, 25], [2, 13, 7, 19], [2, 3, 0, 21], [17, 27, 18, 9], [21, 15, 17, 6], [18, 4, 28, 20], [5, 14, 9, 11], [8, 26, 5, 2], [8, 20, 15, 0], [25, 4, 26, 19], [14, 12, 25, 30], [18, 8, 29, 22], [4, 11, 7, 9], [13, 12, 6, 30], [8, 24, 23, 29], [18, 6, 9, 8], [5, 24, 27, 17], [18, 24, 5, 26], [16, 28, 4, 29], [14, 29, 7, 20], [6, 14, 29, 13], [5, 18, 19, 24], [4, 23, 2, 27], [2, 11, 10, 15], [5, 1, 19, 0], [26, 0, 17, 19], [2, 22, 11, 10], [12, 5, 28, 24], [27, 22, 20, 28], [25, 5, 27, 1], [4, 24, 8, 15], [14, 9, 29, 27], [26, 19, 27, 1], [8, 29, 20, 25], [31, 10, 25, 28], [21, 25, 4, 19], [8, 16, 21, 18], [21, 2, 22, 1], [5, 10, 31, 12], [26, 19, 0, 4], [17, 5, 16, 2], [24, 21, 29, 10], [23, 21, 19, 17], [26, 17, 20, 29], [2, 16, 14, 12], [28, 5, 11, 16], [26, 2, 31, 1], [7, 4, 0, 14], [5, 14, 6, 12], [1, 30, 29, 18], [12, 18, 25, 16], [19, 20, 2, 26], [25, 5, 4, 22], [31, 6, 4, 22], [1, 31, 28, 19], [5, 22, 21, 16], [22, 31, 26, 12], [22, 5, 25, 21], [16, 29, 3, 13], [31, 6, 21, 17], [6, 28, 23, 26], [21, 12, 0, 23], [19, 18, 5, 1], [30, 4, 19, 27], [6, 27, 1, 8], [16, 18, 3, 13], [9, 6, 12, 16], [11, 6, 12, 4]]",4,1.2974905967712402,128,random,0.0,7168,4.0,124,1.3775502443313599,53,98 101 97 42,3565,0.5285133719444275,test,top_r_mean,0.0,0.0,0.0,0.125
0.035904628330995794,0.0,112,0.0,31,79.9658999312669,qasper,0.5714285714285714,0.0,0.0,0.0,1605.03481:b85fc420eb2f77f6f14f375cc1fcc5155eb5c0a8,mean,0.43243243243243246,0.08720173686742783,"[[31, 21, 28, 22], [17, 25, 9, 10], [5, 30, 18, 25], [8, 1, 26, 9], [4, 11, 27, 5], [25, 13, 10, 20], [0, 16, 15, 18], [9, 7, 10, 29], [20, 28, 7, 26], [20, 29, 13, 5], [22, 3, 20, 17], [24, 0, 4, 1], [12, 29, 9, 13], [17, 3, 15, 12], [15, 6, 19, 22], [17, 28, 11, 29], [15, 5, 7, 16], [27, 1, 25, 18], [7, 15, 16, 27], [28, 9, 12, 27], [12, 0, 7, 24], [14, 16, 10, 9], [3, 27, 24, 23], [29, 28, 8, 4], [3, 25, 4, 14], [19, 0, 31, 13], [18, 22, 17, 8], [7, 8, 18, 15], [20, 11, 16, 15], [9, 0, 30, 6], [30, 31, 20, 23], [24, 8, 15, 1], [28, 2, 0, 25], [13, 17, 7, 20], [2, 31, 9, 20], [18, 17, 10, 11], [15, 9, 27, 22], [19, 11, 16, 26], [13, 9, 5, 6], [30, 8, 10, 11], [26, 5, 22, 0], [3, 4, 6, 8], [27, 7, 5, 14], [19, 5, 3, 23], [16, 21, 26, 11], [29, 16, 21, 24], [27, 16, 24, 28], [29, 25, 19, 17], [16, 31, 24, 11], [27, 6, 14, 24], [13, 29, 18, 28], [27, 5, 25, 15], [8, 9, 11, 29], [18, 8, 5, 6], [28, 18, 2, 3], [18, 8, 3, 22], [0, 24, 16, 28], [18, 19, 8, 21], [30, 6, 3, 19], [15, 14, 1, 16], [12, 7, 13, 24], [30, 29, 11, 12], [5, 6, 15, 3], [6, 2, 7, 30], [0, 18, 9, 25], [7, 15, 19, 2], [19, 7, 17, 21], [28, 27, 7, 19], [0, 9, 8, 3], [9, 30, 20, 29], [13, 29, 6, 0], [7, 28, 22, 26], [8, 9, 21, 6], [10, 28, 12, 8], [9, 18, 20, 27], [31, 20, 11, 24], [31, 16, 7, 17], [22, 25, 9, 2], [17, 18, 13, 5], [3, 10, 13, 4], [18, 3, 21, 22], [24, 20, 28, 14], [12, 6, 26, 20], [14, 24, 3, 0], [10, 0, 11, 20], [5, 1, 8, 22], [9, 10, 28, 6], [20, 22, 28, 26], [20, 27, 23, 12], [16, 4, 8, 23], [24, 9, 15, 2], [0, 30, 29, 27], [20, 0, 11, 26], [21, 25, 17, 13], [20, 7, 0, 11], [7, 28, 5, 25], [31, 13, 11, 12], [16, 28, 27, 25], [27, 9, 20, 18], [20, 22, 11, 25], [18, 21, 8, 11], [5, 13, 18, 12], [29, 30, 23, 17], [24, 15, 18, 31], [5, 24, 22, 11], [28, 31, 8, 22], [1, 12, 29, 9], [14, 30, 13, 12], [30, 0, 28, 23], [2, 23, 22, 15], [19, 28, 15, 13], [12, 8, 9, 11]]",4,1.2634077072143555,128,random,0.0,7168,4.0,124,1.3214212656021118,71,32 40 64 56,3565,0.6008302569389343,test,top_r_mean,0.0,0.0,0.25,0.25
0.035904628330995794,0.0,112,0.0,31,73.06309998966753,qasper,0.5714285714285714,0.0,0.0,0.0,1605.03481:b85fc420eb2f77f6f14f375cc1fcc5155eb5c0a8,mean,0.3886743886743887,0.10343560576438904,"[[24, 25, 26, 27, 28, 29, 30, 31], [24, 25, 26, 27, 28, 29, 30, 31], [24, 25, 26, 27, 28, 29, 30, 31], [24, 25, 26, 27, 28, 29, 30, 31], [24, 25, 26, 27, 28, 29, 30, 31], [24, 25, 26, 27, 28, 29, 30, 31], [24, 25, 26, 27, 28, 29, 30, 31], [24, 25, 26, 27, 28, 29, 30, 31], [24, 25, 26, 27, 28, 29, 30, 31], [24, 25, 26, 27, 28, 29, 30, 31], [24, 25, 26, 27, 28, 29, 30, 31], [24, 25, 26, 27, 28, 29, 30, 31], [24, 25, 26, 27, 28, 29, 30, 31], [24, 25, 26, 27, 28, 29, 30, 31], [24, 25, 26, 27, 28, 29, 30, 31], [24, 25, 26, 27, 28, 29, 30, 31], [24, 25, 26, 27, 28, 29, 30, 31], [24, 25, 26, 27, 28, 29, 30, 31], [24, 25, 26, 27, 28, 29, 30, 31], [24, 25, 26, 27, 28, 29, 30, 31], [24, 25, 26, 27, 28, 29, 30, 31], [24, 25, 26, 27, 28, 29, 30, 31], [24, 25, 26, 27, 28, 29, 30, 31], [24, 25, 26, 27, 28, 29, 30, 31], [24, 25, 26, 27, 28, 29, 30, 31], [24, 25, 26, 27, 28, 29, 30, 31], [24, 25, 26, 27, 28, 29, 30, 31], [24, 25, 26, 27, 28, 29, 30, 31], [24, 25, 26, 27, 28, 29, 30, 31], [24, 25, 26, 27, 28, 29, 30, 31], [24, 25, 26, 27, 28, 29, 30, 31], [24, 25, 26, 27, 28, 29, 30, 31], [24, 25, 26, 27, 28, 29, 30, 31], [24, 25, 26, 27, 28, 29, 30, 31], [24, 25, 26, 27, 28, 29, 30, 31], [24, 25, 26, 27, 28, 29, 30, 31], [24, 25, 26, 27, 28, 29, 30, 31], [24, 25, 26, 27, 28, 29, 30, 31], [24, 25, 26, 27, 28, 29, 30, 31], [24, 25, 26, 27, 28, 29, 30, 31], [24, 25, 26, 27, 28, 29, 30, 31], [24, 25, 26, 27, 28, 29, 30, 31], [24, 25, 26, 27, 28, 29, 30, 31], [24, 25, 26, 27, 28, 29, 30, 31], [24, 25, 26, 27, 28, 29, 30, 31], [24, 25, 26, 27, 28, 29, 30, 31], [24, 25, 26, 27, 28, 29, 30, 31], [24, 25, 26, 27, 28, 29, 30, 31], [24, 25, 26, 27, 28, 29, 30, 31], [24, 25, 26, 27, 28, 29, 30, 31], [24, 25, 26, 27, 28, 29, 30, 31], [24, 25, 26, 27, 28, 29, 30, 31], [24, 25, 26, 27, 28, 29, 30, 31], [24, 25, 26, 27, 28, 29, 30, 31], [24, 25, 26, 27, 28, 29, 30, 31], [24, 25, 26, 27, 28, 29, 30, 31], [24, 25, 26, 27, 28, 29, 30, 31], [24, 25, 26, 27, 28, 29, 30, 31], [24, 25, 26, 27, 28, 29, 30, 31], [24, 25, 26, 27, 28, 29, 30, 31], [24, 25, 26, 27, 28, 29, 30, 31], [24, 25, 26, 27, 28, 29, 30, 31], [24, 25, 26, 27, 28, 29, 30, 31], [24, 25, 26, 27, 28, 29, 30, 31], [24, 25, 26, 27, 28, 29, 30, 31], [24, 25, 26, 27, 28, 29, 30, 31], [24, 25, 26, 27, 28, 29, 30, 31], [24, 25, 26, 27, 28, 29, 30, 31], [24, 25, 26, 27, 28, 29, 30, 31], [24, 25, 26, 27, 28, 29, 30, 31], [24, 25, 26, 27, 28, 29, 30, 31], [24, 25, 26, 27, 28, 29, 30, 31], [24, 25, 26, 27, 28, 29, 30, 31], [24, 25, 26, 27, 28, 29, 30, 31], [24, 25, 26, 27, 28, 29, 30, 31], [24, 25, 26, 27, 28, 29, 30, 31], [24, 25, 26, 27, 28, 29, 30, 31], [24, 25, 26, 27, 28, 29, 30, 31], [24, 25, 26, 27, 28, 29, 30, 31], [24, 25, 26, 27, 28, 29, 30, 31], [24, 25, 26, 27, 28, 29, 30, 31], [24, 25, 26, 27, 28, 29, 30, 31], [24, 25, 26, 27, 28, 29, 30, 31], [24, 25, 26, 27, 28, 29, 30, 31], [24, 25, 26, 27, 28, 29, 30, 31], [24, 25, 26, 27, 28, 29, 30, 31], [24, 25, 26, 27, 28, 29, 30, 31], [24, 25, 26, 27, 28, 29, 30, 31], [24, 25, 26, 27, 28, 29, 30, 31], [24, 25, 26, 27, 28, 29, 30, 31], [24, 25, 26, 27, 28, 29, 30, 31], [24, 25, 26, 27, 28, 29, 30, 31], [24, 25, 26, 27, 28, 29, 30, 31], [24, 25, 26, 27, 28, 29, 30, 31], [24, 25, 26, 27, 28, 29, 30, 31], [24, 25, 26, 27, 28, 29, 30, 31], [24, 25, 26, 27, 28, 29, 30, 31], [24, 25, 26, 27, 28, 29, 30, 31], [24, 25, 26, 27, 28, 29, 30, 31], [24, 25, 26, 27, 28, 29, 30, 31], [24, 25, 26, 27, 28, 29, 30, 31], [24, 25, 26, 27, 28, 29, 30, 31], [24, 25, 26, 27, 28, 29, 30, 31], [24, 25, 26, 27, 28, 29, 30, 31], [24, 25, 26, 27, 28, 29, 30, 31], [24, 25, 26, 27, 28, 29, 30, 31], [24, 25, 26, 27, 28, 29, 30, 31], [24, 25, 26, 27, 28, 29, 30, 31], [24, 25, 26, 27, 28, 29, 30, 31], [24, 25, 26, 27, 28, 29, 30, 31], [24, 25, 26, 27, 28, 29, 30, 31], [5, 6, 7, 8, 9, 10, 11, 12]]",8,0.7838782668113708,128,last,0.0,14336,4.0,124,0.8828018307685852,0,90 73 98 61,3565,0.54953533411026,test,top_r_mean,0.0,0.0,0.0,0.25
0.035904628330995794,1.0,112,1.0,31,85.01320006325841,qasper,0.5714285714285714,0.25,0.14285714285714285,0.0,1605.03481:b85fc420eb2f77f6f14f375cc1fcc5155eb5c0a8,mean,0.620978120978121,0.018994735553860664,"[[20, 0, 13, 7, 1, 15, 10, 9], [6, 1, 19, 13, 22, 4, 25, 11], [10, 18, 8, 15, 9, 19, 7, 27], [20, 4, 15, 11, 5, 8, 17, 29], [16, 0, 11, 25, 3, 4, 2, 31], [6, 30, 24, 29, 31, 12, 5, 10], [6, 15, 28, 21, 1, 0, 4, 12], [23, 30, 12, 18, 8, 4, 13, 0], [10, 0, 23, 24, 22, 19, 3, 27], [15, 20, 9, 2, 19, 28, 18, 30], [17, 10, 4, 8, 5, 2, 0, 26], [23, 3, 17, 0, 26, 2, 25, 24], [0, 25, 15, 14, 23, 21, 19, 11], [30, 16, 18, 15, 11, 5, 14, 29], [11, 31, 27, 25, 17, 22, 26, 0], [28, 12, 9, 15, 11, 5, 4, 14], [14, 0, 19, 20, 30, 21, 1, 18], [17, 10, 29, 3, 11, 0, 25, 30], [27, 3, 15, 19, 2, 8, 18, 12], [16, 11, 25, 22, 26, 4, 21, 28], [4, 13, 27, 12, 17, 28, 8, 0], [16, 0, 3, 2, 4, 21, 11, 31], [28, 1, 18, 22, 13, 6, 27, 30], [17, 28, 19, 26, 0, 31, 23, 29], [12, 0, 16, 6, 5, 2, 1, 3], [9, 10, 6, 22, 15, 23, 27, 29], [13, 24, 27, 11, 16, 7, 15, 3], [17, 29, 9, 30, 6, 27, 16, 18], [26, 11, 0, 23, 5, 17, 18, 31], [22, 3, 18, 12, 4, 5, 17, 20], [4, 27, 0, 23, 7, 12, 16, 19], [16, 20, 24, 31, 1, 15, 19, 29], [19, 0, 16, 8, 17, 10, 2, 5], [11, 30, 17, 0, 28, 7, 4, 23], [17, 14, 3, 31, 0, 5, 4, 18], [3, 20, 26, 11, 28, 21, 1, 25], [2, 17, 22, 20, 1, 30, 9, 16], [7, 21, 2, 4, 9, 13, 25, 23], [4, 27, 20, 21, 24, 12, 31, 7], [12, 17, 14, 19, 20, 27, 24, 9], [20, 0, 3, 2, 23, 22, 17, 31], [30, 4, 16, 18, 3, 21, 28, 11], [11, 4, 25, 2, 26, 30, 18, 0], [19, 8, 25, 6, 1, 9, 29, 26], [14, 21, 1, 25, 23, 5, 18, 15], [1, 9, 22, 4, 29, 18, 23, 6], [13, 3, 0, 17, 11, 29, 4, 7], [14, 7, 11, 5, 30, 29, 0, 26], [13, 0, 3, 29, 2, 30, 4, 27], [21, 30, 2, 17, 31, 18, 4, 16], [10, 12, 23, 28, 7, 0, 15, 2], [13, 26, 4, 30, 27, 29, 25, 23], [9, 14, 1, 13, 31, 20, 17, 25], [5, 16, 19, 3, 27, 23, 22, 28], [24, 17, 20, 19, 16, 11, 4, 10], [15, 24, 20, 9, 8, 22, 6, 21], [14, 0, 28, 13, 1, 11, 17, 18], [19, 0, 9, 22, 1, 15, 11, 27], [12, 2, 4, 27, 28, 10, 18, 1], [31, 15, 30, 13, 26, 10, 23, 12], [3, 11, 10, 13, 16, 0, 23, 29], [24, 18, 9, 2, 21, 4, 17, 20], [28, 15, 19, 22, 1, 26, 11, 14], [20, 23, 31, 0, 12, 30, 3, 9], [23, 0, 27, 4, 2, 15, 18, 8], [29, 15, 1, 9, 3, 11, 22, 13], [21, 24, 26, 31, 9, 29, 18, 27], [17, 1, 27, 3, 12, 25, 4, 2], [25, 30, 22, 4, 0, 2, 20, 6], [15, 24, 19, 27, 3, 26, 0, 23], [21, 1, 2, 18, 14, 4, 3, 7], [25, 8, 7, 2, 28, 9, 24, 11], [14, 0, 11, 2, 1, 27, 24, 21], [18, 24, 3, 26, 6, 21, 23, 11], [18, 14, 16, 4, 1, 20, 27, 28], [12, 24, 6, 15, 22, 20, 30, 10], [4, 25, 14, 7, 16, 23, 1, 29], [23, 8, 4, 10, 25, 6, 11, 1], [9, 17, 25, 0, 24, 28, 27, 12], [8, 30, 27, 26, 1, 19, 21, 14], [17, 0, 7, 23, 2, 5, 31, 8], [14, 22, 23, 21, 10, 13, 11, 2], [0, 20, 27, 26, 25, 12, 31, 19], [23, 27, 20, 7, 16, 12, 1, 5], [3, 11, 15, 5, 7, 30, 0, 8], [17, 22, 5, 8, 28, 20, 2, 9], [18, 9, 6, 25, 11, 0, 17, 24], [6, 16, 4, 15, 19, 13, 2, 27], [7, 0, 2, 23, 18, 31, 13, 16], [19, 27, 18, 1, 7, 5, 31, 15], [3, 6, 27, 14, 29, 28, 7, 15], [24, 16, 18, 3, 15, 27, 21, 29], [2, 17, 16, 1, 15, 29, 19, 18], [4, 9, 24, 10, 13, 7, 2, 17], [16, 28, 12, 31, 0, 13, 3, 29], [19, 0, 23, 31, 9, 26, 22, 5], [14, 0, 16, 18, 4, 22, 1, 13], [17, 1, 7, 15, 11, 5, 10, 0], [10, 15, 19, 16, 30, 26, 28, 12], [23, 11, 7, 13, 17, 18, 14, 10], [5, 28, 19, 3, 31, 7, 16, 4], [27, 2, 20, 19, 3, 0, 15, 14], [6, 27, 11, 2, 13, 26, 23, 31], [24, 18, 9, 30, 17, 26, 1, 0], [1, 0, 19, 20, 13, 28, 23, 2], [20, 5, 18, 7, 4, 6, 10, 1], [1, 13, 22, 6, 27, 31, 3, 15], [25, 13, 30, 14, 17, 1, 4, 27], [29, 19, 6, 14, 18, 7, 10, 0], [20, 9, 1, 13, 23, 22, 28, 25], [23, 28, 1, 12, 3, 27, 9, 0], [1, 11, 4, 12, 10, 0, 3, 6]]",8,0.6815170049667358,128,farthest,0.5,14336,4.0,124,0.7131581902503967,0,72 0 80 88,3565,0.808060348033905,test,top_r_mean,0.0,0.0,0.75,0.625
0.035904628330995794,0.0,112,0.0,31,97.70040004514158,qasper,0.5714285714285714,0.0,0.0,0.0,1605.03481:b85fc420eb2f77f6f14f375cc1fcc5155eb5c0a8,mean,0.9086229086229086,0.0009893113747239113,"[[6, 0, 5, 20, 4, 25, 18, 14], [3, 5, 6, 14, 27, 18, 7, 11], [0, 10, 14, 23, 1, 4, 26, 5], [6, 31, 18, 8, 20, 10, 16, 23], [3, 4, 21, 5, 0, 23, 24, 1], [5, 6, 13, 8, 21, 7, 28, 27], [1, 3, 20, 2, 6, 10, 9, 4], [21, 23, 24, 22, 31, 14, 29, 30], [19, 0, 20, 21, 1, 25, 22, 7], [27, 28, 13, 17, 14, 9, 7, 31], [4, 6, 12, 7, 5, 14, 15, 21], [2, 18, 19, 22, 5, 4, 9, 3], [14, 21, 4, 3, 15, 17, 11, 18], [26, 24, 27, 28, 17, 6, 11, 29], [10, 14, 21, 18, 1, 15, 17, 19], [5, 10, 6, 16, 8, 19, 15, 24], [5, 0, 1, 13, 6, 14, 16, 4], [31, 1, 6, 2, 5, 7, 25, 4], [0, 1, 6, 9, 26, 10, 18, 31], [25, 27, 28, 26, 29, 3, 2, 6], [11, 2, 3, 4, 23, 6, 15, 5], [17, 18, 21, 16, 10, 4, 11, 6], [24, 25, 3, 8, 29, 5, 9, 17], [19, 20, 21, 30, 22, 27, 24, 29], [15, 0, 17, 11, 10, 14, 9, 27], [22, 30, 8, 25, 9, 19, 7, 28], [29, 7, 8, 9, 12, 19, 0, 14], [16, 17, 19, 8, 26, 18, 20, 10], [25, 1, 3, 4, 22, 23, 14, 29], [7, 8, 9, 15, 10, 16, 13, 0], [9, 13, 14, 27, 15, 12, 4, 17], [29, 8, 11, 13, 9, 30, 24, 10], [26, 0, 5, 6, 3, 18, 20, 28], [2, 15, 16, 1, 3, 0, 22, 7], [31, 1, 2, 13, 26, 23, 14, 22], [0, 1, 2, 9, 31, 23, 27, 4], [31, 30, 10, 2, 16, 0, 24, 13], [23, 15, 24, 7, 19, 25, 11, 28], [21, 22, 2, 4, 23, 25, 1, 6], [19, 23, 22, 29, 1, 20, 21, 30], [7, 0, 13, 4, 25, 22, 21, 19], [7, 3, 6, 8, 4, 9, 5, 15], [1, 7, 11, 17, 12, 8, 20, 18], [11, 12, 17, 3, 7, 6, 15, 28], [4, 5, 8, 10, 7, 0, 9, 22], [12, 13, 24, 26, 18, 17, 25, 27], [31, 18, 23, 17, 24, 27, 25, 9], [0, 28, 31, 27, 29, 15, 20, 1], [30, 0, 11, 5, 31, 15, 18, 25], [10, 12, 1, 21, 22, 14, 13, 4], [6, 7, 8, 5, 19, 28, 15, 31], [0, 24, 1, 3, 11, 23, 7, 6], [26, 25, 29, 3, 28, 10, 7, 30], [27, 28, 26, 25, 29, 30, 15, 12], [15, 6, 12, 1, 25, 8, 14, 26], [9, 30, 10, 11, 1, 20, 12, 2], [9, 0, 20, 19, 31, 29, 26, 30], [2, 3, 5, 4, 19, 30, 31, 1], [5, 18, 17, 0, 6, 1, 8, 23], [16, 15, 8, 9, 26, 13, 27, 14], [19, 24, 18, 27, 25, 28, 3, 29], [20, 23, 24, 22, 26, 0, 29, 30], [21, 27, 22, 5, 0, 6, 1, 3], [1, 7, 4, 2, 0, 23, 10, 13], [10, 0, 12, 23, 20, 31, 11, 24], [0, 3, 2, 4, 6, 1, 18, 13], [30, 28, 29, 21, 11, 7, 31, 3], [4, 5, 9, 29, 30, 10, 3, 31], [1, 15, 9, 0, 2, 17, 8, 27], [23, 6, 24, 25, 2, 1, 4, 7], [4, 29, 30, 5, 6, 31, 17, 9], [10, 19, 3, 6, 13, 11, 14, 12], [22, 0, 2, 3, 23, 1, 14, 19], [25, 24, 27, 26, 28, 13, 20, 30], [28, 2, 29, 3, 0, 18, 4, 7], [21, 23, 1, 22, 12, 5, 17, 27], [15, 16, 18, 22, 20, 4, 17, 19], [19, 23, 20, 30, 10, 21, 26, 7], [24, 5, 25, 13, 26, 31, 12, 27], [26, 27, 3, 29, 6, 31, 23, 28], [30, 0, 9, 7, 10, 2, 3, 13], [25, 0, 12, 13, 9, 15, 31, 28], [14, 30, 31, 11, 1, 13, 0, 26], [0, 1, 24, 2, 3, 5, 19, 13], [25, 4, 26, 27, 28, 14, 29, 22], [21, 23, 14, 30, 12, 20, 13, 31], [11, 28, 12, 15, 13, 14, 31, 9], [27, 28, 0, 5, 30, 13, 29, 7], [17, 0, 5, 26, 18, 30, 28, 12], [5, 6, 17, 18, 10, 15, 26, 7], [28, 20, 25, 29, 30, 31, 27, 26], [9, 0, 1, 18, 6, 3, 7, 19], [0, 1, 24, 2, 27, 5, 10, 21], [29, 3, 11, 30, 12, 0, 8, 7], [30, 10, 31, 9, 11, 13, 27, 6], [13, 4, 3, 1, 0, 2, 29, 18], [8, 0, 2, 14, 17, 13, 15, 7], [9, 5, 31, 8, 6, 20, 10, 18], [29, 28, 31, 9, 18, 30, 3, 14], [10, 0, 12, 16, 11, 1, 15, 6], [0, 25, 4, 5, 1, 6, 30, 31], [15, 16, 21, 18, 22, 17, 5, 20], [1, 3, 18, 14, 2, 31, 29, 5], [21, 24, 22, 23, 29, 28, 31, 27], [11, 0, 15, 12, 1, 30, 31, 13], [6, 11, 7, 9, 3, 16, 21, 4], [0, 20, 21, 4, 10, 18, 12, 2], [1, 2, 3, 11, 10, 12, 8, 29], [12, 11, 20, 15, 16, 13, 1, 26], [9, 10, 14, 13, 12, 5, 17, 11], [17, 30, 31, 14, 18, 15, 23, 8], [8, 12, 7, 2, 5, 10, 6, 3]]",8,0.14443254470825195,128,greedy_oracle,0.0,14336,4.0,124,0.151243656873703,0,80 48 32 88,3565,0.9858629107475281,test,top_r_mean,0.0,0.5,0.75,1.0
0.035904628330995794,0.0,112,0.0,31,90.25390003807843,qasper,0.5714285714285714,0.0,0.0,0.0,1605.03481:b85fc420eb2f77f6f14f375cc1fcc5155eb5c0a8,mean,0.6396396396396397,0.051147934049367905,"[[15, 18, 27, 3, 5, 23, 1, 31], [14, 19, 28, 12, 27, 25, 6, 0], [1, 31, 20, 19, 5, 21, 10, 9], [0, 14, 11, 20, 17, 4, 25, 5], [19, 8, 11, 17, 6, 15, 13, 1], [7, 5, 14, 1, 27, 19, 2, 6], [14, 1, 28, 16, 2, 24, 8, 27], [22, 23, 13, 24, 7, 1, 15, 5], [13, 5, 30, 29, 0, 19, 8, 9], [1, 10, 12, 22, 4, 20, 23, 31], [24, 23, 19, 2, 3, 8, 5, 9], [27, 8, 30, 21, 9, 14, 29, 17], [8, 2, 10, 7, 14, 3, 21, 20], [9, 22, 14, 16, 28, 17, 0, 21], [24, 19, 17, 25, 31, 16, 20, 15], [4, 11, 7, 21, 26, 25, 22, 24], [18, 26, 5, 29, 14, 22, 6, 9], [11, 10, 5, 26, 31, 20, 27, 9], [27, 14, 24, 19, 11, 6, 21, 20], [11, 29, 23, 0, 1, 15, 9, 20], [31, 21, 3, 4, 20, 6, 24, 11], [26, 17, 16, 29, 22, 13, 31, 25], [21, 27, 17, 14, 1, 7, 20, 30], [11, 9, 30, 13, 17, 5, 28, 26], [21, 1, 5, 7, 12, 17, 15, 25], [17, 18, 3, 2, 31, 19, 15, 5], [31, 2, 25, 17, 27, 15, 0, 7], [5, 4, 12, 26, 18, 30, 28, 6], [15, 9, 0, 2, 1, 3, 30, 25], [10, 3, 30, 27, 29, 24, 15, 19], [0, 14, 5, 21, 6, 27, 13, 3], [30, 24, 11, 16, 17, 19, 8, 22], [5, 1, 16, 20, 26, 9, 27, 17], [2, 4, 22, 19, 9, 16, 30, 20], [28, 4, 21, 31, 22, 15, 20, 26], [12, 11, 10, 13, 25, 16, 24, 0], [13, 6, 7, 21, 12, 22, 26, 17], [16, 25, 29, 14, 7, 2, 0, 24], [13, 27, 31, 25, 0, 30, 29, 24], [3, 23, 22, 4, 10, 14, 9, 24], [16, 19, 23, 27, 17, 11, 18, 28], [4, 30, 14, 31, 15, 0, 23, 28], [7, 22, 14, 2, 8, 26, 9, 19], [27, 23, 20, 3, 28, 2, 8, 11], [27, 13, 5, 15, 12, 17, 3, 25], [8, 4, 24, 19, 26, 6, 27, 3], [16, 23, 2, 3, 11, 22, 5, 18], [20, 14, 27, 31, 4, 16, 6, 23], [11, 31, 30, 22, 0, 9, 13, 3], [11, 17, 10, 3, 26, 31, 4, 15], [8, 18, 25, 16, 15, 10, 20, 5], [7, 30, 16, 25, 4, 10, 14, 28], [8, 21, 9, 10, 1, 29, 31, 20], [30, 29, 28, 23, 16, 14, 12, 26], [9, 12, 29, 21, 7, 17, 26, 22], [10, 22, 12, 28, 19, 11, 24, 3], [29, 9, 30, 6, 10, 11, 28, 0], [30, 9, 21, 26, 24, 1, 4, 16], [20, 22, 29, 9, 1, 24, 28, 30], [30, 11, 6, 4, 7, 15, 9, 0], [29, 10, 18, 8, 23, 19, 17, 20], [22, 17, 8, 14, 25, 0, 28, 9], [20, 27, 3, 1, 0, 2, 28, 21], [2, 12, 3, 30, 29, 22, 15, 27], [13, 5, 17, 19, 1, 24, 8, 0], [30, 10, 2, 13, 24, 22, 3, 6], [1, 16, 15, 2, 21, 3, 28, 24], [5, 27, 20, 28, 7, 23, 31, 16], [21, 8, 5, 28, 6, 16, 12, 13], [30, 19, 27, 17, 25, 24, 28, 13], [31, 4, 28, 11, 14, 27, 30, 23], [26, 22, 1, 6, 19, 8, 25, 13], [17, 25, 16, 28, 5, 21, 1, 2], [9, 1, 22, 17, 3, 27, 28, 11], [16, 27, 20, 26, 13, 11, 10, 8], [9, 0, 22, 13, 24, 26, 7, 30], [23, 18, 7, 28, 11, 21, 25, 19], [27, 2, 25, 8, 28, 0, 3, 13], [24, 15, 6, 25, 14, 18, 9, 10], [14, 8, 22, 17, 2, 21, 18, 30], [28, 8, 3, 1, 27, 0, 16, 2], [11, 6, 29, 3, 27, 14, 7, 25], [13, 8, 14, 21, 11, 3, 18, 19], [11, 22, 30, 18, 16, 17, 6, 2], [12, 20, 9, 28, 3, 19, 11, 4], [25, 12, 28, 13, 11, 24, 0, 23], [28, 7, 5, 16, 24, 2, 20, 3], [29, 17, 18, 5, 0, 2, 10, 4], [16, 17, 14, 19, 1, 12, 23, 26], [15, 23, 0, 17, 5, 25, 29, 10], [27, 13, 23, 0, 19, 12, 24, 11], [0, 12, 11, 31, 5, 10, 27, 1], [24, 11, 17, 14, 19, 20, 6, 3], [3, 0, 28, 30, 21, 13, 7, 23], [25, 18, 4, 2, 30, 17, 10, 23], [14, 26, 6, 16, 8, 13, 1, 28], [24, 8, 13, 0, 26, 23, 6, 11], [14, 9, 25, 19, 31, 7, 2, 28], [22, 8, 2, 9, 13, 20, 26, 4], [17, 31, 24, 25, 15, 1, 2, 19], [24, 0, 2, 5, 27, 4, 6, 21], [15, 28, 29, 31, 14, 20, 12, 26], [10, 3, 6, 24, 18, 4, 2, 0], [25, 7, 10, 4, 14, 15, 8, 31], [2, 27, 29, 24, 1, 9, 4, 18], [17, 22, 28, 25, 27, 5, 18, 7], [12, 28, 21, 8, 3, 2, 4, 15], [6, 1, 16, 25, 9, 8, 14, 12], [28, 23, 7, 13, 6, 8, 24, 3], [5, 11, 4, 28, 10, 31, 2, 21], [23, 25, 12, 10, 20, 29, 11, 27], [9, 7, 3, 10, 6, 2, 12, 4]]",8,0.6532584428787231,128,random,0.0,14336,4.0,124,0.7061613202095032,11,48 96 8 80,3565,0.8214883804321289,test,top_r_mean,0.0,0.0,0.25,0.375
0.035904628330995794,0.0,112,0.0,31,90.0674001313746,qasper,0.5714285714285714,0.0,0.0,0.0,1605.03481:b85fc420eb2f77f6f14f375cc1fcc5155eb5c0a8,mean,0.5875160875160875,0.0721014142036438,"[[15, 11, 5, 27, 17, 9, 26, 2], [21, 25, 27, 11, 10, 30, 28, 24], [19, 25, 17, 14, 18, 0, 5, 24], [18, 15, 17, 22, 4, 16, 24, 6], [7, 31, 23, 18, 24, 13, 10, 0], [29, 1, 5, 3, 12, 6, 2, 21], [4, 22, 1, 25, 12, 0, 29, 10], [17, 20, 10, 12, 18, 5, 23, 8], [3, 2, 31, 28, 4, 18, 24, 13], [11, 4, 12, 30, 24, 10, 23, 9], [3, 26, 24, 16, 20, 6, 28, 30], [4, 29, 3, 9, 27, 14, 6, 16], [17, 24, 31, 3, 9, 7, 23, 28], [2, 29, 17, 31, 21, 28, 15, 30], [24, 5, 3, 1, 17, 2, 28, 8], [22, 5, 7, 21, 25, 26, 12, 24], [5, 12, 19, 1, 29, 8, 25, 3], [24, 27, 6, 18, 8, 23, 31, 3], [21, 16, 0, 12, 30, 26, 14, 28], [6, 15, 5, 24, 28, 2, 29, 8], [26, 25, 17, 28, 7, 2, 14, 29], [24, 27, 16, 31, 25, 0, 4, 28], [4, 27, 23, 0, 12, 26, 11, 6], [30, 13, 7, 3, 16, 4, 17, 20], [2, 25, 27, 13, 28, 6, 12, 3], [24, 6, 8, 21, 20, 19, 18, 11], [10, 6, 19, 4, 15, 26, 5, 24], [20, 19, 26, 10, 29, 31, 28, 13], [14, 19, 27, 29, 7, 3, 0, 20], [19, 15, 25, 24, 26, 10, 4, 8], [29, 16, 1, 21, 19, 27, 9, 12], [6, 8, 17, 11, 1, 29, 23, 16], [16, 6, 9, 2, 1, 24, 21, 12], [28, 0, 25, 10, 27, 31, 6, 9], [29, 31, 13, 21, 7, 1, 30, 25], [27, 30, 16, 22, 14, 13, 26, 4], [15, 26, 4, 13, 30, 16, 22, 2], [22, 9, 0, 11, 7, 12, 30, 27], [23, 10, 20, 7, 21, 14, 25, 15], [5, 22, 9, 31, 27, 6, 14, 12], [4, 22, 17, 26, 25, 13, 30, 9], [12, 9, 26, 15, 10, 25, 5, 13], [8, 31, 21, 14, 20, 28, 3, 26], [24, 13, 9, 17, 6, 18, 23, 11], [13, 4, 30, 14, 21, 0, 11, 27], [20, 12, 14, 15, 7, 0, 2, 4], [5, 22, 6, 13, 19, 23, 14, 15], [17, 9, 2, 28, 19, 6, 7, 13], [29, 13, 18, 15, 2, 9, 21, 17], [13, 20, 14, 27, 1, 31, 7, 17], [21, 11, 28, 27, 20, 24, 7, 31], [14, 19, 22, 21, 17, 29, 0, 31], [24, 27, 18, 4, 5, 17, 2, 19], [30, 27, 10, 11, 2, 20, 16, 17], [29, 22, 9, 15, 6, 19, 20, 16], [25, 6, 4, 9, 10, 29, 21, 30], [8, 28, 20, 16, 23, 6, 13, 15], [13, 11, 5, 23, 29, 19, 25, 8], [3, 31, 1, 27, 22, 28, 20, 25], [14, 31, 4, 15, 21, 19, 23, 26], [30, 16, 31, 7, 13, 0, 22, 20], [1, 25, 14, 3, 16, 21, 13, 22], [7, 4, 18, 3, 20, 13, 26, 25], [18, 29, 2, 22, 19, 30, 7, 8], [4, 26, 23, 19, 31, 29, 5, 8], [30, 9, 7, 6, 18, 28, 19, 1], [17, 30, 1, 26, 18, 7, 10, 8], [15, 23, 12, 17, 28, 6, 5, 1], [6, 31, 30, 13, 0, 5, 22, 4], [21, 20, 14, 18, 7, 22, 17, 15], [17, 13, 3, 22, 15, 31, 14, 5], [8, 24, 2, 11, 9, 12, 21, 0], [14, 16, 27, 6, 4, 20, 30, 29], [18, 3, 26, 19, 23, 16, 6, 10], [14, 5, 15, 16, 22, 21, 29, 31], [8, 1, 5, 2, 16, 4, 18, 10], [26, 9, 5, 19, 3, 11, 15, 1], [18, 1, 14, 30, 3, 24, 23, 6], [11, 3, 4, 21, 29, 7, 13, 26], [10, 22, 0, 17, 13, 7, 31, 5], [29, 3, 31, 20, 8, 9, 13, 7], [1, 16, 9, 28, 2, 3, 14, 19], [25, 5, 14, 16, 19, 9, 21, 12], [23, 5, 16, 17, 6, 11, 13, 21], [23, 18, 28, 14, 19, 27, 30, 22], [28, 3, 0, 6, 4, 14, 24, 2], [29, 28, 0, 3, 4, 22, 13, 11], [16, 17, 23, 31, 11, 15, 24, 0], [25, 1, 10, 0, 6, 3, 22, 28], [20, 6, 8, 26, 10, 5, 4, 24], [26, 17, 9, 22, 24, 29, 19, 5], [27, 13, 14, 7, 21, 8, 16, 6], [6, 2, 19, 27, 30, 17, 14, 16], [15, 14, 3, 27, 12, 21, 16, 9], [6, 31, 20, 22, 27, 25, 1, 19], [18, 6, 8, 24, 4, 9, 22, 2], [16, 0, 7, 30, 22, 31, 1, 11], [0, 11, 2, 19, 4, 21, 28, 8], [21, 30, 13, 15, 18, 8, 4, 29], [2, 31, 24, 26, 27, 11, 4, 10], [25, 18, 6, 28, 23, 27, 0, 2], [1, 0, 17, 7, 21, 14, 8, 29], [5, 20, 18, 23, 25, 30, 21, 8], [19, 17, 22, 31, 16, 7, 14, 21], [4, 28, 15, 16, 19, 2, 30, 14], [22, 7, 11, 24, 18, 19, 10, 21], [15, 9, 29, 20, 14, 17, 16, 12], [6, 20, 17, 18, 23, 7, 22, 12], [22, 12, 25, 6, 10, 20, 26, 3], [21, 14, 20, 28, 19, 11, 24, 22], [20, 13, 10, 21, 12, 18, 6, 29], [10, 6, 8, 2, 1, 7, 5, 11]]",8,0.7069666385650635,128,random,0.0,14336,4.0,124,0.7735714316368103,23,88 96 80 34,3565,0.7599600553512573,test,top_r_mean,1.0,0.5,0.5,0.375
0.035904628330995794,0.0,112,0.0,31,85.63279989175498,qasper,0.5714285714285714,0.0,0.0,0.0,1605.03481:b85fc420eb2f77f6f14f375cc1fcc5155eb5c0a8,mean,0.5933075933075933,0.06329361349344254,"[[4, 12, 31, 26, 20, 11, 8, 16], [24, 0, 22, 21, 16, 9, 17, 15], [29, 17, 10, 21, 19, 6, 27, 25], [5, 22, 18, 1, 4, 2, 14, 0], [19, 20, 6, 1, 12, 3, 2, 27], [15, 13, 11, 26, 18, 12, 25, 9], [30, 9, 19, 11, 8, 31, 12, 22], [29, 26, 4, 15, 28, 5, 24, 11], [22, 23, 7, 12, 2, 20, 28, 19], [21, 18, 5, 15, 4, 8, 13, 17], [26, 14, 27, 19, 23, 18, 10, 5], [9, 6, 17, 0, 3, 29, 1, 8], [13, 15, 27, 31, 8, 24, 26, 10], [7, 22, 6, 10, 21, 26, 25, 30], [2, 23, 8, 31, 12, 4, 17, 21], [19, 12, 31, 1, 15, 18, 8, 5], [6, 4, 14, 18, 0, 22, 28, 30], [18, 29, 26, 13, 8, 6, 27, 4], [16, 19, 7, 20, 3, 17, 9, 25], [5, 13, 17, 23, 7, 22, 27, 2], [12, 21, 2, 10, 1, 5, 22, 0], [20, 12, 31, 13, 11, 1, 18, 21], [26, 25, 24, 12, 2, 19, 6, 0], [30, 14, 24, 7, 12, 17, 19, 16], [14, 25, 8, 9, 23, 3, 12, 27], [23, 7, 5, 12, 2, 18, 26, 25], [19, 25, 20, 30, 15, 29, 4, 10], [25, 28, 10, 23, 20, 30, 19, 13], [13, 10, 0, 9, 15, 7, 18, 12], [10, 0, 3, 7, 4, 14, 29, 31], [15, 28, 1, 11, 17, 0, 7, 21], [31, 2, 15, 12, 26, 7, 30, 6], [12, 9, 26, 24, 23, 0, 16, 11], [9, 1, 7, 16, 0, 17, 3, 18], [16, 21, 5, 30, 27, 4, 8, 18], [14, 25, 19, 29, 31, 28, 30, 24], [27, 4, 16, 18, 19, 24, 13, 23], [17, 9, 22, 7, 5, 18, 21, 14], [12, 23, 30, 24, 14, 28, 2, 16], [3, 18, 7, 14, 19, 21, 4, 22], [4, 3, 24, 11, 15, 10, 22, 2], [14, 24, 4, 5, 25, 12, 23, 20], [22, 18, 11, 4, 20, 28, 0, 21], [13, 17, 6, 7, 24, 5, 31, 30], [25, 30, 8, 13, 0, 24, 17, 1], [23, 13, 28, 16, 3, 22, 4, 10], [0, 18, 2, 8, 22, 5, 6, 14], [10, 9, 20, 22, 27, 7, 3, 18], [7, 15, 30, 17, 1, 18, 28, 12], [10, 5, 16, 0, 28, 26, 24, 15], [28, 10, 9, 20, 7, 0, 6, 16], [2, 14, 8, 17, 23, 7, 20, 22], [16, 30, 24, 19, 20, 31, 21, 28], [1, 21, 0, 2, 20, 22, 3, 11], [29, 28, 8, 31, 11, 7, 20, 10], [24, 18, 19, 15, 13, 22, 4, 6], [12, 26, 18, 30, 2, 20, 3, 24], [26, 18, 3, 5, 15, 2, 0, 31], [11, 1, 10, 22, 2, 18, 13, 20], [8, 9, 30, 1, 11, 0, 13, 21], [17, 1, 3, 6, 18, 26, 25, 31], [30, 1, 7, 19, 10, 20, 14, 29], [24, 0, 17, 19, 4, 12, 22, 23], [0, 27, 28, 4, 11, 31, 21, 14], [19, 7, 17, 11, 1, 10, 29, 12], [20, 11, 3, 2, 31, 4, 6, 25], [5, 11, 1, 8, 17, 4, 28, 12], [13, 16, 30, 23, 19, 22, 24, 0], [16, 5, 22, 4, 9, 1, 13, 30], [16, 1, 11, 18, 28, 9, 26, 12], [13, 30, 10, 14, 19, 7, 24, 18], [5, 7, 25, 19, 13, 10, 30, 0], [23, 25, 8, 27, 11, 3, 22, 9], [29, 24, 3, 25, 12, 26, 5, 13], [22, 3, 12, 23, 25, 10, 11, 5], [11, 30, 21, 25, 13, 16, 29, 19], [1, 28, 20, 19, 25, 17, 9, 6], [14, 24, 30, 9, 11, 1, 21, 10], [21, 2, 12, 20, 9, 14, 16, 31], [8, 29, 9, 5, 20, 19, 4, 15], [12, 29, 6, 2, 1, 7, 25, 27], [14, 26, 8, 24, 12, 22, 20, 1], [6, 26, 8, 1, 27, 31, 19, 29], [6, 12, 31, 13, 16, 5, 3, 7], [6, 11, 23, 26, 2, 3, 0, 1], [29, 31, 23, 7, 0, 28, 30, 26], [5, 20, 6, 15, 28, 21, 0, 16], [21, 13, 8, 30, 25, 12, 20, 7], [25, 1, 29, 7, 11, 18, 26, 27], [29, 27, 28, 12, 17, 13, 6, 14], [28, 16, 22, 9, 6, 2, 17, 13], [2, 16, 15, 10, 4, 6, 14, 17], [0, 25, 21, 26, 16, 6, 9, 17], [12, 17, 5, 3, 25, 9, 26, 15], [18, 28, 26, 0, 7, 29, 4, 1], [2, 31, 21, 17, 24, 13, 5, 25], [26, 29, 4, 28, 17, 30, 3, 27], [22, 31, 21, 8, 24, 11, 30, 25], [2, 16, 3, 23, 31, 24, 27, 12], [7, 6, 29, 8, 30, 16, 20, 23], [24, 6, 2, 3, 18, 17, 22, 19], [4, 26, 27, 15, 2, 31, 29, 23], [7, 9, 0, 6, 1, 4, 17, 3], [0, 23, 1, 14, 4, 3, 31, 9], [15, 20, 22, 13, 0, 4, 27, 28], [27, 11, 9, 15, 22, 12, 25, 7], [4, 10, 26, 18, 11, 23, 0, 1], [31, 15, 28, 13, 1, 22, 14, 12], [9, 10, 17, 6, 1, 19, 20, 21], [16, 4, 9, 31, 12, 3, 27, 5], [22, 28, 5, 11, 27, 1, 23, 16], [11, 3, 0, 10, 1, 8, 4, 12]]",8,0.6999145746231079,128,random,0.0,14336,4.0,124,0.7605103254318237,37,32 16 104 73,3565,0.7768732905387878,test,top_r_mean,0.0,0.0,0.25,0.75
0.035904628330995794,0.0,112,0.0,31,85.03810013644397,qasper,0.5714285714285714,0.0,0.0,0.0,1605.03481:b85fc420eb2f77f6f14f375cc1fcc5155eb5c0a8,mean,0.5537323037323038,0.07174167037010193,"[[5, 12, 4, 25, 10, 16, 9, 7], [12, 19, 30, 16, 6, 13, 5, 14], [27, 9, 4, 1, 22, 14, 16, 2], [23, 5, 27, 15, 25, 1, 31, 0], [12, 4, 2, 30, 24, 17, 23, 5], [7, 6, 24, 27, 4, 23, 9, 26], [26, 0, 31, 24, 11, 17, 20, 19], [30, 22, 16, 2, 8, 13, 26, 10], [21, 7, 28, 16, 13, 26, 0, 15], [29, 4, 8, 9, 3, 23, 28, 10], [3, 5, 31, 16, 2, 22, 9, 25], [0, 6, 26, 14, 29, 4, 24, 25], [4, 31, 29, 26, 9, 3, 23, 14], [31, 17, 25, 4, 9, 21, 20, 0], [4, 0, 17, 21, 9, 5, 16, 7], [19, 4, 7, 6, 26, 0, 5, 10], [27, 17, 13, 24, 29, 11, 22, 14], [24, 13, 0, 30, 12, 16, 20, 1], [29, 3, 12, 17, 30, 27, 31, 22], [5, 7, 23, 11, 28, 29, 0, 27], [16, 23, 6, 22, 20, 0, 9, 13], [25, 31, 16, 13, 20, 8, 4, 24], [20, 5, 23, 18, 15, 29, 26, 3], [22, 20, 14, 1, 7, 29, 30, 19], [13, 12, 6, 29, 25, 15, 27, 5], [19, 24, 11, 8, 14, 28, 29, 5], [3, 16, 11, 19, 28, 31, 8, 22], [19, 11, 12, 24, 13, 4, 30, 20], [29, 20, 17, 7, 10, 14, 3, 8], [30, 3, 27, 1, 29, 19, 20, 17], [23, 11, 27, 18, 20, 5, 7, 3], [6, 14, 5, 28, 19, 9, 8, 25], [2, 18, 27, 11, 0, 25, 4, 29], [25, 8, 0, 31, 19, 3, 16, 4], [20, 28, 30, 14, 11, 25, 31, 5], [11, 19, 16, 13, 14, 15, 12, 23], [7, 26, 12, 22, 15, 30, 5, 0], [14, 8, 3, 26, 4, 29, 7, 13], [2, 22, 31, 13, 26, 23, 7, 9], [31, 20, 8, 18, 15, 0, 4, 3], [21, 31, 8, 10, 2, 16, 14, 4], [11, 30, 12, 6, 8, 22, 20, 4], [19, 27, 5, 12, 2, 24, 28, 15], [10, 22, 9, 27, 21, 26, 0, 4], [24, 6, 0, 25, 27, 29, 19, 31], [2, 13, 7, 19, 15, 24, 20, 4], [2, 3, 0, 21, 18, 6, 10, 31], [17, 27, 18, 9, 28, 5, 2, 23], [21, 15, 17, 6, 2, 1, 12, 23], [18, 4, 28, 20, 23, 11, 25, 19], [5, 14, 9, 11, 20, 19, 3, 7], [8, 26, 5, 2, 7, 28, 25, 15], [8, 20, 15, 0, 29, 22, 16, 27], [25, 4, 26, 19, 31, 0, 12, 27], [14, 12, 25, 30, 13, 2, 26, 9], [18, 8, 29, 22, 24, 23, 5, 12], [4, 11, 7, 9, 23, 3, 25, 22], [13, 12, 6, 30, 23, 24, 31, 9], [8, 24, 23, 29, 1, 15, 30, 21], [18, 6, 9, 8, 3, 19, 7, 21], [5, 24, 27, 17, 0, 30, 23, 26], [18, 24, 5, 26, 22, 6, 27, 11], [16, 28, 4, 29, 22, 3, 6, 9], [14, 29, 7, 20, 25, 6, 10, 8], [6, 14, 29, 13, 10, 20, 3, 0], [5, 18, 19, 24, 22, 4, 27, 13], [4, 23, 2, 27, 7, 26, 9, 17], [2, 11, 10, 15, 0, 6, 31, 28], [5, 1, 19, 0, 28, 9, 30, 15], [26, 0, 17, 19, 6, 27, 5, 14], [2, 22, 11, 10, 16, 28, 29, 0], [12, 5, 28, 24, 1, 26, 10, 9], [27, 22, 20, 28, 9, 6, 17, 3], [25, 5, 27, 1, 14, 15, 30, 29], [4, 24, 8, 15, 5, 31, 29, 7], [14, 9, 29, 27, 25, 24, 19, 5], [26, 19, 27, 1, 10, 16, 24, 22], [8, 29, 20, 25, 4, 3, 28, 2], [31, 10, 25, 28, 22, 24, 7, 3], [21, 25, 4, 19, 20, 30, 5, 17], [8, 16, 21, 18, 22, 19, 26, 3], [21, 2, 22, 1, 10, 6, 25, 26], [5, 10, 31, 12, 23, 8, 29, 2], [26, 19, 0, 4, 12, 31, 3, 6], [17, 5, 16, 2, 20, 8, 18, 29], [24, 21, 29, 10, 18, 4, 30, 22], [23, 21, 19, 17, 0, 8, 22, 25], [26, 17, 20, 29, 8, 28, 15, 31], [2, 16, 14, 12, 27, 23, 31, 7], [28, 5, 11, 16, 31, 9, 4, 6], [26, 2, 31, 1, 15, 8, 3, 21], [7, 4, 0, 14, 23, 2, 27, 8], [5, 14, 6, 12, 27, 11, 26, 23], [1, 30, 29, 18, 12, 22, 24, 8], [12, 18, 25, 16, 4, 24, 2, 15], [19, 20, 2, 26, 24, 25, 11, 12], [25, 5, 4, 22, 0, 12, 15, 21], [31, 6, 4, 22, 9, 1, 10, 26], [1, 31, 28, 19, 24, 30, 13, 6], [5, 22, 21, 16, 29, 8, 15, 9], [22, 31, 26, 12, 1, 24, 30, 13], [22, 5, 25, 21, 19, 26, 12, 1], [16, 29, 3, 13, 30, 0, 23, 11], [31, 6, 21, 17, 7, 8, 9, 20], [6, 28, 23, 26, 10, 18, 25, 20], [21, 12, 0, 23, 16, 17, 7, 3], [19, 18, 5, 1, 26, 28, 15, 0], [30, 4, 19, 27, 20, 26, 22, 7], [6, 27, 1, 8, 24, 17, 7, 26], [16, 18, 3, 13, 19, 31, 21, 5], [9, 6, 12, 16, 4, 14, 18, 8], [11, 6, 12, 4, 5, 9, 10, 1]]",8,0.6676013469696045,128,random,0.0,14336,4.0,124,0.7351840734481812,53,32 64 96 8,3565,0.7413896322250366,test,top_r_mean,0.0,0.0,0.25,0.125
0.035904628330995794,0.0,112,0.0,31,86.31139993667603,qasper,0.5714285714285714,0.0,0.0,0.0,1605.03481:b85fc420eb2f77f6f14f375cc1fcc5155eb5c0a8,mean,0.5878378378378378,0.06035182625055313,"[[31, 21, 28, 22, 10, 7, 1, 26], [17, 25, 9, 10, 28, 14, 22, 13], [5, 30, 18, 25, 1, 29, 22, 16], [8, 1, 26, 9, 13, 20, 6, 28], [4, 11, 27, 5, 14, 25, 30, 8], [25, 13, 10, 20, 27, 31, 9, 29], [0, 16, 15, 18, 26, 31, 27, 9], [9, 7, 10, 29, 23, 26, 27, 19], [20, 28, 7, 26, 25, 22, 0, 10], [20, 29, 13, 5, 9, 28, 22, 19], [22, 3, 20, 17, 1, 6, 21, 2], [24, 0, 4, 1, 26, 28, 21, 14], [12, 29, 9, 13, 17, 24, 19, 16], [17, 3, 15, 12, 27, 16, 7, 21], [15, 6, 19, 22, 5, 14, 16, 26], [17, 28, 11, 29, 21, 16, 19, 22], [15, 5, 7, 16, 11, 29, 6, 28], [27, 1, 25, 18, 28, 16, 6, 0], [7, 15, 16, 27, 17, 4, 19, 3], [28, 9, 12, 27, 6, 18, 5, 16], [12, 0, 7, 24, 16, 14, 5, 29], [14, 16, 10, 9, 7, 8, 15, 11], [3, 27, 24, 23, 7, 22, 29, 21], [29, 28, 8, 4, 31, 19, 2, 27], [3, 25, 4, 14, 0, 30, 29, 22], [19, 0, 31, 13, 23, 7, 29, 4], [18, 22, 17, 8, 28, 21, 7, 27], [7, 8, 18, 15, 1, 20, 5, 9], [20, 11, 16, 15, 6, 14, 3, 28], [9, 0, 30, 6, 19, 12, 22, 8], [30, 31, 20, 23, 19, 16, 29, 13], [24, 8, 15, 1, 31, 7, 0, 21], [28, 2, 0, 25, 11, 3, 6, 26], [13, 17, 7, 20, 1, 5, 3, 27], [2, 31, 9, 20, 4, 10, 3, 26], [18, 17, 10, 11, 2, 14, 25, 1], [15, 9, 27, 22, 11, 7, 20, 19], [19, 11, 16, 26, 8, 4, 1, 10], [13, 9, 5, 6, 24, 0, 17, 31], [30, 8, 10, 11, 13, 20, 22, 15], [26, 5, 22, 0, 3, 21, 12, 24], [3, 4, 6, 8, 18, 20, 24, 15], [27, 7, 5, 14, 15, 8, 22, 19], [19, 5, 3, 23, 4, 2, 30, 18], [16, 21, 26, 11, 28, 14, 13, 5], [29, 16, 21, 24, 8, 5, 25, 20], [27, 16, 24, 28, 2, 15, 26, 17], [29, 25, 19, 17, 21, 13, 27, 9], [16, 31, 24, 11, 14, 28, 29, 22], [27, 6, 14, 24, 16, 25, 30, 2], [13, 29, 18, 28, 31, 17, 9, 22], [27, 5, 25, 15, 6, 29, 1, 20], [8, 9, 11, 29, 21, 10, 23, 15], [18, 8, 5, 6, 23, 0, 14, 26], [28, 18, 2, 3, 1, 22, 12, 4], [18, 8, 3, 22, 31, 28, 25, 0], [0, 24, 16, 28, 18, 27, 2, 12], [18, 19, 8, 21, 2, 26, 5, 28], [30, 6, 3, 19, 28, 2, 14, 17], [15, 14, 1, 16, 21, 28, 7, 9], [12, 7, 13, 24, 1, 20, 26, 28], [30, 29, 11, 12, 26, 14, 17, 7], [5, 6, 15, 3, 8, 25, 11, 29], [6, 2, 7, 30, 22, 15, 31, 9], [0, 18, 9, 25, 17, 5, 10, 19], [7, 15, 19, 2, 6, 21, 4, 13], [19, 7, 17, 21, 30, 11, 12, 10], [28, 27, 7, 19, 24, 15, 16, 21], [0, 9, 8, 3, 11, 19, 26, 12], [9, 30, 20, 29, 13, 4, 15, 21], [13, 29, 6, 0, 10, 31, 18, 14], [7, 28, 22, 26, 21, 9, 23, 30], [8, 9, 21, 6, 14, 27, 13, 12], [10, 28, 12, 8, 20, 6, 14, 17], [9, 18, 20, 27, 19, 17, 0, 1], [31, 20, 11, 24, 19, 7, 28, 26], [31, 16, 7, 17, 9, 30, 12, 29], [22, 25, 9, 2, 31, 27, 14, 6], [17, 18, 13, 5, 30, 28, 6, 7], [3, 10, 13, 4, 1, 19, 27, 23], [18, 3, 21, 22, 17, 8, 1, 28], [24, 20, 28, 14, 7, 15, 12, 23], [12, 6, 26, 20, 27, 13, 8, 24], [14, 24, 3, 0, 5, 21, 28, 29], [10, 0, 11, 20, 7, 8, 6, 27], [5, 1, 8, 22, 19, 16, 2, 26], [9, 10, 28, 6, 13, 26, 15, 20], [20, 22, 28, 26, 1, 13, 21, 2], [20, 27, 23, 12, 4, 25, 21, 8], [16, 4, 8, 23, 6, 17, 0, 5], [24, 9, 15, 2, 18, 5, 17, 10], [0, 30, 29, 27, 7, 13, 12, 26], [20, 0, 11, 26, 1, 16, 15, 12], [21, 25, 17, 13, 19, 0, 27, 23], [20, 7, 0, 11, 29, 15, 9, 22], [7, 28, 5, 25, 13, 23, 9, 6], [31, 13, 11, 12, 7, 30, 29, 1], [16, 28, 27, 25, 9, 18, 5, 3], [27, 9, 20, 18, 12, 19, 29, 26], [20, 22, 11, 25, 5, 0, 23, 26], [18, 21, 8, 11, 7, 3, 13, 4], [5, 13, 18, 12, 11, 25, 17, 30], [29, 30, 23, 17, 16, 0, 11, 22], [24, 15, 18, 31, 8, 17, 11, 13], [5, 24, 22, 11, 3, 0, 17, 16], [28, 31, 8, 22, 23, 24, 27, 1], [1, 12, 29, 9, 30, 0, 23, 31], [14, 30, 13, 12, 16, 26, 25, 3], [30, 0, 28, 23, 22, 3, 13, 20], [2, 23, 22, 15, 9, 3, 25, 27], [19, 28, 15, 13, 12, 5, 25, 20], [12, 8, 9, 11, 7, 5, 2, 0]]",8,0.6598361134529114,128,random,0.0,14336,4.0,124,0.7167586088180542,71,32 24 64 8,3565,0.7809905409812927,test,top_r_mean,0.0,0.0,0.25,0.375
0.024859195960380658,1.0,161,1.0,31,0.08639995940029621,qasper,0.3076923076923077,0.25,0.07692307692307693,0.0,2002.03407:10d450960907091f13e0be55f40bcb96f44dd074,mean,1.0,0.0,,0,0.0,128,full_k,1.0,82384,4.0,124,0.0,0,0 128 56 64,5149,1.0,test,top_r_mean,1.0,1.0,1.0,1.0
0.024859195960380658,0.0,161,0.0,31,8.076699916273355,qasper,0.3076923076923077,0.0,0.0,0.0,2002.03407:10d450960907091f13e0be55f40bcb96f44dd074,mean,0.564717757589875,0.06341532617807388,,1,1.194519281387329,128,mean,0.0,2576,4.0,124,1.2303764820098877,0,128 16 56 72,5149,0.7401971817016602,test,top_r_mean,0.0,0.5,0.5,0.625
0.024859195960380658,1.0,161,1.0,31,152.27609989233315,qasper,0.3076923076923077,0.25,0.07692307692307693,0.0,2002.03407:10d450960907091f13e0be55f40bcb96f44dd074,mean,0.22251552795031057,0.22658851742744446,"[[24], [24], [24], [24], [24], [24], [24], [24], [24], [24], [24], [24], [24], [24], [24], [24], [24], [24], [24], [24], [24], [24], [24], [24], [24], [24], [24], [24], [24], [24], [24], [24], [24], [24], [24], [24], [24], [24], [24], [24], [24], [24], [24], [24], [24], [24], [24], [24], [24], [24], [24], [24], [24], [24], [24], [24], [24], [24], [24], [24], [24], [24], [24], [24], [24], [24], [24], [24], [24], [24], [24], [24], [24], [24], [24], [24], [24], [24], [24], [24], [24], [24], [24], [24], [24], [24], [24], [24], [24], [24], [24], [24], [24], [24], [24], [24], [24], [24], [24], [24], [24], [24], [24], [24], [24], [24], [24], [24], [24], [24], [24], [24], [24], [24], [24], [24], [24], [24], [24], [24], [24], [24], [24], [24], [24], [24], [24], [24], [24], [24], [24], [24], [24], [24], [24], [24], [24], [24], [24], [24], [24], [24], [24], [24], [24], [24], [24], [24], [24], [24], [24], [24], [24], [24], [24], [24], [24], [24], [24], [24], [21]]",1,1.210649013519287,128,last,1.0,2576,4.0,124,1.38739812374115,0,0 67 49 54,5149,0.3200252950191498,test,top_r_mean,1.0,0.5,0.25,0.25
0.024859195960380658,1.0,161,1.0,31,98.52889995090663,qasper,0.3076923076923077,0.25,0.07692307692307693,0.0,2002.03407:10d450960907091f13e0be55f40bcb96f44dd074,mean,0.4357142857142857,0.0979652851819992,"[[11], [21], [20], [23], [21], [19], [13], [14], [9], [11], [8], [20], [15], [10], [4], [20], [4], [3], [14], [23], [16], [27], [14], [2], [17], [9], [9], [25], [21], [21], [28], [3], [16], [22], [24], [3], [22], [12], [20], [6], [24], [14], [30], [2], [26], [26], [10], [26], [6], [29], [11], [23], [29], [9], [27], [1], [22], [22], [25], [11], [12], [10], [7], [9], [5], [15], [11], [0], [19], [29], [8], [12], [10], [15], [4], [20], [28], [13], [19], [15], [25], [26], [3], [7], [11], [24], [29], [16], [7], [17], [18], [27], [12], [3], [6], [20], [13], [31], [17], [3], [17], [11], [26], [8], [13], [1], [11], [13], [14], [9], [20], [4], [5], [24], [6], [21], [10], [22], [5], [5], [3], [2], [14], [14], [25], [0], [14], [22], [20], [16], [20], [4], [17], [20], [15], [27], [13], [21], [25], [5], [19], [18], [13], [30], [14], [12], [6], [0], [11], [18], [3], [16], [11], [11], [12], [16], [30], [14], [11], [7], [21]]",1,0.8747875094413757,128,farthest,0.3333333333333333,2576,4.0,124,0.9619338512420654,0,73 120 0 56,5149,0.597492516040802,test,top_r_mean,0.0,0.0,0.5,0.375
0.024859195960380658,1.0,161,1.0,31,109.72329997457564,qasper,0.3076923076923077,0.25,0.07692307692307693,0.0,2002.03407:10d450960907091f13e0be55f40bcb96f44dd074,mean,0.6372670807453417,0.07174238562583923,"[[24], [14], [29], [8], [6], [8], [31], [31], [31], [6], [7], [11], [6], [30], [21], [19], [17], [1], [18], [26], [12], [4], [26], [29], [31], [7], [19], [9], [23], [15], [14], [1], [26], [17], [16], [11], [26], [12], [14], [29], [15], [20], [13], [22], [9], [5], [20], [19], [1], [24], [22], [11], [2], [4], [24], [28], [16], [2], [22], [9], [23], [7], [4], [31], [11], [24], [5], [24], [3], [20], [17], [29], [14], [15], [3], [13], [5], [9], [16], [30], [1], [10], [21], [20], [19], [23], [20], [7], [12], [31], [17], [24], [22], [0], [13], [8], [10], [9], [7], [26], [31], [24], [12], [22], [11], [28], [11], [22], [21], [30], [11], [11], [22], [3], [11], [28], [25], [19], [25], [19], [17], [28], [22], [1], [10], [15], [10], [8], [28], [2], [1], [4], [26], [5], [1], [0], [25], [9], [0], [26], [1], [16], [26], [27], [26], [26], [14], [12], [31], [2], [26], [21], [8], [13], [17], [9], [25], [10], [21], [2], [2]]",1,0.36638593673706055,128,greedy_oracle,1.0,2576,4.0,124,0.4728124141693115,0,0 29 56 55,5149,0.8220698237419128,test,top_r_mean,1.0,0.5,0.5,0.5
0.024276558555059235,0.0,161,0.0,31,126.29619985818863,qasper,0.3004807692307692,0.0,0.0,0.0,2002.03407:10d450960907091f13e0be55f40bcb96f44dd074,mean,0.16071428571428573,0.8387200832366943,"[[6], [31], [28], [16], [9], [17], [10], [22], [26], [28], [7], [4], [11], [15], [2], [24], [15], [3], [2], [3], [5], [14], [29], [14], [12], [12], [12], [11], [17], [20], [19], [9], [18], [7], [20], [27], [6], [19], [30], [30], [25], [30], [24], [2], [7], [26], [30], [5], [8], [7], [31], [3], [30], [2], [15], [14], [2], [11], [11], [28], [21], [26], [9], [0], [30], [10], [4], [20], [14], [12], [31], [29], [27], [18], [30], [12], [7], [17], [3], [22], [18], [29], [2], [17], [26], [4], [21], [16], [20], [8], [26], [23], [16], [31], [31], [21], [10], [4], [11], [28], [27], [4], [8], [12], [19], [16], [13], [10], [19], [18], [29], [4], [29], [4], [19], [19], [27], [11], [26], [19], [9], [13], [9], [28], [31], [15], [2], [22], [29], [11], [22], [19], [20], [19], [14], [24], [20], [25], [4], [13], [7], [2], [11], [6], [0], [15], [19], [10], [21], [12], [18], [31], [13], [3], [6], [15], [4], [6], [2], [2], [0]]",1,1.2429614067077637,125,random,0.0,2576,4.0,124,1.4338821172714233,11,160 144 96 58,5149,0.2326144427061081,test,top_r_mean,0.0,0.0,0.0,0.125
0.024859195960380658,0.0,161,0.0,31,93.3995998930186,qasper,0.3076923076923077,0.0,0.0,0.0,2002.03407:10d450960907091f13e0be55f40bcb96f44dd074,mean,0.23633540372670808,0.5489834547042847,"[[23], [4], [31], [13], [31], [6], [20], [5], [25], [31], [29], [7], [26], [15], [13], [24], [14], [11], [31], [19], [4], [11], [5], [26], [10], [25], [29], [5], [11], [31], [16], [13], [9], [13], [29], [26], [4], [6], [26], [0], [31], [28], [25], [13], [10], [15], [24], [4], [0], [29], [15], [23], [7], [17], [23], [19], [5], [30], [29], [31], [24], [0], [13], [26], [20], [17], [13], [31], [0], [12], [30], [21], [10], [8], [14], [2], [1], [8], [6], [18], [31], [20], [27], [17], [27], [27], [18], [30], [3], [14], [8], [24], [0], [17], [19], [23], [5], [31], [16], [18], [18], [27], [25], [12], [11], [1], [0], [10], [29], [20], [29], [29], [30], [17], [6], [7], [0], [2], [9], [29], [10], [8], [27], [8], [23], [11], [26], [11], [8], [0], [28], [17], [15], [2], [2], [23], [23], [8], [22], [28], [5], [9], [20], [31], [7], [10], [21], [18], [30], [3], [21], [1], [18], [27], [31], [18], [17], [20], [26], [29], [19]]",1,1.1852866411209106,128,random,0.0,2576,4.0,124,1.3532222509384155,23,48 104 128 67,5149,0.34123530983924866,test,top_r_mean,0.0,0.0,0.25,0.25
0.024859195960380658,1.0,161,1.0,31,79.08020005561411,qasper,0.3076923076923077,0.25,0.07692307692307693,0.0,2002.03407:10d450960907091f13e0be55f40bcb96f44dd074,mean,0.18400621118012422,0.5678263902664185,"[[18], [26], [30], [2], [3], [0], [18], [9], [7], [19], [14], [0], [17], [15], [7], [29], [30], [20], [9], [26], [26], [13], [15], [24], [26], [30], [12], [17], [24], [3], [15], [4], [0], [21], [2], [29], [26], [16], [26], [25], [11], [21], [29], [11], [2], [11], [21], [28], [14], [3], [25], [24], [15], [8], [17], [10], [29], [17], [16], [30], [4], [16], [0], [21], [1], [16], [12], [23], [3], [29], [20], [24], [3], [28], [3], [29], [10], [29], [3], [4], [26], [10], [23], [30], [25], [11], [21], [0], [23], [4], [31], [6], [2], [25], [1], [12], [19], [14], [1], [2], [11], [29], [19], [6], [9], [27], [20], [7], [11], [16], [17], [28], [15], [22], [4], [7], [30], [20], [17], [7], [21], [24], [28], [5], [22], [15], [15], [4], [5], [31], [20], [19], [23], [4], [4], [22], [31], [15], [27], [11], [30], [9], [28], [20], [24], [5], [31], [31], [27], [31], [25], [0], [2], [7], [10], [16], [14], [7], [3], [19], [15]]",1,1.225337266921997,128,random,0.25,2576,4.0,124,1.399277687072754,37,32 68 64 0,5149,0.26270127296447754,test,top_r_mean,0.0,0.0,0.5,0.25
0.024859195960380658,1.0,161,1.0,31,89.75329995155334,qasper,0.3076923076923077,0.25,0.07692307692307693,0.0,2002.03407:10d450960907091f13e0be55f40bcb96f44dd074,mean,0.2484472049689441,0.8032793998718262,"[[0], [17], [10], [22], [16], [11], [19], [13], [20], [8], [5], [3], [12], [4], [4], [10], [27], [6], [4], [28], [23], [29], [22], [15], [16], [7], [24], [5], [6], [28], [21], [4], [13], [1], [29], [6], [24], [24], [9], [22], [30], [6], [7], [16], [17], [30], [6], [28], [23], [16], [7], [2], [15], [22], [0], [19], [6], [20], [11], [25], [1], [0], [19], [27], [0], [13], [18], [4], [4], [8], [0], [7], [14], [15], [3], [1], [8], [9], [22], [19], [14], [11], [3], [0], [25], [4], [13], [15], [3], [7], [30], [1], [3], [27], [27], [15], [26], [26], [10], [9], [19], [9], [3], [29], [13], [16], [25], [23], [22], [19], [8], [9], [20], [25], [26], [19], [21], [5], [14], [30], [31], [29], [14], [7], [17], [18], [25], [24], [20], [6], [11], [24], [24], [31], [25], [0], [6], [20], [25], [19], [0], [1], [10], [14], [16], [27], [13], [3], [6], [23], [8], [9], [22], [6], [2], [22], [1], [4], [10], [30], [24]]",1,1.2371288537979126,128,random,1.0,2576,4.0,124,1.4154552221298218,53,0 64 73 72,5149,0.3514808714389801,test,top_r_mean,1.0,0.5,0.5,0.375
0.024859195960380658,1.0,161,1.0,31,98.32109999842942,qasper,0.3076923076923077,0.25,0.07692307692307693,0.0,2002.03407:10d450960907091f13e0be55f40bcb96f44dd074,mean,0.2593167701863354,0.15917815268039703,"[[22], [29], [10], [11], [15], [25], [20], [8], [31], [9], [9], [19], [3], [16], [15], [7], [31], [29], [19], [17], [9], [8], [30], [27], [5], [29], [25], [31], [21], [7], [11], [7], [1], [29], [1], [2], [30], [12], [17], [27], [4], [19], [5], [22], [13], [21], [29], [17], [11], [25], [7], [28], [28], [6], [13], [10], [5], [19], [17], [27], [7], [23], [13], [7], [4], [15], [30], [14], [10], [12], [13], [25], [8], [22], [12], [12], [21], [6], [5], [24], [1], [14], [2], [14], [2], [15], [17], [0], [9], [25], [5], [3], [29], [14], [26], [13], [15], [9], [22], [23], [12], [27], [4], [19], [16], [9], [16], [9], [4], [25], [7], [31], [8], [10], [21], [20], [23], [6], [21], [5], [24], [6], [2], [20], [23], [27], [9], [25], [21], [20], [29], [27], [12], [1], [16], [21], [25], [10], [19], [26], [19], [5], [14], [16], [12], [19], [2], [22], [2], [7], [7], [4], [18], [20], [11], [30], [0], [14], [19], [14], [13]]",1,1.1933681964874268,128,random,0.25,2576,4.0,124,1.325513243675232,71,136 80 44 8,5149,0.3851017951965332,test,top_r_mean,0.0,0.0,0.0,0.25
0.024859195960380658,1.0,161,1.0,31,115.37680006586015,qasper,0.3076923076923077,0.25,0.07692307692307693,0.0,2002.03407:10d450960907091f13e0be55f40bcb96f44dd074,mean,0.24145962732919254,0.17302004992961884,"[[24, 25], [24, 25], [24, 25], [24, 25], [24, 25], [24, 25], [24, 25], [24, 25], [24, 25], [24, 25], [24, 25], [24, 25], [24, 25], [24, 25], [24, 25], [24, 25], [24, 25], [24, 25], [24, 25], [24, 25], [24, 25], [24, 25], [24, 25], [24, 25], [24, 25], [24, 25], [24, 25], [24, 25], [24, 25], [24, 25], [24, 25], [24, 25], [24, 25], [24, 25], [24, 25], [24, 25], [24, 25], [24, 25], [24, 25], [24, 25], [24, 25], [24, 25], [24, 25], [24, 25], [24, 25], [24, 25], [24, 25], [24, 25], [24, 25], [24, 25], [24, 25], [24, 25], [24, 25], [24, 25], [24, 25], [24, 25], [24, 25], [24, 25], [24, 25], [24, 25], [24, 25], [24, 25], [24, 25], [24, 25], [24, 25], [24, 25], [24, 25], [24, 25], [24, 25], [24, 25], [24, 25], [24, 25], [24, 25], [24, 25], [24, 25], [24, 25], [24, 25], [24, 25], [24, 25], [24, 25], [24, 25], [24, 25], [24, 25], [24, 25], [24, 25], [24, 25], [24, 25], [24, 25], [24, 25], [24, 25], [24, 25], [24, 25], [24, 25], [24, 25], [24, 25], [24, 25], [24, 25], [24, 25], [24, 25], [24, 25], [24, 25], [24, 25], [24, 25], [24, 25], [24, 25], [24, 25], [24, 25], [24, 25], [24, 25], [24, 25], [24, 25], [24, 25], [24, 25], [24, 25], [24, 25], [24, 25], [24, 25], [24, 25], [24, 25], [24, 25], [24, 25], [24, 25], [24, 25], [24, 25], [24, 25], [24, 25], [24, 25], [24, 25], [24, 25], [24, 25], [24, 25], [24, 25], [24, 25], [24, 25], [24, 25], [24, 25], [24, 25], [24, 25], [24, 25], [24, 25], [24, 25], [24, 25], [24, 25], [24, 25], [24, 25], [24, 25], [24, 25], [24, 25], [24, 25], [24, 25], [24, 25], [24, 25], [24, 25], [24, 25], [24, 25], [24, 25], [24, 25], [24, 25], [24, 25], [24, 25], [21, 22]]",2,1.2077544927597046,128,last,1.0,5152,4.0,124,1.336105465888977,0,0 49 65 41,5149,0.3487318754196167,test,top_r_mean,1.0,0.5,0.25,0.25
0.024859195960380658,1.0,161,1.0,31,113.870499888435,qasper,0.3076923076923077,0.25,0.07692307692307693,0.0,2002.03407:10d450960907091f13e0be55f40bcb96f44dd074,mean,0.36832298136645963,0.47207111120224,"[[11, 0], [21, 0], [20, 10], [23, 13], [21, 7], [19, 4], [13, 19], [14, 17], [9, 0], [11, 26], [8, 1], [20, 28], [15, 8], [10, 25], [4, 22], [20, 22], [4, 0], [3, 21], [14, 26], [23, 0], [16, 20], [27, 10], [14, 0], [2, 18], [17, 0], [9, 21], [9, 31], [25, 4], [21, 29], [21, 6], [28, 18], [3, 25], [16, 0], [22, 26], [24, 31], [3, 5], [22, 30], [12, 6], [20, 10], [6, 12], [24, 0], [14, 4], [30, 20], [2, 17], [26, 22], [26, 22], [10, 31], [26, 4], [6, 0], [29, 5], [11, 7], [23, 25], [29, 3], [9, 21], [27, 14], [1, 17], [22, 0], [22, 0], [25, 2], [11, 4], [12, 20], [10, 15], [7, 0], [9, 27], [5, 0], [15, 10], [11, 25], [0, 30], [19, 31], [29, 3], [8, 28], [12, 22], [10, 0], [15, 3], [4, 26], [20, 29], [28, 20], [13, 22], [19, 8], [15, 23], [25, 0], [26, 22], [3, 0], [7, 24], [11, 13], [24, 4], [29, 11], [16, 5], [7, 0], [17, 11], [18, 10], [27, 12], [12, 24], [3, 20], [6, 4], [20, 16], [13, 0], [31, 12], [17, 30], [3, 21], [17, 23], [11, 28], [26, 22], [8, 3], [13, 0], [1, 28], [11, 4], [13, 12], [14, 8], [9, 20], [20, 6], [4, 2], [5, 0], [24, 5], [6, 20], [21, 4], [10, 11], [22, 4], [5, 3], [5, 23], [3, 0], [2, 30], [14, 31], [14, 22], [25, 20], [0, 21], [14, 19], [22, 27], [20, 0], [16, 13], [20, 4], [4, 15], [17, 13], [20, 12], [15, 9], [27, 13], [13, 0], [21, 30], [25, 7], [5, 18], [19, 20], [18, 12], [13, 27], [30, 4], [14, 0], [12, 30], [6, 20], [0, 31], [11, 1], [18, 25], [3, 10], [16, 5], [11, 0], [11, 23], [12, 0], [16, 24], [30, 22], [14, 3], [11, 31], [7, 9], [21, 0]]",2,1.3729469776153564,128,farthest,0.5,5152,4.0,124,1.4764976501464844,0,120 0 40 56,5149,0.5181849598884583,test,top_r_mean,0.0,0.5,0.5,0.625
0.024859195960380658,1.0,161,1.0,31,108.00560005009174,qasper,0.3076923076923077,0.25,0.07692307692307693,0.0,2002.03407:10d450960907091f13e0be55f40bcb96f44dd074,mean,0.7611801242236025,0.10935130715370178,"[[24, 0], [14, 20], [29, 30], [8, 7], [6, 12], [8, 2], [31, 23], [31, 26], [31, 0], [6, 10], [7, 18], [11, 7], [6, 29], [30, 31], [21, 25], [19, 18], [17, 0], [1, 29], [18, 20], [26, 25], [12, 5], [4, 8], [26, 23], [29, 17], [31, 0], [7, 25], [19, 17], [9, 11], [23, 16], [15, 22], [14, 5], [1, 3], [26, 0], [17, 18], [16, 24], [11, 13], [26, 2], [12, 10], [14, 15], [29, 19], [15, 0], [20, 25], [13, 24], [22, 23], [9, 13], [5, 15], [20, 1], [19, 12], [1, 0], [24, 8], [22, 5], [11, 12], [2, 1], [4, 28], [24, 2], [28, 12], [16, 0], [2, 8], [22, 11], [9, 0], [23, 25], [7, 4], [4, 3], [31, 30], [11, 0], [24, 25], [5, 1], [24, 28], [3, 8], [20, 17], [17, 18], [29, 24], [14, 0], [15, 10], [3, 19], [13, 23], [5, 24], [9, 13], [16, 4], [30, 31], [1, 0], [10, 23], [21, 5], [20, 17], [19, 21], [23, 13], [20, 6], [7, 9], [12, 0], [31, 17], [17, 16], [24, 14], [22, 1], [0, 28], [13, 24], [8, 14], [10, 0], [9, 27], [7, 1], [26, 15], [31, 0], [24, 23], [12, 18], [22, 23], [11, 0], [28, 14], [11, 2], [22, 23], [21, 22], [30, 1], [11, 31], [11, 0], [22, 0], [3, 8], [11, 5], [28, 14], [25, 0], [19, 14], [25, 26], [19, 21], [17, 0], [28, 27], [22, 1], [1, 25], [10, 8], [15, 7], [10, 31], [8, 0], [28, 0], [2, 7], [1, 2], [4, 18], [26, 16], [5, 8], [1, 0], [0, 15], [25, 0], [9, 18], [0, 1], [26, 30], [1, 0], [16, 5], [26, 30], [27, 0], [26, 0], [26, 4], [14, 17], [12, 11], [31, 28], [2, 0], [26, 20], [21, 26], [8, 0], [13, 2], [17, 14], [9, 28], [25, 29], [10, 13], [21, 20], [2, 16], [2, 0]]",2,0.3551633358001709,128,greedy_oracle,1.0,5152,4.0,124,0.3828645646572113,0,0 56 128 72,5149,0.9151138067245483,test,top_r_mean,1.0,0.5,0.75,0.875
0.024276558555059235,0.0,161,0.0,31,114.07740018330514,qasper,0.3004807692307692,0.0,0.0,0.0,2002.03407:10d450960907091f13e0be55f40bcb96f44dd074,mean,0.327639751552795,0.19826336205005646,"[[6, 28], [31, 30], [28, 18], [16, 28], [9, 22], [17, 22], [10, 27], [22, 0], [26, 7], [28, 18], [7, 2], [4, 22], [11, 22], [15, 16], [2, 4], [24, 25], [15, 4], [3, 19], [2, 10], [3, 25], [5, 25], [14, 12], [29, 30], [14, 28], [12, 20], [12, 16], [12, 11], [11, 20], [17, 28], [20, 24], [19, 17], [9, 10], [18, 29], [7, 29], [20, 16], [27, 19], [6, 3], [19, 20], [30, 0], [30, 27], [25, 22], [30, 1], [24, 5], [2, 29], [7, 3], [26, 0], [30, 3], [5, 24], [8, 27], [7, 9], [31, 28], [3, 28], [30, 3], [2, 30], [15, 17], [14, 23], [2, 31], [11, 29], [11, 21], [28, 1], [21, 23], [26, 10], [9, 1], [0, 24], [30, 25], [10, 3], [4, 2], [20, 26], [14, 24], [12, 18], [31, 11], [29, 9], [27, 21], [18, 13], [30, 9], [12, 2], [7, 30], [17, 21], [3, 28], [22, 17], [18, 14], [29, 26], [2, 3], [17, 20], [26, 13], [4, 2], [21, 23], [16, 14], [20, 9], [8, 31], [26, 31], [23, 30], [16, 25], [31, 6], [31, 16], [21, 28], [10, 18], [4, 14], [11, 28], [28, 20], [27, 7], [4, 9], [8, 15], [12, 30], [19, 27], [16, 10], [13, 27], [10, 6], [19, 15], [18, 6], [29, 30], [4, 12], [29, 22], [4, 12], [19, 4], [19, 14], [27, 7], [11, 18], [26, 5], [19, 6], [9, 21], [13, 7], [9, 10], [28, 4], [31, 1], [15, 2], [2, 17], [22, 25], [29, 28], [11, 16], [22, 13], [19, 7], [20, 1], [19, 12], [14, 6], [24, 3], [20, 1], [25, 1], [4, 19], [13, 16], [7, 11], [2, 27], [11, 6], [6, 28], [0, 30], [15, 8], [19, 5], [10, 8], [21, 25], [12, 11], [18, 19], [31, 24], [13, 11], [3, 2], [6, 17], [15, 19], [4, 31], [6, 3], [2, 4], [2, 19], [0, 28]]",2,1.177510142326355,125,random,0.0,5152,4.0,124,1.296639084815979,11,144 160 128 89,5149,0.44788646697998047,test,top_r_mean,0.0,0.0,0.25,0.375
0.024859195960380658,0.0,161,0.0,31,103.37679996155202,qasper,0.3076923076923077,0.0,0.0,0.0,2002.03407:10d450960907091f13e0be55f40bcb96f44dd074,mean,0.30388198757763973,0.18206414580345154,"[[23, 2], [4, 21], [31, 15], [13, 1], [31, 10], [6, 21], [20, 29], [5, 14], [25, 22], [31, 30], [29, 10], [7, 15], [26, 30], [15, 1], [13, 6], [24, 19], [14, 10], [11, 4], [31, 0], [19, 27], [4, 16], [11, 19], [5, 25], [26, 2], [10, 8], [25, 11], [29, 31], [5, 20], [11, 1], [31, 18], [16, 7], [13, 10], [9, 2], [13, 9], [29, 22], [26, 29], [4, 6], [6, 4], [26, 6], [0, 23], [31, 24], [28, 31], [25, 14], [13, 0], [10, 11], [15, 20], [24, 29], [4, 28], [0, 26], [29, 8], [15, 20], [23, 27], [7, 25], [17, 12], [23, 9], [19, 27], [5, 11], [30, 1], [29, 13], [31, 10], [24, 19], [0, 28], [13, 14], [26, 8], [20, 14], [17, 19], [13, 3], [31, 22], [0, 1], [12, 2], [30, 23], [21, 10], [10, 18], [8, 24], [14, 3], [2, 9], [1, 5], [8, 23], [6, 7], [18, 7], [31, 30], [20, 2], [27, 13], [17, 30], [27, 29], [27, 5], [18, 29], [30, 31], [3, 26], [14, 26], [8, 2], [24, 23], [0, 29], [17, 19], [19, 12], [23, 27], [5, 10], [31, 26], [16, 22], [18, 24], [18, 16], [27, 8], [25, 22], [12, 17], [11, 16], [1, 21], [0, 6], [10, 22], [29, 3], [20, 23], [29, 0], [29, 10], [30, 24], [17, 2], [6, 26], [7, 30], [0, 8], [2, 26], [9, 16], [29, 25], [10, 11], [8, 15], [27, 26], [8, 26], [23, 4], [11, 28], [26, 22], [11, 18], [8, 6], [0, 17], [28, 7], [17, 9], [15, 6], [2, 9], [2, 3], [23, 21], [23, 13], [8, 0], [22, 28], [28, 18], [5, 7], [9, 25], [20, 7], [31, 25], [7, 8], [10, 21], [21, 17], [18, 17], [30, 16], [3, 14], [21, 27], [1, 24], [18, 1], [27, 29], [31, 8], [18, 0], [17, 9], [20, 3], [26, 24], [29, 4], [19, 17]]",2,1.1932867765426636,128,random,0.0,5152,4.0,124,1.3005540370941162,23,48 104 58 40,5149,0.4291292726993561,test,top_r_mean,0.0,0.0,0.0,0.25
0.024859195960380658,0.0,161,0.0,31,114.9534999858588,qasper,0.3076923076923077,0.0,0.0,0.0,2002.03407:10d450960907091f13e0be55f40bcb96f44dd074,mean,0.22267080745341614,0.17932072281837463,"[[18, 6], [26, 28], [30, 7], [2, 0], [3, 26], [0, 3], [18, 26], [9, 8], [7, 24], [19, 13], [14, 2], [0, 4], [17, 27], [15, 12], [7, 30], [29, 26], [30, 8], [20, 28], [9, 31], [26, 23], [26, 21], [13, 18], [15, 2], [24, 19], [26, 18], [30, 1], [12, 14], [17, 22], [24, 2], [3, 9], [15, 12], [4, 24], [0, 25], [21, 27], [2, 15], [29, 31], [26, 24], [16, 10], [26, 14], [25, 8], [11, 23], [21, 20], [29, 25], [11, 0], [2, 20], [11, 22], [21, 20], [28, 22], [14, 18], [3, 13], [25, 14], [24, 26], [15, 27], [8, 24], [17, 8], [10, 23], [29, 28], [17, 9], [16, 19], [30, 5], [4, 22], [16, 1], [0, 19], [21, 28], [1, 15], [16, 5], [12, 30], [23, 16], [3, 16], [29, 9], [20, 21], [24, 10], [3, 4], [28, 20], [3, 18], [29, 26], [10, 15], [29, 5], [3, 17], [4, 3], [26, 18], [10, 9], [23, 31], [30, 20], [25, 14], [11, 25], [21, 6], [0, 23], [23, 21], [4, 17], [31, 29], [6, 15], [2, 24], [25, 31], [1, 2], [12, 1], [19, 24], [14, 10], [1, 8], [2, 17], [11, 20], [29, 5], [19, 14], [6, 8], [9, 27], [27, 0], [20, 17], [7, 2], [11, 25], [16, 10], [17, 14], [28, 19], [15, 12], [22, 14], [4, 5], [7, 8], [30, 13], [20, 15], [17, 5], [7, 22], [21, 10], [24, 14], [28, 21], [5, 4], [22, 5], [15, 17], [15, 11], [4, 27], [5, 11], [31, 6], [20, 15], [19, 29], [23, 26], [4, 22], [4, 1], [22, 5], [31, 23], [15, 4], [27, 19], [11, 26], [30, 28], [9, 12], [28, 18], [20, 25], [24, 10], [5, 31], [31, 8], [31, 12], [27, 14], [31, 3], [25, 27], [0, 8], [2, 24], [7, 24], [10, 23], [16, 8], [14, 20], [7, 2], [3, 16], [19, 26], [15, 22]]",2,1.2218410968780518,128,random,0.0,5152,4.0,124,1.3323595523834229,37,32 73 96 89,5149,0.3267051875591278,test,top_r_mean,0.0,0.0,0.0,0.125
0.024859195960380658,1.0,161,1.0,31,99.12370005622506,qasper,0.3076923076923077,0.25,0.07692307692307693,0.0,2002.03407:10d450960907091f13e0be55f40bcb96f44dd074,mean,0.2922360248447205,0.20075209438800812,"[[0, 3], [17, 5], [10, 2], [22, 28], [16, 4], [11, 29], [19, 0], [13, 11], [20, 21], [8, 13], [5, 3], [3, 19], [12, 18], [4, 7], [4, 5], [10, 31], [27, 30], [6, 17], [4, 15], [28, 21], [23, 18], [29, 7], [22, 11], [15, 18], [16, 25], [7, 4], [24, 11], [5, 17], [6, 0], [28, 11], [21, 22], [4, 7], [13, 17], [1, 9], [29, 9], [6, 19], [24, 12], [24, 27], [9, 0], [22, 7], [30, 12], [6, 4], [7, 29], [16, 3], [17, 7], [30, 26], [6, 27], [28, 7], [23, 4], [16, 18], [7, 30], [2, 28], [15, 12], [22, 30], [0, 4], [19, 22], [6, 26], [20, 0], [11, 27], [25, 27], [1, 29], [0, 28], [19, 26], [27, 3], [0, 9], [13, 0], [18, 0], [4, 10], [4, 5], [8, 11], [0, 28], [7, 11], [14, 30], [15, 29], [3, 25], [1, 13], [8, 0], [9, 7], [22, 28], [19, 1], [14, 25], [11, 28], [3, 7], [0, 4], [25, 7], [4, 10], [13, 17], [15, 20], [3, 6], [7, 31], [30, 13], [1, 5], [3, 24], [27, 19], [27, 16], [15, 31], [26, 28], [26, 0], [10, 21], [9, 10], [19, 6], [9, 29], [3, 18], [29, 11], [13, 19], [16, 23], [25, 3], [23, 6], [22, 19], [19, 22], [8, 3], [9, 22], [20, 6], [25, 12], [26, 0], [19, 27], [21, 14], [5, 31], [14, 11], [30, 29], [31, 22], [29, 17], [14, 5], [7, 20], [17, 28], [18, 19], [25, 6], [24, 15], [20, 5], [6, 3], [11, 2], [24, 3], [24, 25], [31, 24], [25, 10], [0, 22], [6, 26], [20, 24], [25, 31], [19, 27], [0, 29], [1, 3], [10, 9], [14, 28], [16, 11], [27, 14], [13, 2], [3, 16], [6, 15], [23, 16], [8, 25], [9, 17], [22, 28], [6, 27], [2, 1], [22, 30], [1, 15], [4, 23], [10, 11], [30, 11], [24, 23]]",2,1.226761817932129,128,random,1.0,5152,4.0,124,1.352683186531067,53,0 64 73 56,5149,0.4038762152194977,test,top_r_mean,1.0,0.5,0.75,0.375
0.024859195960380658,0.0,161,0.0,31,122.08559992723167,qasper,0.3076923076923077,0.0,0.0,0.0,2002.03407:10d450960907091f13e0be55f40bcb96f44dd074,mean,0.32267080745341614,0.12131160497665405,"[[22, 20], [29, 28], [10, 17], [11, 5], [15, 4], [25, 13], [20, 27], [8, 18], [31, 25], [9, 26], [9, 14], [19, 1], [3, 2], [16, 11], [15, 12], [7, 6], [31, 14], [29, 3], [19, 9], [17, 20], [9, 0], [8, 20], [30, 5], [27, 20], [5, 8], [29, 2], [25, 17], [31, 4], [21, 15], [7, 28], [11, 13], [7, 30], [1, 29], [29, 26], [1, 24], [2, 18], [30, 24], [12, 27], [17, 31], [27, 16], [4, 26], [19, 27], [5, 14], [22, 2], [13, 4], [21, 12], [29, 9], [17, 28], [11, 8], [25, 7], [7, 13], [28, 0], [28, 26], [6, 0], [13, 5], [10, 31], [5, 2], [19, 21], [17, 18], [27, 18], [7, 27], [23, 30], [13, 9], [7, 18], [4, 5], [15, 3], [30, 4], [14, 31], [10, 6], [12, 18], [13, 15], [25, 26], [8, 19], [22, 8], [12, 19], [12, 28], [21, 4], [6, 4], [5, 12], [24, 7], [1, 19], [14, 22], [2, 22], [14, 17], [2, 8], [15, 31], [17, 3], [0, 25], [9, 30], [25, 22], [5, 10], [3, 19], [29, 14], [14, 22], [26, 31], [13, 23], [15, 23], [9, 29], [22, 21], [23, 3], [12, 21], [27, 13], [4, 22], [19, 17], [16, 5], [9, 23], [16, 6], [9, 20], [4, 6], [25, 27], [7, 0], [31, 30], [8, 5], [10, 7], [21, 31], [20, 11], [23, 4], [6, 23], [21, 19], [5, 26], [24, 6], [6, 27], [2, 1], [20, 19], [23, 12], [27, 2], [9, 15], [25, 23], [21, 31], [20, 9], [29, 22], [27, 0], [12, 29], [1, 19], [16, 24], [21, 28], [25, 21], [10, 16], [19, 31], [26, 6], [19, 0], [5, 4], [14, 26], [16, 2], [12, 26], [19, 6], [2, 13], [22, 20], [2, 23], [7, 3], [7, 14], [4, 31], [18, 26], [20, 18], [11, 1], [30, 16], [0, 29], [14, 17], [19, 25], [14, 1], [13, 15]]",2,1.2066106796264648,128,random,0.0,5152,4.0,124,1.2965190410614014,71,64 104 17 112,5149,0.4722681939601898,test,top_r_mean,0.0,0.0,0.25,0.25
0.024859195960380658,1.0,161,1.0,31,96.88580012880266,qasper,0.3076923076923077,0.25,0.07692307692307693,0.0,2002.03407:10d450960907091f13e0be55f40bcb96f44dd074,mean,0.25667701863354037,0.14987525343894958,"[[24, 25, 26, 27], [24, 25, 26, 27], [24, 25, 26, 27], [24, 25, 26, 27], [24, 25, 26, 27], [24, 25, 26, 27], [24, 25, 26, 27], [24, 25, 26, 27], [24, 25, 26, 27], [24, 25, 26, 27], [24, 25, 26, 27], [24, 25, 26, 27], [24, 25, 26, 27], [24, 25, 26, 27], [24, 25, 26, 27], [24, 25, 26, 27], [24, 25, 26, 27], [24, 25, 26, 27], [24, 25, 26, 27], [24, 25, 26, 27], [24, 25, 26, 27], [24, 25, 26, 27], [24, 25, 26, 27], [24, 25, 26, 27], [24, 25, 26, 27], [24, 25, 26, 27], [24, 25, 26, 27], [24, 25, 26, 27], [24, 25, 26, 27], [24, 25, 26, 27], [24, 25, 26, 27], [24, 25, 26, 27], [24, 25, 26, 27], [24, 25, 26, 27], [24, 25, 26, 27], [24, 25, 26, 27], [24, 25, 26, 27], [24, 25, 26, 27], [24, 25, 26, 27], [24, 25, 26, 27], [24, 25, 26, 27], [24, 25, 26, 27], [24, 25, 26, 27], [24, 25, 26, 27], [24, 25, 26, 27], [24, 25, 26, 27], [24, 25, 26, 27], [24, 25, 26, 27], [24, 25, 26, 27], [24, 25, 26, 27], [24, 25, 26, 27], [24, 25, 26, 27], [24, 25, 26, 27], [24, 25, 26, 27], [24, 25, 26, 27], [24, 25, 26, 27], [24, 25, 26, 27], [24, 25, 26, 27], [24, 25, 26, 27], [24, 25, 26, 27], [24, 25, 26, 27], [24, 25, 26, 27], [24, 25, 26, 27], [24, 25, 26, 27], [24, 25, 26, 27], [24, 25, 26, 27], [24, 25, 26, 27], [24, 25, 26, 27], [24, 25, 26, 27], [24, 25, 26, 27], [24, 25, 26, 27], [24, 25, 26, 27], [24, 25, 26, 27], [24, 25, 26, 27], [24, 25, 26, 27], [24, 25, 26, 27], [24, 25, 26, 27], [24, 25, 26, 27], [24, 25, 26, 27], [24, 25, 26, 27], [24, 25, 26, 27], [24, 25, 26, 27], [24, 25, 26, 27], [24, 25, 26, 27], [24, 25, 26, 27], [24, 25, 26, 27], [24, 25, 26, 27], [24, 25, 26, 27], [24, 25, 26, 27], [24, 25, 26, 27], [24, 25, 26, 27], [24, 25, 26, 27], [24, 25, 26, 27], [24, 25, 26, 27], [24, 25, 26, 27], [24, 25, 26, 27], [24, 25, 26, 27], [24, 25, 26, 27], [24, 25, 26, 27], [24, 25, 26, 27], [24, 25, 26, 27], [24, 25, 26, 27], [24, 25, 26, 27], [24, 25, 26, 27], [24, 25, 26, 27], [24, 25, 26, 27], [24, 25, 26, 27], [24, 25, 26, 27], [24, 25, 26, 27], [24, 25, 26, 27], [24, 25, 26, 27], [24, 25, 26, 27], [24, 25, 26, 27], [24, 25, 26, 27], [24, 25, 26, 27], [24, 25, 26, 27], [24, 25, 26, 27], [24, 25, 26, 27], [24, 25, 26, 27], [24, 25, 26, 27], [24, 25, 26, 27], [24, 25, 26, 27], [24, 25, 26, 27], [24, 25, 26, 27], [24, 25, 26, 27], [24, 25, 26, 27], [24, 25, 26, 27], [24, 25, 26, 27], [24, 25, 26, 27], [24, 25, 26, 27], [24, 25, 26, 27], [24, 25, 26, 27], [24, 25, 26, 27], [24, 25, 26, 27], [24, 25, 26, 27], [24, 25, 26, 27], [24, 25, 26, 27], [24, 25, 26, 27], [24, 25, 26, 27], [24, 25, 26, 27], [24, 25, 26, 27], [24, 25, 26, 27], [24, 25, 26, 27], [24, 25, 26, 27], [24, 25, 26, 27], [24, 25, 26, 27], [24, 25, 26, 27], [24, 25, 26, 27], [24, 25, 26, 27], [24, 25, 26, 27], [24, 25, 26, 27], [24, 25, 26, 27], [24, 25, 26, 27], [24, 25, 26, 27], [24, 25, 26, 27], [24, 25, 26, 27], [24, 25, 26, 27], [24, 25, 26, 27], [24, 25, 26, 27], [24, 25, 26, 27], [21, 22, 23, 24]]",4,1.2116336822509766,128,last,0.5,10304,4.0,124,1.319624900817871,0,67 0 65 96,5149,0.3748590648174286,test,top_r_mean,0.0,0.5,0.25,0.125
0.024859195960380658,1.0,161,1.0,31,102.47899987734854,qasper,0.3076923076923077,0.25,0.07692307692307693,0.0,2002.03407:10d450960907091f13e0be55f40bcb96f44dd074,mean,0.36024844720496896,0.06471133977174759,"[[11, 0, 16, 17], [21, 0, 31, 3], [20, 10, 26, 29], [23, 13, 18, 14], [21, 7, 2, 13], [19, 4, 2, 1], [13, 19, 9, 8], [14, 17, 4, 22], [9, 0, 16, 1], [11, 26, 22, 30], [8, 1, 19, 12], [20, 28, 7, 31], [15, 8, 0, 6], [10, 25, 16, 1], [4, 22, 1, 21], [20, 22, 2, 18], [4, 0, 23, 15], [3, 21, 9, 22], [14, 26, 31, 18], [23, 0, 1, 11], [16, 20, 26, 2], [27, 10, 11, 2], [14, 0, 16, 31], [2, 18, 27, 26], [17, 0, 2, 3], [9, 21, 23, 4], [9, 31, 7, 30], [25, 4, 8, 17], [21, 29, 24, 19], [21, 6, 16, 19], [28, 18, 2, 23], [3, 25, 26, 6], [16, 0, 6, 13], [22, 26, 25, 17], [24, 31, 4, 7], [3, 5, 0, 28], [22, 30, 27, 1], [12, 6, 20, 7], [20, 10, 11, 12], [6, 12, 29, 18], [24, 0, 30, 18], [14, 4, 20, 23], [30, 20, 19, 0], [2, 17, 9, 22], [26, 22, 11, 2], [26, 22, 7, 20], [10, 31, 25, 30], [26, 4, 14, 10], [6, 0, 22, 25], [29, 5, 4, 8], [11, 7, 21, 24], [23, 25, 16, 11], [29, 3, 15, 7], [9, 21, 29, 19], [27, 14, 19, 11], [1, 17, 14, 13], [22, 0, 28, 9], [22, 0, 6, 4], [25, 2, 1, 15], [11, 4, 19, 23], [12, 20, 27, 10], [10, 15, 5, 23], [7, 0, 1, 27], [9, 27, 29, 5], [5, 0, 19, 23], [15, 10, 13, 9], [11, 25, 7, 27], [0, 30, 12, 24], [19, 31, 16, 26], [29, 3, 7, 4], [8, 28, 29, 15], [12, 22, 2, 0], [10, 0, 2, 31], [15, 3, 11, 8], [4, 26, 23, 17], [20, 29, 12, 28], [28, 20, 3, 4], [13, 22, 10, 9], [19, 8, 2, 26], [15, 23, 30, 6], [25, 0, 14, 30], [26, 22, 31, 29], [3, 0, 1, 27], [7, 24, 13, 19], [11, 13, 20, 8], [24, 4, 9, 22], [29, 11, 26, 19], [16, 5, 23, 1], [7, 0, 4, 16], [17, 11, 16, 23], [18, 10, 20, 8], [27, 12, 0, 18], [12, 24, 30, 6], [3, 20, 1, 5], [6, 4, 15, 17], [20, 16, 7, 4], [13, 0, 3, 4], [31, 12, 16, 11], [17, 30, 20, 7], [3, 21, 13, 14], [17, 23, 2, 29], [11, 28, 25, 4], [26, 22, 29, 25], [8, 3, 20, 2], [13, 0, 29, 2], [1, 28, 21, 15], [11, 4, 6, 19], [13, 12, 3, 5], [14, 8, 23, 1], [9, 20, 19, 31], [20, 6, 1, 7], [4, 2, 14, 22], [5, 0, 30, 24], [24, 5, 14, 1], [6, 20, 0, 21], [21, 4, 25, 0], [10, 11, 26, 24], [22, 4, 3, 9], [5, 3, 9, 22], [5, 23, 14, 2], [3, 0, 10, 15], [2, 30, 6, 18], [14, 31, 26, 0], [14, 22, 0, 9], [25, 20, 27, 3], [0, 21, 24, 31], [14, 19, 25, 31], [22, 27, 24, 10], [20, 0, 24, 25], [16, 13, 30, 6], [20, 4, 31, 1], [4, 15, 25, 9], [17, 13, 8, 3], [20, 12, 4, 11], [15, 9, 27, 6], [27, 13, 16, 30], [13, 0, 27, 31], [21, 30, 31, 13], [25, 7, 2, 20], [5, 18, 26, 30], [19, 20, 6, 23], [18, 12, 1, 16], [13, 27, 26, 0], [30, 4, 5, 29], [14, 0, 11, 23], [12, 30, 1, 29], [6, 20, 15, 3], [0, 31, 13, 3], [11, 1, 28, 2], [18, 25, 5, 20], [3, 10, 15, 2], [16, 5, 23, 27], [11, 0, 17, 16], [11, 23, 1, 31], [12, 0, 23, 31], [16, 24, 8, 29], [30, 22, 8, 26], [14, 3, 2, 20], [11, 31, 24, 20], [7, 9, 18, 19], [21, 0, 23, 4]]",4,1.4958175420761108,128,farthest,0.3333333333333333,10304,4.0,124,1.5440747737884521,0,56 96 8 128,5149,0.5019726157188416,test,top_r_mean,0.0,0.0,0.5,0.5
0.024859195960380658,1.0,161,1.0,31,121.26439996063709,qasper,0.3076923076923077,0.25,0.07692307692307693,0.0,2002.03407:10d450960907091f13e0be55f40bcb96f44dd074,mean,0.8116459627329192,0.0022009406238794327,"[[24, 0, 9, 10], [14, 20, 11, 13], [29, 30, 12, 10], [8, 7, 9, 16], [6, 12, 15, 13], [8, 2, 6, 7], [31, 23, 4, 30], [31, 26, 15, 7], [31, 0, 16, 22], [6, 10, 24, 1], [7, 18, 8, 9], [11, 7, 16, 25], [6, 29, 15, 31], [30, 31, 3, 0], [21, 25, 3, 0], [19, 18, 6, 0], [17, 0, 22, 3], [1, 29, 24, 3], [18, 20, 21, 10], [26, 25, 24, 27], [12, 5, 15, 31], [4, 8, 6, 13], [26, 23, 14, 4], [29, 17, 20, 2], [31, 0, 14, 17], [7, 25, 12, 14], [19, 17, 2, 0], [9, 11, 13, 10], [23, 16, 12, 20], [15, 22, 29, 9], [14, 5, 1, 17], [1, 3, 4, 2], [26, 0, 16, 11], [17, 18, 20, 21], [16, 24, 25, 18], [11, 13, 8, 2], [26, 2, 25, 1], [12, 10, 22, 25], [14, 15, 6, 16], [29, 19, 17, 20], [15, 0, 24, 23], [20, 25, 24, 13], [13, 24, 17, 4], [22, 23, 6, 24], [9, 13, 0, 10], [5, 15, 11, 2], [20, 1, 23, 4], [19, 12, 2, 9], [1, 0, 3, 6], [24, 8, 9, 25], [22, 5, 27, 12], [11, 12, 15, 14], [2, 1, 5, 14], [4, 28, 25, 26], [24, 2, 23, 5], [28, 12, 30, 29], [16, 0, 22, 21], [2, 8, 7, 16], [22, 11, 28, 13], [9, 0, 30, 12], [23, 25, 3, 18], [7, 4, 25, 14], [4, 3, 19, 10], [31, 30, 20, 22], [11, 0, 12, 1], [24, 25, 26, 15], [5, 1, 6, 15], [24, 28, 26, 27], [3, 8, 5, 10], [20, 17, 21, 15], [17, 18, 4, 26], [29, 24, 15, 30], [14, 0, 7, 4], [15, 10, 0, 16], [3, 19, 0, 30], [13, 23, 8, 5], [5, 24, 23, 28], [9, 13, 11, 24], [16, 4, 31, 19], [30, 31, 9, 14], [1, 0, 23, 7], [10, 23, 3, 25], [21, 5, 8, 6], [20, 17, 19, 23], [19, 21, 26, 27], [23, 13, 28, 29], [20, 6, 7, 22], [7, 9, 25, 8], [12, 0, 7, 28], [31, 17, 10, 1], [17, 16, 2, 12], [24, 14, 27, 9], [22, 1, 13, 27], [0, 28, 18, 23], [13, 24, 23, 6], [8, 14, 4, 15], [10, 0, 24, 19], [9, 27, 17, 10], [7, 1, 8, 9], [26, 15, 0, 1], [31, 0, 22, 13], [24, 23, 29, 11], [12, 18, 8, 24], [22, 23, 24, 26], [11, 0, 3, 5], [28, 14, 30, 29], [11, 2, 18, 12], [22, 23, 6, 31], [21, 22, 31, 5], [30, 1, 3, 2], [11, 31, 2, 3], [11, 0, 10, 25], [22, 0, 23, 26], [3, 8, 4, 20], [11, 5, 16, 15], [28, 14, 0, 19], [25, 0, 30, 14], [19, 14, 29, 30], [25, 26, 5, 11], [19, 21, 28, 26], [17, 0, 3, 6], [28, 27, 2, 25], [22, 1, 28, 6], [1, 25, 26, 27], [10, 8, 1, 15], [15, 7, 16, 18], [10, 31, 11, 14], [8, 0, 7, 12], [28, 0, 7, 8], [2, 7, 8, 26], [1, 2, 8, 7], [4, 18, 2, 17], [26, 16, 17, 18], [5, 8, 6, 21], [1, 0, 2, 15], [0, 15, 18, 1], [25, 0, 2, 30], [9, 18, 23, 22], [0, 1, 6, 2], [26, 30, 27, 29], [1, 0, 24, 27], [16, 5, 4, 26], [26, 30, 31, 28], [27, 0, 26, 31], [26, 0, 10, 5], [26, 4, 11, 12], [14, 17, 25, 3], [12, 11, 30, 16], [31, 28, 30, 9], [2, 0, 1, 8], [26, 20, 0, 4], [21, 26, 22, 17], [8, 0, 9, 10], [13, 2, 17, 5], [17, 14, 18, 7], [9, 28, 14, 31], [25, 29, 30, 28], [10, 13, 11, 4], [21, 20, 22, 26], [2, 16, 29, 3], [2, 0, 3, 10]]",4,0.38283246755599976,128,greedy_oracle,1.0,10304,4.0,124,0.3887713551521301,0,0 128 56 64,5149,0.9457470774650574,test,top_r_mean,1.0,1.0,1.0,1.0
0.024276558555059235,0.0,161,0.0,31,99.00359995663166,qasper,0.3004807692307692,0.0,0.0,0.0,2002.03407:10d450960907091f13e0be55f40bcb96f44dd074,mean,0.34922360248447204,0.12147417664527893,"[[6, 28, 22, 15], [31, 30, 11, 7], [28, 18, 0, 2], [16, 28, 10, 12], [9, 22, 3, 10], [17, 22, 7, 27], [10, 27, 14, 13], [22, 0, 31, 15], [26, 7, 22, 10], [28, 18, 17, 19], [7, 2, 26, 25], [4, 22, 16, 9], [11, 22, 30, 20], [15, 16, 1, 4], [2, 4, 21, 31], [24, 25, 7, 18], [15, 4, 5, 11], [3, 19, 6, 14], [2, 10, 24, 30], [3, 25, 17, 11], [5, 25, 8, 20], [14, 12, 13, 3], [29, 30, 26, 16], [14, 28, 27, 1], [12, 20, 6, 17], [12, 16, 3, 0], [12, 11, 4, 10], [11, 20, 2, 8], [17, 28, 1, 15], [20, 24, 13, 23], [19, 17, 26, 13], [9, 10, 20, 18], [18, 29, 31, 24], [7, 29, 25, 28], [20, 16, 1, 28], [27, 19, 23, 22], [6, 3, 30, 16], [19, 20, 7, 26], [30, 0, 14, 3], [30, 27, 5, 13], [25, 22, 3, 7], [30, 1, 19, 25], [24, 5, 27, 8], [2, 29, 14, 24], [7, 3, 20, 18], [26, 0, 22, 9], [30, 3, 29, 17], [5, 24, 28, 6], [8, 27, 9, 20], [7, 9, 21, 31], [31, 28, 13, 5], [3, 28, 17, 31], [30, 3, 24, 13], [2, 30, 12, 6], [15, 17, 16, 28], [14, 23, 29, 3], [2, 31, 5, 11], [11, 29, 6, 14], [11, 21, 2, 7], [28, 1, 13, 0], [21, 23, 2, 28], [26, 10, 13, 7], [9, 1, 16, 18], [0, 24, 11, 18], [30, 25, 0, 12], [10, 3, 7, 22], [4, 2, 0, 10], [20, 26, 22, 1], [14, 24, 6, 27], [12, 18, 8, 24], [31, 11, 20, 21], [29, 9, 11, 26], [27, 21, 2, 11], [18, 13, 9, 2], [30, 9, 31, 22], [12, 2, 18, 13], [7, 30, 2, 31], [17, 21, 31, 28], [3, 28, 11, 30], [22, 17, 31, 2], [18, 14, 6, 4], [29, 26, 20, 13], [2, 3, 12, 27], [17, 20, 13, 31], [26, 13, 1, 9], [4, 2, 19, 20], [21, 23, 10, 29], [16, 14, 0, 17], [20, 9, 31, 24], [8, 31, 26, 15], [26, 31, 13, 18], [23, 30, 22, 13], [16, 25, 22, 20], [31, 6, 1, 22], [31, 16, 15, 10], [21, 28, 9, 27], [10, 18, 27, 5], [4, 14, 18, 26], [11, 28, 21, 18], [28, 20, 30, 19], [27, 7, 11, 12], [4, 9, 6, 12], [8, 15, 11, 24], [12, 30, 7, 1], [19, 27, 30, 20], [16, 10, 19, 28], [13, 27, 1, 17], [10, 6, 13, 28], [19, 15, 18, 2], [18, 6, 12, 9], [29, 30, 14, 10], [4, 12, 6, 3], [29, 22, 11, 20], [4, 12, 24, 16], [19, 4, 15, 7], [19, 14, 29, 2], [27, 7, 20, 17], [11, 18, 16, 8], [26, 5, 18, 27], [19, 6, 21, 11], [9, 21, 12, 23], [13, 7, 28, 20], [9, 10, 31, 5], [28, 4, 18, 16], [31, 1, 17, 7], [15, 2, 16, 20], [2, 17, 15, 28], [22, 25, 13, 4], [29, 28, 5, 17], [11, 16, 15, 22], [22, 13, 30, 27], [19, 7, 13, 26], [20, 1, 18, 29], [19, 12, 10, 4], [14, 6, 16, 23], [24, 3, 7, 23], [20, 1, 8, 17], [25, 1, 8, 0], [4, 19, 13, 26], [13, 16, 5, 19], [7, 11, 15, 17], [2, 27, 16, 31], [11, 6, 7, 23], [6, 28, 12, 1], [0, 30, 20, 21], [15, 8, 23, 6], [19, 5, 24, 4], [10, 8, 5, 25], [21, 25, 22, 0], [12, 11, 29, 17], [18, 19, 16, 6], [31, 24, 12, 23], [13, 11, 30, 29], [3, 2, 12, 25], [6, 17, 1, 0], [15, 19, 8, 27], [4, 31, 21, 16], [6, 3, 24, 15], [2, 4, 17, 0], [2, 19, 21, 16], [0, 28, 3, 23]]",4,1.190154790878296,125,random,0.0,10304,4.0,124,1.2680777311325073,11,64 144 160 128,5149,0.48977169394493103,test,top_r_mean,0.0,0.0,0.5,0.25
0.024859195960380658,0.0,161,0.0,31,105.15769990161061,qasper,0.3076923076923077,0.0,0.0,0.0,2002.03407:10d450960907091f13e0be55f40bcb96f44dd074,mean,0.36319875776397514,0.11234597861766815,"[[23, 2, 3, 17], [4, 21, 13, 18], [31, 15, 26, 9], [13, 1, 2, 16], [31, 10, 12, 20], [6, 21, 31, 28], [20, 29, 31, 27], [5, 14, 1, 17], [25, 22, 21, 17], [31, 30, 12, 22], [29, 10, 0, 14], [7, 15, 5, 27], [26, 30, 27, 22], [15, 1, 21, 30], [13, 6, 26, 1], [24, 19, 6, 7], [14, 10, 11, 24], [11, 4, 31, 2], [31, 0, 7, 13], [19, 27, 21, 28], [4, 16, 30, 10], [11, 19, 9, 13], [5, 25, 10, 4], [26, 2, 19, 11], [10, 8, 0, 19], [25, 11, 9, 10], [29, 31, 3, 22], [5, 20, 1, 28], [11, 1, 10, 5], [31, 18, 27, 19], [16, 7, 8, 4], [13, 10, 11, 18], [9, 2, 26, 30], [13, 9, 16, 6], [29, 22, 11, 13], [26, 29, 15, 28], [4, 6, 24, 10], [6, 4, 14, 27], [26, 6, 22, 5], [0, 23, 20, 27], [31, 24, 26, 29], [28, 31, 20, 2], [25, 14, 28, 16], [13, 0, 9, 31], [10, 11, 22, 16], [15, 20, 31, 12], [24, 29, 9, 12], [4, 28, 7, 16], [0, 26, 5, 16], [29, 8, 20, 26], [15, 20, 18, 14], [23, 27, 3, 30], [7, 25, 18, 17], [17, 12, 22, 13], [23, 9, 7, 2], [19, 27, 14, 6], [5, 11, 17, 9], [30, 1, 22, 29], [29, 13, 12, 9], [31, 10, 24, 12], [24, 19, 14, 16], [0, 28, 11, 22], [13, 14, 2, 15], [26, 8, 0, 24], [20, 14, 9, 16], [17, 19, 28, 9], [13, 3, 10, 19], [31, 22, 11, 15], [0, 1, 27, 18], [12, 2, 24, 0], [30, 23, 15, 11], [21, 10, 26, 0], [10, 18, 21, 17], [8, 24, 19, 26], [14, 3, 18, 27], [2, 9, 19, 24], [1, 5, 30, 27], [8, 23, 10, 20], [6, 7, 24, 23], [18, 7, 21, 12], [31, 30, 1, 24], [20, 2, 1, 21], [27, 13, 17, 11], [17, 30, 5, 9], [27, 29, 15, 25], [27, 5, 10, 15], [18, 29, 4, 24], [30, 31, 19, 2], [3, 26, 14, 9], [14, 26, 6, 1], [8, 2, 12, 30], [24, 23, 9, 26], [0, 29, 31, 10], [17, 19, 13, 14], [19, 12, 26, 2], [23, 27, 13, 2], [5, 10, 22, 24], [31, 26, 1, 9], [16, 22, 11, 13], [18, 24, 4, 10], [18, 16, 22, 14], [27, 8, 22, 4], [25, 22, 14, 31], [12, 17, 4, 23], [11, 16, 4, 8], [1, 21, 26, 4], [0, 6, 31, 17], [10, 22, 3, 6], [29, 3, 0, 26], [20, 23, 14, 11], [29, 0, 10, 9], [29, 10, 4, 6], [30, 24, 5, 6], [17, 2, 4, 9], [6, 26, 3, 5], [7, 30, 22, 2], [0, 8, 2, 6], [2, 26, 10, 15], [9, 16, 6, 19], [29, 25, 24, 10], [10, 11, 16, 1], [8, 15, 31, 6], [27, 26, 22, 17], [8, 26, 19, 12], [23, 4, 6, 14], [11, 28, 4, 13], [26, 22, 28, 19], [11, 18, 5, 3], [8, 6, 2, 3], [0, 17, 20, 4], [28, 7, 10, 25], [17, 9, 23, 1], [15, 6, 25, 16], [2, 9, 13, 24], [2, 3, 11, 5], [23, 21, 24, 28], [23, 13, 22, 7], [8, 0, 18, 28], [22, 28, 27, 2], [28, 18, 21, 13], [5, 7, 28, 25], [9, 25, 10, 27], [20, 7, 2, 18], [31, 25, 2, 11], [7, 8, 12, 25], [10, 21, 25, 30], [21, 17, 0, 20], [18, 17, 5, 0], [30, 16, 6, 9], [3, 14, 2, 29], [21, 27, 20, 9], [1, 24, 7, 28], [18, 1, 7, 20], [27, 29, 5, 12], [31, 8, 11, 6], [18, 0, 27, 6], [17, 9, 1, 12], [20, 3, 4, 23], [26, 24, 31, 2], [29, 4, 14, 17], [19, 17, 27, 0]]",4,1.1939576864242554,128,random,0.0,10304,4.0,124,1.263509750366211,23,48 24 104 58,5149,0.5068811774253845,test,top_r_mean,0.0,0.0,0.0,0.125
0.024859195960380658,0.0,161,0.0,31,107.63650014996529,qasper,0.3076923076923077,0.0,0.0,0.0,2002.03407:10d450960907091f13e0be55f40bcb96f44dd074,mean,0.3046583850931677,0.11984267830848694,"[[18, 6, 7, 3], [26, 28, 11, 19], [30, 7, 29, 19], [2, 0, 13, 23], [3, 26, 9, 30], [0, 3, 6, 27], [18, 26, 10, 9], [9, 8, 24, 11], [7, 24, 9, 30], [19, 13, 14, 25], [14, 2, 24, 25], [0, 4, 17, 25], [17, 27, 4, 11], [15, 12, 28, 16], [7, 30, 12, 13], [29, 26, 15, 14], [30, 8, 28, 6], [20, 28, 9, 13], [9, 31, 29, 18], [26, 23, 5, 17], [26, 21, 29, 24], [13, 18, 16, 4], [15, 2, 17, 27], [24, 19, 0, 23], [26, 18, 6, 13], [30, 1, 7, 21], [12, 14, 27, 16], [17, 22, 25, 6], [24, 2, 3, 6], [3, 9, 30, 2], [15, 12, 5, 16], [4, 24, 30, 13], [0, 25, 11, 2], [21, 27, 10, 9], [2, 15, 13, 12], [29, 31, 24, 21], [26, 24, 17, 18], [16, 10, 22, 1], [26, 14, 27, 29], [25, 8, 16, 26], [11, 23, 16, 14], [21, 20, 14, 1], [29, 25, 12, 28], [11, 0, 10, 24], [2, 20, 18, 30], [11, 22, 13, 12], [21, 20, 28, 5], [28, 22, 10, 5], [14, 18, 9, 1], [3, 13, 4, 21], [25, 14, 10, 0], [24, 26, 3, 15], [15, 27, 13, 1], [8, 24, 4, 31], [17, 8, 18, 27], [10, 23, 7, 26], [29, 28, 16, 22], [17, 9, 4, 25], [16, 19, 18, 0], [30, 5, 20, 15], [4, 22, 29, 16], [16, 1, 9, 7], [0, 19, 16, 22], [21, 28, 13, 5], [1, 15, 21, 0], [16, 5, 25, 4], [12, 30, 11, 29], [23, 16, 14, 12], [3, 16, 17, 20], [29, 9, 30, 14], [20, 21, 30, 16], [24, 10, 7, 2], [3, 4, 6, 27], [28, 20, 27, 16], [3, 18, 19, 24], [29, 26, 24, 27], [10, 15, 24, 0], [29, 5, 19, 27], [3, 17, 13, 20], [4, 3, 16, 1], [26, 18, 12, 10], [10, 9, 27, 31], [23, 31, 27, 8], [30, 20, 6, 3], [25, 14, 1, 18], [11, 25, 15, 10], [21, 6, 24, 11], [0, 23, 24, 30], [23, 21, 9, 29], [4, 17, 21, 16], [31, 29, 30, 12], [6, 15, 18, 0], [2, 24, 26, 27], [25, 31, 16, 29], [1, 2, 3, 26], [12, 1, 9, 7], [19, 24, 20, 30], [14, 10, 6, 25], [1, 8, 11, 12], [2, 17, 10, 11], [11, 20, 5, 3], [29, 5, 23, 0], [19, 14, 11, 4], [6, 8, 2, 20], [9, 27, 29, 1], [27, 0, 11, 4], [20, 17, 16, 4], [7, 2, 31, 19], [11, 25, 30, 15], [16, 10, 27, 6], [17, 14, 16, 7], [28, 19, 24, 15], [15, 12, 0, 10], [22, 14, 4, 6], [4, 5, 2, 24], [7, 8, 1, 21], [30, 13, 15, 20], [20, 15, 22, 5], [17, 5, 22, 28], [7, 22, 13, 3], [21, 10, 7, 16], [24, 14, 16, 30], [28, 21, 17, 9], [5, 4, 23, 19], [22, 5, 27, 1], [15, 17, 12, 3], [15, 11, 3, 4], [4, 27, 28, 17], [5, 11, 4, 27], [31, 6, 22, 19], [20, 15, 31, 4], [19, 29, 3, 1], [23, 26, 31, 14], [4, 22, 15, 7], [4, 1, 13, 0], [22, 5, 30, 3], [31, 23, 3, 10], [15, 4, 26, 8], [27, 19, 5, 17], [11, 26, 25, 19], [30, 28, 26, 18], [9, 12, 8, 30], [28, 18, 16, 6], [20, 25, 1, 2], [24, 10, 4, 5], [5, 31, 16, 30], [31, 8, 14, 7], [31, 12, 2, 23], [27, 14, 8, 25], [31, 3, 12, 11], [25, 27, 17, 23], [0, 8, 31, 11], [2, 24, 12, 19], [7, 24, 10, 17], [10, 23, 0, 21], [16, 8, 0, 1], [14, 20, 9, 30], [7, 2, 26, 14], [3, 16, 23, 8], [19, 26, 25, 21], [15, 22, 25, 20]]",4,1.211532711982727,128,random,0.0,10304,4.0,124,1.288750171661377,37,64 32 112 73,5149,0.43399181962013245,test,top_r_mean,0.0,0.0,0.25,0.625
0.024859195960380658,1.0,161,1.0,31,136.2840998917818,qasper,0.3076923076923077,0.25,0.07692307692307693,0.0,2002.03407:10d450960907091f13e0be55f40bcb96f44dd074,mean,0.3113354037267081,0.13271021842956543,"[[0, 3, 18, 10], [17, 5, 2, 26], [10, 2, 20, 21], [22, 28, 0, 27], [16, 4, 0, 21], [11, 29, 23, 8], [19, 0, 21, 24], [13, 11, 9, 28], [20, 21, 26, 25], [8, 13, 28, 3], [5, 3, 9, 24], [3, 19, 8, 22], [12, 18, 16, 7], [4, 7, 29, 2], [4, 5, 0, 20], [10, 31, 20, 0], [27, 30, 26, 13], [6, 17, 15, 12], [4, 15, 25, 13], [28, 21, 29, 11], [23, 18, 10, 16], [29, 7, 30, 27], [22, 11, 10, 1], [15, 18, 21, 10], [16, 25, 18, 26], [7, 4, 27, 0], [24, 11, 8, 3], [5, 17, 16, 6], [6, 0, 11, 15], [28, 11, 16, 17], [21, 22, 9, 3], [4, 7, 8, 23], [13, 17, 1, 26], [1, 9, 28, 4], [29, 9, 11, 1], [6, 19, 27, 23], [24, 12, 31, 25], [24, 27, 7, 3], [9, 0, 19, 31], [22, 7, 27, 13], [30, 12, 24, 23], [6, 4, 17, 28], [7, 29, 15, 17], [16, 3, 4, 18], [17, 7, 22, 3], [30, 26, 7, 8], [6, 27, 8, 16], [28, 7, 14, 19], [23, 4, 27, 15], [16, 18, 30, 23], [7, 30, 14, 17], [2, 28, 14, 5], [15, 12, 13, 31], [22, 30, 8, 1], [0, 4, 18, 29], [19, 22, 21, 25], [6, 26, 30, 24], [20, 0, 11, 30], [11, 27, 0, 3], [25, 27, 12, 7], [1, 29, 11, 19], [0, 28, 8, 13], [19, 26, 25, 3], [27, 3, 8, 5], [0, 9, 13, 3], [13, 0, 30, 23], [18, 0, 19, 27], [4, 10, 26, 18], [4, 5, 16, 17], [8, 11, 0, 21], [0, 28, 26, 6], [7, 11, 22, 10], [14, 30, 15, 18], [15, 29, 3, 5], [3, 25, 6, 2], [1, 13, 5, 28], [8, 0, 27, 5], [9, 7, 0, 27], [22, 28, 13, 26], [19, 1, 27, 7], [14, 25, 10, 15], [11, 28, 15, 7], [3, 7, 18, 10], [0, 4, 9, 14], [25, 7, 21, 5], [4, 10, 14, 25], [13, 17, 25, 20], [15, 20, 27, 4], [3, 6, 9, 4], [7, 31, 18, 14], [30, 13, 4, 12], [1, 5, 3, 22], [3, 24, 8, 1], [27, 19, 17, 11], [27, 16, 10, 12], [15, 31, 0, 8], [26, 28, 3, 10], [26, 0, 23, 5], [10, 21, 16, 0], [9, 10, 8, 5], [19, 6, 2, 5], [9, 29, 11, 6], [3, 18, 17, 24], [29, 11, 23, 8], [13, 19, 28, 3], [16, 23, 6, 15], [25, 3, 14, 28], [23, 6, 9, 8], [22, 19, 30, 14], [19, 22, 1, 3], [8, 3, 10, 17], [9, 22, 30, 8], [20, 6, 24, 15], [25, 12, 21, 5], [26, 0, 12, 3], [19, 27, 21, 22], [21, 14, 9, 0], [5, 31, 1, 30], [14, 11, 3, 6], [30, 29, 1, 8], [31, 22, 21, 11], [29, 17, 1, 16], [14, 5, 6, 24], [7, 20, 27, 16], [17, 28, 26, 1], [18, 19, 1, 23], [25, 6, 28, 27], [24, 15, 14, 1], [20, 5, 22, 14], [6, 3, 13, 21], [11, 2, 16, 31], [24, 3, 26, 20], [24, 25, 23, 26], [31, 24, 22, 6], [25, 10, 13, 30], [0, 22, 2, 31], [6, 26, 31, 14], [20, 24, 18, 2], [25, 31, 14, 16], [19, 27, 1, 20], [0, 29, 23, 11], [1, 3, 30, 16], [10, 9, 13, 11], [14, 28, 27, 6], [16, 11, 8, 23], [27, 14, 2, 24], [13, 2, 22, 31], [3, 16, 13, 4], [6, 15, 27, 1], [23, 16, 14, 27], [8, 25, 10, 28], [9, 17, 2, 21], [22, 28, 12, 14], [6, 27, 21, 31], [2, 1, 11, 15], [22, 30, 31, 4], [1, 15, 17, 27], [4, 23, 18, 12], [10, 11, 15, 18], [30, 11, 20, 14], [24, 23, 4, 22]]",4,1.2315815687179565,128,random,1.0,10304,4.0,124,1.3160805702209473,53,0 64 137 56,5149,0.4375632405281067,test,top_r_mean,1.0,0.5,0.75,0.5
0.024859195960380658,1.0,161,1.0,31,113.7616999913007,qasper,0.3076923076923077,0.25,0.07692307692307693,0.0,2002.03407:10d450960907091f13e0be55f40bcb96f44dd074,mean,0.3944099378881988,0.09337971359491348,"[[22, 20, 0, 4], [29, 28, 10, 20], [10, 17, 21, 12], [11, 5, 17, 9], [15, 4, 5, 27], [25, 13, 2, 21], [20, 27, 15, 30], [8, 18, 23, 13], [31, 25, 3, 7], [9, 26, 2, 8], [9, 14, 12, 21], [19, 1, 6, 5], [3, 2, 15, 5], [16, 11, 21, 12], [15, 12, 3, 26], [7, 6, 1, 11], [31, 14, 8, 7], [29, 3, 5, 28], [19, 9, 5, 25], [17, 20, 11, 30], [9, 0, 25, 14], [8, 20, 7, 5], [30, 5, 11, 16], [27, 20, 0, 19], [5, 8, 6, 28], [29, 2, 24, 13], [25, 17, 13, 22], [31, 4, 19, 10], [21, 15, 10, 28], [7, 28, 11, 25], [11, 13, 31, 15], [7, 30, 24, 31], [1, 29, 19, 6], [29, 26, 11, 16], [1, 24, 17, 31], [2, 18, 3, 15], [30, 24, 2, 20], [12, 27, 24, 15], [17, 31, 0, 24], [27, 16, 14, 6], [4, 26, 16, 0], [19, 27, 9, 7], [5, 14, 4, 13], [22, 2, 31, 7], [13, 4, 19, 18], [21, 12, 2, 19], [29, 9, 26, 12], [17, 28, 3, 22], [11, 8, 17, 13], [25, 7, 0, 6], [7, 13, 8, 0], [28, 0, 16, 30], [28, 26, 16, 0], [6, 0, 8, 20], [13, 5, 21, 8], [10, 31, 19, 17], [5, 2, 13, 18], [19, 21, 22, 29], [17, 18, 23, 11], [27, 18, 21, 20], [7, 27, 25, 10], [23, 30, 28, 2], [13, 9, 24, 3], [7, 18, 15, 3], [4, 5, 6, 1], [15, 3, 2, 0], [30, 4, 16, 24], [14, 31, 5, 22], [10, 6, 2, 31], [12, 18, 22, 8], [13, 15, 19, 5], [25, 26, 7, 11], [8, 19, 26, 29], [22, 8, 17, 6], [12, 19, 25, 16], [12, 28, 8, 5], [21, 4, 8, 5], [6, 4, 16, 30], [5, 12, 3, 29], [24, 7, 31, 23], [1, 19, 26, 17], [14, 22, 19, 1], [2, 22, 21, 18], [14, 17, 31, 4], [2, 8, 5, 18], [15, 31, 24, 12], [17, 3, 6, 11], [0, 25, 9, 26], [9, 30, 1, 27], [25, 22, 9, 26], [5, 10, 7, 31], [3, 19, 14, 7], [29, 14, 8, 19], [14, 22, 21, 2], [26, 31, 12, 20], [13, 23, 20, 10], [15, 23, 1, 30], [9, 29, 7, 3], [22, 21, 31, 27], [23, 3, 19, 6], [12, 21, 16, 3], [27, 13, 29, 7], [4, 22, 15, 25], [19, 17, 10, 25], [16, 5, 21, 19], [9, 23, 22, 14], [16, 6, 29, 30], [9, 20, 25, 21], [4, 6, 1, 7], [25, 27, 30, 31], [7, 0, 2, 20], [31, 30, 4, 26], [8, 5, 6, 18], [10, 7, 4, 26], [21, 31, 20, 9], [20, 11, 0, 7], [23, 4, 6, 31], [6, 23, 29, 7], [21, 19, 24, 0], [5, 26, 9, 30], [24, 6, 2, 13], [6, 27, 28, 30], [2, 1, 27, 20], [20, 19, 9, 16], [23, 12, 4, 27], [27, 2, 13, 18], [9, 15, 27, 24], [25, 23, 4, 16], [21, 31, 15, 1], [20, 9, 23, 10], [29, 22, 18, 4], [27, 0, 2, 6], [12, 29, 1, 18], [1, 19, 16, 13], [16, 24, 5, 1], [21, 28, 27, 7], [25, 21, 0, 12], [10, 16, 2, 13], [19, 31, 30, 15], [26, 6, 22, 21], [19, 0, 9, 28], [5, 4, 1, 16], [14, 26, 19, 13], [16, 2, 28, 17], [12, 26, 9, 29], [19, 6, 10, 14], [2, 13, 16, 25], [22, 20, 24, 30], [2, 23, 29, 24], [7, 3, 26, 2], [7, 14, 28, 0], [4, 31, 9, 7], [18, 26, 22, 29], [20, 18, 10, 24], [11, 1, 4, 29], [30, 16, 21, 27], [0, 29, 13, 30], [14, 17, 31, 13], [19, 25, 7, 28], [14, 1, 4, 21], [13, 15, 14, 22]]",4,1.1740009784698486,128,random,0.5,10304,4.0,124,1.2369283437728882,71,40 0 136 58,5149,0.5538733601570129,test,top_r_mean,0.0,0.5,0.25,0.375
0.024859195960380658,0.0,161,0.0,31,99.88610004074872,qasper,0.3076923076923077,0.0,0.0,0.0,2002.03407:10d450960907091f13e0be55f40bcb96f44dd074,mean,0.43074534161490685,0.10541215538978577,"[[24, 25, 26, 27, 28, 29, 30, 31], [24, 25, 26, 27, 28, 29, 30, 31], [24, 25, 26, 27, 28, 29, 30, 31], [24, 25, 26, 27, 28, 29, 30, 31], [24, 25, 26, 27, 28, 29, 30, 31], [24, 25, 26, 27, 28, 29, 30, 31], [24, 25, 26, 27, 28, 29, 30, 31], [24, 25, 26, 27, 28, 29, 30, 31], [24, 25, 26, 27, 28, 29, 30, 31], [24, 25, 26, 27, 28, 29, 30, 31], [24, 25, 26, 27, 28, 29, 30, 31], [24, 25, 26, 27, 28, 29, 30, 31], [24, 25, 26, 27, 28, 29, 30, 31], [24, 25, 26, 27, 28, 29, 30, 31], [24, 25, 26, 27, 28, 29, 30, 31], [24, 25, 26, 27, 28, 29, 30, 31], [24, 25, 26, 27, 28, 29, 30, 31], [24, 25, 26, 27, 28, 29, 30, 31], [24, 25, 26, 27, 28, 29, 30, 31], [24, 25, 26, 27, 28, 29, 30, 31], [24, 25, 26, 27, 28, 29, 30, 31], [24, 25, 26, 27, 28, 29, 30, 31], [24, 25, 26, 27, 28, 29, 30, 31], [24, 25, 26, 27, 28, 29, 30, 31], [24, 25, 26, 27, 28, 29, 30, 31], [24, 25, 26, 27, 28, 29, 30, 31], [24, 25, 26, 27, 28, 29, 30, 31], [24, 25, 26, 27, 28, 29, 30, 31], [24, 25, 26, 27, 28, 29, 30, 31], [24, 25, 26, 27, 28, 29, 30, 31], [24, 25, 26, 27, 28, 29, 30, 31], [24, 25, 26, 27, 28, 29, 30, 31], [24, 25, 26, 27, 28, 29, 30, 31], [24, 25, 26, 27, 28, 29, 30, 31], [24, 25, 26, 27, 28, 29, 30, 31], [24, 25, 26, 27, 28, 29, 30, 31], [24, 25, 26, 27, 28, 29, 30, 31], [24, 25, 26, 27, 28, 29, 30, 31], [24, 25, 26, 27, 28, 29, 30, 31], [24, 25, 26, 27, 28, 29, 30, 31], [24, 25, 26, 27, 28, 29, 30, 31], [24, 25, 26, 27, 28, 29, 30, 31], [24, 25, 26, 27, 28, 29, 30, 31], [24, 25, 26, 27, 28, 29, 30, 31], [24, 25, 26, 27, 28, 29, 30, 31], [24, 25, 26, 27, 28, 29, 30, 31], [24, 25, 26, 27, 28, 29, 30, 31], [24, 25, 26, 27, 28, 29, 30, 31], [24, 25, 26, 27, 28, 29, 30, 31], [24, 25, 26, 27, 28, 29, 30, 31], [24, 25, 26, 27, 28, 29, 30, 31], [24, 25, 26, 27, 28, 29, 30, 31], [24, 25, 26, 27, 28, 29, 30, 31], [24, 25, 26, 27, 28, 29, 30, 31], [24, 25, 26, 27, 28, 29, 30, 31], [24, 25, 26, 27, 28, 29, 30, 31], [24, 25, 26, 27, 28, 29, 30, 31], [24, 25, 26, 27, 28, 29, 30, 31], [24, 25, 26, 27, 28, 29, 30, 31], [24, 25, 26, 27, 28, 29, 30, 31], [24, 25, 26, 27, 28, 29, 30, 31], [24, 25, 26, 27, 28, 29, 30, 31], [24, 25, 26, 27, 28, 29, 30, 31], [24, 25, 26, 27, 28, 29, 30, 31], [24, 25, 26, 27, 28, 29, 30, 31], [24, 25, 26, 27, 28, 29, 30, 31], [24, 25, 26, 27, 28, 29, 30, 31], [24, 25, 26, 27, 28, 29, 30, 31], [24, 25, 26, 27, 28, 29, 30, 31], [24, 25, 26, 27, 28, 29, 30, 31], [24, 25, 26, 27, 28, 29, 30, 31], [24, 25, 26, 27, 28, 29, 30, 31], [24, 25, 26, 27, 28, 29, 30, 31], [24, 25, 26, 27, 28, 29, 30, 31], [24, 25, 26, 27, 28, 29, 30, 31], [24, 25, 26, 27, 28, 29, 30, 31], [24, 25, 26, 27, 28, 29, 30, 31], [24, 25, 26, 27, 28, 29, 30, 31], [24, 25, 26, 27, 28, 29, 30, 31], [24, 25, 26, 27, 28, 29, 30, 31], [24, 25, 26, 27, 28, 29, 30, 31], [24, 25, 26, 27, 28, 29, 30, 31], [24, 25, 26, 27, 28, 29, 30, 31], [24, 25, 26, 27, 28, 29, 30, 31], [24, 25, 26, 27, 28, 29, 30, 31], [24, 25, 26, 27, 28, 29, 30, 31], [24, 25, 26, 27, 28, 29, 30, 31], [24, 25, 26, 27, 28, 29, 30, 31], [24, 25, 26, 27, 28, 29, 30, 31], [24, 25, 26, 27, 28, 29, 30, 31], [24, 25, 26, 27, 28, 29, 30, 31], [24, 25, 26, 27, 28, 29, 30, 31], [24, 25, 26, 27, 28, 29, 30, 31], [24, 25, 26, 27, 28, 29, 30, 31], [24, 25, 26, 27, 28, 29, 30, 31], [24, 25, 26, 27, 28, 29, 30, 31], [24, 25, 26, 27, 28, 29, 30, 31], [24, 25, 26, 27, 28, 29, 30, 31], [24, 25, 26, 27, 28, 29, 30, 31], [24, 25, 26, 27, 28, 29, 30, 31], [24, 25, 26, 27, 28, 29, 30, 31], [24, 25, 26, 27, 28, 29, 30, 31], [24, 25, 26, 27, 28, 29, 30, 31], [24, 25, 26, 27, 28, 29, 30, 31], [24, 25, 26, 27, 28, 29, 30, 31], [24, 25, 26, 27, 28, 29, 30, 31], [24, 25, 26, 27, 28, 29, 30, 31], [24, 25, 26, 27, 28, 29, 30, 31], [24, 25, 26, 27, 28, 29, 30, 31], [24, 25, 26, 27, 28, 29, 30, 31], [24, 25, 26, 27, 28, 29, 30, 31], [24, 25, 26, 27, 28, 29, 30, 31], [24, 25, 26, 27, 28, 29, 30, 31], [24, 25, 26, 27, 28, 29, 30, 31], [24, 25, 26, 27, 28, 29, 30, 31], [24, 25, 26, 27, 28, 29, 30, 31], [24, 25, 26, 27, 28, 29, 30, 31], [24, 25, 26, 27, 28, 29, 30, 31], [24, 25, 26, 27, 28, 29, 30, 31], [24, 25, 26, 27, 28, 29, 30, 31], [24, 25, 26, 27, 28, 29, 30, 31], [24, 25, 26, 27, 28, 29, 30, 31], [24, 25, 26, 27, 28, 29, 30, 31], [24, 25, 26, 27, 28, 29, 30, 31], [24, 25, 26, 27, 28, 29, 30, 31], [24, 25, 26, 27, 28, 29, 30, 31], [24, 25, 26, 27, 28, 29, 30, 31], [24, 25, 26, 27, 28, 29, 30, 31], [24, 25, 26, 27, 28, 29, 30, 31], [24, 25, 26, 27, 28, 29, 30, 31], [24, 25, 26, 27, 28, 29, 30, 31], [24, 25, 26, 27, 28, 29, 30, 31], [24, 25, 26, 27, 28, 29, 30, 31], [24, 25, 26, 27, 28, 29, 30, 31], [24, 25, 26, 27, 28, 29, 30, 31], [24, 25, 26, 27, 28, 29, 30, 31], [24, 25, 26, 27, 28, 29, 30, 31], [24, 25, 26, 27, 28, 29, 30, 31], [24, 25, 26, 27, 28, 29, 30, 31], [24, 25, 26, 27, 28, 29, 30, 31], [24, 25, 26, 27, 28, 29, 30, 31], [24, 25, 26, 27, 28, 29, 30, 31], [24, 25, 26, 27, 28, 29, 30, 31], [24, 25, 26, 27, 28, 29, 30, 31], [24, 25, 26, 27, 28, 29, 30, 31], [24, 25, 26, 27, 28, 29, 30, 31], [24, 25, 26, 27, 28, 29, 30, 31], [24, 25, 26, 27, 28, 29, 30, 31], [24, 25, 26, 27, 28, 29, 30, 31], [24, 25, 26, 27, 28, 29, 30, 31], [24, 25, 26, 27, 28, 29, 30, 31], [24, 25, 26, 27, 28, 29, 30, 31], [24, 25, 26, 27, 28, 29, 30, 31], [24, 25, 26, 27, 28, 29, 30, 31], [24, 25, 26, 27, 28, 29, 30, 31], [24, 25, 26, 27, 28, 29, 30, 31], [24, 25, 26, 27, 28, 29, 30, 31], [24, 25, 26, 27, 28, 29, 30, 31], [24, 25, 26, 27, 28, 29, 30, 31], [24, 25, 26, 27, 28, 29, 30, 31], [21, 22, 23, 24, 25, 26, 27, 28]]",8,0.6962454319000244,128,last,0.0,20608,4.0,124,0.7977476119995117,0,67 142 128 58,5149,0.6021624207496643,test,top_r_mean,0.0,0.0,0.25,0.125
0.024859195960380658,0.0,161,0.0,31,109.560800017789,qasper,0.3076923076923077,0.0,0.0,0.0,2002.03407:10d450960907091f13e0be55f40bcb96f44dd074,mean,0.5287267080745341,0.023327741771936417,"[[11, 0, 16, 17, 1, 8, 21, 6], [21, 0, 31, 3, 12, 29, 5, 19], [20, 10, 26, 29, 27, 31, 12, 14], [23, 13, 18, 14, 30, 2, 12, 9], [21, 7, 2, 13, 28, 10, 15, 16], [19, 4, 2, 1, 15, 31, 25, 9], [13, 19, 9, 8, 20, 4, 7, 10], [14, 17, 4, 22, 30, 7, 21, 6], [9, 0, 16, 1, 28, 19, 7, 30], [11, 26, 22, 30, 20, 3, 24, 25], [8, 1, 19, 12, 13, 24, 4, 16], [20, 28, 7, 31, 13, 3, 30, 18], [15, 8, 0, 6, 9, 11, 31, 25], [10, 25, 16, 1, 18, 29, 15, 4], [4, 22, 1, 21, 31, 12, 20, 17], [20, 22, 2, 18, 4, 30, 28, 3], [4, 0, 23, 15, 29, 16, 26, 28], [3, 21, 9, 22, 27, 23, 31, 19], [14, 26, 31, 18, 6, 25, 27, 8], [23, 0, 1, 11, 7, 10, 29, 5], [16, 20, 26, 2, 29, 3, 10, 12], [27, 10, 11, 2, 16, 24, 1, 9], [14, 0, 16, 31, 23, 19, 1, 9], [2, 18, 27, 26, 10, 22, 3, 24], [17, 0, 2, 3, 1, 4, 26, 31], [9, 21, 23, 4, 20, 8, 17, 11], [9, 31, 7, 30, 22, 20, 13, 4], [25, 4, 8, 17, 12, 10, 31, 1], [21, 29, 24, 19, 31, 16, 28, 0], [21, 6, 16, 19, 28, 24, 4, 29], [28, 18, 2, 23, 20, 19, 7, 31], [3, 25, 26, 6, 19, 12, 21, 28], [16, 0, 6, 13, 12, 22, 26, 7], [22, 26, 25, 17, 13, 4, 19, 28], [24, 31, 4, 7, 21, 0, 15, 5], [3, 5, 0, 28, 12, 21, 16, 11], [22, 30, 27, 1, 3, 7, 16, 26], [12, 6, 20, 7, 5, 18, 11, 30], [20, 10, 11, 12, 13, 22, 18, 14], [6, 12, 29, 18, 9, 23, 21, 15], [24, 0, 30, 18, 1, 10, 19, 6], [14, 4, 20, 23, 3, 12, 27, 5], [30, 20, 19, 0, 10, 13, 25, 22], [2, 17, 9, 22, 8, 25, 0, 21], [26, 22, 11, 2, 31, 18, 10, 5], [26, 22, 7, 20, 5, 1, 28, 13], [10, 31, 25, 30, 7, 27, 2, 13], [26, 4, 14, 10, 16, 6, 22, 29], [6, 0, 22, 25, 16, 14, 23, 31], [29, 5, 4, 8, 6, 7, 26, 20], [11, 7, 21, 24, 25, 3, 0, 15], [23, 25, 16, 11, 24, 18, 4, 2], [29, 3, 15, 7, 12, 22, 2, 1], [9, 21, 29, 19, 7, 24, 27, 31], [27, 14, 19, 11, 29, 15, 0, 12], [1, 17, 14, 13, 18, 26, 15, 28], [22, 0, 28, 9, 2, 5, 19, 6], [22, 0, 6, 4, 11, 1, 2, 9], [25, 2, 1, 15, 11, 23, 4, 31], [11, 4, 19, 23, 3, 16, 6, 24], [12, 20, 27, 10, 21, 5, 6, 7], [10, 15, 5, 23, 0, 8, 2, 28], [7, 0, 1, 27, 3, 6, 20, 31], [9, 27, 29, 5, 23, 30, 19, 18], [5, 0, 19, 23, 11, 9, 29, 24], [15, 10, 13, 9, 23, 29, 2, 19], [11, 25, 7, 27, 15, 13, 17, 1], [0, 30, 12, 24, 14, 29, 21, 28], [19, 31, 16, 26, 4, 1, 25, 6], [29, 3, 7, 4, 1, 11, 5, 12], [8, 28, 29, 15, 1, 6, 0, 30], [12, 22, 2, 0, 24, 21, 20, 13], [10, 0, 2, 31, 16, 14, 3, 18], [15, 3, 11, 8, 4, 10, 21, 14], [4, 26, 23, 17, 12, 13, 25, 19], [20, 29, 12, 28, 3, 0, 21, 31], [28, 20, 3, 4, 1, 26, 21, 27], [13, 22, 10, 9, 29, 31, 1, 26], [19, 8, 2, 26, 30, 18, 12, 7], [15, 23, 30, 6, 10, 28, 31, 29], [25, 0, 14, 30, 5, 1, 12, 19], [26, 22, 31, 29, 23, 4, 19, 2], [3, 0, 1, 27, 16, 26, 10, 23], [7, 24, 13, 19, 11, 17, 18, 23], [11, 13, 20, 8, 17, 2, 19, 9], [24, 4, 9, 22, 29, 21, 26, 0], [29, 11, 26, 19, 0, 9, 18, 14], [16, 5, 23, 1, 14, 4, 11, 6], [7, 0, 4, 16, 27, 29, 31, 2], [17, 11, 16, 23, 30, 31, 22, 12], [18, 10, 20, 8, 1, 19, 13, 31], [27, 12, 0, 18, 15, 8, 29, 22], [12, 24, 30, 6, 23, 26, 28, 21], [3, 20, 1, 5, 26, 29, 19, 22], [6, 4, 15, 17, 5, 14, 21, 13], [20, 16, 7, 4, 12, 22, 26, 19], [13, 0, 3, 4, 16, 17, 11, 20], [31, 12, 16, 11, 2, 9, 20, 7], [17, 30, 20, 7, 23, 13, 31, 28], [3, 21, 13, 14, 15, 2, 22, 8], [17, 23, 2, 29, 4, 9, 1, 27], [11, 28, 25, 4, 3, 31, 0, 18], [26, 22, 29, 25, 10, 4, 31, 30], [8, 3, 20, 2, 22, 28, 0, 17], [13, 0, 29, 2, 9, 26, 19, 1], [1, 28, 21, 15, 31, 27, 22, 19], [11, 4, 6, 19, 3, 7, 1, 27], [13, 12, 3, 5, 20, 25, 2, 30], [14, 8, 23, 1, 0, 17, 31, 20], [9, 20, 19, 31, 26, 22, 25, 15], [20, 6, 1, 7, 30, 13, 22, 26], [4, 2, 14, 22, 26, 23, 15, 17], [5, 0, 30, 24, 27, 13, 19, 22], [24, 5, 14, 1, 17, 23, 16, 26], [6, 20, 0, 21, 11, 25, 3, 24], [21, 4, 25, 0, 9, 1, 12, 14], [10, 11, 26, 24, 1, 25, 19, 23], [22, 4, 3, 9, 14, 24, 27, 17], [5, 3, 9, 22, 18, 28, 25, 14], [5, 23, 14, 2, 17, 3, 8, 30], [3, 0, 10, 15, 23, 19, 17, 26], [2, 30, 6, 18, 14, 31, 26, 25], [14, 31, 26, 0, 22, 25, 19, 3], [14, 22, 0, 9, 17, 11, 23, 5], [25, 20, 27, 3, 6, 23, 9, 4], [0, 21, 24, 31, 8, 6, 15, 4], [14, 19, 25, 31, 27, 3, 6, 9], [22, 27, 24, 10, 5, 28, 31, 11], [20, 0, 24, 25, 23, 31, 10, 2], [16, 13, 30, 6, 3, 11, 23, 1], [20, 4, 31, 1, 25, 22, 15, 9], [4, 15, 25, 9, 28, 21, 0, 10], [17, 13, 8, 3, 30, 22, 12, 15], [20, 12, 4, 11, 9, 19, 18, 26], [15, 9, 27, 6, 5, 3, 17, 1], [27, 13, 16, 30, 24, 9, 17, 10], [13, 0, 27, 31, 25, 6, 26, 11], [21, 30, 31, 13, 19, 27, 7, 18], [25, 7, 2, 20, 15, 8, 5, 28], [5, 18, 26, 30, 31, 21, 7, 17], [19, 20, 6, 23, 13, 21, 3, 5], [18, 12, 1, 16, 23, 0, 5, 10], [13, 27, 26, 0, 25, 28, 21, 11], [30, 4, 5, 29, 24, 7, 17, 10], [14, 0, 11, 23, 2, 9, 4, 6], [12, 30, 1, 29, 31, 2, 9, 27], [6, 20, 15, 3, 23, 11, 27, 25], [0, 31, 13, 3, 26, 16, 14, 28], [11, 1, 28, 2, 27, 14, 31, 20], [18, 25, 5, 20, 4, 30, 14, 24], [3, 10, 15, 2, 7, 24, 14, 22], [16, 5, 23, 27, 14, 29, 21, 31], [11, 0, 17, 16, 2, 19, 9, 8], [11, 23, 1, 31, 20, 25, 22, 28], [12, 0, 23, 31, 5, 6, 30, 8], [16, 24, 8, 29, 3, 21, 12, 23], [30, 22, 8, 26, 0, 16, 3, 25], [14, 3, 2, 20, 6, 12, 8, 1], [11, 31, 24, 20, 29, 5, 28, 27], [7, 9, 18, 19, 13, 10, 17, 25], [21, 0, 23, 4, 27, 17, 1, 13]]",8,0.6827810406684875,128,farthest,0.0,20608,4.0,124,0.7215580344200134,0,120 128 72 64,5149,0.6996405124664307,test,top_r_mean,0.0,0.5,0.5,0.625
0.024859195960380658,1.0,161,1.0,31,114.63039997033775,qasper,0.3076923076923077,0.25,0.07692307692307693,0.0,2002.03407:10d450960907091f13e0be55f40bcb96f44dd074,mean,0.8878881987577639,0.0008537722751498222,"[[24, 0, 9, 10, 18, 11, 5, 25], [14, 20, 11, 13, 22, 15, 24, 12], [29, 30, 12, 10, 31, 13, 11, 17], [8, 7, 9, 16, 15, 22, 12, 10], [6, 12, 15, 13, 11, 7, 8, 31], [8, 2, 6, 7, 12, 3, 14, 19], [31, 23, 4, 30, 17, 27, 14, 0], [31, 26, 15, 7, 0, 8, 10, 30], [31, 0, 16, 22, 6, 10, 17, 2], [6, 10, 24, 1, 25, 21, 7, 23], [7, 18, 8, 9, 21, 11, 29, 19], [11, 7, 16, 25, 12, 26, 2, 14], [6, 29, 15, 31, 7, 16, 24, 20], [30, 31, 3, 0, 9, 2, 1, 6], [21, 25, 3, 0, 26, 29, 1, 17], [19, 18, 6, 0, 24, 1, 22, 27], [17, 0, 22, 3, 9, 19, 6, 18], [1, 29, 24, 3, 6, 4, 8, 2], [18, 20, 21, 10, 25, 22, 19, 5], [26, 25, 24, 27, 12, 7, 28, 3], [12, 5, 15, 31, 16, 7, 1, 6], [4, 8, 6, 13, 0, 5, 11, 7], [26, 23, 14, 4, 30, 8, 29, 6], [29, 17, 20, 2, 25, 7, 9, 28], [31, 0, 14, 17, 6, 16, 11, 7], [7, 25, 12, 14, 10, 0, 4, 13], [19, 17, 2, 0, 22, 18, 30, 29], [9, 11, 13, 10, 14, 3, 28, 19], [23, 16, 12, 20, 8, 27, 17, 13], [15, 22, 29, 9, 30, 21, 31, 27], [14, 5, 1, 17, 2, 0, 15, 12], [1, 3, 4, 2, 28, 23, 7, 26], [26, 0, 16, 11, 29, 5, 10, 3], [17, 18, 20, 21, 8, 22, 24, 19], [16, 24, 25, 18, 30, 0, 23, 31], [11, 13, 8, 2, 18, 9, 30, 17], [26, 2, 25, 1, 30, 19, 27, 14], [12, 10, 22, 25, 26, 7, 19, 8], [14, 15, 6, 16, 1, 13, 18, 19], [29, 19, 17, 20, 21, 31, 7, 27], [15, 0, 24, 23, 22, 7, 1, 16], [20, 25, 24, 13, 7, 21, 22, 8], [13, 24, 17, 4, 6, 31, 16, 9], [22, 23, 6, 24, 7, 27, 3, 26], [9, 13, 0, 10, 12, 7, 16, 28], [5, 15, 11, 2, 27, 19, 8, 18], [20, 1, 23, 4, 5, 11, 16, 26], [19, 12, 2, 9, 6, 18, 29, 28], [1, 0, 3, 6, 7, 11, 2, 24], [24, 8, 9, 25, 10, 19, 11, 18], [22, 5, 27, 12, 24, 26, 20, 8], [11, 12, 15, 14, 0, 21, 20, 5], [2, 1, 5, 14, 7, 17, 3, 4], [4, 28, 25, 26, 11, 23, 10, 27], [24, 2, 23, 5, 31, 3, 10, 25], [28, 12, 30, 29, 19, 11, 8, 4], [16, 0, 22, 21, 4, 17, 6, 18], [2, 8, 7, 16, 22, 3, 1, 18], [22, 11, 28, 13, 0, 12, 29, 26], [9, 0, 30, 12, 11, 29, 2, 24], [23, 25, 3, 18, 26, 13, 1, 31], [7, 4, 25, 14, 11, 9, 22, 8], [4, 3, 19, 10, 5, 29, 30, 14], [31, 30, 20, 22, 10, 26, 7, 2], [11, 0, 12, 1, 4, 21, 13, 27], [24, 25, 26, 15, 5, 4, 3, 17], [5, 1, 6, 15, 30, 20, 16, 24], [24, 28, 26, 27, 31, 12, 7, 21], [3, 8, 5, 10, 28, 31, 1, 7], [20, 17, 21, 15, 19, 2, 25, 12], [17, 18, 4, 26, 27, 20, 25, 13], [29, 24, 15, 30, 26, 21, 22, 5], [14, 0, 7, 4, 15, 9, 8, 16], [15, 10, 0, 16, 18, 28, 2, 8], [3, 19, 0, 30, 26, 1, 12, 4], [13, 23, 8, 5, 6, 24, 27, 9], [5, 24, 23, 28, 8, 6, 30, 25], [9, 13, 11, 24, 19, 5, 25, 12], [16, 4, 31, 19, 14, 11, 6, 18], [30, 31, 9, 14, 16, 2, 18, 24], [1, 0, 23, 7, 4, 13, 8, 3], [10, 23, 3, 25, 0, 27, 1, 24], [21, 5, 8, 6, 18, 9, 24, 29], [20, 17, 19, 23, 22, 0, 21, 30], [19, 21, 26, 27, 7, 25, 5, 17], [23, 13, 28, 29, 21, 1, 14, 25], [20, 6, 7, 22, 1, 18, 2, 0], [7, 9, 25, 8, 23, 4, 30, 22], [12, 0, 7, 28, 23, 1, 22, 29], [31, 17, 10, 1, 27, 13, 30, 3], [17, 16, 2, 12, 6, 4, 3, 9], [24, 14, 27, 9, 17, 4, 19, 5], [22, 1, 13, 27, 25, 9, 19, 31], [0, 28, 18, 23, 30, 13, 9, 12], [13, 24, 23, 6, 16, 8, 18, 27], [8, 14, 4, 15, 9, 25, 31, 21], [10, 0, 24, 19, 26, 15, 2, 8], [9, 27, 17, 10, 0, 1, 15, 28], [7, 1, 8, 9, 11, 10, 12, 5], [26, 15, 0, 1, 29, 27, 31, 7], [31, 0, 22, 13, 18, 24, 14, 25], [24, 23, 29, 11, 6, 25, 4, 12], [12, 18, 8, 24, 28, 13, 25, 10], [22, 23, 24, 26, 17, 12, 25, 20], [11, 0, 3, 5, 17, 18, 16, 4], [28, 14, 30, 29, 16, 15, 17, 7], [11, 2, 18, 12, 17, 0, 3, 23], [22, 23, 6, 31, 29, 14, 11, 27], [21, 22, 31, 5, 10, 29, 26, 7], [30, 1, 3, 2, 0, 5, 8, 6], [11, 31, 2, 3, 20, 21, 28, 4], [11, 0, 10, 25, 5, 3, 16, 1], [22, 0, 23, 26, 9, 15, 2, 27], [3, 8, 4, 20, 18, 11, 12, 25], [11, 5, 16, 15, 12, 19, 13, 20], [28, 14, 0, 19, 16, 13, 31, 8], [25, 0, 30, 14, 4, 12, 2, 29], [19, 14, 29, 30, 16, 0, 18, 15], [25, 26, 5, 11, 7, 10, 2, 1], [19, 21, 28, 26, 1, 0, 29, 22], [17, 0, 3, 6, 1, 28, 19, 18], [28, 27, 2, 25, 11, 0, 12, 29], [22, 1, 28, 6, 5, 11, 14, 2], [1, 25, 26, 27, 4, 2, 3, 8], [10, 8, 1, 15, 18, 24, 9, 22], [15, 7, 16, 18, 26, 19, 4, 24], [10, 31, 11, 14, 12, 29, 20, 24], [8, 0, 7, 12, 1, 14, 28, 18], [28, 0, 7, 8, 29, 23, 27, 12], [2, 7, 8, 26, 15, 18, 14, 19], [1, 2, 8, 7, 9, 14, 30, 10], [4, 18, 2, 17, 12, 26, 3, 27], [26, 16, 17, 18, 28, 21, 1, 0], [5, 8, 6, 21, 31, 15, 27, 24], [1, 0, 2, 15, 22, 3, 18, 13], [0, 15, 18, 1, 8, 17, 5, 13], [25, 0, 2, 30, 1, 29, 3, 28], [9, 18, 23, 22, 2, 13, 12, 3], [0, 1, 6, 2, 5, 7, 9, 3], [26, 30, 27, 29, 15, 28, 16, 21], [1, 0, 24, 27, 25, 5, 26, 23], [16, 5, 4, 26, 18, 6, 31, 22], [26, 30, 31, 28, 27, 9, 29, 12], [27, 0, 26, 31, 2, 30, 23, 5], [26, 0, 10, 5, 1, 8, 13, 3], [26, 4, 11, 12, 27, 5, 31, 14], [14, 17, 25, 3, 16, 31, 28, 19], [12, 11, 30, 16, 0, 14, 1, 26], [31, 28, 30, 9, 4, 11, 2, 12], [2, 0, 1, 8, 12, 29, 9, 17], [26, 20, 0, 4, 25, 27, 6, 5], [21, 26, 22, 17, 25, 23, 29, 3], [8, 0, 9, 10, 1, 21, 15, 24], [13, 2, 17, 5, 14, 9, 29, 0], [17, 14, 18, 7, 26, 27, 19, 8], [9, 28, 14, 31, 6, 17, 7, 30], [25, 29, 30, 28, 6, 9, 2, 26], [10, 13, 11, 4, 25, 12, 24, 19], [21, 20, 22, 26, 12, 18, 7, 25], [2, 16, 29, 3, 30, 7, 17, 19], [2, 0, 3, 10, 5, 14, 16, 7]]",8,0.12697525322437286,128,greedy_oracle,1.0,20608,4.0,124,0.1332380622625351,0,0 128 56 64,5149,0.9788819551467896,test,top_r_mean,1.0,1.0,1.0,0.875
0.024276558555059235,0.0,161,0.0,31,130.5366000160575,qasper,0.3004807692307692,0.0,0.0,0.0,2002.03407:10d450960907091f13e0be55f40bcb96f44dd074,mean,0.5558661386753629,0.07162149250507355,"[[6, 28, 22, 15, 12, 29, 25, 27], [31, 30, 11, 7, 13, 14, 20, 1], [28, 18, 0, 2, 5, 29, 24, 21], [16, 28, 10, 12, 2, 15, 17, 21], [9, 22, 3, 10, 15, 20, 2, 23], [17, 22, 7, 27, 20, 18, 24, 23], [10, 27, 14, 13, 11, 31, 15, 17], [22, 0, 31, 15, 16, 28, 5, 12], [26, 7, 22, 10, 18, 19, 8, 29], [28, 18, 17, 19, 31, 3, 20, 10], [7, 2, 26, 25, 16, 9, 27, 21], [4, 22, 16, 9, 11, 6, 14, 18], [11, 22, 30, 20, 23, 17, 10, 7], [15, 16, 1, 4, 29, 2, 11, 24], [2, 4, 21, 31, 5, 30, 0, 26], [24, 25, 7, 18, 9, 28, 12, 19], [15, 4, 5, 11, 2, 19, 14, 26], [3, 19, 6, 14, 31, 23, 12, 10], [2, 10, 24, 30, 23, 14, 20, 15], [3, 25, 17, 11, 12, 26, 22, 5], [5, 25, 8, 20, 18, 22, 2, 9], [14, 12, 13, 3, 11, 29, 0, 5], [29, 30, 26, 16, 18, 4, 1, 25], [14, 28, 27, 1, 3, 0, 2, 19], [12, 20, 6, 17, 7, 23, 9, 19], [12, 16, 3, 0, 19, 14, 31, 23], [12, 11, 4, 10, 21, 2, 17, 1], [11, 20, 2, 8, 21, 5, 6, 13], [17, 28, 1, 15, 20, 6, 19, 29], [20, 24, 13, 23, 15, 8, 29, 21], [19, 17, 26, 13, 21, 14, 2, 27], [9, 10, 20, 18, 0, 3, 29, 11], [18, 29, 31, 24, 2, 23, 20, 12], [7, 29, 25, 28, 0, 22, 1, 20], [20, 16, 1, 28, 8, 26, 14, 27], [27, 19, 23, 22, 29, 25, 0, 1], [6, 3, 30, 16, 17, 28, 24, 11], [19, 20, 7, 26, 31, 30, 10, 8], [30, 0, 14, 3, 31, 29, 8, 23], [30, 27, 5, 13, 24, 18, 7, 26], [25, 22, 3, 7, 21, 16, 10, 20], [30, 1, 19, 25, 18, 24, 23, 17], [24, 5, 27, 8, 10, 28, 29, 9], [2, 29, 14, 24, 19, 20, 23, 22], [7, 3, 20, 18, 0, 1, 23, 27], [26, 0, 22, 9, 10, 4, 15, 28], [30, 3, 29, 17, 13, 7, 12, 26], [5, 24, 28, 6, 20, 25, 14, 29], [8, 27, 9, 20, 10, 4, 24, 21], [7, 9, 21, 31, 24, 8, 19, 6], [31, 28, 13, 5, 29, 17, 23, 4], [3, 28, 17, 31, 20, 23, 1, 13], [30, 3, 24, 13, 20, 0, 11, 28], [2, 30, 12, 6, 13, 31, 19, 1], [15, 17, 16, 28, 21, 22, 19, 13], [14, 23, 29, 3, 24, 27, 19, 17], [2, 31, 5, 11, 27, 18, 3, 13], [11, 29, 6, 14, 17, 16, 13, 18], [11, 21, 2, 7, 27, 24, 9, 1], [28, 1, 13, 0, 10, 21, 7, 15], [21, 23, 2, 28, 16, 14, 29, 13], [26, 10, 13, 7, 6, 19, 29, 27], [9, 1, 16, 18, 10, 15, 23, 21], [0, 24, 11, 18, 19, 2, 14, 17], [30, 25, 0, 12, 18, 10, 4, 1], [10, 3, 7, 22, 29, 26, 1, 19], [4, 2, 0, 10, 9, 25, 5, 26], [20, 26, 22, 1, 29, 17, 10, 18], [14, 24, 6, 27, 5, 21, 1, 4], [12, 18, 8, 24, 30, 19, 25, 16], [31, 11, 20, 21, 24, 4, 12, 7], [29, 9, 11, 26, 22, 25, 8, 21], [27, 21, 2, 11, 1, 15, 6, 31], [18, 13, 9, 2, 16, 12, 0, 7], [30, 9, 31, 22, 18, 17, 3, 19], [12, 2, 18, 13, 9, 4, 31, 30], [7, 30, 2, 31, 24, 27, 25, 15], [17, 21, 31, 28, 29, 16, 18, 5], [3, 28, 11, 30, 2, 7, 29, 0], [22, 17, 31, 2, 13, 15, 24, 20], [18, 14, 6, 4, 7, 3, 23, 9], [29, 26, 20, 13, 24, 25, 8, 4], [2, 3, 12, 27, 21, 26, 23, 28], [17, 20, 13, 31, 21, 26, 14, 30], [26, 13, 1, 9, 10, 11, 21, 30], [4, 2, 19, 20, 0, 6, 5, 3], [21, 23, 10, 29, 1, 14, 26, 20], [16, 14, 0, 17, 12, 7, 20, 15], [20, 9, 31, 24, 28, 26, 19, 12], [8, 31, 26, 15, 2, 28, 12, 27], [26, 31, 13, 18, 15, 1, 25, 24], [23, 30, 22, 13, 26, 2, 17, 27], [16, 25, 22, 20, 7, 17, 29, 4], [31, 6, 1, 22, 15, 9, 5, 10], [31, 16, 15, 10, 17, 8, 30, 27], [21, 28, 9, 27, 20, 29, 1, 23], [10, 18, 27, 5, 23, 22, 14, 31], [4, 14, 18, 26, 11, 12, 19, 2], [11, 28, 21, 18, 5, 7, 15, 9], [28, 20, 30, 19, 18, 31, 5, 11], [27, 7, 11, 12, 6, 9, 17, 10], [4, 9, 6, 12, 24, 20, 16, 14], [8, 15, 11, 24, 10, 27, 20, 1], [12, 30, 7, 1, 10, 31, 13, 5], [19, 27, 30, 20, 21, 18, 4, 5], [16, 10, 19, 28, 25, 17, 12, 0], [13, 27, 1, 17, 19, 5, 26, 10], [10, 6, 13, 28, 31, 20, 1, 16], [19, 15, 18, 2, 22, 5, 26, 20], [18, 6, 12, 9, 11, 16, 22, 20], [29, 30, 14, 10, 27, 3, 18, 25], [4, 12, 6, 3, 18, 24, 19, 1], [29, 22, 11, 20, 19, 10, 7, 6], [4, 12, 24, 16, 8, 19, 7, 29], [19, 4, 15, 7, 20, 1, 6, 18], [19, 14, 29, 2, 0, 22, 12, 13], [27, 7, 20, 17, 3, 0, 6, 18], [11, 18, 16, 8, 24, 20, 22, 9], [26, 5, 18, 27, 6, 11, 9, 4], [19, 6, 21, 11, 14, 30, 29, 16], [9, 21, 12, 23, 14, 24, 13, 10], [13, 7, 28, 20, 27, 10, 4, 8], [9, 10, 31, 5, 13, 12, 26, 21], [28, 4, 18, 16, 17, 3, 15, 10], [31, 1, 17, 7, 29, 20, 11, 0], [15, 2, 16, 20, 28, 0, 19, 26], [2, 17, 15, 28, 14, 25, 29, 22], [22, 25, 13, 4, 16, 24, 8, 3], [29, 28, 5, 17, 15, 26, 3, 23], [11, 16, 15, 22, 26, 4, 28, 24], [22, 13, 30, 27, 15, 18, 7, 8], [19, 7, 13, 26, 10, 18, 15, 31], [20, 1, 18, 29, 10, 11, 0, 28], [19, 12, 10, 4, 0, 11, 27, 30], [14, 6, 16, 23, 30, 29, 28, 8], [24, 3, 7, 23, 4, 16, 30, 25], [20, 1, 8, 17, 14, 6, 0, 7], [25, 1, 8, 0, 17, 30, 18, 11], [4, 19, 13, 26, 16, 20, 2, 25], [13, 16, 5, 19, 2, 27, 6, 23], [7, 11, 15, 17, 3, 5, 31, 18], [2, 27, 16, 31, 30, 22, 7, 4], [11, 6, 7, 23, 15, 29, 28, 31], [6, 28, 12, 1, 10, 21, 9, 13], [0, 30, 20, 21, 18, 24, 13, 17], [15, 8, 23, 6, 3, 5, 17, 21], [19, 5, 24, 4, 21, 3, 30, 12], [10, 8, 5, 25, 20, 14, 26, 1], [21, 25, 22, 0, 26, 10, 31, 4], [12, 11, 29, 17, 27, 5, 2, 25], [18, 19, 16, 6, 10, 28, 23, 0], [31, 24, 12, 23, 2, 27, 3, 17], [13, 11, 30, 29, 31, 20, 8, 9], [3, 2, 12, 25, 18, 9, 4, 15], [6, 17, 1, 0, 4, 27, 5, 31], [15, 19, 8, 27, 7, 3, 1, 24], [4, 31, 21, 16, 1, 9, 14, 10], [6, 3, 24, 15, 1, 0, 12, 26], [2, 4, 17, 0, 22, 27, 3, 5], [2, 19, 21, 16, 26, 0, 12, 10], [0, 28, 3, 23, 13, 11, 14, 21]]",8,0.6330418586730957,125,random,0.0,20608,4.0,124,0.7028421759605408,11,64 144 160 136,5149,0.74288010597229,test,top_r_mean,0.0,0.0,0.25,0.25
0.024859195960380658,0.0,161,0.0,31,124.75949991494417,qasper,0.3076923076923077,0.0,0.0,0.0,2002.03407:10d450960907091f13e0be55f40bcb96f44dd074,mean,0.5795031055900621,0.06821505725383759,"[[23, 2, 3, 17, 31, 18, 1, 19], [4, 21, 13, 18, 27, 8, 6, 1], [31, 15, 26, 9, 10, 30, 18, 22], [13, 1, 2, 16, 15, 17, 27, 26], [31, 10, 12, 20, 16, 15, 2, 18], [6, 21, 31, 28, 12, 14, 20, 25], [20, 29, 31, 27, 22, 28, 10, 4], [5, 14, 1, 17, 27, 8, 23, 19], [25, 22, 21, 17, 11, 9, 24, 2], [31, 30, 12, 22, 24, 16, 18, 28], [29, 10, 0, 14, 31, 8, 16, 13], [7, 15, 5, 27, 23, 24, 12, 8], [26, 30, 27, 22, 5, 8, 7, 19], [15, 1, 21, 30, 4, 27, 9, 5], [13, 6, 26, 1, 11, 15, 24, 27], [24, 19, 6, 7, 31, 14, 23, 2], [14, 10, 11, 24, 22, 16, 25, 5], [11, 4, 31, 2, 18, 29, 9, 1], [31, 0, 7, 13, 29, 27, 1, 24], [19, 27, 21, 28, 18, 8, 1, 5], [4, 16, 30, 10, 1, 26, 8, 20], [11, 19, 9, 13, 31, 6, 30, 15], [5, 25, 10, 4, 19, 11, 15, 13], [26, 2, 19, 11, 1, 7, 8, 28], [10, 8, 0, 19, 17, 22, 5, 20], [25, 11, 9, 10, 31, 30, 24, 4], [29, 31, 3, 22, 8, 14, 21, 27], [5, 20, 1, 28, 0, 30, 24, 23], [11, 1, 10, 5, 30, 21, 22, 25], [31, 18, 27, 19, 11, 8, 13, 7], [16, 7, 8, 4, 17, 26, 21, 10], [13, 10, 11, 18, 23, 27, 22, 31], [9, 2, 26, 30, 17, 24, 4, 27], [13, 9, 16, 6, 1, 25, 22, 23], [29, 22, 11, 13, 17, 15, 5, 20], [26, 29, 15, 28, 22, 8, 5, 24], [4, 6, 24, 10, 5, 15, 29, 0], [6, 4, 14, 27, 20, 25, 19, 17], [26, 6, 22, 5, 23, 14, 18, 31], [0, 23, 20, 27, 31, 9, 30, 10], [31, 24, 26, 29, 0, 14, 13, 7], [28, 31, 20, 2, 10, 27, 4, 8], [25, 14, 28, 16, 24, 31, 23, 3], [13, 0, 9, 31, 15, 10, 25, 24], [10, 11, 22, 16, 13, 23, 3, 30], [15, 20, 31, 12, 6, 25, 13, 8], [24, 29, 9, 12, 15, 11, 5, 6], [4, 28, 7, 16, 3, 2, 26, 18], [0, 26, 5, 16, 19, 28, 29, 10], [29, 8, 20, 26, 3, 17, 11, 10], [15, 20, 18, 14, 25, 11, 26, 29], [23, 27, 3, 30, 9, 17, 12, 26], [7, 25, 18, 17, 0, 29, 5, 22], [17, 12, 22, 13, 2, 8, 11, 27], [23, 9, 7, 2, 28, 0, 30, 20], [19, 27, 14, 6, 29, 28, 21, 18], [5, 11, 17, 9, 7, 30, 22, 10], [30, 1, 22, 29, 18, 26, 13, 11], [29, 13, 12, 9, 14, 8, 19, 2], [31, 10, 24, 12, 5, 14, 26, 19], [24, 19, 14, 16, 29, 15, 23, 25], [0, 28, 11, 22, 18, 29, 24, 6], [13, 14, 2, 15, 16, 12, 4, 28], [26, 8, 0, 24, 22, 30, 4, 15], [20, 14, 9, 16, 31, 1, 12, 24], [17, 19, 28, 9, 24, 11, 8, 13], [13, 3, 10, 19, 18, 28, 9, 14], [31, 22, 11, 15, 29, 20, 10, 5], [0, 1, 27, 18, 24, 17, 12, 15], [12, 2, 24, 0, 23, 7, 28, 8], [30, 23, 15, 11, 13, 22, 2, 25], [21, 10, 26, 0, 12, 15, 25, 19], [10, 18, 21, 17, 8, 5, 27, 22], [8, 24, 19, 26, 12, 11, 28, 31], [14, 3, 18, 27, 7, 10, 20, 4], [2, 9, 19, 24, 18, 0, 5, 8], [1, 5, 30, 27, 10, 8, 23, 17], [8, 23, 10, 20, 31, 26, 17, 21], [6, 7, 24, 23, 14, 16, 15, 18], [18, 7, 21, 12, 10, 24, 17, 5], [31, 30, 1, 24, 14, 9, 19, 3], [20, 2, 1, 21, 15, 29, 11, 26], [27, 13, 17, 11, 25, 23, 20, 26], [17, 30, 5, 9, 23, 26, 31, 4], [27, 29, 15, 25, 24, 16, 21, 9], [27, 5, 10, 15, 18, 0, 23, 16], [18, 29, 4, 24, 6, 26, 11, 28], [30, 31, 19, 2, 9, 17, 3, 10], [3, 26, 14, 9, 31, 20, 8, 30], [14, 26, 6, 1, 0, 18, 24, 29], [8, 2, 12, 30, 18, 25, 5, 9], [24, 23, 9, 26, 27, 14, 1, 8], [0, 29, 31, 10, 1, 18, 6, 22], [17, 19, 13, 14, 25, 6, 23, 29], [19, 12, 26, 2, 13, 28, 30, 9], [23, 27, 13, 2, 20, 9, 31, 26], [5, 10, 22, 24, 14, 17, 20, 9], [31, 26, 1, 9, 8, 19, 27, 4], [16, 22, 11, 13, 27, 29, 26, 28], [18, 24, 4, 10, 17, 9, 15, 2], [18, 16, 22, 14, 28, 0, 1, 4], [27, 8, 22, 4, 5, 23, 14, 30], [25, 22, 14, 31, 6, 13, 10, 3], [12, 17, 4, 23, 2, 30, 31, 25], [11, 16, 4, 8, 26, 0, 29, 14], [1, 21, 26, 4, 11, 0, 25, 8], [0, 6, 31, 17, 8, 25, 14, 1], [10, 22, 3, 6, 2, 17, 27, 20], [29, 3, 0, 26, 28, 1, 12, 19], [20, 23, 14, 11, 3, 25, 29, 9], [29, 0, 10, 9, 30, 8, 22, 20], [29, 10, 4, 6, 20, 13, 1, 17], [30, 24, 5, 6, 19, 14, 10, 31], [17, 2, 4, 9, 21, 28, 29, 1], [6, 26, 3, 5, 1, 12, 31, 28], [7, 30, 22, 2, 9, 8, 6, 19], [0, 8, 2, 6, 1, 15, 21, 30], [2, 26, 10, 15, 3, 8, 0, 6], [9, 16, 6, 19, 11, 18, 3, 17], [29, 25, 24, 10, 20, 7, 18, 4], [10, 11, 16, 1, 22, 4, 27, 12], [8, 15, 31, 6, 17, 25, 2, 12], [27, 26, 22, 17, 10, 1, 3, 0], [8, 26, 19, 12, 21, 11, 7, 16], [23, 4, 6, 14, 22, 16, 18, 27], [11, 28, 4, 13, 10, 18, 2, 15], [26, 22, 28, 19, 20, 18, 1, 3], [11, 18, 5, 3, 1, 15, 16, 14], [8, 6, 2, 3, 31, 14, 9, 15], [0, 17, 20, 4, 26, 19, 30, 1], [28, 7, 10, 25, 9, 21, 15, 5], [17, 9, 23, 1, 27, 8, 4, 16], [15, 6, 25, 16, 23, 22, 19, 29], [2, 9, 13, 24, 23, 22, 21, 5], [2, 3, 11, 5, 6, 30, 18, 0], [23, 21, 24, 28, 12, 26, 25, 14], [23, 13, 22, 7, 29, 6, 19, 0], [8, 0, 18, 28, 5, 31, 4, 13], [22, 28, 27, 2, 14, 25, 1, 13], [28, 18, 21, 13, 29, 1, 7, 20], [5, 7, 28, 25, 14, 16, 30, 22], [9, 25, 10, 27, 5, 19, 29, 7], [20, 7, 2, 18, 6, 14, 0, 15], [31, 25, 2, 11, 21, 15, 5, 14], [7, 8, 12, 25, 23, 4, 19, 29], [10, 21, 25, 30, 18, 19, 11, 1], [21, 17, 0, 20, 19, 31, 8, 9], [18, 17, 5, 0, 21, 16, 11, 8], [30, 16, 6, 9, 4, 24, 0, 1], [3, 14, 2, 29, 24, 17, 7, 6], [21, 27, 20, 9, 19, 31, 1, 8], [1, 24, 7, 28, 29, 13, 18, 12], [18, 1, 7, 20, 29, 14, 24, 12], [27, 29, 5, 12, 24, 9, 31, 26], [31, 8, 11, 6, 22, 20, 2, 9], [18, 0, 27, 6, 4, 1, 29, 5], [17, 9, 1, 12, 8, 22, 21, 31], [20, 3, 4, 23, 7, 9, 10, 29], [26, 24, 31, 2, 1, 13, 18, 0], [29, 4, 14, 17, 9, 1, 13, 21], [19, 17, 27, 0, 26, 24, 21, 1]]",8,0.6248706579208374,128,random,0.0,20608,4.0,124,0.6901318430900574,23,104 40 24 48,5149,0.7613727450370789,test,top_r_mean,0.0,0.0,0.0,0.25
0.024859195960380658,0.0,161,0.0,31,121.0241001099348,qasper,0.3076923076923077,0.0,0.0,0.0,2002.03407:10d450960907091f13e0be55f40bcb96f44dd074,mean,0.4928571428571429,0.07634337246417999,"[[18, 6, 7, 3, 28, 1, 15, 19], [26, 28, 11, 19, 23, 12, 1, 4], [30, 7, 29, 19, 4, 28, 25, 5], [2, 0, 13, 23, 12, 19, 6, 18], [3, 26, 9, 30, 25, 18, 8, 1], [0, 3, 6, 27, 10, 9, 26, 19], [18, 26, 10, 9, 12, 6, 25, 17], [9, 8, 24, 11, 18, 1, 14, 22], [7, 24, 9, 30, 21, 4, 3, 10], [19, 13, 14, 25, 21, 2, 23, 5], [14, 2, 24, 25, 23, 19, 1, 31], [0, 4, 17, 25, 23, 28, 21, 9], [17, 27, 4, 11, 8, 30, 28, 2], [15, 12, 28, 16, 3, 22, 24, 30], [7, 30, 12, 13, 21, 9, 28, 1], [29, 26, 15, 14, 7, 1, 11, 22], [30, 8, 28, 6, 1, 21, 19, 4], [20, 28, 9, 13, 15, 19, 10, 2], [9, 31, 29, 18, 10, 27, 17, 2], [26, 23, 5, 17, 9, 15, 20, 14], [26, 21, 29, 24, 23, 7, 13, 9], [13, 18, 16, 4, 20, 29, 27, 7], [15, 2, 17, 27, 7, 24, 23, 0], [24, 19, 0, 23, 2, 5, 31, 30], [26, 18, 6, 13, 2, 19, 8, 21], [30, 1, 7, 21, 0, 8, 19, 24], [12, 14, 27, 16, 3, 13, 10, 5], [17, 22, 25, 6, 3, 19, 13, 9], [24, 2, 3, 6, 17, 5, 16, 30], [3, 9, 30, 2, 24, 18, 22, 27], [15, 12, 5, 16, 28, 24, 3, 18], [4, 24, 30, 13, 27, 8, 10, 19], [0, 25, 11, 2, 14, 16, 20, 3], [21, 27, 10, 9, 25, 24, 16, 29], [2, 15, 13, 12, 29, 19, 26, 30], [29, 31, 24, 21, 14, 17, 4, 23], [26, 24, 17, 18, 4, 23, 16, 31], [16, 10, 22, 1, 15, 28, 5, 11], [26, 14, 27, 29, 23, 17, 11, 12], [25, 8, 16, 26, 11, 20, 14, 4], [11, 23, 16, 14, 12, 10, 31, 30], [21, 20, 14, 1, 5, 9, 25, 13], [29, 25, 12, 28, 5, 19, 26, 8], [11, 0, 10, 24, 26, 28, 22, 6], [2, 20, 18, 30, 21, 10, 7, 4], [11, 22, 13, 12, 27, 8, 5, 28], [21, 20, 28, 5, 12, 19, 8, 1], [28, 22, 10, 5, 25, 3, 9, 26], [14, 18, 9, 1, 4, 24, 26, 15], [3, 13, 4, 21, 14, 28, 8, 17], [25, 14, 10, 0, 13, 8, 21, 3], [24, 26, 3, 15, 20, 23, 2, 10], [15, 27, 13, 1, 8, 31, 20, 29], [8, 24, 4, 31, 2, 13, 1, 26], [17, 8, 18, 27, 26, 25, 20, 24], [10, 23, 7, 26, 3, 25, 16, 12], [29, 28, 16, 22, 3, 31, 4, 18], [17, 9, 4, 25, 21, 19, 24, 26], [16, 19, 18, 0, 12, 28, 6, 27], [30, 5, 20, 15, 19, 8, 27, 6], [4, 22, 29, 16, 17, 30, 21, 2], [16, 1, 9, 7, 17, 8, 5, 15], [0, 19, 16, 22, 2, 13, 23, 28], [21, 28, 13, 5, 27, 10, 25, 2], [1, 15, 21, 0, 24, 17, 25, 9], [16, 5, 25, 4, 18, 8, 15, 1], [12, 30, 11, 29, 3, 6, 1, 31], [23, 16, 14, 12, 30, 17, 21, 4], [3, 16, 17, 20, 23, 14, 29, 10], [29, 9, 30, 14, 31, 22, 24, 27], [20, 21, 30, 16, 5, 2, 7, 18], [24, 10, 7, 2, 27, 8, 12, 13], [3, 4, 6, 27, 9, 23, 24, 2], [28, 20, 27, 16, 21, 6, 25, 4], [3, 18, 19, 24, 17, 23, 31, 25], [29, 26, 24, 27, 20, 21, 30, 28], [10, 15, 24, 0, 30, 25, 4, 7], [29, 5, 19, 27, 8, 9, 10, 15], [3, 17, 13, 20, 19, 8, 21, 22], [4, 3, 16, 1, 9, 7, 8, 10], [26, 18, 12, 10, 28, 30, 2, 16], [10, 9, 27, 31, 16, 25, 26, 15], [23, 31, 27, 8, 10, 18, 12, 6], [30, 20, 6, 3, 10, 24, 11, 8], [25, 14, 1, 18, 30, 21, 15, 31], [11, 25, 15, 10, 17, 31, 23, 13], [21, 6, 24, 11, 23, 7, 31, 4], [0, 23, 24, 30, 21, 16, 28, 6], [23, 21, 9, 29, 25, 12, 7, 28], [4, 17, 21, 16, 0, 18, 7, 6], [31, 29, 30, 12, 5, 19, 20, 10], [6, 15, 18, 0, 11, 17, 20, 19], [2, 24, 26, 27, 7, 9, 5, 3], [25, 31, 16, 29, 13, 8, 21, 14], [1, 2, 3, 26, 20, 6, 24, 10], [12, 1, 9, 7, 23, 24, 26, 11], [19, 24, 20, 30, 3, 18, 8, 7], [14, 10, 6, 25, 22, 1, 17, 7], [1, 8, 11, 12, 13, 18, 29, 2], [2, 17, 10, 11, 31, 30, 22, 6], [11, 20, 5, 3, 16, 6, 28, 13], [29, 5, 23, 0, 24, 2, 3, 7], [19, 14, 11, 4, 30, 8, 27, 17], [6, 8, 2, 20, 21, 14, 5, 27], [9, 27, 29, 1, 14, 24, 22, 5], [27, 0, 11, 4, 16, 20, 26, 18], [20, 17, 16, 4, 18, 26, 23, 22], [7, 2, 31, 19, 3, 23, 24, 26], [11, 25, 30, 15, 4, 16, 3, 29], [16, 10, 27, 6, 9, 0, 1, 30], [17, 14, 16, 7, 3, 8, 0, 28], [28, 19, 24, 15, 21, 7, 3, 25], [15, 12, 0, 10, 16, 3, 22, 19], [22, 14, 4, 6, 20, 5, 8, 19], [4, 5, 2, 24, 31, 1, 26, 9], [7, 8, 1, 21, 25, 17, 15, 10], [30, 13, 15, 20, 28, 5, 18, 23], [20, 15, 22, 5, 6, 7, 14, 13], [17, 5, 22, 28, 29, 16, 8, 12], [7, 22, 13, 3, 4, 29, 16, 0], [21, 10, 7, 16, 29, 25, 2, 1], [24, 14, 16, 30, 31, 12, 28, 0], [28, 21, 17, 9, 1, 0, 25, 7], [5, 4, 23, 19, 14, 8, 10, 11], [22, 5, 27, 1, 8, 29, 16, 21], [15, 17, 12, 3, 0, 20, 18, 10], [15, 11, 3, 4, 20, 25, 14, 13], [4, 27, 28, 17, 18, 0, 16, 31], [5, 11, 4, 27, 21, 6, 12, 7], [31, 6, 22, 19, 13, 25, 14, 7], [20, 15, 31, 4, 13, 19, 0, 22], [19, 29, 3, 1, 21, 24, 0, 15], [23, 26, 31, 14, 25, 18, 17, 4], [4, 22, 15, 7, 14, 24, 10, 8], [4, 1, 13, 0, 27, 28, 11, 22], [22, 5, 30, 3, 17, 31, 4, 20], [31, 23, 3, 10, 13, 9, 5, 22], [15, 4, 26, 8, 28, 1, 18, 12], [27, 19, 5, 17, 4, 24, 16, 6], [11, 26, 25, 19, 28, 9, 5, 8], [30, 28, 26, 18, 21, 4, 19, 27], [9, 12, 8, 30, 20, 31, 19, 18], [28, 18, 16, 6, 3, 24, 17, 4], [20, 25, 1, 2, 24, 3, 14, 15], [24, 10, 4, 5, 12, 6, 23, 21], [5, 31, 16, 30, 19, 9, 3, 11], [31, 8, 14, 7, 2, 26, 30, 27], [31, 12, 2, 23, 10, 17, 15, 1], [27, 14, 8, 25, 3, 30, 18, 2], [31, 3, 12, 11, 26, 2, 19, 1], [25, 27, 17, 23, 16, 19, 14, 31], [0, 8, 31, 11, 24, 10, 20, 29], [2, 24, 12, 19, 25, 1, 6, 17], [7, 24, 10, 17, 29, 13, 11, 4], [10, 23, 0, 21, 30, 14, 5, 11], [16, 8, 0, 1, 9, 21, 18, 25], [14, 20, 9, 30, 8, 12, 1, 26], [7, 2, 26, 14, 28, 9, 23, 15], [3, 16, 23, 8, 5, 20, 22, 28], [19, 26, 25, 21, 14, 15, 5, 2], [15, 22, 25, 20, 6, 5, 11, 26]]",8,0.6494584679603577,128,random,0.0,20608,4.0,124,0.7230600118637085,37,64 112 32 128,5149,0.668705403804779,test,top_r_mean,0.0,0.0,0.5,0.625
0.024859195960380658,1.0,161,1.0,31,104.68350001610816,qasper,0.3076923076923077,0.25,0.07692307692307693,0.0,2002.03407:10d450960907091f13e0be55f40bcb96f44dd074,mean,0.5256211180124224,0.08596917241811752,"[[0, 3, 18, 10, 29, 22, 2, 13], [17, 5, 2, 26, 11, 8, 10, 7], [10, 2, 20, 21, 4, 1, 23, 3], [22, 28, 0, 27, 9, 30, 29, 4], [16, 4, 0, 21, 6, 8, 30, 23], [11, 29, 23, 8, 4, 20, 14, 31], [19, 0, 21, 24, 8, 11, 6, 20], [13, 11, 9, 28, 29, 18, 0, 20], [20, 21, 26, 25, 8, 3, 10, 1], [8, 13, 28, 3, 24, 31, 27, 18], [5, 3, 9, 24, 13, 18, 11, 22], [3, 19, 8, 22, 9, 29, 2, 26], [12, 18, 16, 7, 24, 15, 26, 28], [4, 7, 29, 2, 25, 28, 9, 3], [4, 5, 0, 20, 21, 25, 2, 30], [10, 31, 20, 0, 9, 29, 14, 21], [27, 30, 26, 13, 24, 22, 7, 17], [6, 17, 15, 12, 24, 0, 29, 11], [4, 15, 25, 13, 24, 17, 7, 14], [28, 21, 29, 11, 22, 15, 7, 17], [23, 18, 10, 16, 4, 30, 24, 19], [29, 7, 30, 27, 2, 4, 10, 9], [22, 11, 10, 1, 21, 12, 20, 30], [15, 18, 21, 10, 0, 8, 20, 26], [16, 25, 18, 26, 17, 21, 28, 5], [7, 4, 27, 0, 14, 24, 11, 15], [24, 11, 8, 3, 30, 27, 22, 2], [5, 17, 16, 6, 24, 23, 1, 4], [6, 0, 11, 15, 25, 5, 22, 28], [28, 11, 16, 17, 12, 23, 19, 0], [21, 22, 9, 3, 10, 23, 26, 29], [4, 7, 8, 23, 12, 6, 3, 19], [13, 17, 1, 26, 28, 2, 15, 31], [1, 9, 28, 4, 29, 17, 18, 19], [29, 9, 11, 1, 15, 13, 20, 25], [6, 19, 27, 23, 7, 3, 22, 31], [24, 12, 31, 25, 5, 27, 3, 28], [24, 27, 7, 3, 29, 14, 22, 5], [9, 0, 19, 31, 17, 7, 13, 4], [22, 7, 27, 13, 30, 21, 8, 4], [30, 12, 24, 23, 26, 31, 17, 28], [6, 4, 17, 28, 5, 26, 15, 29], [7, 29, 15, 17, 2, 13, 1, 23], [16, 3, 4, 18, 30, 25, 27, 20], [17, 7, 22, 3, 30, 14, 9, 1], [30, 26, 7, 8, 18, 14, 12, 29], [6, 27, 8, 16, 2, 28, 11, 24], [28, 7, 14, 19, 11, 4, 8, 0], [23, 4, 27, 15, 9, 8, 3, 28], [16, 18, 30, 23, 7, 6, 29, 8], [7, 30, 14, 17, 3, 27, 28, 0], [2, 28, 14, 5, 3, 31, 6, 15], [15, 12, 13, 31, 9, 25, 28, 2], [22, 30, 8, 1, 28, 25, 19, 29], [0, 4, 18, 29, 14, 11, 7, 2], [19, 22, 21, 25, 17, 11, 23, 16], [6, 26, 30, 24, 12, 8, 4, 13], [20, 0, 11, 30, 15, 23, 22, 2], [11, 27, 0, 3, 9, 21, 7, 23], [25, 27, 12, 7, 26, 0, 30, 4], [1, 29, 11, 19, 16, 24, 13, 12], [0, 28, 8, 13, 11, 9, 17, 5], [19, 26, 25, 3, 24, 30, 29, 6], [27, 3, 8, 5, 7, 26, 21, 14], [0, 9, 13, 3, 29, 1, 26, 25], [13, 0, 30, 23, 25, 26, 21, 5], [18, 0, 19, 27, 28, 30, 6, 11], [4, 10, 26, 18, 11, 8, 15, 5], [4, 5, 16, 17, 26, 2, 20, 8], [8, 11, 0, 21, 30, 17, 5, 29], [0, 28, 26, 6, 30, 2, 13, 9], [7, 11, 22, 10, 17, 25, 28, 1], [14, 30, 15, 18, 27, 11, 2, 21], [15, 29, 3, 5, 31, 6, 21, 23], [3, 25, 6, 2, 14, 0, 1, 8], [1, 13, 5, 28, 8, 14, 3, 20], [8, 0, 27, 5, 3, 4, 10, 7], [9, 7, 0, 27, 6, 30, 24, 11], [22, 28, 13, 26, 14, 11, 31, 19], [19, 1, 27, 7, 14, 21, 16, 2], [14, 25, 10, 15, 31, 9, 1, 16], [11, 28, 15, 7, 1, 3, 23, 0], [3, 7, 18, 10, 26, 14, 30, 4], [0, 4, 9, 14, 3, 21, 18, 11], [25, 7, 21, 5, 19, 12, 13, 10], [4, 10, 14, 25, 30, 0, 26, 7], [13, 17, 25, 20, 19, 27, 1, 16], [15, 20, 27, 4, 11, 21, 2, 16], [3, 6, 9, 4, 2, 28, 12, 20], [7, 31, 18, 14, 13, 11, 30, 9], [30, 13, 4, 12, 24, 9, 28, 19], [1, 5, 3, 22, 18, 2, 17, 7], [3, 24, 8, 1, 14, 23, 13, 7], [27, 19, 17, 11, 21, 18, 5, 6], [27, 16, 10, 12, 4, 26, 23, 25], [15, 31, 0, 8, 22, 21, 27, 26], [26, 28, 3, 10, 19, 7, 12, 5], [26, 0, 23, 5, 1, 15, 16, 17], [10, 21, 16, 0, 14, 1, 11, 25], [9, 10, 8, 5, 17, 15, 31, 1], [19, 6, 2, 5, 0, 15, 10, 26], [9, 29, 11, 6, 20, 8, 16, 0], [3, 18, 17, 24, 23, 13, 25, 31], [29, 11, 23, 8, 15, 13, 21, 3], [13, 19, 28, 3, 12, 8, 5, 16], [16, 23, 6, 15, 17, 20, 30, 1], [25, 3, 14, 28, 17, 2, 23, 12], [23, 6, 9, 8, 16, 15, 29, 19], [22, 19, 30, 14, 29, 10, 15, 23], [19, 22, 1, 3, 29, 9, 16, 27], [8, 3, 10, 17, 28, 23, 25, 2], [9, 22, 30, 8, 2, 29, 19, 12], [20, 6, 24, 15, 2, 28, 14, 12], [25, 12, 21, 5, 30, 1, 28, 24], [26, 0, 12, 3, 24, 28, 29, 1], [19, 27, 21, 22, 12, 4, 15, 31], [21, 14, 9, 0, 23, 20, 15, 16], [5, 31, 1, 30, 19, 2, 23, 12], [14, 11, 3, 6, 20, 19, 16, 7], [30, 29, 1, 8, 6, 25, 5, 14], [31, 22, 21, 11, 23, 19, 26, 27], [29, 17, 1, 16, 25, 4, 28, 8], [14, 5, 6, 24, 9, 19, 1, 11], [7, 20, 27, 16, 12, 23, 31, 15], [17, 28, 26, 1, 29, 3, 10, 31], [18, 19, 1, 23, 24, 4, 7, 8], [25, 6, 28, 27, 3, 20, 30, 9], [24, 15, 14, 1, 25, 4, 2, 6], [20, 5, 22, 14, 4, 23, 25, 12], [6, 3, 13, 21, 25, 24, 2, 31], [11, 2, 16, 31, 15, 24, 0, 7], [24, 3, 26, 20, 23, 7, 22, 2], [24, 25, 23, 26, 12, 13, 22, 16], [31, 24, 22, 6, 27, 28, 21, 20], [25, 10, 13, 30, 24, 2, 27, 0], [0, 22, 2, 31, 8, 13, 1, 11], [6, 26, 31, 14, 22, 20, 27, 8], [20, 24, 18, 2, 28, 14, 11, 7], [25, 31, 14, 16, 26, 2, 19, 29], [19, 27, 1, 20, 31, 5, 25, 16], [0, 29, 23, 11, 31, 7, 30, 21], [1, 3, 30, 16, 12, 8, 22, 18], [10, 9, 13, 11, 30, 14, 6, 12], [14, 28, 27, 6, 11, 7, 21, 31], [16, 11, 8, 23, 15, 0, 10, 29], [27, 14, 2, 24, 19, 16, 26, 6], [13, 2, 22, 31, 25, 8, 27, 5], [3, 16, 13, 4, 7, 27, 21, 23], [6, 15, 27, 1, 28, 24, 4, 7], [23, 16, 14, 27, 29, 15, 26, 22], [8, 25, 10, 28, 11, 0, 17, 12], [9, 17, 2, 21, 25, 16, 26, 19], [22, 28, 12, 14, 24, 1, 16, 30], [6, 27, 21, 31, 26, 12, 16, 15], [2, 1, 11, 15, 31, 27, 28, 3], [22, 30, 31, 4, 24, 16, 1, 11], [1, 15, 17, 27, 10, 2, 19, 31], [4, 23, 18, 12, 1, 29, 22, 14], [10, 11, 15, 18, 31, 7, 9, 25], [30, 11, 20, 14, 24, 9, 27, 26], [24, 23, 4, 22, 27, 18, 11, 19]]",8,0.6554064154624939,128,random,1.0,20608,4.0,124,0.7412685751914978,53,0 64 144 40,5149,0.6811306476593018,test,top_r_mean,1.0,0.5,0.5,0.625
0.024859195960380658,1.0,161,1.0,31,111.46499984897673,qasper,0.3076923076923077,0.25,0.07692307692307693,0.0,2002.03407:10d450960907091f13e0be55f40bcb96f44dd074,mean,0.5436335403726708,0.057790607213974,"[[22, 20, 0, 4, 14, 10, 2, 12], [29, 28, 10, 20, 15, 17, 8, 31], [10, 17, 21, 12, 0, 29, 19, 1], [11, 5, 17, 9, 15, 27, 23, 16], [15, 4, 5, 27, 8, 6, 28, 30], [25, 13, 2, 21, 26, 30, 3, 14], [20, 27, 15, 30, 14, 1, 19, 28], [8, 18, 23, 13, 24, 30, 21, 14], [31, 25, 3, 7, 9, 27, 17, 28], [9, 26, 2, 8, 0, 6, 16, 27], [9, 14, 12, 21, 5, 6, 31, 29], [19, 1, 6, 5, 7, 4, 14, 13], [3, 2, 15, 5, 7, 12, 9, 19], [16, 11, 21, 12, 1, 15, 0, 4], [15, 12, 3, 26, 9, 28, 23, 19], [7, 6, 1, 11, 28, 5, 16, 15], [31, 14, 8, 7, 27, 9, 0, 17], [29, 3, 5, 28, 22, 31, 25, 1], [19, 9, 5, 25, 12, 4, 22, 27], [17, 20, 11, 30, 16, 27, 0, 2], [9, 0, 25, 14, 10, 30, 16, 22], [8, 20, 7, 5, 19, 13, 22, 29], [30, 5, 11, 16, 19, 31, 29, 14], [27, 20, 0, 19, 15, 1, 14, 11], [5, 8, 6, 28, 10, 11, 26, 7], [29, 2, 24, 13, 30, 8, 28, 5], [25, 17, 13, 22, 19, 3, 7, 0], [31, 4, 19, 10, 7, 20, 15, 3], [21, 15, 10, 28, 14, 25, 12, 3], [7, 28, 11, 25, 29, 0, 2, 21], [11, 13, 31, 15, 18, 25, 20, 26], [7, 30, 24, 31, 13, 25, 19, 20], [1, 29, 19, 6, 22, 7, 13, 12], [29, 26, 11, 16, 19, 3, 24, 8], [1, 24, 17, 31, 5, 14, 28, 9], [2, 18, 3, 15, 17, 26, 14, 4], [30, 24, 2, 20, 7, 29, 9, 26], [12, 27, 24, 15, 30, 18, 31, 23], [17, 31, 0, 24, 4, 12, 23, 3], [27, 16, 14, 6, 22, 9, 8, 17], [4, 26, 16, 0, 29, 9, 25, 2], [19, 27, 9, 7, 2, 1, 11, 13], [5, 14, 4, 13, 19, 27, 7, 21], [22, 2, 31, 7, 13, 14, 28, 4], [13, 4, 19, 18, 21, 27, 1, 10], [21, 12, 2, 19, 10, 31, 0, 13], [29, 9, 26, 12, 19, 27, 10, 22], [17, 28, 3, 22, 16, 18, 29, 19], [11, 8, 17, 13, 27, 30, 25, 31], [25, 7, 0, 6, 3, 18, 17, 26], [7, 13, 8, 0, 9, 24, 27, 1], [28, 0, 16, 30, 14, 5, 12, 9], [28, 26, 16, 0, 2, 3, 27, 10], [6, 0, 8, 20, 13, 21, 26, 22], [13, 5, 21, 8, 1, 6, 12, 18], [10, 31, 19, 17, 27, 28, 4, 9], [5, 2, 13, 18, 22, 24, 17, 0], [19, 21, 22, 29, 6, 15, 2, 10], [17, 18, 23, 11, 28, 16, 19, 20], [27, 18, 21, 20, 6, 2, 24, 0], [7, 27, 25, 10, 15, 18, 24, 16], [23, 30, 28, 2, 20, 6, 15, 12], [13, 9, 24, 3, 12, 23, 18, 8], [7, 18, 15, 3, 29, 20, 28, 13], [4, 5, 6, 1, 8, 11, 16, 15], [15, 3, 2, 0, 23, 13, 20, 10], [30, 4, 16, 24, 17, 0, 14, 10], [14, 31, 5, 22, 4, 23, 10, 12], [10, 6, 2, 31, 22, 1, 7, 24], [12, 18, 22, 8, 5, 27, 15, 6], [13, 15, 19, 5, 27, 10, 1, 7], [25, 26, 7, 11, 14, 13, 9, 22], [8, 19, 26, 29, 11, 17, 0, 10], [22, 8, 17, 6, 25, 20, 7, 21], [12, 19, 25, 16, 29, 18, 10, 6], [12, 28, 8, 5, 31, 22, 17, 0], [21, 4, 8, 5, 3, 19, 15, 9], [6, 4, 16, 30, 7, 10, 15, 24], [5, 12, 3, 29, 18, 19, 31, 6], [24, 7, 31, 23, 5, 13, 21, 30], [1, 19, 26, 17, 7, 2, 4, 25], [14, 22, 19, 1, 27, 17, 15, 23], [2, 22, 21, 18, 17, 10, 15, 14], [14, 17, 31, 4, 27, 8, 26, 5], [2, 8, 5, 18, 3, 0, 25, 21], [15, 31, 24, 12, 8, 16, 0, 11], [17, 3, 6, 11, 28, 8, 10, 23], [0, 25, 9, 26, 4, 22, 11, 28], [9, 30, 1, 27, 23, 10, 24, 8], [25, 22, 9, 26, 15, 14, 12, 24], [5, 10, 7, 31, 19, 11, 4, 22], [3, 19, 14, 7, 24, 21, 8, 9], [29, 14, 8, 19, 3, 26, 22, 16], [14, 22, 21, 2, 16, 29, 27, 1], [26, 31, 12, 20, 28, 18, 15, 3], [13, 23, 20, 10, 24, 4, 11, 27], [15, 23, 1, 30, 22, 19, 25, 0], [9, 29, 7, 3, 21, 18, 2, 22], [22, 21, 31, 27, 11, 16, 30, 17], [23, 3, 19, 6, 13, 24, 18, 9], [12, 21, 16, 3, 6, 9, 15, 13], [27, 13, 29, 7, 22, 16, 1, 11], [4, 22, 15, 25, 21, 7, 16, 14], [19, 17, 10, 25, 6, 23, 13, 21], [16, 5, 21, 19, 18, 24, 29, 22], [9, 23, 22, 14, 2, 5, 28, 16], [16, 6, 29, 30, 17, 7, 10, 23], [9, 20, 25, 21, 15, 14, 19, 10], [4, 6, 1, 7, 3, 22, 31, 21], [25, 27, 30, 31, 16, 5, 13, 29], [7, 0, 2, 20, 23, 14, 10, 22], [31, 30, 4, 26, 12, 23, 9, 20], [8, 5, 6, 18, 13, 22, 28, 11], [10, 7, 4, 26, 23, 22, 15, 20], [21, 31, 20, 9, 5, 30, 18, 14], [20, 11, 0, 7, 19, 24, 13, 18], [23, 4, 6, 31, 22, 10, 7, 8], [6, 23, 29, 7, 9, 30, 26, 31], [21, 19, 24, 0, 17, 11, 12, 16], [5, 26, 9, 30, 12, 31, 28, 16], [24, 6, 2, 13, 19, 12, 7, 31], [6, 27, 28, 30, 24, 7, 26, 20], [2, 1, 27, 20, 3, 12, 16, 25], [20, 19, 9, 16, 31, 6, 8, 4], [23, 12, 4, 27, 15, 13, 28, 16], [27, 2, 13, 18, 10, 12, 29, 5], [9, 15, 27, 24, 11, 10, 21, 14], [25, 23, 4, 16, 8, 6, 5, 14], [21, 31, 15, 1, 17, 22, 28, 27], [20, 9, 23, 10, 11, 27, 18, 1], [29, 22, 18, 4, 5, 14, 31, 24], [27, 0, 2, 6, 26, 15, 3, 23], [12, 29, 1, 18, 14, 23, 19, 8], [1, 19, 16, 13, 5, 6, 7, 15], [16, 24, 5, 1, 4, 29, 17, 18], [21, 28, 27, 7, 15, 13, 0, 3], [25, 21, 0, 12, 22, 29, 26, 8], [10, 16, 2, 13, 18, 19, 8, 5], [19, 31, 30, 15, 29, 8, 5, 10], [26, 6, 22, 21, 2, 19, 11, 12], [19, 0, 9, 28, 29, 6, 13, 10], [5, 4, 1, 16, 15, 25, 18, 6], [14, 26, 19, 13, 4, 17, 2, 29], [16, 2, 28, 17, 3, 21, 11, 24], [12, 26, 9, 29, 4, 23, 25, 14], [19, 6, 10, 14, 30, 17, 16, 27], [2, 13, 16, 25, 7, 30, 29, 21], [22, 20, 24, 30, 1, 5, 14, 12], [2, 23, 29, 24, 7, 10, 26, 16], [7, 3, 26, 2, 28, 20, 4, 22], [7, 14, 28, 0, 27, 16, 17, 9], [4, 31, 9, 7, 29, 1, 26, 30], [18, 26, 22, 29, 31, 23, 20, 12], [20, 18, 10, 24, 8, 29, 14, 22], [11, 1, 4, 29, 31, 16, 18, 17], [30, 16, 21, 27, 15, 23, 29, 22], [0, 29, 13, 30, 6, 23, 15, 14], [14, 17, 31, 13, 19, 11, 25, 12], [19, 25, 7, 28, 29, 3, 11, 26], [14, 1, 4, 21, 22, 28, 24, 29], [13, 15, 14, 22, 3, 28, 4, 2]]",8,0.6123517155647278,128,random,1.0,20608,4.0,124,0.6749298572540283,71,0 16 56 96,5149,0.7163589596748352,test,top_r_mean,1.0,0.5,0.5,0.75
0.0426808936312104,0.0,94,0.0,31,0.15440001152455807,qasper,0.5714285714285714,0.0,0.0,0.0,1808.10245:da9c0637623885afaf023a319beee87898948fe9,mean,1.0,0.0,,0,0.0,128,full_k,0.0,47983,4.0,124,0.0,0,16 64 88 56,2999,1.0,test,top_r_mean,1.0,1.0,1.0,1.0
0.0426808936312104,1.0,94,1.0,31,5.161000182852149,qasper,0.5714285714285714,0.25,0.14285714285714285,0.0,1808.10245:da9c0637623885afaf023a319beee87898948fe9,mean,0.601464195836193,0.07388871908187866,,1,1.2889931201934814,128,mean,0.25,1504,4.0,124,1.3262364864349365,0,8 65 16 4,2999,0.7865548729896545,test,top_r_mean,0.0,0.0,0.25,0.375
0.0426808936312104,1.0,94,1.0,31,63.70989978313446,qasper,0.5714285714285714,0.5,0.2857142857142857,0.0,1808.10245:da9c0637623885afaf023a319beee87898948fe9,mean,0.2143674216426447,0.23579369485378265,"[[24], [24], [24], [24], [24], [24], [24], [24], [24], [24], [24], [24], [24], [24], [24], [24], [24], [24], [24], [24], [24], [24], [24], [24], [24], [24], [24], [24], [24], [24], [24], [24], [24], [24], [24], [24], [24], [24], [24], [24], [24], [24], [24], [24], [24], [24], [24], [24], [24], [24], [24], [24], [24], [24], [24], [24], [24], [24], [24], [24], [24], [24], [24], [24], [24], [24], [24], [24], [24], [24], [24], [24], [24], [24], [24], [24], [24], [24], [24], [24], [24], [24], [24], [24], [24], [24], [24], [24], [24], [24], [24], [24], [24], [15]]",1,1.3421224355697632,128,last,0.3333333333333333,1504,4.0,124,1.5004793405532837,0,29 55 1 5,2999,0.30497416853904724,test,top_r_mean,0.0,0.0,0.0,0.0
0.0426808936312104,1.0,94,1.0,31,67.14679999276996,qasper,0.5714285714285714,0.25,0.14285714285714285,0.0,1808.10245:da9c0637623885afaf023a319beee87898948fe9,mean,0.3191489361702128,0.11810185015201569,"[[13], [24], [6], [2], [8], [12], [8], [1], [6], [21], [25], [29], [25], [4], [3], [8], [9], [17], [18], [24], [15], [12], [12], [23], [30], [17], [26], [9], [19], [8], [23], [28], [20], [14], [8], [5], [14], [19], [6], [0], [8], [27], [15], [17], [5], [20], [1], [7], [21], [12], [22], [12], [21], [21], [12], [6], [12], [12], [9], [11], [23], [19], [4], [13], [13], [0], [20], [24], [20], [15], [9], [11], [16], [18], [21], [30], [27], [20], [18], [21], [20], [6], [20], [16], [16], [6], [3], [2], [1], [22], [14], [4], [20], [18]]",1,0.9133129119873047,128,farthest,0.25,1504,4.0,124,1.004546880722046,0,65 88 81 0,2999,0.4661271870136261,test,top_r_mean,0.0,0.0,0.25,0.25
0.0426808936312104,0.0,94,0.0,31,57.58560006506741,qasper,0.5714285714285714,0.0,0.0,0.0,1808.10245:da9c0637623885afaf023a319beee87898948fe9,mean,0.5781285746968657,0.09771932661533356,"[[1], [20], [5], [14], [5], [6], [14], [0], [9], [28], [0], [2], [5], [25], [18], [2], [10], [4], [2], [2], [30], [1], [10], [2], [13], [13], [8], [19], [6], [25], [21], [8], [10], [9], [1], [2], [26], [14], [26], [0], [16], [12], [4], [4], [16], [18], [20], [17], [9], [9], [28], [28], [31], [7], [6], [24], [19], [6], [27], [29], [21], [14], [19], [22], [30], [9], [18], [3], [8], [11], [22], [6], [27], [23], [6], [21], [18], [9], [21], [7], [1], [5], [6], [31], [1], [11], [22], [19], [19], [27], [20], [12], [0], [5]]",1,0.34324416518211365,128,greedy_oracle,0.0,1504,4.0,124,0.477804958820343,0,16 65 67 50,2999,0.7578730583190918,test,top_r_mean,1.0,0.5,0.25,0.125
0.0426808936312104,0.0,94,0.0,31,53.84109984152019,qasper,0.5714285714285714,0.0,0.0,0.0,1808.10245:da9c0637623885afaf023a319beee87898948fe9,mean,0.23221230839624799,0.20481747388839722,"[[9], [29], [10], [29], [29], [3], [13], [5], [6], [22], [27], [27], [23], [24], [26], [23], [13], [1], [12], [25], [14], [12], [2], [31], [17], [5], [27], [7], [22], [10], [7], [3], [31], [5], [22], [27], [16], [21], [2], [26], [31], [0], [6], [6], [17], [13], [8], [1], [6], [8], [16], [3], [27], [2], [31], [16], [19], [27], [20], [18], [1], [24], [29], [26], [10], [6], [31], [19], [5], [29], [0], [9], [14], [29], [6], [26], [6], [16], [25], [22], [20], [13], [0], [12], [13], [6], [10], [14], [25], [28], [19], [13], [14], [4]]",1,1.2604998350143433,128,random,0.0,1504,4.0,124,1.4101462364196777,11,74 56 16 90,2999,0.3279774487018585,test,top_r_mean,0.0,0.0,0.5,0.25
0.0426808936312104,1.0,94,1.0,31,52.75989999063313,qasper,0.5714285714285714,0.25,0.14285714285714285,0.0,1808.10245:da9c0637623885afaf023a319beee87898948fe9,mean,0.1974376572866621,0.2730003297328949,"[[3], [23], [15], [0], [19], [15], [8], [28], [18], [20], [22], [28], [6], [10], [26], [15], [27], [17], [17], [28], [4], [20], [2], [1], [12], [7], [18], [21], [26], [8], [14], [8], [5], [23], [13], [23], [20], [3], [22], [19], [22], [20], [24], [13], [3], [28], [15], [9], [15], [17], [8], [0], [24], [5], [21], [4], [21], [13], [30], [17], [16], [21], [22], [3], [28], [26], [4], [16], [4], [28], [14], [20], [26], [29], [15], [14], [31], [0], [9], [13], [5], [0], [4], [1], [7], [5], [13], [16], [14], [16], [2], [10], [10], [0]]",1,1.2375274896621704,128,random,1.0,1504,4.0,124,1.44053316116333,23,4 31 58 80,2999,0.2714806795120239,test,top_r_mean,0.0,0.0,0.0,0.0
0.0426808936312104,0.0,94,0.0,31,63.99139994755387,qasper,0.5714285714285714,0.0,0.0,0.0,1808.10245:da9c0637623885afaf023a319beee87898948fe9,mean,0.2431937771676962,0.2090843915939331,"[[25], [21], [16], [4], [2], [20], [29], [5], [12], [13], [14], [20], [1], [16], [0], [17], [4], [27], [30], [13], [25], [6], [28], [25], [30], [8], [6], [5], [26], [4], [2], [11], [30], [9], [27], [12], [3], [26], [25], [4], [16], [4], [22], [8], [11], [7], [13], [20], [13], [2], [20], [3], [2], [4], [19], [29], [23], [7], [6], [25], [26], [24], [9], [20], [16], [31], [4], [11], [28], [20], [7], [19], [7], [16], [30], [0], [6], [20], [11], [6], [6], [3], [31], [22], [26], [27], [13], [6], [5], [23], [9], [29], [8], [18]]",1,1.4155861139297485,128,random,0.0,1504,4.0,124,1.5611547231674194,37,64 72 33 40,2999,0.3475273847579956,test,top_r_mean,0.0,0.5,0.25,0.5
0.0426808936312104,0.0,94,0.0,31,56.47030007094145,qasper,0.5714285714285714,0.0,0.0,0.0,1808.10245:da9c0637623885afaf023a319beee87898948fe9,mean,0.1493937314115763,0.23887790739536285,"[[17], [25], [13], [26], [2], [1], [4], [6], [25], [16], [26], [5], [31], [9], [3], [7], [22], [13], [18], [23], [27], [31], [1], [28], [3], [27], [25], [25], [16], [4], [19], [19], [31], [24], [6], [30], [20], [11], [28], [12], [27], [25], [22], [10], [16], [17], [12], [20], [15], [30], [12], [2], [24], [24], [21], [17], [28], [22], [11], [10], [26], [9], [22], [7], [18], [28], [23], [1], [16], [30], [27], [14], [5], [3], [22], [0], [18], [0], [12], [7], [17], [30], [3], [22], [29], [28], [23], [20], [8], [4], [13], [17], [12], [11]]",1,1.3273231983184814,128,random,0.0,1504,4.0,124,1.5034116506576538,53,79 44 16 64,2999,0.22330670058727264,test,top_r_mean,0.0,0.0,0.5,0.375
0.0426808936312104,1.0,94,1.0,31,64.16179984807968,qasper,0.5714285714285714,0.25,0.14285714285714285,0.0,1808.10245:da9c0637623885afaf023a319beee87898948fe9,mean,0.18005033173186913,0.26075980067253113,"[[21], [6], [18], [3], [21], [3], [30], [12], [17], [25], [31], [18], [18], [13], [0], [13], [29], [12], [4], [0], [28], [31], [8], [7], [30], [7], [2], [9], [18], [21], [15], [0], [13], [10], [14], [28], [16], [18], [24], [7], [31], [11], [18], [7], [7], [13], [13], [19], [28], [7], [10], [31], [19], [21], [2], [3], [30], [28], [20], [30], [13], [15], [3], [28], [28], [31], [13], [2], [30], [3], [17], [19], [4], [20], [14], [8], [18], [16], [27], [5], [27], [18], [21], [9], [12], [21], [24], [9], [28], [3], [23], [23], [26], [0]]",1,1.3891972303390503,128,random,0.5,1504,4.0,124,1.562249779701233,71,57 4 65 33,2999,0.2600801885128021,test,top_r_mean,0.0,0.0,0.0,0.0
0.0426808936312104,1.0,94,1.0,31,58.236700017005205,qasper,0.5714285714285714,0.25,0.14285714285714285,0.0,1808.10245:da9c0637623885afaf023a319beee87898948fe9,mean,0.24639670555936857,0.19858679175376892,"[[24, 25], [24, 25], [24, 25], [24, 25], [24, 25], [24, 25], [24, 25], [24, 25], [24, 25], [24, 25], [24, 25], [24, 25], [24, 25], [24, 25], [24, 25], [24, 25], [24, 25], [24, 25], [24, 25], [24, 25], [24, 25], [24, 25], [24, 25], [24, 25], [24, 25], [24, 25], [24, 25], [24, 25], [24, 25], [24, 25], [24, 25], [24, 25], [24, 25], [24, 25], [24, 25], [24, 25], [24, 25], [24, 25], [24, 25], [24, 25], [24, 25], [24, 25], [24, 25], [24, 25], [24, 25], [24, 25], [24, 25], [24, 25], [24, 25], [24, 25], [24, 25], [24, 25], [24, 25], [24, 25], [24, 25], [24, 25], [24, 25], [24, 25], [24, 25], [24, 25], [24, 25], [24, 25], [24, 25], [24, 25], [24, 25], [24, 25], [24, 25], [24, 25], [24, 25], [24, 25], [24, 25], [24, 25], [24, 25], [24, 25], [24, 25], [24, 25], [24, 25], [24, 25], [24, 25], [24, 25], [24, 25], [24, 25], [24, 25], [24, 25], [24, 25], [24, 25], [24, 25], [24, 25], [24, 25], [24, 25], [24, 25], [24, 25], [24, 25], [15, 16]]",2,1.3179181814193726,128,last,0.25,3008,4.0,124,1.4449347257614136,0,29 55 87 1,2999,0.34952136874198914,test,top_r_mean,0.0,0.0,0.0,0.0
0.0426808936312104,1.0,94,1.0,31,58.29499987885356,qasper,0.5714285714285714,0.25,0.14285714285714285,0.0,1808.10245:da9c0637623885afaf023a319beee87898948fe9,mean,0.5081217112788835,0.48168516159057617,"[[13, 0], [24, 17], [6, 26], [2, 11], [8, 28], [12, 3], [8, 23], [1, 23], [6, 0], [21, 9], [25, 3], [29, 2], [25, 18], [4, 3], [3, 23], [8, 28], [9, 0], [17, 22], [18, 0], [24, 29], [15, 5], [12, 22], [12, 31], [23, 11], [30, 0], [17, 2], [26, 21], [9, 26], [19, 9], [8, 26], [23, 13], [28, 22], [20, 0], [14, 28], [8, 24], [5, 21], [14, 10], [19, 28], [6, 14], [0, 4], [8, 0], [27, 16], [15, 7], [17, 22], [5, 16], [20, 10], [1, 7], [7, 15], [21, 0], [12, 21], [22, 13], [12, 24], [21, 15], [21, 18], [12, 5], [6, 20], [12, 0], [12, 15], [9, 6], [11, 29], [23, 20], [19, 21], [4, 22], [13, 15], [13, 0], [0, 13], [20, 14], [24, 21], [20, 15], [15, 18], [9, 3], [11, 29], [16, 0], [18, 30], [21, 3], [30, 21], [27, 14], [20, 15], [18, 26], [21, 6], [20, 0], [6, 1], [20, 1], [16, 28], [16, 31], [6, 25], [3, 27], [2, 31], [1, 0], [22, 27], [14, 21], [4, 22], [20, 31], [18, 9]]",2,1.409050464630127,128,farthest,0.5,3008,4.0,124,1.5445953607559204,0,88 0 40 80,2999,0.6886175274848938,test,top_r_mean,0.0,0.0,0.25,0.625
0.0426808936312104,1.0,94,1.0,31,56.929799960926175,qasper,0.5714285714285714,0.25,0.14285714285714285,0.0,1808.10245:da9c0637623885afaf023a319beee87898948fe9,mean,0.7208876687256921,0.10775574296712875,"[[1, 0], [20, 3], [5, 7], [14, 2], [5, 6], [6, 20], [14, 15], [0, 18], [9, 0], [28, 6], [0, 7], [2, 7], [5, 12], [25, 26], [18, 17], [2, 23], [10, 0], [4, 2], [2, 17], [2, 3], [30, 2], [1, 15], [10, 12], [2, 14], [13, 0], [13, 15], [8, 9], [19, 7], [6, 1], [25, 24], [21, 10], [8, 12], [10, 0], [9, 26], [1, 31], [2, 3], [26, 31], [14, 16], [26, 28], [0, 13], [16, 0], [12, 13], [4, 16], [4, 17], [16, 21], [18, 21], [20, 19], [17, 18], [9, 0], [9, 12], [28, 29], [28, 6], [31, 14], [7, 11], [6, 28], [24, 0], [19, 0], [6, 28], [27, 10], [29, 9], [21, 23], [14, 16], [19, 2], [22, 1], [30, 0], [9, 0], [18, 29], [3, 8], [8, 31], [11, 9], [22, 23], [6, 7], [27, 0], [23, 3], [6, 10], [21, 22], [18, 4], [9, 14], [21, 9], [7, 8], [1, 0], [5, 6], [6, 28], [31, 20], [1, 13], [11, 10], [22, 13], [19, 25], [19, 0], [27, 31], [20, 19], [12, 3], [0, 31], [5, 22]]",2,0.3380696177482605,128,greedy_oracle,0.25,3008,4.0,124,0.3780391216278076,0,16 56 64 0,2999,0.8801863789558411,test,top_r_mean,1.0,0.5,0.75,0.75
0.0426808936312104,0.0,94,0.0,31,60.589300002902746,qasper,0.5714285714285714,0.0,0.0,0.0,1808.10245:da9c0637623885afaf023a319beee87898948fe9,mean,0.39693433996797073,0.1313929706811905,"[[9, 29], [29, 15], [10, 17], [29, 10], [29, 21], [3, 8], [13, 6], [5, 8], [6, 15], [22, 5], [27, 26], [27, 1], [23, 10], [24, 22], [26, 8], [23, 14], [13, 1], [1, 7], [12, 2], [25, 11], [14, 21], [12, 11], [2, 3], [31, 9], [17, 19], [5, 18], [27, 9], [7, 21], [22, 5], [10, 13], [7, 17], [3, 22], [31, 20], [5, 16], [22, 30], [27, 24], [16, 18], [21, 8], [2, 15], [26, 7], [31, 20], [0, 6], [6, 30], [6, 15], [17, 23], [13, 23], [8, 30], [1, 2], [6, 4], [8, 21], [16, 12], [3, 28], [27, 13], [2, 18], [31, 29], [16, 15], [19, 21], [27, 11], [20, 23], [18, 25], [1, 28], [24, 3], [29, 12], [26, 18], [10, 0], [6, 24], [31, 5], [19, 25], [5, 1], [29, 3], [0, 29], [9, 18], [14, 0], [29, 3], [6, 8], [26, 19], [6, 27], [16, 17], [25, 8], [22, 11], [20, 18], [13, 27], [0, 20], [12, 18], [13, 18], [6, 11], [10, 23], [14, 17], [25, 31], [28, 20], [19, 5], [13, 25], [14, 15], [4, 11]]",2,1.2445331811904907,128,random,0.0,3008,4.0,124,1.3197823762893677,11,72 64 74 51,2999,0.5677780508995056,test,top_r_mean,0.0,0.5,0.25,0.625
0.0426808936312104,1.0,94,1.0,31,52.10639978758991,qasper,0.5714285714285714,0.25,0.14285714285714285,0.0,1808.10245:da9c0637623885afaf023a319beee87898948fe9,mean,0.33470601692976437,0.17673777043819427,"[[3, 2], [23, 29], [15, 20], [0, 7], [19, 21], [15, 30], [8, 20], [28, 15], [18, 16], [20, 12], [22, 21], [28, 25], [6, 15], [10, 5], [26, 20], [15, 30], [27, 29], [17, 9], [17, 15], [28, 22], [4, 25], [20, 30], [2, 15], [1, 15], [12, 4], [7, 5], [18, 29], [21, 11], [26, 12], [8, 28], [14, 0], [8, 10], [5, 16], [23, 16], [13, 23], [23, 2], [20, 18], [3, 14], [22, 30], [19, 13], [22, 8], [20, 7], [24, 2], [13, 30], [3, 6], [28, 27], [15, 19], [9, 3], [15, 5], [17, 29], [8, 9], [0, 19], [24, 29], [5, 22], [21, 12], [4, 5], [21, 18], [13, 24], [30, 11], [17, 21], [16, 0], [21, 18], [22, 4], [3, 17], [28, 4], [26, 11], [4, 9], [16, 13], [4, 7], [28, 16], [14, 10], [20, 21], [26, 23], [29, 30], [15, 6], [14, 19], [31, 1], [0, 5], [9, 26], [13, 9], [5, 1], [0, 27], [4, 12], [1, 25], [7, 28], [5, 12], [13, 12], [16, 15], [14, 2], [16, 23], [2, 19], [10, 3], [10, 29], [0, 9]]",2,1.2217496633529663,128,random,0.5,3008,4.0,124,1.3356177806854248,23,74 4 80 65,2999,0.45796334743499756,test,top_r_mean,0.0,0.0,0.0,0.125
0.0426808936312104,0.0,94,0.0,31,58.87480010278523,qasper,0.5714285714285714,0.0,0.0,0.0,1808.10245:da9c0637623885afaf023a319beee87898948fe9,mean,0.2811713566689545,0.30306270718574524,"[[25, 16], [21, 17], [16, 14], [4, 29], [2, 4], [20, 26], [29, 8], [5, 7], [12, 0], [13, 21], [14, 28], [20, 31], [1, 6], [16, 2], [0, 26], [17, 6], [4, 21], [27, 10], [30, 3], [13, 27], [25, 16], [6, 30], [28, 23], [25, 11], [30, 13], [8, 17], [6, 13], [5, 9], [26, 14], [4, 17], [2, 22], [11, 23], [30, 1], [9, 15], [27, 2], [12, 21], [3, 16], [26, 11], [25, 8], [4, 9], [16, 4], [4, 1], [22, 8], [8, 7], [11, 28], [7, 18], [13, 18], [20, 4], [13, 23], [2, 11], [20, 15], [3, 20], [2, 15], [4, 21], [19, 5], [29, 31], [23, 17], [7, 16], [6, 24], [25, 4], [26, 3], [24, 22], [9, 22], [20, 29], [16, 31], [31, 27], [4, 5], [11, 31], [28, 2], [20, 27], [7, 2], [19, 23], [7, 0], [16, 20], [30, 15], [0, 2], [6, 11], [20, 30], [11, 2], [6, 31], [6, 2], [3, 9], [31, 18], [22, 10], [26, 2], [27, 25], [13, 29], [6, 28], [5, 11], [23, 6], [9, 8], [29, 8], [8, 2], [18, 17]]",2,1.3093377351760864,128,random,0.0,3008,4.0,124,1.4112396240234375,37,72 8 64 24,2999,0.3993425667285919,test,top_r_mean,0.0,0.0,0.25,0.5
0.0426808936312104,0.0,94,0.0,31,65.48690004274249,qasper,0.5714285714285714,0.0,0.0,0.0,1808.10245:da9c0637623885afaf023a319beee87898948fe9,mean,0.2143674216426447,0.17655673623085022,"[[17, 21], [25, 14], [13, 7], [26, 2], [2, 9], [1, 10], [4, 24], [6, 10], [25, 13], [16, 0], [26, 16], [5, 11], [31, 20], [9, 8], [3, 5], [7, 27], [22, 19], [13, 30], [18, 4], [23, 4], [27, 6], [31, 0], [1, 13], [28, 5], [3, 16], [27, 15], [25, 11], [25, 23], [16, 4], [4, 3], [19, 14], [19, 23], [31, 4], [24, 2], [6, 4], [30, 21], [20, 30], [11, 12], [28, 26], [12, 11], [27, 3], [25, 21], [22, 17], [10, 5], [16, 12], [17, 1], [12, 3], [20, 14], [15, 30], [30, 1], [12, 23], [2, 4], [24, 14], [24, 12], [21, 18], [17, 20], [28, 21], [22, 25], [11, 12], [10, 6], [26, 31], [9, 16], [22, 5], [7, 15], [18, 15], [28, 6], [23, 20], [1, 16], [16, 28], [30, 20], [27, 30], [14, 21], [5, 4], [3, 22], [22, 16], [0, 25], [18, 15], [0, 27], [12, 6], [7, 12], [17, 13], [30, 20], [3, 23], [22, 5], [29, 8], [28, 1], [23, 31], [20, 3], [8, 5], [4, 18], [13, 22], [17, 22], [12, 2], [11, 10]]",2,1.3071686029434204,128,random,0.0,3008,4.0,124,1.4321693181991577,53,38 79 8 64,2999,0.3141205906867981,test,top_r_mean,0.0,0.0,0.25,0.375
0.0426808936312104,1.0,94,1.0,31,57.447100058197975,qasper,0.5714285714285714,0.25,0.14285714285714285,0.0,1808.10245:da9c0637623885afaf023a319beee87898948fe9,mean,0.2701898878975063,0.28008800745010376,"[[21, 23], [6, 30], [18, 29], [3, 6], [21, 16], [3, 19], [30, 22], [12, 29], [17, 21], [25, 18], [31, 11], [18, 12], [18, 26], [13, 12], [0, 29], [13, 5], [29, 26], [12, 29], [4, 13], [0, 24], [28, 7], [31, 4], [8, 31], [7, 23], [30, 19], [7, 17], [2, 21], [9, 5], [18, 6], [21, 6], [15, 13], [0, 18], [13, 0], [10, 7], [14, 7], [28, 12], [16, 8], [18, 13], [24, 12], [7, 10], [31, 25], [11, 21], [18, 5], [7, 1], [7, 13], [13, 17], [13, 0], [19, 4], [28, 10], [7, 24], [10, 6], [31, 20], [19, 13], [21, 6], [2, 5], [3, 19], [30, 7], [28, 23], [20, 12], [30, 26], [13, 19], [15, 21], [3, 2], [28, 12], [28, 13], [31, 2], [13, 4], [2, 24], [30, 26], [3, 24], [17, 1], [19, 26], [4, 12], [20, 13], [14, 19], [8, 21], [18, 28], [16, 20], [27, 23], [5, 6], [27, 19], [18, 6], [21, 3], [9, 3], [12, 25], [21, 15], [24, 22], [9, 11], [28, 0], [3, 2], [23, 5], [23, 19], [26, 9], [0, 5]]",2,1.3283865451812744,128,random,0.3333333333333333,3008,4.0,124,1.4391266107559204,71,32 88 4 65,2999,0.38576018810272217,test,top_r_mean,0.0,0.0,0.25,0.125
0.0426808936312104,0.0,94,0.0,31,59.964200016111135,qasper,0.5714285714285714,0.0,0.0,0.0,1808.10245:da9c0637623885afaf023a319beee87898948fe9,mean,0.27568062228323037,0.19811561703681946,"[[24, 25, 26, 27], [24, 25, 26, 27], [24, 25, 26, 27], [24, 25, 26, 27], [24, 25, 26, 27], [24, 25, 26, 27], [24, 25, 26, 27], [24, 25, 26, 27], [24, 25, 26, 27], [24, 25, 26, 27], [24, 25, 26, 27], [24, 25, 26, 27], [24, 25, 26, 27], [24, 25, 26, 27], [24, 25, 26, 27], [24, 25, 26, 27], [24, 25, 26, 27], [24, 25, 26, 27], [24, 25, 26, 27], [24, 25, 26, 27], [24, 25, 26, 27], [24, 25, 26, 27], [24, 25, 26, 27], [24, 25, 26, 27], [24, 25, 26, 27], [24, 25, 26, 27], [24, 25, 26, 27], [24, 25, 26, 27], [24, 25, 26, 27], [24, 25, 26, 27], [24, 25, 26, 27], [24, 25, 26, 27], [24, 25, 26, 27], [24, 25, 26, 27], [24, 25, 26, 27], [24, 25, 26, 27], [24, 25, 26, 27], [24, 25, 26, 27], [24, 25, 26, 27], [24, 25, 26, 27], [24, 25, 26, 27], [24, 25, 26, 27], [24, 25, 26, 27], [24, 25, 26, 27], [24, 25, 26, 27], [24, 25, 26, 27], [24, 25, 26, 27], [24, 25, 26, 27], [24, 25, 26, 27], [24, 25, 26, 27], [24, 25, 26, 27], [24, 25, 26, 27], [24, 25, 26, 27], [24, 25, 26, 27], [24, 25, 26, 27], [24, 25, 26, 27], [24, 25, 26, 27], [24, 25, 26, 27], [24, 25, 26, 27], [24, 25, 26, 27], [24, 25, 26, 27], [24, 25, 26, 27], [24, 25, 26, 27], [24, 25, 26, 27], [24, 25, 26, 27], [24, 25, 26, 27], [24, 25, 26, 27], [24, 25, 26, 27], [24, 25, 26, 27], [24, 25, 26, 27], [24, 25, 26, 27], [24, 25, 26, 27], [24, 25, 26, 27], [24, 25, 26, 27], [24, 25, 26, 27], [24, 25, 26, 27], [24, 25, 26, 27], [24, 25, 26, 27], [24, 25, 26, 27], [24, 25, 26, 27], [24, 25, 26, 27], [24, 25, 26, 27], [24, 25, 26, 27], [24, 25, 26, 27], [24, 25, 26, 27], [24, 25, 26, 27], [24, 25, 26, 27], [24, 25, 26, 27], [24, 25, 26, 27], [24, 25, 26, 27], [24, 25, 26, 27], [24, 25, 26, 27], [24, 25, 26, 27], [15, 16, 17, 18]]",4,1.3644688129425049,128,last,0.0,6016,4.0,124,1.4749572277069092,0,29 55 87 13,2999,0.3652133047580719,test,top_r_mean,0.0,0.0,0.0,0.125
0.0426808936312104,0.0,94,0.0,31,70.47749985940754,qasper,0.5714285714285714,0.0,0.0,0.0,1808.10245:da9c0637623885afaf023a319beee87898948fe9,mean,0.5424388011896591,0.08807825297117233,"[[13, 0, 26, 25], [24, 17, 1, 9], [6, 26, 20, 15], [2, 11, 4, 30], [8, 28, 7, 17], [12, 3, 29, 23], [8, 23, 14, 30], [1, 23, 11, 12], [6, 0, 17, 25], [21, 9, 30, 28], [25, 3, 16, 28], [29, 2, 21, 13], [25, 18, 4, 13], [4, 3, 14, 25], [3, 23, 14, 27], [8, 28, 3, 19], [9, 0, 2, 24], [17, 22, 0, 14], [18, 0, 15, 30], [24, 29, 14, 31], [15, 5, 21, 12], [12, 22, 23, 21], [12, 31, 15, 6], [23, 11, 9, 17], [30, 0, 9, 27], [17, 2, 29, 6], [26, 21, 25, 3], [9, 26, 3, 28], [19, 9, 28, 10], [8, 26, 20, 0], [23, 13, 28, 9], [28, 22, 21, 19], [20, 0, 18, 4], [14, 28, 20, 22], [8, 24, 6, 15], [5, 21, 25, 7], [14, 10, 28, 0], [19, 28, 9, 0], [6, 14, 1, 12], [0, 4, 30, 6], [8, 0, 11, 4], [27, 16, 9, 20], [15, 7, 21, 12], [17, 22, 7, 3], [5, 16, 30, 15], [20, 10, 29, 19], [1, 7, 10, 26], [7, 15, 19, 5], [21, 0, 14, 19], [12, 21, 25, 23], [22, 13, 3, 28], [12, 24, 30, 31], [21, 15, 30, 31], [21, 18, 8, 30], [12, 5, 25, 6], [6, 20, 30, 24], [12, 0, 27, 31], [12, 15, 3, 31], [9, 6, 31, 17], [11, 29, 4, 12], [23, 20, 18, 0], [19, 21, 18, 31], [4, 22, 28, 5], [13, 15, 20, 23], [13, 0, 28, 5], [0, 13, 22, 29], [20, 14, 13, 28], [24, 21, 17, 14], [20, 15, 12, 14], [15, 18, 6, 28], [9, 3, 19, 17], [11, 29, 16, 6], [16, 0, 8, 20], [18, 30, 15, 4], [21, 3, 24, 6], [30, 21, 24, 13], [27, 14, 31, 13], [20, 15, 11, 9], [18, 26, 15, 30], [21, 6, 3, 11], [20, 0, 15, 21], [6, 1, 21, 31], [20, 1, 3, 7], [16, 28, 31, 7], [16, 31, 10, 0], [6, 25, 30, 3], [3, 27, 8, 19], [2, 31, 24, 21], [1, 0, 14, 26], [22, 27, 28, 30], [14, 21, 27, 9], [4, 22, 18, 21], [20, 31, 26, 7], [18, 9, 12, 2]]",4,1.6163520812988281,128,farthest,0.0,6016,4.0,124,1.6793915033340454,0,8 16 64 72,2999,0.7230646014213562,test,top_r_mean,0.0,0.5,0.5,0.5
0.0426808936312104,0.0,94,0.0,31,69.23709996044636,qasper,0.5714285714285714,0.0,0.0,0.0,1808.10245:da9c0637623885afaf023a319beee87898948fe9,mean,0.8105696636925189,0.0030271587893366814,"[[1, 0, 12, 2], [20, 3, 4, 22], [5, 7, 6, 0], [14, 2, 15, 16], [5, 6, 19, 8], [6, 20, 21, 27], [14, 15, 16, 31], [0, 18, 20, 19], [9, 0, 23, 12], [28, 6, 2, 31], [0, 7, 12, 11], [2, 7, 25, 6], [5, 12, 22, 19], [25, 26, 27, 31], [18, 17, 22, 0], [2, 23, 0, 19], [10, 0, 12, 11], [4, 2, 5, 7], [2, 17, 18, 3], [2, 3, 13, 6], [30, 2, 23, 29], [1, 15, 5, 30], [10, 12, 29, 25], [2, 14, 13, 30], [13, 0, 30, 4], [13, 15, 14, 17], [8, 9, 20, 19], [19, 7, 24, 13], [6, 1, 2, 11], [25, 24, 27, 28], [21, 10, 23, 22], [8, 12, 4, 27], [10, 0, 17, 13], [9, 26, 18, 10], [1, 31, 8, 11], [2, 3, 23, 5], [26, 31, 24, 5], [14, 16, 10, 1], [26, 28, 27, 30], [0, 13, 14, 11], [16, 0, 8, 15], [12, 13, 0, 21], [4, 16, 15, 23], [4, 17, 16, 18], [16, 21, 17, 31], [18, 21, 22, 20], [20, 19, 21, 2], [17, 18, 7, 22], [9, 0, 5, 1], [9, 12, 1, 10], [28, 29, 31, 30], [28, 6, 5, 3], [31, 14, 0, 17], [7, 11, 1, 20], [6, 28, 29, 9], [24, 0, 26, 25], [19, 0, 10, 7], [6, 28, 25, 10], [27, 10, 11, 30], [29, 9, 3, 2], [21, 23, 4, 1], [14, 16, 17, 7], [19, 2, 25, 7], [22, 1, 28, 3], [30, 0, 4, 31], [9, 0, 30, 1], [18, 29, 0, 19], [3, 8, 4, 26], [8, 31, 2, 23], [11, 9, 15, 8], [22, 23, 27, 28], [6, 7, 8, 9], [27, 0, 7, 1], [23, 3, 5, 9], [6, 10, 11, 7], [21, 22, 1, 6], [18, 4, 22, 1], [9, 14, 10, 17], [21, 9, 29, 0], [7, 8, 30, 10], [1, 0, 2, 14], [5, 6, 25, 10], [6, 28, 11, 29], [31, 20, 13, 15], [1, 13, 2, 15], [11, 10, 21, 20], [22, 13, 24, 23], [19, 25, 22, 21], [19, 0, 1, 23], [27, 31, 8, 9], [20, 19, 0, 18], [12, 3, 4, 13], [0, 31, 1, 4], [5, 22, 15, 0]]",4,0.39816486835479736,128,greedy_oracle,0.0,6016,4.0,124,0.40684786438941956,0,16 64 56 88,2999,0.9403821229934692,test,top_r_mean,1.0,1.0,1.0,0.875
0.0426808936312104,0.0,94,0.0,31,65.0724999140948,qasper,0.5714285714285714,0.0,0.0,0.0,1808.10245:da9c0637623885afaf023a319beee87898948fe9,mean,0.4829558453443148,0.08525717258453369,"[[9, 29, 31, 23], [29, 15, 16, 12], [10, 17, 12, 1], [29, 10, 27, 31], [29, 21, 25, 1], [3, 8, 18, 21], [13, 6, 12, 31], [5, 8, 10, 12], [6, 15, 28, 25], [22, 5, 27, 8], [27, 26, 5, 3], [27, 1, 30, 8], [23, 10, 1, 21], [24, 22, 8, 5], [26, 8, 18, 1], [23, 14, 12, 0], [13, 1, 23, 19], [1, 7, 30, 22], [12, 2, 4, 31], [25, 11, 30, 23], [14, 21, 5, 9], [12, 11, 2, 28], [2, 3, 26, 14], [31, 9, 1, 17], [17, 19, 1, 24], [5, 18, 6, 10], [27, 9, 13, 26], [7, 21, 4, 5], [22, 5, 18, 4], [10, 13, 21, 8], [7, 17, 19, 18], [3, 22, 20, 14], [31, 20, 9, 12], [5, 16, 17, 6], [22, 30, 12, 23], [27, 24, 8, 6], [16, 18, 21, 31], [21, 8, 0, 27], [2, 15, 20, 8], [26, 7, 22, 5], [31, 20, 1, 18], [0, 6, 29, 30], [6, 30, 28, 25], [6, 15, 29, 7], [17, 23, 18, 6], [13, 23, 1, 8], [8, 30, 20, 17], [1, 2, 19, 30], [6, 4, 19, 20], [8, 21, 14, 0], [16, 12, 24, 27], [3, 28, 1, 7], [27, 13, 25, 15], [2, 18, 26, 15], [31, 29, 12, 23], [16, 15, 26, 20], [19, 21, 26, 25], [27, 11, 3, 7], [20, 23, 9, 27], [18, 25, 11, 7], [1, 28, 2, 14], [24, 3, 31, 0], [29, 12, 7, 13], [26, 18, 12, 21], [10, 0, 22, 5], [6, 24, 1, 27], [31, 5, 1, 24], [19, 25, 3, 11], [5, 1, 25, 18], [29, 3, 5, 19], [0, 29, 14, 8], [9, 18, 20, 27], [14, 0, 21, 25], [29, 3, 2, 15], [6, 8, 27, 9], [26, 19, 15, 30], [6, 27, 17, 30], [16, 17, 4, 13], [25, 8, 19, 28], [22, 11, 13, 24], [20, 18, 17, 21], [13, 27, 3, 25], [0, 20, 28, 7], [12, 18, 27, 2], [13, 18, 30, 6], [6, 11, 30, 14], [10, 23, 21, 11], [14, 17, 28, 30], [25, 31, 2, 4], [28, 20, 31, 11], [19, 5, 6, 30], [13, 25, 3, 20], [14, 15, 3, 5], [4, 11, 19, 2]]",4,1.3110325336456299,128,random,0.0,6016,4.0,124,1.3630672693252563,11,72 64 74 16,2999,0.6549073457717896,test,top_r_mean,0.0,0.5,0.5,0.5
0.0426808936312104,1.0,94,1.0,31,72.55110004916787,qasper,0.5714285714285714,0.5,0.2857142857142857,0.0,1808.10245:da9c0637623885afaf023a319beee87898948fe9,mean,0.3273850377487989,0.14039406180381775,"[[3, 2, 1, 18], [23, 29, 12, 11], [15, 20, 18, 12], [0, 7, 19, 2], [19, 21, 18, 9], [15, 30, 29, 21], [8, 20, 5, 0], [28, 15, 26, 20], [18, 16, 14, 13], [20, 12, 1, 10], [22, 21, 24, 12], [28, 25, 15, 21], [6, 15, 5, 23], [10, 5, 3, 9], [26, 20, 16, 0], [15, 30, 23, 21], [27, 29, 17, 31], [17, 9, 12, 3], [17, 15, 12, 4], [28, 22, 21, 29], [4, 25, 30, 22], [20, 30, 29, 24], [2, 15, 5, 8], [1, 15, 25, 29], [12, 4, 8, 31], [7, 5, 12, 17], [18, 29, 0, 8], [21, 11, 30, 2], [26, 12, 25, 9], [8, 28, 10, 31], [14, 0, 21, 31], [8, 10, 3, 17], [5, 16, 26, 15], [23, 16, 28, 3], [13, 23, 19, 21], [23, 2, 31, 21], [20, 18, 31, 24], [3, 14, 30, 13], [22, 30, 18, 7], [19, 13, 7, 24], [22, 8, 2, 27], [20, 7, 1, 0], [24, 2, 30, 7], [13, 30, 27, 28], [3, 6, 27, 25], [28, 27, 18, 12], [15, 19, 0, 5], [9, 3, 30, 14], [15, 5, 23, 22], [17, 29, 20, 13], [8, 9, 29, 21], [0, 19, 5, 20], [24, 29, 0, 25], [5, 22, 8, 13], [21, 12, 4, 13], [4, 5, 22, 30], [21, 18, 5, 30], [13, 24, 30, 0], [30, 11, 0, 6], [17, 21, 11, 28], [16, 0, 14, 27], [21, 18, 27, 11], [22, 4, 10, 16], [3, 17, 19, 11], [28, 4, 10, 31], [26, 11, 30, 24], [4, 9, 20, 15], [16, 13, 30, 22], [4, 7, 9, 14], [28, 16, 30, 17], [14, 10, 2, 8], [20, 21, 4, 26], [26, 23, 28, 12], [29, 30, 21, 19], [15, 6, 21, 3], [14, 19, 31, 0], [31, 1, 25, 3], [0, 5, 26, 14], [9, 26, 18, 25], [13, 9, 10, 21], [5, 1, 29, 14], [0, 27, 23, 18], [4, 12, 17, 9], [1, 25, 12, 8], [7, 28, 4, 15], [5, 12, 8, 3], [13, 12, 29, 3], [16, 15, 14, 18], [14, 2, 21, 20], [16, 23, 30, 10], [2, 19, 25, 18], [10, 3, 12, 25], [10, 29, 31, 9], [0, 9, 14, 17]]",4,1.2739742994308472,128,random,0.5,6016,4.0,124,1.3557689189910889,23,65 0 4 80,2999,0.4734818935394287,test,top_r_mean,0.0,0.0,0.0,0.125
0.0426808936312104,0.0,94,0.0,31,61.98560004122555,qasper,0.5714285714285714,0.0,0.0,0.0,1808.10245:da9c0637623885afaf023a319beee87898948fe9,mean,0.3630748112560055,0.11607542634010315,"[[25, 16, 19, 22], [21, 17, 11, 1], [16, 14, 13, 10], [4, 29, 19, 1], [2, 4, 28, 10], [20, 26, 14, 18], [29, 8, 13, 9], [5, 7, 21, 4], [12, 0, 21, 7], [13, 21, 15, 27], [14, 28, 30, 7], [20, 31, 19, 6], [1, 6, 12, 27], [16, 2, 12, 25], [0, 26, 19, 22], [17, 6, 3, 9], [4, 21, 12, 20], [27, 10, 30, 11], [30, 3, 23, 0], [13, 27, 26, 16], [25, 16, 9, 27], [6, 30, 2, 21], [28, 23, 21, 29], [25, 11, 12, 8], [30, 13, 9, 4], [8, 17, 25, 6], [6, 13, 16, 0], [5, 9, 3, 16], [26, 14, 16, 2], [4, 17, 21, 30], [2, 22, 9, 28], [11, 23, 2, 25], [30, 1, 2, 11], [9, 15, 24, 5], [27, 2, 5, 9], [12, 21, 27, 22], [3, 16, 28, 29], [26, 11, 18, 24], [25, 8, 24, 28], [4, 9, 13, 17], [16, 4, 5, 24], [4, 1, 11, 13], [22, 8, 28, 1], [8, 7, 10, 2], [11, 28, 30, 16], [7, 18, 12, 5], [13, 18, 8, 29], [20, 4, 17, 27], [13, 23, 21, 5], [2, 11, 10, 16], [20, 15, 17, 30], [3, 20, 0, 8], [2, 15, 3, 18], [4, 21, 19, 18], [19, 5, 31, 21], [29, 31, 20, 12], [23, 17, 21, 22], [7, 16, 22, 1], [6, 24, 18, 15], [25, 4, 8, 19], [26, 3, 23, 16], [24, 22, 1, 3], [9, 22, 27, 28], [20, 29, 30, 26], [16, 31, 21, 14], [31, 27, 22, 11], [4, 5, 16, 9], [11, 31, 23, 8], [28, 2, 29, 9], [20, 27, 5, 29], [7, 2, 4, 11], [19, 23, 1, 5], [7, 0, 21, 14], [16, 20, 29, 3], [30, 15, 13, 6], [0, 2, 25, 21], [6, 11, 17, 9], [20, 30, 2, 5], [11, 2, 9, 17], [6, 31, 20, 8], [6, 2, 13, 1], [3, 9, 19, 16], [31, 18, 5, 12], [22, 10, 26, 14], [26, 2, 17, 20], [27, 25, 8, 18], [13, 29, 26, 25], [6, 28, 18, 23], [5, 11, 21, 12], [23, 6, 22, 12], [9, 8, 27, 21], [29, 8, 18, 13], [8, 2, 22, 15], [18, 17, 21, 8]]",4,1.287505030632019,128,random,0.0,6016,4.0,124,1.3584405183792114,37,8 72 80 16,2999,0.502048134803772,test,top_r_mean,0.0,0.0,0.25,0.5
0.0426808936312104,0.0,94,0.0,31,61.731599969789386,qasper,0.5714285714285714,0.0,0.0,0.0,1808.10245:da9c0637623885afaf023a319beee87898948fe9,mean,0.35895676046671243,0.12469303607940674,"[[17, 21, 10, 25], [25, 14, 18, 10], [13, 7, 11, 3], [26, 2, 5, 6], [2, 9, 25, 12], [1, 10, 17, 14], [4, 24, 2, 10], [6, 10, 2, 26], [25, 13, 9, 29], [16, 0, 2, 23], [26, 16, 25, 19], [5, 11, 30, 29], [31, 20, 22, 16], [9, 8, 22, 1], [3, 5, 22, 28], [7, 27, 18, 31], [22, 19, 26, 27], [13, 30, 9, 27], [18, 4, 21, 1], [23, 4, 15, 17], [27, 6, 30, 17], [31, 0, 27, 3], [1, 13, 17, 3], [28, 5, 13, 23], [3, 16, 2, 11], [27, 15, 6, 31], [25, 11, 26, 5], [25, 23, 11, 17], [16, 4, 29, 22], [4, 3, 6, 2], [19, 14, 12, 17], [19, 23, 24, 31], [31, 4, 3, 10], [24, 2, 21, 1], [6, 4, 2, 8], [30, 21, 22, 4], [20, 30, 6, 10], [11, 12, 5, 30], [28, 26, 30, 22], [12, 11, 16, 0], [27, 3, 18, 14], [25, 21, 11, 16], [22, 17, 30, 24], [10, 5, 17, 4], [16, 12, 7, 3], [17, 1, 14, 18], [12, 3, 2, 23], [20, 14, 30, 22], [15, 30, 23, 22], [30, 1, 4, 6], [12, 23, 26, 29], [2, 4, 24, 25], [24, 14, 2, 27], [24, 12, 11, 27], [21, 18, 8, 11], [17, 20, 16, 19], [28, 21, 11, 13], [22, 25, 0, 28], [11, 12, 26, 10], [10, 6, 30, 3], [26, 31, 30, 17], [9, 16, 24, 18], [22, 5, 17, 12], [7, 15, 28, 5], [18, 15, 5, 13], [28, 6, 14, 26], [23, 20, 27, 29], [1, 16, 25, 8], [16, 28, 27, 21], [30, 20, 14, 5], [27, 30, 7, 6], [14, 21, 2, 25], [5, 4, 31, 8], [3, 22, 17, 14], [22, 16, 21, 10], [0, 25, 2, 23], [18, 15, 26, 16], [0, 27, 8, 16], [12, 6, 1, 29], [7, 12, 31, 27], [17, 13, 30, 23], [30, 20, 1, 28], [3, 23, 28, 10], [22, 5, 29, 30], [29, 8, 23, 2], [28, 1, 2, 13], [23, 31, 14, 10], [20, 3, 15, 8], [8, 5, 2, 25], [4, 18, 24, 22], [13, 22, 1, 10], [17, 22, 16, 13], [12, 2, 22, 9], [11, 10, 5, 17]]",4,1.276808500289917,128,random,0.0,6016,4.0,124,1.3518205881118774,53,38 8 79 57,2999,0.5162085294723511,test,top_r_mean,0.0,0.0,0.0,0.125
0.0426808936312104,0.0,94,0.0,31,71.79720001295209,qasper,0.5714285714285714,0.0,0.0,0.0,1808.10245:da9c0637623885afaf023a319beee87898948fe9,mean,0.3484328528940746,0.11389032751321793,"[[21, 23, 13, 18], [6, 30, 19, 3], [18, 29, 31, 8], [3, 6, 28, 11], [21, 16, 20, 22], [3, 19, 28, 4], [30, 22, 10, 1], [12, 29, 11, 31], [17, 21, 12, 0], [25, 18, 23, 10], [31, 11, 17, 3], [18, 12, 31, 29], [18, 26, 30, 4], [13, 12, 23, 0], [0, 29, 4, 6], [13, 5, 0, 21], [29, 26, 4, 10], [12, 29, 8, 26], [4, 13, 30, 19], [0, 24, 18, 5], [28, 7, 13, 9], [31, 4, 0, 28], [8, 31, 6, 2], [7, 23, 14, 30], [30, 19, 6, 4], [7, 17, 0, 13], [2, 21, 12, 14], [9, 5, 4, 18], [18, 6, 7, 0], [21, 6, 10, 29], [15, 13, 8, 3], [0, 18, 31, 17], [13, 0, 7, 30], [10, 7, 20, 13], [14, 7, 10, 11], [28, 12, 8, 3], [16, 8, 3, 30], [18, 13, 28, 4], [24, 12, 1, 20], [7, 10, 22, 0], [31, 25, 24, 4], [11, 21, 12, 8], [18, 5, 14, 4], [7, 1, 2, 13], [7, 13, 16, 1], [13, 17, 2, 11], [13, 0, 29, 20], [19, 4, 30, 31], [28, 10, 5, 17], [7, 24, 10, 16], [10, 6, 20, 15], [31, 20, 21, 0], [19, 13, 18, 30], [21, 6, 1, 11], [2, 5, 18, 27], [3, 19, 5, 7], [30, 7, 28, 17], [28, 23, 31, 19], [20, 12, 26, 18], [30, 26, 15, 16], [13, 19, 21, 7], [15, 21, 19, 10], [3, 2, 7, 25], [28, 12, 13, 8], [28, 13, 9, 18], [31, 2, 11, 10], [13, 4, 9, 14], [2, 24, 29, 8], [30, 26, 7, 19], [3, 24, 26, 21], [17, 1, 20, 14], [19, 26, 18, 2], [4, 12, 17, 1], [20, 13, 4, 3], [14, 19, 6, 5], [8, 21, 4, 20], [18, 28, 11, 21], [16, 20, 21, 0], [27, 23, 21, 24], [5, 6, 7, 22], [27, 19, 2, 5], [18, 6, 25, 19], [21, 3, 20, 0], [9, 3, 25, 5], [12, 25, 6, 27], [21, 15, 25, 20], [24, 22, 5, 7], [9, 11, 2, 12], [28, 0, 1, 13], [3, 2, 20, 4], [23, 5, 29, 10], [23, 19, 3, 30], [26, 9, 15, 28], [0, 5, 19, 18]]",4,1.2728612422943115,128,random,0.0,6016,4.0,124,1.3463859558105469,71,88 32 8 53,2999,0.48755550384521484,test,top_r_mean,0.0,0.0,0.25,0.375
0.0426808936312104,0.0,94,0.0,31,68.05170001462102,qasper,0.5714285714285714,0.0,0.0,0.0,1808.10245:da9c0637623885afaf023a319beee87898948fe9,mean,0.3548387096774194,0.12976619601249695,"[[24, 25, 26, 27, 28, 29, 30, 31], [24, 25, 26, 27, 28, 29, 30, 31], [24, 25, 26, 27, 28, 29, 30, 31], [24, 25, 26, 27, 28, 29, 30, 31], [24, 25, 26, 27, 28, 29, 30, 31], [24, 25, 26, 27, 28, 29, 30, 31], [24, 25, 26, 27, 28, 29, 30, 31], [24, 25, 26, 27, 28, 29, 30, 31], [24, 25, 26, 27, 28, 29, 30, 31], [24, 25, 26, 27, 28, 29, 30, 31], [24, 25, 26, 27, 28, 29, 30, 31], [24, 25, 26, 27, 28, 29, 30, 31], [24, 25, 26, 27, 28, 29, 30, 31], [24, 25, 26, 27, 28, 29, 30, 31], [24, 25, 26, 27, 28, 29, 30, 31], [24, 25, 26, 27, 28, 29, 30, 31], [24, 25, 26, 27, 28, 29, 30, 31], [24, 25, 26, 27, 28, 29, 30, 31], [24, 25, 26, 27, 28, 29, 30, 31], [24, 25, 26, 27, 28, 29, 30, 31], [24, 25, 26, 27, 28, 29, 30, 31], [24, 25, 26, 27, 28, 29, 30, 31], [24, 25, 26, 27, 28, 29, 30, 31], [24, 25, 26, 27, 28, 29, 30, 31], [24, 25, 26, 27, 28, 29, 30, 31], [24, 25, 26, 27, 28, 29, 30, 31], [24, 25, 26, 27, 28, 29, 30, 31], [24, 25, 26, 27, 28, 29, 30, 31], [24, 25, 26, 27, 28, 29, 30, 31], [24, 25, 26, 27, 28, 29, 30, 31], [24, 25, 26, 27, 28, 29, 30, 31], [24, 25, 26, 27, 28, 29, 30, 31], [24, 25, 26, 27, 28, 29, 30, 31], [24, 25, 26, 27, 28, 29, 30, 31], [24, 25, 26, 27, 28, 29, 30, 31], [24, 25, 26, 27, 28, 29, 30, 31], [24, 25, 26, 27, 28, 29, 30, 31], [24, 25, 26, 27, 28, 29, 30, 31], [24, 25, 26, 27, 28, 29, 30, 31], [24, 25, 26, 27, 28, 29, 30, 31], [24, 25, 26, 27, 28, 29, 30, 31], [24, 25, 26, 27, 28, 29, 30, 31], [24, 25, 26, 27, 28, 29, 30, 31], [24, 25, 26, 27, 28, 29, 30, 31], [24, 25, 26, 27, 28, 29, 30, 31], [24, 25, 26, 27, 28, 29, 30, 31], [24, 25, 26, 27, 28, 29, 30, 31], [24, 25, 26, 27, 28, 29, 30, 31], [24, 25, 26, 27, 28, 29, 30, 31], [24, 25, 26, 27, 28, 29, 30, 31], [24, 25, 26, 27, 28, 29, 30, 31], [24, 25, 26, 27, 28, 29, 30, 31], [24, 25, 26, 27, 28, 29, 30, 31], [24, 25, 26, 27, 28, 29, 30, 31], [24, 25, 26, 27, 28, 29, 30, 31], [24, 25, 26, 27, 28, 29, 30, 31], [24, 25, 26, 27, 28, 29, 30, 31], [24, 25, 26, 27, 28, 29, 30, 31], [24, 25, 26, 27, 28, 29, 30, 31], [24, 25, 26, 27, 28, 29, 30, 31], [24, 25, 26, 27, 28, 29, 30, 31], [24, 25, 26, 27, 28, 29, 30, 31], [24, 25, 26, 27, 28, 29, 30, 31], [24, 25, 26, 27, 28, 29, 30, 31], [24, 25, 26, 27, 28, 29, 30, 31], [24, 25, 26, 27, 28, 29, 30, 31], [24, 25, 26, 27, 28, 29, 30, 31], [24, 25, 26, 27, 28, 29, 30, 31], [24, 25, 26, 27, 28, 29, 30, 31], [24, 25, 26, 27, 28, 29, 30, 31], [24, 25, 26, 27, 28, 29, 30, 31], [24, 25, 26, 27, 28, 29, 30, 31], [24, 25, 26, 27, 28, 29, 30, 31], [24, 25, 26, 27, 28, 29, 30, 31], [24, 25, 26, 27, 28, 29, 30, 31], [24, 25, 26, 27, 28, 29, 30, 31], [24, 25, 26, 27, 28, 29, 30, 31], [24, 25, 26, 27, 28, 29, 30, 31], [24, 25, 26, 27, 28, 29, 30, 31], [24, 25, 26, 27, 28, 29, 30, 31], [24, 25, 26, 27, 28, 29, 30, 31], [24, 25, 26, 27, 28, 29, 30, 31], [24, 25, 26, 27, 28, 29, 30, 31], [24, 25, 26, 27, 28, 29, 30, 31], [24, 25, 26, 27, 28, 29, 30, 31], [24, 25, 26, 27, 28, 29, 30, 31], [24, 25, 26, 27, 28, 29, 30, 31], [24, 25, 26, 27, 28, 29, 30, 31], [24, 25, 26, 27, 28, 29, 30, 31], [24, 25, 26, 27, 28, 29, 30, 31], [24, 25, 26, 27, 28, 29, 30, 31], [24, 25, 26, 27, 28, 29, 30, 31], [24, 25, 26, 27, 28, 29, 30, 31], [15, 16, 17, 18, 19, 20, 21, 22]]",8,0.8104715347290039,128,last,0.0,12032,4.0,124,0.9192118048667908,0,29 38 65 13,2999,0.4906187653541565,test,top_r_mean,0.0,0.0,0.0,0.25
0.0426808936312104,0.0,94,0.0,31,65.06039993837476,qasper,0.5714285714285714,0.0,0.0,0.0,1808.10245:da9c0637623885afaf023a319beee87898948fe9,mean,0.6234271333790895,0.02729310654103756,"[[13, 0, 26, 25, 24, 28, 20, 11], [24, 17, 1, 9, 5, 11, 28, 15], [6, 26, 20, 15, 12, 11, 10, 25], [2, 11, 4, 30, 23, 1, 14, 3], [8, 28, 7, 17, 26, 5, 3, 13], [12, 3, 29, 23, 16, 0, 18, 26], [8, 23, 14, 30, 29, 21, 12, 27], [1, 23, 11, 12, 31, 18, 27, 7], [6, 0, 17, 25, 28, 23, 1, 19], [21, 9, 30, 28, 7, 8, 27, 11], [25, 3, 16, 28, 13, 8, 27, 4], [29, 2, 21, 13, 18, 0, 3, 14], [25, 18, 4, 13, 8, 1, 31, 24], [4, 3, 14, 25, 2, 23, 29, 18], [3, 23, 14, 27, 19, 15, 29, 6], [8, 28, 3, 19, 10, 26, 24, 16], [9, 0, 2, 24, 6, 18, 20, 26], [17, 22, 0, 14, 6, 2, 28, 24], [18, 0, 15, 30, 10, 7, 31, 9], [24, 29, 14, 31, 25, 16, 0, 30], [15, 5, 21, 12, 6, 20, 8, 4], [12, 22, 23, 21, 20, 2, 11, 26], [12, 31, 15, 6, 30, 23, 18, 26], [23, 11, 9, 17, 0, 31, 26, 1], [30, 0, 9, 27, 18, 2, 22, 10], [17, 2, 29, 6, 30, 0, 16, 23], [26, 21, 25, 3, 8, 6, 11, 27], [9, 26, 3, 28, 20, 5, 0, 8], [19, 9, 28, 10, 2, 31, 7, 20], [8, 26, 20, 0, 4, 12, 24, 23], [23, 13, 28, 9, 21, 31, 26, 12], [28, 22, 21, 19, 30, 6, 8, 1], [20, 0, 18, 4, 6, 26, 2, 27], [14, 28, 20, 22, 27, 5, 25, 19], [8, 24, 6, 15, 25, 19, 29, 5], [5, 21, 25, 7, 1, 31, 27, 17], [14, 10, 28, 0, 25, 3, 5, 18], [19, 28, 9, 0, 23, 20, 26, 8], [6, 14, 1, 12, 10, 0, 31, 26], [0, 4, 30, 6, 15, 27, 1, 21], [8, 0, 11, 4, 1, 27, 18, 25], [27, 16, 9, 20, 24, 4, 15, 31], [15, 7, 21, 12, 22, 1, 6, 4], [17, 22, 7, 3, 6, 4, 21, 1], [5, 16, 30, 15, 19, 7, 17, 14], [20, 10, 29, 19, 31, 16, 24, 7], [1, 7, 10, 26, 12, 22, 17, 24], [7, 15, 19, 5, 14, 29, 1, 23], [21, 0, 14, 19, 24, 13, 10, 4], [12, 21, 25, 23, 27, 18, 20, 24], [22, 13, 3, 28, 27, 10, 23, 2], [12, 24, 30, 31, 22, 7, 29, 28], [21, 15, 30, 31, 25, 14, 20, 19], [21, 18, 8, 30, 3, 24, 7, 26], [12, 5, 25, 6, 30, 3, 10, 27], [6, 20, 30, 24, 19, 23, 29, 31], [12, 0, 27, 31, 21, 17, 1, 23], [12, 15, 3, 31, 4, 8, 11, 30], [9, 6, 31, 17, 2, 21, 23, 15], [11, 29, 4, 12, 25, 6, 28, 30], [23, 20, 18, 0, 2, 11, 5, 15], [19, 21, 18, 31, 20, 6, 15, 16], [4, 22, 28, 5, 27, 10, 16, 31], [13, 15, 20, 23, 0, 5, 31, 4], [13, 0, 28, 5, 31, 10, 30, 1], [0, 13, 22, 29, 28, 9, 6, 12], [20, 14, 13, 28, 12, 19, 1, 16], [24, 21, 17, 14, 5, 1, 30, 27], [20, 15, 12, 14, 28, 31, 18, 11], [15, 18, 6, 28, 10, 24, 4, 14], [9, 3, 19, 17, 15, 24, 27, 1], [11, 29, 16, 6, 26, 20, 28, 23], [16, 0, 8, 20, 29, 27, 21, 4], [18, 30, 15, 4, 31, 13, 2, 25], [21, 3, 24, 6, 2, 30, 31, 10], [30, 21, 24, 13, 15, 29, 27, 14], [27, 14, 31, 13, 23, 2, 19, 8], [20, 15, 11, 9, 18, 1, 17, 8], [18, 26, 15, 30, 10, 25, 9, 13], [21, 6, 3, 11, 1, 9, 10, 15], [20, 0, 15, 21, 11, 16, 4, 2], [6, 1, 21, 31, 28, 26, 7, 20], [20, 1, 3, 7, 0, 19, 30, 9], [16, 28, 31, 7, 4, 29, 11, 2], [16, 31, 10, 0, 26, 11, 30, 12], [6, 25, 30, 3, 23, 5, 13, 26], [3, 27, 8, 19, 30, 9, 31, 17], [2, 31, 24, 21, 18, 28, 19, 17], [1, 0, 14, 26, 21, 12, 20, 24], [22, 27, 28, 30, 11, 7, 26, 31], [14, 21, 27, 9, 6, 31, 26, 29], [4, 22, 18, 21, 9, 0, 19, 29], [20, 31, 26, 7, 27, 13, 5, 23], [18, 9, 12, 2, 14, 8, 7, 0]]",8,0.7405662536621094,128,farthest,0.0,12032,4.0,124,0.7818741202354431,0,64 8 88 16,2999,0.7861070036888123,test,top_r_mean,0.0,0.5,0.75,0.75
0.0426808936312104,0.0,94,0.0,31,66.27289997413754,qasper,0.5714285714285714,0.0,0.0,0.0,1808.10245:da9c0637623885afaf023a319beee87898948fe9,mean,0.8956760466712422,0.00114334374666214,"[[1, 0, 12, 2, 13, 29, 3, 22], [20, 3, 4, 22, 30, 24, 11, 0], [5, 7, 6, 0, 8, 24, 12, 25], [14, 2, 15, 16, 9, 0, 29, 17], [5, 6, 19, 8, 26, 7, 16, 9], [6, 20, 21, 27, 7, 22, 25, 10], [14, 15, 16, 31, 17, 20, 3, 18], [0, 18, 20, 19, 31, 29, 2, 21], [9, 0, 23, 12, 25, 13, 16, 26], [28, 6, 2, 31, 3, 14, 29, 15], [0, 7, 12, 11, 2, 4, 5, 27], [2, 7, 25, 6, 8, 4, 26, 23], [5, 12, 22, 19, 7, 17, 6, 31], [25, 26, 27, 31, 28, 29, 30, 23], [18, 17, 22, 0, 4, 21, 31, 2], [2, 23, 0, 19, 1, 27, 31, 24], [10, 0, 12, 11, 13, 5, 22, 21], [4, 2, 5, 7, 20, 1, 6, 14], [2, 17, 18, 3, 7, 5, 31, 25], [2, 3, 13, 6, 4, 16, 20, 5], [30, 2, 23, 29, 3, 7, 31, 20], [1, 15, 5, 30, 18, 4, 3, 8], [10, 12, 29, 25, 11, 17, 18, 13], [2, 14, 13, 30, 1, 20, 3, 19], [13, 0, 30, 4, 16, 18, 7, 3], [13, 15, 14, 17, 22, 25, 31, 9], [8, 9, 20, 19, 22, 2, 10, 5], [19, 7, 24, 13, 4, 17, 16, 10], [6, 1, 2, 11, 16, 3, 24, 21], [25, 24, 27, 28, 26, 1, 30, 16], [21, 10, 23, 22, 15, 24, 13, 31], [8, 12, 4, 27, 28, 17, 7, 29], [10, 0, 17, 13, 11, 1, 9, 15], [9, 26, 18, 10, 16, 12, 11, 15], [1, 31, 8, 11, 2, 14, 5, 3], [2, 3, 23, 5, 17, 24, 18, 19], [26, 31, 24, 5, 27, 12, 20, 30], [14, 16, 10, 1, 18, 2, 6, 12], [26, 28, 27, 30, 20, 8, 31, 29], [0, 13, 14, 11, 19, 18, 12, 10], [16, 0, 8, 15, 3, 21, 17, 22], [12, 13, 0, 21, 27, 20, 14, 26], [4, 16, 15, 23, 5, 8, 17, 20], [4, 17, 16, 18, 14, 13, 20, 15], [16, 21, 17, 31, 20, 3, 14, 13], [18, 21, 22, 20, 23, 5, 25, 3], [20, 19, 21, 2, 15, 16, 25, 4], [17, 18, 7, 22, 8, 14, 21, 28], [9, 0, 5, 1, 7, 4, 2, 8], [9, 12, 1, 10, 2, 16, 15, 17], [28, 29, 31, 30, 0, 9, 3, 19], [28, 6, 5, 3, 23, 9, 1, 31], [31, 14, 0, 17, 11, 29, 15, 5], [7, 11, 1, 20, 6, 3, 22, 23], [6, 28, 29, 9, 1, 12, 4, 14], [24, 0, 26, 25, 27, 2, 12, 28], [19, 0, 10, 7, 22, 20, 26, 4], [6, 28, 25, 10, 13, 1, 31, 0], [27, 10, 11, 30, 28, 0, 31, 3], [29, 9, 3, 2, 12, 1, 25, 23], [21, 23, 4, 1, 24, 0, 18, 22], [14, 16, 17, 7, 12, 29, 18, 20], [19, 2, 25, 7, 26, 9, 8, 20], [22, 1, 28, 3, 25, 8, 7, 23], [30, 0, 4, 31, 17, 19, 18, 21], [9, 0, 30, 1, 15, 11, 6, 26], [18, 29, 0, 19, 20, 5, 1, 2], [3, 8, 4, 26, 13, 25, 29, 10], [8, 31, 2, 23, 17, 3, 7, 30], [11, 9, 15, 8, 2, 16, 10, 31], [22, 23, 27, 28, 18, 24, 29, 17], [6, 7, 8, 9, 3, 2, 11, 0], [27, 0, 7, 1, 9, 2, 30, 8], [23, 3, 5, 9, 29, 18, 6, 4], [6, 10, 11, 7, 2, 15, 12, 16], [21, 22, 1, 6, 27, 12, 26, 11], [18, 4, 22, 1, 12, 5, 21, 20], [9, 14, 10, 17, 25, 11, 22, 20], [21, 9, 29, 0, 1, 25, 12, 15], [7, 8, 30, 10, 9, 12, 14, 22], [1, 0, 2, 14, 3, 19, 8, 13], [5, 6, 25, 10, 0, 8, 9, 12], [6, 28, 11, 29, 16, 13, 7, 30], [31, 20, 13, 15, 14, 21, 1, 4], [1, 13, 2, 15, 8, 22, 14, 3], [11, 10, 21, 20, 17, 22, 12, 16], [22, 13, 24, 23, 12, 5, 26, 2], [19, 25, 22, 21, 23, 26, 3, 24], [19, 0, 1, 23, 29, 4, 12, 10], [27, 31, 8, 9, 5, 13, 2, 29], [20, 19, 0, 18, 21, 25, 23, 1], [12, 3, 4, 13, 2, 11, 5, 8], [0, 31, 1, 4, 16, 2, 29, 24], [5, 22, 15, 0, 16, 19, 1, 11]]",8,0.1319960504770279,128,greedy_oracle,0.0,12032,4.0,124,0.14087535440921783,0,16 64 56 8,2999,0.979496419429779,test,top_r_mean,1.0,1.0,0.75,1.0
0.0426808936312104,0.0,94,0.0,31,74.33839980512857,qasper,0.5714285714285714,0.0,0.0,0.0,1808.10245:da9c0637623885afaf023a319beee87898948fe9,mean,0.5566231983527797,0.0583350695669651,"[[9, 29, 31, 23, 2, 4, 5, 12], [29, 15, 16, 12, 11, 0, 17, 25], [10, 17, 12, 1, 16, 21, 6, 7], [29, 10, 27, 31, 30, 28, 5, 12], [29, 21, 25, 1, 4, 27, 22, 7], [3, 8, 18, 21, 23, 0, 27, 25], [13, 6, 12, 31, 2, 4, 21, 22], [5, 8, 10, 12, 16, 26, 9, 1], [6, 15, 28, 25, 1, 22, 8, 17], [22, 5, 27, 8, 23, 10, 11, 4], [27, 26, 5, 3, 8, 17, 22, 24], [27, 1, 30, 8, 6, 5, 25, 10], [23, 10, 1, 21, 19, 14, 16, 20], [24, 22, 8, 5, 10, 16, 1, 0], [26, 8, 18, 1, 0, 20, 22, 19], [23, 14, 12, 0, 18, 28, 4, 26], [13, 1, 23, 19, 4, 14, 30, 16], [1, 7, 30, 22, 3, 19, 29, 11], [12, 2, 4, 31, 9, 18, 20, 22], [25, 11, 30, 23, 10, 22, 26, 2], [14, 21, 5, 9, 18, 22, 16, 26], [12, 11, 2, 28, 30, 25, 0, 18], [2, 3, 26, 14, 9, 7, 25, 29], [31, 9, 1, 17, 5, 20, 0, 16], [17, 19, 1, 24, 21, 16, 27, 31], [5, 18, 6, 10, 7, 8, 17, 28], [27, 9, 13, 26, 30, 28, 3, 16], [7, 21, 4, 5, 27, 22, 9, 20], [22, 5, 18, 4, 11, 25, 16, 24], [10, 13, 21, 8, 31, 14, 29, 16], [7, 17, 19, 18, 21, 3, 27, 5], [3, 22, 20, 14, 6, 0, 25, 17], [31, 20, 9, 12, 7, 0, 18, 29], [5, 16, 17, 6, 22, 8, 12, 19], [22, 30, 12, 23, 17, 24, 29, 28], [27, 24, 8, 6, 18, 11, 10, 23], [16, 18, 21, 31, 26, 5, 9, 28], [21, 8, 0, 27, 15, 29, 11, 2], [2, 15, 20, 8, 24, 4, 10, 26], [26, 7, 22, 5, 4, 11, 13, 31], [31, 20, 1, 18, 3, 24, 0, 19], [0, 6, 29, 30, 23, 14, 8, 7], [6, 30, 28, 25, 7, 26, 1, 9], [6, 15, 29, 7, 28, 13, 2, 0], [17, 23, 18, 6, 19, 4, 0, 25], [13, 23, 1, 8, 0, 20, 12, 17], [8, 30, 20, 17, 10, 31, 29, 23], [1, 2, 19, 30, 16, 7, 17, 13], [6, 4, 19, 20, 18, 24, 15, 31], [8, 21, 14, 0, 9, 26, 20, 5], [16, 12, 24, 27, 4, 17, 6, 31], [3, 28, 1, 7, 8, 22, 13, 20], [27, 13, 25, 15, 31, 6, 16, 14], [2, 18, 26, 15, 17, 19, 31, 10], [31, 29, 12, 23, 27, 9, 16, 8], [16, 15, 26, 20, 22, 28, 9, 25], [19, 21, 26, 25, 27, 28, 23, 0], [27, 11, 3, 7, 14, 25, 16, 2], [20, 23, 9, 27, 17, 31, 8, 18], [18, 25, 11, 7, 1, 13, 29, 6], [1, 28, 2, 14, 27, 25, 31, 6], [24, 3, 31, 0, 19, 9, 4, 11], [29, 12, 7, 13, 31, 23, 27, 4], [26, 18, 12, 21, 15, 3, 7, 13], [10, 0, 22, 5, 18, 12, 27, 25], [6, 24, 1, 27, 17, 11, 22, 26], [31, 5, 1, 24, 15, 29, 14, 6], [19, 25, 3, 11, 9, 22, 27, 23], [5, 1, 25, 18, 28, 13, 26, 27], [29, 3, 5, 19, 17, 23, 22, 25], [0, 29, 14, 8, 9, 31, 28, 18], [9, 18, 20, 27, 30, 5, 28, 12], [14, 0, 21, 25, 16, 24, 17, 15], [29, 3, 2, 15, 16, 17, 6, 5], [6, 8, 27, 9, 31, 21, 26, 11], [26, 19, 15, 30, 13, 17, 2, 22], [6, 27, 17, 30, 24, 14, 16, 26], [16, 17, 4, 13, 3, 15, 31, 22], [25, 8, 19, 28, 22, 2, 21, 10], [22, 11, 13, 24, 10, 17, 16, 12], [20, 18, 17, 21, 24, 28, 19, 11], [13, 27, 3, 25, 28, 9, 4, 23], [0, 20, 28, 7, 27, 26, 21, 13], [12, 18, 27, 2, 16, 13, 19, 22], [13, 18, 30, 6, 20, 5, 19, 8], [6, 11, 30, 14, 29, 16, 7, 27], [10, 23, 21, 11, 15, 7, 1, 3], [14, 17, 28, 30, 16, 12, 7, 18], [25, 31, 2, 4, 9, 16, 21, 30], [28, 20, 31, 11, 18, 9, 25, 8], [19, 5, 6, 30, 22, 2, 8, 28], [13, 25, 3, 20, 21, 23, 27, 31], [14, 15, 3, 5, 17, 16, 11, 13], [4, 11, 19, 2, 1, 14, 21, 20]]",8,0.6851546168327332,128,random,0.0,12032,4.0,124,0.7405923008918762,11,56 40 64 32,2999,0.7410685420036316,test,top_r_mean,0.0,0.0,0.5,0.5
0.0426808936312104,0.0,94,0.0,31,66.07160018756986,qasper,0.5714285714285714,0.0,0.0,0.0,1808.10245:da9c0637623885afaf023a319beee87898948fe9,mean,0.5213909860443834,0.09005016088485718,"[[3, 2, 1, 18, 10, 4, 11, 30], [23, 29, 12, 11, 5, 13, 8, 22], [15, 20, 18, 12, 16, 2, 9, 0], [0, 7, 19, 2, 18, 15, 8, 3], [19, 21, 18, 9, 24, 29, 30, 16], [15, 30, 29, 21, 6, 20, 26, 17], [8, 20, 5, 0, 18, 26, 31, 2], [28, 15, 26, 20, 13, 4, 16, 7], [18, 16, 14, 13, 29, 8, 3, 0], [20, 12, 1, 10, 11, 3, 5, 6], [22, 21, 24, 12, 28, 14, 13, 29], [28, 25, 15, 21, 31, 3, 29, 0], [6, 15, 5, 23, 24, 10, 4, 8], [10, 5, 3, 9, 17, 19, 24, 6], [26, 20, 16, 0, 24, 28, 9, 27], [15, 30, 23, 21, 29, 12, 10, 11], [27, 29, 17, 31, 20, 30, 8, 2], [17, 9, 12, 3, 21, 4, 27, 23], [17, 15, 12, 4, 5, 3, 2, 30], [28, 22, 21, 29, 1, 16, 3, 2], [4, 25, 30, 22, 26, 8, 21, 23], [20, 30, 29, 24, 14, 13, 3, 6], [2, 15, 5, 8, 3, 7, 9, 20], [1, 15, 25, 29, 26, 4, 31, 12], [12, 4, 8, 31, 15, 3, 29, 26], [7, 5, 12, 17, 2, 14, 16, 26], [18, 29, 0, 8, 28, 2, 17, 27], [21, 11, 30, 2, 27, 18, 16, 19], [26, 12, 25, 9, 31, 28, 14, 3], [8, 28, 10, 31, 5, 22, 27, 19], [14, 0, 21, 31, 7, 12, 6, 26], [8, 10, 3, 17, 0, 20, 24, 14], [5, 16, 26, 15, 6, 7, 28, 22], [23, 16, 28, 3, 29, 2, 13, 21], [13, 23, 19, 21, 7, 5, 25, 16], [23, 2, 31, 21, 18, 26, 12, 24], [20, 18, 31, 24, 13, 1, 0, 19], [3, 14, 30, 13, 10, 0, 17, 8], [22, 30, 18, 7, 21, 24, 0, 31], [19, 13, 7, 24, 28, 17, 5, 9], [22, 8, 2, 27, 12, 5, 23, 17], [20, 7, 1, 0, 2, 31, 11, 25], [24, 2, 30, 7, 18, 6, 0, 25], [13, 30, 27, 28, 6, 25, 12, 15], [3, 6, 27, 25, 8, 22, 29, 13], [28, 27, 18, 12, 4, 7, 10, 1], [15, 19, 0, 5, 12, 7, 27, 30], [9, 3, 30, 14, 1, 7, 2, 6], [15, 5, 23, 22, 20, 27, 13, 8], [17, 29, 20, 13, 1, 30, 16, 2], [8, 9, 29, 21, 5, 12, 15, 1], [0, 19, 5, 20, 16, 8, 17, 25], [24, 29, 0, 25, 26, 31, 20, 18], [5, 22, 8, 13, 11, 7, 4, 21], [21, 12, 4, 13, 17, 8, 26, 0], [4, 5, 22, 30, 28, 14, 24, 12], [21, 18, 5, 30, 6, 25, 28, 29], [13, 24, 30, 0, 22, 3, 7, 8], [30, 11, 0, 6, 3, 14, 25, 18], [17, 21, 11, 28, 5, 19, 23, 27], [16, 0, 14, 27, 31, 15, 11, 23], [21, 18, 27, 11, 8, 3, 31, 1], [22, 4, 10, 16, 31, 26, 7, 27], [3, 17, 19, 11, 10, 20, 7, 14], [28, 4, 10, 31, 18, 26, 12, 3], [26, 11, 30, 24, 27, 23, 31, 28], [4, 9, 20, 15, 3, 12, 18, 21], [16, 13, 30, 22, 10, 6, 0, 20], [4, 7, 9, 14, 5, 24, 2, 25], [28, 16, 30, 17, 10, 12, 29, 3], [14, 10, 2, 8, 22, 13, 24, 21], [20, 21, 4, 26, 11, 8, 15, 24], [26, 23, 28, 12, 18, 0, 5, 9], [29, 30, 21, 19, 26, 24, 20, 10], [15, 6, 21, 3, 12, 2, 23, 1], [14, 19, 31, 0, 30, 11, 23, 7], [31, 1, 25, 3, 5, 11, 14, 16], [0, 5, 26, 14, 6, 30, 2, 21], [9, 26, 18, 25, 14, 29, 27, 16], [13, 9, 10, 21, 7, 4, 22, 15], [5, 1, 29, 14, 25, 16, 2, 20], [0, 27, 23, 18, 16, 21, 29, 24], [4, 12, 17, 9, 24, 19, 10, 22], [1, 25, 12, 8, 9, 26, 6, 11], [7, 28, 4, 15, 25, 27, 17, 12], [5, 12, 8, 3, 18, 22, 30, 23], [13, 12, 29, 3, 0, 10, 23, 28], [16, 15, 14, 18, 0, 11, 6, 29], [14, 2, 21, 20, 13, 4, 18, 19], [16, 23, 30, 10, 17, 3, 28, 29], [2, 19, 25, 18, 23, 14, 31, 28], [10, 3, 12, 25, 17, 1, 16, 30], [10, 29, 31, 9, 2, 23, 16, 28], [0, 9, 14, 17, 15, 6, 5, 19]]",8,0.7045647501945496,128,random,0.0,12032,4.0,124,0.7838892936706543,23,8 72 65 80,2999,0.6855831742286682,test,top_r_mean,0.0,0.0,0.0,0.25
0.0426808936312104,0.0,94,0.0,31,69.72800008952618,qasper,0.5714285714285714,0.0,0.0,0.0,1808.10245:da9c0637623885afaf023a319beee87898948fe9,mean,0.5982612674445207,0.06995223462581635,"[[25, 16, 19, 22, 11, 3, 15, 1], [21, 17, 11, 1, 25, 27, 4, 6], [16, 14, 13, 10, 9, 18, 6, 21], [4, 29, 19, 1, 11, 18, 6, 12], [2, 4, 28, 10, 14, 18, 9, 15], [20, 26, 14, 18, 24, 9, 16, 28], [29, 8, 13, 9, 3, 0, 30, 11], [5, 7, 21, 4, 23, 26, 16, 20], [12, 0, 21, 7, 3, 11, 5, 13], [13, 21, 15, 27, 16, 31, 28, 4], [14, 28, 30, 7, 12, 25, 6, 27], [20, 31, 19, 6, 28, 5, 9, 7], [1, 6, 12, 27, 14, 8, 5, 10], [16, 2, 12, 25, 14, 21, 13, 28], [0, 26, 19, 22, 29, 16, 10, 20], [17, 6, 3, 9, 1, 24, 16, 14], [4, 21, 12, 20, 8, 25, 13, 30], [27, 10, 30, 11, 9, 25, 17, 3], [30, 3, 23, 0, 7, 10, 27, 18], [13, 27, 26, 16, 22, 7, 6, 30], [25, 16, 9, 27, 30, 20, 15, 24], [6, 30, 2, 21, 26, 27, 13, 22], [28, 23, 21, 29, 3, 18, 19, 30], [25, 11, 12, 8, 4, 19, 23, 3], [30, 13, 9, 4, 25, 1, 3, 10], [8, 17, 25, 6, 0, 9, 14, 2], [6, 13, 16, 0, 27, 22, 21, 11], [5, 9, 3, 16, 22, 13, 12, 29], [26, 14, 16, 2, 11, 17, 13, 5], [4, 17, 21, 30, 5, 29, 0, 25], [2, 22, 9, 28, 10, 11, 5, 20], [11, 23, 2, 25, 9, 24, 28, 29], [30, 1, 2, 11, 20, 13, 10, 5], [9, 15, 24, 5, 29, 13, 14, 28], [27, 2, 5, 9, 25, 14, 23, 31], [12, 21, 27, 22, 23, 13, 18, 30], [3, 16, 28, 29, 13, 10, 26, 9], [26, 11, 18, 24, 8, 15, 28, 16], [25, 8, 24, 28, 20, 2, 5, 14], [4, 9, 13, 17, 25, 24, 18, 31], [16, 4, 5, 24, 11, 12, 28, 7], [4, 1, 11, 13, 5, 2, 23, 3], [22, 8, 28, 1, 20, 3, 11, 21], [8, 7, 10, 2, 28, 19, 3, 12], [11, 28, 30, 16, 9, 23, 17, 5], [7, 18, 12, 5, 11, 14, 20, 27], [13, 18, 8, 29, 3, 12, 22, 17], [20, 4, 17, 27, 30, 5, 19, 8], [13, 23, 21, 5, 28, 31, 30, 27], [2, 11, 10, 16, 12, 6, 21, 1], [20, 15, 17, 30, 19, 16, 6, 2], [3, 20, 0, 8, 4, 21, 12, 16], [2, 15, 3, 18, 11, 22, 5, 19], [4, 21, 19, 18, 27, 2, 0, 7], [19, 5, 31, 21, 1, 0, 20, 8], [29, 31, 20, 12, 14, 3, 11, 5], [23, 17, 21, 22, 20, 14, 25, 26], [7, 16, 22, 1, 18, 19, 15, 17], [6, 24, 18, 15, 1, 21, 13, 10], [25, 4, 8, 19, 14, 6, 15, 26], [26, 3, 23, 16, 12, 20, 22, 6], [24, 22, 1, 3, 20, 7, 28, 5], [9, 22, 27, 28, 3, 13, 26, 17], [20, 29, 30, 26, 14, 15, 17, 23], [16, 31, 21, 14, 8, 17, 3, 27], [31, 27, 22, 11, 9, 4, 2, 10], [4, 5, 16, 9, 29, 11, 13, 18], [11, 31, 23, 8, 21, 17, 24, 14], [28, 2, 29, 9, 26, 12, 21, 15], [20, 27, 5, 29, 10, 19, 12, 30], [7, 2, 4, 11, 16, 10, 17, 12], [19, 23, 1, 5, 7, 29, 18, 0], [7, 0, 21, 14, 3, 26, 30, 16], [16, 20, 29, 3, 31, 17, 10, 11], [30, 15, 13, 6, 27, 10, 31, 2], [0, 2, 25, 21, 16, 19, 12, 3], [6, 11, 17, 9, 8, 16, 4, 7], [20, 30, 2, 5, 15, 27, 11, 17], [11, 2, 9, 17, 16, 5, 8, 18], [6, 31, 20, 8, 29, 5, 12, 3], [6, 2, 13, 1, 12, 31, 0, 21], [3, 9, 19, 16, 27, 0, 31, 7], [31, 18, 5, 12, 10, 24, 17, 7], [22, 10, 26, 14, 13, 11, 1, 6], [26, 2, 17, 20, 14, 29, 0, 18], [27, 25, 8, 18, 9, 11, 7, 0], [13, 29, 26, 25, 28, 31, 19, 9], [6, 28, 18, 23, 12, 19, 0, 13], [5, 11, 21, 12, 18, 23, 2, 26], [23, 6, 22, 12, 30, 21, 9, 2], [9, 8, 27, 21, 15, 24, 14, 23], [29, 8, 18, 13, 21, 7, 24, 28], [8, 2, 22, 15, 4, 1, 30, 3], [18, 17, 21, 8, 2, 0, 19, 10]]",8,0.6823203563690186,128,random,0.0,12032,4.0,124,0.7427777647972107,37,8 80 72 65,2999,0.7915687561035156,test,top_r_mean,0.0,0.0,0.0,0.5
0.0426808936312104,0.0,94,0.0,31,71.0530998185277,qasper,0.5714285714285714,0.0,0.0,0.0,1808.10245:da9c0637623885afaf023a319beee87898948fe9,mean,0.4985129261038664,0.07754816859960556,"[[17, 21, 10, 25, 31, 30, 8, 27], [25, 14, 18, 10, 6, 27, 20, 12], [13, 7, 11, 3, 2, 26, 1, 8], [26, 2, 5, 6, 30, 29, 28, 10], [2, 9, 25, 12, 16, 29, 0, 8], [1, 10, 17, 14, 19, 30, 9, 21], [4, 24, 2, 10, 6, 17, 7, 11], [6, 10, 2, 26, 22, 21, 16, 12], [25, 13, 9, 29, 23, 21, 3, 16], [16, 0, 2, 23, 5, 31, 20, 25], [26, 16, 25, 19, 14, 2, 4, 0], [5, 11, 30, 29, 21, 31, 10, 12], [31, 20, 22, 16, 24, 1, 13, 5], [9, 8, 22, 1, 24, 23, 21, 11], [3, 5, 22, 28, 30, 10, 29, 20], [7, 27, 18, 31, 6, 4, 5, 25], [22, 19, 26, 27, 15, 25, 16, 21], [13, 30, 9, 27, 10, 26, 28, 7], [18, 4, 21, 1, 7, 14, 30, 11], [23, 4, 15, 17, 28, 11, 5, 20], [27, 6, 30, 17, 23, 28, 7, 25], [31, 0, 27, 3, 9, 26, 18, 23], [1, 13, 17, 3, 0, 31, 14, 6], [28, 5, 13, 23, 20, 4, 29, 3], [3, 16, 2, 11, 22, 5, 6, 23], [27, 15, 6, 31, 14, 29, 1, 24], [25, 11, 26, 5, 17, 29, 15, 30], [25, 23, 11, 17, 27, 21, 14, 1], [16, 4, 29, 22, 2, 0, 30, 12], [4, 3, 6, 2, 30, 23, 10, 1], [19, 14, 12, 17, 11, 18, 9, 4], [19, 23, 24, 31, 29, 2, 20, 5], [31, 4, 3, 10, 1, 2, 29, 24], [24, 2, 21, 1, 12, 29, 26, 8], [6, 4, 2, 8, 24, 11, 23, 28], [30, 21, 22, 4, 14, 6, 1, 29], [20, 30, 6, 10, 1, 22, 26, 23], [11, 12, 5, 30, 13, 26, 16, 3], [28, 26, 30, 22, 18, 6, 4, 9], [12, 11, 16, 0, 21, 17, 13, 8], [27, 3, 18, 14, 16, 0, 6, 2], [25, 21, 11, 16, 0, 30, 29, 15], [22, 17, 30, 24, 9, 14, 5, 13], [10, 5, 17, 4, 19, 23, 18, 29], [16, 12, 7, 3, 22, 19, 17, 28], [17, 1, 14, 18, 9, 11, 25, 6], [12, 3, 2, 23, 30, 7, 4, 6], [20, 14, 30, 22, 8, 16, 5, 26], [15, 30, 23, 22, 31, 5, 9, 8], [30, 1, 4, 6, 0, 10, 8, 7], [12, 23, 26, 29, 7, 27, 16, 4], [2, 4, 24, 25, 31, 8, 14, 17], [24, 14, 2, 27, 23, 15, 18, 26], [24, 12, 11, 27, 10, 1, 23, 16], [21, 18, 8, 11, 3, 7, 5, 14], [17, 20, 16, 19, 29, 5, 3, 15], [28, 21, 11, 13, 17, 4, 10, 16], [22, 25, 0, 28, 15, 23, 5, 31], [11, 12, 26, 10, 17, 18, 22, 8], [10, 6, 30, 3, 9, 25, 23, 18], [26, 31, 30, 17, 0, 23, 9, 20], [9, 16, 24, 18, 27, 20, 25, 1], [22, 5, 17, 12, 9, 21, 25, 30], [7, 15, 28, 5, 20, 29, 18, 0], [18, 15, 5, 13, 9, 30, 8, 25], [28, 6, 14, 26, 18, 15, 27, 31], [23, 20, 27, 29, 25, 5, 6, 1], [1, 16, 25, 8, 20, 2, 21, 5], [16, 28, 27, 21, 25, 24, 15, 1], [30, 20, 14, 5, 13, 17, 31, 12], [27, 30, 7, 6, 23, 14, 21, 12], [14, 21, 2, 25, 4, 30, 5, 8], [5, 4, 31, 8, 14, 2, 0, 27], [3, 22, 17, 14, 16, 11, 1, 29], [22, 16, 21, 10, 0, 28, 11, 31], [0, 25, 2, 23, 12, 18, 22, 16], [18, 15, 26, 16, 29, 8, 19, 20], [0, 27, 8, 16, 13, 22, 30, 26], [12, 6, 1, 29, 3, 2, 9, 24], [7, 12, 31, 27, 28, 29, 3, 0], [17, 13, 30, 23, 18, 10, 11, 19], [30, 20, 1, 28, 0, 19, 18, 29], [3, 23, 28, 10, 8, 1, 9, 17], [22, 5, 29, 30, 26, 18, 31, 20], [29, 8, 23, 2, 31, 21, 7, 10], [28, 1, 2, 13, 15, 10, 4, 8], [23, 31, 14, 10, 7, 21, 13, 22], [20, 3, 15, 8, 7, 16, 22, 9], [8, 5, 2, 25, 0, 7, 27, 16], [4, 18, 24, 22, 20, 13, 23, 25], [13, 22, 1, 10, 20, 8, 6, 30], [17, 22, 16, 13, 19, 7, 11, 10], [12, 2, 22, 9, 30, 21, 5, 18], [11, 10, 5, 17, 1, 20, 12, 0]]",8,0.6827413439750671,128,random,0.0,12032,4.0,124,0.7555662989616394,53,72 40 88 8,2999,0.6825488209724426,test,top_r_mean,0.0,0.0,0.25,0.75
0.0426808936312104,1.0,94,1.0,31,63.815300120040774,qasper,0.5714285714285714,0.25,0.14285714285714285,0.0,1808.10245:da9c0637623885afaf023a319beee87898948fe9,mean,0.5401509951956074,0.07944311201572418,"[[21, 23, 13, 18, 15, 0, 22, 8], [6, 30, 19, 3, 10, 25, 8, 4], [18, 29, 31, 8, 16, 23, 15, 25], [3, 6, 28, 11, 25, 23, 10, 1], [21, 16, 20, 22, 25, 31, 9, 29], [3, 19, 28, 4, 12, 6, 29, 13], [30, 22, 10, 1, 3, 7, 17, 5], [12, 29, 11, 31, 22, 9, 14, 24], [17, 21, 12, 0, 5, 15, 29, 3], [25, 18, 23, 10, 21, 4, 12, 5], [31, 11, 17, 3, 1, 20, 25, 18], [18, 12, 31, 29, 13, 22, 20, 2], [18, 26, 30, 4, 5, 2, 9, 8], [13, 12, 23, 0, 18, 8, 22, 30], [0, 29, 4, 6, 1, 24, 28, 21], [13, 5, 0, 21, 18, 17, 7, 10], [29, 26, 4, 10, 31, 17, 16, 20], [12, 29, 8, 26, 30, 1, 14, 7], [4, 13, 30, 19, 5, 6, 15, 9], [0, 24, 18, 5, 6, 13, 1, 27], [28, 7, 13, 9, 14, 5, 20, 1], [31, 4, 0, 28, 16, 13, 22, 29], [8, 31, 6, 2, 27, 29, 18, 24], [7, 23, 14, 30, 20, 4, 9, 27], [30, 19, 6, 4, 21, 8, 23, 11], [7, 17, 0, 13, 9, 14, 11, 15], [2, 21, 12, 14, 15, 27, 16, 31], [9, 5, 4, 18, 8, 20, 22, 23], [18, 6, 7, 0, 20, 16, 24, 1], [21, 6, 10, 29, 19, 26, 25, 2], [15, 13, 8, 3, 29, 6, 2, 0], [0, 18, 31, 17, 12, 10, 16, 5], [13, 0, 7, 30, 25, 11, 10, 2], [10, 7, 20, 13, 22, 26, 21, 29], [14, 7, 10, 11, 13, 6, 31, 28], [28, 12, 8, 3, 2, 26, 14, 4], [16, 8, 3, 30, 13, 9, 5, 4], [18, 13, 28, 4, 23, 2, 5, 17], [24, 12, 1, 20, 6, 27, 9, 3], [7, 10, 22, 0, 3, 29, 16, 12], [31, 25, 24, 4, 20, 8, 13, 12], [11, 21, 12, 8, 22, 20, 24, 15], [18, 5, 14, 4, 13, 0, 15, 12], [7, 1, 2, 13, 9, 20, 29, 26], [7, 13, 16, 1, 4, 2, 9, 28], [13, 17, 2, 11, 29, 14, 28, 26], [13, 0, 29, 20, 14, 8, 5, 26], [19, 4, 30, 31, 13, 25, 2, 14], [28, 10, 5, 17, 4, 31, 27, 23], [7, 24, 10, 16, 14, 23, 4, 31], [10, 6, 20, 15, 29, 16, 0, 27], [31, 20, 21, 0, 29, 11, 30, 2], [19, 13, 18, 30, 8, 5, 12, 24], [21, 6, 1, 11, 30, 7, 16, 9], [2, 5, 18, 27, 17, 22, 26, 12], [3, 19, 5, 7, 20, 13, 8, 25], [30, 7, 28, 17, 8, 21, 22, 3], [28, 23, 31, 19, 11, 21, 29, 5], [20, 12, 26, 18, 28, 25, 22, 3], [30, 26, 15, 16, 10, 3, 11, 22], [13, 19, 21, 7, 5, 22, 10, 29], [15, 21, 19, 10, 14, 3, 12, 24], [3, 2, 7, 25, 5, 24, 31, 21], [28, 12, 13, 8, 0, 2, 4, 5], [28, 13, 9, 18, 3, 15, 5, 2], [31, 2, 11, 10, 26, 15, 7, 6], [13, 4, 9, 14, 30, 22, 2, 10], [2, 24, 29, 8, 14, 6, 20, 31], [30, 26, 7, 19, 5, 12, 29, 2], [3, 24, 26, 21, 22, 8, 29, 30], [17, 1, 20, 14, 28, 30, 25, 4], [19, 26, 18, 2, 14, 16, 30, 9], [4, 12, 17, 1, 23, 15, 6, 29], [20, 13, 4, 3, 9, 30, 12, 8], [14, 19, 6, 5, 15, 31, 12, 20], [8, 21, 4, 20, 13, 12, 23, 6], [18, 28, 11, 21, 22, 31, 0, 4], [16, 20, 21, 0, 26, 6, 3, 23], [27, 23, 21, 24, 12, 8, 18, 31], [5, 6, 7, 22, 8, 0, 28, 27], [27, 19, 2, 5, 10, 21, 28, 16], [18, 6, 25, 19, 9, 8, 14, 13], [21, 3, 20, 0, 30, 12, 31, 2], [9, 3, 25, 5, 10, 28, 24, 17], [12, 25, 6, 27, 19, 26, 9, 17], [21, 15, 25, 20, 3, 23, 5, 7], [24, 22, 5, 7, 19, 3, 29, 6], [9, 11, 2, 12, 14, 26, 3, 13], [28, 0, 1, 13, 24, 10, 25, 14], [3, 2, 20, 4, 12, 27, 25, 24], [23, 5, 29, 10, 0, 22, 24, 14], [23, 19, 3, 30, 16, 8, 27, 28], [26, 9, 15, 28, 5, 18, 6, 22], [0, 5, 19, 18, 6, 11, 16, 9]]",8,0.6950089335441589,128,random,0.25,12032,4.0,124,0.7664381265640259,71,8 32 88 0,2999,0.7241483926773071,test,top_r_mean,0.0,0.0,0.25,0.375
0.03673938002296211,0.0,109,0.0,31,0.039999838918447495,qasper,4.0,0.0,0.0,0.0,2001.02885:96b07373756d7854bccc3c12e8d41454ab8741f5,mean,1.0,0.0,,0,0.0,128,full_k,0.0,55743,4.0,124,0.0,0,16 8 40 88,3484,1.0,test,top_r_mean,1.0,1.0,1.0,1.0
0.03673938002296211,1.0,109,1.0,31,5.674700019881129,qasper,4.0,0.25,1.0,0.0,2001.02885:96b07373756d7854bccc3c12e8d41454ab8741f5,mean,0.6500169894665307,0.06725458800792694,,1,1.2679117918014526,128,mean,0.25,1744,4.0,124,1.3032994270324707,0,16 88 8 0,3484,0.8365581631660461,test,top_r_mean,1.0,0.5,0.75,0.75
0.03673938002296211,0.0,109,0.0,31,70.47890010289848,qasper,4.0,0.0,0.0,0.0,2001.02885:96b07373756d7854bccc3c12e8d41454ab8741f5,mean,0.2653754672103296,0.19170869886875153,"[[24], [24], [24], [24], [24], [24], [24], [24], [24], [24], [24], [24], [24], [24], [24], [24], [24], [24], [24], [24], [24], [24], [24], [24], [24], [24], [24], [24], [24], [24], [24], [24], [24], [24], [24], [24], [24], [24], [24], [24], [24], [24], [24], [24], [24], [24], [24], [24], [24], [24], [24], [24], [24], [24], [24], [24], [24], [24], [24], [24], [24], [24], [24], [24], [24], [24], [24], [24], [24], [24], [24], [24], [24], [24], [24], [24], [24], [24], [24], [24], [24], [24], [24], [24], [24], [24], [24], [24], [24], [24], [24], [24], [24], [24], [24], [24], [24], [24], [24], [24], [24], [24], [24], [24], [24], [24], [24], [24], [20]]",1,1.257802963256836,128,last,0.0,1744,4.0,124,1.401205062866211,0,97 44 5 25,3484,0.39128899574279785,test,top_r_mean,0.0,0.0,0.0,0.0
0.03673938002296211,1.0,109,1.0,31,75.28540003113449,qasper,4.0,0.25,1.0,0.0,2001.02885:96b07373756d7854bccc3c12e8d41454ab8741f5,mean,0.435949711179069,0.1311381757259369,"[[10], [17], [17], [3], [5], [5], [21], [12], [21], [25], [2], [31], [20], [8], [3], [14], [12], [14], [18], [8], [12], [4], [0], [14], [16], [8], [19], [31], [28], [31], [27], [16], [18], [29], [24], [21], [14], [16], [18], [18], [20], [19], [19], [31], [16], [18], [16], [0], [6], [22], [17], [13], [21], [28], [9], [22], [8], [28], [24], [1], [17], [10], [5], [15], [10], [4], [16], [10], [3], [1], [14], [14], [24], [18], [23], [24], [15], [10], [16], [5], [21], [12], [15], [20], [9], [0], [16], [18], [20], [9], [23], [8], [20], [23], [9], [3], [31], [24], [19], [13], [25], [12], [23], [20], [6], [24], [20], [25], [19]]",1,0.984859049320221,128,farthest,1.0,1744,4.0,124,1.0825164318084717,0,0 97 16 50,3484,0.6011583805084229,test,top_r_mean,0.0,0.0,0.25,0.375
0.03673938002296211,0.0,109,0.0,31,73.91420006752014,qasper,4.0,0.0,0.0,0.0,2001.02885:96b07373756d7854bccc3c12e8d41454ab8741f5,mean,0.6561331974176011,0.08872904628515244,"[[17], [12], [9], [12], [20], [15], [7], [13], [14], [16], [8], [0], [23], [21], [17], [0], [21], [28], [3], [23], [9], [12], [16], [29], [11], [15], [4], [5], [31], [22], [12], [14], [31], [17], [6], [2], [11], [9], [16], [31], [28], [30], [17], [7], [9], [1], [3], [23], [16], [31], [15], [20], [1], [6], [21], [1], [21], [11], [17], [31], [1], [8], [1], [25], [6], [7], [3], [31], [23], [13], [7], [31], [2], [10], [6], [3], [3], [14], [14], [14], [4], [2], [16], [16], [3], [5], [12], [26], [16], [30], [23], [27], [29], [2], [15], [30], [19], [21], [12], [19], [20], [2], [22], [10], [30], [14], [1], [28], [27]]",1,0.3192741870880127,128,greedy_oracle,0.0,1744,4.0,124,0.45343589782714844,0,8 36 98 40,3484,0.8410249352455139,test,top_r_mean,0.0,0.5,0.5,0.375
0.03673938002296211,0.0,109,0.0,31,66.74570008181036,qasper,4.0,0.0,0.0,0.0,2001.02885:96b07373756d7854bccc3c12e8d41454ab8741f5,mean,0.2854230377166157,0.19711756706237793,"[[21], [26], [20], [26], [5], [8], [11], [27], [15], [26], [10], [0], [11], [21], [8], [19], [1], [12], [26], [11], [7], [10], [25], [1], [16], [25], [27], [5], [30], [9], [1], [21], [8], [9], [26], [10], [25], [14], [20], [21], [24], [3], [25], [30], [24], [4], [9], [23], [10], [14], [6], [14], [3], [10], [3], [31], [19], [3], [18], [2], [12], [21], [8], [11], [31], [26], [24], [31], [13], [6], [8], [23], [4], [27], [30], [6], [4], [25], [29], [13], [3], [30], [29], [19], [17], [11], [4], [4], [6], [24], [29], [17], [21], [17], [17], [5], [15], [18], [1], [5], [4], [13], [22], [19], [21], [13], [31], [5], [17]]",1,1.284888505935669,128,random,0.0,1744,4.0,124,1.445988655090332,11,8 72 107 56,3484,0.41544800996780396,test,top_r_mean,0.0,0.5,0.25,0.125
0.03673938002296211,0.0,109,0.0,31,66.38299999758601,qasper,4.0,0.0,0.0,0.0,2001.02885:96b07373756d7854bccc3c12e8d41454ab8741f5,mean,0.30818892286782196,0.19137616455554962,"[[2], [28], [3], [26], [5], [20], [25], [9], [24], [31], [18], [15], [6], [31], [2], [15], [22], [5], [3], [12], [5], [7], [10], [8], [11], [11], [19], [9], [10], [18], [27], [13], [23], [8], [28], [6], [22], [25], [14], [31], [26], [20], [0], [11], [11], [21], [6], [18], [2], [25], [12], [2], [16], [10], [0], [28], [2], [23], [13], [26], [9], [19], [8], [5], [28], [27], [10], [19], [6], [24], [27], [13], [11], [7], [10], [16], [26], [13], [30], [13], [30], [30], [13], [6], [17], [6], [21], [26], [29], [0], [31], [23], [13], [21], [4], [29], [28], [15], [10], [6], [24], [11], [29], [29], [9], [26], [21], [5], [19]]",1,1.262481451034546,128,random,0.0,1744,4.0,124,1.3974298238754272,23,39 87 18 24,3484,0.456510066986084,test,top_r_mean,0.0,0.0,0.0,0.25
0.03673938002296211,0.0,109,0.0,31,59.41380001604557,qasper,4.0,0.0,0.0,0.0,2001.02885:96b07373756d7854bccc3c12e8d41454ab8741f5,mean,0.32483860006795784,0.19072742760181427,"[[23], [8], [5], [16], [31], [20], [15], [30], [14], [3], [5], [2], [26], [15], [1], [22], [23], [30], [27], [13], [4], [0], [13], [5], [19], [21], [28], [13], [18], [30], [25], [4], [9], [19], [2], [6], [5], [3], [26], [3], [4], [6], [9], [3], [3], [27], [14], [15], [29], [8], [6], [31], [7], [10], [1], [28], [6], [15], [11], [17], [28], [1], [5], [24], [12], [26], [13], [12], [15], [29], [30], [25], [3], [3], [30], [2], [6], [3], [29], [14], [19], [29], [26], [11], [26], [3], [0], [10], [15], [22], [6], [23], [23], [12], [14], [0], [3], [31], [3], [0], [23], [24], [17], [31], [6], [8], [16], [21], [13]]",1,1.3174268007278442,128,random,0.0,1744,4.0,124,1.4734362363815308,37,8 79 40 17,3484,0.4584190547466278,test,top_r_mean,0.0,0.5,0.5,0.5
0.03673938002296211,1.0,109,1.0,31,75.22749993950129,qasper,4.0,0.25,1.0,0.0,2001.02885:96b07373756d7854bccc3c12e8d41454ab8741f5,mean,0.2130479102956167,1.1471905708312988,"[[0], [6], [11], [24], [24], [9], [29], [19], [18], [19], [6], [21], [9], [30], [23], [19], [4], [20], [16], [29], [30], [4], [23], [29], [11], [8], [10], [3], [23], [14], [19], [6], [12], [13], [7], [21], [18], [1], [9], [15], [26], [3], [27], [10], [27], [22], [24], [7], [8], [6], [20], [4], [13], [18], [31], [5], [12], [25], [16], [22], [31], [12], [12], [9], [25], [25], [31], [10], [21], [30], [3], [20], [0], [1], [25], [16], [18], [29], [19], [2], [1], [16], [6], [11], [3], [27], [17], [18], [12], [8], [3], [29], [28], [22], [26], [1], [16], [31], [8], [17], [18], [1], [26], [20], [14], [30], [22], [13], [17]]",1,1.3578006029129028,128,random,0.5,1744,4.0,124,1.5464321374893188,53,72 0 24 80,3484,0.3139004409313202,test,top_r_mean,0.0,0.0,0.0,0.375
0.03673938002296211,0.0,109,0.0,31,75.10740007273853,qasper,4.0,0.0,0.0,0.0,2001.02885:96b07373756d7854bccc3c12e8d41454ab8741f5,mean,0.23717295276928305,0.2378706932067871,"[[22], [20], [1], [6], [27], [24], [25], [0], [6], [26], [18], [9], [27], [26], [14], [17], [3], [26], [19], [21], [13], [12], [6], [9], [20], [28], [10], [21], [13], [6], [21], [14], [14], [6], [30], [20], [6], [21], [30], [7], [13], [17], [2], [13], [5], [30], [17], [9], [14], [8], [0], [14], [17], [0], [17], [4], [4], [3], [5], [25], [28], [24], [16], [19], [2], [31], [0], [9], [15], [28], [1], [8], [21], [11], [15], [23], [31], [5], [15], [5], [4], [11], [9], [3], [31], [6], [10], [6], [14], [6], [19], [18], [22], [15], [21], [12], [18], [30], [1], [2], [9], [6], [27], [4], [7], [15], [17], [12], [26]]",1,1.266474962234497,128,random,0.0,1744,4.0,124,1.442110538482666,71,80 50 31 18,3484,0.3428041636943817,test,top_r_mean,0.0,0.0,0.0,0.125
0.03673938002296211,0.0,109,0.0,31,73.35389987565577,qasper,4.0,0.0,0.0,0.0,2001.02885:96b07373756d7854bccc3c12e8d41454ab8741f5,mean,0.3034318722392117,0.19009141623973846,"[[24, 25], [24, 25], [24, 25], [24, 25], [24, 25], [24, 25], [24, 25], [24, 25], [24, 25], [24, 25], [24, 25], [24, 25], [24, 25], [24, 25], [24, 25], [24, 25], [24, 25], [24, 25], [24, 25], [24, 25], [24, 25], [24, 25], [24, 25], [24, 25], [24, 25], [24, 25], [24, 25], [24, 25], [24, 25], [24, 25], [24, 25], [24, 25], [24, 25], [24, 25], [24, 25], [24, 25], [24, 25], [24, 25], [24, 25], [24, 25], [24, 25], [24, 25], [24, 25], [24, 25], [24, 25], [24, 25], [24, 25], [24, 25], [24, 25], [24, 25], [24, 25], [24, 25], [24, 25], [24, 25], [24, 25], [24, 25], [24, 25], [24, 25], [24, 25], [24, 25], [24, 25], [24, 25], [24, 25], [24, 25], [24, 25], [24, 25], [24, 25], [24, 25], [24, 25], [24, 25], [24, 25], [24, 25], [24, 25], [24, 25], [24, 25], [24, 25], [24, 25], [24, 25], [24, 25], [24, 25], [24, 25], [24, 25], [24, 25], [24, 25], [24, 25], [24, 25], [24, 25], [24, 25], [24, 25], [24, 25], [24, 25], [24, 25], [24, 25], [24, 25], [24, 25], [24, 25], [24, 25], [24, 25], [24, 25], [24, 25], [24, 25], [24, 25], [24, 25], [24, 25], [24, 25], [24, 25], [24, 25], [24, 25], [20, 21]]",2,1.287009596824646,128,last,0.0,3488,4.0,124,1.4184812307357788,0,97 63 75 105,3484,0.4327402412891388,test,top_r_mean,0.0,0.0,0.0,0.125
0.03673938002296211,1.0,109,1.0,31,76.2357001658529,qasper,4.0,0.25,1.0,0.0,2001.02885:96b07373756d7854bccc3c12e8d41454ab8741f5,mean,0.32076112810057766,0.4907170534133911,"[[10, 0], [17, 21], [17, 28], [3, 9], [5, 21], [5, 22], [21, 22], [12, 0], [21, 0], [25, 29], [2, 28], [31, 14], [20, 2], [8, 6], [3, 23], [14, 1], [12, 0], [14, 15], [18, 5], [8, 10], [12, 25], [4, 28], [0, 24], [14, 30], [16, 0], [8, 3], [19, 1], [31, 0], [28, 30], [31, 28], [27, 19], [16, 4], [18, 0], [29, 2], [24, 14], [21, 28], [14, 6], [16, 12], [18, 11], [18, 15], [20, 0], [19, 16], [19, 4], [31, 23], [16, 27], [18, 22], [16, 19], [0, 20], [6, 0], [22, 8], [17, 22], [13, 12], [21, 0], [28, 7], [9, 26], [22, 10], [8, 0], [28, 15], [24, 12], [1, 23], [17, 12], [10, 17], [5, 18], [15, 0], [10, 0], [4, 27], [16, 13], [10, 23], [3, 21], [1, 10], [14, 22], [14, 12], [24, 0], [18, 5], [23, 4], [24, 12], [15, 13], [10, 24], [16, 18], [5, 31], [21, 0], [12, 21], [15, 1], [20, 17], [9, 23], [0, 31], [16, 22], [18, 5], [20, 0], [9, 24], [23, 15], [8, 6], [20, 4], [23, 17], [9, 2], [3, 17], [31, 0], [24, 18], [19, 25], [13, 0], [25, 4], [12, 14], [23, 6], [20, 15], [6, 0], [24, 6], [20, 0], [25, 20], [19, 9]]",2,1.4058165550231934,128,farthest,1.0,3488,4.0,124,1.5278240442276,0,0 16 80 8,3484,0.4574737846851349,test,top_r_mean,0.0,0.5,0.5,0.75
0.03673938002296211,0.0,109,0.0,31,100.00700014643371,qasper,4.0,0.0,0.0,0.0,2001.02885:96b07373756d7854bccc3c12e8d41454ab8741f5,mean,0.7512742099898063,0.11951830983161926,"[[17, 0], [12, 13], [9, 13], [12, 25], [20, 24], [15, 18], [7, 17], [13, 9], [14, 0], [16, 1], [8, 9], [0, 1], [23, 28], [21, 9], [17, 18], [0, 7], [21, 0], [28, 30], [3, 2], [23, 4], [9, 10], [12, 13], [16, 15], [29, 25], [11, 0], [15, 9], [4, 1], [5, 28], [31, 29], [22, 16], [12, 21], [14, 25], [31, 0], [17, 19], [6, 29], [2, 4], [11, 12], [9, 17], [16, 22], [31, 13], [28, 0], [30, 10], [17, 19], [7, 29], [9, 10], [1, 2], [3, 1], [23, 26], [16, 0], [31, 25], [15, 0], [20, 6], [1, 6], [6, 29], [21, 5], [1, 2], [21, 0], [11, 14], [17, 3], [31, 22], [1, 0], [8, 4], [1, 13], [25, 13], [6, 0], [7, 21], [3, 5], [31, 17], [23, 11], [13, 15], [7, 9], [31, 6], [2, 0], [10, 26], [6, 10], [3, 7], [3, 11], [14, 16], [14, 17], [14, 16], [4, 0], [2, 10], [16, 11], [16, 20], [3, 21], [5, 27], [12, 17], [26, 27], [16, 0], [30, 13], [23, 25], [27, 28], [29, 28], [2, 14], [15, 27], [30, 4], [19, 0], [21, 24], [12, 16], [19, 25], [20, 18], [2, 21], [22, 23], [10, 24], [30, 0], [14, 22], [1, 0], [28, 5], [27, 1]]",2,0.3337363600730896,128,greedy_oracle,0.0,3488,4.0,124,0.37651070952415466,0,8 16 40 104,3484,0.8991381525993347,test,top_r_mean,0.0,1.0,0.75,0.625
0.03673938002296211,0.0,109,0.0,31,84.71249998547137,qasper,4.0,0.0,0.0,0.0,2001.02885:96b07373756d7854bccc3c12e8d41454ab8741f5,mean,0.33503227998640844,0.12653318047523499,"[[21, 7], [26, 17], [20, 23], [26, 11], [5, 13], [8, 17], [11, 3], [27, 26], [15, 19], [26, 15], [10, 19], [0, 31], [11, 2], [21, 5], [8, 7], [19, 25], [1, 27], [12, 28], [26, 17], [11, 7], [7, 17], [10, 0], [25, 7], [1, 10], [16, 5], [25, 28], [27, 21], [5, 16], [30, 14], [9, 8], [1, 7], [21, 29], [8, 9], [9, 25], [26, 24], [10, 22], [25, 21], [14, 22], [20, 28], [21, 20], [24, 16], [3, 29], [25, 26], [30, 5], [24, 28], [4, 7], [9, 22], [23, 29], [10, 26], [14, 24], [6, 28], [14, 7], [3, 2], [10, 9], [3, 1], [31, 8], [19, 9], [3, 18], [18, 13], [2, 6], [12, 22], [21, 18], [8, 23], [11, 10], [31, 29], [26, 28], [24, 6], [31, 20], [13, 16], [6, 20], [8, 17], [23, 0], [4, 11], [27, 8], [30, 16], [6, 25], [4, 18], [25, 12], [29, 15], [13, 18], [3, 1], [30, 31], [29, 27], [19, 24], [17, 31], [11, 9], [4, 26], [4, 3], [6, 25], [24, 10], [29, 7], [17, 24], [21, 29], [17, 22], [17, 25], [5, 23], [15, 7], [18, 0], [1, 25], [5, 30], [4, 2], [13, 31], [22, 3], [19, 12], [21, 27], [13, 12], [31, 27], [5, 20], [17, 2]]",2,1.2752699851989746,128,random,0.0,3488,4.0,124,1.3749711513519287,11,8 56 80 92,3484,0.4831618666648865,test,top_r_mean,0.0,0.5,0.25,0.375
0.03673938002296211,0.0,109,0.0,31,75.96509996801615,qasper,4.0,0.0,0.0,0.0,2001.02885:96b07373756d7854bccc3c12e8d41454ab8741f5,mean,0.37071015970098536,0.1456007957458496,"[[2, 22], [28, 1], [3, 19], [26, 16], [5, 23], [20, 12], [25, 23], [9, 10], [24, 19], [31, 3], [18, 9], [15, 2], [6, 4], [31, 20], [2, 12], [15, 12], [22, 14], [5, 10], [3, 8], [12, 26], [5, 7], [7, 4], [10, 28], [8, 3], [11, 4], [11, 15], [19, 18], [9, 2], [10, 27], [18, 22], [27, 3], [13, 11], [23, 15], [8, 3], [28, 9], [6, 16], [22, 17], [25, 21], [14, 15], [31, 4], [26, 10], [20, 15], [0, 19], [11, 8], [11, 21], [21, 15], [6, 17], [18, 31], [2, 3], [25, 7], [12, 1], [2, 19], [16, 14], [10, 24], [0, 27], [28, 4], [2, 20], [23, 13], [13, 21], [26, 0], [9, 30], [19, 2], [8, 23], [5, 16], [28, 6], [27, 31], [10, 17], [19, 25], [6, 23], [24, 9], [27, 6], [13, 16], [11, 5], [7, 21], [10, 7], [16, 17], [26, 24], [13, 15], [30, 18], [13, 27], [30, 8], [30, 17], [13, 18], [6, 16], [17, 28], [6, 20], [21, 7], [26, 14], [29, 23], [0, 2], [31, 25], [23, 19], [13, 6], [21, 23], [4, 16], [29, 5], [28, 10], [15, 14], [10, 22], [6, 30], [24, 11], [11, 15], [29, 24], [29, 3], [9, 17], [26, 15], [21, 9], [5, 29], [19, 15]]",2,1.2366783618927002,128,random,0.0,3488,4.0,124,1.327071189880371,23,18 74 64 39,3484,0.5310444235801697,test,top_r_mean,0.0,0.0,0.0,0.125
0.03673938002296211,0.0,109,0.0,31,72.7253002114594,qasper,4.0,0.0,0.0,0.0,2001.02885:96b07373756d7854bccc3c12e8d41454ab8741f5,mean,0.381583418280666,0.1260780543088913,"[[23, 29], [8, 21], [5, 1], [16, 0], [31, 17], [20, 11], [15, 14], [30, 20], [14, 13], [3, 9], [5, 29], [2, 24], [26, 3], [15, 19], [1, 15], [22, 12], [23, 20], [30, 9], [27, 14], [13, 27], [4, 0], [0, 28], [13, 17], [5, 18], [19, 17], [21, 30], [28, 5], [13, 24], [18, 9], [30, 24], [25, 16], [4, 2], [9, 20], [19, 22], [2, 13], [6, 22], [5, 15], [3, 0], [26, 19], [3, 2], [4, 25], [6, 24], [9, 30], [3, 28], [3, 18], [27, 0], [14, 25], [15, 13], [29, 16], [8, 7], [6, 0], [31, 8], [7, 5], [10, 18], [1, 13], [28, 0], [6, 17], [15, 20], [11, 5], [17, 30], [28, 12], [1, 11], [5, 26], [24, 5], [12, 6], [26, 15], [13, 9], [12, 4], [15, 4], [29, 7], [30, 4], [25, 2], [3, 24], [3, 18], [30, 15], [2, 6], [6, 26], [3, 4], [29, 22], [14, 7], [19, 31], [29, 7], [26, 10], [11, 21], [26, 23], [3, 4], [0, 29], [10, 15], [15, 26], [22, 8], [6, 29], [23, 29], [23, 22], [12, 24], [14, 27], [0, 25], [3, 31], [31, 20], [3, 4], [0, 31], [23, 14], [24, 20], [17, 13], [31, 24], [6, 31], [8, 5], [16, 17], [21, 20], [13, 2]]",2,1.3179243803024292,128,random,0.0,3488,4.0,124,1.4147504568099976,37,8 50 40 48,3484,0.5342878103256226,test,top_r_mean,0.0,0.5,0.5,0.375
0.03673938002296211,1.0,109,1.0,31,70.82480005919933,qasper,4.0,0.25,1.0,0.0,2001.02885:96b07373756d7854bccc3c12e8d41454ab8741f5,mean,0.309208290859667,0.2786087691783905,"[[0, 20], [6, 16], [11, 8], [24, 27], [24, 2], [9, 22], [29, 16], [19, 0], [18, 16], [19, 21], [6, 4], [21, 6], [9, 26], [30, 12], [23, 0], [19, 14], [4, 1], [20, 0], [16, 5], [29, 22], [30, 31], [4, 17], [23, 7], [29, 22], [11, 2], [8, 25], [10, 4], [3, 20], [23, 9], [14, 28], [19, 16], [6, 9], [12, 14], [13, 16], [7, 12], [21, 15], [18, 23], [1, 17], [9, 26], [15, 2], [26, 6], [3, 24], [27, 16], [10, 6], [27, 12], [22, 1], [24, 11], [7, 15], [8, 31], [6, 16], [20, 25], [4, 21], [13, 28], [18, 28], [31, 6], [5, 25], [12, 11], [25, 19], [16, 26], [22, 4], [31, 13], [12, 20], [12, 28], [9, 16], [25, 7], [25, 17], [31, 17], [10, 13], [21, 6], [30, 19], [3, 4], [20, 10], [0, 11], [1, 13], [25, 1], [16, 28], [18, 8], [29, 24], [19, 13], [2, 24], [1, 23], [16, 17], [6, 2], [11, 6], [3, 7], [27, 3], [17, 21], [18, 19], [12, 31], [8, 21], [3, 28], [29, 18], [28, 1], [22, 20], [26, 5], [1, 3], [16, 25], [31, 1], [8, 7], [17, 31], [18, 16], [1, 26], [26, 31], [20, 11], [14, 21], [30, 17], [22, 12], [13, 12], [17, 8]]",2,1.3654625415802002,128,random,0.5,3488,4.0,124,1.4800413846969604,53,72 0 92 37,3484,0.4412473440170288,test,top_r_mean,0.0,0.0,0.0,0.25
0.03673938002296211,0.0,109,0.0,31,66.5803998708725,qasper,4.0,0.0,0.0,0.0,2001.02885:96b07373756d7854bccc3c12e8d41454ab8741f5,mean,0.3418280665987088,0.1581859439611435,"[[22, 24], [20, 26], [1, 29], [6, 21], [27, 0], [24, 19], [25, 13], [0, 26], [6, 31], [26, 9], [18, 20], [9, 14], [27, 3], [26, 9], [14, 11], [17, 25], [3, 31], [26, 5], [19, 23], [21, 26], [13, 22], [12, 6], [6, 14], [9, 6], [20, 17], [28, 27], [10, 0], [21, 13], [13, 7], [6, 31], [21, 31], [14, 28], [14, 17], [6, 10], [30, 29], [20, 7], [6, 27], [21, 31], [30, 18], [7, 23], [13, 19], [17, 1], [2, 17], [13, 16], [5, 17], [30, 1], [17, 18], [9, 1], [14, 30], [8, 4], [0, 27], [14, 13], [17, 16], [0, 21], [17, 29], [4, 2], [4, 21], [3, 2], [5, 15], [25, 20], [28, 7], [24, 27], [16, 18], [19, 10], [2, 7], [31, 19], [0, 6], [9, 20], [15, 25], [28, 4], [1, 9], [8, 18], [21, 16], [11, 21], [15, 10], [23, 6], [31, 10], [5, 7], [15, 8], [5, 18], [4, 10], [11, 31], [9, 15], [3, 16], [31, 27], [6, 19], [10, 5], [6, 27], [14, 12], [6, 10], [19, 26], [18, 10], [22, 12], [15, 29], [21, 31], [12, 13], [18, 15], [30, 3], [1, 12], [2, 14], [9, 30], [6, 19], [27, 26], [4, 17], [7, 27], [15, 25], [17, 18], [12, 28], [26, 17]]",2,1.2202318906784058,128,random,0.0,3488,4.0,124,1.3298064470291138,71,8 98 107 83,3484,0.4913817048072815,test,top_r_mean,0.0,0.5,0.25,0.125
0.03673938002296211,0.0,109,0.0,31,78.53830000385642,qasper,4.0,0.0,0.0,0.0,2001.02885:96b07373756d7854bccc3c12e8d41454ab8741f5,mean,0.327217125382263,0.16445627808570862,"[[24, 25, 26, 27], [24, 25, 26, 27], [24, 25, 26, 27], [24, 25, 26, 27], [24, 25, 26, 27], [24, 25, 26, 27], [24, 25, 26, 27], [24, 25, 26, 27], [24, 25, 26, 27], [24, 25, 26, 27], [24, 25, 26, 27], [24, 25, 26, 27], [24, 25, 26, 27], [24, 25, 26, 27], [24, 25, 26, 27], [24, 25, 26, 27], [24, 25, 26, 27], [24, 25, 26, 27], [24, 25, 26, 27], [24, 25, 26, 27], [24, 25, 26, 27], [24, 25, 26, 27], [24, 25, 26, 27], [24, 25, 26, 27], [24, 25, 26, 27], [24, 25, 26, 27], [24, 25, 26, 27], [24, 25, 26, 27], [24, 25, 26, 27], [24, 25, 26, 27], [24, 25, 26, 27], [24, 25, 26, 27], [24, 25, 26, 27], [24, 25, 26, 27], [24, 25, 26, 27], [24, 25, 26, 27], [24, 25, 26, 27], [24, 25, 26, 27], [24, 25, 26, 27], [24, 25, 26, 27], [24, 25, 26, 27], [24, 25, 26, 27], [24, 25, 26, 27], [24, 25, 26, 27], [24, 25, 26, 27], [24, 25, 26, 27], [24, 25, 26, 27], [24, 25, 26, 27], [24, 25, 26, 27], [24, 25, 26, 27], [24, 25, 26, 27], [24, 25, 26, 27], [24, 25, 26, 27], [24, 25, 26, 27], [24, 25, 26, 27], [24, 25, 26, 27], [24, 25, 26, 27], [24, 25, 26, 27], [24, 25, 26, 27], [24, 25, 26, 27], [24, 25, 26, 27], [24, 25, 26, 27], [24, 25, 26, 27], [24, 25, 26, 27], [24, 25, 26, 27], [24, 25, 26, 27], [24, 25, 26, 27], [24, 25, 26, 27], [24, 25, 26, 27], [24, 25, 26, 27], [24, 25, 26, 27], [24, 25, 26, 27], [24, 25, 26, 27], [24, 25, 26, 27], [24, 25, 26, 27], [24, 25, 26, 27], [24, 25, 26, 27], [24, 25, 26, 27], [24, 25, 26, 27], [24, 25, 26, 27], [24, 25, 26, 27], [24, 25, 26, 27], [24, 25, 26, 27], [24, 25, 26, 27], [24, 25, 26, 27], [24, 25, 26, 27], [24, 25, 26, 27], [24, 25, 26, 27], [24, 25, 26, 27], [24, 25, 26, 27], [24, 25, 26, 27], [24, 25, 26, 27], [24, 25, 26, 27], [24, 25, 26, 27], [24, 25, 26, 27], [24, 25, 26, 27], [24, 25, 26, 27], [24, 25, 26, 27], [24, 25, 26, 27], [24, 25, 26, 27], [24, 25, 26, 27], [24, 25, 26, 27], [24, 25, 26, 27], [24, 25, 26, 27], [24, 25, 26, 27], [24, 25, 26, 27], [24, 25, 26, 27], [24, 25, 26, 27], [20, 21, 22, 23]]",4,1.329555869102478,128,last,0.0,6976,4.0,124,1.4288195371627808,0,97 16 75 63,3484,0.4639236629009247,test,top_r_mean,0.0,0.5,0.25,0.125
0.03673938002296211,0.0,109,0.0,31,68.98540002293885,qasper,4.0,0.0,0.0,0.0,2001.02885:96b07373756d7854bccc3c12e8d41454ab8741f5,mean,0.39721372748895684,0.09190797060728073,"[[10, 0, 15, 31], [17, 21, 24, 12], [17, 28, 14, 22], [3, 9, 30, 20], [5, 21, 2, 11], [5, 22, 25, 16], [21, 22, 31, 19], [12, 0, 18, 4], [21, 0, 9, 1], [25, 29, 21, 16], [2, 28, 31, 6], [31, 14, 18, 8], [20, 2, 9, 26], [8, 6, 16, 29], [3, 23, 28, 30], [14, 1, 8, 6], [12, 0, 18, 10], [14, 15, 23, 0], [18, 5, 4, 1], [8, 10, 20, 12], [12, 25, 6, 22], [4, 28, 23, 6], [0, 24, 28, 17], [14, 30, 20, 28], [16, 0, 3, 2], [8, 3, 4, 0], [19, 1, 6, 3], [31, 0, 15, 17], [28, 30, 21, 29], [31, 28, 10, 20], [27, 19, 25, 29], [16, 4, 2, 15], [18, 0, 6, 26], [29, 2, 20, 3], [24, 14, 6, 26], [21, 28, 9, 3], [14, 6, 24, 17], [16, 12, 2, 23], [18, 11, 27, 14], [18, 15, 10, 3], [20, 0, 14, 7], [19, 16, 15, 2], [19, 4, 5, 25], [31, 23, 0, 11], [16, 27, 4, 30], [18, 22, 0, 29], [16, 19, 24, 14], [0, 20, 7, 30], [6, 0, 24, 20], [22, 8, 27, 0], [17, 22, 26, 21], [13, 12, 10, 3], [21, 0, 30, 17], [28, 7, 26, 24], [9, 26, 28, 17], [22, 10, 20, 15], [8, 0, 3, 17], [28, 15, 7, 31], [24, 12, 28, 3], [1, 23, 20, 22], [17, 12, 9, 5], [10, 17, 28, 21], [5, 18, 28, 21], [15, 0, 3, 6], [10, 0, 27, 7], [4, 27, 2, 13], [16, 13, 3, 4], [10, 23, 2, 17], [3, 21, 0, 14], [1, 10, 13, 7], [14, 22, 28, 13], [14, 12, 9, 4], [24, 0, 5, 29], [18, 5, 27, 16], [23, 4, 3, 6], [24, 12, 5, 29], [15, 13, 12, 6], [10, 24, 23, 3], [16, 18, 10, 27], [5, 31, 30, 12], [21, 0, 16, 12], [12, 21, 20, 15], [15, 1, 2, 3], [20, 17, 14, 1], [9, 23, 14, 3], [0, 31, 13, 3], [16, 22, 6, 0], [18, 5, 29, 26], [20, 0, 17, 8], [9, 24, 21, 27], [23, 15, 28, 31], [8, 6, 5, 0], [20, 4, 5, 9], [23, 17, 1, 29], [9, 2, 17, 22], [3, 17, 10, 12], [31, 0, 26, 22], [24, 18, 4, 10], [19, 25, 24, 31], [13, 0, 2, 31], [25, 4, 19, 1], [12, 14, 26, 5], [23, 6, 13, 8], [20, 15, 4, 26], [6, 0, 31, 2], [24, 6, 17, 29], [20, 0, 25, 29], [25, 20, 13, 3], [19, 9, 27, 25]]",4,1.554395079612732,128,farthest,0.0,6976,4.0,124,1.6214923858642578,0,64 88 16 8,3484,0.5591604113578796,test,top_r_mean,0.0,0.0,0.75,0.5
0.03673938002296211,1.0,109,1.0,31,70.50070003606379,qasper,4.0,0.25,1.0,0.0,2001.02885:96b07373756d7854bccc3c12e8d41454ab8741f5,mean,0.8134556574923547,0.0028081852942705154,"[[17, 0, 8, 10], [12, 13, 21, 14], [9, 13, 21, 12], [12, 25, 18, 21], [20, 24, 27, 28], [15, 18, 24, 17], [7, 17, 12, 14], [13, 9, 3, 8], [14, 0, 20, 30], [16, 1, 0, 17], [8, 9, 15, 19], [0, 1, 7, 11], [23, 28, 18, 16], [21, 9, 5, 8], [17, 18, 31, 20], [0, 7, 13, 27], [21, 0, 8, 7], [28, 30, 29, 18], [3, 2, 12, 8], [23, 4, 22, 3], [9, 10, 19, 20], [12, 13, 26, 21], [16, 15, 5, 6], [29, 25, 6, 24], [11, 0, 31, 1], [15, 9, 16, 24], [4, 1, 0, 10], [5, 28, 11, 17], [31, 29, 7, 18], [22, 16, 0, 1], [12, 21, 9, 3], [14, 25, 8, 16], [31, 0, 1, 9], [17, 19, 4, 8], [6, 29, 17, 25], [2, 4, 8, 7], [11, 12, 21, 23], [9, 17, 1, 0], [16, 22, 8, 15], [31, 13, 17, 20], [28, 0, 19, 4], [30, 10, 2, 5], [17, 19, 30, 1], [7, 29, 17, 8], [9, 10, 24, 16], [1, 2, 11, 10], [3, 1, 2, 7], [23, 26, 27, 24], [16, 0, 19, 17], [31, 25, 10, 11], [15, 0, 18, 17], [20, 6, 8, 24], [1, 6, 19, 11], [6, 29, 21, 10], [21, 5, 19, 24], [1, 2, 9, 7], [21, 0, 22, 19], [11, 14, 12, 18], [17, 3, 10, 16], [31, 22, 24, 26], [1, 0, 26, 30], [8, 4, 2, 1], [1, 13, 16, 8], [25, 13, 24, 28], [6, 0, 5, 26], [7, 21, 0, 4], [3, 5, 6, 8], [31, 17, 19, 22], [23, 11, 3, 26], [13, 15, 18, 14], [7, 9, 3, 15], [31, 6, 18, 24], [2, 0, 8, 4], [10, 26, 12, 15], [6, 10, 11, 7], [3, 7, 23, 9], [3, 11, 4, 12], [14, 16, 6, 2], [14, 17, 16, 15], [14, 16, 18, 17], [4, 0, 6, 1], [2, 10, 31, 12], [16, 11, 10, 13], [16, 20, 15, 0], [3, 21, 4, 22], [5, 27, 25, 7], [12, 17, 24, 4], [26, 27, 17, 19], [16, 0, 1, 19], [30, 13, 23, 17], [23, 25, 3, 21], [27, 28, 18, 20], [29, 28, 10, 3], [2, 14, 12, 20], [15, 27, 1, 29], [30, 4, 7, 19], [19, 0, 1, 28], [21, 24, 25, 3], [12, 16, 18, 14], [19, 25, 16, 20], [20, 18, 29, 7], [2, 21, 1, 3], [22, 23, 16, 30], [10, 24, 12, 1], [30, 0, 7, 4], [14, 22, 2, 3], [1, 0, 4, 26], [28, 5, 31, 30], [27, 1, 0, 2]]",4,0.3774908185005188,128,greedy_oracle,0.25,6976,4.0,124,0.38568946719169617,0,8 16 40 0,3484,0.9439995884895325,test,top_r_mean,0.0,1.0,0.75,0.875
0.03673938002296211,0.0,109,0.0,31,66.23019999824464,qasper,4.0,0.0,0.0,0.0,2001.02885:96b07373756d7854bccc3c12e8d41454ab8741f5,mean,0.45735643900781514,0.09642863273620605,"[[21, 7, 31, 26], [26, 17, 21, 13], [20, 23, 12, 3], [26, 11, 22, 21], [5, 13, 17, 24], [8, 17, 13, 3], [11, 3, 0, 6], [27, 26, 13, 16], [15, 19, 26, 30], [26, 15, 1, 2], [10, 19, 28, 0], [0, 31, 19, 28], [11, 2, 22, 25], [21, 5, 16, 26], [8, 7, 27, 15], [19, 25, 17, 30], [1, 27, 10, 21], [12, 28, 25, 18], [26, 17, 18, 5], [11, 7, 0, 25], [7, 17, 16, 23], [10, 0, 7, 21], [25, 7, 18, 8], [1, 10, 5, 24], [16, 5, 2, 29], [25, 28, 21, 17], [27, 21, 31, 17], [5, 16, 13, 7], [30, 14, 1, 22], [9, 8, 11, 25], [1, 7, 13, 28], [21, 29, 27, 5], [8, 9, 5, 3], [9, 25, 16, 26], [26, 24, 25, 30], [10, 22, 5, 26], [25, 21, 19, 27], [14, 22, 31, 13], [20, 28, 9, 18], [21, 20, 19, 16], [24, 16, 12, 23], [3, 29, 4, 27], [25, 26, 17, 11], [30, 5, 21, 16], [24, 28, 9, 26], [4, 7, 18, 5], [9, 22, 15, 2], [23, 29, 13, 9], [10, 26, 14, 9], [14, 24, 13, 11], [6, 28, 20, 18], [14, 7, 18, 24], [3, 2, 5, 20], [10, 9, 15, 27], [3, 1, 15, 5], [31, 8, 3, 29], [19, 9, 27, 7], [3, 18, 2, 25], [18, 13, 30, 23], [2, 6, 17, 25], [12, 22, 10, 27], [21, 18, 24, 30], [8, 23, 16, 25], [11, 10, 26, 0], [31, 29, 12, 28], [26, 28, 17, 16], [24, 6, 20, 10], [31, 20, 9, 0], [13, 16, 27, 29], [6, 20, 29, 22], [8, 17, 9, 12], [23, 0, 16, 20], [4, 11, 31, 6], [27, 8, 21, 17], [30, 16, 4, 11], [6, 25, 14, 19], [4, 18, 5, 13], [25, 12, 5, 15], [29, 15, 27, 0], [13, 18, 26, 27], [3, 1, 31, 5], [30, 31, 17, 26], [29, 27, 14, 13], [19, 24, 15, 26], [17, 31, 8, 21], [11, 9, 7, 19], [4, 26, 25, 6], [4, 3, 7, 14], [6, 25, 18, 27], [24, 10, 31, 28], [29, 7, 5, 16], [17, 24, 16, 19], [21, 29, 15, 27], [17, 22, 31, 24], [17, 25, 29, 6], [5, 23, 0, 17], [15, 7, 0, 26], [18, 0, 24, 3], [1, 25, 22, 20], [5, 30, 9, 6], [4, 2, 15, 30], [13, 31, 24, 20], [22, 3, 30, 26], [19, 12, 15, 17], [21, 27, 24, 17], [13, 12, 28, 23], [31, 27, 19, 7], [5, 20, 28, 29], [17, 2, 19, 24]]",4,1.261816143989563,128,random,0.0,6976,4.0,124,1.3232492208480835,11,96 80 8 52,3484,0.6372532844543457,test,top_r_mean,0.0,0.0,0.25,0.5
0.03673938002296211,0.0,109,0.0,31,67.06189992837608,qasper,4.0,0.0,0.0,0.0,2001.02885:96b07373756d7854bccc3c12e8d41454ab8741f5,mean,0.4444444444444444,0.1068219542503357,"[[2, 22, 15, 20], [28, 1, 2, 29], [3, 19, 21, 14], [26, 16, 31, 5], [5, 23, 10, 30], [20, 12, 29, 30], [25, 23, 26, 11], [9, 10, 26, 31], [24, 19, 17, 7], [31, 3, 14, 29], [18, 9, 27, 22], [15, 2, 11, 28], [6, 4, 3, 0], [31, 20, 12, 29], [2, 12, 8, 28], [15, 12, 18, 4], [22, 14, 2, 21], [5, 10, 22, 1], [3, 8, 5, 23], [12, 26, 3, 20], [5, 7, 21, 30], [7, 4, 29, 1], [10, 28, 23, 27], [8, 3, 28, 9], [11, 4, 9, 0], [11, 15, 1, 8], [19, 18, 26, 14], [9, 2, 22, 27], [10, 27, 6, 21], [18, 22, 3, 1], [27, 3, 30, 7], [13, 11, 9, 10], [23, 15, 4, 6], [8, 3, 14, 22], [28, 9, 23, 29], [6, 16, 31, 2], [22, 17, 16, 8], [25, 21, 16, 18], [14, 15, 21, 19], [31, 4, 26, 30], [26, 10, 17, 20], [20, 15, 30, 19], [0, 19, 24, 9], [11, 8, 1, 20], [11, 21, 22, 3], [21, 15, 30, 24], [6, 17, 10, 16], [18, 31, 1, 17], [2, 3, 22, 12], [25, 7, 27, 21], [12, 1, 28, 22], [2, 19, 7, 3], [16, 14, 20, 11], [10, 24, 13, 8], [0, 27, 15, 3], [28, 4, 31, 5], [2, 20, 13, 22], [23, 13, 30, 15], [13, 21, 19, 1], [26, 0, 13, 27], [9, 30, 21, 13], [19, 2, 25, 26], [8, 23, 30, 1], [5, 16, 25, 4], [28, 6, 9, 1], [27, 31, 12, 24], [10, 17, 21, 1], [19, 25, 31, 30], [6, 23, 3, 21], [24, 9, 15, 3], [27, 6, 13, 25], [13, 16, 4, 9], [11, 5, 8, 4], [7, 21, 14, 8], [10, 7, 20, 31], [16, 17, 20, 6], [26, 24, 7, 9], [13, 15, 21, 17], [30, 18, 29, 7], [13, 27, 22, 23], [30, 8, 0, 7], [30, 17, 12, 9], [13, 18, 19, 22], [6, 16, 29, 18], [17, 28, 22, 20], [6, 20, 4, 30], [21, 7, 22, 24], [26, 14, 8, 23], [29, 23, 1, 12], [0, 2, 17, 27], [31, 25, 6, 16], [23, 19, 12, 7], [13, 6, 5, 10], [21, 23, 19, 24], [4, 16, 24, 5], [29, 5, 27, 26], [28, 10, 19, 27], [15, 14, 31, 23], [10, 22, 3, 7], [6, 30, 22, 1], [24, 11, 13, 18], [11, 15, 27, 8], [29, 24, 27, 3], [29, 3, 26, 25], [9, 17, 0, 23], [26, 15, 27, 28], [21, 9, 30, 29], [5, 29, 2, 12], [19, 15, 10, 13]]",4,1.2583999633789062,128,random,0.0,6976,4.0,124,1.3235337734222412,23,80 104 24 96,3484,0.6118987798690796,test,top_r_mean,0.0,0.0,0.0,0.5
0.03673938002296211,0.0,109,0.0,31,69.19039995409548,qasper,4.0,0.0,0.0,0.0,2001.02885:96b07373756d7854bccc3c12e8d41454ab8741f5,mean,0.47230716955487595,0.09775252640247345,"[[23, 29, 7, 6], [8, 21, 5, 30], [5, 1, 13, 15], [16, 0, 28, 7], [31, 17, 2, 1], [20, 11, 16, 25], [15, 14, 27, 7], [30, 20, 1, 21], [14, 13, 8, 12], [3, 9, 2, 12], [5, 29, 19, 18], [2, 24, 8, 15], [26, 3, 0, 20], [15, 19, 14, 31], [1, 15, 26, 3], [22, 12, 9, 15], [23, 20, 8, 30], [30, 9, 2, 7], [27, 14, 23, 2], [13, 27, 21, 12], [4, 0, 6, 16], [0, 28, 5, 27], [13, 17, 25, 29], [5, 18, 3, 4], [19, 17, 26, 15], [21, 30, 15, 6], [28, 5, 11, 8], [13, 24, 31, 11], [18, 9, 1, 30], [30, 24, 3, 17], [25, 16, 0, 29], [4, 2, 15, 11], [9, 20, 15, 31], [19, 22, 31, 2], [2, 13, 11, 7], [6, 22, 10, 28], [5, 15, 17, 31], [3, 0, 23, 26], [26, 19, 17, 1], [3, 2, 12, 18], [4, 25, 19, 0], [6, 24, 5, 22], [9, 30, 4, 29], [3, 28, 0, 25], [3, 18, 8, 24], [27, 0, 17, 25], [14, 25, 15, 4], [15, 13, 8, 6], [29, 16, 13, 25], [8, 7, 5, 4], [6, 0, 9, 21], [31, 8, 2, 1], [7, 5, 1, 4], [10, 18, 31, 29], [1, 13, 28, 14], [28, 0, 21, 2], [6, 17, 27, 31], [15, 20, 31, 1], [11, 5, 10, 4], [17, 30, 18, 7], [28, 12, 26, 11], [1, 11, 8, 27], [5, 26, 1, 2], [24, 5, 20, 23], [12, 6, 21, 28], [26, 15, 23, 13], [13, 9, 26, 14], [12, 4, 15, 22], [15, 4, 29, 22], [29, 7, 2, 12], [30, 4, 1, 9], [25, 2, 30, 9], [3, 24, 27, 23], [3, 18, 25, 13], [30, 15, 0, 26], [2, 6, 31, 29], [6, 26, 25, 14], [3, 4, 25, 29], [29, 22, 24, 3], [14, 7, 30, 18], [19, 31, 14, 6], [29, 7, 16, 15], [26, 10, 2, 20], [11, 21, 9, 19], [26, 23, 15, 16], [3, 4, 27, 30], [0, 29, 3, 25], [10, 15, 8, 16], [15, 26, 6, 14], [22, 8, 20, 27], [6, 29, 26, 9], [23, 29, 15, 24], [23, 22, 27, 0], [12, 24, 2, 13], [14, 27, 22, 10], [0, 25, 4, 5], [3, 31, 12, 17], [31, 20, 16, 29], [3, 4, 10, 25], [0, 31, 4, 9], [23, 14, 16, 20], [24, 20, 19, 1], [17, 13, 8, 21], [31, 24, 19, 14], [6, 31, 29, 4], [8, 5, 22, 13], [16, 17, 20, 21], [21, 20, 12, 2], [13, 2, 8, 26]]",4,1.310487985610962,128,random,0.0,6976,4.0,124,1.3675212860107422,37,40 8 16 80,3484,0.6429524421691895,test,top_r_mean,0.0,0.5,0.75,0.625
0.03673938002296211,1.0,109,1.0,31,63.032499980181456,qasper,4.0,0.25,1.0,0.0,2001.02885:96b07373756d7854bccc3c12e8d41454ab8741f5,mean,0.37071015970098536,0.14025047421455383,"[[0, 20, 1, 11], [6, 16, 8, 11], [11, 8, 1, 25], [24, 27, 4, 12], [24, 2, 8, 16], [9, 22, 29, 13], [29, 16, 30, 24], [19, 0, 31, 4], [18, 16, 7, 19], [19, 21, 28, 23], [6, 4, 7, 14], [21, 6, 19, 23], [9, 26, 30, 2], [30, 12, 28, 2], [23, 0, 2, 30], [19, 14, 23, 20], [4, 1, 26, 29], [20, 0, 10, 2], [16, 5, 9, 4], [29, 22, 6, 0], [30, 31, 20, 22], [4, 17, 7, 30], [23, 7, 30, 11], [29, 22, 17, 15], [11, 2, 29, 4], [8, 25, 11, 3], [10, 4, 25, 21], [3, 20, 21, 29], [23, 9, 15, 0], [14, 28, 3, 21], [19, 16, 23, 12], [6, 9, 30, 15], [12, 14, 0, 19], [13, 16, 14, 3], [7, 12, 15, 27], [21, 15, 7, 25], [18, 23, 20, 28], [1, 17, 23, 14], [9, 26, 27, 21], [15, 2, 22, 9], [26, 6, 7, 10], [3, 24, 26, 6], [27, 16, 28, 9], [10, 6, 22, 21], [27, 12, 4, 5], [22, 1, 4, 0], [24, 11, 30, 6], [7, 15, 25, 22], [8, 31, 10, 17], [6, 16, 21, 5], [20, 25, 10, 22], [4, 21, 22, 19], [13, 28, 8, 7], [18, 28, 16, 8], [31, 6, 25, 27], [5, 25, 23, 27], [12, 11, 29, 19], [25, 19, 6, 30], [16, 26, 12, 23], [22, 4, 19, 30], [31, 13, 17, 29], [12, 20, 0, 3], [12, 28, 29, 25], [9, 16, 23, 18], [25, 7, 28, 29], [25, 17, 2, 13], [31, 17, 0, 16], [10, 13, 25, 22], [21, 6, 18, 31], [30, 19, 23, 29], [3, 4, 23, 18], [20, 10, 13, 7], [0, 11, 4, 24], [1, 13, 10, 0], [25, 1, 26, 21], [16, 28, 1, 20], [18, 8, 9, 5], [29, 24, 20, 2], [19, 13, 14, 6], [2, 24, 25, 22], [1, 23, 22, 30], [16, 17, 7, 10], [6, 2, 9, 11], [11, 6, 10, 8], [3, 7, 19, 21], [27, 3, 22, 29], [17, 21, 13, 16], [18, 19, 22, 12], [12, 31, 10, 9], [8, 21, 6, 22], [3, 28, 5, 11], [29, 18, 13, 1], [28, 1, 13, 25], [22, 20, 26, 24], [26, 5, 25, 24], [1, 3, 21, 24], [16, 25, 20, 27], [31, 1, 6, 9], [8, 7, 15, 13], [17, 31, 9, 15], [18, 16, 30, 1], [1, 26, 8, 10], [26, 31, 17, 8], [20, 11, 23, 28], [14, 21, 13, 25], [30, 17, 31, 11], [22, 12, 4, 25], [13, 12, 31, 9], [17, 8, 23, 14]]",4,1.3154932260513306,128,random,0.3333333333333333,6976,4.0,124,1.39602792263031,53,72 32 0 16,3484,0.5207302570343018,test,top_r_mean,0.0,0.0,0.25,0.375
0.03673938002296211,0.0,109,0.0,31,68.1356000714004,qasper,4.0,0.0,0.0,0.0,2001.02885:96b07373756d7854bccc3c12e8d41454ab8741f5,mean,0.40434930343187225,0.12314649671316147,"[[22, 24, 6, 17], [20, 26, 1, 8], [1, 29, 12, 15], [6, 21, 8, 14], [27, 0, 21, 15], [24, 19, 11, 15], [25, 13, 21, 3], [0, 26, 15, 6], [6, 31, 7, 23], [26, 9, 3, 2], [18, 20, 25, 11], [9, 14, 6, 13], [27, 3, 16, 15], [26, 9, 22, 3], [14, 11, 16, 31], [17, 25, 30, 21], [3, 31, 24, 16], [26, 5, 6, 27], [19, 23, 11, 0], [21, 26, 14, 27], [13, 22, 4, 29], [12, 6, 13, 15], [6, 14, 10, 18], [9, 6, 21, 7], [20, 17, 14, 7], [28, 27, 30, 18], [10, 0, 17, 16], [21, 13, 10, 18], [13, 7, 24, 22], [6, 31, 15, 30], [21, 31, 3, 17], [14, 28, 9, 1], [14, 17, 2, 30], [6, 10, 11, 0], [30, 29, 5, 4], [20, 7, 1, 2], [6, 27, 30, 14], [21, 31, 3, 10], [30, 18, 12, 24], [7, 23, 14, 24], [13, 19, 11, 12], [17, 1, 28, 4], [2, 17, 21, 25], [13, 16, 7, 11], [5, 17, 7, 11], [30, 1, 8, 5], [17, 18, 26, 20], [9, 1, 30, 13], [14, 30, 4, 13], [8, 4, 7, 24], [0, 27, 8, 29], [14, 13, 18, 22], [17, 16, 29, 0], [0, 21, 26, 5], [17, 29, 20, 30], [4, 2, 7, 14], [4, 21, 17, 24], [3, 2, 27, 20], [5, 15, 6, 13], [25, 20, 11, 31], [28, 7, 17, 4], [24, 27, 8, 11], [16, 18, 3, 28], [19, 10, 1, 20], [2, 7, 12, 4], [31, 19, 17, 22], [0, 6, 7, 23], [9, 20, 23, 29], [15, 25, 24, 3], [28, 4, 29, 31], [1, 9, 5, 29], [8, 18, 6, 15], [21, 16, 22, 14], [11, 21, 4, 22], [15, 10, 21, 3], [23, 6, 28, 1], [31, 10, 13, 19], [5, 7, 21, 4], [15, 8, 31, 27], [5, 18, 30, 1], [4, 10, 23, 3], [11, 31, 13, 3], [9, 15, 24, 8], [3, 16, 14, 17], [31, 27, 4, 10], [6, 19, 1, 15], [10, 5, 23, 3], [6, 27, 8, 20], [14, 12, 1, 3], [6, 10, 8, 15], [19, 26, 0, 28], [18, 10, 1, 2], [22, 12, 28, 25], [15, 29, 6, 21], [21, 31, 30, 10], [12, 13, 25, 3], [18, 15, 29, 6], [30, 3, 13, 31], [1, 12, 14, 9], [2, 14, 18, 0], [9, 30, 18, 14], [6, 19, 1, 15], [27, 26, 3, 12], [4, 17, 18, 13], [7, 27, 11, 13], [15, 25, 22, 21], [17, 18, 28, 21], [12, 28, 21, 10], [26, 17, 8, 16]]",4,1.265864610671997,128,random,0.0,6976,4.0,124,1.3420873880386353,71,98 105 88 8,3484,0.5713742971420288,test,top_r_mean,0.0,0.0,0.5,0.25
0.03673938002296211,0.0,109,0.0,31,69.069400196895,qasper,4.0,0.0,0.0,0.0,2001.02885:96b07373756d7854bccc3c12e8d41454ab8741f5,mean,0.48759768943255183,0.12060710787773132,"[[24, 25, 26, 27, 28, 29, 30, 31], [24, 25, 26, 27, 28, 29, 30, 31], [24, 25, 26, 27, 28, 29, 30, 31], [24, 25, 26, 27, 28, 29, 30, 31], [24, 25, 26, 27, 28, 29, 30, 31], [24, 25, 26, 27, 28, 29, 30, 31], [24, 25, 26, 27, 28, 29, 30, 31], [24, 25, 26, 27, 28, 29, 30, 31], [24, 25, 26, 27, 28, 29, 30, 31], [24, 25, 26, 27, 28, 29, 30, 31], [24, 25, 26, 27, 28, 29, 30, 31], [24, 25, 26, 27, 28, 29, 30, 31], [24, 25, 26, 27, 28, 29, 30, 31], [24, 25, 26, 27, 28, 29, 30, 31], [24, 25, 26, 27, 28, 29, 30, 31], [24, 25, 26, 27, 28, 29, 30, 31], [24, 25, 26, 27, 28, 29, 30, 31], [24, 25, 26, 27, 28, 29, 30, 31], [24, 25, 26, 27, 28, 29, 30, 31], [24, 25, 26, 27, 28, 29, 30, 31], [24, 25, 26, 27, 28, 29, 30, 31], [24, 25, 26, 27, 28, 29, 30, 31], [24, 25, 26, 27, 28, 29, 30, 31], [24, 25, 26, 27, 28, 29, 30, 31], [24, 25, 26, 27, 28, 29, 30, 31], [24, 25, 26, 27, 28, 29, 30, 31], [24, 25, 26, 27, 28, 29, 30, 31], [24, 25, 26, 27, 28, 29, 30, 31], [24, 25, 26, 27, 28, 29, 30, 31], [24, 25, 26, 27, 28, 29, 30, 31], [24, 25, 26, 27, 28, 29, 30, 31], [24, 25, 26, 27, 28, 29, 30, 31], [24, 25, 26, 27, 28, 29, 30, 31], [24, 25, 26, 27, 28, 29, 30, 31], [24, 25, 26, 27, 28, 29, 30, 31], [24, 25, 26, 27, 28, 29, 30, 31], [24, 25, 26, 27, 28, 29, 30, 31], [24, 25, 26, 27, 28, 29, 30, 31], [24, 25, 26, 27, 28, 29, 30, 31], [24, 25, 26, 27, 28, 29, 30, 31], [24, 25, 26, 27, 28, 29, 30, 31], [24, 25, 26, 27, 28, 29, 30, 31], [24, 25, 26, 27, 28, 29, 30, 31], [24, 25, 26, 27, 28, 29, 30, 31], [24, 25, 26, 27, 28, 29, 30, 31], [24, 25, 26, 27, 28, 29, 30, 31], [24, 25, 26, 27, 28, 29, 30, 31], [24, 25, 26, 27, 28, 29, 30, 31], [24, 25, 26, 27, 28, 29, 30, 31], [24, 25, 26, 27, 28, 29, 30, 31], [24, 25, 26, 27, 28, 29, 30, 31], [24, 25, 26, 27, 28, 29, 30, 31], [24, 25, 26, 27, 28, 29, 30, 31], [24, 25, 26, 27, 28, 29, 30, 31], [24, 25, 26, 27, 28, 29, 30, 31], [24, 25, 26, 27, 28, 29, 30, 31], [24, 25, 26, 27, 28, 29, 30, 31], [24, 25, 26, 27, 28, 29, 30, 31], [24, 25, 26, 27, 28, 29, 30, 31], [24, 25, 26, 27, 28, 29, 30, 31], [24, 25, 26, 27, 28, 29, 30, 31], [24, 25, 26, 27, 28, 29, 30, 31], [24, 25, 26, 27, 28, 29, 30, 31], [24, 25, 26, 27, 28, 29, 30, 31], [24, 25, 26, 27, 28, 29, 30, 31], [24, 25, 26, 27, 28, 29, 30, 31], [24, 25, 26, 27, 28, 29, 30, 31], [24, 25, 26, 27, 28, 29, 30, 31], [24, 25, 26, 27, 28, 29, 30, 31], [24, 25, 26, 27, 28, 29, 30, 31], [24, 25, 26, 27, 28, 29, 30, 31], [24, 25, 26, 27, 28, 29, 30, 31], [24, 25, 26, 27, 28, 29, 30, 31], [24, 25, 26, 27, 28, 29, 30, 31], [24, 25, 26, 27, 28, 29, 30, 31], [24, 25, 26, 27, 28, 29, 30, 31], [24, 25, 26, 27, 28, 29, 30, 31], [24, 25, 26, 27, 28, 29, 30, 31], [24, 25, 26, 27, 28, 29, 30, 31], [24, 25, 26, 27, 28, 29, 30, 31], [24, 25, 26, 27, 28, 29, 30, 31], [24, 25, 26, 27, 28, 29, 30, 31], [24, 25, 26, 27, 28, 29, 30, 31], [24, 25, 26, 27, 28, 29, 30, 31], [24, 25, 26, 27, 28, 29, 30, 31], [24, 25, 26, 27, 28, 29, 30, 31], [24, 25, 26, 27, 28, 29, 30, 31], [24, 25, 26, 27, 28, 29, 30, 31], [24, 25, 26, 27, 28, 29, 30, 31], [24, 25, 26, 27, 28, 29, 30, 31], [24, 25, 26, 27, 28, 29, 30, 31], [24, 25, 26, 27, 28, 29, 30, 31], [24, 25, 26, 27, 28, 29, 30, 31], [24, 25, 26, 27, 28, 29, 30, 31], [24, 25, 26, 27, 28, 29, 30, 31], [24, 25, 26, 27, 28, 29, 30, 31], [24, 25, 26, 27, 28, 29, 30, 31], [24, 25, 26, 27, 28, 29, 30, 31], [24, 25, 26, 27, 28, 29, 30, 31], [24, 25, 26, 27, 28, 29, 30, 31], [24, 25, 26, 27, 28, 29, 30, 31], [24, 25, 26, 27, 28, 29, 30, 31], [24, 25, 26, 27, 28, 29, 30, 31], [24, 25, 26, 27, 28, 29, 30, 31], [24, 25, 26, 27, 28, 29, 30, 31], [24, 25, 26, 27, 28, 29, 30, 31], [24, 25, 26, 27, 28, 29, 30, 31], [24, 25, 26, 27, 28, 29, 30, 31], [20, 21, 22, 23, 24, 25, 26, 27]]",8,0.8008522391319275,128,last,0.0,13952,4.0,124,0.9075704216957092,0,49 40 97 104,3484,0.6779260039329529,test,top_r_mean,0.0,0.0,0.25,0.375
0.03673938002296211,0.0,109,0.0,31,74.99759993515909,qasper,4.0,0.0,0.0,0.0,2001.02885:96b07373756d7854bccc3c12e8d41454ab8741f5,mean,0.5562351342167856,0.035554658621549606,"[[10, 0, 15, 31, 28, 18, 26, 4], [17, 21, 24, 12, 6, 9, 30, 4], [17, 28, 14, 22, 29, 24, 25, 8], [3, 9, 30, 20, 15, 29, 27, 2], [5, 21, 2, 11, 4, 29, 1, 20], [5, 22, 25, 16, 4, 29, 14, 15], [21, 22, 31, 19, 30, 2, 23, 7], [12, 0, 18, 4, 20, 21, 14, 13], [21, 0, 9, 1, 4, 30, 18, 20], [25, 29, 21, 16, 13, 23, 0, 20], [2, 28, 31, 6, 16, 25, 12, 10], [31, 14, 18, 8, 2, 28, 22, 5], [20, 2, 9, 26, 5, 3, 24, 14], [8, 6, 16, 29, 18, 1, 20, 25], [3, 23, 28, 30, 22, 25, 31, 16], [14, 1, 8, 6, 11, 24, 2, 13], [12, 0, 18, 10, 31, 1, 2, 24], [14, 15, 23, 0, 28, 26, 20, 4], [18, 5, 4, 1, 14, 30, 9, 16], [8, 10, 20, 12, 15, 28, 19, 29], [12, 25, 6, 22, 15, 4, 0, 9], [4, 28, 23, 6, 19, 30, 27, 11], [0, 24, 28, 17, 26, 23, 30, 21], [14, 30, 20, 28, 24, 4, 3, 6], [16, 0, 3, 2, 9, 12, 15, 17], [8, 3, 4, 0, 13, 6, 17, 10], [19, 1, 6, 3, 4, 15, 5, 23], [31, 0, 15, 17, 13, 27, 26, 3], [28, 30, 21, 29, 31, 8, 6, 27], [31, 28, 10, 20, 7, 23, 27, 26], [27, 19, 25, 29, 10, 30, 28, 23], [16, 4, 2, 15, 27, 12, 30, 5], [18, 0, 6, 26, 10, 5, 31, 25], [29, 2, 20, 3, 17, 13, 0, 15], [24, 14, 6, 26, 7, 18, 27, 23], [21, 28, 9, 3, 30, 26, 11, 13], [14, 6, 24, 17, 9, 3, 27, 23], [16, 12, 2, 23, 15, 11, 1, 9], [18, 11, 27, 14, 23, 24, 7, 8], [18, 15, 10, 3, 13, 29, 0, 11], [20, 0, 14, 7, 6, 10, 13, 30], [19, 16, 15, 2, 8, 6, 18, 26], [19, 4, 5, 25, 23, 0, 31, 22], [31, 23, 0, 11, 21, 24, 5, 2], [16, 27, 4, 30, 31, 23, 12, 22], [18, 22, 0, 29, 7, 16, 28, 25], [16, 19, 24, 14, 25, 8, 29, 0], [0, 20, 7, 30, 24, 8, 21, 11], [6, 0, 24, 20, 31, 17, 27, 16], [22, 8, 27, 0, 18, 4, 23, 25], [17, 22, 26, 21, 24, 11, 19, 1], [13, 12, 10, 3, 31, 20, 28, 2], [21, 0, 30, 17, 4, 18, 24, 13], [28, 7, 26, 24, 20, 6, 14, 0], [9, 26, 28, 17, 23, 18, 3, 8], [22, 10, 20, 15, 16, 29, 21, 4], [8, 0, 3, 17, 1, 5, 18, 21], [28, 15, 7, 31, 24, 13, 25, 27], [24, 12, 28, 3, 8, 14, 0, 19], [1, 23, 20, 22, 27, 25, 8, 15], [17, 12, 9, 5, 31, 13, 30, 24], [10, 17, 28, 21, 29, 14, 5, 2], [5, 18, 28, 21, 10, 14, 17, 25], [15, 0, 3, 6, 9, 2, 24, 11], [10, 0, 27, 7, 29, 25, 26, 13], [4, 27, 2, 13, 9, 24, 31, 29], [16, 13, 3, 4, 2, 10, 25, 11], [10, 23, 2, 17, 31, 7, 1, 30], [3, 21, 0, 14, 17, 1, 24, 23], [1, 10, 13, 7, 29, 8, 12, 22], [14, 22, 28, 13, 3, 6, 0, 7], [14, 12, 9, 4, 5, 6, 17, 3], [24, 0, 5, 29, 3, 1, 30, 12], [18, 5, 27, 16, 6, 26, 31, 10], [23, 4, 3, 6, 2, 8, 22, 19], [24, 12, 5, 29, 31, 20, 8, 2], [15, 13, 12, 6, 31, 29, 9, 14], [10, 24, 23, 3, 25, 19, 15, 7], [16, 18, 10, 27, 22, 7, 19, 9], [5, 31, 30, 12, 25, 24, 11, 10], [21, 0, 16, 12, 15, 20, 18, 28], [12, 21, 20, 15, 27, 2, 26, 14], [15, 1, 2, 3, 13, 31, 0, 14], [20, 17, 14, 1, 27, 9, 19, 10], [9, 23, 14, 3, 6, 1, 24, 20], [0, 31, 13, 3, 8, 1, 28, 2], [16, 22, 6, 0, 21, 12, 11, 31], [18, 5, 29, 26, 15, 11, 21, 24], [20, 0, 17, 8, 23, 16, 1, 26], [9, 24, 21, 27, 22, 14, 28, 26], [23, 15, 28, 31, 22, 19, 2, 21], [8, 6, 5, 0, 21, 29, 15, 7], [20, 4, 5, 9, 13, 15, 30, 22], [23, 17, 1, 29, 21, 30, 13, 12], [9, 2, 17, 22, 5, 16, 8, 0], [3, 17, 10, 12, 27, 15, 13, 26], [31, 0, 26, 22, 16, 28, 19, 15], [24, 18, 4, 10, 21, 15, 8, 2], [19, 25, 24, 31, 28, 17, 7, 23], [13, 0, 2, 31, 1, 9, 17, 6], [25, 4, 19, 1, 9, 29, 0, 5], [12, 14, 26, 5, 18, 21, 8, 19], [23, 6, 13, 8, 14, 20, 29, 9], [20, 15, 4, 26, 21, 7, 29, 17], [6, 0, 31, 2, 30, 1, 26, 16], [24, 6, 17, 29, 30, 26, 4, 31], [20, 0, 25, 29, 28, 3, 24, 21], [25, 20, 13, 3, 0, 15, 28, 29], [19, 9, 27, 25, 6, 8, 10, 15]]",8,0.7077448964118958,128,farthest,0.0,13952,4.0,124,0.7608305215835571,0,8 88 56 104,3484,0.74500972032547,test,top_r_mean,0.0,0.5,0.5,0.625
0.03673938002296211,0.0,109,0.0,31,87.95429999008775,qasper,4.0,0.0,0.0,0.0,2001.02885:96b07373756d7854bccc3c12e8d41454ab8741f5,mean,0.908936459395175,0.0009342259727418423,"[[17, 0, 8, 10, 23, 13, 22, 5], [12, 13, 21, 14, 5, 7, 1, 15], [9, 13, 21, 12, 11, 17, 0, 24], [12, 25, 18, 21, 7, 19, 8, 6], [20, 24, 27, 28, 25, 21, 23, 22], [15, 18, 24, 17, 27, 20, 28, 6], [7, 17, 12, 14, 25, 13, 18, 4], [13, 9, 3, 8, 11, 10, 16, 25], [14, 0, 20, 30, 31, 6, 15, 8], [16, 1, 0, 17, 11, 9, 13, 2], [8, 9, 15, 19, 22, 10, 13, 16], [0, 1, 7, 11, 23, 10, 24, 2], [23, 28, 18, 16, 21, 25, 24, 29], [21, 9, 5, 8, 22, 28, 24, 1], [17, 18, 31, 20, 21, 30, 19, 24], [0, 7, 13, 27, 23, 29, 28, 10], [21, 0, 8, 7, 12, 22, 26, 4], [28, 30, 29, 18, 26, 0, 21, 10], [3, 2, 12, 8, 0, 19, 18, 9], [23, 4, 22, 3, 19, 6, 28, 20], [9, 10, 19, 20, 12, 6, 22, 17], [12, 13, 26, 21, 5, 22, 0, 14], [16, 15, 5, 6, 28, 18, 19, 1], [29, 25, 6, 24, 2, 23, 28, 4], [11, 0, 31, 1, 16, 25, 8, 17], [15, 9, 16, 24, 20, 27, 28, 22], [4, 1, 0, 10, 19, 2, 23, 28], [5, 28, 11, 17, 2, 27, 31, 25], [31, 29, 7, 18, 27, 22, 8, 30], [22, 16, 0, 1, 9, 23, 6, 19], [12, 21, 9, 3, 5, 18, 8, 1], [14, 25, 8, 16, 0, 22, 23, 26], [31, 0, 1, 9, 4, 2, 12, 3], [17, 19, 4, 8, 0, 9, 11, 24], [6, 29, 17, 25, 22, 30, 15, 24], [2, 4, 8, 7, 12, 25, 3, 6], [11, 12, 21, 23, 13, 25, 30, 19], [9, 17, 1, 0, 13, 11, 6, 10], [16, 22, 8, 15, 19, 10, 14, 23], [31, 13, 17, 20, 8, 4, 10, 21], [28, 0, 19, 4, 2, 12, 26, 6], [30, 10, 2, 5, 7, 1, 6, 12], [17, 19, 30, 1, 0, 12, 26, 16], [7, 29, 17, 8, 10, 4, 21, 0], [9, 10, 24, 16, 1, 26, 17, 14], [1, 2, 11, 10, 3, 13, 23, 17], [3, 1, 2, 7, 10, 11, 18, 4], [23, 26, 27, 24, 25, 11, 10, 12], [16, 0, 19, 17, 21, 18, 15, 24], [31, 25, 10, 11, 26, 15, 20, 27], [15, 0, 18, 17, 4, 16, 7, 1], [20, 6, 8, 24, 21, 19, 31, 14], [1, 6, 19, 11, 26, 9, 20, 24], [6, 29, 21, 10, 12, 22, 7, 16], [21, 5, 19, 24, 15, 0, 12, 25], [1, 2, 9, 7, 12, 3, 11, 19], [21, 0, 22, 19, 9, 17, 18, 1], [11, 14, 12, 18, 30, 31, 13, 16], [17, 3, 10, 16, 5, 7, 2, 21], [31, 22, 24, 26, 13, 19, 2, 23], [1, 0, 26, 30, 27, 9, 28, 2], [8, 4, 2, 1, 23, 9, 13, 6], [1, 13, 16, 8, 15, 9, 7, 2], [25, 13, 24, 28, 31, 27, 30, 26], [6, 0, 5, 26, 11, 7, 20, 3], [7, 21, 0, 4, 3, 5, 27, 13], [3, 5, 6, 8, 19, 4, 22, 27], [31, 17, 19, 22, 24, 29, 7, 4], [23, 11, 3, 26, 1, 5, 24, 12], [13, 15, 18, 14, 0, 6, 21, 29], [7, 9, 3, 15, 5, 12, 20, 21], [31, 6, 18, 24, 19, 25, 3, 15], [2, 0, 8, 4, 1, 9, 3, 14], [10, 26, 12, 15, 3, 24, 13, 19], [6, 10, 11, 7, 9, 3, 16, 29], [3, 7, 23, 9, 27, 11, 28, 5], [3, 11, 4, 12, 16, 28, 15, 5], [14, 16, 6, 2, 17, 15, 18, 29], [14, 17, 16, 15, 26, 3, 6, 4], [14, 16, 18, 17, 15, 23, 1, 22], [4, 0, 6, 1, 2, 19, 21, 14], [2, 10, 31, 12, 11, 0, 3, 23], [16, 11, 10, 13, 23, 0, 15, 24], [16, 20, 15, 0, 2, 26, 1, 3], [3, 21, 4, 22, 24, 28, 12, 25], [5, 27, 25, 7, 2, 11, 21, 20], [12, 17, 24, 4, 29, 20, 27, 28], [26, 27, 17, 19, 13, 20, 28, 31], [16, 0, 1, 19, 3, 9, 23, 17], [30, 13, 23, 17, 3, 26, 20, 5], [23, 25, 3, 21, 11, 5, 22, 6], [27, 28, 18, 20, 8, 22, 25, 12], [29, 28, 10, 3, 19, 30, 1, 15], [2, 14, 12, 20, 9, 13, 29, 18], [15, 27, 1, 29, 30, 10, 12, 31], [30, 4, 7, 19, 31, 12, 8, 14], [19, 0, 1, 28, 21, 2, 8, 20], [21, 24, 25, 3, 22, 29, 1, 5], [12, 16, 18, 14, 15, 24, 6, 30], [19, 25, 16, 20, 21, 5, 27, 9], [20, 18, 29, 7, 19, 9, 8, 0], [2, 21, 1, 3, 7, 10, 13, 12], [22, 23, 16, 30, 12, 0, 31, 26], [10, 24, 12, 1, 28, 0, 21, 2], [30, 0, 7, 4, 29, 25, 31, 20], [14, 22, 2, 3, 15, 28, 25, 8], [1, 0, 4, 26, 13, 3, 2, 24], [28, 5, 31, 30, 12, 17, 2, 22], [27, 1, 0, 2, 5, 3, 13, 6]]",8,0.11862657964229584,128,greedy_oracle,0.0,13952,4.0,124,0.12600041925907135,0,8 16 40 88,3484,0.9849318265914917,test,top_r_mean,0.0,1.0,1.0,1.0
0.03673938002296211,0.0,109,0.0,31,72.03780021518469,qasper,4.0,0.0,0.0,0.0,2001.02885:96b07373756d7854bccc3c12e8d41454ab8741f5,mean,0.601427115188583,0.08435089141130447,"[[21, 7, 31, 26, 9, 2, 5, 10], [26, 17, 21, 13, 23, 8, 24, 15], [20, 23, 12, 3, 5, 15, 30, 31], [26, 11, 22, 21, 19, 14, 7, 25], [5, 13, 17, 24, 3, 2, 19, 30], [8, 17, 13, 3, 25, 10, 0, 28], [11, 3, 0, 6, 13, 16, 26, 20], [27, 26, 13, 16, 8, 12, 0, 24], [15, 19, 26, 30, 13, 14, 24, 1], [26, 15, 1, 2, 12, 16, 24, 27], [10, 19, 28, 0, 31, 23, 2, 22], [0, 31, 19, 28, 20, 26, 16, 22], [11, 2, 22, 25, 18, 28, 13, 5], [21, 5, 16, 26, 23, 0, 20, 11], [8, 7, 27, 15, 12, 4, 3, 2], [19, 25, 17, 30, 29, 28, 2, 11], [1, 27, 10, 21, 0, 16, 20, 4], [12, 28, 25, 18, 3, 27, 13, 21], [26, 17, 18, 5, 13, 24, 2, 23], [11, 7, 0, 25, 20, 1, 15, 10], [7, 17, 16, 23, 31, 2, 8, 25], [10, 0, 7, 21, 6, 11, 23, 2], [25, 7, 18, 8, 23, 12, 16, 9], [1, 10, 5, 24, 9, 2, 26, 28], [16, 5, 2, 29, 13, 12, 19, 14], [25, 28, 21, 17, 3, 23, 29, 6], [27, 21, 31, 17, 23, 22, 0, 20], [5, 16, 13, 7, 10, 0, 6, 2], [30, 14, 1, 22, 24, 6, 16, 10], [9, 8, 11, 25, 1, 24, 2, 31], [1, 7, 13, 28, 26, 9, 3, 0], [21, 29, 27, 5, 13, 3, 26, 8], [8, 9, 5, 3, 28, 15, 17, 22], [9, 25, 16, 26, 15, 10, 21, 24], [26, 24, 25, 30, 27, 9, 28, 22], [10, 22, 5, 26, 27, 24, 20, 7], [25, 21, 19, 27, 5, 20, 17, 13], [14, 22, 31, 13, 30, 23, 26, 20], [20, 28, 9, 18, 27, 10, 0, 30], [21, 20, 19, 16, 25, 27, 13, 24], [24, 16, 12, 23, 26, 1, 2, 13], [3, 29, 4, 27, 21, 6, 28, 0], [25, 26, 17, 11, 4, 18, 31, 3], [30, 5, 21, 16, 24, 26, 20, 31], [24, 28, 9, 26, 12, 1, 14, 10], [4, 7, 18, 5, 8, 1, 2, 24], [9, 22, 15, 2, 1, 28, 4, 19], [23, 29, 13, 9, 24, 17, 22, 2], [10, 26, 14, 9, 28, 1, 16, 4], [14, 24, 13, 11, 10, 3, 29, 26], [6, 28, 20, 18, 23, 0, 13, 29], [14, 7, 18, 24, 5, 25, 4, 16], [3, 2, 5, 20, 18, 10, 9, 28], [10, 9, 15, 27, 25, 20, 26, 8], [3, 1, 15, 5, 21, 0, 8, 16], [31, 8, 3, 29, 4, 9, 12, 30], [19, 9, 27, 7, 23, 2, 31, 5], [3, 18, 2, 25, 21, 27, 24, 12], [18, 13, 30, 23, 12, 6, 4, 22], [2, 6, 17, 25, 14, 18, 11, 29], [12, 22, 10, 27, 1, 18, 20, 7], [21, 18, 24, 30, 15, 29, 25, 5], [8, 23, 16, 25, 29, 1, 13, 24], [11, 10, 26, 0, 8, 9, 20, 7], [31, 29, 12, 28, 30, 18, 17, 26], [26, 28, 17, 16, 25, 0, 12, 21], [24, 6, 20, 10, 13, 29, 15, 7], [31, 20, 9, 0, 6, 25, 7, 17], [13, 16, 27, 29, 5, 8, 2, 0], [6, 20, 29, 22, 19, 8, 16, 13], [8, 17, 9, 12, 24, 10, 18, 27], [23, 0, 16, 20, 25, 12, 18, 11], [4, 11, 31, 6, 3, 28, 15, 18], [27, 8, 21, 17, 18, 25, 28, 4], [30, 16, 4, 11, 6, 19, 20, 7], [6, 25, 14, 19, 10, 27, 12, 26], [4, 18, 5, 13, 12, 24, 21, 16], [25, 12, 5, 15, 9, 29, 30, 0], [29, 15, 27, 0, 22, 19, 3, 6], [13, 18, 26, 27, 1, 4, 6, 9], [3, 1, 31, 5, 2, 19, 12, 30], [30, 31, 17, 26, 24, 15, 22, 1], [29, 27, 14, 13, 28, 9, 24, 18], [19, 24, 15, 26, 5, 18, 20, 14], [17, 31, 8, 21, 25, 1, 3, 11], [11, 9, 7, 19, 13, 18, 31, 21], [4, 26, 25, 6, 24, 29, 16, 0], [4, 3, 7, 14, 15, 28, 5, 26], [6, 25, 18, 27, 2, 22, 26, 3], [24, 10, 31, 28, 1, 2, 18, 16], [29, 7, 5, 16, 12, 22, 11, 30], [17, 24, 16, 19, 25, 4, 11, 29], [21, 29, 15, 27, 0, 28, 26, 9], [17, 22, 31, 24, 10, 12, 7, 8], [17, 25, 29, 6, 1, 26, 9, 7], [5, 23, 0, 17, 22, 10, 25, 19], [15, 7, 0, 26, 29, 22, 8, 19], [18, 0, 24, 3, 28, 5, 22, 6], [1, 25, 22, 20, 0, 26, 18, 9], [5, 30, 9, 6, 29, 21, 31, 18], [4, 2, 15, 30, 11, 3, 8, 18], [13, 31, 24, 20, 3, 18, 12, 8], [22, 3, 30, 26, 4, 11, 31, 17], [19, 12, 15, 17, 9, 28, 29, 31], [21, 27, 24, 17, 26, 23, 31, 12], [13, 12, 28, 23, 30, 29, 14, 18], [31, 27, 19, 7, 2, 28, 23, 29], [5, 20, 28, 29, 1, 11, 24, 31], [17, 2, 19, 24, 26, 27, 15, 6]]",8,0.6705144047737122,128,random,0.0,13952,4.0,124,0.7506639361381531,11,16 96 8 80,3484,0.792160153388977,test,top_r_mean,1.0,0.5,0.5,0.75
0.03673938002296211,0.0,109,0.0,31,81.9626001175493,qasper,4.0,0.0,0.0,0.0,2001.02885:96b07373756d7854bccc3c12e8d41454ab8741f5,mean,0.6123003737682636,0.0748063325881958,"[[2, 22, 15, 20, 19, 14, 7, 11], [28, 1, 2, 29, 31, 23, 30, 27], [3, 19, 21, 14, 9, 7, 1, 15], [26, 16, 31, 5, 18, 1, 10, 3], [5, 23, 10, 30, 0, 8, 13, 21], [20, 12, 29, 30, 3, 16, 13, 26], [25, 23, 26, 11, 18, 24, 19, 14], [9, 10, 26, 31, 21, 1, 25, 3], [24, 19, 17, 7, 9, 14, 31, 25], [31, 3, 14, 29, 4, 18, 27, 2], [18, 9, 27, 22, 29, 30, 2, 20], [15, 2, 11, 28, 14, 20, 31, 25], [6, 4, 3, 0, 23, 17, 26, 5], [31, 20, 12, 29, 5, 2, 28, 10], [2, 12, 8, 28, 1, 25, 13, 24], [15, 12, 18, 4, 30, 19, 6, 7], [22, 14, 2, 21, 17, 1, 0, 5], [5, 10, 22, 1, 16, 9, 24, 31], [3, 8, 5, 23, 12, 9, 31, 19], [12, 26, 3, 20, 29, 18, 1, 15], [5, 7, 21, 30, 18, 15, 9, 1], [7, 4, 29, 1, 20, 11, 15, 9], [10, 28, 23, 27, 24, 15, 30, 22], [8, 3, 28, 9, 21, 2, 30, 29], [11, 4, 9, 0, 30, 22, 24, 29], [11, 15, 1, 8, 9, 0, 6, 16], [19, 18, 26, 14, 28, 15, 16, 21], [9, 2, 22, 27, 0, 30, 5, 7], [10, 27, 6, 21, 8, 5, 9, 25], [18, 22, 3, 1, 21, 10, 12, 6], [27, 3, 30, 7, 24, 25, 4, 15], [13, 11, 9, 10, 16, 25, 18, 4], [23, 15, 4, 6, 1, 8, 16, 20], [8, 3, 14, 22, 29, 23, 25, 15], [28, 9, 23, 29, 18, 21, 4, 22], [6, 16, 31, 2, 9, 14, 21, 3], [22, 17, 16, 8, 23, 26, 11, 9], [25, 21, 16, 18, 7, 10, 20, 2], [14, 15, 21, 19, 31, 24, 3, 4], [31, 4, 26, 30, 27, 23, 29, 13], [26, 10, 17, 20, 3, 23, 9, 31], [20, 15, 30, 19, 9, 21, 7, 22], [0, 19, 24, 9, 30, 27, 8, 26], [11, 8, 1, 20, 9, 28, 3, 7], [11, 21, 22, 3, 20, 18, 4, 25], [21, 15, 30, 24, 0, 20, 10, 22], [6, 17, 10, 16, 3, 18, 29, 4], [18, 31, 1, 17, 30, 25, 28, 14], [2, 3, 22, 12, 18, 26, 9, 11], [25, 7, 27, 21, 16, 14, 18, 12], [12, 1, 28, 22, 5, 20, 19, 9], [2, 19, 7, 3, 23, 5, 22, 9], [16, 14, 20, 11, 5, 19, 29, 6], [10, 24, 13, 8, 31, 18, 20, 25], [0, 27, 15, 3, 16, 9, 7, 13], [28, 4, 31, 5, 11, 0, 29, 1], [2, 20, 13, 22, 5, 29, 3, 25], [23, 13, 30, 15, 3, 10, 1, 25], [13, 21, 19, 1, 5, 3, 16, 7], [26, 0, 13, 27, 23, 31, 12, 30], [9, 30, 21, 13, 22, 24, 15, 5], [19, 2, 25, 26, 13, 18, 16, 20], [8, 23, 30, 1, 5, 19, 7, 17], [5, 16, 25, 4, 10, 6, 23, 9], [28, 6, 9, 1, 2, 14, 18, 17], [27, 31, 12, 24, 18, 13, 4, 25], [10, 17, 21, 1, 27, 29, 28, 0], [19, 25, 31, 30, 11, 29, 10, 14], [6, 23, 3, 21, 31, 26, 0, 30], [24, 9, 15, 3, 22, 5, 31, 6], [27, 6, 13, 25, 0, 19, 7, 8], [13, 16, 4, 9, 14, 0, 29, 11], [11, 5, 8, 4, 13, 1, 31, 24], [7, 21, 14, 8, 22, 19, 9, 26], [10, 7, 20, 31, 24, 27, 9, 4], [16, 17, 20, 6, 5, 18, 23, 26], [26, 24, 7, 9, 23, 1, 16, 25], [13, 15, 21, 17, 8, 20, 24, 9], [30, 18, 29, 7, 14, 19, 27, 25], [13, 27, 22, 23, 3, 12, 19, 28], [30, 8, 0, 7, 25, 31, 4, 16], [30, 17, 12, 9, 25, 11, 2, 22], [13, 18, 19, 22, 17, 23, 25, 4], [6, 16, 29, 18, 9, 13, 4, 27], [17, 28, 22, 20, 30, 9, 8, 14], [6, 20, 4, 30, 16, 0, 2, 31], [21, 7, 22, 24, 12, 1, 5, 26], [26, 14, 8, 23, 5, 11, 31, 1], [29, 23, 1, 12, 24, 3, 17, 31], [0, 2, 17, 27, 10, 21, 1, 19], [31, 25, 6, 16, 13, 28, 1, 29], [23, 19, 12, 7, 6, 20, 22, 4], [13, 6, 5, 10, 1, 17, 21, 24], [21, 23, 19, 24, 9, 4, 13, 18], [4, 16, 24, 5, 11, 22, 2, 1], [29, 5, 27, 26, 8, 2, 24, 10], [28, 10, 19, 27, 16, 30, 25, 4], [15, 14, 31, 23, 29, 21, 13, 8], [10, 22, 3, 7, 31, 17, 5, 28], [6, 30, 22, 1, 23, 5, 25, 27], [24, 11, 13, 18, 26, 20, 2, 21], [11, 15, 27, 8, 6, 23, 12, 14], [29, 24, 27, 3, 26, 9, 19, 4], [29, 3, 26, 25, 20, 23, 14, 1], [9, 17, 0, 23, 1, 30, 22, 13], [26, 15, 27, 28, 25, 12, 20, 0], [21, 9, 30, 29, 10, 13, 6, 4], [5, 29, 2, 12, 8, 19, 23, 31], [19, 15, 10, 13, 4, 18, 22, 9]]",8,0.6775676608085632,128,random,0.0,13952,4.0,124,0.7474552392959595,23,16 104 24 80,3484,0.8059030771255493,test,top_r_mean,1.0,0.5,0.25,0.625
0.03673938002296211,0.0,109,0.0,31,91.21349989436567,qasper,4.0,0.0,0.0,0.0,2001.02885:96b07373756d7854bccc3c12e8d41454ab8741f5,mean,0.5898742779476724,0.06788482517004013,"[[23, 29, 7, 6, 20, 2, 4, 17], [8, 21, 5, 30, 2, 15, 28, 3], [5, 1, 13, 15, 7, 18, 23, 9], [16, 0, 28, 7, 6, 2, 3, 9], [31, 17, 2, 1, 9, 6, 13, 26], [20, 11, 16, 25, 17, 29, 26, 3], [15, 14, 27, 7, 9, 10, 26, 13], [30, 20, 1, 21, 0, 4, 27, 8], [14, 13, 8, 12, 19, 28, 29, 10], [3, 9, 2, 12, 13, 5, 21, 10], [5, 29, 19, 18, 8, 25, 30, 7], [2, 24, 8, 15, 16, 12, 27, 10], [26, 3, 0, 20, 1, 22, 10, 14], [15, 19, 14, 31, 10, 5, 4, 23], [1, 15, 26, 3, 11, 8, 17, 29], [22, 12, 9, 15, 5, 3, 28, 1], [23, 20, 8, 30, 22, 1, 26, 2], [30, 9, 2, 7, 21, 12, 20, 8], [27, 14, 23, 2, 11, 19, 12, 24], [13, 27, 21, 12, 31, 9, 2, 25], [4, 0, 6, 16, 27, 18, 21, 25], [0, 28, 5, 27, 16, 8, 26, 15], [13, 17, 25, 29, 8, 16, 23, 12], [5, 18, 3, 4, 6, 1, 20, 8], [19, 17, 26, 15, 1, 21, 29, 18], [21, 30, 15, 6, 11, 9, 16, 10], [28, 5, 11, 8, 26, 16, 29, 18], [13, 24, 31, 11, 20, 5, 7, 6], [18, 9, 1, 30, 27, 31, 28, 13], [30, 24, 3, 17, 4, 20, 27, 25], [25, 16, 0, 29, 6, 22, 7, 15], [4, 2, 15, 11, 8, 5, 13, 7], [9, 20, 15, 31, 5, 18, 25, 2], [19, 22, 31, 2, 30, 11, 27, 7], [2, 13, 11, 7, 29, 15, 0, 19], [6, 22, 10, 28, 5, 16, 17, 13], [5, 15, 17, 31, 0, 21, 2, 7], [3, 0, 23, 26, 17, 27, 7, 5], [26, 19, 17, 1, 13, 12, 5, 27], [3, 2, 12, 18, 23, 31, 14, 25], [4, 25, 19, 0, 26, 17, 20, 22], [6, 24, 5, 22, 7, 23, 29, 11], [9, 30, 4, 29, 0, 21, 17, 3], [3, 28, 0, 25, 23, 17, 5, 9], [3, 18, 8, 24, 21, 20, 13, 30], [27, 0, 17, 25, 1, 26, 24, 9], [14, 25, 15, 4, 1, 10, 7, 11], [15, 13, 8, 6, 28, 25, 21, 31], [29, 16, 13, 25, 23, 17, 18, 5], [8, 7, 5, 4, 26, 13, 1, 28], [6, 0, 9, 21, 18, 1, 24, 26], [31, 8, 2, 1, 29, 23, 17, 3], [7, 5, 1, 4, 12, 20, 31, 9], [10, 18, 31, 29, 17, 6, 1, 16], [1, 13, 28, 14, 31, 21, 7, 20], [28, 0, 21, 2, 10, 29, 17, 16], [6, 17, 27, 31, 3, 28, 0, 7], [15, 20, 31, 1, 6, 17, 2, 8], [11, 5, 10, 4, 19, 29, 17, 2], [17, 30, 18, 7, 23, 27, 20, 28], [28, 12, 26, 11, 20, 18, 22, 24], [1, 11, 8, 27, 4, 15, 22, 12], [5, 26, 1, 2, 15, 17, 16, 10], [24, 5, 20, 23, 8, 14, 12, 27], [12, 6, 21, 28, 15, 8, 18, 5], [26, 15, 23, 13, 17, 12, 27, 30], [13, 9, 26, 14, 18, 4, 8, 23], [12, 4, 15, 22, 26, 27, 17, 19], [15, 4, 29, 22, 31, 19, 14, 23], [29, 7, 2, 12, 15, 16, 25, 27], [30, 4, 1, 9, 17, 10, 14, 16], [25, 2, 30, 9, 20, 31, 8, 6], [3, 24, 27, 23, 18, 0, 10, 11], [3, 18, 25, 13, 19, 9, 31, 23], [30, 15, 0, 26, 31, 2, 28, 14], [2, 6, 31, 29, 20, 13, 7, 18], [6, 26, 25, 14, 7, 3, 1, 28], [3, 4, 25, 29, 18, 31, 6, 0], [29, 22, 24, 3, 16, 1, 14, 7], [14, 7, 30, 18, 25, 31, 15, 6], [19, 31, 14, 6, 5, 15, 24, 4], [29, 7, 16, 15, 31, 26, 30, 28], [26, 10, 2, 20, 28, 6, 8, 9], [11, 21, 9, 19, 16, 14, 29, 10], [26, 23, 15, 16, 30, 12, 28, 31], [3, 4, 27, 30, 1, 16, 31, 8], [0, 29, 3, 25, 9, 12, 16, 26], [10, 15, 8, 16, 18, 17, 26, 25], [15, 26, 6, 14, 17, 25, 27, 1], [22, 8, 20, 27, 28, 10, 29, 5], [6, 29, 26, 9, 25, 30, 8, 3], [23, 29, 15, 24, 27, 13, 22, 25], [23, 22, 27, 0, 13, 8, 20, 7], [12, 24, 2, 13, 16, 25, 1, 29], [14, 27, 22, 10, 17, 30, 21, 13], [0, 25, 4, 5, 3, 6, 21, 1], [3, 31, 12, 17, 4, 20, 29, 13], [31, 20, 16, 29, 15, 30, 13, 4], [3, 4, 10, 25, 0, 2, 29, 15], [0, 31, 4, 9, 2, 10, 26, 30], [23, 14, 16, 20, 24, 0, 3, 15], [24, 20, 19, 1, 14, 22, 9, 15], [17, 13, 8, 21, 4, 14, 9, 6], [31, 24, 19, 14, 20, 6, 4, 16], [6, 31, 29, 4, 7, 22, 26, 8], [8, 5, 22, 13, 30, 3, 19, 4], [16, 17, 20, 21, 10, 9, 28, 30], [21, 20, 12, 2, 11, 10, 3, 31], [13, 2, 8, 26, 21, 17, 10, 14]]",8,0.6845211386680603,128,random,0.0,13952,4.0,124,0.747963547706604,37,40 72 56 16,3484,0.7734037637710571,test,top_r_mean,0.0,0.0,0.5,0.625
0.03673938002296211,1.0,109,1.0,31,76.37180015444756,qasper,4.0,0.25,1.0,0.0,2001.02885:96b07373756d7854bccc3c12e8d41454ab8741f5,mean,0.5800203873598369,0.07927463948726654,"[[0, 20, 1, 11, 29, 21, 17, 5], [6, 16, 8, 11, 18, 13, 2, 17], [11, 8, 1, 25, 15, 23, 30, 10], [24, 27, 4, 12, 3, 15, 22, 31], [24, 2, 8, 16, 13, 0, 28, 23], [9, 22, 29, 13, 7, 0, 23, 12], [29, 16, 30, 24, 11, 17, 25, 5], [19, 0, 31, 4, 20, 22, 10, 2], [18, 16, 7, 19, 0, 4, 3, 29], [19, 21, 28, 23, 3, 2, 11, 26], [6, 4, 7, 14, 26, 27, 9, 11], [21, 6, 19, 23, 27, 20, 29, 0], [9, 26, 30, 2, 20, 17, 31, 1], [30, 12, 28, 2, 6, 0, 11, 9], [23, 0, 2, 30, 29, 25, 5, 12], [19, 14, 23, 20, 31, 29, 5, 21], [4, 1, 26, 29, 2, 22, 19, 28], [20, 0, 10, 2, 4, 17, 24, 23], [16, 5, 9, 4, 11, 30, 26, 12], [29, 22, 6, 0, 14, 31, 21, 15], [30, 31, 20, 22, 5, 0, 15, 12], [4, 17, 7, 30, 18, 11, 3, 6], [23, 7, 30, 11, 18, 16, 1, 9], [29, 22, 17, 15, 6, 11, 24, 2], [11, 2, 29, 4, 22, 6, 30, 21], [8, 25, 11, 3, 17, 5, 9, 15], [10, 4, 25, 21, 13, 6, 0, 1], [3, 20, 21, 29, 14, 30, 22, 12], [23, 9, 15, 0, 17, 28, 11, 19], [14, 28, 3, 21, 9, 5, 13, 17], [19, 16, 23, 12, 26, 7, 8, 31], [6, 9, 30, 15, 7, 27, 20, 5], [12, 14, 0, 19, 2, 24, 29, 21], [13, 16, 14, 3, 17, 28, 12, 31], [7, 12, 15, 27, 25, 18, 11, 13], [21, 15, 7, 25, 6, 22, 24, 18], [18, 23, 20, 28, 14, 19, 7, 12], [1, 17, 23, 14, 29, 25, 28, 2], [9, 26, 27, 21, 22, 1, 30, 18], [15, 2, 22, 9, 10, 11, 12, 14], [26, 6, 7, 10, 4, 5, 9, 11], [3, 24, 26, 6, 2, 16, 14, 7], [27, 16, 28, 9, 13, 3, 0, 21], [10, 6, 22, 21, 19, 0, 13, 8], [27, 12, 4, 5, 11, 8, 13, 0], [22, 1, 4, 0, 29, 13, 30, 9], [24, 11, 30, 6, 27, 29, 25, 7], [7, 15, 25, 22, 3, 12, 27, 6], [8, 31, 10, 17, 13, 11, 19, 15], [6, 16, 21, 5, 29, 1, 12, 8], [20, 25, 10, 22, 30, 15, 18, 31], [4, 21, 22, 19, 14, 23, 5, 9], [13, 28, 8, 7, 9, 15, 4, 10], [18, 28, 16, 8, 21, 7, 4, 5], [31, 6, 25, 27, 2, 29, 1, 12], [5, 25, 23, 27, 16, 2, 14, 0], [12, 11, 29, 19, 9, 10, 28, 5], [25, 19, 6, 30, 18, 4, 3, 7], [16, 26, 12, 23, 10, 7, 11, 5], [22, 4, 19, 30, 2, 5, 12, 26], [31, 13, 17, 29, 16, 5, 20, 27], [12, 20, 0, 3, 26, 18, 24, 16], [12, 28, 29, 25, 31, 30, 24, 21], [9, 16, 23, 18, 14, 15, 30, 3], [25, 7, 28, 29, 23, 1, 9, 11], [25, 17, 2, 13, 21, 30, 19, 9], [31, 17, 0, 16, 1, 28, 3, 19], [10, 13, 25, 22, 9, 20, 23, 12], [21, 6, 18, 31, 27, 25, 24, 30], [30, 19, 23, 29, 28, 24, 0, 20], [3, 4, 23, 18, 0, 21, 22, 8], [20, 10, 13, 7, 1, 18, 11, 0], [0, 11, 4, 24, 2, 13, 22, 10], [1, 13, 10, 0, 15, 3, 21, 19], [25, 1, 26, 21, 27, 13, 12, 16], [16, 28, 1, 20, 2, 9, 5, 29], [18, 8, 9, 5, 11, 28, 29, 12], [29, 24, 20, 2, 3, 18, 28, 12], [19, 13, 14, 6, 22, 17, 11, 10], [2, 24, 25, 22, 17, 6, 7, 12], [1, 23, 22, 30, 0, 16, 25, 14], [16, 17, 7, 10, 5, 24, 6, 14], [6, 2, 9, 11, 28, 17, 4, 5], [11, 6, 10, 8, 5, 12, 21, 2], [3, 7, 19, 21, 23, 5, 4, 22], [27, 3, 22, 29, 7, 21, 4, 30], [17, 21, 13, 16, 29, 8, 27, 6], [18, 19, 22, 12, 6, 25, 4, 5], [12, 31, 10, 9, 23, 29, 8, 16], [8, 21, 6, 22, 1, 27, 3, 20], [3, 28, 5, 11, 12, 1, 13, 14], [29, 18, 13, 1, 14, 0, 21, 28], [28, 1, 13, 25, 11, 0, 24, 19], [22, 20, 26, 24, 10, 5, 1, 18], [26, 5, 25, 24, 20, 0, 9, 23], [1, 3, 21, 24, 2, 15, 9, 0], [16, 25, 20, 27, 13, 2, 24, 19], [31, 1, 6, 9, 19, 23, 4, 12], [8, 7, 15, 13, 24, 30, 17, 19], [17, 31, 9, 15, 8, 3, 30, 12], [18, 16, 30, 1, 27, 12, 4, 9], [1, 26, 8, 10, 7, 31, 11, 29], [26, 31, 17, 8, 22, 10, 13, 0], [20, 11, 23, 28, 29, 9, 13, 2], [14, 21, 13, 25, 31, 5, 24, 26], [30, 17, 31, 11, 23, 22, 20, 21], [22, 12, 4, 25, 5, 31, 29, 13], [13, 12, 31, 9, 26, 27, 0, 3], [17, 8, 23, 14, 15, 7, 11, 18]]",8,0.6875946521759033,128,random,1.0,13952,4.0,124,0.7606863975524902,53,0 72 32 80,3484,0.7710314393043518,test,top_r_mean,0.0,0.0,0.0,0.625
0.03673938002296211,1.0,109,1.0,31,77.5645999237895,qasper,4.0,0.25,1.0,0.0,2001.02885:96b07373756d7854bccc3c12e8d41454ab8741f5,mean,0.5504587155963303,0.09651456028223038,"[[22, 24, 6, 17, 31, 12, 3, 14], [20, 26, 1, 8, 29, 10, 31, 0], [1, 29, 12, 15, 23, 25, 26, 7], [6, 21, 8, 14, 9, 29, 23, 5], [27, 0, 21, 15, 17, 28, 10, 1], [24, 19, 11, 15, 4, 26, 10, 1], [25, 13, 21, 3, 23, 16, 1, 20], [0, 26, 15, 6, 25, 28, 7, 23], [6, 31, 7, 23, 17, 29, 4, 9], [26, 9, 3, 2, 31, 17, 18, 16], [18, 20, 25, 11, 3, 21, 5, 10], [9, 14, 6, 13, 24, 30, 25, 16], [27, 3, 16, 15, 0, 7, 13, 20], [26, 9, 22, 3, 27, 7, 0, 19], [14, 11, 16, 31, 28, 6, 29, 22], [17, 25, 30, 21, 15, 10, 9, 1], [3, 31, 24, 16, 19, 30, 28, 15], [26, 5, 6, 27, 30, 13, 2, 1], [19, 23, 11, 0, 2, 5, 4, 17], [21, 26, 14, 27, 7, 22, 5, 29], [13, 22, 4, 29, 19, 17, 14, 18], [12, 6, 13, 15, 25, 30, 14, 21], [6, 14, 10, 18, 26, 2, 23, 21], [9, 6, 21, 7, 4, 27, 1, 17], [20, 17, 14, 7, 25, 29, 18, 9], [28, 27, 30, 18, 8, 22, 19, 0], [10, 0, 17, 16, 11, 1, 22, 19], [21, 13, 10, 18, 16, 24, 7, 28], [13, 7, 24, 22, 3, 8, 21, 15], [6, 31, 15, 30, 22, 1, 3, 9], [21, 31, 3, 17, 5, 29, 6, 25], [14, 28, 9, 1, 8, 26, 24, 29], [14, 17, 2, 30, 20, 26, 19, 24], [6, 10, 11, 0, 12, 3, 16, 8], [30, 29, 5, 4, 1, 24, 6, 3], [20, 7, 1, 2, 23, 13, 18, 24], [6, 27, 30, 14, 24, 12, 13, 29], [21, 31, 3, 10, 23, 8, 9, 2], [30, 18, 12, 24, 3, 26, 28, 19], [7, 23, 14, 24, 27, 18, 30, 10], [13, 19, 11, 12, 9, 15, 22, 1], [17, 1, 28, 4, 24, 19, 5, 31], [2, 17, 21, 25, 5, 20, 24, 0], [13, 16, 7, 11, 27, 28, 4, 0], [5, 17, 7, 11, 28, 4, 18, 24], [30, 1, 8, 5, 26, 20, 18, 4], [17, 18, 26, 20, 27, 9, 3, 23], [9, 1, 30, 13, 24, 19, 26, 18], [14, 30, 4, 13, 11, 12, 0, 20], [8, 4, 7, 24, 0, 10, 20, 28], [0, 27, 8, 29, 31, 11, 28, 21], [14, 13, 18, 22, 1, 21, 8, 31], [17, 16, 29, 0, 30, 23, 6, 26], [0, 21, 26, 5, 15, 11, 8, 3], [17, 29, 20, 30, 10, 5, 6, 16], [4, 2, 7, 14, 27, 1, 26, 13], [4, 21, 17, 24, 26, 14, 28, 22], [3, 2, 27, 20, 24, 0, 29, 5], [5, 15, 6, 13, 3, 18, 4, 21], [25, 20, 11, 31, 14, 12, 23, 5], [28, 7, 17, 4, 15, 27, 2, 12], [24, 27, 8, 11, 6, 18, 16, 21], [16, 18, 3, 28, 13, 25, 2, 11], [19, 10, 1, 20, 15, 14, 31, 9], [2, 7, 12, 4, 1, 26, 25, 9], [31, 19, 17, 22, 29, 3, 2, 18], [0, 6, 7, 23, 26, 27, 30, 22], [9, 20, 23, 29, 19, 0, 21, 12], [15, 25, 24, 3, 23, 2, 17, 1], [28, 4, 29, 31, 5, 25, 6, 21], [1, 9, 5, 29, 26, 23, 17, 14], [8, 18, 6, 15, 4, 27, 31, 19], [21, 16, 22, 14, 13, 4, 15, 27], [11, 21, 4, 22, 30, 2, 19, 5], [15, 10, 21, 3, 12, 19, 27, 0], [23, 6, 28, 1, 13, 25, 8, 22], [31, 10, 13, 19, 21, 7, 0, 9], [5, 7, 21, 4, 20, 29, 6, 16], [15, 8, 31, 27, 23, 3, 7, 28], [5, 18, 30, 1, 27, 13, 16, 29], [4, 10, 23, 3, 25, 31, 1, 0], [11, 31, 13, 3, 10, 28, 1, 5], [9, 15, 24, 8, 11, 20, 5, 30], [3, 16, 14, 17, 9, 31, 5, 29], [31, 27, 4, 10, 28, 25, 8, 6], [6, 19, 1, 15, 3, 0, 13, 23], [10, 5, 23, 3, 21, 27, 17, 4], [6, 27, 8, 20, 16, 24, 4, 18], [14, 12, 1, 3, 26, 31, 9, 15], [6, 10, 8, 15, 23, 4, 27, 12], [19, 26, 0, 28, 3, 9, 23, 1], [18, 10, 1, 2, 17, 29, 12, 3], [22, 12, 28, 25, 17, 11, 14, 10], [15, 29, 6, 21, 19, 26, 12, 0], [21, 31, 30, 10, 4, 19, 23, 18], [12, 13, 25, 3, 4, 20, 0, 8], [18, 15, 29, 6, 17, 1, 25, 26], [30, 3, 13, 31, 9, 23, 15, 26], [1, 12, 14, 9, 10, 11, 29, 19], [2, 14, 18, 0, 9, 5, 4, 17], [9, 30, 18, 14, 7, 29, 28, 25], [6, 19, 1, 15, 16, 7, 10, 21], [27, 26, 3, 12, 11, 20, 2, 6], [4, 17, 18, 13, 26, 9, 11, 20], [7, 27, 11, 13, 2, 28, 22, 19], [15, 25, 22, 21, 31, 3, 6, 23], [17, 18, 28, 21, 26, 27, 23, 2], [12, 28, 21, 10, 4, 25, 24, 23], [26, 17, 8, 16, 23, 9, 11, 18]]",8,0.6843264102935791,128,random,0.3333333333333333,13952,4.0,124,0.7705594897270203,71,80 48 0 8,3484,0.7345936298370361,test,top_r_mean,0.0,0.0,0.25,0.625
0.03150381491508737,0.0,127,0.0,31,0.08450006134808064,qasper,0.26666666666666666,0.0,0.0,0.0,1810.12085:c2cb6c4500d9e02fc9a1bdffd22c3df69655189f,mean,1.0,0.0,,0,0.0,128,full_k,0.0,65008,4.0,124,0.0,0,80 56 88 104,4063,0.9999998807907104,test,top_r_mean,1.0,1.0,1.0,1.0
0.03150381491508737,0.0,127,0.0,31,6.463400088250637,qasper,0.26666666666666666,0.0,0.0,0.0,1810.12085:c2cb6c4500d9e02fc9a1bdffd22c3df69655189f,mean,0.5965504311961005,0.060306064784526825,,1,1.258768916130066,128,mean,0.0,2032,4.0,124,1.2908579111099243,0,80 88 72 96,4063,0.7763170003890991,test,top_r_mean,1.0,0.5,0.5,0.75
0.03150381491508737,1.0,127,1.0,31,86.39480010606349,qasper,0.26666666666666666,0.25,0.06666666666666667,0.0,1810.12085:c2cb6c4500d9e02fc9a1bdffd22c3df69655189f,mean,0.20834895638045245,0.22700005769729614,"[[24], [24], [24], [24], [24], [24], [24], [24], [24], [24], [24], [24], [24], [24], [24], [24], [24], [24], [24], [24], [24], [24], [24], [24], [24], [24], [24], [24], [24], [24], [24], [24], [24], [24], [24], [24], [24], [24], [24], [24], [24], [24], [24], [24], [24], [24], [24], [24], [24], [24], [24], [24], [24], [24], [24], [24], [24], [24], [24], [24], [24], [24], [24], [24], [24], [24], [24], [24], [24], [24], [24], [24], [24], [24], [24], [24], [24], [24], [24], [24], [24], [24], [24], [24], [24], [24], [24], [24], [24], [24], [24], [24], [24], [24], [24], [24], [24], [24], [24], [24], [24], [24], [24], [24], [24], [24], [24], [24], [24], [24], [24], [24], [24], [24], [24], [24], [24], [24], [24], [24], [24], [24], [24], [24], [24], [24], [23]]",1,1.306694746017456,128,last,0.5,2032,4.0,124,1.4851922988891602,0,16 12 90 64,4063,0.30157360434532166,test,top_r_mean,0.0,0.0,0.0,0.375
0.03150381491508737,0.0,127,0.0,31,88.47469999454916,qasper,0.26666666666666666,0.0,0.0,0.0,1810.12085:c2cb6c4500d9e02fc9a1bdffd22c3df69655189f,mean,0.3355830521184852,0.08993995189666748,"[[4], [30], [21], [11], [14], [1], [2], [16], [13], [29], [1], [7], [2], [15], [3], [17], [10], [20], [21], [2], [28], [6], [11], [21], [31], [5], [11], [4], [6], [25], [29], [26], [22], [3], [9], [8], [14], [14], [8], [10], [14], [29], [26], [28], [17], [21], [15], [10], [13], [26], [4], [15], [8], [12], [6], [15], [4], [13], [2], [22], [10], [11], [15], [23], [29], [23], [28], [21], [19], [22], [11], [20], [22], [15], [11], [4], [12], [18], [11], [14], [23], [27], [21], [15], [19], [19], [17], [11], [24], [11], [16], [0], [20], [5], [12], [7], [12], [16], [15], [14], [3], [0], [16], [25], [10], [31], [27], [19], [29], [16], [12], [22], [4], [7], [6], [24], [30], [30], [25], [19], [26], [27], [5], [31], [0], [18], [17]]",1,0.9063085317611694,128,farthest,0.0,2032,4.0,124,0.9824424386024475,0,64 112 80 122,4063,0.48008057475090027,test,top_r_mean,0.0,0.0,0.25,0.375
0.03150381491508737,0.0,127,0.0,31,85.12690011411905,qasper,0.26666666666666666,0.0,0.0,0.0,1810.12085:c2cb6c4500d9e02fc9a1bdffd22c3df69655189f,mean,0.5788026496687914,0.09488238394260406,"[[1], [12], [31], [29], [29], [10], [10], [23], [5], [23], [19], [2], [24], [5], [18], [2], [24], [27], [9], [6], [12], [4], [7], [21], [23], [0], [0], [19], [10], [19], [16], [18], [21], [26], [17], [26], [19], [30], [22], [10], [27], [9], [15], [9], [7], [10], [3], [23], [20], [9], [25], [23], [21], [6], [4], [24], [23], [29], [17], [19], [15], [7], [23], [8], [23], [0], [7], [11], [9], [3], [3], [8], [15], [8], [23], [24], [9], [14], [31], [3], [18], [8], [10], [6], [9], [12], [11], [27], [23], [19], [24], [26], [29], [2], [27], [7], [6], [13], [24], [24], [16], [29], [6], [8], [6], [11], [7], [15], [13], [10], [18], [23], [2], [6], [10], [10], [15], [13], [28], [21], [9], [3], [0], [4], [26], [0], [13]]",1,0.33084046840667725,128,greedy_oracle,0.0,2032,4.0,124,0.4663299322128296,0,83 57 53 50,4063,0.7805235385894775,test,top_r_mean,0.0,0.0,0.0,0.0
0.03150381491508737,0.0,127,0.0,31,76.59270009025931,qasper,0.26666666666666666,0.0,0.0,0.0,1810.12085:c2cb6c4500d9e02fc9a1bdffd22c3df69655189f,mean,0.257092863392076,0.7154533863067627,"[[29], [4], [7], [24], [19], [21], [3], [6], [8], [14], [12], [15], [6], [14], [26], [17], [12], [29], [25], [2], [20], [21], [11], [20], [12], [20], [1], [19], [24], [24], [7], [30], [23], [2], [11], [23], [17], [18], [16], [2], [25], [11], [23], [9], [15], [31], [2], [29], [0], [31], [28], [2], [11], [19], [26], [17], [6], [3], [28], [2], [1], [28], [27], [18], [4], [26], [20], [6], [11], [19], [22], [0], [18], [22], [7], [11], [5], [12], [25], [0], [26], [7], [13], [2], [18], [28], [4], [31], [26], [5], [0], [28], [9], [27], [6], [24], [2], [21], [15], [9], [2], [20], [20], [8], [28], [8], [14], [23], [15], [12], [11], [15], [21], [17], [2], [26], [25], [19], [4], [17], [6], [17], [2], [15], [29], [16], [13]]",1,1.2165669202804565,128,random,0.0,2032,4.0,124,1.4144893884658813,11,48 27 103 81,4063,0.3756209909915924,test,top_r_mean,0.0,0.0,0.0,0.25
0.03150381491508737,0.0,127,0.0,31,84.36630014330149,qasper,0.26666666666666666,0.0,0.0,0.0,1810.12085:c2cb6c4500d9e02fc9a1bdffd22c3df69655189f,mean,0.26834145731783526,0.6876256465911865,"[[13], [27], [3], [4], [24], [2], [18], [30], [9], [30], [4], [11], [18], [6], [13], [0], [15], [21], [24], [27], [28], [11], [20], [28], [11], [30], [20], [15], [9], [2], [15], [15], [30], [16], [23], [27], [31], [28], [10], [13], [24], [8], [13], [20], [17], [6], [20], [8], [13], [24], [12], [23], [18], [12], [31], [25], [9], [19], [2], [25], [31], [24], [8], [27], [17], [9], [7], [5], [18], [2], [23], [30], [0], [25], [31], [16], [0], [16], [3], [13], [18], [23], [20], [3], [24], [30], [19], [15], [19], [27], [28], [31], [25], [27], [26], [31], [7], [20], [13], [8], [5], [8], [26], [22], [23], [18], [15], [16], [22], [28], [16], [29], [22], [22], [31], [21], [3], [15], [4], [19], [13], [6], [1], [4], [3], [28], [0]]",1,1.3161207437515259,128,random,0.0,2032,4.0,124,1.4929879903793335,23,72 80 66 123,4063,0.38615483045578003,test,top_r_mean,0.0,0.5,0.25,0.375
0.03150381491508737,1.0,127,1.0,31,74.77479986846447,qasper,0.26666666666666666,0.25,0.06666666666666667,0.0,1810.12085:c2cb6c4500d9e02fc9a1bdffd22c3df69655189f,mean,0.27634045744281965,0.9507100582122803,"[[0], [4], [19], [25], [0], [18], [1], [7], [23], [4], [7], [11], [20], [9], [31], [7], [6], [14], [0], [4], [13], [25], [22], [13], [23], [19], [12], [23], [2], [6], [2], [31], [13], [12], [23], [20], [31], [7], [3], [10], [19], [22], [30], [21], [3], [19], [2], [0], [10], [7], [23], [21], [31], [15], [29], [8], [4], [15], [30], [16], [14], [18], [18], [2], [18], [27], [22], [27], [5], [17], [1], [17], [8], [5], [0], [6], [17], [12], [14], [3], [16], [9], [18], [20], [13], [18], [6], [17], [24], [3], [29], [27], [2], [10], [6], [17], [31], [1], [3], [21], [23], [0], [28], [20], [0], [17], [11], [5], [27], [20], [15], [20], [22], [11], [24], [19], [8], [28], [21], [5], [26], [19], [16], [15], [18], [29], [22]]",1,1.349530577659607,128,random,0.5,2032,4.0,124,1.492639183998108,37,104 0 24 79,4063,0.4010533392429352,test,top_r_mean,0.0,0.0,0.25,0.125
0.03150381491508737,0.0,127,0.0,31,106.62460001185536,qasper,0.26666666666666666,0.0,0.0,0.0,1810.12085:c2cb6c4500d9e02fc9a1bdffd22c3df69655189f,mean,0.24034495688038995,0.22415386140346527,"[[18], [25], [0], [23], [14], [14], [24], [3], [12], [3], [3], [12], [2], [19], [31], [7], [20], [10], [8], [28], [10], [19], [5], [24], [13], [25], [12], [26], [12], [13], [16], [27], [19], [11], [19], [30], [6], [8], [19], [9], [21], [12], [9], [29], [8], [22], [23], [3], [15], [10], [0], [26], [29], [8], [14], [13], [29], [20], [12], [6], [22], [24], [23], [13], [10], [14], [0], [18], [22], [20], [10], [2], [5], [10], [29], [22], [2], [10], [15], [5], [25], [18], [12], [11], [13], [23], [20], [10], [29], [26], [28], [30], [13], [23], [9], [28], [1], [7], [11], [25], [17], [31], [10], [24], [13], [0], [1], [24], [1], [22], [31], [21], [21], [10], [29], [6], [13], [24], [21], [14], [23], [29], [17], [0], [31], [31], [12]]",1,1.2596937417984009,128,random,0.0,2032,4.0,124,1.4239544868469238,53,30 83 87 96,4063,0.35307109355926514,test,top_r_mean,0.0,0.0,0.0,0.125
0.03150381491508737,0.0,127,0.0,31,81.17819996550679,qasper,0.26666666666666666,0.0,0.0,0.0,1810.12085:c2cb6c4500d9e02fc9a1bdffd22c3df69655189f,mean,0.21409823772028497,0.21952323615550995,"[[17], [13], [1], [12], [19], [30], [28], [31], [1], [25], [4], [28], [0], [15], [22], [21], [3], [31], [31], [19], [7], [5], [0], [6], [31], [10], [16], [8], [3], [10], [12], [21], [23], [4], [4], [26], [0], [3], [8], [21], [23], [21], [6], [18], [15], [4], [28], [25], [7], [18], [6], [22], [6], [22], [14], [28], [29], [2], [10], [16], [20], [7], [17], [16], [10], [18], [16], [30], [31], [21], [0], [20], [14], [30], [18], [20], [29], [3], [2], [23], [3], [23], [9], [0], [9], [30], [22], [27], [21], [22], [18], [16], [30], [10], [15], [20], [6], [23], [21], [7], [16], [3], [19], [18], [26], [18], [15], [24], [25], [29], [11], [12], [24], [5], [7], [19], [9], [6], [26], [27], [22], [29], [11], [0], [27], [4], [24]]",1,1.3188397884368896,128,random,0.0,2032,4.0,124,1.5009124279022217,71,87 96 84 61,4063,0.31475555896759033,test,top_r_mean,0.0,0.0,0.0,0.125
0.03150381491508737,0.0,127,0.0,31,91.0248002037406,qasper,0.26666666666666666,0.0,0.0,0.0,1810.12085:c2cb6c4500d9e02fc9a1bdffd22c3df69655189f,mean,0.2510936132983377,0.2037680447101593,"[[24, 25], [24, 25], [24, 25], [24, 25], [24, 25], [24, 25], [24, 25], [24, 25], [24, 25], [24, 25], [24, 25], [24, 25], [24, 25], [24, 25], [24, 25], [24, 25], [24, 25], [24, 25], [24, 25], [24, 25], [24, 25], [24, 25], [24, 25], [24, 25], [24, 25], [24, 25], [24, 25], [24, 25], [24, 25], [24, 25], [24, 25], [24, 25], [24, 25], [24, 25], [24, 25], [24, 25], [24, 25], [24, 25], [24, 25], [24, 25], [24, 25], [24, 25], [24, 25], [24, 25], [24, 25], [24, 25], [24, 25], [24, 25], [24, 25], [24, 25], [24, 25], [24, 25], [24, 25], [24, 25], [24, 25], [24, 25], [24, 25], [24, 25], [24, 25], [24, 25], [24, 25], [24, 25], [24, 25], [24, 25], [24, 25], [24, 25], [24, 25], [24, 25], [24, 25], [24, 25], [24, 25], [24, 25], [24, 25], [24, 25], [24, 25], [24, 25], [24, 25], [24, 25], [24, 25], [24, 25], [24, 25], [24, 25], [24, 25], [24, 25], [24, 25], [24, 25], [24, 25], [24, 25], [24, 25], [24, 25], [24, 25], [24, 25], [24, 25], [24, 25], [24, 25], [24, 25], [24, 25], [24, 25], [24, 25], [24, 25], [24, 25], [24, 25], [24, 25], [24, 25], [24, 25], [24, 25], [24, 25], [24, 25], [24, 25], [24, 25], [24, 25], [24, 25], [24, 25], [24, 25], [24, 25], [24, 25], [24, 25], [24, 25], [24, 25], [24, 25], [24, 25], [24, 25], [24, 25], [24, 25], [24, 25], [24, 25], [23, 24]]",2,1.303972840309143,128,last,0.0,4064,4.0,124,1.4525490999221802,0,90 56 16 99,4063,0.35750606656074524,test,top_r_mean,0.0,0.5,0.25,0.25
0.03150381491508737,0.0,127,0.0,31,92.39450003951788,qasper,0.26666666666666666,0.0,0.0,0.0,1810.12085:c2cb6c4500d9e02fc9a1bdffd22c3df69655189f,mean,0.33433320834895636,0.4841686487197876,"[[4, 0], [30, 6], [21, 14], [11, 6], [14, 10], [1, 15], [2, 0], [16, 18], [13, 0], [29, 1], [1, 31], [7, 0], [2, 19], [15, 31], [3, 4], [17, 28], [10, 0], [20, 2], [21, 10], [2, 28], [28, 7], [6, 24], [11, 28], [21, 24], [31, 0], [5, 27], [11, 2], [4, 29], [6, 19], [25, 6], [29, 17], [26, 15], [22, 0], [3, 26], [9, 3], [8, 22], [14, 24], [14, 16], [8, 6], [10, 21], [14, 0], [29, 1], [26, 14], [28, 4], [17, 15], [21, 26], [15, 14], [10, 5], [13, 0], [26, 3], [4, 9], [15, 17], [8, 19], [12, 4], [6, 18], [15, 26], [4, 0], [13, 0], [2, 18], [22, 20], [10, 16], [11, 25], [15, 10], [23, 12], [29, 0], [23, 5], [28, 6], [21, 17], [19, 6], [22, 7], [11, 27], [20, 7], [22, 0], [15, 21], [11, 21], [4, 6], [12, 31], [18, 2], [11, 27], [14, 2], [23, 0], [27, 12], [21, 0], [15, 20], [19, 2], [19, 9], [17, 4], [11, 22], [24, 0], [11, 18], [16, 19], [0, 23], [20, 24], [5, 16], [12, 5], [7, 22], [12, 0], [16, 21], [15, 24], [14, 24], [3, 22], [0, 25], [16, 26], [25, 0], [10, 0], [31, 13], [27, 18], [19, 4], [29, 13], [16, 25], [12, 15], [22, 5], [4, 0], [7, 2], [6, 1], [24, 5], [30, 1], [30, 1], [25, 29], [19, 8], [26, 0], [27, 19], [5, 10], [31, 20], [0, 12], [18, 8], [17, 4]]",2,1.3572440147399902,128,farthest,0.0,4064,4.0,124,1.4917067289352417,0,64 80 112 72,4063,0.4665529727935791,test,top_r_mean,0.0,0.5,0.25,0.5
0.03150381491508737,1.0,127,1.0,31,87.42869994603097,qasper,0.26666666666666666,0.25,0.06666666666666667,0.0,1810.12085:c2cb6c4500d9e02fc9a1bdffd22c3df69655189f,mean,0.7632795900512436,0.10605673491954803,"[[1, 0], [12, 17], [31, 17], [29, 31], [29, 5], [10, 11], [10, 31], [23, 11], [5, 0], [23, 24], [19, 6], [2, 7], [24, 23], [5, 14], [18, 24], [2, 29], [24, 0], [27, 31], [9, 28], [6, 2], [12, 11], [4, 6], [7, 18], [21, 20], [23, 0], [0, 31], [0, 1], [19, 21], [10, 11], [19, 23], [16, 28], [18, 25], [21, 0], [26, 10], [17, 2], [26, 27], [19, 0], [30, 28], [22, 21], [10, 9], [27, 0], [9, 11], [15, 16], [9, 19], [7, 4], [10, 17], [3, 9], [23, 22], [20, 0], [9, 20], [25, 26], [23, 2], [21, 24], [6, 8], [4, 24], [24, 22], [23, 0], [29, 7], [17, 1], [19, 21], [15, 18], [7, 9], [23, 28], [8, 31], [23, 0], [0, 16], [7, 8], [11, 22], [9, 8], [3, 0], [3, 4], [8, 31], [15, 0], [8, 9], [23, 25], [24, 0], [9, 10], [14, 10], [31, 30], [3, 19], [18, 0], [8, 7], [10, 7], [6, 11], [9, 14], [12, 13], [11, 2], [27, 10], [23, 0], [19, 18], [24, 19], [26, 0], [29, 0], [2, 7], [27, 23], [7, 6], [6, 0], [13, 11], [24, 27], [24, 25], [16, 0], [29, 27], [6, 3], [8, 13], [6, 0], [11, 12], [7, 31], [15, 9], [13, 14], [10, 4], [18, 30], [23, 7], [2, 0], [6, 21], [10, 11], [10, 29], [15, 17], [13, 27], [28, 19], [21, 22], [9, 0], [3, 18], [0, 5], [4, 7], [26, 31], [0, 2], [13, 17]]",2,0.3370792865753174,128,greedy_oracle,0.5,4064,4.0,124,0.3728000223636627,0,96 8 80 56,4063,0.9191038608551025,test,top_r_mean,0.0,0.0,0.5,0.875
0.03150381491508737,0.0,127,0.0,31,89.22410011291504,qasper,0.26666666666666666,0.0,0.0,0.0,1810.12085:c2cb6c4500d9e02fc9a1bdffd22c3df69655189f,mean,0.2705911761029871,0.2116663157939911,"[[29, 21], [4, 6], [7, 3], [24, 5], [19, 7], [21, 9], [3, 30], [6, 10], [8, 3], [14, 22], [12, 15], [15, 29], [6, 26], [14, 11], [26, 10], [17, 27], [12, 2], [29, 13], [25, 19], [2, 31], [20, 1], [21, 23], [11, 25], [20, 21], [12, 10], [20, 24], [1, 11], [19, 5], [24, 23], [24, 9], [7, 8], [30, 11], [23, 28], [2, 29], [11, 12], [23, 24], [17, 5], [18, 10], [16, 15], [2, 16], [25, 27], [11, 3], [23, 29], [9, 17], [15, 5], [31, 15], [2, 20], [29, 30], [0, 10], [31, 4], [28, 24], [2, 24], [11, 6], [19, 17], [26, 17], [17, 12], [6, 8], [3, 14], [28, 6], [2, 11], [1, 12], [28, 26], [27, 11], [18, 4], [4, 24], [26, 24], [20, 4], [6, 0], [11, 13], [19, 11], [22, 29], [0, 21], [18, 28], [22, 29], [7, 16], [11, 28], [5, 10], [12, 16], [25, 7], [0, 10], [26, 31], [7, 27], [13, 20], [2, 28], [18, 7], [28, 4], [4, 14], [31, 24], [26, 27], [5, 29], [0, 15], [28, 7], [9, 10], [27, 1], [6, 12], [24, 20], [2, 23], [21, 9], [15, 8], [9, 19], [2, 3], [20, 16], [20, 11], [8, 11], [28, 3], [8, 11], [14, 0], [23, 12], [15, 1], [12, 19], [11, 18], [15, 13], [21, 27], [17, 26], [2, 7], [26, 11], [25, 16], [19, 2], [4, 24], [17, 5], [6, 20], [17, 9], [2, 25], [15, 6], [29, 25], [16, 9], [13, 7]]",2,1.2432677745819092,128,random,0.0,4064,4.0,124,1.3591272830963135,11,48 64 81 103,4063,0.3956868350505829,test,top_r_mean,0.0,0.0,0.0,0.25
0.03150381491508737,0.0,127,0.0,31,84.52860009856522,qasper,0.26666666666666666,0.0,0.0,0.0,1810.12085:c2cb6c4500d9e02fc9a1bdffd22c3df69655189f,mean,0.26534183227096614,0.21226808428764343,"[[13, 30], [27, 1], [3, 9], [4, 28], [24, 4], [2, 22], [18, 6], [30, 13], [9, 17], [30, 21], [4, 5], [11, 20], [18, 7], [6, 30], [13, 25], [0, 23], [15, 7], [21, 27], [24, 2], [27, 0], [28, 21], [11, 12], [20, 17], [28, 26], [11, 5], [30, 22], [20, 23], [15, 23], [9, 13], [2, 17], [15, 3], [15, 20], [30, 9], [16, 29], [23, 2], [27, 25], [31, 7], [28, 14], [10, 19], [13, 6], [24, 12], [8, 25], [13, 23], [20, 5], [17, 6], [6, 15], [20, 16], [8, 9], [13, 12], [24, 22], [12, 30], [23, 3], [18, 22], [12, 19], [31, 6], [25, 2], [9, 0], [19, 26], [2, 10], [25, 29], [31, 7], [24, 28], [8, 13], [27, 8], [17, 11], [9, 21], [7, 3], [5, 27], [18, 15], [2, 11], [23, 25], [30, 3], [0, 28], [25, 7], [31, 14], [16, 25], [0, 16], [16, 14], [3, 7], [13, 21], [18, 27], [23, 31], [20, 31], [3, 28], [24, 3], [30, 14], [19, 17], [15, 9], [19, 12], [27, 16], [28, 25], [31, 29], [25, 0], [27, 16], [26, 0], [31, 9], [7, 13], [20, 5], [13, 18], [8, 21], [5, 1], [8, 4], [26, 31], [22, 6], [23, 8], [18, 22], [15, 5], [16, 20], [22, 8], [28, 7], [16, 18], [29, 3], [22, 8], [22, 15], [31, 0], [21, 1], [3, 13], [15, 18], [4, 31], [19, 28], [13, 22], [6, 20], [1, 11], [4, 10], [3, 21], [28, 16], [0, 12]]",2,1.22761070728302,128,random,0.0,4064,4.0,124,1.3515279293060303,23,56 72 80 63,4063,0.37381651997566223,test,top_r_mean,0.0,0.5,0.5,0.5
0.03150381491508737,1.0,127,1.0,31,71.86010014265776,qasper,0.26666666666666666,0.25,0.06666666666666667,0.0,1810.12085:c2cb6c4500d9e02fc9a1bdffd22c3df69655189f,mean,0.25059367579052616,0.2366713136434555,"[[0, 25], [4, 18], [19, 11], [25, 28], [0, 27], [18, 2], [1, 20], [7, 14], [23, 7], [4, 30], [7, 31], [11, 18], [20, 7], [9, 20], [31, 14], [7, 8], [6, 1], [14, 30], [0, 14], [4, 30], [13, 29], [25, 9], [22, 9], [13, 4], [23, 18], [19, 6], [12, 16], [23, 29], [2, 6], [6, 25], [2, 8], [31, 12], [13, 4], [12, 25], [23, 17], [20, 22], [31, 12], [7, 31], [3, 2], [10, 22], [19, 1], [22, 3], [30, 24], [21, 26], [3, 30], [19, 24], [2, 25], [0, 18], [10, 16], [7, 1], [23, 19], [21, 3], [31, 19], [15, 16], [29, 20], [8, 6], [4, 16], [15, 20], [30, 31], [16, 21], [14, 10], [18, 22], [18, 0], [2, 7], [18, 22], [27, 13], [22, 21], [27, 14], [5, 6], [17, 24], [1, 7], [17, 12], [8, 0], [5, 13], [0, 24], [6, 30], [17, 2], [12, 29], [14, 6], [3, 5], [16, 8], [9, 2], [18, 31], [20, 18], [13, 2], [18, 28], [6, 18], [17, 30], [24, 6], [3, 27], [29, 30], [27, 28], [2, 25], [10, 31], [6, 26], [17, 6], [31, 15], [1, 13], [3, 27], [21, 3], [23, 22], [0, 23], [28, 3], [20, 8], [0, 17], [17, 4], [11, 7], [5, 2], [27, 5], [20, 30], [15, 18], [20, 13], [22, 4], [11, 26], [24, 23], [19, 12], [8, 21], [28, 15], [21, 12], [5, 3], [26, 15], [19, 9], [16, 31], [15, 21], [18, 14], [29, 8], [22, 4]]",2,1.276394248008728,128,random,0.3333333333333333,4064,4.0,124,1.3633631467819214,37,104 72 0 24,4063,0.3754335343837738,test,top_r_mean,0.0,0.0,0.25,0.375
0.03150381491508737,0.0,127,0.0,31,71.70809991657734,qasper,0.26666666666666666,0.0,0.0,0.0,1810.12085:c2cb6c4500d9e02fc9a1bdffd22c3df69655189f,mean,0.2068491438570179,0.21199093759059906,"[[18, 21], [25, 9], [0, 17], [23, 28], [14, 6], [14, 28], [24, 18], [3, 20], [12, 20], [3, 23], [3, 4], [12, 27], [2, 15], [19, 27], [31, 15], [7, 28], [20, 3], [10, 19], [8, 10], [28, 31], [10, 8], [19, 1], [5, 23], [24, 27], [13, 12], [25, 22], [12, 28], [26, 3], [12, 1], [13, 10], [16, 20], [27, 17], [19, 13], [11, 31], [19, 20], [30, 29], [6, 4], [8, 26], [19, 13], [9, 11], [21, 7], [12, 14], [9, 30], [29, 9], [8, 12], [22, 15], [23, 24], [3, 29], [15, 16], [10, 2], [0, 10], [26, 9], [29, 4], [8, 7], [14, 20], [13, 22], [29, 0], [20, 5], [12, 13], [6, 30], [22, 18], [24, 31], [23, 28], [13, 10], [10, 7], [14, 8], [0, 15], [18, 14], [22, 9], [20, 13], [10, 7], [2, 14], [5, 14], [10, 11], [29, 15], [22, 11], [2, 28], [10, 25], [15, 27], [5, 31], [25, 24], [18, 25], [12, 21], [11, 25], [13, 19], [23, 1], [20, 2], [10, 24], [29, 30], [26, 20], [28, 18], [30, 8], [13, 0], [23, 28], [9, 7], [28, 2], [1, 28], [7, 9], [11, 0], [25, 7], [17, 2], [31, 18], [10, 24], [24, 18], [13, 31], [0, 12], [1, 4], [24, 28], [1, 22], [22, 5], [31, 13], [21, 1], [21, 1], [10, 21], [29, 9], [6, 7], [13, 1], [24, 27], [21, 13], [14, 26], [23, 17], [29, 3], [17, 15], [0, 13], [31, 17], [31, 20], [12, 19]]",2,1.257285714149475,128,random,0.0,4064,4.0,124,1.3850147724151611,53,56 113 53 89,4063,0.29478344321250916,test,top_r_mean,0.0,0.5,0.25,0.25
0.03150381491508737,0.0,127,0.0,31,65.69499988108873,qasper,0.26666666666666666,0.0,0.0,0.0,1810.12085:c2cb6c4500d9e02fc9a1bdffd22c3df69655189f,mean,0.293838270216223,0.1376679241657257,"[[17, 5], [13, 23], [1, 0], [12, 10], [19, 27], [30, 8], [28, 29], [31, 21], [1, 29], [25, 15], [4, 2], [28, 10], [0, 22], [15, 19], [22, 28], [21, 8], [3, 2], [31, 14], [31, 3], [19, 12], [7, 0], [5, 26], [0, 15], [6, 0], [31, 29], [10, 7], [16, 19], [8, 14], [3, 11], [10, 7], [12, 28], [21, 7], [23, 20], [4, 27], [4, 26], [26, 11], [0, 19], [3, 17], [8, 1], [21, 13], [23, 13], [21, 14], [6, 19], [18, 28], [15, 5], [4, 25], [28, 11], [25, 21], [7, 30], [18, 17], [6, 0], [22, 17], [6, 9], [22, 10], [14, 16], [28, 29], [29, 6], [2, 27], [10, 8], [16, 7], [20, 5], [7, 20], [17, 4], [16, 24], [10, 13], [18, 27], [16, 11], [30, 25], [31, 30], [21, 29], [0, 20], [20, 0], [14, 8], [30, 0], [18, 31], [20, 16], [29, 21], [3, 19], [2, 20], [23, 10], [3, 9], [23, 31], [9, 6], [0, 20], [9, 17], [30, 31], [22, 8], [27, 11], [21, 19], [22, 4], [18, 6], [16, 13], [30, 12], [10, 13], [15, 26], [20, 26], [6, 11], [23, 13], [21, 16], [7, 24], [16, 12], [3, 30], [19, 8], [18, 28], [26, 9], [18, 8], [15, 0], [24, 2], [25, 0], [29, 6], [11, 16], [12, 16], [24, 20], [5, 29], [7, 4], [19, 8], [9, 26], [6, 12], [26, 22], [27, 23], [22, 31], [29, 28], [11, 16], [0, 29], [27, 9], [4, 16], [24, 29]]",2,1.2839746475219727,128,random,0.0,4064,4.0,124,1.3870999813079834,71,87 96 82 89,4063,0.4211309254169464,test,top_r_mean,0.0,0.0,0.0,0.25
0.03150381491508737,1.0,127,1.0,31,67.00349994935095,qasper,0.26666666666666666,0.25,0.06666666666666667,0.0,1810.12085:c2cb6c4500d9e02fc9a1bdffd22c3df69655189f,mean,0.28683914510686165,0.1619061827659607,"[[24, 25, 26, 27], [24, 25, 26, 27], [24, 25, 26, 27], [24, 25, 26, 27], [24, 25, 26, 27], [24, 25, 26, 27], [24, 25, 26, 27], [24, 25, 26, 27], [24, 25, 26, 27], [24, 25, 26, 27], [24, 25, 26, 27], [24, 25, 26, 27], [24, 25, 26, 27], [24, 25, 26, 27], [24, 25, 26, 27], [24, 25, 26, 27], [24, 25, 26, 27], [24, 25, 26, 27], [24, 25, 26, 27], [24, 25, 26, 27], [24, 25, 26, 27], [24, 25, 26, 27], [24, 25, 26, 27], [24, 25, 26, 27], [24, 25, 26, 27], [24, 25, 26, 27], [24, 25, 26, 27], [24, 25, 26, 27], [24, 25, 26, 27], [24, 25, 26, 27], [24, 25, 26, 27], [24, 25, 26, 27], [24, 25, 26, 27], [24, 25, 26, 27], [24, 25, 26, 27], [24, 25, 26, 27], [24, 25, 26, 27], [24, 25, 26, 27], [24, 25, 26, 27], [24, 25, 26, 27], [24, 25, 26, 27], [24, 25, 26, 27], [24, 25, 26, 27], [24, 25, 26, 27], [24, 25, 26, 27], [24, 25, 26, 27], [24, 25, 26, 27], [24, 25, 26, 27], [24, 25, 26, 27], [24, 25, 26, 27], [24, 25, 26, 27], [24, 25, 26, 27], [24, 25, 26, 27], [24, 25, 26, 27], [24, 25, 26, 27], [24, 25, 26, 27], [24, 25, 26, 27], [24, 25, 26, 27], [24, 25, 26, 27], [24, 25, 26, 27], [24, 25, 26, 27], [24, 25, 26, 27], [24, 25, 26, 27], [24, 25, 26, 27], [24, 25, 26, 27], [24, 25, 26, 27], [24, 25, 26, 27], [24, 25, 26, 27], [24, 25, 26, 27], [24, 25, 26, 27], [24, 25, 26, 27], [24, 25, 26, 27], [24, 25, 26, 27], [24, 25, 26, 27], [24, 25, 26, 27], [24, 25, 26, 27], [24, 25, 26, 27], [24, 25, 26, 27], [24, 25, 26, 27], [24, 25, 26, 27], [24, 25, 26, 27], [24, 25, 26, 27], [24, 25, 26, 27], [24, 25, 26, 27], [24, 25, 26, 27], [24, 25, 26, 27], [24, 25, 26, 27], [24, 25, 26, 27], [24, 25, 26, 27], [24, 25, 26, 27], [24, 25, 26, 27], [24, 25, 26, 27], [24, 25, 26, 27], [24, 25, 26, 27], [24, 25, 26, 27], [24, 25, 26, 27], [24, 25, 26, 27], [24, 25, 26, 27], [24, 25, 26, 27], [24, 25, 26, 27], [24, 25, 26, 27], [24, 25, 26, 27], [24, 25, 26, 27], [24, 25, 26, 27], [24, 25, 26, 27], [24, 25, 26, 27], [24, 25, 26, 27], [24, 25, 26, 27], [24, 25, 26, 27], [24, 25, 26, 27], [24, 25, 26, 27], [24, 25, 26, 27], [24, 25, 26, 27], [24, 25, 26, 27], [24, 25, 26, 27], [24, 25, 26, 27], [24, 25, 26, 27], [24, 25, 26, 27], [24, 25, 26, 27], [24, 25, 26, 27], [24, 25, 26, 27], [24, 25, 26, 27], [24, 25, 26, 27], [24, 25, 26, 27], [24, 25, 26, 27], [24, 25, 26, 27], [23, 24, 25, 26]]",4,1.3085943460464478,128,last,1.0,8128,4.0,124,1.4159411191940308,0,12 80 74 16,4063,0.4135966897010803,test,top_r_mean,0.0,0.5,0.25,0.125
0.03150381491508737,0.0,127,0.0,31,71.66399993002415,qasper,0.26666666666666666,0.0,0.0,0.0,1810.12085:c2cb6c4500d9e02fc9a1bdffd22c3df69655189f,mean,0.42657167854018246,0.07627981901168823,"[[4, 0, 29, 30], [30, 6, 7, 26], [21, 14, 6, 24], [11, 6, 29, 4], [14, 10, 11, 12], [1, 15, 26, 30], [2, 0, 27, 14], [16, 18, 22, 17], [13, 0, 17, 11], [29, 1, 4, 22], [1, 31, 11, 22], [7, 0, 21, 17], [2, 19, 5, 14], [15, 31, 11, 3], [3, 4, 20, 29], [17, 28, 4, 19], [10, 0, 28, 4], [20, 2, 27, 1], [21, 10, 18, 13], [2, 28, 0, 27], [28, 7, 14, 8], [6, 24, 1, 8], [11, 28, 3, 31], [21, 24, 17, 28], [31, 0, 26, 25], [5, 27, 18, 24], [11, 2, 25, 19], [4, 29, 18, 20], [6, 19, 27, 8], [25, 6, 28, 12], [29, 17, 12, 21], [26, 15, 20, 21], [22, 0, 9, 25], [3, 26, 8, 31], [9, 3, 19, 6], [8, 22, 25, 23], [14, 24, 31, 22], [14, 16, 23, 3], [8, 6, 3, 13], [10, 21, 19, 12], [14, 0, 17, 31], [29, 1, 17, 2], [26, 14, 18, 5], [28, 4, 14, 10], [17, 15, 13, 8], [21, 26, 8, 28], [15, 14, 26, 7], [10, 5, 6, 3], [13, 0, 28, 29], [26, 3, 19, 9], [4, 9, 25, 28], [15, 17, 1, 28], [8, 19, 26, 31], [12, 4, 30, 28], [6, 18, 20, 10], [15, 26, 27, 6], [4, 0, 15, 8], [13, 0, 29, 31], [2, 18, 22, 31], [22, 20, 11, 26], [10, 16, 4, 14], [11, 25, 29, 26], [15, 10, 3, 26], [23, 12, 6, 1], [29, 0, 21, 25], [23, 5, 13, 18], [28, 6, 11, 23], [21, 17, 20, 29], [19, 6, 4, 16], [22, 7, 24, 0], [11, 27, 19, 14], [20, 7, 6, 16], [22, 0, 3, 2], [15, 21, 20, 5], [11, 21, 24, 23], [4, 6, 29, 26], [12, 31, 21, 27], [18, 2, 15, 8], [11, 27, 5, 22], [14, 2, 9, 0], [23, 0, 29, 30], [27, 12, 0, 2], [21, 0, 1, 4], [15, 20, 6, 3], [19, 2, 9, 22], [19, 9, 11, 12], [17, 4, 30, 3], [11, 22, 1, 18], [24, 0, 30, 31], [11, 18, 21, 0], [16, 19, 4, 30], [0, 23, 25, 31], [20, 24, 2, 31], [5, 16, 12, 28], [12, 5, 20, 3], [7, 22, 5, 15], [12, 0, 1, 29], [16, 21, 20, 8], [15, 24, 29, 5], [14, 24, 7, 16], [3, 22, 10, 1], [0, 25, 28, 30], [16, 26, 9, 24], [25, 0, 19, 12], [10, 0, 15, 2], [31, 13, 17, 15], [27, 18, 3, 30], [19, 4, 22, 8], [29, 13, 22, 12], [16, 25, 24, 8], [12, 15, 24, 26], [22, 5, 20, 3], [4, 0, 13, 18], [7, 2, 18, 11], [6, 1, 25, 18], [24, 5, 21, 10], [30, 1, 6, 24], [30, 1, 7, 17], [25, 29, 5, 11], [19, 8, 21, 10], [26, 0, 2, 3], [27, 19, 5, 3], [5, 10, 18, 27], [31, 20, 23, 5], [0, 12, 13, 4], [18, 8, 1, 30], [17, 4, 19, 24]]",4,1.5426678657531738,128,farthest,0.0,8128,4.0,124,1.599150538444519,0,96 112 32 72,4063,0.596480131149292,test,top_r_mean,0.0,0.0,0.0,0.625
0.03150381491508737,0.0,127,0.0,31,74.58829996176064,qasper,0.26666666666666666,0.0,0.0,0.0,1810.12085:c2cb6c4500d9e02fc9a1bdffd22c3df69655189f,mean,0.8280214973128359,0.002279202453792095,"[[1, 0, 16, 4], [12, 17, 13, 18], [31, 17, 30, 19], [29, 31, 30, 0], [29, 5, 31, 15], [10, 11, 16, 24], [10, 31, 17, 11], [23, 11, 24, 1], [5, 0, 7, 16], [23, 24, 9, 10], [19, 6, 1, 9], [2, 7, 3, 6], [24, 23, 19, 30], [5, 14, 12, 26], [18, 24, 2, 19], [2, 29, 26, 3], [24, 0, 9, 26], [27, 31, 9, 6], [9, 28, 29, 30], [6, 2, 11, 15], [12, 11, 9, 15], [4, 6, 25, 28], [7, 18, 14, 19], [21, 20, 22, 23], [23, 0, 11, 31], [0, 31, 4, 9], [0, 1, 15, 11], [19, 21, 23, 12], [10, 11, 12, 13], [19, 23, 21, 25], [16, 28, 14, 19], [18, 25, 21, 22], [21, 0, 2, 22], [26, 10, 28, 2], [17, 2, 26, 27], [26, 27, 8, 15], [19, 0, 27, 14], [30, 28, 31, 6], [22, 21, 10, 2], [10, 9, 11, 18], [27, 0, 28, 9], [9, 11, 10, 29], [15, 16, 24, 25], [9, 19, 16, 18], [7, 4, 11, 6], [10, 17, 13, 21], [3, 9, 16, 12], [23, 22, 25, 24], [20, 0, 9, 8], [9, 20, 21, 10], [25, 26, 21, 29], [23, 2, 5, 25], [21, 24, 22, 25], [6, 8, 10, 12], [4, 24, 8, 14], [24, 22, 23, 18], [23, 0, 5, 25], [29, 7, 9, 8], [17, 1, 19, 2], [19, 21, 20, 22], [15, 18, 17, 19], [7, 9, 28, 8], [23, 28, 0, 2], [8, 31, 13, 14], [23, 0, 3, 24], [0, 16, 11, 19], [7, 8, 17, 27], [11, 22, 14, 12], [9, 8, 7, 11], [3, 0, 1, 8], [3, 4, 22, 9], [8, 31, 25, 12], [15, 0, 17, 16], [8, 9, 19, 13], [23, 25, 26, 29], [24, 0, 10, 28], [9, 10, 17, 20], [14, 10, 28, 7], [31, 30, 6, 16], [3, 19, 4, 20], [18, 0, 1, 24], [8, 7, 9, 27], [10, 7, 9, 3], [6, 11, 12, 8], [9, 14, 20, 13], [12, 13, 16, 4], [11, 2, 0, 17], [27, 10, 28, 11], [23, 0, 12, 1], [19, 18, 20, 1], [24, 19, 23, 25], [26, 0, 27, 30], [29, 0, 13, 8], [2, 7, 25, 6], [27, 23, 28, 1], [7, 6, 13, 5], [6, 0, 5, 27], [13, 11, 12, 3], [24, 27, 25, 2], [24, 25, 27, 28], [16, 0, 2, 1], [29, 27, 28, 31], [6, 3, 7, 2], [8, 13, 7, 14], [6, 0, 17, 19], [11, 12, 27, 21], [7, 31, 8, 22], [15, 9, 10, 20], [13, 14, 29, 15], [10, 4, 22, 5], [18, 30, 21, 20], [23, 7, 9, 19], [2, 0, 11, 4], [6, 21, 22, 7], [10, 11, 0, 13], [10, 29, 11, 18], [15, 17, 0, 5], [13, 27, 28, 25], [28, 19, 4, 31], [21, 22, 23, 28], [9, 0, 22, 10], [3, 18, 4, 13], [0, 5, 2, 3], [4, 7, 6, 25], [26, 31, 27, 29], [0, 2, 27, 3], [13, 17, 23, 22]]",4,0.3994934856891632,128,greedy_oracle,0.0,8128,4.0,124,0.40576988458633423,0,80 64 56 96,4063,0.9538631439208984,test,top_r_mean,1.0,0.5,0.5,0.875
0.03150381491508737,1.0,127,1.0,31,94.48580001480877,qasper,0.26666666666666666,0.25,0.06666666666666667,0.0,1810.12085:c2cb6c4500d9e02fc9a1bdffd22c3df69655189f,mean,0.421822272215973,0.094814732670784,"[[29, 21, 16, 0], [4, 6, 5, 0], [7, 3, 27, 18], [24, 5, 25, 8], [19, 7, 20, 1], [21, 9, 25, 15], [3, 30, 23, 4], [6, 10, 5, 16], [8, 3, 23, 16], [14, 22, 3, 19], [12, 15, 23, 31], [15, 29, 12, 16], [6, 26, 17, 7], [14, 11, 7, 28], [26, 10, 15, 2], [17, 27, 9, 21], [12, 2, 22, 9], [29, 13, 15, 0], [25, 19, 23, 7], [2, 31, 19, 17], [20, 1, 8, 5], [21, 23, 7, 15], [11, 25, 23, 9], [20, 21, 3, 19], [12, 10, 2, 17], [20, 24, 18, 6], [1, 11, 18, 25], [19, 5, 17, 1], [24, 23, 28, 10], [24, 9, 31, 14], [7, 8, 30, 24], [30, 11, 12, 6], [23, 28, 21, 26], [2, 29, 0, 19], [11, 12, 2, 5], [23, 24, 30, 18], [17, 5, 22, 29], [18, 10, 11, 3], [16, 15, 1, 5], [2, 16, 28, 11], [25, 27, 29, 8], [11, 3, 25, 5], [23, 29, 25, 12], [9, 17, 21, 29], [15, 5, 26, 31], [31, 15, 23, 5], [2, 20, 11, 14], [29, 30, 13, 8], [0, 10, 3, 4], [31, 4, 25, 27], [28, 24, 26, 18], [2, 24, 9, 22], [11, 6, 3, 1], [19, 17, 8, 13], [26, 17, 31, 15], [17, 12, 4, 29], [6, 8, 1, 16], [3, 14, 17, 0], [28, 6, 8, 31], [2, 11, 21, 18], [1, 12, 25, 21], [28, 26, 12, 19], [27, 11, 21, 19], [18, 4, 9, 10], [4, 24, 5, 31], [26, 24, 20, 18], [20, 4, 18, 28], [6, 0, 16, 12], [11, 13, 23, 12], [19, 11, 13, 22], [22, 29, 21, 30], [0, 21, 25, 13], [18, 28, 1, 17], [22, 29, 25, 10], [7, 16, 3, 20], [11, 28, 31, 2], [5, 10, 12, 0], [12, 16, 17, 0], [25, 7, 17, 27], [0, 10, 11, 25], [26, 31, 18, 13], [7, 27, 17, 1], [13, 20, 4, 17], [2, 28, 25, 17], [18, 7, 15, 21], [28, 4, 17, 11], [4, 14, 8, 17], [31, 24, 16, 22], [26, 27, 20, 4], [5, 29, 13, 2], [0, 15, 24, 16], [28, 7, 20, 31], [9, 10, 5, 12], [27, 1, 8, 26], [6, 12, 13, 7], [24, 20, 28, 18], [2, 23, 29, 25], [21, 9, 6, 7], [15, 8, 14, 4], [9, 19, 6, 7], [2, 3, 1, 22], [20, 16, 12, 17], [20, 11, 22, 15], [8, 11, 23, 7], [28, 3, 16, 8], [8, 11, 29, 18], [14, 0, 22, 16], [23, 12, 13, 7], [15, 1, 12, 16], [12, 19, 28, 15], [11, 18, 1, 28], [15, 13, 22, 12], [21, 27, 13, 6], [17, 26, 27, 11], [2, 7, 9, 13], [26, 11, 6, 10], [25, 16, 24, 13], [19, 2, 7, 16], [4, 24, 15, 9], [17, 5, 4, 28], [6, 20, 26, 7], [17, 9, 12, 6], [2, 25, 0, 4], [15, 6, 2, 0], [29, 25, 4, 13], [16, 9, 28, 26], [13, 7, 19, 2]]",4,1.2353875637054443,128,random,0.5,8128,4.0,124,1.2923009395599365,11,48 0 64 122,4063,0.6012899875640869,test,top_r_mean,0.0,0.0,0.0,0.5
0.03150381491508737,0.0,127,0.0,31,83.81790015846491,qasper,0.26666666666666666,0.0,0.0,0.0,1810.12085:c2cb6c4500d9e02fc9a1bdffd22c3df69655189f,mean,0.3013373328333958,0.11931513249874115,"[[13, 30, 6, 21], [27, 1, 31, 30], [3, 9, 17, 2], [4, 28, 18, 9], [24, 4, 25, 13], [2, 22, 13, 30], [18, 6, 22, 30], [30, 13, 27, 23], [9, 17, 12, 18], [30, 21, 14, 31], [4, 5, 19, 23], [11, 20, 28, 0], [18, 7, 6, 20], [6, 30, 13, 7], [13, 25, 12, 28], [0, 23, 11, 20], [15, 7, 31, 11], [21, 27, 17, 6], [24, 2, 12, 22], [27, 0, 10, 8], [28, 21, 13, 11], [11, 12, 29, 13], [20, 17, 16, 9], [28, 26, 23, 1], [11, 5, 8, 26], [30, 22, 17, 29], [20, 23, 30, 22], [15, 23, 28, 3], [9, 13, 27, 25], [2, 17, 19, 14], [15, 3, 7, 24], [15, 20, 13, 2], [30, 9, 15, 19], [16, 29, 10, 4], [23, 2, 4, 0], [27, 25, 4, 11], [31, 7, 11, 4], [28, 14, 5, 16], [10, 19, 8, 30], [13, 6, 0, 8], [24, 12, 26, 15], [8, 25, 27, 26], [13, 23, 10, 16], [20, 5, 23, 17], [17, 6, 23, 21], [6, 15, 16, 0], [20, 16, 28, 29], [8, 9, 21, 14], [13, 12, 31, 15], [24, 22, 26, 18], [12, 30, 10, 7], [23, 3, 12, 6], [18, 22, 16, 0], [12, 19, 18, 27], [31, 6, 3, 2], [25, 2, 11, 29], [9, 0, 1, 3], [19, 26, 7, 27], [2, 10, 17, 28], [25, 29, 21, 14], [31, 7, 17, 18], [24, 28, 17, 15], [8, 13, 16, 5], [27, 8, 1, 3], [17, 11, 4, 30], [9, 21, 14, 1], [7, 3, 13, 11], [5, 27, 11, 22], [18, 15, 6, 2], [2, 11, 28, 21], [23, 25, 4, 29], [30, 3, 15, 4], [0, 28, 29, 19], [25, 7, 16, 28], [31, 14, 0, 11], [16, 25, 21, 27], [0, 16, 24, 19], [16, 14, 10, 3], [3, 7, 13, 31], [13, 21, 10, 27], [18, 27, 17, 25], [23, 31, 25, 8], [20, 31, 6, 24], [3, 28, 19, 27], [24, 3, 0, 11], [30, 14, 13, 9], [19, 17, 3, 7], [15, 9, 24, 31], [19, 12, 22, 31], [27, 16, 9, 3], [28, 25, 18, 2], [31, 29, 15, 0], [25, 0, 16, 21], [27, 16, 11, 31], [26, 0, 3, 6], [31, 9, 21, 12], [7, 13, 22, 8], [20, 5, 16, 4], [13, 18, 31, 8], [8, 21, 7, 25], [5, 1, 4, 29], [8, 4, 17, 23], [26, 31, 12, 16], [22, 6, 1, 30], [23, 8, 25, 15], [18, 22, 17, 9], [15, 5, 17, 4], [16, 20, 4, 5], [22, 8, 23, 0], [28, 7, 26, 22], [16, 18, 13, 27], [29, 3, 15, 13], [22, 8, 4, 1], [22, 15, 20, 5], [31, 0, 25, 14], [21, 1, 2, 17], [3, 13, 20, 4], [15, 18, 2, 19], [4, 31, 7, 6], [19, 28, 26, 9], [13, 22, 8, 16], [6, 20, 8, 4], [1, 11, 2, 4], [4, 10, 24, 27], [3, 21, 16, 8], [28, 16, 1, 24], [0, 12, 8, 9]]",4,1.251746654510498,128,random,0.0,8128,4.0,124,1.3233075141906738,23,56 72 80 81,4063,0.43224474787712097,test,top_r_mean,0.0,0.5,0.5,0.5
0.03150381491508737,1.0,127,1.0,31,80.73040004819632,qasper,0.26666666666666666,0.25,0.06666666666666667,0.0,1810.12085:c2cb6c4500d9e02fc9a1bdffd22c3df69655189f,mean,0.3400824896887889,0.10389164835214615,"[[0, 25, 6, 1], [4, 18, 9, 11], [19, 11, 10, 29], [25, 28, 23, 24], [0, 27, 4, 5], [18, 2, 8, 13], [1, 20, 17, 30], [7, 14, 25, 16], [23, 7, 6, 21], [4, 30, 21, 23], [7, 31, 23, 4], [11, 18, 23, 10], [20, 7, 23, 5], [9, 20, 26, 8], [31, 14, 15, 13], [7, 8, 17, 30], [6, 1, 19, 23], [14, 30, 16, 25], [0, 14, 15, 29], [4, 30, 31, 3], [13, 29, 12, 15], [25, 9, 6, 20], [22, 9, 6, 0], [13, 4, 28, 5], [23, 18, 14, 19], [19, 6, 17, 14], [12, 16, 24, 19], [23, 29, 7, 14], [2, 6, 4, 15], [6, 25, 12, 1], [2, 8, 24, 12], [31, 12, 16, 9], [13, 4, 16, 11], [12, 25, 21, 13], [23, 17, 25, 2], [20, 22, 26, 30], [31, 12, 25, 10], [7, 31, 23, 21], [3, 2, 8, 27], [10, 22, 17, 27], [19, 1, 25, 15], [22, 3, 20, 7], [30, 24, 23, 14], [21, 26, 3, 10], [3, 30, 23, 15], [19, 24, 12, 18], [2, 25, 8, 17], [0, 18, 20, 22], [10, 16, 26, 25], [7, 1, 26, 19], [23, 19, 0, 4], [21, 3, 14, 31], [31, 19, 24, 12], [15, 16, 12, 17], [29, 20, 6, 12], [8, 6, 29, 14], [4, 16, 3, 20], [15, 20, 28, 7], [30, 31, 0, 18], [16, 21, 24, 17], [14, 10, 13, 16], [18, 22, 24, 12], [18, 0, 31, 27], [2, 7, 22, 1], [18, 22, 24, 17], [27, 13, 24, 7], [22, 21, 28, 23], [27, 14, 23, 2], [5, 6, 13, 0], [17, 24, 30, 27], [1, 7, 18, 5], [17, 12, 22, 4], [8, 0, 16, 10], [5, 13, 22, 10], [0, 24, 14, 10], [6, 30, 11, 22], [17, 2, 7, 9], [12, 29, 8, 18], [14, 6, 1, 11], [3, 5, 19, 25], [16, 8, 27, 26], [9, 2, 29, 3], [18, 31, 0, 21], [20, 18, 13, 24], [13, 2, 6, 11], [18, 28, 7, 22], [6, 18, 13, 28], [17, 30, 3, 28], [24, 6, 21, 27], [3, 27, 6, 26], [29, 30, 18, 10], [27, 28, 4, 30], [2, 25, 22, 11], [10, 31, 16, 19], [6, 26, 16, 1], [17, 6, 27, 16], [31, 15, 4, 17], [1, 13, 6, 12], [3, 27, 0, 21], [21, 3, 2, 5], [23, 22, 28, 4], [0, 23, 18, 14], [28, 3, 23, 0], [20, 8, 2, 16], [0, 17, 25, 16], [17, 4, 5, 14], [11, 7, 30, 10], [5, 2, 15, 24], [27, 5, 11, 7], [20, 30, 9, 8], [15, 18, 10, 5], [20, 13, 25, 16], [22, 4, 30, 13], [11, 26, 18, 16], [24, 23, 19, 25], [19, 12, 7, 27], [8, 21, 30, 18], [28, 15, 25, 4], [21, 12, 30, 0], [5, 3, 13, 1], [26, 15, 3, 9], [19, 9, 23, 13], [16, 31, 20, 29], [15, 21, 30, 26], [18, 14, 1, 26], [29, 8, 2, 26], [22, 4, 17, 9]]",4,1.2637991905212402,128,random,0.3333333333333333,8128,4.0,124,1.3266907930374146,37,72 104 0 79,4063,0.49250680208206177,test,top_r_mean,0.0,0.0,0.25,0.5
0.03150381491508737,0.0,127,0.0,31,90.71879996918142,qasper,0.26666666666666666,0.0,0.0,0.0,1810.12085:c2cb6c4500d9e02fc9a1bdffd22c3df69655189f,mean,0.3418322709661292,0.11156773567199707,"[[18, 21, 7, 19], [25, 9, 2, 23], [0, 17, 12, 11], [23, 28, 21, 30], [14, 6, 24, 4], [14, 28, 12, 17], [24, 18, 17, 16], [3, 20, 28, 24], [12, 20, 9, 18], [3, 23, 24, 13], [3, 4, 7, 21], [12, 27, 5, 24], [2, 15, 12, 16], [19, 27, 14, 28], [31, 15, 6, 30], [7, 28, 6, 23], [20, 3, 31, 17], [10, 19, 29, 6], [8, 10, 5, 17], [28, 31, 26, 2], [10, 8, 21, 4], [19, 1, 27, 20], [5, 23, 27, 1], [24, 27, 0, 23], [13, 12, 10, 25], [25, 22, 1, 0], [12, 28, 26, 29], [26, 3, 25, 29], [12, 1, 31, 5], [13, 10, 19, 26], [16, 20, 13, 10], [27, 17, 19, 18], [19, 13, 18, 24], [11, 31, 13, 3], [19, 20, 10, 11], [30, 29, 14, 26], [6, 4, 12, 27], [8, 26, 18, 30], [19, 13, 26, 29], [9, 11, 31, 26], [21, 7, 26, 30], [12, 14, 0, 27], [9, 30, 12, 14], [29, 9, 21, 25], [8, 12, 1, 11], [22, 15, 2, 29], [23, 24, 12, 18], [3, 29, 7, 31], [15, 16, 24, 6], [10, 2, 25, 5], [0, 10, 27, 23], [26, 9, 17, 23], [29, 4, 28, 30], [8, 7, 18, 23], [14, 20, 30, 26], [13, 22, 8, 20], [29, 0, 25, 15], [20, 5, 2, 8], [12, 13, 15, 2], [6, 30, 2, 7], [22, 18, 30, 31], [24, 31, 26, 5], [23, 28, 0, 31], [13, 10, 15, 27], [10, 7, 26, 17], [14, 8, 26, 0], [0, 15, 18, 13], [18, 14, 2, 26], [22, 9, 4, 30], [20, 13, 11, 5], [10, 7, 24, 23], [2, 14, 1, 13], [5, 14, 15, 12], [10, 11, 25, 24], [29, 15, 22, 28], [22, 11, 10, 16], [2, 28, 5, 27], [10, 25, 8, 21], [15, 27, 2, 19], [5, 31, 19, 23], [25, 24, 20, 2], [18, 25, 29, 4], [12, 21, 2, 4], [11, 25, 16, 10], [13, 19, 5, 2], [23, 1, 4, 25], [20, 2, 21, 19], [10, 24, 2, 9], [29, 30, 21, 23], [26, 20, 14, 19], [28, 18, 27, 5], [30, 8, 12, 3], [13, 0, 22, 12], [23, 28, 24, 0], [9, 7, 24, 0], [28, 2, 15, 1], [1, 28, 5, 20], [7, 9, 17, 22], [11, 0, 5, 22], [25, 7, 16, 10], [17, 2, 16, 14], [31, 18, 11, 26], [10, 24, 20, 6], [24, 18, 25, 16], [13, 31, 9, 17], [0, 12, 21, 27], [1, 4, 11, 21], [24, 28, 14, 26], [1, 22, 13, 23], [22, 5, 23, 24], [31, 13, 18, 5], [21, 1, 30, 31], [21, 1, 16, 0], [10, 21, 23, 16], [29, 9, 22, 10], [6, 7, 19, 3], [13, 1, 4, 16], [24, 27, 5, 30], [21, 13, 27, 20], [14, 26, 9, 24], [23, 17, 31, 22], [29, 3, 9, 25], [17, 15, 4, 5], [0, 13, 26, 21], [31, 17, 20, 29], [31, 20, 14, 4], [12, 19, 17, 23]]",4,1.2197601795196533,128,random,0.0,8128,4.0,124,1.2906494140625,53,112 56 80 89,4063,0.48553499579429626,test,top_r_mean,0.0,0.5,0.5,0.25
0.03150381491508737,1.0,127,1.0,31,79.13230010308325,qasper,0.26666666666666666,0.25,0.06666666666666667,0.0,1810.12085:c2cb6c4500d9e02fc9a1bdffd22c3df69655189f,mean,0.3800774903137108,0.11296761780977249,"[[17, 5, 0, 15], [13, 23, 18, 28], [1, 0, 16, 15], [12, 10, 23, 7], [19, 27, 3, 14], [30, 8, 9, 21], [28, 29, 31, 17], [31, 21, 5, 2], [1, 29, 8, 22], [25, 15, 14, 1], [4, 2, 3, 1], [28, 10, 8, 26], [0, 22, 23, 26], [15, 19, 28, 2], [22, 28, 16, 15], [21, 8, 16, 28], [3, 2, 10, 20], [31, 14, 20, 4], [31, 3, 28, 21], [19, 12, 0, 17], [7, 0, 23, 25], [5, 26, 25, 6], [0, 15, 23, 27], [6, 0, 22, 7], [31, 29, 2, 5], [10, 7, 30, 29], [16, 19, 6, 5], [8, 14, 15, 26], [3, 11, 24, 9], [10, 7, 23, 9], [12, 28, 9, 1], [21, 7, 23, 19], [23, 20, 14, 16], [4, 27, 10, 13], [4, 26, 24, 28], [26, 11, 0, 2], [0, 19, 10, 12], [3, 17, 15, 27], [8, 1, 16, 18], [21, 13, 9, 23], [23, 13, 25, 4], [21, 14, 6, 11], [6, 19, 1, 15], [18, 28, 19, 15], [15, 5, 12, 11], [4, 25, 0, 20], [28, 11, 26, 7], [25, 21, 22, 17], [7, 30, 25, 13], [18, 17, 9, 2], [6, 0, 12, 13], [22, 17, 12, 21], [6, 9, 23, 15], [22, 10, 9, 7], [14, 16, 8, 5], [28, 29, 1, 2], [29, 6, 16, 28], [2, 27, 3, 23], [10, 8, 6, 7], [16, 7, 27, 18], [20, 5, 26, 2], [7, 20, 18, 12], [17, 4, 22, 26], [16, 24, 21, 6], [10, 13, 27, 24], [18, 27, 14, 24], [16, 11, 13, 19], [30, 25, 5, 4], [31, 30, 0, 11], [21, 29, 28, 4], [0, 20, 28, 15], [20, 0, 26, 10], [14, 8, 1, 15], [30, 0, 23, 10], [18, 31, 11, 14], [20, 16, 3, 13], [29, 21, 1, 16], [3, 19, 0, 15], [2, 20, 9, 1], [23, 10, 28, 30], [3, 9, 20, 27], [23, 31, 26, 10], [9, 6, 29, 1], [0, 20, 7, 10], [9, 17, 26, 4], [30, 31, 5, 24], [22, 8, 28, 4], [27, 11, 17, 1], [21, 19, 16, 3], [22, 4, 0, 7], [18, 6, 12, 29], [16, 13, 24, 0], [30, 12, 10, 9], [10, 13, 4, 14], [15, 26, 12, 17], [20, 26, 22, 12], [6, 11, 20, 23], [23, 13, 31, 4], [21, 16, 1, 12], [7, 24, 3, 2], [16, 12, 2, 30], [3, 30, 24, 13], [19, 8, 25, 1], [18, 28, 1, 27], [26, 9, 29, 15], [18, 8, 31, 5], [15, 0, 21, 6], [24, 2, 25, 6], [25, 0, 22, 15], [29, 6, 31, 14], [11, 16, 9, 12], [12, 16, 22, 8], [24, 20, 0, 28], [5, 29, 9, 23], [7, 4, 29, 24], [19, 8, 4, 29], [9, 26, 8, 6], [6, 12, 24, 16], [26, 22, 23, 1], [27, 23, 10, 0], [22, 31, 9, 23], [29, 28, 4, 16], [11, 16, 9, 29], [0, 29, 8, 16], [27, 9, 20, 26], [4, 16, 8, 9], [24, 29, 18, 11]]",4,1.2583386898040771,128,random,1.0,8128,4.0,124,1.332546353340149,71,0 112 80 72,4063,0.5294220447540283,test,top_r_mean,0.0,0.0,0.25,0.375
0.03150381491508737,1.0,127,1.0,31,82.17099984176457,qasper,0.26666666666666666,0.25,0.06666666666666667,0.0,1810.12085:c2cb6c4500d9e02fc9a1bdffd22c3df69655189f,mean,0.4258217722784652,0.1151762381196022,"[[24, 25, 26, 27, 28, 29, 30, 31], [24, 25, 26, 27, 28, 29, 30, 31], [24, 25, 26, 27, 28, 29, 30, 31], [24, 25, 26, 27, 28, 29, 30, 31], [24, 25, 26, 27, 28, 29, 30, 31], [24, 25, 26, 27, 28, 29, 30, 31], [24, 25, 26, 27, 28, 29, 30, 31], [24, 25, 26, 27, 28, 29, 30, 31], [24, 25, 26, 27, 28, 29, 30, 31], [24, 25, 26, 27, 28, 29, 30, 31], [24, 25, 26, 27, 28, 29, 30, 31], [24, 25, 26, 27, 28, 29, 30, 31], [24, 25, 26, 27, 28, 29, 30, 31], [24, 25, 26, 27, 28, 29, 30, 31], [24, 25, 26, 27, 28, 29, 30, 31], [24, 25, 26, 27, 28, 29, 30, 31], [24, 25, 26, 27, 28, 29, 30, 31], [24, 25, 26, 27, 28, 29, 30, 31], [24, 25, 26, 27, 28, 29, 30, 31], [24, 25, 26, 27, 28, 29, 30, 31], [24, 25, 26, 27, 28, 29, 30, 31], [24, 25, 26, 27, 28, 29, 30, 31], [24, 25, 26, 27, 28, 29, 30, 31], [24, 25, 26, 27, 28, 29, 30, 31], [24, 25, 26, 27, 28, 29, 30, 31], [24, 25, 26, 27, 28, 29, 30, 31], [24, 25, 26, 27, 28, 29, 30, 31], [24, 25, 26, 27, 28, 29, 30, 31], [24, 25, 26, 27, 28, 29, 30, 31], [24, 25, 26, 27, 28, 29, 30, 31], [24, 25, 26, 27, 28, 29, 30, 31], [24, 25, 26, 27, 28, 29, 30, 31], [24, 25, 26, 27, 28, 29, 30, 31], [24, 25, 26, 27, 28, 29, 30, 31], [24, 25, 26, 27, 28, 29, 30, 31], [24, 25, 26, 27, 28, 29, 30, 31], [24, 25, 26, 27, 28, 29, 30, 31], [24, 25, 26, 27, 28, 29, 30, 31], [24, 25, 26, 27, 28, 29, 30, 31], [24, 25, 26, 27, 28, 29, 30, 31], [24, 25, 26, 27, 28, 29, 30, 31], [24, 25, 26, 27, 28, 29, 30, 31], [24, 25, 26, 27, 28, 29, 30, 31], [24, 25, 26, 27, 28, 29, 30, 31], [24, 25, 26, 27, 28, 29, 30, 31], [24, 25, 26, 27, 28, 29, 30, 31], [24, 25, 26, 27, 28, 29, 30, 31], [24, 25, 26, 27, 28, 29, 30, 31], [24, 25, 26, 27, 28, 29, 30, 31], [24, 25, 26, 27, 28, 29, 30, 31], [24, 25, 26, 27, 28, 29, 30, 31], [24, 25, 26, 27, 28, 29, 30, 31], [24, 25, 26, 27, 28, 29, 30, 31], [24, 25, 26, 27, 28, 29, 30, 31], [24, 25, 26, 27, 28, 29, 30, 31], [24, 25, 26, 27, 28, 29, 30, 31], [24, 25, 26, 27, 28, 29, 30, 31], [24, 25, 26, 27, 28, 29, 30, 31], [24, 25, 26, 27, 28, 29, 30, 31], [24, 25, 26, 27, 28, 29, 30, 31], [24, 25, 26, 27, 28, 29, 30, 31], [24, 25, 26, 27, 28, 29, 30, 31], [24, 25, 26, 27, 28, 29, 30, 31], [24, 25, 26, 27, 28, 29, 30, 31], [24, 25, 26, 27, 28, 29, 30, 31], [24, 25, 26, 27, 28, 29, 30, 31], [24, 25, 26, 27, 28, 29, 30, 31], [24, 25, 26, 27, 28, 29, 30, 31], [24, 25, 26, 27, 28, 29, 30, 31], [24, 25, 26, 27, 28, 29, 30, 31], [24, 25, 26, 27, 28, 29, 30, 31], [24, 25, 26, 27, 28, 29, 30, 31], [24, 25, 26, 27, 28, 29, 30, 31], [24, 25, 26, 27, 28, 29, 30, 31], [24, 25, 26, 27, 28, 29, 30, 31], [24, 25, 26, 27, 28, 29, 30, 31], [24, 25, 26, 27, 28, 29, 30, 31], [24, 25, 26, 27, 28, 29, 30, 31], [24, 25, 26, 27, 28, 29, 30, 31], [24, 25, 26, 27, 28, 29, 30, 31], [24, 25, 26, 27, 28, 29, 30, 31], [24, 25, 26, 27, 28, 29, 30, 31], [24, 25, 26, 27, 28, 29, 30, 31], [24, 25, 26, 27, 28, 29, 30, 31], [24, 25, 26, 27, 28, 29, 30, 31], [24, 25, 26, 27, 28, 29, 30, 31], [24, 25, 26, 27, 28, 29, 30, 31], [24, 25, 26, 27, 28, 29, 30, 31], [24, 25, 26, 27, 28, 29, 30, 31], [24, 25, 26, 27, 28, 29, 30, 31], [24, 25, 26, 27, 28, 29, 30, 31], [24, 25, 26, 27, 28, 29, 30, 31], [24, 25, 26, 27, 28, 29, 30, 31], [24, 25, 26, 27, 28, 29, 30, 31], [24, 25, 26, 27, 28, 29, 30, 31], [24, 25, 26, 27, 28, 29, 30, 31], [24, 25, 26, 27, 28, 29, 30, 31], [24, 25, 26, 27, 28, 29, 30, 31], [24, 25, 26, 27, 28, 29, 30, 31], [24, 25, 26, 27, 28, 29, 30, 31], [24, 25, 26, 27, 28, 29, 30, 31], [24, 25, 26, 27, 28, 29, 30, 31], [24, 25, 26, 27, 28, 29, 30, 31], [24, 25, 26, 27, 28, 29, 30, 31], [24, 25, 26, 27, 28, 29, 30, 31], [24, 25, 26, 27, 28, 29, 30, 31], [24, 25, 26, 27, 28, 29, 30, 31], [24, 25, 26, 27, 28, 29, 30, 31], [24, 25, 26, 27, 28, 29, 30, 31], [24, 25, 26, 27, 28, 29, 30, 31], [24, 25, 26, 27, 28, 29, 30, 31], [24, 25, 26, 27, 28, 29, 30, 31], [24, 25, 26, 27, 28, 29, 30, 31], [24, 25, 26, 27, 28, 29, 30, 31], [24, 25, 26, 27, 28, 29, 30, 31], [24, 25, 26, 27, 28, 29, 30, 31], [24, 25, 26, 27, 28, 29, 30, 31], [24, 25, 26, 27, 28, 29, 30, 31], [24, 25, 26, 27, 28, 29, 30, 31], [24, 25, 26, 27, 28, 29, 30, 31], [24, 25, 26, 27, 28, 29, 30, 31], [24, 25, 26, 27, 28, 29, 30, 31], [24, 25, 26, 27, 28, 29, 30, 31], [24, 25, 26, 27, 28, 29, 30, 31], [24, 25, 26, 27, 28, 29, 30, 31], [24, 25, 26, 27, 28, 29, 30, 31], [23, 24, 25, 26, 27, 28, 29, 30]]",8,0.7504005432128906,128,last,1.0,16256,4.0,124,0.8544927835464478,0,12 56 40 50,4063,0.5962809324264526,test,top_r_mean,0.0,0.5,0.25,0.25
0.03150381491508737,0.0,127,0.0,31,84.11730010993779,qasper,0.26666666666666666,0.0,0.0,0.0,1810.12085:c2cb6c4500d9e02fc9a1bdffd22c3df69655189f,mean,0.5470566179227596,0.027027446776628494,"[[4, 0, 29, 30, 26, 22, 17, 24], [30, 6, 7, 26, 25, 11, 28, 9], [21, 14, 6, 24, 1, 16, 17, 13], [11, 6, 29, 4, 30, 1, 21, 23], [14, 10, 11, 12, 20, 27, 24, 30], [1, 15, 26, 30, 10, 12, 27, 8], [2, 0, 27, 14, 12, 16, 19, 21], [16, 18, 22, 17, 31, 19, 29, 9], [13, 0, 17, 11, 15, 14, 5, 30], [29, 1, 4, 22, 8, 5, 21, 2], [1, 31, 11, 22, 14, 7, 17, 0], [7, 0, 21, 17, 16, 1, 14, 28], [2, 19, 5, 14, 8, 9, 25, 6], [15, 31, 11, 3, 5, 4, 14, 25], [3, 4, 20, 29, 18, 26, 1, 21], [17, 28, 4, 19, 31, 5, 27, 7], [10, 0, 28, 4, 2, 12, 25, 7], [20, 2, 27, 1, 29, 6, 31, 11], [21, 10, 18, 13, 2, 0, 28, 20], [2, 28, 0, 27, 24, 14, 20, 8], [28, 7, 14, 8, 10, 25, 13, 6], [6, 24, 1, 8, 0, 22, 3, 4], [11, 28, 3, 31, 25, 30, 27, 7], [21, 24, 17, 28, 27, 13, 1, 2], [31, 0, 26, 25, 24, 12, 28, 2], [5, 27, 18, 24, 13, 30, 28, 12], [11, 2, 25, 19, 4, 18, 8, 10], [4, 29, 18, 20, 1, 16, 23, 19], [6, 19, 27, 8, 28, 21, 10, 13], [25, 6, 28, 12, 14, 2, 24, 7], [29, 17, 12, 21, 15, 26, 10, 16], [26, 15, 20, 21, 10, 17, 6, 13], [22, 0, 9, 25, 20, 30, 21, 14], [3, 26, 8, 31, 23, 6, 21, 29], [9, 3, 19, 6, 18, 12, 0, 24], [8, 22, 25, 23, 31, 21, 7, 26], [14, 24, 31, 22, 25, 1, 13, 4], [14, 16, 23, 3, 9, 31, 21, 7], [8, 6, 3, 13, 28, 1, 7, 31], [10, 21, 19, 12, 13, 7, 5, 20], [14, 0, 17, 31, 29, 2, 5, 22], [29, 1, 17, 2, 24, 4, 9, 16], [26, 14, 18, 5, 23, 15, 31, 9], [28, 4, 14, 10, 1, 8, 26, 12], [17, 15, 13, 8, 14, 16, 12, 29], [21, 26, 8, 28, 15, 12, 1, 22], [15, 14, 26, 7, 31, 5, 30, 11], [10, 5, 6, 3, 8, 20, 0, 24], [13, 0, 28, 29, 3, 23, 9, 7], [26, 3, 19, 9, 15, 8, 1, 30], [4, 9, 25, 28, 27, 16, 14, 24], [15, 17, 1, 28, 20, 23, 22, 12], [8, 19, 26, 31, 28, 25, 10, 3], [12, 4, 30, 28, 11, 5, 2, 6], [6, 18, 20, 10, 28, 17, 21, 4], [15, 26, 27, 6, 25, 30, 18, 28], [4, 0, 15, 8, 14, 2, 23, 11], [13, 0, 29, 31, 24, 10, 20, 3], [2, 18, 22, 31, 25, 8, 6, 23], [22, 20, 11, 26, 1, 13, 19, 6], [10, 16, 4, 14, 1, 27, 23, 15], [11, 25, 29, 26, 16, 27, 24, 7], [15, 10, 3, 26, 28, 16, 4, 22], [23, 12, 6, 1, 29, 15, 4, 2], [29, 0, 21, 25, 22, 1, 2, 15], [23, 5, 13, 18, 17, 15, 4, 16], [28, 6, 11, 23, 22, 5, 7, 15], [21, 17, 20, 29, 10, 1, 19, 13], [19, 6, 4, 16, 15, 10, 1, 9], [22, 7, 24, 0, 4, 13, 28, 21], [11, 27, 19, 14, 28, 31, 13, 2], [20, 7, 6, 16, 28, 26, 15, 18], [22, 0, 3, 2, 19, 4, 15, 12], [15, 21, 20, 5, 29, 27, 3, 22], [11, 21, 24, 23, 31, 28, 9, 20], [4, 6, 29, 26, 19, 5, 24, 2], [12, 31, 21, 27, 30, 26, 15, 28], [18, 2, 15, 8, 13, 3, 6, 7], [11, 27, 5, 22, 13, 26, 21, 31], [14, 2, 9, 0, 15, 31, 19, 22], [23, 0, 29, 30, 28, 10, 18, 20], [27, 12, 0, 2, 3, 10, 15, 5], [21, 0, 1, 4, 12, 5, 3, 31], [15, 20, 6, 3, 14, 5, 1, 7], [19, 2, 9, 22, 1, 7, 11, 6], [19, 9, 11, 12, 25, 17, 22, 3], [17, 4, 30, 3, 6, 31, 19, 27], [11, 22, 1, 18, 2, 15, 28, 17], [24, 0, 30, 31, 11, 27, 9, 2], [11, 18, 21, 0, 29, 15, 1, 23], [16, 19, 4, 30, 28, 11, 21, 3], [0, 23, 25, 31, 7, 26, 24, 17], [20, 24, 2, 31, 23, 14, 7, 30], [5, 16, 12, 28, 22, 0, 3, 15], [12, 5, 20, 3, 6, 28, 0, 8], [7, 22, 5, 15, 19, 27, 24, 1], [12, 0, 1, 29, 11, 4, 17, 27], [16, 21, 20, 8, 12, 22, 7, 31], [15, 24, 29, 5, 0, 17, 30, 26], [14, 24, 7, 16, 31, 13, 6, 25], [3, 22, 10, 1, 17, 23, 20, 12], [0, 25, 28, 30, 27, 18, 26, 3], [16, 26, 9, 24, 10, 30, 23, 31], [25, 0, 19, 12, 6, 18, 9, 15], [10, 0, 15, 2, 27, 31, 21, 8], [31, 13, 17, 15, 20, 29, 24, 5], [27, 18, 3, 30, 2, 6, 26, 19], [19, 4, 22, 8, 0, 24, 5, 18], [29, 13, 22, 12, 27, 2, 0, 1], [16, 25, 24, 8, 2, 10, 6, 31], [12, 15, 24, 26, 29, 4, 5, 16], [22, 5, 20, 3, 2, 21, 29, 4], [4, 0, 13, 18, 28, 1, 2, 8], [7, 2, 18, 11, 4, 15, 1, 20], [6, 1, 25, 18, 23, 12, 27, 26], [24, 5, 21, 10, 7, 20, 3, 0], [30, 1, 6, 24, 8, 4, 15, 27], [30, 1, 7, 17, 9, 6, 13, 18], [25, 29, 5, 11, 17, 28, 8, 12], [19, 8, 21, 10, 5, 7, 31, 23], [26, 0, 2, 3, 11, 8, 9, 25], [27, 19, 5, 3, 8, 31, 11, 12], [5, 10, 18, 27, 15, 7, 0, 4], [31, 20, 23, 5, 17, 1, 25, 9], [0, 12, 13, 4, 28, 23, 11, 26], [18, 8, 1, 30, 25, 9, 21, 0], [17, 4, 19, 24, 5, 0, 3, 15]]",8,0.6885080337524414,128,farthest,0.0,16256,4.0,124,0.7301229238510132,0,80 96 112 72,4063,0.7214508056640625,test,top_r_mean,1.0,0.5,0.25,0.625
0.03150381491508737,0.0,127,0.0,31,91.79320000112057,qasper,0.26666666666666666,0.0,0.0,0.0,1810.12085:c2cb6c4500d9e02fc9a1bdffd22c3df69655189f,mean,0.9020122484689413,0.0008397484198212624,"[[1, 0, 16, 4, 5, 2, 18, 17], [12, 17, 13, 18, 30, 14, 15, 31], [31, 17, 30, 19, 18, 5, 28, 3], [29, 31, 30, 0, 11, 8, 7, 1], [29, 5, 31, 15, 4, 9, 18, 2], [10, 11, 16, 24, 12, 28, 25, 5], [10, 31, 17, 11, 6, 13, 18, 21], [23, 11, 24, 1, 0, 9, 10, 6], [5, 0, 7, 16, 8, 9, 28, 25], [23, 24, 9, 10, 0, 26, 25, 16], [19, 6, 1, 9, 15, 21, 3, 5], [2, 7, 3, 6, 20, 14, 4, 13], [24, 23, 19, 30, 26, 28, 25, 12], [5, 14, 12, 26, 8, 0, 2, 11], [18, 24, 2, 19, 23, 0, 22, 26], [2, 29, 26, 3, 30, 28, 27, 7], [24, 0, 9, 26, 25, 12, 11, 14], [27, 31, 9, 6, 10, 28, 7, 12], [9, 28, 29, 30, 11, 12, 17, 1], [6, 2, 11, 15, 19, 3, 20, 8], [12, 11, 9, 15, 13, 14, 2, 24], [4, 6, 25, 28, 7, 8, 2, 15], [7, 18, 14, 19, 27, 8, 9, 2], [21, 20, 22, 23, 8, 15, 30, 31], [23, 0, 11, 31, 3, 2, 27, 17], [0, 31, 4, 9, 8, 29, 3, 10], [0, 1, 15, 11, 14, 13, 18, 5], [19, 21, 23, 12, 25, 17, 27, 18], [10, 11, 12, 13, 3, 24, 29, 16], [19, 23, 21, 25, 24, 27, 22, 26], [16, 28, 14, 19, 20, 4, 22, 2], [18, 25, 21, 22, 19, 9, 28, 23], [21, 0, 2, 22, 24, 3, 26, 4], [26, 10, 28, 2, 12, 11, 13, 31], [17, 2, 26, 27, 25, 29, 21, 28], [26, 27, 8, 15, 18, 25, 29, 31], [19, 0, 27, 14, 13, 26, 24, 15], [30, 28, 31, 6, 0, 19, 17, 23], [22, 21, 10, 2, 15, 28, 25, 1], [10, 9, 11, 18, 17, 0, 6, 1], [27, 0, 28, 9, 30, 15, 18, 29], [9, 11, 10, 29, 28, 0, 31, 16], [15, 16, 24, 25, 23, 1, 2, 17], [9, 19, 16, 18, 13, 6, 29, 14], [7, 4, 11, 6, 1, 17, 28, 31], [10, 17, 13, 21, 14, 18, 12, 11], [3, 9, 16, 12, 17, 8, 13, 18], [23, 22, 25, 24, 26, 16, 10, 11], [20, 0, 9, 8, 1, 21, 2, 17], [9, 20, 21, 10, 18, 24, 15, 28], [25, 26, 21, 29, 22, 0, 24, 19], [23, 2, 5, 25, 1, 3, 24, 28], [21, 24, 22, 25, 26, 13, 28, 30], [6, 8, 10, 12, 7, 13, 11, 9], [4, 24, 8, 14, 28, 16, 9, 6], [24, 22, 23, 18, 21, 27, 29, 1], [23, 0, 5, 25, 31, 26, 13, 7], [29, 7, 9, 8, 30, 20, 6, 23], [17, 1, 19, 2, 18, 11, 5, 0], [19, 21, 20, 22, 13, 7, 14, 23], [15, 18, 17, 19, 23, 0, 16, 3], [7, 9, 28, 8, 29, 23, 30, 12], [23, 28, 0, 2, 24, 14, 11, 10], [8, 31, 13, 14, 7, 9, 27, 28], [23, 0, 3, 24, 29, 1, 6, 30], [0, 16, 11, 19, 1, 9, 4, 17], [7, 8, 17, 27, 5, 15, 23, 14], [11, 22, 14, 12, 21, 13, 7, 16], [9, 8, 7, 11, 5, 12, 6, 15], [3, 0, 1, 8, 9, 2, 13, 7], [3, 4, 22, 9, 18, 6, 8, 21], [8, 31, 25, 12, 18, 21, 20, 2], [15, 0, 17, 16, 18, 22, 5, 27], [8, 9, 19, 13, 24, 12, 29, 0], [23, 25, 26, 29, 24, 28, 27, 30], [24, 0, 10, 28, 26, 12, 5, 21], [9, 10, 17, 20, 8, 6, 24, 29], [14, 10, 28, 7, 11, 31, 19, 8], [31, 30, 6, 16, 18, 0, 26, 19], [3, 19, 4, 20, 0, 25, 5, 15], [18, 0, 1, 24, 23, 20, 19, 3], [8, 7, 9, 27, 17, 11, 25, 14], [10, 7, 9, 3, 4, 16, 5, 8], [6, 11, 12, 8, 9, 2, 10, 16], [9, 14, 20, 13, 21, 26, 30, 27], [12, 13, 16, 4, 0, 5, 15, 18], [11, 2, 0, 17, 5, 23, 14, 1], [27, 10, 28, 11, 12, 0, 25, 21], [23, 0, 12, 1, 11, 17, 8, 29], [19, 18, 20, 1, 9, 2, 22, 7], [24, 19, 23, 25, 29, 21, 14, 28], [26, 0, 27, 30, 5, 12, 29, 19], [29, 0, 13, 8, 6, 1, 12, 7], [2, 7, 25, 6, 15, 4, 27, 1], [27, 23, 28, 1, 13, 2, 11, 20], [7, 6, 13, 5, 18, 19, 4, 24], [6, 0, 5, 27, 7, 1, 2, 30], [13, 11, 12, 3, 24, 14, 9, 20], [24, 27, 25, 2, 8, 3, 26, 16], [24, 25, 27, 28, 26, 19, 9, 13], [16, 0, 2, 1, 5, 9, 25, 27], [29, 27, 28, 31, 30, 10, 4, 1], [6, 3, 7, 2, 16, 12, 8, 1], [8, 13, 7, 14, 26, 9, 30, 4], [6, 0, 17, 19, 7, 20, 13, 14], [11, 12, 27, 21, 10, 3, 22, 17], [7, 31, 8, 22, 21, 28, 10, 14], [15, 9, 10, 20, 19, 18, 2, 17], [13, 14, 29, 15, 10, 18, 0, 6], [10, 4, 22, 5, 15, 12, 6, 14], [18, 30, 21, 20, 10, 19, 7, 27], [23, 7, 9, 19, 11, 8, 26, 21], [2, 0, 11, 4, 7, 15, 3, 28], [6, 21, 22, 7, 28, 1, 26, 15], [10, 11, 0, 13, 6, 16, 21, 12], [10, 29, 11, 18, 12, 31, 16, 24], [15, 17, 0, 5, 19, 21, 6, 7], [13, 27, 28, 25, 0, 20, 18, 5], [28, 19, 4, 31, 2, 9, 18, 0], [21, 22, 23, 28, 30, 31, 26, 10], [9, 0, 22, 10, 1, 12, 8, 5], [3, 18, 4, 13, 14, 11, 7, 23], [0, 5, 2, 3, 6, 21, 25, 4], [4, 7, 6, 25, 8, 9, 10, 16], [26, 31, 27, 29, 16, 28, 0, 30], [0, 2, 27, 3, 6, 28, 30, 7], [13, 17, 23, 22, 30, 7, 8, 14]]",8,0.13474689424037933,128,greedy_oracle,0.0,16256,4.0,124,0.14109905064105988,0,80 56 88 96,4063,0.9850662350654602,test,top_r_mean,1.0,1.0,0.75,0.875
0.03150381491508737,1.0,127,1.0,31,83.08749995194376,qasper,0.26666666666666666,0.25,0.06666666666666667,0.0,1810.12085:c2cb6c4500d9e02fc9a1bdffd22c3df69655189f,mean,0.5953005874265717,0.07332691550254822,"[[29, 21, 16, 0, 23, 1, 17, 15], [4, 6, 5, 0, 20, 30, 19, 1], [7, 3, 27, 18, 15, 2, 25, 28], [24, 5, 25, 8, 18, 6, 30, 4], [19, 7, 20, 1, 28, 29, 10, 21], [21, 9, 25, 15, 28, 8, 10, 20], [3, 30, 23, 4, 28, 10, 24, 22], [6, 10, 5, 16, 15, 25, 13, 3], [8, 3, 23, 16, 24, 11, 19, 26], [14, 22, 3, 19, 20, 24, 0, 26], [12, 15, 23, 31, 24, 16, 22, 20], [15, 29, 12, 16, 27, 9, 22, 5], [6, 26, 17, 7, 22, 15, 30, 23], [14, 11, 7, 28, 29, 15, 26, 4], [26, 10, 15, 2, 12, 27, 28, 0], [17, 27, 9, 21, 28, 0, 18, 14], [12, 2, 22, 9, 31, 17, 21, 26], [29, 13, 15, 0, 10, 12, 3, 16], [25, 19, 23, 7, 22, 17, 6, 0], [2, 31, 19, 17, 30, 25, 28, 14], [20, 1, 8, 5, 4, 0, 6, 21], [21, 23, 7, 15, 19, 28, 29, 9], [11, 25, 23, 9, 27, 0, 30, 15], [20, 21, 3, 19, 13, 0, 14, 10], [12, 10, 2, 17, 3, 6, 27, 18], [20, 24, 18, 6, 29, 2, 16, 19], [1, 11, 18, 25, 29, 22, 0, 4], [19, 5, 17, 1, 4, 6, 14, 3], [24, 23, 28, 10, 30, 1, 25, 6], [24, 9, 31, 14, 16, 2, 1, 26], [7, 8, 30, 24, 26, 28, 10, 0], [30, 11, 12, 6, 18, 28, 8, 23], [23, 28, 21, 26, 6, 14, 18, 10], [2, 29, 0, 19, 4, 28, 1, 13], [11, 12, 2, 5, 3, 7, 9, 29], [23, 24, 30, 18, 21, 26, 14, 15], [17, 5, 22, 29, 11, 28, 9, 8], [18, 10, 11, 3, 6, 29, 1, 4], [16, 15, 1, 5, 20, 4, 13, 25], [2, 16, 28, 11, 7, 17, 1, 13], [25, 27, 29, 8, 19, 9, 20, 18], [11, 3, 25, 5, 9, 29, 0, 16], [23, 29, 25, 12, 21, 11, 3, 16], [9, 17, 21, 29, 15, 26, 1, 11], [15, 5, 26, 31, 17, 1, 13, 30], [31, 15, 23, 5, 19, 29, 14, 0], [2, 20, 11, 14, 16, 5, 19, 23], [29, 30, 13, 8, 26, 11, 19, 6], [0, 10, 3, 4, 6, 18, 17, 1], [31, 4, 25, 27, 18, 22, 13, 11], [28, 24, 26, 18, 14, 3, 27, 25], [2, 24, 9, 22, 14, 4, 8, 6], [11, 6, 3, 1, 29, 10, 30, 19], [19, 17, 8, 13, 29, 15, 24, 7], [26, 17, 31, 15, 5, 22, 6, 19], [17, 12, 4, 29, 24, 7, 0, 23], [6, 8, 1, 16, 11, 27, 25, 3], [3, 14, 17, 0, 23, 7, 26, 16], [28, 6, 8, 31, 17, 5, 24, 20], [2, 11, 21, 18, 9, 29, 5, 28], [1, 12, 25, 21, 27, 31, 14, 17], [28, 26, 12, 19, 29, 27, 31, 22], [27, 11, 21, 19, 2, 23, 17, 1], [18, 4, 9, 10, 30, 13, 21, 20], [4, 24, 5, 31, 26, 1, 29, 17], [26, 24, 20, 18, 30, 25, 5, 2], [20, 4, 18, 28, 6, 10, 2, 19], [6, 0, 16, 12, 26, 27, 24, 8], [11, 13, 23, 12, 24, 16, 14, 4], [19, 11, 13, 22, 12, 14, 1, 23], [22, 29, 21, 30, 26, 8, 19, 4], [0, 21, 25, 13, 31, 8, 16, 14], [18, 28, 1, 17, 16, 4, 11, 22], [22, 29, 25, 10, 19, 9, 27, 21], [7, 16, 3, 20, 22, 25, 12, 6], [11, 28, 31, 2, 30, 17, 5, 8], [5, 10, 12, 0, 22, 11, 24, 30], [12, 16, 17, 0, 20, 13, 14, 15], [25, 7, 17, 27, 15, 22, 2, 9], [0, 10, 11, 25, 4, 20, 23, 8], [26, 31, 18, 13, 19, 21, 23, 20], [7, 27, 17, 1, 10, 5, 3, 8], [13, 20, 4, 17, 26, 11, 31, 27], [2, 28, 25, 17, 18, 11, 21, 29], [18, 7, 15, 21, 3, 9, 2, 29], [28, 4, 17, 11, 27, 3, 1, 31], [4, 14, 8, 17, 25, 26, 15, 12], [31, 24, 16, 22, 5, 27, 19, 12], [26, 27, 20, 4, 16, 25, 23, 30], [5, 29, 13, 2, 26, 21, 19, 9], [0, 15, 24, 16, 11, 21, 4, 8], [28, 7, 20, 31, 24, 0, 13, 30], [9, 10, 5, 12, 23, 27, 17, 18], [27, 1, 8, 26, 0, 13, 11, 21], [6, 12, 13, 7, 16, 21, 1, 11], [24, 20, 28, 18, 0, 7, 10, 11], [2, 23, 29, 25, 1, 18, 26, 14], [21, 9, 6, 7, 24, 15, 13, 23], [15, 8, 14, 4, 20, 3, 22, 0], [9, 19, 6, 7, 20, 18, 29, 31], [2, 3, 1, 22, 10, 26, 7, 5], [20, 16, 12, 17, 8, 0, 24, 5], [20, 11, 22, 15, 6, 9, 13, 7], [8, 11, 23, 7, 9, 6, 1, 19], [28, 3, 16, 8, 19, 27, 18, 13], [8, 11, 29, 18, 4, 10, 2, 22], [14, 0, 22, 16, 7, 21, 27, 28], [23, 12, 13, 7, 27, 3, 25, 1], [15, 1, 12, 16, 4, 29, 31, 10], [12, 19, 28, 15, 22, 29, 25, 23], [11, 18, 1, 28, 19, 3, 30, 17], [15, 13, 22, 12, 28, 8, 19, 5], [21, 27, 13, 6, 29, 8, 7, 2], [17, 26, 27, 11, 5, 28, 22, 6], [2, 7, 9, 13, 26, 6, 4, 0], [26, 11, 6, 10, 2, 16, 24, 7], [25, 16, 24, 13, 0, 11, 5, 30], [19, 2, 7, 16, 23, 4, 3, 5], [4, 24, 15, 9, 14, 3, 18, 22], [17, 5, 4, 28, 14, 19, 15, 21], [6, 20, 26, 7, 27, 22, 3, 30], [17, 9, 12, 6, 20, 22, 10, 7], [2, 25, 0, 4, 10, 19, 16, 6], [15, 6, 2, 0, 14, 19, 26, 9], [29, 25, 4, 13, 8, 3, 22, 0], [16, 9, 28, 26, 7, 1, 12, 20], [13, 7, 19, 2, 22, 8, 11, 18]]",8,0.6607891917228699,128,random,1.0,16256,4.0,124,0.727458655834198,11,0 48 80 64,4063,0.7938694953918457,test,top_r_mean,0.0,0.0,0.25,0.375
0.03150381491508737,0.0,127,0.0,31,93.620500061661,qasper,0.26666666666666666,0.0,0.0,0.0,1810.12085:c2cb6c4500d9e02fc9a1bdffd22c3df69655189f,mean,0.5430571178602674,0.07217299938201904,"[[13, 30, 6, 21, 27, 26, 7, 31], [27, 1, 31, 30, 10, 14, 0, 29], [3, 9, 17, 2, 18, 20, 23, 12], [4, 28, 18, 9, 14, 15, 7, 3], [24, 4, 25, 13, 9, 29, 18, 28], [2, 22, 13, 30, 31, 23, 29, 4], [18, 6, 22, 30, 29, 15, 27, 20], [30, 13, 27, 23, 4, 9, 26, 19], [9, 17, 12, 18, 25, 23, 2, 6], [30, 21, 14, 31, 5, 11, 26, 27], [4, 5, 19, 23, 21, 0, 31, 11], [11, 20, 28, 0, 10, 26, 7, 27], [18, 7, 6, 20, 13, 19, 16, 15], [6, 30, 13, 7, 31, 28, 9, 1], [13, 25, 12, 28, 27, 7, 26, 5], [0, 23, 11, 20, 18, 29, 21, 24], [15, 7, 31, 11, 23, 14, 10, 19], [21, 27, 17, 6, 7, 24, 25, 30], [24, 2, 12, 22, 30, 8, 14, 27], [27, 0, 10, 8, 24, 11, 3, 21], [28, 21, 13, 11, 23, 27, 31, 8], [11, 12, 29, 13, 21, 8, 6, 27], [20, 17, 16, 9, 22, 21, 24, 5], [28, 26, 23, 1, 12, 31, 17, 3], [11, 5, 8, 26, 17, 21, 10, 23], [30, 22, 17, 29, 0, 11, 5, 10], [20, 23, 30, 22, 3, 5, 27, 6], [15, 23, 28, 3, 19, 0, 5, 31], [9, 13, 27, 25, 0, 3, 11, 2], [2, 17, 19, 14, 7, 25, 12, 18], [15, 3, 7, 24, 29, 2, 6, 1], [15, 20, 13, 2, 30, 29, 9, 0], [30, 9, 15, 19, 26, 13, 0, 2], [16, 29, 10, 4, 7, 27, 8, 2], [23, 2, 4, 0, 26, 13, 11, 16], [27, 25, 4, 11, 26, 7, 28, 0], [31, 7, 11, 4, 14, 8, 5, 9], [28, 14, 5, 16, 2, 27, 31, 10], [10, 19, 8, 30, 27, 5, 12, 6], [13, 6, 0, 8, 10, 19, 31, 24], [24, 12, 26, 15, 21, 23, 22, 31], [8, 25, 27, 26, 4, 24, 9, 10], [13, 23, 10, 16, 18, 28, 8, 12], [20, 5, 23, 17, 4, 12, 15, 30], [17, 6, 23, 21, 29, 5, 2, 19], [6, 15, 16, 0, 25, 13, 22, 3], [20, 16, 28, 29, 22, 24, 14, 2], [8, 9, 21, 14, 30, 0, 31, 4], [13, 12, 31, 15, 4, 25, 20, 28], [24, 22, 26, 18, 12, 27, 16, 10], [12, 30, 10, 7, 19, 24, 20, 17], [23, 3, 12, 6, 19, 8, 9, 21], [18, 22, 16, 0, 25, 8, 31, 30], [12, 19, 18, 27, 24, 21, 13, 11], [31, 6, 3, 2, 19, 9, 22, 13], [25, 2, 11, 29, 28, 31, 3, 12], [9, 0, 1, 3, 2, 24, 10, 29], [19, 26, 7, 27, 5, 9, 17, 0], [2, 10, 17, 28, 0, 1, 9, 30], [25, 29, 21, 14, 0, 16, 9, 20], [31, 7, 17, 18, 21, 14, 0, 29], [24, 28, 17, 15, 0, 6, 25, 8], [8, 13, 16, 5, 14, 31, 12, 11], [27, 8, 1, 3, 2, 28, 14, 22], [17, 11, 4, 30, 2, 19, 23, 9], [9, 21, 14, 1, 22, 5, 11, 15], [7, 3, 13, 11, 22, 25, 17, 29], [5, 27, 11, 22, 10, 28, 2, 26], [18, 15, 6, 2, 31, 12, 1, 22], [2, 11, 28, 21, 9, 13, 4, 15], [23, 25, 4, 29, 26, 12, 2, 18], [30, 3, 15, 4, 0, 1, 27, 24], [0, 28, 29, 19, 10, 24, 15, 1], [25, 7, 16, 28, 29, 8, 18, 3], [31, 14, 0, 11, 23, 20, 5, 16], [16, 25, 21, 27, 14, 3, 20, 11], [0, 16, 24, 19, 2, 28, 5, 17], [16, 14, 10, 3, 12, 31, 17, 24], [3, 7, 13, 31, 12, 8, 29, 9], [13, 21, 10, 27, 11, 26, 8, 6], [18, 27, 17, 25, 11, 23, 1, 9], [23, 31, 25, 8, 22, 11, 7, 6], [20, 31, 6, 24, 1, 8, 18, 17], [3, 28, 19, 27, 24, 16, 20, 31], [24, 3, 0, 11, 21, 26, 18, 30], [30, 14, 13, 9, 31, 6, 7, 27], [19, 17, 3, 7, 9, 31, 23, 22], [15, 9, 24, 31, 8, 29, 3, 14], [19, 12, 22, 31, 28, 0, 9, 10], [27, 16, 9, 3, 7, 26, 6, 23], [28, 25, 18, 2, 17, 1, 30, 0], [31, 29, 15, 0, 16, 9, 7, 22], [25, 0, 16, 21, 30, 13, 4, 9], [27, 16, 11, 31, 20, 13, 5, 23], [26, 0, 3, 6, 12, 27, 1, 25], [31, 9, 21, 12, 27, 14, 17, 7], [7, 13, 22, 8, 0, 4, 27, 20], [20, 5, 16, 4, 1, 10, 29, 15], [13, 18, 31, 8, 26, 21, 6, 17], [8, 21, 7, 25, 9, 18, 17, 13], [5, 1, 4, 29, 3, 14, 27, 18], [8, 4, 17, 23, 11, 16, 28, 2], [26, 31, 12, 16, 13, 9, 25, 15], [22, 6, 1, 30, 19, 18, 28, 31], [23, 8, 25, 15, 10, 3, 31, 30], [18, 22, 17, 9, 28, 16, 7, 30], [15, 5, 17, 4, 31, 1, 26, 12], [16, 20, 4, 5, 7, 15, 29, 3], [22, 8, 23, 0, 7, 10, 4, 1], [28, 7, 26, 22, 17, 19, 29, 24], [16, 18, 13, 27, 31, 25, 7, 9], [29, 3, 15, 13, 7, 10, 27, 18], [22, 8, 4, 1, 3, 31, 11, 9], [22, 15, 20, 5, 4, 26, 18, 21], [31, 0, 25, 14, 17, 9, 30, 18], [21, 1, 2, 17, 29, 4, 30, 14], [3, 13, 20, 4, 14, 25, 31, 2], [15, 18, 2, 19, 1, 21, 4, 10], [4, 31, 7, 6, 11, 12, 29, 28], [19, 28, 26, 9, 29, 27, 7, 0], [13, 22, 8, 16, 21, 31, 14, 17], [6, 20, 8, 4, 17, 30, 13, 22], [1, 11, 2, 4, 12, 26, 3, 28], [4, 10, 24, 27, 18, 20, 8, 6], [3, 21, 16, 8, 26, 20, 18, 7], [28, 16, 1, 24, 15, 5, 0, 17], [0, 12, 8, 9, 20, 28, 4, 3]]",8,0.6721985340118408,128,random,0.0,16256,4.0,124,0.738365113735199,23,96 72 88 56,4063,0.7182987928390503,test,top_r_mean,0.0,0.0,0.5,0.625
0.03150381491508737,1.0,127,1.0,31,91.04460012167692,qasper,0.26666666666666666,0.25,0.06666666666666667,0.0,1810.12085:c2cb6c4500d9e02fc9a1bdffd22c3df69655189f,mean,0.5458067741532309,0.07870638370513916,"[[0, 25, 6, 1, 9, 16, 3, 7], [4, 18, 9, 11, 29, 13, 30, 22], [19, 11, 10, 29, 23, 3, 25, 15], [25, 28, 23, 24, 16, 3, 21, 31], [0, 27, 4, 5, 11, 13, 2, 12], [18, 2, 8, 13, 4, 27, 29, 21], [1, 20, 17, 30, 11, 10, 8, 18], [7, 14, 25, 16, 6, 26, 13, 3], [23, 7, 6, 21, 8, 15, 17, 5], [4, 30, 21, 23, 29, 22, 1, 7], [7, 31, 23, 4, 25, 3, 26, 14], [11, 18, 23, 10, 30, 12, 9, 13], [20, 7, 23, 5, 10, 21, 12, 24], [9, 20, 26, 8, 25, 28, 7, 14], [31, 14, 15, 13, 7, 26, 23, 0], [7, 8, 17, 30, 4, 25, 22, 19], [6, 1, 19, 23, 4, 13, 29, 7], [14, 30, 16, 25, 31, 1, 8, 26], [0, 14, 15, 29, 12, 26, 31, 8], [4, 30, 31, 3, 28, 22, 16, 25], [13, 29, 12, 15, 5, 27, 25, 22], [25, 9, 6, 20, 14, 11, 31, 0], [22, 9, 6, 0, 20, 7, 31, 30], [13, 4, 28, 5, 12, 10, 17, 20], [23, 18, 14, 19, 1, 7, 26, 25], [19, 6, 17, 14, 12, 30, 18, 28], [12, 16, 24, 19, 29, 30, 26, 21], [23, 29, 7, 14, 11, 12, 26, 6], [2, 6, 4, 15, 17, 3, 18, 9], [6, 25, 12, 1, 18, 7, 3, 26], [2, 8, 24, 12, 20, 18, 7, 15], [31, 12, 16, 9, 5, 25, 13, 8], [13, 4, 16, 11, 29, 8, 31, 19], [12, 25, 21, 13, 15, 2, 24, 0], [23, 17, 25, 2, 14, 18, 24, 5], [20, 22, 26, 30, 7, 11, 19, 23], [31, 12, 25, 10, 24, 21, 28, 15], [7, 31, 23, 21, 2, 18, 14, 1], [3, 2, 8, 27, 18, 12, 7, 29], [10, 22, 17, 27, 16, 25, 4, 26], [19, 1, 25, 15, 11, 6, 22, 12], [22, 3, 20, 7, 6, 28, 12, 1], [30, 24, 23, 14, 19, 10, 20, 27], [21, 26, 3, 10, 17, 14, 6, 30], [3, 30, 23, 15, 21, 29, 0, 13], [19, 24, 12, 18, 27, 9, 30, 6], [2, 25, 8, 17, 13, 7, 19, 12], [0, 18, 20, 22, 14, 3, 21, 23], [10, 16, 26, 25, 9, 5, 22, 3], [7, 1, 26, 19, 15, 2, 9, 4], [23, 19, 0, 4, 12, 18, 28, 17], [21, 3, 14, 31, 7, 1, 5, 12], [31, 19, 24, 12, 6, 2, 16, 5], [15, 16, 12, 17, 11, 7, 22, 20], [29, 20, 6, 12, 15, 1, 25, 24], [8, 6, 29, 14, 13, 27, 11, 9], [4, 16, 3, 20, 19, 13, 8, 31], [15, 20, 28, 7, 4, 22, 1, 0], [30, 31, 0, 18, 21, 15, 19, 23], [16, 21, 24, 17, 25, 14, 7, 1], [14, 10, 13, 16, 26, 1, 15, 27], [18, 22, 24, 12, 10, 21, 16, 29], [18, 0, 31, 27, 24, 16, 30, 19], [2, 7, 22, 1, 8, 17, 19, 9], [18, 22, 24, 17, 7, 11, 29, 4], [27, 13, 24, 7, 26, 6, 19, 16], [22, 21, 28, 23, 2, 18, 5, 9], [27, 14, 23, 2, 22, 16, 28, 29], [5, 6, 13, 0, 25, 20, 4, 30], [17, 24, 30, 27, 18, 4, 31, 0], [1, 7, 18, 5, 14, 8, 15, 0], [17, 12, 22, 4, 30, 3, 5, 25], [8, 0, 16, 10, 23, 4, 5, 6], [5, 13, 22, 10, 0, 7, 31, 18], [0, 24, 14, 10, 21, 6, 27, 17], [6, 30, 11, 22, 5, 27, 28, 17], [17, 2, 7, 9, 1, 19, 18, 20], [12, 29, 8, 18, 26, 14, 21, 3], [14, 6, 1, 11, 16, 8, 29, 5], [3, 5, 19, 25, 27, 31, 14, 29], [16, 8, 27, 26, 25, 18, 3, 17], [9, 2, 29, 3, 31, 28, 14, 7], [18, 31, 0, 21, 29, 2, 13, 10], [20, 18, 13, 24, 4, 17, 8, 14], [13, 2, 6, 11, 16, 22, 23, 29], [18, 28, 7, 22, 24, 25, 1, 14], [6, 18, 13, 28, 21, 16, 12, 15], [17, 30, 3, 28, 23, 9, 0, 16], [24, 6, 21, 27, 28, 18, 9, 3], [3, 27, 6, 26, 12, 1, 29, 4], [29, 30, 18, 10, 26, 8, 19, 7], [27, 28, 4, 30, 10, 0, 5, 11], [2, 25, 22, 11, 3, 19, 7, 13], [10, 31, 16, 19, 11, 14, 9, 20], [6, 26, 16, 1, 10, 14, 27, 24], [17, 6, 27, 16, 12, 11, 20, 1], [31, 15, 4, 17, 8, 18, 14, 10], [1, 13, 6, 12, 5, 15, 31, 25], [3, 27, 0, 21, 16, 24, 30, 4], [21, 3, 2, 5, 16, 30, 12, 13], [23, 22, 28, 4, 2, 17, 14, 10], [0, 23, 18, 14, 6, 2, 13, 25], [28, 3, 23, 0, 5, 21, 6, 26], [20, 8, 2, 16, 18, 21, 5, 4], [0, 17, 25, 16, 26, 18, 3, 28], [17, 4, 5, 14, 10, 18, 31, 25], [11, 7, 30, 10, 2, 24, 6, 8], [5, 2, 15, 24, 10, 18, 29, 1], [27, 5, 11, 7, 4, 22, 10, 13], [20, 30, 9, 8, 31, 12, 26, 15], [15, 18, 10, 5, 24, 6, 11, 30], [20, 13, 25, 16, 7, 4, 3, 28], [22, 4, 30, 13, 17, 25, 23, 2], [11, 26, 18, 16, 1, 28, 10, 13], [24, 23, 19, 25, 13, 12, 30, 5], [19, 12, 7, 27, 21, 14, 26, 3], [8, 21, 30, 18, 7, 23, 16, 11], [28, 15, 25, 4, 12, 10, 20, 3], [21, 12, 30, 0, 10, 16, 3, 4], [5, 3, 13, 1, 18, 25, 2, 7], [26, 15, 3, 9, 0, 5, 2, 24], [19, 9, 23, 13, 7, 28, 31, 1], [16, 31, 20, 29, 11, 12, 19, 2], [15, 21, 30, 26, 14, 3, 6, 22], [18, 14, 1, 26, 29, 2, 20, 6], [29, 8, 2, 26, 11, 23, 10, 31], [22, 4, 17, 9, 20, 27, 30, 28]]",8,0.6903019547462463,128,random,0.5,16256,4.0,124,0.759044349193573,37,72 0 104 120,4063,0.7399113774299622,test,top_r_mean,0.0,0.0,0.25,0.625
0.03150381491508737,0.0,127,0.0,31,93.76770001836121,qasper,0.26666666666666666,0.0,0.0,0.0,1810.12085:c2cb6c4500d9e02fc9a1bdffd22c3df69655189f,mean,0.49856267966504186,0.08040618896484375,"[[18, 21, 7, 19, 13, 16, 23, 14], [25, 9, 2, 23, 1, 6, 29, 14], [0, 17, 12, 11, 31, 3, 14, 19], [23, 28, 21, 30, 3, 19, 5, 25], [14, 6, 24, 4, 19, 8, 28, 5], [14, 28, 12, 17, 3, 7, 20, 27], [24, 18, 17, 16, 15, 1, 7, 12], [3, 20, 28, 24, 31, 8, 11, 16], [12, 20, 9, 18, 13, 8, 25, 11], [3, 23, 24, 13, 6, 28, 1, 9], [3, 4, 7, 21, 31, 1, 6, 29], [12, 27, 5, 24, 26, 1, 22, 30], [2, 15, 12, 16, 13, 19, 22, 30], [19, 27, 14, 28, 10, 26, 12, 18], [31, 15, 6, 30, 4, 27, 12, 8], [7, 28, 6, 23, 26, 22, 5, 12], [20, 3, 31, 17, 28, 29, 7, 1], [10, 19, 29, 6, 21, 18, 16, 24], [8, 10, 5, 17, 26, 2, 27, 25], [28, 31, 26, 2, 11, 10, 0, 15], [10, 8, 21, 4, 2, 16, 25, 1], [19, 1, 27, 20, 16, 11, 15, 28], [5, 23, 27, 1, 7, 26, 30, 16], [24, 27, 0, 23, 26, 4, 31, 7], [13, 12, 10, 25, 15, 11, 23, 20], [25, 22, 1, 0, 31, 7, 3, 5], [12, 28, 26, 29, 5, 31, 7, 27], [26, 3, 25, 29, 20, 14, 7, 2], [12, 1, 31, 5, 26, 3, 2, 22], [13, 10, 19, 26, 2, 23, 4, 12], [16, 20, 13, 10, 21, 6, 19, 1], [27, 17, 19, 18, 29, 3, 24, 9], [19, 13, 18, 24, 22, 30, 25, 31], [11, 31, 13, 3, 25, 0, 29, 4], [19, 20, 10, 11, 9, 29, 27, 17], [30, 29, 14, 26, 16, 8, 4, 17], [6, 4, 12, 27, 14, 5, 11, 9], [8, 26, 18, 30, 7, 5, 15, 27], [19, 13, 26, 29, 9, 2, 31, 17], [9, 11, 31, 26, 22, 4, 10, 13], [21, 7, 26, 30, 15, 13, 25, 28], [12, 14, 0, 27, 6, 19, 31, 9], [9, 30, 12, 14, 28, 8, 29, 1], [29, 9, 21, 25, 16, 14, 11, 12], [8, 12, 1, 11, 16, 9, 21, 25], [22, 15, 2, 29, 21, 8, 12, 23], [23, 24, 12, 18, 6, 3, 2, 0], [3, 29, 7, 31, 25, 12, 20, 18], [15, 16, 24, 6, 5, 31, 12, 10], [10, 2, 25, 5, 28, 16, 31, 24], [0, 10, 27, 23, 2, 29, 22, 15], [26, 9, 17, 23, 21, 8, 29, 22], [29, 4, 28, 30, 8, 24, 26, 3], [8, 7, 18, 23, 10, 2, 22, 9], [14, 20, 30, 26, 0, 15, 29, 5], [13, 22, 8, 20, 27, 19, 7, 26], [29, 0, 25, 15, 19, 24, 22, 13], [20, 5, 2, 8, 30, 28, 1, 26], [12, 13, 15, 2, 1, 16, 14, 18], [6, 30, 2, 7, 22, 23, 28, 13], [22, 18, 30, 31, 0, 24, 8, 15], [24, 31, 26, 5, 4, 17, 2, 10], [23, 28, 0, 31, 1, 24, 12, 30], [13, 10, 15, 27, 7, 31, 16, 20], [10, 7, 26, 17, 19, 15, 25, 20], [14, 8, 26, 0, 29, 27, 22, 4], [0, 15, 18, 13, 23, 14, 30, 16], [18, 14, 2, 26, 1, 20, 25, 5], [22, 9, 4, 30, 2, 6, 29, 17], [20, 13, 11, 5, 7, 1, 23, 6], [10, 7, 24, 23, 4, 28, 5, 13], [2, 14, 1, 13, 10, 16, 30, 27], [5, 14, 15, 12, 3, 2, 7, 13], [10, 11, 25, 24, 14, 28, 22, 15], [29, 15, 22, 28, 25, 26, 27, 18], [22, 11, 10, 16, 3, 13, 25, 29], [2, 28, 5, 27, 13, 19, 26, 25], [10, 25, 8, 21, 27, 2, 14, 22], [15, 27, 2, 19, 23, 14, 0, 9], [5, 31, 19, 23, 3, 12, 7, 26], [25, 24, 20, 2, 3, 13, 28, 14], [18, 25, 29, 4, 11, 5, 3, 2], [12, 21, 2, 4, 29, 25, 0, 3], [11, 25, 16, 10, 24, 31, 20, 17], [13, 19, 5, 2, 28, 17, 14, 16], [23, 1, 4, 25, 18, 27, 20, 11], [20, 2, 21, 19, 9, 28, 16, 31], [10, 24, 2, 9, 28, 26, 21, 8], [29, 30, 21, 23, 27, 25, 8, 6], [26, 20, 14, 19, 23, 6, 27, 31], [28, 18, 27, 5, 14, 10, 7, 21], [30, 8, 12, 3, 19, 27, 6, 5], [13, 0, 22, 12, 23, 31, 29, 25], [23, 28, 24, 0, 6, 4, 18, 2], [9, 7, 24, 0, 12, 6, 26, 23], [28, 2, 15, 1, 13, 4, 30, 24], [1, 28, 5, 20, 6, 9, 12, 19], [7, 9, 17, 22, 6, 5, 0, 19], [11, 0, 5, 22, 12, 21, 27, 13], [25, 7, 16, 10, 28, 17, 29, 12], [17, 2, 16, 14, 24, 21, 4, 0], [31, 18, 11, 26, 24, 6, 21, 12], [10, 24, 20, 6, 12, 4, 30, 31], [24, 18, 25, 16, 6, 23, 5, 0], [13, 31, 9, 17, 26, 18, 20, 27], [0, 12, 21, 27, 20, 3, 19, 18], [1, 4, 11, 21, 16, 14, 18, 5], [24, 28, 14, 26, 10, 20, 29, 22], [1, 22, 13, 23, 31, 27, 4, 16], [22, 5, 23, 24, 27, 2, 31, 17], [31, 13, 18, 5, 16, 27, 1, 25], [21, 1, 30, 31, 12, 25, 24, 9], [21, 1, 16, 0, 4, 26, 23, 29], [10, 21, 23, 16, 1, 5, 13, 14], [29, 9, 22, 10, 26, 17, 15, 27], [6, 7, 19, 3, 26, 8, 4, 29], [13, 1, 4, 16, 3, 10, 26, 28], [24, 27, 5, 30, 2, 18, 3, 8], [21, 13, 27, 20, 16, 24, 3, 11], [14, 26, 9, 24, 8, 17, 1, 25], [23, 17, 31, 22, 7, 9, 13, 8], [29, 3, 9, 25, 20, 14, 23, 6], [17, 15, 4, 5, 29, 7, 26, 21], [0, 13, 26, 21, 20, 10, 9, 29], [31, 17, 20, 29, 18, 24, 11, 30], [31, 20, 14, 4, 11, 12, 10, 6], [12, 19, 17, 23, 20, 10, 7, 26]]",8,0.6720060706138611,128,random,0.0,16256,4.0,124,0.7480694055557251,53,56 112 96 80,4063,0.6840081810951233,test,top_r_mean,0.0,0.5,0.5,0.5
0.03150381491508737,1.0,127,1.0,31,86.19800000451505,qasper,0.26666666666666666,0.25,0.06666666666666667,0.0,1810.12085:c2cb6c4500d9e02fc9a1bdffd22c3df69655189f,mean,0.5745531808523935,0.07499067485332489,"[[17, 5, 0, 15, 23, 14, 29, 21], [13, 23, 18, 28, 24, 3, 4, 8], [1, 0, 16, 15, 20, 26, 9, 30], [12, 10, 23, 7, 15, 21, 19, 28], [19, 27, 3, 14, 28, 0, 31, 17], [30, 8, 9, 21, 2, 23, 19, 26], [28, 29, 31, 17, 13, 16, 8, 24], [31, 21, 5, 2, 26, 3, 20, 16], [1, 29, 8, 22, 20, 17, 11, 9], [25, 15, 14, 1, 21, 6, 22, 9], [4, 2, 3, 1, 22, 7, 14, 13], [28, 10, 8, 26, 31, 3, 16, 0], [0, 22, 23, 26, 28, 20, 12, 3], [15, 19, 28, 2, 23, 12, 22, 30], [22, 28, 16, 15, 6, 20, 5, 27], [21, 8, 16, 28, 15, 29, 31, 25], [3, 2, 10, 20, 27, 9, 21, 16], [31, 14, 20, 4, 6, 12, 2, 10], [31, 3, 28, 21, 1, 6, 0, 2], [19, 12, 0, 17, 2, 26, 18, 27], [7, 0, 23, 25, 9, 17, 6, 29], [5, 26, 25, 6, 10, 3, 15, 0], [0, 15, 23, 27, 26, 4, 25, 17], [6, 0, 22, 7, 24, 9, 8, 29], [31, 29, 2, 5, 17, 10, 28, 26], [10, 7, 30, 29, 13, 17, 31, 3], [16, 19, 6, 5, 8, 24, 7, 9], [8, 14, 15, 26, 30, 24, 12, 2], [3, 11, 24, 9, 19, 1, 29, 13], [10, 7, 23, 9, 15, 28, 5, 30], [12, 28, 9, 1, 17, 4, 3, 5], [21, 7, 23, 19, 12, 14, 6, 30], [23, 20, 14, 16, 29, 3, 22, 30], [4, 27, 10, 13, 31, 11, 0, 6], [4, 26, 24, 28, 22, 13, 1, 21], [26, 11, 0, 2, 15, 5, 28, 21], [0, 19, 10, 12, 5, 8, 6, 24], [3, 17, 15, 27, 1, 30, 13, 5], [8, 1, 16, 18, 23, 29, 13, 11], [21, 13, 9, 23, 19, 30, 16, 28], [23, 13, 25, 4, 16, 18, 12, 21], [21, 14, 6, 11, 22, 19, 25, 24], [6, 19, 1, 15, 29, 16, 17, 18], [18, 28, 19, 15, 24, 12, 14, 8], [15, 5, 12, 11, 16, 27, 30, 18], [4, 25, 0, 20, 17, 13, 29, 19], [28, 11, 26, 7, 0, 14, 10, 22], [25, 21, 22, 17, 20, 5, 8, 6], [7, 30, 25, 13, 5, 2, 12, 14], [18, 17, 9, 2, 10, 3, 11, 13], [6, 0, 12, 13, 1, 18, 5, 25], [22, 17, 12, 21, 2, 25, 3, 15], [6, 9, 23, 15, 26, 8, 7, 27], [22, 10, 9, 7, 0, 8, 31, 15], [14, 16, 8, 5, 3, 23, 10, 20], [28, 29, 1, 2, 3, 15, 8, 22], [29, 6, 16, 28, 5, 8, 24, 15], [2, 27, 3, 23, 8, 22, 11, 0], [10, 8, 6, 7, 20, 26, 30, 31], [16, 7, 27, 18, 14, 26, 21, 9], [20, 5, 26, 2, 7, 0, 30, 12], [7, 20, 18, 12, 30, 10, 29, 1], [17, 4, 22, 26, 24, 7, 13, 29], [16, 24, 21, 6, 13, 25, 18, 4], [10, 13, 27, 24, 4, 28, 1, 31], [18, 27, 14, 24, 21, 19, 15, 26], [16, 11, 13, 19, 30, 20, 26, 23], [30, 25, 5, 4, 29, 21, 3, 11], [31, 30, 0, 11, 2, 1, 12, 7], [21, 29, 28, 4, 8, 27, 24, 1], [0, 20, 28, 15, 8, 1, 5, 4], [20, 0, 26, 10, 12, 29, 25, 18], [14, 8, 1, 15, 13, 23, 30, 29], [30, 0, 23, 10, 7, 28, 11, 14], [18, 31, 11, 14, 0, 22, 13, 24], [20, 16, 3, 13, 6, 19, 22, 25], [29, 21, 1, 16, 12, 13, 22, 7], [3, 19, 0, 15, 1, 11, 26, 25], [2, 20, 9, 1, 3, 7, 26, 6], [23, 10, 28, 30, 31, 4, 29, 21], [3, 9, 20, 27, 30, 29, 21, 18], [23, 31, 26, 10, 13, 29, 15, 1], [9, 6, 29, 1, 14, 21, 18, 8], [0, 20, 7, 10, 26, 29, 12, 21], [9, 17, 26, 4, 8, 24, 30, 12], [30, 31, 5, 24, 28, 19, 22, 29], [22, 8, 28, 4, 27, 20, 25, 6], [27, 11, 17, 1, 19, 12, 6, 9], [21, 19, 16, 3, 6, 12, 30, 1], [22, 4, 0, 7, 25, 26, 11, 28], [18, 6, 12, 29, 15, 7, 4, 25], [16, 13, 24, 0, 22, 14, 15, 11], [30, 12, 10, 9, 19, 23, 14, 25], [10, 13, 4, 14, 11, 31, 15, 1], [15, 26, 12, 17, 7, 20, 21, 23], [20, 26, 22, 12, 9, 0, 18, 19], [6, 11, 20, 23, 9, 28, 4, 8], [23, 13, 31, 4, 20, 15, 8, 19], [21, 16, 1, 12, 10, 0, 3, 25], [7, 24, 3, 2, 30, 19, 0, 1], [16, 12, 2, 30, 11, 6, 20, 10], [3, 30, 24, 13, 0, 4, 7, 23], [19, 8, 25, 1, 4, 5, 26, 24], [18, 28, 1, 27, 21, 16, 7, 3], [26, 9, 29, 15, 30, 2, 12, 13], [18, 8, 31, 5, 9, 24, 7, 22], [15, 0, 21, 6, 16, 31, 5, 3], [24, 2, 25, 6, 4, 9, 31, 17], [25, 0, 22, 15, 4, 21, 27, 31], [29, 6, 31, 14, 26, 24, 0, 9], [11, 16, 9, 12, 20, 13, 26, 15], [12, 16, 22, 8, 18, 17, 1, 25], [24, 20, 0, 28, 19, 8, 1, 13], [5, 29, 9, 23, 1, 27, 17, 18], [7, 4, 29, 24, 11, 1, 23, 20], [19, 8, 4, 29, 25, 17, 22, 9], [9, 26, 8, 6, 25, 16, 19, 27], [6, 12, 24, 16, 26, 15, 5, 22], [26, 22, 23, 1, 27, 4, 9, 14], [27, 23, 10, 0, 8, 5, 2, 13], [22, 31, 9, 23, 25, 18, 15, 2], [29, 28, 4, 16, 14, 17, 24, 19], [11, 16, 9, 29, 3, 24, 22, 8], [0, 29, 8, 16, 6, 15, 5, 21], [27, 9, 20, 26, 8, 12, 30, 25], [4, 16, 8, 9, 22, 5, 12, 20], [24, 29, 18, 11, 23, 15, 1, 26]]",8,0.6987797021865845,128,random,0.5,16256,4.0,124,0.7661266326904297,71,112 0 80 84,4063,0.7592039108276367,test,top_r_mean,0.0,0.0,0.25,0.5
0.04560028500178126,1.0,88,1.0,31,0.03729993477463722,qasper,0.5,0.25,0.125,0.0,2003.11562:fc4ae12576ea3a85ea6d150b46938890d63a7d18,mean,1.0,0.0,,0,0.0,128,full_k,0.5,44912,4.0,124,0.0,0,8 0 72 32,2807,1.0,test,top_r_mean,1.0,1.0,1.0,1.0
0.04560028500178126,0.0,88,0.0,31,4.822500050067902,qasper,0.5,0.0,0.0,0.0,2003.11562:fc4ae12576ea3a85ea6d150b46938890d63a7d18,mean,0.6144200626959248,0.06587355583906174,,1,1.2505533695220947,128,mean,0.0,1408,4.0,124,1.2826179265975952,0,72 16 24 40,2807,0.7994610071182251,test,top_r_mean,0.0,0.0,0.25,0.75
0.04560028500178126,1.0,88,1.0,31,52.834499860182405,qasper,0.5,0.25,0.125,0.0,2003.11562:fc4ae12576ea3a85ea6d150b46938890d63a7d18,mean,0.203239289446186,0.22145965695381165,"[[24], [24], [24], [24], [24], [24], [24], [24], [24], [24], [24], [24], [24], [24], [24], [24], [24], [24], [24], [24], [24], [24], [24], [24], [24], [24], [24], [24], [24], [24], [24], [24], [24], [24], [24], [24], [24], [24], [24], [24], [24], [24], [24], [24], [24], [24], [24], [24], [24], [24], [24], [24], [24], [24], [24], [24], [24], [24], [24], [24], [24], [24], [24], [24], [24], [24], [24], [24], [24], [24], [24], [24], [24], [24], [24], [24], [24], [24], [24], [24], [24], [24], [24], [24], [24], [24], [24], [15]]",1,1.2606526613235474,128,last,0.3333333333333333,1408,4.0,124,1.4063327312469482,0,77 36 2 40,2807,0.297347754240036,test,top_r_mean,0.0,0.0,0.0,0.0
0.04560028500178126,1.0,88,1.0,31,55.329700000584126,qasper,0.5,0.25,0.125,0.0,2003.11562:fc4ae12576ea3a85ea6d150b46938890d63a7d18,mean,0.4284221525600836,0.0766347348690033,"[[4], [23], [4], [12], [0], [12], [11], [4], [20], [7], [6], [24], [18], [16], [12], [11], [29], [6], [31], [22], [8], [22], [12], [22], [10], [5], [22], [6], [12], [13], [14], [17], [9], [23], [11], [20], [9], [17], [11], [17], [9], [10], [17], [10], [22], [6], [19], [1], [18], [9], [10], [18], [10], [0], [16], [5], [13], [29], [15], [7], [13], [4], [11], [16], [17], [22], [30], [23], [21], [26], [8], [10], [12], [19], [25], [2], [18], [12], [24], [11], [17], [13], [10], [24], [31], [14], [23], [7]]",1,0.9061567187309265,128,farthest,1.0,1408,4.0,124,0.9659403562545776,0,0 64 72 8,2807,0.5949244499206543,test,top_r_mean,0.0,0.5,0.75,0.625
0.04560028500178126,1.0,88,1.0,31,55.46469986438751,qasper,0.5,0.25,0.125,0.0,2003.11562:fc4ae12576ea3a85ea6d150b46938890d63a7d18,mean,0.5590386624869383,0.10928407311439514,"[[4], [21], [25], [23], [23], [13], [15], [1], [18], [14], [11], [8], [27], [31], [25], [2], [11], [7], [14], [9], [1], [16], [13], [5], [26], [22], [21], [22], [7], [30], [18], [8], [5], [17], [9], [5], [24], [1], [14], [8], [1], [26], [31], [21], [12], [14], [1], [28], [13], [22], [15], [0], [3], [3], [31], [23], [8], [7], [1], [4], [5], [13], [18], [12], [16], [18], [17], [12], [31], [16], [1], [31], [1], [7], [20], [25], [21], [23], [29], [29], [28], [8], [0], [18], [4], [22], [27], [22]]",1,0.3654846251010895,128,greedy_oracle,0.5,1408,4.0,124,0.5054848790168762,0,59 7 84 45,2807,0.7609805464744568,test,top_r_mean,0.0,0.0,0.0,0.0
0.04560028500178126,1.0,88,1.0,31,52.02979990281165,qasper,0.5,0.25,0.125,0.0,2003.11562:fc4ae12576ea3a85ea6d150b46938890d63a7d18,mean,0.23719958202716823,0.22059550881385803,"[[9], [26], [19], [14], [4], [20], [3], [22], [16], [31], [28], [22], [10], [12], [24], [4], [30], [31], [10], [10], [21], [14], [18], [23], [31], [20], [21], [7], [15], [30], [14], [10], [9], [13], [18], [24], [20], [3], [3], [18], [28], [30], [6], [25], [20], [28], [31], [19], [10], [2], [17], [13], [18], [4], [26], [17], [27], [23], [1], [14], [21], [18], [5], [31], [13], [23], [31], [29], [25], [11], [5], [28], [17], [26], [14], [14], [26], [4], [27], [29], [31], [23], [3], [1], [7], [21], [26], [19]]",1,1.2109962701797485,128,random,0.25,1408,4.0,124,1.3588634729385376,11,79 26 58 0,2807,0.3367968499660492,test,top_r_mean,0.0,0.0,0.25,0.25
0.04560028500178126,1.0,88,1.0,31,54.23959996551275,qasper,0.5,0.25,0.125,0.0,2003.11562:fc4ae12576ea3a85ea6d150b46938890d63a7d18,mean,0.17763845350052246,0.25558972358703613,"[[20], [9], [26], [15], [13], [4], [6], [1], [12], [13], [22], [18], [3], [19], [14], [15], [24], [3], [24], [7], [20], [31], [16], [22], [19], [15], [8], [17], [23], [13], [4], [30], [1], [8], [28], [27], [4], [14], [8], [25], [31], [9], [30], [25], [23], [7], [16], [8], [22], [23], [18], [10], [26], [23], [2], [3], [31], [4], [10], [26], [8], [20], [22], [8], [5], [22], [9], [12], [24], [31], [1], [6], [7], [7], [23], [10], [2], [16], [1], [0], [17], [21], [0], [1], [2], [24], [23], [3]]",1,1.1846041679382324,128,random,1.0,1408,4.0,124,1.3590244054794312,23,7 67 82 32,2807,0.27008557319641113,test,top_r_mean,0.0,0.0,0.25,0.125
0.04560028500178126,1.0,88,1.0,31,58.53379983454943,qasper,0.5,0.25,0.125,0.0,2003.11562:fc4ae12576ea3a85ea6d150b46938890d63a7d18,mean,0.30877742946708464,0.15755611658096313,"[[21], [19], [6], [14], [17], [12], [27], [30], [2], [10], [30], [30], [20], [2], [4], [6], [22], [8], [18], [18], [18], [22], [17], [28], [10], [19], [19], [3], [4], [15], [29], [31], [4], [13], [22], [17], [15], [30], [15], [20], [24], [21], [4], [24], [1], [22], [9], [2], [22], [16], [29], [30], [13], [9], [7], [16], [8], [19], [14], [26], [6], [12], [13], [16], [15], [1], [19], [21], [13], [10], [14], [28], [15], [2], [14], [20], [17], [27], [15], [7], [14], [24], [11], [21], [16], [9], [1], [13]]",1,1.2042028903961182,128,random,0.3333333333333333,1408,4.0,124,1.3255983591079712,37,38 56 4 74,2807,0.44609203934669495,test,top_r_mean,0.0,0.0,0.0,0.125
0.04560028500178126,0.0,88,0.0,31,54.82649989426136,qasper,0.5,0.0,0.0,0.0,2003.11562:fc4ae12576ea3a85ea6d150b46938890d63a7d18,mean,0.2283176593521421,0.16511186957359314,"[[16], [19], [23], [26], [6], [12], [31], [12], [9], [15], [4], [29], [5], [7], [6], [0], [23], [23], [30], [4], [8], [12], [5], [20], [2], [5], [11], [15], [18], [18], [27], [23], [11], [1], [29], [7], [28], [16], [28], [11], [2], [22], [27], [0], [10], [0], [22], [19], [18], [25], [17], [10], [21], [22], [30], [19], [31], [18], [5], [15], [5], [26], [7], [15], [25], [29], [30], [3], [24], [3], [16], [4], [13], [2], [6], [6], [28], [23], [0], [25], [23], [8], [15], [18], [2], [16], [14], [1]]",1,1.2416918277740479,128,random,0.0,1408,4.0,124,1.352683186531067,53,54 81 77 83,2807,0.3348948359489441,test,top_r_mean,0.0,0.0,0.0,0.125
0.04560028500178126,1.0,88,1.0,31,64.52759983949363,qasper,0.5,0.25,0.125,0.0,2003.11562:fc4ae12576ea3a85ea6d150b46938890d63a7d18,mean,0.2549634273772205,0.15122593939304352,"[[9], [6], [6], [8], [1], [11], [17], [22], [1], [4], [8], [13], [27], [3], [20], [10], [26], [2], [11], [20], [0], [3], [30], [10], [16], [4], [17], [18], [10], [14], [21], [3], [25], [4], [5], [16], [20], [6], [19], [28], [26], [0], [7], [7], [29], [3], [15], [13], [21], [29], [11], [21], [23], [25], [21], [7], [4], [6], [23], [1], [10], [24], [22], [17], [6], [3], [13], [25], [4], [27], [0], [8], [13], [10], [9], [12], [12], [4], [15], [11], [6], [15], [31], [12], [18], [3], [22], [5]]",1,1.2481048107147217,128,random,1.0,1408,4.0,124,1.3979249000549316,71,0 8 42 40,2807,0.3621217906475067,test,top_r_mean,0.0,1.0,0.5,0.5
0.04560028500178126,1.0,88,1.0,31,61.85949989594519,qasper,0.5,0.25,0.125,0.0,2003.11562:fc4ae12576ea3a85ea6d150b46938890d63a7d18,mean,0.2936259143155695,0.16406971216201782,"[[24, 25], [24, 25], [24, 25], [24, 25], [24, 25], [24, 25], [24, 25], [24, 25], [24, 25], [24, 25], [24, 25], [24, 25], [24, 25], [24, 25], [24, 25], [24, 25], [24, 25], [24, 25], [24, 25], [24, 25], [24, 25], [24, 25], [24, 25], [24, 25], [24, 25], [24, 25], [24, 25], [24, 25], [24, 25], [24, 25], [24, 25], [24, 25], [24, 25], [24, 25], [24, 25], [24, 25], [24, 25], [24, 25], [24, 25], [24, 25], [24, 25], [24, 25], [24, 25], [24, 25], [24, 25], [24, 25], [24, 25], [24, 25], [24, 25], [24, 25], [24, 25], [24, 25], [24, 25], [24, 25], [24, 25], [24, 25], [24, 25], [24, 25], [24, 25], [24, 25], [24, 25], [24, 25], [24, 25], [24, 25], [24, 25], [24, 25], [24, 25], [24, 25], [24, 25], [24, 25], [24, 25], [24, 25], [24, 25], [24, 25], [24, 25], [24, 25], [24, 25], [24, 25], [24, 25], [24, 25], [24, 25], [24, 25], [24, 25], [24, 25], [24, 25], [24, 25], [24, 25], [15, 16]]",2,1.2742704153060913,128,last,1.0,2816,4.0,124,1.3813722133636475,0,2 75 40 36,2807,0.4258391559123993,test,top_r_mean,0.0,0.0,0.0,0.125
0.04560028500178126,1.0,88,1.0,31,61.52350013144314,qasper,0.5,0.25,0.125,0.0,2003.11562:fc4ae12576ea3a85ea6d150b46938890d63a7d18,mean,0.4007314524555904,0.5358899831771851,"[[4, 0], [23, 18], [4, 31], [12, 21], [0, 4], [12, 21], [11, 19], [4, 11], [20, 0], [7, 20], [6, 13], [24, 1], [18, 28], [16, 6], [12, 26], [11, 28], [29, 0], [6, 2], [31, 11], [22, 18], [8, 12], [22, 0], [12, 1], [22, 15], [10, 0], [5, 27], [22, 18], [6, 19], [12, 14], [13, 21], [14, 5], [17, 1], [9, 0], [23, 1], [11, 2], [20, 10], [9, 18], [17, 14], [11, 19], [17, 30], [9, 0], [10, 6], [17, 5], [10, 30], [22, 30], [6, 9], [19, 31], [1, 14], [18, 0], [9, 25], [10, 12], [18, 12], [10, 1], [0, 13], [16, 30], [5, 21], [13, 0], [29, 8], [15, 8], [7, 9], [13, 19], [4, 21], [11, 0], [16, 3], [17, 0], [22, 2], [30, 20], [23, 27], [21, 16], [26, 19], [8, 29], [10, 2], [12, 0], [19, 25], [25, 2], [2, 5], [18, 8], [12, 21], [24, 26], [11, 15], [17, 0], [13, 12], [10, 14], [24, 5], [31, 29], [14, 5], [23, 2], [7, 11]]",2,1.4425982236862183,128,farthest,1.0,2816,4.0,124,1.526160478591919,0,0 64 72 40,2807,0.5479552745819092,test,top_r_mean,0.0,0.5,0.5,0.625
0.04560028500178126,1.0,88,1.0,31,58.040799805894494,qasper,0.5,0.25,0.125,0.0,2003.11562:fc4ae12576ea3a85ea6d150b46938890d63a7d18,mean,0.741901776384535,0.11615046858787537,"[[4, 0], [21, 2], [25, 1], [23, 24], [23, 17], [13, 10], [15, 17], [1, 26], [18, 0], [14, 1], [11, 2], [8, 19], [27, 29], [31, 23], [25, 5], [2, 3], [11, 0], [7, 8], [14, 15], [9, 2], [1, 2], [16, 18], [13, 9], [5, 6], [26, 0], [22, 24], [21, 31], [22, 23], [7, 29], [30, 13], [18, 19], [8, 7], [5, 0], [17, 8], [9, 10], [5, 3], [24, 22], [1, 0], [14, 15], [8, 9], [1, 0], [26, 30], [31, 7], [21, 15], [12, 18], [14, 15], [1, 6], [28, 12], [13, 0], [22, 5], [15, 16], [0, 29], [3, 17], [3, 23], [31, 30], [23, 1], [8, 0], [7, 13], [1, 0], [4, 5], [5, 1], [13, 14], [18, 21], [12, 30], [16, 0], [18, 17], [17, 18], [12, 16], [31, 7], [16, 17], [1, 19], [31, 7], [1, 0], [7, 9], [20, 8], [25, 8], [21, 9], [23, 17], [29, 20], [29, 18], [28, 0], [8, 9], [0, 1], [18, 3], [4, 5], [22, 30], [27, 5], [22, 5]]",2,0.35433945059776306,128,greedy_oracle,0.3333333333333333,2816,4.0,124,0.3905216157436371,0,64 40 0 72,2807,0.907241702079773,test,top_r_mean,0.0,0.0,0.5,0.875
0.04560028500178126,0.0,88,0.0,31,55.283800000324845,qasper,0.5,0.0,0.0,0.0,2003.11562:fc4ae12576ea3a85ea6d150b46938890d63a7d18,mean,0.31922675026123304,0.12331057339906693,"[[9, 21], [26, 27], [19, 26], [14, 12], [4, 28], [20, 8], [3, 15], [22, 21], [16, 14], [31, 6], [28, 4], [22, 29], [10, 18], [12, 24], [24, 9], [4, 14], [30, 28], [31, 13], [10, 8], [10, 19], [21, 3], [14, 26], [18, 21], [23, 18], [31, 5], [20, 2], [21, 13], [7, 30], [15, 7], [30, 2], [14, 29], [10, 18], [9, 11], [13, 10], [18, 8], [24, 4], [20, 8], [3, 1], [3, 14], [18, 28], [28, 21], [30, 29], [6, 14], [25, 7], [20, 6], [28, 6], [31, 30], [19, 28], [10, 25], [2, 22], [17, 23], [13, 4], [18, 13], [4, 30], [26, 3], [17, 3], [27, 23], [23, 8], [1, 22], [14, 26], [21, 26], [18, 7], [5, 22], [31, 18], [13, 17], [23, 28], [31, 13], [29, 2], [25, 10], [11, 28], [5, 0], [28, 5], [17, 11], [26, 23], [14, 15], [14, 28], [26, 12], [4, 14], [27, 12], [29, 9], [31, 22], [23, 22], [3, 12], [1, 30], [7, 18], [21, 31], [26, 24], [19, 21]]",2,1.216302752494812,128,random,0.0,2816,4.0,124,1.2961755990982056,11,26 37 74 24,2807,0.4609735310077667,test,top_r_mean,0.0,0.0,0.0,0.375
0.04560028500178126,1.0,88,1.0,31,60.54380000568926,qasper,0.5,0.25,0.125,0.0,2003.11562:fc4ae12576ea3a85ea6d150b46938890d63a7d18,mean,0.29832810867293624,0.2122199833393097,"[[20, 28], [9, 17], [26, 30], [15, 18], [13, 22], [4, 1], [6, 2], [1, 15], [12, 8], [13, 6], [22, 27], [18, 8], [3, 6], [19, 2], [14, 8], [15, 0], [24, 29], [3, 7], [24, 13], [7, 6], [20, 1], [31, 20], [16, 21], [22, 31], [19, 15], [15, 20], [8, 12], [17, 25], [23, 10], [13, 1], [4, 20], [30, 12], [1, 6], [8, 17], [28, 29], [27, 3], [4, 17], [14, 2], [8, 9], [25, 8], [31, 28], [9, 2], [30, 8], [25, 27], [23, 28], [7, 26], [16, 7], [8, 18], [22, 8], [23, 4], [18, 2], [10, 16], [26, 12], [23, 29], [2, 1], [3, 22], [31, 0], [4, 7], [10, 31], [26, 15], [8, 21], [20, 28], [22, 13], [8, 3], [5, 8], [22, 7], [9, 13], [12, 22], [24, 5], [31, 4], [1, 12], [6, 18], [7, 26], [7, 5], [23, 11], [10, 7], [2, 30], [16, 12], [1, 28], [0, 29], [17, 19], [21, 18], [0, 30], [1, 30], [2, 7], [24, 0], [23, 30], [3, 8]]",2,1.1794222593307495,128,random,0.25,2816,4.0,124,1.290310025215149,23,56 67 79 7,2807,0.42807576060295105,test,top_r_mean,0.0,0.0,0.0,0.25
0.04560028500178126,1.0,88,1.0,31,62.405499862506986,qasper,0.5,0.25,0.125,0.0,2003.11562:fc4ae12576ea3a85ea6d150b46938890d63a7d18,mean,0.2727272727272727,0.17413607239723206,"[[21, 20], [19, 14], [6, 5], [14, 6], [17, 6], [12, 28], [27, 11], [30, 26], [2, 21], [10, 9], [30, 16], [30, 24], [20, 28], [2, 3], [4, 25], [6, 7], [22, 31], [8, 23], [18, 16], [18, 11], [18, 16], [22, 27], [17, 1], [28, 17], [10, 25], [19, 11], [19, 10], [3, 25], [4, 23], [15, 28], [29, 20], [31, 3], [4, 24], [13, 25], [22, 2], [17, 29], [15, 12], [30, 26], [15, 23], [20, 29], [24, 19], [21, 23], [4, 20], [24, 6], [1, 19], [22, 10], [9, 0], [2, 8], [22, 6], [16, 28], [29, 10], [30, 12], [13, 1], [9, 2], [7, 26], [16, 30], [8, 5], [19, 11], [14, 24], [26, 10], [6, 7], [12, 29], [13, 0], [16, 1], [15, 11], [1, 13], [19, 24], [21, 12], [13, 27], [10, 26], [14, 2], [28, 20], [15, 3], [2, 24], [14, 8], [20, 19], [17, 26], [27, 13], [15, 16], [7, 21], [14, 30], [24, 20], [11, 30], [21, 24], [16, 2], [9, 21], [1, 11], [13, 1]]",2,1.2807639837265015,128,random,0.3333333333333333,2816,4.0,124,1.3849947452545166,37,74 38 7 67,2807,0.3910393714904785,test,top_r_mean,0.0,0.0,0.0,0.0
0.04560028500178126,0.0,88,0.0,31,58.920699870213866,qasper,0.5,0.0,0.0,0.0,2003.11562:fc4ae12576ea3a85ea6d150b46938890d63a7d18,mean,0.1786833855799373,0.16527177393436432,"[[16, 23], [19, 2], [23, 26], [26, 29], [6, 9], [12, 27], [31, 11], [12, 14], [9, 7], [15, 29], [4, 21], [29, 6], [5, 21], [7, 8], [6, 0], [0, 19], [23, 22], [23, 19], [30, 4], [4, 30], [8, 10], [12, 24], [5, 16], [20, 15], [2, 11], [5, 16], [11, 14], [15, 16], [18, 4], [18, 16], [27, 17], [23, 26], [11, 14], [1, 14], [29, 14], [7, 16], [28, 2], [16, 8], [28, 3], [11, 7], [2, 5], [22, 19], [27, 5], [0, 19], [10, 15], [0, 28], [22, 4], [19, 30], [18, 10], [25, 20], [17, 2], [10, 8], [21, 23], [22, 7], [30, 10], [19, 18], [31, 8], [18, 7], [5, 14], [15, 27], [5, 11], [26, 28], [7, 16], [15, 18], [25, 22], [29, 18], [30, 10], [3, 15], [24, 23], [3, 2], [16, 17], [4, 3], [13, 14], [2, 28], [6, 26], [6, 16], [28, 14], [23, 28], [0, 28], [25, 14], [23, 13], [8, 10], [15, 26], [18, 1], [2, 28], [16, 26], [14, 12], [1, 7]]",2,1.328930139541626,128,random,0.0,2816,4.0,124,1.426377534866333,53,54 81 65 56,2807,0.26127997040748596,test,top_r_mean,0.0,0.0,0.0,0.0
0.04560028500178126,0.0,88,0.0,31,53.45209990628064,qasper,0.5,0.0,0.0,0.0,2003.11562:fc4ae12576ea3a85ea6d150b46938890d63a7d18,mean,0.3234064785788924,0.10346865653991699,"[[9, 25], [6, 19], [6, 21], [8, 14], [1, 23], [11, 7], [17, 14], [22, 27], [1, 2], [4, 14], [8, 18], [13, 23], [27, 13], [3, 21], [20, 3], [10, 31], [26, 21], [2, 17], [11, 5], [20, 28], [0, 15], [3, 26], [30, 3], [10, 1], [16, 27], [4, 1], [17, 20], [18, 2], [10, 4], [14, 5], [21, 13], [3, 13], [25, 10], [4, 12], [5, 3], [16, 15], [20, 9], [6, 20], [19, 5], [28, 2], [26, 2], [0, 6], [7, 30], [7, 13], [29, 3], [3, 17], [15, 12], [13, 25], [21, 23], [29, 6], [11, 22], [21, 12], [23, 20], [25, 20], [21, 4], [7, 11], [4, 8], [6, 24], [23, 16], [1, 13], [10, 2], [24, 23], [22, 13], [17, 24], [6, 17], [3, 5], [13, 3], [25, 1], [4, 0], [27, 0], [0, 18], [8, 11], [13, 22], [10, 23], [9, 3], [12, 27], [12, 19], [4, 8], [15, 17], [11, 16], [6, 14], [15, 25], [31, 6], [12, 30], [18, 26], [3, 9], [22, 30], [5, 16]]",2,1.2967023849487305,128,random,0.0,2816,4.0,124,1.37295401096344,71,24 8 64 56,2807,0.45001935958862305,test,top_r_mean,0.0,0.5,0.25,0.5
0.04560028500178126,1.0,88,1.0,31,63.80380014888942,qasper,0.5,0.25,0.125,0.0,2003.11562:fc4ae12576ea3a85ea6d150b46938890d63a7d18,mean,0.367816091954023,0.11822614073753357,"[[24, 25, 26, 27], [24, 25, 26, 27], [24, 25, 26, 27], [24, 25, 26, 27], [24, 25, 26, 27], [24, 25, 26, 27], [24, 25, 26, 27], [24, 25, 26, 27], [24, 25, 26, 27], [24, 25, 26, 27], [24, 25, 26, 27], [24, 25, 26, 27], [24, 25, 26, 27], [24, 25, 26, 27], [24, 25, 26, 27], [24, 25, 26, 27], [24, 25, 26, 27], [24, 25, 26, 27], [24, 25, 26, 27], [24, 25, 26, 27], [24, 25, 26, 27], [24, 25, 26, 27], [24, 25, 26, 27], [24, 25, 26, 27], [24, 25, 26, 27], [24, 25, 26, 27], [24, 25, 26, 27], [24, 25, 26, 27], [24, 25, 26, 27], [24, 25, 26, 27], [24, 25, 26, 27], [24, 25, 26, 27], [24, 25, 26, 27], [24, 25, 26, 27], [24, 25, 26, 27], [24, 25, 26, 27], [24, 25, 26, 27], [24, 25, 26, 27], [24, 25, 26, 27], [24, 25, 26, 27], [24, 25, 26, 27], [24, 25, 26, 27], [24, 25, 26, 27], [24, 25, 26, 27], [24, 25, 26, 27], [24, 25, 26, 27], [24, 25, 26, 27], [24, 25, 26, 27], [24, 25, 26, 27], [24, 25, 26, 27], [24, 25, 26, 27], [24, 25, 26, 27], [24, 25, 26, 27], [24, 25, 26, 27], [24, 25, 26, 27], [24, 25, 26, 27], [24, 25, 26, 27], [24, 25, 26, 27], [24, 25, 26, 27], [24, 25, 26, 27], [24, 25, 26, 27], [24, 25, 26, 27], [24, 25, 26, 27], [24, 25, 26, 27], [24, 25, 26, 27], [24, 25, 26, 27], [24, 25, 26, 27], [24, 25, 26, 27], [24, 25, 26, 27], [24, 25, 26, 27], [24, 25, 26, 27], [24, 25, 26, 27], [24, 25, 26, 27], [24, 25, 26, 27], [24, 25, 26, 27], [24, 25, 26, 27], [24, 25, 26, 27], [24, 25, 26, 27], [24, 25, 26, 27], [24, 25, 26, 27], [24, 25, 26, 27], [24, 25, 26, 27], [24, 25, 26, 27], [24, 25, 26, 27], [24, 25, 26, 27], [24, 25, 26, 27], [24, 25, 26, 27], [15, 16, 17, 18]]",4,1.257422924041748,128,last,1.0,5632,4.0,124,1.3306280374526978,0,2 40 75 8,2807,0.5178048610687256,test,top_r_mean,0.0,0.0,0.25,0.5
0.04560028500178126,0.0,88,0.0,31,55.48610002733767,qasper,0.5,0.0,0.0,0.0,2003.11562:fc4ae12576ea3a85ea6d150b46938890d63a7d18,mean,0.3605015673981191,0.08927406370639801,"[[4, 0, 2, 12], [23, 18, 31, 15], [4, 31, 15, 10], [12, 21, 9, 23], [0, 4, 9, 16], [12, 21, 15, 0], [11, 19, 9, 2], [4, 11, 25, 1], [20, 0, 11, 22], [7, 20, 15, 8], [6, 13, 23, 18], [24, 1, 8, 13], [18, 28, 25, 12], [16, 6, 10, 14], [12, 26, 19, 10], [11, 28, 19, 8], [29, 0, 31, 8], [6, 2, 0, 1], [31, 11, 6, 26], [22, 18, 29, 5], [8, 12, 31, 4], [22, 0, 2, 12], [12, 1, 19, 25], [22, 15, 10, 16], [10, 0, 12, 2], [5, 27, 11, 19], [22, 18, 1, 14], [6, 19, 16, 17], [12, 14, 18, 21], [13, 21, 22, 0], [14, 5, 20, 4], [17, 1, 22, 28], [9, 0, 18, 14], [23, 1, 21, 4], [11, 2, 7, 18], [20, 10, 30, 13], [9, 18, 13, 23], [17, 14, 11, 25], [11, 19, 20, 3], [17, 30, 28, 10], [9, 0, 18, 27], [10, 6, 17, 31], [17, 5, 14, 0], [10, 30, 23, 29], [22, 30, 6, 0], [6, 9, 29, 22], [19, 31, 13, 17], [1, 14, 15, 20], [18, 0, 2, 14], [9, 25, 2, 23], [10, 12, 4, 13], [18, 12, 30, 1], [10, 1, 28, 5], [0, 13, 17, 21], [16, 30, 11, 5], [5, 21, 29, 27], [13, 0, 6, 1], [29, 8, 24, 9], [15, 8, 13, 2], [7, 9, 4, 3], [13, 19, 2, 0], [4, 21, 25, 31], [11, 0, 7, 31], [16, 3, 0, 24], [17, 0, 22, 23], [22, 2, 16, 17], [30, 20, 26, 19], [23, 27, 26, 5], [21, 16, 8, 6], [26, 19, 0, 16], [8, 29, 31, 12], [10, 2, 11, 5], [12, 0, 6, 29], [19, 25, 4, 27], [25, 2, 11, 7], [2, 5, 6, 24], [18, 8, 25, 15], [12, 21, 10, 22], [24, 26, 14, 22], [11, 15, 20, 29], [17, 0, 11, 10], [13, 12, 4, 28], [10, 14, 23, 30], [24, 5, 19, 1], [31, 29, 4, 12], [14, 5, 13, 18], [23, 2, 11, 29], [7, 11, 22, 16]]",4,1.6210212707519531,128,farthest,0.0,5632,4.0,124,1.6782314777374268,0,72 48 40 24,2807,0.5112535357475281,test,top_r_mean,0.0,0.0,0.25,0.625
0.04560028500178126,1.0,88,1.0,31,59.03239990584552,qasper,0.5,0.25,0.125,0.0,2003.11562:fc4ae12576ea3a85ea6d150b46938890d63a7d18,mean,0.799373040752351,0.002456221729516983,"[[4, 0, 9, 5], [21, 2, 8, 3], [25, 1, 24, 26], [23, 24, 27, 31], [23, 17, 2, 19], [13, 10, 12, 7], [15, 17, 22, 16], [1, 26, 28, 4], [18, 0, 13, 1], [14, 1, 17, 16], [11, 2, 15, 8], [8, 19, 10, 11], [27, 29, 31, 3], [31, 23, 0, 21], [25, 5, 6, 27], [2, 3, 18, 4], [11, 0, 15, 14], [7, 8, 6, 3], [14, 15, 23, 21], [9, 2, 10, 16], [1, 2, 19, 3], [16, 18, 29, 20], [13, 9, 12, 14], [5, 6, 9, 8], [26, 0, 1, 5], [22, 24, 0, 9], [21, 31, 10, 13], [22, 23, 1, 3], [7, 29, 8, 2], [30, 13, 9, 29], [18, 19, 29, 21], [8, 7, 0, 17], [5, 0, 23, 13], [17, 8, 7, 16], [9, 10, 29, 11], [5, 3, 2, 6], [24, 22, 2, 1], [1, 0, 10, 28], [14, 15, 16, 29], [8, 9, 5, 14], [1, 0, 5, 9], [26, 30, 13, 2], [31, 7, 3, 8], [21, 15, 9, 3], [12, 18, 17, 19], [14, 15, 27, 25], [1, 6, 27, 2], [28, 12, 11, 29], [13, 0, 26, 15], [22, 5, 30, 27], [15, 16, 31, 25], [0, 29, 13, 28], [3, 17, 4, 18], [3, 23, 4, 24], [31, 30, 25, 24], [23, 1, 26, 25], [8, 0, 3, 10], [7, 13, 30, 17], [1, 0, 18, 31], [4, 5, 13, 14], [5, 1, 6, 26], [13, 14, 16, 18], [18, 21, 6, 23], [12, 30, 23, 25], [16, 0, 4, 17], [18, 17, 21, 4], [17, 18, 29, 30], [12, 16, 24, 31], [31, 7, 20, 21], [16, 17, 4, 6], [1, 19, 20, 2], [31, 7, 26, 25], [1, 0, 2, 29], [7, 9, 8, 2], [20, 8, 21, 15], [25, 8, 12, 10], [21, 9, 20, 10], [23, 17, 24, 1], [29, 20, 24, 25], [29, 18, 30, 24], [28, 0, 15, 16], [8, 9, 17, 23], [0, 1, 2, 18], [18, 3, 8, 26], [4, 5, 28, 6], [22, 30, 21, 24], [27, 5, 16, 6], [22, 5, 20, 9]]",4,0.413825660943985,128,greedy_oracle,0.25,5632,4.0,124,0.420197457075119,0,24 72 16 0,2807,0.9449824690818787,test,top_r_mean,0.0,0.0,0.5,1.0
0.04560028500178126,1.0,88,1.0,31,57.061699917539954,qasper,0.5,0.25,0.125,0.0,2003.11562:fc4ae12576ea3a85ea6d150b46938890d63a7d18,mean,0.4117032392894462,0.08868971467018127,"[[9, 21, 25, 4], [26, 27, 5, 19], [19, 26, 20, 3], [14, 12, 10, 18], [4, 28, 23, 16], [20, 8, 22, 9], [3, 15, 13, 8], [22, 21, 3, 12], [16, 14, 31, 22], [31, 6, 4, 0], [28, 4, 13, 23], [22, 29, 20, 24], [10, 18, 29, 14], [12, 24, 21, 0], [24, 9, 8, 0], [4, 14, 13, 11], [30, 28, 19, 31], [31, 13, 6, 1], [10, 8, 16, 11], [10, 19, 1, 4], [21, 3, 28, 2], [14, 26, 27, 4], [18, 21, 24, 7], [23, 18, 15, 28], [31, 5, 1, 24], [20, 2, 17, 11], [21, 13, 24, 3], [7, 30, 1, 28], [15, 7, 27, 0], [30, 2, 28, 12], [14, 29, 21, 12], [10, 18, 27, 15], [9, 11, 8, 23], [13, 10, 26, 29], [18, 8, 25, 15], [24, 4, 8, 18], [20, 8, 9, 6], [3, 1, 10, 18], [3, 14, 4, 7], [18, 28, 24, 22], [28, 21, 12, 19], [30, 29, 23, 21], [6, 14, 15, 29], [25, 7, 6, 16], [20, 6, 5, 21], [28, 6, 18, 20], [31, 30, 9, 21], [19, 28, 15, 17], [10, 25, 13, 0], [2, 22, 8, 20], [17, 23, 22, 16], [13, 4, 16, 10], [18, 13, 11, 12], [4, 30, 22, 18], [26, 3, 10, 17], [17, 3, 13, 28], [27, 23, 9, 10], [23, 8, 29, 1], [1, 22, 20, 12], [14, 26, 15, 10], [21, 26, 3, 0], [18, 7, 2, 24], [5, 22, 18, 3], [31, 18, 15, 4], [13, 17, 12, 24], [23, 28, 2, 7], [31, 13, 21, 18], [29, 2, 7, 30], [25, 10, 4, 31], [11, 28, 14, 2], [5, 0, 21, 23], [28, 5, 1, 6], [17, 11, 6, 28], [26, 23, 9, 25], [14, 15, 31, 26], [14, 28, 16, 21], [26, 12, 17, 22], [4, 14, 10, 18], [27, 12, 31, 23], [29, 9, 2, 27], [31, 22, 6, 27], [23, 22, 17, 6], [3, 12, 10, 27], [1, 30, 13, 21], [7, 18, 17, 13], [21, 31, 20, 19], [26, 24, 31, 7], [19, 21, 16, 17]]",4,1.2612048387527466,128,random,0.25,5632,4.0,124,1.3142300844192505,11,48 24 32 0,2807,0.5873163938522339,test,top_r_mean,0.0,0.0,0.5,0.375
0.04560028500178126,0.0,88,0.0,31,71.88710011541843,qasper,0.5,0.0,0.0,0.0,2003.11562:fc4ae12576ea3a85ea6d150b46938890d63a7d18,mean,0.39184952978056425,0.10447346419095993,"[[20, 28, 27, 29], [9, 17, 29, 19], [26, 30, 24, 16], [15, 18, 14, 13], [13, 22, 15, 26], [4, 1, 22, 26], [6, 2, 12, 4], [1, 15, 25, 20], [12, 8, 17, 0], [13, 6, 15, 14], [22, 27, 4, 7], [18, 8, 23, 19], [3, 6, 17, 31], [19, 2, 18, 28], [14, 8, 31, 21], [15, 0, 4, 14], [24, 29, 12, 4], [3, 7, 10, 17], [24, 13, 17, 0], [7, 6, 22, 27], [20, 1, 2, 28], [31, 20, 11, 5], [16, 21, 0, 15], [22, 31, 1, 3], [19, 15, 25, 27], [15, 20, 5, 24], [8, 12, 17, 27], [17, 25, 3, 24], [23, 10, 20, 18], [13, 1, 24, 12], [4, 20, 14, 6], [30, 12, 7, 25], [1, 6, 25, 14], [8, 17, 5, 24], [28, 29, 4, 6], [27, 3, 21, 15], [4, 17, 11, 10], [14, 2, 3, 30], [8, 9, 5, 16], [25, 8, 28, 18], [31, 28, 14, 25], [9, 2, 10, 25], [30, 8, 15, 24], [25, 27, 4, 16], [23, 28, 12, 18], [7, 26, 14, 8], [16, 7, 23, 4], [8, 18, 15, 6], [22, 8, 23, 2], [23, 4, 12, 18], [18, 2, 30, 19], [10, 16, 25, 31], [26, 12, 13, 8], [23, 29, 15, 10], [2, 1, 15, 21], [3, 22, 13, 18], [31, 0, 14, 24], [4, 7, 26, 29], [10, 31, 14, 2], [26, 15, 1, 10], [8, 21, 26, 30], [20, 28, 30, 8], [22, 13, 6, 16], [8, 3, 20, 27], [5, 8, 31, 29], [22, 7, 16, 19], [9, 13, 27, 17], [12, 22, 21, 27], [24, 5, 0, 8], [31, 4, 20, 2], [1, 12, 18, 4], [6, 18, 12, 27], [7, 26, 15, 30], [7, 5, 3, 18], [23, 11, 2, 10], [10, 7, 28, 25], [2, 30, 1, 0], [16, 12, 8, 13], [1, 28, 18, 31], [0, 29, 2, 13], [17, 19, 1, 2], [21, 18, 12, 28], [0, 30, 1, 27], [1, 30, 31, 16], [2, 7, 0, 25], [24, 0, 10, 19], [23, 30, 13, 11], [3, 8, 21, 22]]",4,1.216200828552246,128,random,0.0,5632,4.0,124,1.2789671421051025,23,56 8 75 44,2807,0.5572364330291748,test,top_r_mean,0.0,0.5,0.25,0.375
0.04560028500178126,0.0,88,0.0,31,70.88669994845986,qasper,0.5,0.0,0.0,0.0,2003.11562:fc4ae12576ea3a85ea6d150b46938890d63a7d18,mean,0.35318704284221525,0.13385720551013947,"[[21, 20, 2, 7], [19, 14, 1, 22], [6, 5, 28, 7], [14, 6, 27, 29], [17, 6, 5, 3], [12, 28, 3, 31], [27, 11, 29, 31], [30, 26, 3, 19], [2, 21, 31, 1], [10, 9, 23, 12], [30, 16, 13, 22], [30, 24, 26, 20], [20, 28, 25, 6], [2, 3, 23, 16], [4, 25, 13, 23], [6, 7, 30, 9], [22, 31, 27, 2], [8, 23, 28, 27], [18, 16, 17, 22], [18, 11, 6, 2], [18, 16, 4, 8], [22, 27, 20, 29], [17, 1, 8, 7], [28, 17, 12, 16], [10, 25, 28, 6], [19, 11, 27, 15], [19, 10, 31, 23], [3, 25, 23, 9], [4, 23, 21, 20], [15, 28, 24, 17], [29, 20, 19, 2], [31, 3, 10, 24], [4, 24, 1, 3], [13, 25, 14, 20], [22, 2, 16, 25], [17, 29, 11, 31], [15, 12, 4, 17], [30, 26, 21, 11], [15, 23, 2, 25], [20, 29, 21, 19], [24, 19, 28, 4], [21, 23, 14, 18], [4, 20, 15, 9], [24, 6, 0, 7], [1, 19, 10, 21], [22, 10, 12, 18], [9, 0, 26, 27], [2, 8, 22, 14], [22, 6, 27, 23], [16, 28, 24, 23], [29, 10, 7, 12], [30, 12, 14, 24], [13, 1, 14, 5], [9, 2, 1, 18], [7, 26, 2, 22], [16, 30, 2, 27], [8, 5, 17, 24], [19, 11, 7, 18], [14, 24, 16, 8], [26, 10, 17, 14], [6, 7, 24, 8], [12, 29, 20, 28], [13, 0, 25, 7], [16, 1, 8, 20], [15, 11, 14, 18], [1, 13, 21, 26], [19, 24, 12, 25], [21, 12, 9, 23], [13, 27, 9, 0], [10, 26, 21, 11], [14, 2, 27, 13], [28, 20, 13, 30], [15, 3, 14, 16], [2, 24, 31, 4], [14, 8, 4, 17], [20, 19, 26, 2], [17, 26, 0, 31], [27, 13, 28, 12], [15, 16, 25, 0], [7, 21, 17, 30], [14, 30, 26, 17], [24, 20, 9, 22], [11, 30, 2, 6], [21, 24, 11, 26], [16, 2, 13, 11], [9, 21, 0, 5], [1, 11, 5, 24], [13, 1, 19, 6]]",4,1.2755870819091797,128,random,0.0,5632,4.0,124,1.3502843379974365,37,8 27 21 40,2807,0.51710045337677,test,top_r_mean,1.0,0.5,0.25,0.125
0.04560028500178126,0.0,88,0.0,31,57.4242000002414,qasper,0.5,0.0,0.0,0.0,2003.11562:fc4ae12576ea3a85ea6d150b46938890d63a7d18,mean,0.3014629049111808,0.11471852660179138,"[[16, 23, 1, 25], [19, 2, 29, 5], [23, 26, 12, 20], [26, 29, 12, 30], [6, 9, 10, 1], [12, 27, 18, 5], [31, 11, 12, 7], [12, 14, 24, 26], [9, 7, 26, 15], [15, 29, 13, 28], [4, 21, 28, 22], [29, 6, 25, 3], [5, 21, 3, 8], [7, 8, 4, 20], [6, 0, 20, 18], [0, 19, 16, 18], [23, 22, 28, 2], [23, 19, 13, 29], [30, 4, 25, 22], [4, 30, 12, 20], [8, 10, 22, 29], [12, 24, 5, 15], [5, 16, 28, 20], [20, 15, 5, 17], [2, 11, 24, 14], [5, 16, 28, 7], [11, 14, 27, 0], [15, 16, 26, 7], [18, 4, 13, 11], [18, 16, 28, 8], [27, 17, 25, 13], [23, 26, 2, 28], [11, 14, 10, 2], [1, 14, 15, 26], [29, 14, 12, 23], [7, 16, 27, 2], [28, 2, 7, 30], [16, 8, 3, 26], [28, 3, 30, 11], [11, 7, 14, 6], [2, 5, 31, 19], [22, 19, 17, 27], [27, 5, 22, 10], [0, 19, 31, 4], [10, 15, 27, 5], [0, 28, 5, 26], [22, 4, 14, 10], [19, 30, 6, 2], [18, 10, 8, 0], [25, 20, 10, 17], [17, 2, 15, 10], [10, 8, 16, 7], [21, 23, 14, 11], [22, 7, 25, 9], [30, 10, 12, 9], [19, 18, 24, 0], [31, 8, 11, 14], [18, 7, 12, 28], [5, 14, 11, 26], [15, 27, 6, 3], [5, 11, 1, 8], [26, 28, 30, 18], [7, 16, 5, 27], [15, 18, 28, 9], [25, 22, 8, 7], [29, 18, 14, 23], [30, 10, 9, 11], [3, 15, 16, 26], [24, 23, 14, 4], [3, 2, 4, 29], [16, 17, 11, 18], [4, 3, 18, 16], [13, 14, 0, 30], [2, 28, 12, 20], [6, 26, 29, 24], [6, 16, 15, 12], [28, 14, 1, 4], [23, 28, 1, 27], [0, 28, 7, 14], [25, 14, 10, 27], [23, 13, 4, 31], [8, 10, 18, 7], [15, 26, 28, 2], [18, 1, 31, 17], [2, 28, 4, 21], [16, 26, 13, 14], [14, 12, 20, 15], [1, 7, 20, 22]]",4,1.2737756967544556,128,random,0.0,5632,4.0,124,1.335131287574768,53,72 48 77 54,2807,0.4357718825340271,test,top_r_mean,0.0,0.0,0.25,0.25
0.04560028500178126,0.0,88,0.0,31,61.39759998768568,qasper,0.5,0.0,0.0,0.0,2003.11562:fc4ae12576ea3a85ea6d150b46938890d63a7d18,mean,0.3401253918495298,0.10811269283294678,"[[9, 25, 11, 13], [6, 19, 11, 12], [6, 21, 12, 8], [8, 14, 27, 25], [1, 23, 22, 13], [11, 7, 26, 4], [17, 14, 9, 25], [22, 27, 3, 17], [1, 2, 25, 22], [4, 14, 13, 15], [8, 18, 26, 15], [13, 23, 27, 14], [27, 13, 9, 14], [3, 21, 9, 26], [20, 3, 28, 23], [10, 31, 22, 24], [26, 21, 29, 25], [2, 17, 4, 19], [11, 5, 26, 22], [20, 28, 7, 9], [0, 15, 20, 25], [3, 26, 5, 12], [30, 3, 29, 20], [10, 1, 15, 17], [16, 27, 14, 4], [4, 1, 3, 12], [17, 20, 9, 26], [18, 2, 5, 15], [10, 4, 26, 2], [14, 5, 30, 15], [21, 13, 18, 14], [3, 13, 16, 26], [25, 10, 12, 31], [4, 12, 16, 27], [5, 3, 25, 21], [16, 15, 23, 6], [20, 9, 2, 15], [6, 20, 31, 24], [19, 5, 6, 14], [28, 2, 5, 19], [26, 2, 12, 1], [0, 6, 15, 21], [7, 30, 10, 19], [7, 13, 20, 4], [29, 3, 4, 17], [3, 17, 28, 16], [15, 12, 18, 14], [13, 25, 29, 3], [21, 23, 20, 19], [29, 6, 10, 20], [11, 22, 27, 23], [21, 12, 3, 23], [23, 20, 1, 12], [25, 20, 22, 9], [21, 4, 25, 7], [7, 11, 5, 19], [4, 8, 26, 15], [6, 24, 21, 0], [23, 16, 24, 17], [1, 13, 5, 9], [10, 2, 17, 31], [24, 23, 30, 16], [22, 13, 25, 19], [17, 24, 21, 8], [6, 17, 20, 2], [3, 5, 11, 30], [13, 3, 12, 6], [25, 1, 30, 22], [4, 0, 2, 24], [27, 0, 20, 31], [0, 18, 3, 24], [8, 11, 16, 9], [13, 22, 10, 28], [10, 23, 16, 29], [9, 3, 18, 6], [12, 27, 5, 26], [12, 19, 31, 4], [4, 8, 25, 20], [15, 17, 12, 0], [11, 16, 1, 13], [6, 14, 4, 11], [15, 25, 2, 16], [31, 6, 30, 18], [12, 30, 14, 23], [18, 26, 14, 2], [3, 9, 7, 28], [22, 30, 24, 19], [5, 16, 1, 13]]",4,1.2971858978271484,128,random,0.0,5632,4.0,124,1.3594189882278442,71,40 24 64 16,2807,0.48834139108657837,test,top_r_mean,0.0,0.0,0.0,0.375
0.04560028500178126,1.0,88,1.0,31,61.91429984755814,qasper,0.5,0.25,0.125,0.0,2003.11562:fc4ae12576ea3a85ea6d150b46938890d63a7d18,mean,0.3610240334378265,0.10816789418458939,"[[24, 25, 26, 27, 28, 29, 30, 31], [24, 25, 26, 27, 28, 29, 30, 31], [24, 25, 26, 27, 28, 29, 30, 31], [24, 25, 26, 27, 28, 29, 30, 31], [24, 25, 26, 27, 28, 29, 30, 31], [24, 25, 26, 27, 28, 29, 30, 31], [24, 25, 26, 27, 28, 29, 30, 31], [24, 25, 26, 27, 28, 29, 30, 31], [24, 25, 26, 27, 28, 29, 30, 31], [24, 25, 26, 27, 28, 29, 30, 31], [24, 25, 26, 27, 28, 29, 30, 31], [24, 25, 26, 27, 28, 29, 30, 31], [24, 25, 26, 27, 28, 29, 30, 31], [24, 25, 26, 27, 28, 29, 30, 31], [24, 25, 26, 27, 28, 29, 30, 31], [24, 25, 26, 27, 28, 29, 30, 31], [24, 25, 26, 27, 28, 29, 30, 31], [24, 25, 26, 27, 28, 29, 30, 31], [24, 25, 26, 27, 28, 29, 30, 31], [24, 25, 26, 27, 28, 29, 30, 31], [24, 25, 26, 27, 28, 29, 30, 31], [24, 25, 26, 27, 28, 29, 30, 31], [24, 25, 26, 27, 28, 29, 30, 31], [24, 25, 26, 27, 28, 29, 30, 31], [24, 25, 26, 27, 28, 29, 30, 31], [24, 25, 26, 27, 28, 29, 30, 31], [24, 25, 26, 27, 28, 29, 30, 31], [24, 25, 26, 27, 28, 29, 30, 31], [24, 25, 26, 27, 28, 29, 30, 31], [24, 25, 26, 27, 28, 29, 30, 31], [24, 25, 26, 27, 28, 29, 30, 31], [24, 25, 26, 27, 28, 29, 30, 31], [24, 25, 26, 27, 28, 29, 30, 31], [24, 25, 26, 27, 28, 29, 30, 31], [24, 25, 26, 27, 28, 29, 30, 31], [24, 25, 26, 27, 28, 29, 30, 31], [24, 25, 26, 27, 28, 29, 30, 31], [24, 25, 26, 27, 28, 29, 30, 31], [24, 25, 26, 27, 28, 29, 30, 31], [24, 25, 26, 27, 28, 29, 30, 31], [24, 25, 26, 27, 28, 29, 30, 31], [24, 25, 26, 27, 28, 29, 30, 31], [24, 25, 26, 27, 28, 29, 30, 31], [24, 25, 26, 27, 28, 29, 30, 31], [24, 25, 26, 27, 28, 29, 30, 31], [24, 25, 26, 27, 28, 29, 30, 31], [24, 25, 26, 27, 28, 29, 30, 31], [24, 25, 26, 27, 28, 29, 30, 31], [24, 25, 26, 27, 28, 29, 30, 31], [24, 25, 26, 27, 28, 29, 30, 31], [24, 25, 26, 27, 28, 29, 30, 31], [24, 25, 26, 27, 28, 29, 30, 31], [24, 25, 26, 27, 28, 29, 30, 31], [24, 25, 26, 27, 28, 29, 30, 31], [24, 25, 26, 27, 28, 29, 30, 31], [24, 25, 26, 27, 28, 29, 30, 31], [24, 25, 26, 27, 28, 29, 30, 31], [24, 25, 26, 27, 28, 29, 30, 31], [24, 25, 26, 27, 28, 29, 30, 31], [24, 25, 26, 27, 28, 29, 30, 31], [24, 25, 26, 27, 28, 29, 30, 31], [24, 25, 26, 27, 28, 29, 30, 31], [24, 25, 26, 27, 28, 29, 30, 31], [24, 25, 26, 27, 28, 29, 30, 31], [24, 25, 26, 27, 28, 29, 30, 31], [24, 25, 26, 27, 28, 29, 30, 31], [24, 25, 26, 27, 28, 29, 30, 31], [24, 25, 26, 27, 28, 29, 30, 31], [24, 25, 26, 27, 28, 29, 30, 31], [24, 25, 26, 27, 28, 29, 30, 31], [24, 25, 26, 27, 28, 29, 30, 31], [24, 25, 26, 27, 28, 29, 30, 31], [24, 25, 26, 27, 28, 29, 30, 31], [24, 25, 26, 27, 28, 29, 30, 31], [24, 25, 26, 27, 28, 29, 30, 31], [24, 25, 26, 27, 28, 29, 30, 31], [24, 25, 26, 27, 28, 29, 30, 31], [24, 25, 26, 27, 28, 29, 30, 31], [24, 25, 26, 27, 28, 29, 30, 31], [24, 25, 26, 27, 28, 29, 30, 31], [24, 25, 26, 27, 28, 29, 30, 31], [24, 25, 26, 27, 28, 29, 30, 31], [24, 25, 26, 27, 28, 29, 30, 31], [24, 25, 26, 27, 28, 29, 30, 31], [24, 25, 26, 27, 28, 29, 30, 31], [24, 25, 26, 27, 28, 29, 30, 31], [24, 25, 26, 27, 28, 29, 30, 31], [15, 16, 17, 18, 19, 20, 21, 22]]",8,0.727617621421814,128,last,0.25,11264,4.0,124,0.8199900984764099,0,54 24 40 2,2807,0.512503981590271,test,top_r_mean,0.0,0.0,0.0,0.375
0.04560028500178126,1.0,88,1.0,31,68.84239986538887,qasper,0.5,0.25,0.125,0.0,2003.11562:fc4ae12576ea3a85ea6d150b46938890d63a7d18,mean,0.5020898641588297,0.028471365571022034,"[[4, 0, 2, 12, 1, 11, 17, 30], [23, 18, 31, 15, 9, 5, 27, 21], [4, 31, 15, 10, 30, 19, 3, 5], [12, 21, 9, 23, 28, 14, 22, 7], [0, 4, 9, 16, 5, 30, 28, 21], [12, 21, 15, 0, 11, 27, 28, 14], [11, 19, 9, 2, 23, 20, 15, 28], [4, 11, 25, 1, 8, 24, 2, 31], [20, 0, 11, 22, 7, 15, 2, 19], [7, 20, 15, 8, 6, 27, 9, 14], [6, 13, 23, 18, 9, 28, 25, 12], [24, 1, 8, 13, 0, 15, 6, 20], [18, 28, 25, 12, 24, 22, 30, 27], [16, 6, 10, 14, 9, 24, 20, 15], [12, 26, 19, 10, 30, 24, 9, 1], [11, 28, 19, 8, 24, 18, 5, 17], [29, 0, 31, 8, 2, 7, 9, 5], [6, 2, 0, 1, 14, 5, 3, 18], [31, 11, 6, 26, 22, 27, 25, 4], [22, 18, 29, 5, 14, 9, 7, 0], [8, 12, 31, 4, 23, 16, 1, 20], [22, 0, 2, 12, 26, 3, 11, 1], [12, 1, 19, 25, 5, 16, 21, 20], [22, 15, 10, 16, 31, 18, 26, 20], [10, 0, 12, 2, 20, 7, 25, 4], [5, 27, 11, 19, 12, 31, 23, 10], [22, 18, 1, 14, 24, 28, 29, 11], [6, 19, 16, 17, 18, 20, 27, 30], [12, 14, 18, 21, 13, 22, 15, 23], [13, 21, 22, 0, 20, 10, 24, 6], [14, 5, 20, 4, 30, 27, 9, 25], [17, 1, 22, 28, 6, 24, 3, 2], [9, 0, 18, 14, 28, 24, 31, 17], [23, 1, 21, 4, 20, 25, 14, 0], [11, 2, 7, 18, 25, 9, 3, 21], [20, 10, 30, 13, 0, 29, 9, 4], [9, 18, 13, 23, 26, 20, 1, 14], [17, 14, 11, 25, 4, 18, 30, 19], [11, 19, 20, 3, 27, 17, 10, 14], [17, 30, 28, 10, 31, 27, 12, 2], [9, 0, 18, 27, 17, 6, 22, 11], [10, 6, 17, 31, 4, 23, 30, 5], [17, 5, 14, 0, 3, 9, 16, 4], [10, 30, 23, 29, 6, 22, 16, 21], [22, 30, 6, 0, 15, 31, 2, 9], [6, 9, 29, 22, 31, 14, 10, 28], [19, 31, 13, 17, 30, 28, 20, 0], [1, 14, 15, 20, 23, 26, 17, 18], [18, 0, 2, 14, 24, 23, 9, 3], [9, 25, 2, 23, 10, 18, 22, 4], [10, 12, 4, 13, 30, 28, 2, 9], [18, 12, 30, 1, 20, 25, 3, 6], [10, 1, 28, 5, 3, 25, 6, 2], [0, 13, 17, 21, 15, 19, 12, 25], [16, 30, 11, 5, 14, 29, 25, 31], [5, 21, 29, 27, 30, 24, 17, 22], [13, 0, 6, 1, 11, 25, 7, 31], [29, 8, 24, 9, 27, 12, 6, 23], [15, 8, 13, 2, 31, 19, 17, 14], [7, 9, 4, 3, 24, 18, 20, 31], [13, 19, 2, 0, 4, 9, 25, 3], [4, 21, 25, 31, 22, 7, 15, 13], [11, 0, 7, 31, 27, 2, 24, 19], [16, 3, 0, 24, 2, 5, 19, 23], [17, 0, 22, 23, 29, 10, 13, 7], [22, 2, 16, 17, 31, 11, 5, 8], [30, 20, 26, 19, 21, 17, 2, 23], [23, 27, 26, 5, 18, 13, 12, 10], [21, 16, 8, 6, 17, 31, 26, 19], [26, 19, 0, 16, 18, 28, 11, 3], [8, 29, 31, 12, 27, 14, 13, 17], [10, 2, 11, 5, 30, 1, 12, 31], [12, 0, 6, 29, 28, 4, 18, 14], [19, 25, 4, 27, 11, 5, 16, 12], [25, 2, 11, 7, 3, 31, 18, 1], [2, 5, 6, 24, 16, 19, 0, 1], [18, 8, 25, 15, 30, 0, 6, 28], [12, 21, 10, 22, 19, 28, 17, 2], [24, 26, 14, 22, 8, 6, 18, 13], [11, 15, 20, 29, 19, 27, 9, 10], [17, 0, 11, 10, 1, 30, 7, 26], [13, 12, 4, 28, 21, 1, 14, 18], [10, 14, 23, 30, 4, 20, 28, 18], [24, 5, 19, 1, 15, 17, 18, 4], [31, 29, 4, 12, 21, 25, 18, 11], [14, 5, 13, 18, 12, 17, 26, 6], [23, 2, 11, 29, 24, 27, 12, 20], [7, 11, 22, 16, 18, 20, 5, 1]]",8,0.7494996786117554,128,farthest,0.3333333333333333,11264,4.0,124,0.7923473119735718,0,72 16 0 8,2807,0.6755661368370056,test,top_r_mean,0.0,0.0,0.75,0.75
0.04560028500178126,1.0,88,1.0,31,57.45399999432266,qasper,0.5,0.25,0.125,0.0,2003.11562:fc4ae12576ea3a85ea6d150b46938890d63a7d18,mean,0.8855799373040752,0.0008480735123157501,"[[4, 0, 9, 5, 1, 7, 14, 17], [21, 2, 8, 3, 29, 22, 24, 9], [25, 1, 24, 26, 29, 14, 0, 30], [23, 24, 27, 31, 26, 13, 11, 14], [23, 17, 2, 19, 29, 3, 8, 20], [13, 10, 12, 7, 4, 11, 19, 0], [15, 17, 22, 16, 27, 21, 12, 24], [1, 26, 28, 4, 3, 30, 2, 10], [18, 0, 13, 1, 31, 4, 30, 14], [14, 1, 17, 16, 2, 3, 30, 12], [11, 2, 15, 8, 16, 1, 14, 0], [8, 19, 10, 11, 12, 9, 14, 5], [27, 29, 31, 3, 20, 10, 21, 23], [31, 23, 0, 21, 20, 30, 4, 3], [25, 5, 6, 27, 30, 28, 16, 8], [2, 3, 18, 4, 7, 16, 6, 1], [11, 0, 15, 14, 9, 1, 5, 29], [7, 8, 6, 3, 4, 12, 1, 21], [14, 15, 23, 21, 16, 30, 13, 9], [9, 2, 10, 16, 20, 22, 3, 11], [1, 2, 19, 3, 10, 5, 15, 17], [16, 18, 29, 20, 22, 19, 23, 27], [13, 9, 12, 14, 7, 23, 26, 11], [5, 6, 9, 8, 25, 29, 7, 23], [26, 0, 1, 5, 6, 3, 27, 18], [22, 24, 0, 9, 28, 29, 31, 2], [21, 31, 10, 13, 0, 22, 16, 20], [22, 23, 1, 3, 24, 10, 30, 25], [7, 29, 8, 2, 9, 20, 13, 3], [30, 13, 9, 29, 14, 3, 31, 19], [18, 19, 29, 21, 28, 16, 0, 22], [8, 7, 0, 17, 12, 5, 31, 2], [5, 0, 23, 13, 1, 7, 26, 3], [17, 8, 7, 16, 29, 12, 15, 0], [9, 10, 29, 11, 30, 31, 13, 21], [5, 3, 2, 6, 7, 20, 9, 0], [24, 22, 2, 1, 25, 28, 26, 29], [1, 0, 10, 28, 3, 2, 11, 7], [14, 15, 16, 29, 25, 23, 18, 8], [8, 9, 5, 14, 21, 0, 6, 15], [1, 0, 5, 9, 26, 30, 25, 31], [26, 30, 13, 2, 31, 14, 5, 9], [31, 7, 3, 8, 16, 18, 0, 4], [21, 15, 9, 3, 17, 31, 26, 22], [12, 18, 17, 19, 13, 23, 16, 4], [14, 15, 27, 25, 16, 21, 17, 18], [1, 6, 27, 2, 30, 29, 4, 19], [28, 12, 11, 29, 1, 25, 0, 13], [13, 0, 26, 15, 27, 18, 16, 14], [22, 5, 30, 27, 23, 31, 24, 26], [15, 16, 31, 25, 21, 20, 7, 2], [0, 29, 13, 28, 14, 26, 31, 27], [3, 17, 4, 18, 0, 7, 27, 6], [3, 23, 4, 24, 9, 27, 5, 1], [31, 30, 25, 24, 7, 1, 2, 22], [23, 1, 26, 25, 4, 16, 11, 27], [8, 0, 3, 10, 9, 27, 13, 11], [7, 13, 30, 17, 11, 10, 1, 4], [1, 0, 18, 31, 30, 20, 29, 5], [4, 5, 13, 14, 7, 0, 8, 17], [5, 1, 6, 26, 17, 7, 10, 0], [13, 14, 16, 18, 15, 24, 1, 2], [18, 21, 6, 23, 19, 28, 20, 15], [12, 30, 23, 25, 29, 31, 14, 18], [16, 0, 4, 17, 9, 6, 8, 5], [18, 17, 21, 4, 11, 22, 20, 8], [17, 18, 29, 30, 28, 8, 19, 0], [12, 16, 24, 31, 14, 13, 29, 10], [31, 7, 20, 21, 1, 18, 8, 17], [16, 17, 4, 6, 18, 26, 0, 13], [1, 19, 20, 2, 11, 25, 10, 4], [31, 7, 26, 25, 8, 9, 28, 15], [1, 0, 2, 29, 25, 5, 13, 20], [7, 9, 8, 2, 15, 23, 1, 12], [20, 8, 21, 15, 7, 23, 27, 12], [25, 8, 12, 10, 2, 24, 13, 7], [21, 9, 20, 10, 29, 23, 1, 26], [23, 17, 24, 1, 0, 18, 4, 27], [29, 20, 24, 25, 26, 30, 21, 19], [29, 18, 30, 24, 21, 9, 0, 14], [28, 0, 15, 16, 5, 6, 1, 29], [8, 9, 17, 23, 20, 3, 19, 22], [0, 1, 2, 18, 13, 20, 3, 12], [18, 3, 8, 26, 24, 22, 7, 14], [4, 5, 28, 6, 7, 15, 17, 10], [22, 30, 21, 24, 23, 9, 26, 1], [27, 5, 16, 6, 0, 14, 28, 15], [22, 5, 20, 9, 6, 17, 11, 16]]",8,0.1361231505870819,128,greedy_oracle,0.25,11264,4.0,124,0.1421424001455307,0,72 32 8 0,2807,0.9784966707229614,test,top_r_mean,0.0,0.0,1.0,1.0
0.04560028500178126,0.0,88,0.0,31,63.162000151351094,qasper,0.5,0.0,0.0,0.0,2003.11562:fc4ae12576ea3a85ea6d150b46938890d63a7d18,mean,0.5308254963427377,0.06963972747325897,"[[9, 21, 25, 4, 22, 19, 27, 13], [26, 27, 5, 19, 4, 18, 0, 17], [19, 26, 20, 3, 30, 15, 16, 21], [14, 12, 10, 18, 5, 13, 20, 25], [4, 28, 23, 16, 11, 0, 21, 20], [20, 8, 22, 9, 19, 30, 23, 11], [3, 15, 13, 8, 30, 4, 24, 10], [22, 21, 3, 12, 20, 2, 1, 6], [16, 14, 31, 22, 0, 9, 2, 26], [31, 6, 4, 0, 8, 27, 21, 22], [28, 4, 13, 23, 5, 8, 27, 11], [22, 29, 20, 24, 6, 10, 31, 14], [10, 18, 29, 14, 27, 9, 2, 26], [12, 24, 21, 0, 28, 9, 31, 13], [24, 9, 8, 0, 4, 19, 7, 28], [4, 14, 13, 11, 25, 6, 8, 15], [30, 28, 19, 31, 8, 5, 9, 2], [31, 13, 6, 1, 5, 22, 20, 28], [10, 8, 16, 11, 30, 5, 1, 20], [10, 19, 1, 4, 18, 6, 30, 9], [21, 3, 28, 2, 12, 5, 14, 10], [14, 26, 27, 4, 9, 12, 13, 17], [18, 21, 24, 7, 4, 29, 8, 19], [23, 18, 15, 28, 0, 25, 22, 19], [31, 5, 1, 24, 0, 20, 7, 16], [20, 2, 17, 11, 9, 14, 28, 6], [21, 13, 24, 3, 6, 17, 29, 4], [7, 30, 1, 28, 10, 6, 20, 21], [15, 7, 27, 0, 11, 3, 6, 25], [30, 2, 28, 12, 20, 31, 4, 7], [14, 29, 21, 12, 16, 4, 19, 15], [10, 18, 27, 15, 3, 31, 29, 26], [9, 11, 8, 23, 19, 0, 14, 1], [13, 10, 26, 29, 16, 31, 4, 11], [18, 8, 25, 15, 7, 11, 27, 16], [24, 4, 8, 18, 25, 9, 23, 30], [20, 8, 9, 6, 0, 24, 29, 18], [3, 1, 10, 18, 15, 6, 17, 14], [3, 14, 4, 7, 6, 26, 0, 5], [18, 28, 24, 22, 10, 3, 7, 16], [28, 21, 12, 19, 10, 1, 6, 11], [30, 29, 23, 21, 24, 22, 10, 13], [6, 14, 15, 29, 27, 30, 16, 17], [25, 7, 6, 16, 30, 17, 15, 8], [20, 6, 5, 21, 0, 7, 4, 14], [28, 6, 18, 20, 26, 21, 14, 23], [31, 30, 9, 21, 15, 8, 16, 18], [19, 28, 15, 17, 24, 30, 23, 7], [10, 25, 13, 0, 12, 14, 2, 11], [2, 22, 8, 20, 23, 15, 17, 27], [17, 23, 22, 16, 29, 26, 3, 14], [13, 4, 16, 10, 30, 9, 19, 27], [18, 13, 11, 12, 7, 27, 14, 16], [4, 30, 22, 18, 26, 12, 31, 20], [26, 3, 10, 17, 18, 8, 7, 14], [17, 3, 13, 28, 10, 22, 30, 18], [27, 23, 9, 10, 18, 25, 29, 2], [23, 8, 29, 1, 11, 26, 22, 25], [1, 22, 20, 12, 26, 24, 29, 18], [14, 26, 15, 10, 27, 6, 7, 12], [21, 26, 3, 0, 27, 7, 13, 16], [18, 7, 2, 24, 23, 14, 9, 8], [5, 22, 18, 3, 8, 20, 28, 4], [31, 18, 15, 4, 14, 19, 7, 24], [13, 17, 12, 24, 4, 1, 5, 28], [23, 28, 2, 7, 19, 10, 4, 29], [31, 13, 21, 18, 10, 29, 6, 17], [29, 2, 7, 30, 8, 25, 19, 1], [25, 10, 4, 31, 27, 1, 21, 17], [11, 28, 14, 2, 1, 29, 23, 20], [5, 0, 21, 23, 29, 28, 24, 2], [28, 5, 1, 6, 20, 25, 19, 8], [17, 11, 6, 28, 12, 14, 19, 9], [26, 23, 9, 25, 5, 18, 12, 28], [14, 15, 31, 26, 24, 22, 27, 25], [14, 28, 16, 21, 3, 1, 31, 24], [26, 12, 17, 22, 29, 19, 13, 20], [4, 14, 10, 18, 3, 11, 9, 21], [27, 12, 31, 23, 28, 16, 3, 21], [29, 9, 2, 27, 0, 30, 24, 26], [31, 22, 6, 27, 2, 25, 23, 18], [23, 22, 17, 6, 12, 1, 10, 28], [3, 12, 10, 27, 31, 17, 9, 2], [1, 30, 13, 21, 7, 0, 26, 5], [7, 18, 17, 13, 21, 29, 14, 3], [21, 31, 20, 19, 18, 10, 29, 24], [26, 24, 31, 7, 0, 3, 22, 14], [19, 21, 16, 17, 22, 11, 5, 20]]",8,0.6514094471931458,128,random,0.0,11264,4.0,124,0.7148169875144958,11,32 8 24 48,2807,0.7167588472366333,test,top_r_mean,0.0,0.5,0.5,0.5
0.04560028500178126,0.0,88,0.0,31,60.968799982219934,qasper,0.5,0.0,0.0,0.0,2003.11562:fc4ae12576ea3a85ea6d150b46938890d63a7d18,mean,0.5151515151515151,0.07715891301631927,"[[20, 28, 27, 29, 25, 11, 21, 10], [9, 17, 29, 19, 25, 21, 6, 14], [26, 30, 24, 16, 4, 10, 0, 6], [15, 18, 14, 13, 26, 4, 10, 29], [13, 22, 15, 26, 20, 9, 28, 27], [4, 1, 22, 26, 2, 28, 10, 18], [6, 2, 12, 4, 9, 11, 16, 1], [1, 15, 25, 20, 30, 3, 19, 23], [12, 8, 17, 0, 23, 15, 22, 6], [13, 6, 15, 14, 30, 1, 2, 9], [22, 27, 4, 7, 15, 1, 18, 28], [18, 8, 23, 19, 15, 7, 13, 0], [3, 6, 17, 31, 28, 2, 30, 20], [19, 2, 18, 28, 0, 13, 14, 15], [14, 8, 31, 21, 24, 25, 19, 26], [15, 0, 4, 14, 3, 25, 13, 19], [24, 29, 12, 4, 11, 2, 26, 9], [3, 7, 10, 17, 21, 15, 22, 0], [24, 13, 17, 0, 9, 29, 18, 5], [7, 6, 22, 27, 11, 18, 12, 25], [20, 1, 2, 28, 21, 11, 30, 8], [31, 20, 11, 5, 7, 13, 28, 8], [16, 21, 0, 15, 22, 1, 28, 17], [22, 31, 1, 3, 0, 10, 14, 28], [19, 15, 25, 27, 28, 22, 2, 10], [15, 20, 5, 24, 16, 4, 1, 21], [8, 12, 17, 27, 0, 21, 26, 29], [17, 25, 3, 24, 11, 15, 18, 27], [23, 10, 20, 18, 26, 16, 2, 28], [13, 1, 24, 12, 5, 4, 23, 0], [4, 20, 14, 6, 0, 23, 17, 3], [30, 12, 7, 25, 4, 16, 31, 2], [1, 6, 25, 14, 15, 17, 10, 28], [8, 17, 5, 24, 10, 0, 15, 2], [28, 29, 4, 6, 12, 25, 14, 20], [27, 3, 21, 15, 4, 31, 18, 22], [4, 17, 11, 10, 20, 8, 30, 0], [14, 2, 3, 30, 19, 12, 4, 31], [8, 9, 5, 16, 10, 29, 22, 13], [25, 8, 28, 18, 7, 6, 12, 3], [31, 28, 14, 25, 15, 1, 6, 24], [9, 2, 10, 25, 8, 3, 7, 4], [30, 8, 15, 24, 16, 7, 29, 27], [25, 27, 4, 16, 10, 17, 3, 6], [23, 28, 12, 18, 15, 7, 24, 31], [7, 26, 14, 8, 17, 27, 18, 16], [16, 7, 23, 4, 22, 0, 10, 2], [8, 18, 15, 6, 5, 25, 3, 26], [22, 8, 23, 2, 11, 27, 10, 18], [23, 4, 12, 18, 27, 14, 3, 9], [18, 2, 30, 19, 22, 25, 4, 10], [10, 16, 25, 31, 15, 29, 23, 0], [26, 12, 13, 8, 28, 22, 19, 1], [23, 29, 15, 10, 12, 2, 0, 6], [2, 1, 15, 21, 8, 10, 7, 12], [3, 22, 13, 18, 7, 9, 4, 0], [31, 0, 14, 24, 12, 28, 30, 2], [4, 7, 26, 29, 19, 27, 12, 0], [10, 31, 14, 2, 16, 8, 30, 9], [26, 15, 1, 10, 31, 28, 20, 7], [8, 21, 26, 30, 1, 19, 6, 29], [20, 28, 30, 8, 16, 2, 9, 22], [22, 13, 6, 16, 26, 30, 28, 23], [8, 3, 20, 27, 12, 7, 24, 9], [5, 8, 31, 29, 18, 11, 17, 7], [22, 7, 16, 19, 29, 10, 31, 3], [9, 13, 27, 17, 30, 15, 28, 1], [12, 22, 21, 27, 9, 5, 4, 16], [24, 5, 0, 8, 31, 18, 7, 4], [31, 4, 20, 2, 7, 16, 21, 5], [1, 12, 18, 4, 5, 28, 7, 25], [6, 18, 12, 27, 9, 31, 21, 29], [7, 26, 15, 30, 3, 11, 2, 0], [7, 5, 3, 18, 17, 9, 15, 16], [23, 11, 2, 10, 4, 29, 25, 6], [10, 7, 28, 25, 6, 20, 24, 16], [2, 30, 1, 0, 20, 17, 12, 9], [16, 12, 8, 13, 21, 27, 7, 2], [1, 28, 18, 31, 21, 3, 22, 9], [0, 29, 2, 13, 24, 22, 9, 26], [17, 19, 1, 2, 24, 3, 6, 28], [21, 18, 12, 28, 7, 6, 29, 15], [0, 30, 1, 27, 3, 28, 11, 8], [1, 30, 31, 16, 29, 27, 20, 4], [2, 7, 0, 25, 28, 30, 13, 15], [24, 0, 10, 19, 6, 30, 1, 12], [23, 30, 13, 11, 18, 19, 4, 14], [3, 8, 21, 22, 6, 5, 4, 10]]",8,0.647569477558136,128,random,0.0,11264,4.0,124,0.7179165482521057,23,72 56 8 16,2807,0.6998520493507385,test,top_r_mean,0.0,0.0,0.5,0.5
0.04560028500178126,0.0,88,0.0,31,59.839800000190735,qasper,0.5,0.0,0.0,0.0,2003.11562:fc4ae12576ea3a85ea6d150b46938890d63a7d18,mean,0.5438871473354232,0.07277534902095795,"[[21, 20, 2, 7, 4, 28, 1, 12], [19, 14, 1, 22, 13, 11, 23, 5], [6, 5, 28, 7, 26, 11, 1, 10], [14, 6, 27, 29, 10, 21, 13, 17], [17, 6, 5, 3, 30, 10, 23, 24], [12, 28, 3, 31, 30, 11, 26, 0], [27, 11, 29, 31, 26, 28, 4, 30], [30, 26, 3, 19, 27, 22, 1, 4], [2, 21, 31, 1, 14, 8, 7, 27], [10, 9, 23, 12, 25, 13, 29, 18], [30, 16, 13, 22, 17, 14, 15, 12], [30, 24, 26, 20, 25, 10, 0, 3], [20, 28, 25, 6, 0, 3, 12, 16], [2, 3, 23, 16, 21, 5, 24, 28], [4, 25, 13, 23, 5, 15, 0, 3], [6, 7, 30, 9, 16, 4, 2, 28], [22, 31, 27, 2, 14, 3, 1, 6], [8, 23, 28, 27, 21, 18, 6, 19], [18, 16, 17, 22, 21, 11, 15, 14], [18, 11, 6, 2, 23, 0, 27, 17], [18, 16, 4, 8, 11, 23, 7, 24], [22, 27, 20, 29, 11, 19, 15, 6], [17, 1, 8, 7, 11, 31, 3, 2], [28, 17, 12, 16, 11, 19, 26, 25], [10, 25, 28, 6, 1, 21, 26, 3], [19, 11, 27, 15, 2, 24, 12, 25], [19, 10, 31, 23, 20, 30, 29, 7], [3, 25, 23, 9, 1, 17, 6, 20], [4, 23, 21, 20, 9, 3, 2, 19], [15, 28, 24, 17, 27, 3, 5, 11], [29, 20, 19, 2, 17, 24, 15, 26], [31, 3, 10, 24, 0, 14, 7, 17], [4, 24, 1, 3, 15, 17, 28, 0], [13, 25, 14, 20, 29, 4, 26, 11], [22, 2, 16, 25, 29, 18, 1, 14], [17, 29, 11, 31, 5, 2, 6, 27], [15, 12, 4, 17, 16, 7, 8, 27], [30, 26, 21, 11, 5, 10, 4, 16], [15, 23, 2, 25, 22, 18, 12, 5], [20, 29, 21, 19, 10, 27, 2, 12], [24, 19, 28, 4, 20, 9, 22, 7], [21, 23, 14, 18, 3, 25, 27, 10], [4, 20, 15, 9, 27, 14, 23, 1], [24, 6, 0, 7, 16, 30, 12, 28], [1, 19, 10, 21, 3, 13, 15, 9], [22, 10, 12, 18, 26, 16, 8, 21], [9, 0, 26, 27, 1, 6, 24, 5], [2, 8, 22, 14, 4, 5, 13, 26], [22, 6, 27, 23, 25, 19, 5, 21], [16, 28, 24, 23, 7, 17, 30, 3], [29, 10, 7, 12, 2, 4, 18, 14], [30, 12, 14, 24, 8, 18, 9, 15], [13, 1, 14, 5, 7, 11, 0, 23], [9, 2, 1, 18, 23, 21, 7, 11], [7, 26, 2, 22, 24, 21, 30, 28], [16, 30, 2, 27, 13, 28, 26, 1], [8, 5, 17, 24, 31, 12, 0, 11], [19, 11, 7, 18, 22, 30, 8, 2], [14, 24, 16, 8, 3, 26, 4, 27], [26, 10, 17, 14, 8, 20, 11, 27], [6, 7, 24, 8, 27, 25, 9, 30], [12, 29, 20, 28, 16, 22, 24, 2], [13, 0, 25, 7, 4, 2, 19, 5], [16, 1, 8, 20, 30, 25, 2, 0], [15, 11, 14, 18, 30, 3, 8, 29], [1, 13, 21, 26, 27, 15, 31, 8], [19, 24, 12, 25, 11, 17, 23, 21], [21, 12, 9, 23, 27, 3, 14, 16], [13, 27, 9, 0, 29, 3, 4, 17], [10, 26, 21, 11, 23, 2, 6, 31], [14, 2, 27, 13, 1, 4, 11, 3], [28, 20, 13, 30, 25, 21, 4, 14], [15, 3, 14, 16, 25, 6, 20, 8], [2, 24, 31, 4, 1, 5, 15, 11], [14, 8, 4, 17, 21, 30, 11, 1], [20, 19, 26, 2, 17, 14, 24, 15], [17, 26, 0, 31, 9, 28, 18, 19], [27, 13, 28, 12, 29, 19, 8, 24], [15, 16, 25, 0, 21, 4, 24, 13], [7, 21, 17, 30, 3, 14, 6, 26], [14, 30, 26, 17, 6, 0, 3, 24], [24, 20, 9, 22, 12, 29, 15, 1], [11, 30, 2, 6, 25, 4, 19, 26], [21, 24, 11, 26, 16, 30, 27, 3], [16, 2, 13, 11, 6, 8, 0, 20], [9, 21, 0, 5, 22, 10, 17, 6], [1, 11, 5, 24, 29, 25, 23, 3], [13, 1, 19, 6, 16, 10, 12, 22]]",8,0.638581395149231,128,random,0.0,11264,4.0,124,0.7046818733215332,37,56 80 32 24,2807,0.7296501994132996,test,top_r_mean,0.0,0.0,0.25,0.625
0.04560028500178126,1.0,88,1.0,31,63.491799868643284,qasper,0.5,0.25,0.125,0.0,2003.11562:fc4ae12576ea3a85ea6d150b46938890d63a7d18,mean,0.542319749216301,0.08599839359521866,"[[16, 23, 1, 25, 11, 29, 4, 10], [19, 2, 29, 5, 3, 20, 13, 30], [23, 26, 12, 20, 30, 5, 29, 16], [26, 29, 12, 30, 23, 19, 20, 5], [6, 9, 10, 1, 19, 14, 21, 15], [12, 27, 18, 5, 11, 26, 9, 22], [31, 11, 12, 7, 5, 26, 20, 8], [12, 14, 24, 26, 11, 15, 29, 19], [9, 7, 26, 15, 14, 2, 28, 25], [15, 29, 13, 28, 16, 23, 3, 9], [4, 21, 28, 22, 23, 25, 30, 11], [29, 6, 25, 3, 14, 19, 31, 28], [5, 21, 3, 8, 31, 28, 25, 10], [7, 8, 4, 20, 16, 22, 29, 13], [6, 0, 20, 18, 16, 2, 24, 7], [0, 19, 16, 18, 21, 6, 28, 20], [23, 22, 28, 2, 12, 17, 29, 27], [23, 19, 13, 29, 28, 24, 17, 11], [30, 4, 25, 22, 5, 31, 13, 23], [4, 30, 12, 20, 13, 25, 0, 7], [8, 10, 22, 29, 27, 17, 13, 2], [12, 24, 5, 15, 16, 22, 17, 30], [5, 16, 28, 20, 15, 11, 2, 6], [20, 15, 5, 17, 28, 31, 29, 21], [2, 11, 24, 14, 4, 7, 28, 16], [5, 16, 28, 7, 30, 11, 29, 9], [11, 14, 27, 0, 16, 15, 20, 12], [15, 16, 26, 7, 11, 12, 20, 25], [18, 4, 13, 11, 31, 19, 3, 27], [18, 16, 28, 8, 14, 6, 20, 19], [27, 17, 25, 13, 20, 29, 9, 14], [23, 26, 2, 28, 25, 4, 0, 5], [11, 14, 10, 2, 9, 29, 1, 27], [1, 14, 15, 26, 28, 2, 10, 29], [29, 14, 12, 23, 13, 18, 9, 6], [7, 16, 27, 2, 1, 23, 22, 4], [28, 2, 7, 30, 12, 4, 10, 24], [16, 8, 3, 26, 6, 19, 1, 21], [28, 3, 30, 11, 20, 27, 7, 13], [11, 7, 14, 6, 12, 26, 31, 30], [2, 5, 31, 19, 24, 18, 17, 29], [22, 19, 17, 27, 26, 9, 11, 6], [27, 5, 22, 10, 28, 25, 26, 31], [0, 19, 31, 4, 13, 24, 25, 2], [10, 15, 27, 5, 0, 13, 25, 8], [0, 28, 5, 26, 9, 2, 6, 24], [22, 4, 14, 10, 21, 2, 31, 15], [19, 30, 6, 2, 5, 16, 9, 10], [18, 10, 8, 0, 6, 28, 16, 13], [25, 20, 10, 17, 2, 29, 1, 7], [17, 2, 15, 10, 8, 29, 12, 31], [10, 8, 16, 7, 27, 20, 22, 21], [21, 23, 14, 11, 4, 30, 13, 9], [22, 7, 25, 9, 10, 30, 13, 28], [30, 10, 12, 9, 7, 27, 11, 21], [19, 18, 24, 0, 30, 22, 23, 17], [31, 8, 11, 14, 22, 9, 2, 25], [18, 7, 12, 28, 1, 9, 3, 8], [5, 14, 11, 26, 1, 18, 4, 0], [15, 27, 6, 3, 22, 25, 0, 10], [5, 11, 1, 8, 31, 29, 12, 13], [26, 28, 30, 18, 24, 15, 0, 13], [7, 16, 5, 27, 15, 19, 22, 8], [15, 18, 28, 9, 7, 20, 19, 8], [25, 22, 8, 7, 17, 23, 11, 24], [29, 18, 14, 23, 21, 25, 16, 24], [30, 10, 9, 11, 25, 16, 21, 15], [3, 15, 16, 26, 11, 4, 5, 7], [24, 23, 14, 4, 17, 26, 10, 27], [3, 2, 4, 29, 21, 19, 13, 18], [16, 17, 11, 18, 8, 22, 14, 4], [4, 3, 18, 16, 1, 27, 23, 14], [13, 14, 0, 30, 19, 10, 21, 22], [2, 28, 12, 20, 30, 23, 13, 6], [6, 26, 29, 24, 28, 13, 5, 16], [6, 16, 15, 12, 26, 14, 19, 17], [28, 14, 1, 4, 22, 7, 3, 31], [23, 28, 1, 27, 15, 9, 17, 20], [0, 28, 7, 14, 19, 24, 13, 2], [25, 14, 10, 27, 20, 6, 7, 15], [23, 13, 4, 31, 15, 11, 12, 1], [8, 10, 18, 7, 19, 5, 27, 22], [15, 26, 28, 2, 22, 18, 31, 11], [18, 1, 31, 17, 14, 22, 12, 27], [2, 28, 4, 21, 8, 23, 12, 24], [16, 26, 13, 14, 1, 28, 5, 11], [14, 12, 20, 15, 8, 11, 2, 29], [1, 7, 20, 22, 6, 12, 21, 14]]",8,0.6926721334457397,128,random,0.3333333333333333,11264,4.0,124,0.7642514109611511,53,48 72 0 58,2807,0.7377689480781555,test,top_r_mean,0.0,0.0,0.5,0.375
0.04560028500178126,0.0,88,0.0,31,62.460299814119935,qasper,0.5,0.0,0.0,0.0,2003.11562:fc4ae12576ea3a85ea6d150b46938890d63a7d18,mean,0.5167189132706375,0.08021017909049988,"[[9, 25, 11, 13, 14, 23, 15, 7], [6, 19, 11, 12, 25, 13, 28, 15], [6, 21, 12, 8, 2, 16, 30, 19], [8, 14, 27, 25, 0, 16, 24, 9], [1, 23, 22, 13, 17, 18, 5, 29], [11, 7, 26, 4, 14, 31, 16, 28], [17, 14, 9, 25, 16, 1, 31, 24], [22, 27, 3, 17, 23, 29, 13, 10], [1, 2, 25, 22, 12, 4, 11, 29], [4, 14, 13, 15, 28, 3, 27, 12], [8, 18, 26, 15, 4, 7, 10, 11], [13, 23, 27, 14, 29, 25, 18, 15], [27, 13, 9, 14, 1, 30, 15, 4], [3, 21, 9, 26, 11, 31, 17, 30], [20, 3, 28, 23, 6, 8, 14, 12], [10, 31, 22, 24, 11, 15, 16, 19], [26, 21, 29, 25, 6, 13, 9, 5], [2, 17, 4, 19, 31, 18, 14, 25], [11, 5, 26, 22, 3, 8, 31, 9], [20, 28, 7, 9, 30, 6, 22, 15], [0, 15, 20, 25, 11, 16, 22, 23], [3, 26, 5, 12, 22, 24, 4, 18], [30, 3, 29, 20, 23, 11, 18, 24], [10, 1, 15, 17, 24, 8, 16, 9], [16, 27, 14, 4, 26, 31, 5, 6], [4, 1, 3, 12, 25, 17, 30, 8], [17, 20, 9, 26, 6, 18, 29, 0], [18, 2, 5, 15, 11, 16, 29, 8], [10, 4, 26, 2, 0, 6, 30, 12], [14, 5, 30, 15, 28, 2, 9, 20], [21, 13, 18, 14, 31, 5, 11, 6], [3, 13, 16, 26, 2, 24, 28, 17], [25, 10, 12, 31, 8, 9, 19, 2], [4, 12, 16, 27, 11, 31, 15, 21], [5, 3, 25, 21, 24, 9, 2, 16], [16, 15, 23, 6, 3, 13, 27, 1], [20, 9, 2, 15, 27, 7, 10, 21], [6, 20, 31, 24, 11, 18, 27, 23], [19, 5, 6, 14, 25, 30, 1, 24], [28, 2, 5, 19, 13, 4, 29, 12], [26, 2, 12, 1, 25, 5, 17, 20], [0, 6, 15, 21, 4, 5, 9, 24], [7, 30, 10, 19, 26, 2, 13, 4], [7, 13, 20, 4, 17, 28, 27, 22], [29, 3, 4, 17, 1, 13, 20, 25], [3, 17, 28, 16, 15, 31, 11, 6], [15, 12, 18, 14, 13, 26, 17, 0], [13, 25, 29, 3, 17, 30, 9, 0], [21, 23, 20, 19, 7, 16, 31, 13], [29, 6, 10, 20, 23, 22, 25, 16], [11, 22, 27, 23, 20, 7, 12, 24], [21, 12, 3, 23, 20, 26, 16, 8], [23, 20, 1, 12, 25, 30, 28, 10], [25, 20, 22, 9, 15, 17, 8, 10], [21, 4, 25, 7, 16, 20, 28, 1], [7, 11, 5, 19, 25, 4, 12, 3], [4, 8, 26, 15, 0, 18, 28, 5], [6, 24, 21, 0, 20, 13, 19, 10], [23, 16, 24, 17, 19, 29, 9, 28], [1, 13, 5, 9, 14, 3, 20, 18], [10, 2, 17, 31, 14, 30, 23, 6], [24, 23, 30, 16, 15, 0, 10, 31], [22, 13, 25, 19, 8, 3, 27, 20], [17, 24, 21, 8, 13, 0, 3, 10], [6, 17, 20, 2, 22, 29, 16, 4], [3, 5, 11, 30, 23, 22, 2, 9], [13, 3, 12, 6, 5, 9, 0, 29], [25, 1, 30, 22, 21, 9, 28, 16], [4, 0, 2, 24, 13, 28, 30, 20], [27, 0, 20, 31, 26, 6, 28, 14], [0, 18, 3, 24, 25, 17, 15, 28], [8, 11, 16, 9, 20, 6, 0, 30], [13, 22, 10, 28, 31, 14, 27, 8], [10, 23, 16, 29, 5, 14, 12, 11], [9, 3, 18, 6, 19, 30, 31, 7], [12, 27, 5, 26, 0, 9, 24, 3], [12, 19, 31, 4, 3, 5, 28, 14], [4, 8, 25, 20, 0, 23, 17, 11], [15, 17, 12, 0, 2, 23, 31, 28], [11, 16, 1, 13, 14, 15, 8, 0], [6, 14, 4, 11, 24, 9, 3, 23], [15, 25, 2, 16, 26, 7, 19, 5], [31, 6, 30, 18, 23, 27, 16, 0], [12, 30, 14, 23, 28, 18, 4, 8], [18, 26, 14, 2, 6, 17, 7, 22], [3, 9, 7, 28, 6, 24, 8, 30], [22, 30, 24, 19, 2, 10, 0, 6], [5, 16, 1, 13, 9, 3, 14, 20]]",8,0.7108935713768005,128,random,0.0,11264,4.0,124,0.778923511505127,71,56 24 64 16,2807,0.6961360573768616,test,top_r_mean,0.0,0.0,0.0,0.5
0.013797563867629621,1.0,290,1.0,31,0.0521000474691391,qasper,0.05333333333333334,0.5,0.02666666666666667,0.0,1912.13337:e97186c51d4af490dba6faaf833d269c8256426c,mean,1.0,0.0,,0,0.0,128,full_k,1.0,148431,4.0,124,0.0,0,0 136 144 8,9277,1.0,test,top_r_mean,1.0,1.0,1.0,1.0
0.013797563867629621,1.0,290,1.0,31,13.113500084728003,qasper,0.05333333333333334,0.5,0.02666666666666667,0.0,1912.13337:e97186c51d4af490dba6faaf833d269c8256426c,mean,0.6200930676530247,0.06942953914403915,,1,1.2175614833831787,128,mean,1.0,4640,4.0,124,1.2556153535842896,0,72 0 136 192,9277,0.7949963808059692,test,top_r_mean,0.0,0.5,0.5,0.625
0.013797563867629621,1.0,290,1.0,31,205.53170004859567,qasper,0.05333333333333334,0.25,0.013333333333333334,0.0,1912.13337:e97186c51d4af490dba6faaf833d269c8256426c,mean,0.291683569979716,0.22365596890449524,"[[24], [24], [24], [24], [24], [24], [24], [24], [24], [24], [24], [24], [24], [24], [24], [24], [24], [24], [24], [24], [24], [24], [24], [24], [24], [24], [24], [24], [24], [24], [24], [24], [24], [24], [24], [24], [24], [24], [24], [24], [24], [24], [24], [24], [24], [24], [24], [24], [24], [24], [24], [24], [24], [24], [24], [24], [24], [24], [24], [24], [24], [24], [24], [24], [24], [24], [24], [24], [24], [24], [24], [24], [24], [24], [24], [24], [24], [24], [24], [24], [24], [24], [24], [24], [24], [24], [24], [24], [24], [24], [24], [24], [24], [24], [24], [24], [24], [24], [24], [24], [24], [24], [24], [24], [24], [24], [24], [24], [24], [24], [24], [24], [24], [24], [24], [24], [24], [24], [24], [24], [24], [24], [24], [24], [24], [24], [24], [24], [24], [24], [24], [24], [24], [24], [24], [24], [24], [24], [24], [24], [24], [24], [24], [24], [24], [24], [24], [24], [24], [24], [24], [24], [24], [24], [24], [24], [24], [24], [24], [24], [24], [24], [24], [24], [24], [24], [24], [24], [24], [24], [24], [24], [24], [24], [24], [24], [24], [24], [24], [24], [24], [24], [24], [24], [24], [24], [24], [24], [24], [24], [24], [24], [24], [24], [24], [24], [24], [24], [24], [24], [24], [24], [24], [24], [24], [24], [24], [24], [24], [24], [24], [24], [24], [24], [24], [24], [24], [24], [24], [24], [24], [24], [24], [24], [24], [24], [24], [24], [24], [24], [24], [24], [24], [24], [24], [24], [24], [24], [24], [24], [24], [24], [24], [24], [24], [24], [24], [24], [24], [24], [24], [24], [24], [24], [24], [24], [24], [24], [24], [24], [24], [24], [24], [24], [24], [24], [24], [24], [24], [24], [24], [24], [24], [24], [24], [24], [24], [24], [24], [24], [24], [24], [24], [24], [24], [24], [24], [24], [24], [21]]",1,1.245402216911316,128,last,0.5,4640,4.0,124,1.4241372346878052,0,128 60 145 222,9277,0.4229092299938202,test,top_r_mean,0.0,0.0,0.0,0.125
0.013797563867629621,1.0,290,1.0,31,193.552500102669,qasper,0.05333333333333334,0.25,0.013333333333333334,0.0,1912.13337:e97186c51d4af490dba6faaf833d269c8256426c,mean,0.42269418923756114,0.10999245941638947,"[[11], [5], [10], [15], [27], [26], [10], [10], [18], [3], [27], [30], [27], [22], [12], [23], [3], [4], [30], [16], [13], [17], [3], [12], [10], [5], [27], [2], [16], [8], [22], [19], [22], [26], [30], [22], [2], [5], [7], [15], [21], [8], [12], [12], [10], [8], [22], [26], [13], [10], [30], [20], [19], [8], [9], [30], [19], [4], [31], [2], [22], [6], [18], [10], [30], [19], [13], [3], [7], [24], [20], [28], [9], [26], [10], [6], [26], [22], [16], [17], [19], [4], [31], [22], [16], [5], [1], [18], [23], [11], [11], [11], [10], [27], [13], [5], [23], [24], [5], [14], [2], [19], [17], [16], [20], [17], [10], [19], [29], [24], [31], [26], [11], [19], [19], [25], [28], [3], [30], [12], [21], [21], [6], [3], [20], [17], [17], [0], [11], [21], [26], [3], [11], [19], [2], [20], [3], [23], [4], [8], [4], [6], [9], [0], [26], [14], [12], [20], [14], [13], [1], [7], [3], [15], [8], [25], [18], [15], [8], [18], [14], [25], [8], [16], [29], [14], [29], [4], [13], [27], [4], [0], [2], [4], [20], [12], [5], [24], [10], [21], [28], [29], [7], [4], [18], [28], [16], [1], [12], [13], [12], [29], [20], [17], [19], [15], [21], [11], [13], [25], [7], [3], [3], [28], [15], [7], [30], [2], [13], [11], [15], [26], [19], [28], [8], [26], [25], [24], [15], [2], [26], [3], [11], [15], [18], [5], [2], [3], [14], [22], [23], [30], [21], [19], [27], [27], [11], [16], [19], [29], [19], [11], [31], [10], [17], [30], [21], [21], [22], [27], [5], [21], [19], [15], [12], [15], [5], [30], [30], [19], [11], [24], [7], [7], [10], [26], [23], [14], [31], [11], [31], [0], [23], [3], [22], [9], [22], [29], [10], [21], [21], [17], [23], [20], [2], [30], [0], [14], [8], [4]]",1,0.8404656052589417,128,farthest,1.0,4640,4.0,124,0.9336393475532532,0,44 128 193 107,9277,0.5775968432426453,test,top_r_mean,0.0,0.0,0.0,0.25
0.013797563867629621,1.0,290,1.0,31,180.61439995653927,qasper,0.05333333333333334,0.5,0.02666666666666667,0.0,1912.13337:e97186c51d4af490dba6faaf833d269c8256426c,mean,0.6435270254146284,0.08525253087282181,"[[5], [10], [7], [19], [15], [6], [25], [31], [16], [10], [15], [2], [11], [29], [5], [2], [14], [29], [22], [10], [15], [0], [21], [14], [6], [15], [30], [2], [6], [24], [21], [17], [22], [10], [12], [9], [26], [26], [30], [0], [31], [2], [8], [2], [9], [2], [1], [29], [4], [14], [0], [23], [30], [16], [16], [15], [15], [11], [14], [27], [18], [2], [4], [23], [13], [11], [14], [17], [4], [24], [25], [16], [4], [16], [27], [26], [1], [11], [28], [15], [3], [14], [25], [31], [15], [26], [3], [5], [2], [23], [16], [2], [25], [13], [6], [23], [15], [15], [18], [0], [8], [27], [16], [31], [1], [7], [23], [17], [26], [8], [8], [11], [4], [3], [12], [18], [14], [17], [3], [11], [15], [12], [28], [9], [6], [15], [1], [6], [24], [28], [31], [1], [23], [3], [14], [31], [4], [15], [14], [20], [16], [13], [28], [22], [15], [25], [19], [2], [10], [31], [1], [29], [7], [31], [0], [18], [24], [5], [24], [0], [13], [21], [17], [27], [8], [0], [2], [0], [28], [16], [19], [1], [31], [4], [9], [21], [2], [15], [10], [2], [3], [5], [4], [11], [13], [18], [25], [1], [8], [9], [5], [5], [18], [13], [13], [5], [5], [12], [2], [13], [12], [20], [30], [4], [30], [27], [5], [25], [19], [28], [1], [13], [5], [10], [19], [16], [1], [21], [15], [18], [11], [16], [23], [26], [3], [4], [2], [21], [13], [6], [13], [11], [5], [30], [14], [8], [3], [1], [15], [12], [6], [25], [22], [4], [7], [27], [11], [26], [20], [9], [15], [19], [0], [3], [5], [13], [1], [12], [10], [14], [15], [9], [0], [23], [8], [22], [21], [9], [22], [29], [12], [10], [13], [23], [7], [3], [2], [8], [9], [7], [9], [29], [25], [0], [22], [4], [18], [16], [3], [28]]",1,0.36869919300079346,128,greedy_oracle,0.5,4640,4.0,124,0.4868038594722748,0,90 8 0 209,9277,0.8320192098617554,test,top_r_mean,0.0,0.0,0.5,0.375
0.013797563867629621,1.0,290,1.0,31,194.01019997894764,qasper,0.05333333333333334,0.5,0.02666666666666667,0.0,1912.13337:e97186c51d4af490dba6faaf833d269c8256426c,mean,0.23589070516644792,0.21607452630996704,"[[21], [23], [23], [10], [27], [27], [3], [20], [3], [29], [10], [8], [27], [1], [2], [23], [4], [2], [9], [26], [11], [20], [25], [14], [30], [17], [10], [25], [22], [28], [20], [26], [22], [13], [4], [31], [30], [21], [9], [15], [22], [28], [0], [27], [25], [7], [21], [26], [2], [4], [5], [22], [10], [22], [5], [5], [12], [5], [3], [7], [20], [16], [10], [18], [22], [17], [18], [11], [30], [28], [6], [26], [1], [21], [19], [3], [18], [15], [8], [15], [15], [21], [31], [18], [30], [15], [13], [12], [2], [5], [10], [2], [9], [21], [31], [30], [14], [9], [3], [16], [1], [16], [20], [19], [1], [6], [23], [10], [25], [0], [21], [30], [28], [19], [22], [9], [19], [16], [30], [14], [14], [3], [14], [19], [15], [4], [21], [31], [9], [29], [27], [23], [21], [22], [3], [10], [14], [27], [5], [14], [25], [19], [17], [10], [12], [21], [15], [28], [27], [26], [28], [5], [1], [7], [20], [22], [15], [19], [3], [23], [9], [10], [0], [15], [31], [0], [12], [6], [23], [17], [24], [11], [20], [25], [26], [9], [16], [29], [22], [24], [17], [5], [18], [13], [22], [1], [27], [8], [30], [31], [3], [1], [22], [25], [24], [13], [19], [22], [8], [8], [22], [3], [16], [21], [27], [14], [26], [4], [7], [26], [24], [12], [11], [14], [30], [14], [3], [23], [11], [0], [9], [19], [24], [27], [31], [28], [0], [30], [29], [31], [5], [28], [28], [23], [10], [24], [27], [9], [24], [27], [28], [30], [7], [12], [18], [17], [30], [28], [4], [15], [8], [22], [17], [17], [8], [26], [30], [1], [18], [5], [23], [31], [28], [11], [2], [1], [2], [17], [15], [16], [20], [25], [4], [19], [27], [20], [23], [15], [3], [27], [1], [29], [13], [8], [11], [12], [12], [26], [16], [3]]",1,1.2319976091384888,128,random,0.3333333333333333,4640,4.0,124,1.4003108739852905,11,88 104 20 27,9277,0.34022048115730286,test,top_r_mean,0.0,0.0,0.0,0.0
0.013797563867629621,1.0,290,1.0,31,195.98959991708398,qasper,0.05333333333333334,0.25,0.013333333333333334,0.0,1912.13337:e97186c51d4af490dba6faaf833d269c8256426c,mean,0.2558405918148192,0.48946771025657654,"[[24], [29], [7], [27], [7], [30], [31], [11], [21], [15], [5], [9], [28], [23], [14], [3], [24], [14], [16], [13], [31], [5], [1], [25], [26], [15], [21], [23], [2], [19], [11], [7], [0], [8], [0], [2], [3], [9], [14], [27], [8], [25], [1], [25], [5], [8], [28], [2], [24], [30], [16], [21], [12], [17], [25], [31], [14], [14], [22], [8], [8], [20], [8], [3], [28], [23], [31], [23], [14], [29], [13], [31], [10], [29], [16], [15], [23], [3], [24], [30], [21], [24], [11], [13], [31], [8], [5], [16], [26], [0], [29], [16], [20], [26], [17], [13], [2], [21], [14], [24], [7], [16], [28], [26], [21], [5], [0], [10], [10], [26], [15], [24], [15], [23], [10], [13], [12], [20], [16], [3], [12], [4], [15], [8], [25], [0], [21], [20], [13], [7], [5], [5], [13], [6], [25], [25], [31], [22], [31], [25], [26], [24], [18], [27], [23], [31], [10], [31], [13], [9], [26], [29], [15], [18], [2], [21], [30], [28], [3], [12], [2], [13], [3], [29], [1], [9], [6], [24], [24], [11], [17], [24], [5], [0], [21], [9], [12], [12], [30], [1], [30], [10], [8], [23], [24], [14], [26], [20], [25], [6], [19], [20], [15], [18], [23], [7], [7], [4], [9], [23], [26], [0], [26], [18], [26], [19], [7], [15], [27], [5], [25], [5], [4], [20], [31], [31], [10], [12], [5], [24], [27], [2], [17], [6], [8], [23], [27], [25], [29], [1], [22], [26], [28], [5], [25], [22], [9], [9], [8], [9], [24], [28], [18], [25], [2], [26], [24], [31], [27], [9], [2], [15], [13], [16], [4], [10], [19], [6], [20], [18], [26], [16], [19], [9], [12], [22], [2], [22], [1], [4], [21], [28], [1], [14], [7], [29], [7], [21], [7], [8], [17], [6], [6], [4], [15], [11], [29], [3], [29], [15]]",1,1.2634323835372925,128,random,1.0,4640,4.0,124,1.4309947490692139,23,32 274 254 249,9277,0.3634354770183563,test,top_r_mean,0.0,0.0,0.0,0.25
0.013797563867629621,1.0,290,1.0,31,189.4715998787433,qasper,0.05333333333333334,0.25,0.013333333333333334,0.0,1912.13337:e97186c51d4af490dba6faaf833d269c8256426c,mean,0.18377281947261664,0.2325820028781891,"[[10], [16], [5], [4], [20], [15], [10], [6], [19], [5], [3], [10], [8], [22], [15], [18], [27], [29], [23], [18], [4], [6], [5], [25], [16], [9], [10], [20], [4], [5], [9], [2], [27], [21], [24], [22], [12], [29], [26], [21], [1], [10], [22], [8], [15], [6], [6], [31], [8], [9], [19], [25], [0], [23], [13], [27], [10], [22], [17], [22], [17], [14], [14], [4], [17], [3], [16], [29], [0], [20], [3], [10], [28], [1], [7], [10], [0], [13], [19], [0], [1], [18], [5], [18], [13], [21], [16], [21], [28], [29], [19], [19], [28], [17], [0], [19], [7], [14], [29], [30], [7], [27], [23], [27], [28], [17], [28], [13], [14], [3], [25], [29], [2], [4], [27], [15], [30], [8], [29], [21], [16], [15], [31], [2], [4], [14], [23], [26], [18], [11], [8], [17], [14], [3], [30], [21], [5], [7], [1], [30], [31], [7], [23], [8], [10], [25], [8], [16], [23], [23], [7], [18], [20], [23], [18], [7], [29], [12], [24], [2], [25], [11], [1], [8], [5], [14], [13], [28], [3], [10], [23], [12], [10], [14], [5], [23], [16], [1], [6], [31], [11], [11], [29], [7], [29], [10], [13], [14], [4], [2], [23], [25], [1], [8], [10], [21], [8], [19], [12], [17], [31], [18], [11], [19], [11], [6], [1], [24], [3], [9], [15], [0], [16], [24], [1], [14], [30], [24], [8], [15], [5], [23], [27], [21], [4], [31], [15], [24], [2], [11], [27], [6], [25], [24], [29], [1], [20], [19], [3], [0], [27], [20], [8], [19], [20], [21], [26], [19], [24], [8], [15], [9], [29], [13], [4], [24], [1], [12], [1], [10], [0], [4], [27], [15], [15], [2], [26], [18], [11], [4], [4], [30], [6], [12], [12], [30], [13], [16], [10], [27], [25], [15], [17], [10], [12], [15], [8], [21], [5], [9]]",1,1.2567106485366821,128,random,0.25,4640,4.0,124,1.4284731149673462,37,254 145 101 43,9277,0.27218735218048096,test,top_r_mean,0.0,0.0,0.0,0.0
0.013797563867629621,0.0,290,0.0,31,186.8326999247074,qasper,0.05333333333333334,0.0,0.0,0.0,1912.13337:e97186c51d4af490dba6faaf833d269c8256426c,mean,0.23064073499582388,0.5119736790657043,"[[31], [10], [27], [27], [7], [12], [31], [17], [6], [22], [7], [27], [25], [18], [15], [0], [9], [10], [24], [3], [13], [19], [23], [6], [12], [14], [28], [0], [25], [30], [20], [21], [27], [15], [17], [6], [23], [1], [1], [10], [7], [27], [14], [20], [2], [2], [3], [17], [1], [9], [30], [3], [15], [5], [16], [6], [8], [5], [10], [5], [27], [24], [26], [13], [16], [22], [29], [12], [14], [28], [2], [13], [22], [16], [29], [26], [16], [0], [4], [21], [10], [10], [20], [19], [4], [16], [29], [3], [1], [23], [1], [31], [22], [4], [16], [7], [28], [15], [19], [11], [1], [15], [21], [10], [12], [17], [2], [25], [20], [15], [26], [12], [0], [6], [9], [23], [7], [17], [31], [10], [19], [16], [24], [15], [9], [20], [21], [9], [21], [10], [4], [15], [29], [17], [10], [18], [16], [21], [30], [30], [14], [16], [4], [10], [7], [30], [19], [21], [13], [18], [6], [4], [5], [29], [13], [18], [31], [3], [11], [8], [9], [14], [9], [25], [0], [6], [6], [22], [4], [21], [31], [12], [10], [3], [5], [9], [5], [30], [0], [27], [22], [10], [28], [13], [3], [19], [25], [4], [28], [30], [10], [22], [8], [17], [23], [17], [22], [14], [1], [14], [17], [13], [0], [30], [25], [31], [4], [23], [20], [4], [8], [31], [21], [3], [14], [24], [20], [30], [3], [21], [17], [0], [0], [0], [25], [13], [29], [3], [13], [9], [25], [28], [6], [22], [15], [24], [3], [24], [9], [20], [27], [28], [3], [14], [30], [29], [26], [3], [2], [21], [0], [10], [21], [20], [21], [27], [13], [15], [4], [27], [10], [0], [0], [3], [18], [29], [13], [17], [6], [15], [28], [6], [2], [25], [28], [4], [1], [28], [21], [28], [1], [11], [0], [21], [7], [22], [28], [16], [23], [10]]",1,1.2347689867019653,128,random,0.0,4640,4.0,124,1.4221302270889282,53,112 186 117 75,9277,0.3355909287929535,test,top_r_mean,0.0,0.0,0.0,0.0
0.013797563867629621,0.0,290,0.0,31,183.30899998545647,qasper,0.05333333333333334,0.0,0.0,0.0,1912.13337:e97186c51d4af490dba6faaf833d269c8256426c,mean,0.2332657200811359,0.24095556139945984,"[[21], [20], [21], [13], [12], [29], [21], [30], [31], [24], [2], [30], [0], [5], [4], [16], [18], [28], [13], [27], [31], [18], [16], [17], [13], [10], [14], [21], [11], [12], [19], [15], [13], [18], [30], [17], [18], [1], [1], [18], [11], [17], [23], [29], [3], [3], [11], [18], [18], [28], [28], [16], [29], [25], [5], [22], [5], [2], [4], [7], [7], [17], [23], [4], [28], [23], [30], [7], [17], [10], [31], [13], [17], [5], [19], [7], [2], [7], [24], [31], [6], [2], [16], [5], [27], [23], [0], [17], [15], [15], [13], [5], [6], [24], [3], [17], [9], [3], [28], [25], [12], [3], [20], [14], [20], [0], [29], [5], [7], [19], [23], [19], [24], [27], [27], [2], [3], [26], [29], [19], [30], [6], [26], [1], [1], [15], [22], [28], [5], [9], [8], [18], [21], [0], [11], [11], [11], [31], [28], [19], [15], [11], [23], [15], [10], [27], [14], [8], [14], [0], [9], [14], [19], [7], [2], [14], [3], [1], [31], [20], [15], [17], [26], [28], [20], [1], [20], [31], [24], [10], [14], [28], [27], [16], [17], [8], [18], [25], [17], [19], [0], [9], [19], [27], [12], [14], [6], [9], [16], [5], [10], [9], [9], [30], [27], [4], [28], [31], [16], [28], [15], [24], [5], [14], [13], [7], [24], [8], [27], [28], [16], [30], [5], [11], [6], [27], [9], [10], [9], [26], [8], [9], [20], [8], [21], [26], [30], [31], [29], [12], [22], [6], [26], [14], [11], [29], [28], [24], [15], [24], [3], [14], [20], [28], [19], [13], [23], [5], [4], [13], [7], [26], [20], [27], [2], [4], [11], [16], [4], [20], [21], [0], [10], [17], [7], [2], [0], [12], [27], [14], [12], [27], [7], [23], [7], [11], [14], [23], [31], [30], [17], [0], [13], [2], [11], [27], [27], [20], [3], [14]]",1,1.272432565689087,128,random,0.0,4640,4.0,124,1.4449275732040405,71,209 274 288 136,9277,0.3372780978679657,test,top_r_mean,0.0,0.0,0.25,0.25
0.013797563867629621,1.0,290,1.0,31,190.7867998816073,qasper,0.05333333333333334,0.5,0.02666666666666667,0.0,1912.13337:e97186c51d4af490dba6faaf833d269c8256426c,mean,0.32719245913375494,0.19360622763633728,"[[24, 25], [24, 25], [24, 25], [24, 25], [24, 25], [24, 25], [24, 25], [24, 25], [24, 25], [24, 25], [24, 25], [24, 25], [24, 25], [24, 25], [24, 25], [24, 25], [24, 25], [24, 25], [24, 25], [24, 25], [24, 25], [24, 25], [24, 25], [24, 25], [24, 25], [24, 25], [24, 25], [24, 25], [24, 25], [24, 25], [24, 25], [24, 25], [24, 25], [24, 25], [24, 25], [24, 25], [24, 25], [24, 25], [24, 25], [24, 25], [24, 25], [24, 25], [24, 25], [24, 25], [24, 25], [24, 25], [24, 25], [24, 25], [24, 25], [24, 25], [24, 25], [24, 25], [24, 25], [24, 25], [24, 25], [24, 25], [24, 25], [24, 25], [24, 25], [24, 25], [24, 25], [24, 25], [24, 25], [24, 25], [24, 25], [24, 25], [24, 25], [24, 25], [24, 25], [24, 25], [24, 25], [24, 25], [24, 25], [24, 25], [24, 25], [24, 25], [24, 25], [24, 25], [24, 25], [24, 25], [24, 25], [24, 25], [24, 25], [24, 25], [24, 25], [24, 25], [24, 25], [24, 25], [24, 25], [24, 25], [24, 25], [24, 25], [24, 25], [24, 25], [24, 25], [24, 25], [24, 25], [24, 25], [24, 25], [24, 25], [24, 25], [24, 25], [24, 25], [24, 25], [24, 25], [24, 25], [24, 25], [24, 25], [24, 25], [24, 25], [24, 25], [24, 25], [24, 25], [24, 25], [24, 25], [24, 25], [24, 25], [24, 25], [24, 25], [24, 25], [24, 25], [24, 25], [24, 25], [24, 25], [24, 25], [24, 25], [24, 25], [24, 25], [24, 25], [24, 25], [24, 25], [24, 25], [24, 25], [24, 25], [24, 25], [24, 25], [24, 25], [24, 25], [24, 25], [24, 25], [24, 25], [24, 25], [24, 25], [24, 25], [24, 25], [24, 25], [24, 25], [24, 25], [24, 25], [24, 25], [24, 25], [24, 25], [24, 25], [24, 25], [24, 25], [24, 25], [24, 25], [24, 25], [24, 25], [24, 25], [24, 25], [24, 25], [24, 25], [24, 25], [24, 25], [24, 25], [24, 25], [24, 25], [24, 25], [24, 25], [24, 25], [24, 25], [24, 25], [24, 25], [24, 25], [24, 25], [24, 25], [24, 25], [24, 25], [24, 25], [24, 25], [24, 25], [24, 25], [24, 25], [24, 25], [24, 25], [24, 25], [24, 25], [24, 25], [24, 25], [24, 25], [24, 25], [24, 25], [24, 25], [24, 25], [24, 25], [24, 25], [24, 25], [24, 25], [24, 25], [24, 25], [24, 25], [24, 25], [24, 25], [24, 25], [24, 25], [24, 25], [24, 25], [24, 25], [24, 25], [24, 25], [24, 25], [24, 25], [24, 25], [24, 25], [24, 25], [24, 25], [24, 25], [24, 25], [24, 25], [24, 25], [24, 25], [24, 25], [24, 25], [24, 25], [24, 25], [24, 25], [24, 25], [24, 25], [24, 25], [24, 25], [24, 25], [24, 25], [24, 25], [24, 25], [24, 25], [24, 25], [24, 25], [24, 25], [24, 25], [24, 25], [24, 25], [24, 25], [24, 25], [24, 25], [24, 25], [24, 25], [24, 25], [24, 25], [24, 25], [24, 25], [24, 25], [24, 25], [24, 25], [24, 25], [24, 25], [24, 25], [24, 25], [24, 25], [24, 25], [24, 25], [24, 25], [24, 25], [24, 25], [24, 25], [24, 25], [24, 25], [24, 25], [24, 25], [24, 25], [24, 25], [24, 25], [24, 25], [24, 25], [24, 25], [24, 25], [24, 25], [24, 25], [24, 25], [24, 25], [24, 25], [24, 25], [24, 25], [24, 25], [24, 25], [24, 25], [24, 25], [24, 25], [24, 25], [21, 22]]",2,1.2470123767852783,128,last,0.3333333333333333,9280,4.0,124,1.395444631576538,0,145 222 26 27,9277,0.47214919328689575,test,top_r_mean,0.0,0.0,0.0,0.0
0.013797563867629621,1.0,290,1.0,31,193.6651999130845,qasper,0.05333333333333334,0.25,0.013333333333333334,0.0,1912.13337:e97186c51d4af490dba6faaf833d269c8256426c,mean,0.4403054528099272,0.5053188800811768,"[[11, 0], [5, 14], [10, 2], [15, 2], [27, 31], [26, 0], [10, 20], [10, 24], [18, 0], [3, 25], [27, 3], [30, 12], [27, 1], [22, 14], [12, 24], [23, 31], [3, 0], [4, 16], [30, 4], [16, 31], [13, 5], [17, 7], [3, 1], [12, 30], [10, 0], [5, 30], [27, 0], [2, 10], [16, 8], [8, 1], [22, 11], [19, 29], [22, 0], [26, 17], [30, 1], [22, 3], [2, 5], [5, 20], [7, 11], [15, 25], [21, 0], [8, 13], [12, 29], [12, 23], [10, 0], [8, 29], [22, 12], [26, 0], [13, 0], [10, 6], [30, 19], [20, 8], [19, 6], [8, 14], [9, 12], [30, 16], [19, 0], [4, 22], [31, 10], [2, 4], [22, 7], [6, 24], [18, 11], [10, 26], [30, 0], [19, 29], [13, 17], [3, 8], [7, 2], [24, 3], [20, 9], [28, 18], [9, 0], [26, 4], [10, 0], [6, 1], [26, 10], [22, 18], [16, 4], [17, 25], [19, 0], [4, 0], [31, 11], [22, 6], [16, 22], [5, 12], [1, 9], [18, 2], [23, 0], [11, 26], [11, 28], [11, 3], [10, 13], [27, 4], [13, 20], [5, 11], [23, 0], [24, 6], [5, 16], [14, 22], [2, 9], [19, 13], [17, 0], [16, 6], [20, 0], [17, 3], [10, 22], [19, 1], [29, 16], [24, 21], [31, 9], [26, 23], [11, 0], [19, 27], [19, 1], [25, 14], [28, 17], [3, 18], [30, 11], [12, 21], [21, 0], [21, 28], [6, 19], [3, 12], [20, 19], [17, 22], [17, 4], [0, 16], [11, 0], [21, 14], [26, 10], [3, 9], [11, 4], [19, 27], [2, 10], [20, 1], [3, 0], [23, 20], [4, 30], [8, 5], [4, 26], [6, 22], [9, 0], [0, 17], [26, 0], [14, 8], [12, 3], [20, 24], [14, 0], [13, 5], [1, 15], [7, 19], [3, 0], [15, 14], [8, 17], [25, 16], [18, 25], [15, 30], [8, 15], [18, 30], [14, 0], [25, 1], [8, 12], [16, 19], [29, 21], [14, 19], [29, 15], [4, 8], [13, 0], [27, 22], [4, 22], [0, 21], [2, 24], [4, 9], [20, 28], [12, 21], [5, 0], [24, 5], [10, 29], [21, 0], [28, 8], [29, 15], [7, 10], [4, 28], [18, 0], [28, 21], [16, 10], [1, 29], [12, 17], [13, 20], [12, 16], [29, 8], [20, 0], [17, 29], [19, 4], [15, 28], [21, 29], [11, 29], [13, 0], [25, 2], [7, 0], [3, 6], [3, 23], [28, 22], [15, 30], [7, 15], [30, 13], [2, 27], [13, 0], [11, 6], [15, 3], [26, 4], [19, 1], [28, 8], [8, 11], [26, 0], [25, 0], [24, 30], [15, 11], [2, 15], [26, 5], [3, 31], [11, 2], [15, 0], [18, 0], [5, 13], [2, 7], [3, 15], [14, 4], [22, 18], [23, 27], [30, 2], [21, 0], [19, 12], [27, 4], [27, 21], [11, 29], [16, 7], [19, 28], [29, 24], [19, 0], [11, 21], [31, 20], [10, 18], [17, 13], [30, 4], [21, 17], [21, 20], [22, 0], [27, 22], [5, 12], [21, 10], [19, 10], [15, 20], [12, 31], [15, 25], [5, 0], [30, 25], [30, 18], [19, 6], [11, 13], [24, 1], [7, 5], [7, 13], [10, 0], [26, 0], [23, 15], [14, 27], [31, 20], [11, 8], [31, 7], [0, 31], [23, 0], [3, 12], [22, 7], [9, 25], [22, 24], [29, 31], [10, 7], [21, 5], [21, 0], [17, 13], [23, 13], [20, 30], [2, 31], [30, 19], [0, 24], [14, 27], [8, 0], [4, 27]]",2,1.426971673965454,128,farthest,0.3333333333333333,9280,4.0,124,1.5299971103668213,0,128 136 0 192,9277,0.597167432308197,test,top_r_mean,0.0,0.5,0.5,0.5
0.013797563867629621,1.0,290,1.0,31,189.46189992129803,qasper,0.05333333333333334,0.5,0.02666666666666667,0.0,1912.13337:e97186c51d4af490dba6faaf833d269c8256426c,mean,0.7928648132681064,0.11703614145517349,"[[5, 0], [10, 19], [7, 31], [19, 7], [15, 16], [6, 11], [25, 18], [31, 19], [16, 0], [10, 13], [15, 14], [2, 3], [11, 29], [29, 31], [5, 2], [2, 21], [14, 0], [29, 28], [22, 23], [10, 27], [15, 11], [0, 4], [21, 17], [14, 10], [6, 0], [15, 13], [30, 28], [2, 25], [6, 13], [24, 26], [21, 29], [17, 21], [22, 0], [10, 4], [12, 11], [9, 8], [26, 29], [26, 25], [30, 28], [0, 4], [31, 0], [2, 4], [8, 9], [2, 8], [9, 10], [2, 0], [1, 22], [29, 28], [4, 0], [14, 13], [0, 2], [23, 11], [30, 31], [16, 4], [16, 11], [15, 4], [15, 0], [11, 1], [14, 15], [27, 28], [18, 24], [2, 0], [4, 1], [23, 17], [13, 0], [11, 0], [14, 20], [17, 15], [4, 8], [24, 23], [25, 27], [16, 9], [4, 0], [16, 19], [27, 31], [26, 6], [1, 0], [11, 15], [28, 30], [15, 14], [3, 0], [14, 18], [25, 28], [31, 5], [15, 3], [26, 6], [3, 21], [5, 4], [2, 0], [23, 22], [16, 17], [2, 11], [25, 2], [13, 31], [6, 2], [23, 22], [15, 0], [15, 17], [18, 19], [0, 21], [8, 19], [27, 28], [16, 2], [31, 16], [1, 0], [7, 14], [23, 24], [17, 19], [26, 27], [8, 29], [8, 25], [11, 30], [4, 0], [3, 2], [12, 24], [18, 30], [14, 1], [17, 22], [3, 6], [11, 12], [15, 0], [12, 18], [28, 31], [9, 2], [6, 7], [15, 26], [1, 27], [6, 14], [24, 0], [28, 31], [31, 30], [1, 4], [23, 30], [3, 22], [14, 23], [31, 3], [4, 0], [15, 4], [14, 2], [20, 26], [16, 18], [13, 5], [28, 8], [22, 24], [15, 0], [25, 23], [19, 13], [2, 16], [10, 8], [31, 29], [1, 0], [29, 26], [7, 0], [31, 6], [0, 3], [18, 23], [24, 12], [5, 6], [24, 26], [0, 10], [13, 0], [21, 25], [17, 28], [27, 28], [8, 7], [0, 6], [2, 28], [0, 15], [28, 0], [16, 5], [19, 25], [1, 2], [31, 29], [4, 14], [9, 4], [21, 24], [2, 0], [15, 16], [10, 4], [2, 18], [3, 4], [5, 8], [4, 6], [11, 26], [13, 0], [18, 17], [25, 26], [1, 28], [8, 10], [9, 8], [5, 12], [5, 15], [18, 0], [13, 17], [13, 26], [5, 9], [5, 4], [12, 31], [2, 6], [13, 21], [12, 0], [20, 21], [30, 1], [4, 6], [30, 7], [27, 31], [5, 12], [25, 16], [19, 0], [28, 30], [1, 2], [13, 25], [5, 4], [10, 20], [19, 20], [16, 20], [1, 0], [21, 23], [15, 16], [18, 22], [11, 15], [16, 23], [23, 25], [26, 16], [3, 0], [4, 7], [2, 6], [21, 28], [13, 3], [6, 8], [13, 3], [11, 21], [5, 0], [30, 7], [14, 29], [8, 14], [3, 22], [1, 4], [15, 13], [12, 22], [6, 0], [25, 27], [22, 31], [4, 17], [7, 10], [27, 3], [11, 12], [26, 28], [20, 0], [9, 13], [15, 14], [19, 22], [0, 1], [3, 5], [5, 10], [13, 9], [1, 0], [12, 30], [10, 14], [14, 19], [15, 6], [9, 21], [0, 7], [23, 25], [8, 0], [22, 25], [21, 2], [9, 7], [22, 24], [29, 31], [12, 24], [10, 12], [13, 0], [23, 16], [7, 8], [3, 18], [2, 3], [8, 24], [9, 24], [7, 8], [9, 0], [29, 4], [25, 31], [0, 2], [22, 20], [4, 5], [18, 19], [16, 12], [3, 0], [28, 17]]",2,0.35891371965408325,128,greedy_oracle,1.0,9280,4.0,124,0.38951563835144043,0,8 0 192 240,9277,0.9367110729217529,test,top_r_mean,0.0,0.5,0.5,0.5
0.013797563867629621,1.0,290,1.0,31,187.5845999456942,qasper,0.05333333333333334,0.25,0.013333333333333334,0.0,1912.13337:e97186c51d4af490dba6faaf833d269c8256426c,mean,0.27364276339338983,0.16732017695903778,"[[21, 2], [23, 15], [23, 6], [10, 5], [27, 30], [27, 12], [3, 15], [20, 28], [3, 14], [29, 20], [10, 23], [8, 11], [27, 15], [1, 19], [2, 5], [23, 0], [4, 2], [2, 19], [9, 15], [26, 2], [11, 21], [20, 31], [25, 7], [14, 27], [30, 31], [17, 5], [10, 13], [25, 11], [22, 4], [28, 20], [20, 18], [26, 17], [22, 16], [13, 18], [4, 9], [31, 1], [30, 1], [21, 4], [9, 6], [15, 3], [22, 8], [28, 10], [0, 2], [27, 26], [25, 7], [7, 0], [21, 23], [26, 12], [2, 17], [4, 3], [5, 19], [22, 9], [10, 9], [22, 13], [5, 25], [5, 15], [12, 25], [5, 6], [3, 8], [7, 31], [20, 16], [16, 10], [10, 7], [18, 8], [22, 16], [17, 27], [18, 23], [11, 12], [30, 15], [28, 3], [6, 15], [26, 12], [1, 6], [21, 1], [19, 28], [3, 16], [18, 24], [15, 12], [8, 0], [15, 4], [15, 22], [21, 0], [31, 8], [18, 23], [30, 7], [15, 25], [13, 23], [12, 4], [2, 8], [5, 29], [10, 25], [2, 6], [9, 29], [21, 29], [31, 10], [30, 27], [14, 15], [9, 11], [3, 26], [16, 2], [1, 0], [16, 19], [20, 15], [19, 14], [1, 16], [6, 31], [23, 29], [10, 12], [25, 4], [0, 15], [21, 0], [30, 22], [28, 1], [19, 10], [22, 27], [9, 24], [19, 16], [16, 28], [30, 24], [14, 11], [14, 22], [3, 0], [14, 19], [19, 7], [15, 11], [4, 11], [21, 7], [31, 27], [9, 0], [29, 4], [27, 4], [23, 0], [21, 10], [22, 0], [3, 12], [10, 1], [14, 22], [27, 28], [5, 28], [14, 17], [25, 22], [19, 13], [17, 25], [10, 27], [12, 16], [21, 5], [15, 14], [28, 29], [27, 2], [26, 21], [28, 18], [5, 8], [1, 19], [7, 22], [20, 28], [22, 6], [15, 7], [19, 4], [3, 21], [23, 9], [9, 18], [10, 21], [0, 22], [15, 21], [31, 15], [0, 3], [12, 7], [6, 25], [23, 10], [17, 27], [24, 0], [11, 12], [20, 31], [25, 26], [26, 23], [9, 17], [16, 10], [29, 11], [22, 25], [24, 25], [17, 10], [5, 26], [18, 14], [13, 1], [22, 12], [1, 8], [27, 23], [8, 5], [30, 29], [31, 8], [3, 8], [1, 21], [22, 3], [25, 28], [24, 4], [13, 22], [19, 31], [22, 3], [8, 30], [8, 18], [22, 16], [3, 14], [16, 30], [21, 0], [27, 26], [14, 27], [26, 25], [4, 7], [7, 30], [26, 16], [24, 26], [12, 15], [11, 31], [14, 28], [30, 24], [14, 6], [3, 21], [23, 3], [11, 28], [0, 25], [9, 24], [19, 4], [24, 7], [27, 0], [31, 26], [28, 31], [0, 8], [30, 7], [29, 5], [31, 24], [5, 22], [28, 6], [28, 18], [23, 4], [10, 26], [24, 4], [27, 24], [9, 16], [24, 6], [27, 5], [28, 6], [30, 4], [7, 10], [12, 31], [18, 24], [17, 12], [30, 17], [28, 13], [4, 31], [15, 3], [8, 14], [22, 15], [17, 1], [17, 24], [8, 6], [26, 28], [30, 21], [1, 22], [18, 6], [5, 17], [23, 18], [31, 12], [28, 29], [11, 5], [2, 4], [1, 23], [2, 12], [17, 11], [15, 27], [16, 24], [20, 0], [25, 24], [4, 27], [19, 0], [27, 26], [20, 21], [23, 8], [15, 20], [3, 18], [27, 30], [1, 12], [29, 27], [13, 3], [8, 20], [11, 12], [12, 9], [12, 17], [26, 18], [16, 12], [3, 23]]",2,1.2343461513519287,128,random,0.3333333333333333,9280,4.0,124,1.3386741876602173,11,128 104 31 205,9277,0.39494019746780396,test,top_r_mean,0.0,0.0,0.0,0.125
0.013797563867629621,1.0,290,1.0,31,181.40450003556907,qasper,0.05333333333333334,0.5,0.02666666666666667,0.0,1912.13337:e97186c51d4af490dba6faaf833d269c8256426c,mean,0.33501968738813986,0.19825905561447144,"[[24, 1], [29, 30], [7, 19], [27, 5], [7, 22], [30, 12], [31, 9], [11, 20], [21, 5], [15, 17], [5, 23], [9, 17], [28, 7], [23, 17], [14, 4], [3, 0], [24, 27], [14, 11], [16, 29], [13, 7], [31, 21], [5, 27], [1, 28], [25, 3], [26, 1], [15, 30], [21, 10], [23, 0], [2, 14], [19, 9], [11, 19], [7, 2], [0, 9], [8, 20], [0, 13], [2, 13], [3, 5], [9, 20], [14, 29], [27, 3], [8, 4], [25, 0], [1, 21], [25, 2], [5, 1], [8, 6], [28, 20], [2, 0], [24, 15], [30, 20], [16, 6], [21, 29], [12, 29], [17, 15], [25, 2], [31, 11], [14, 10], [14, 15], [22, 2], [8, 21], [8, 1], [20, 22], [8, 22], [3, 1], [28, 19], [23, 25], [31, 24], [23, 21], [14, 30], [29, 20], [13, 8], [31, 26], [10, 26], [29, 19], [16, 10], [15, 25], [23, 31], [3, 24], [24, 6], [30, 22], [21, 17], [24, 29], [11, 7], [13, 15], [31, 17], [8, 10], [5, 16], [16, 30], [26, 16], [0, 7], [29, 23], [16, 13], [20, 30], [26, 3], [17, 18], [13, 25], [2, 7], [21, 18], [14, 29], [24, 4], [7, 8], [16, 3], [28, 2], [26, 30], [21, 14], [5, 6], [0, 2], [10, 28], [10, 8], [26, 17], [15, 7], [24, 1], [15, 28], [23, 0], [10, 17], [13, 4], [12, 17], [20, 12], [16, 4], [3, 29], [12, 11], [4, 22], [15, 3], [8, 5], [25, 29], [0, 13], [21, 17], [20, 7], [13, 9], [7, 5], [5, 15], [5, 26], [13, 9], [6, 24], [25, 11], [25, 13], [31, 23], [22, 25], [31, 21], [25, 18], [26, 4], [24, 30], [18, 9], [27, 30], [23, 26], [31, 11], [10, 13], [31, 8], [13, 10], [9, 20], [26, 11], [29, 15], [15, 22], [18, 23], [2, 18], [21, 5], [30, 15], [28, 25], [3, 12], [12, 3], [2, 11], [13, 30], [3, 2], [29, 1], [1, 25], [9, 2], [6, 30], [24, 16], [24, 25], [11, 5], [17, 13], [24, 14], [5, 24], [0, 30], [21, 4], [9, 17], [12, 16], [12, 21], [30, 8], [1, 6], [30, 28], [10, 8], [8, 26], [23, 17], [24, 22], [14, 4], [26, 24], [20, 3], [25, 12], [6, 11], [19, 26], [20, 11], [15, 7], [18, 15], [23, 13], [7, 8], [7, 1], [4, 22], [9, 15], [23, 19], [26, 19], [0, 10], [26, 16], [18, 9], [26, 30], [19, 22], [7, 6], [15, 4], [27, 6], [5, 20], [25, 7], [5, 28], [4, 28], [20, 11], [31, 16], [31, 1], [10, 18], [12, 20], [5, 1], [24, 0], [27, 18], [2, 0], [17, 25], [6, 12], [8, 11], [23, 11], [27, 15], [25, 28], [29, 28], [1, 29], [22, 19], [26, 20], [28, 0], [5, 24], [25, 15], [22, 28], [9, 8], [9, 25], [8, 29], [9, 17], [24, 10], [28, 27], [18, 5], [25, 2], [2, 20], [26, 3], [24, 14], [31, 26], [27, 16], [9, 27], [2, 27], [15, 29], [13, 7], [16, 13], [4, 14], [10, 19], [19, 31], [6, 25], [20, 23], [18, 17], [26, 15], [16, 6], [19, 13], [9, 26], [12, 27], [22, 29], [2, 30], [22, 6], [1, 23], [4, 20], [21, 4], [28, 24], [1, 31], [14, 18], [7, 27], [29, 1], [7, 19], [21, 13], [7, 1], [8, 11], [17, 0], [6, 29], [6, 2], [4, 3], [15, 29], [11, 15], [29, 14], [3, 10], [29, 2], [15, 6]]",2,1.21536386013031,128,random,0.3333333333333333,9280,4.0,124,1.3280251026153564,23,280 232 32 72,9277,0.470268189907074,test,top_r_mean,0.0,0.0,0.0,0.25
0.013797563867629621,1.0,290,1.0,31,191.3664999883622,qasper,0.05333333333333334,0.25,0.013333333333333334,0.0,1912.13337:e97186c51d4af490dba6faaf833d269c8256426c,mean,0.28428588473929123,0.18587201833724976,"[[10, 11], [16, 22], [5, 23], [4, 16], [20, 19], [15, 9], [10, 11], [6, 16], [19, 29], [5, 28], [3, 14], [10, 0], [8, 23], [22, 4], [15, 19], [18, 9], [27, 21], [29, 19], [23, 25], [18, 1], [4, 20], [6, 28], [5, 6], [25, 27], [16, 17], [9, 26], [10, 3], [20, 22], [4, 29], [5, 13], [9, 4], [2, 22], [27, 20], [21, 29], [24, 25], [22, 20], [12, 18], [29, 13], [26, 13], [21, 13], [1, 24], [10, 2], [22, 12], [8, 13], [15, 19], [6, 18], [6, 1], [31, 19], [8, 1], [9, 5], [19, 4], [25, 29], [0, 8], [23, 2], [13, 3], [27, 4], [10, 9], [22, 12], [17, 18], [22, 24], [17, 26], [14, 16], [14, 23], [4, 28], [17, 11], [3, 27], [16, 12], [29, 6], [0, 28], [20, 6], [3, 31], [10, 19], [28, 9], [1, 19], [7, 12], [10, 31], [0, 11], [13, 22], [19, 8], [0, 13], [1, 0], [18, 3], [5, 22], [18, 23], [13, 27], [21, 7], [16, 24], [21, 15], [28, 16], [29, 0], [19, 14], [19, 1], [28, 2], [17, 15], [0, 29], [19, 26], [7, 10], [14, 19], [29, 6], [30, 2], [7, 18], [27, 21], [23, 25], [27, 17], [28, 29], [17, 20], [28, 0], [13, 19], [14, 22], [3, 2], [25, 5], [29, 5], [2, 25], [4, 5], [27, 13], [15, 23], [30, 15], [8, 28], [29, 17], [21, 22], [16, 26], [15, 4], [31, 24], [2, 24], [4, 26], [14, 26], [23, 29], [26, 11], [18, 2], [11, 7], [8, 4], [17, 18], [14, 21], [3, 15], [30, 11], [21, 6], [5, 11], [7, 28], [1, 21], [30, 12], [31, 2], [7, 1], [23, 14], [8, 28], [10, 16], [25, 29], [8, 24], [16, 27], [23, 1], [23, 13], [7, 31], [18, 2], [20, 28], [23, 22], [18, 8], [7, 0], [29, 26], [12, 29], [24, 20], [2, 22], [25, 13], [11, 14], [1, 6], [8, 17], [5, 0], [14, 9], [13, 9], [28, 0], [3, 25], [10, 20], [23, 12], [12, 22], [10, 1], [14, 13], [5, 23], [23, 18], [16, 14], [1, 28], [6, 3], [31, 26], [11, 18], [11, 1], [29, 27], [7, 31], [29, 27], [10, 19], [13, 31], [14, 23], [4, 16], [2, 13], [23, 24], [25, 30], [1, 19], [8, 30], [10, 4], [21, 8], [8, 26], [19, 14], [12, 20], [17, 21], [31, 19], [18, 10], [11, 18], [19, 25], [11, 19], [6, 23], [1, 20], [24, 30], [3, 9], [9, 3], [15, 7], [0, 17], [16, 8], [24, 16], [1, 20], [14, 13], [30, 18], [24, 0], [8, 3], [15, 11], [5, 30], [23, 10], [27, 18], [21, 23], [4, 15], [31, 12], [15, 5], [24, 9], [2, 17], [11, 26], [27, 12], [6, 5], [25, 14], [24, 12], [29, 30], [1, 4], [20, 1], [19, 14], [3, 28], [0, 7], [27, 9], [20, 12], [8, 14], [19, 11], [20, 17], [21, 16], [26, 7], [19, 5], [24, 15], [8, 6], [15, 13], [9, 5], [29, 9], [13, 0], [4, 0], [24, 11], [1, 16], [12, 25], [1, 31], [10, 17], [0, 16], [4, 13], [27, 18], [15, 13], [15, 18], [2, 4], [26, 5], [18, 30], [11, 9], [4, 27], [4, 16], [30, 0], [6, 9], [12, 27], [12, 11], [30, 7], [13, 17], [16, 1], [10, 14], [27, 6], [25, 10], [15, 17], [17, 25], [10, 15], [12, 26], [15, 31], [8, 21], [21, 26], [5, 16], [9, 10]]",2,1.2459712028503418,128,random,0.25,9280,4.0,124,1.3641504049301147,37,80 272 254 0,9277,0.4048556089401245,test,top_r_mean,0.0,0.0,0.25,0.125
0.013797563867629621,1.0,290,1.0,31,196.34520006366074,qasper,0.05333333333333334,0.5,0.02666666666666667,0.0,1912.13337:e97186c51d4af490dba6faaf833d269c8256426c,mean,0.31731296981267154,0.20409630239009857,"[[31, 13], [10, 0], [27, 0], [27, 7], [7, 26], [12, 18], [31, 8], [17, 24], [6, 0], [22, 9], [7, 16], [27, 4], [25, 10], [18, 5], [15, 31], [0, 15], [9, 11], [10, 19], [24, 21], [3, 17], [13, 5], [19, 0], [23, 18], [6, 16], [12, 29], [14, 9], [28, 15], [0, 30], [25, 17], [30, 10], [20, 5], [21, 20], [27, 26], [15, 14], [17, 11], [6, 5], [23, 11], [1, 3], [1, 13], [10, 9], [7, 12], [27, 29], [14, 28], [20, 30], [2, 4], [2, 23], [3, 14], [17, 12], [1, 18], [9, 22], [30, 2], [3, 30], [15, 2], [5, 14], [16, 27], [6, 1], [8, 19], [5, 9], [10, 5], [5, 29], [27, 0], [24, 28], [26, 6], [13, 23], [16, 5], [22, 7], [29, 25], [12, 15], [14, 10], [28, 12], [2, 8], [13, 15], [22, 16], [16, 24], [29, 14], [26, 27], [16, 6], [0, 30], [4, 25], [21, 11], [10, 3], [10, 17], [20, 24], [19, 7], [4, 25], [16, 1], [29, 16], [3, 26], [1, 17], [23, 19], [1, 30], [31, 13], [22, 25], [4, 19], [16, 11], [7, 8], [28, 12], [15, 14], [19, 20], [11, 12], [1, 0], [15, 4], [21, 16], [10, 0], [12, 24], [17, 22], [2, 24], [25, 19], [20, 16], [15, 19], [26, 19], [12, 4], [0, 14], [6, 8], [9, 1], [23, 7], [7, 12], [17, 2], [31, 20], [10, 0], [19, 13], [16, 25], [24, 13], [15, 9], [9, 11], [20, 11], [21, 31], [9, 5], [21, 28], [10, 11], [4, 1], [15, 2], [29, 9], [17, 1], [10, 13], [18, 22], [16, 19], [21, 9], [30, 7], [30, 1], [14, 0], [16, 12], [4, 10], [10, 6], [7, 18], [30, 14], [19, 20], [21, 27], [13, 9], [18, 2], [6, 18], [4, 24], [5, 30], [29, 2], [13, 1], [18, 17], [31, 10], [3, 2], [11, 23], [8, 9], [9, 6], [14, 15], [9, 17], [25, 17], [0, 20], [6, 20], [6, 13], [22, 2], [4, 28], [21, 0], [31, 23], [12, 14], [10, 12], [3, 2], [5, 12], [9, 15], [5, 20], [30, 12], [0, 15], [27, 10], [22, 18], [10, 20], [28, 8], [13, 5], [3, 29], [19, 30], [25, 22], [4, 1], [28, 22], [30, 25], [10, 26], [22, 12], [8, 30], [17, 12], [23, 0], [17, 1], [22, 15], [14, 7], [1, 18], [14, 11], [17, 1], [13, 17], [0, 31], [30, 11], [25, 14], [31, 3], [4, 26], [23, 11], [20, 13], [4, 27], [8, 18], [31, 13], [21, 9], [3, 31], [14, 1], [24, 27], [20, 8], [30, 31], [3, 0], [21, 25], [17, 23], [0, 21], [0, 29], [0, 21], [25, 31], [13, 18], [29, 21], [3, 0], [13, 7], [9, 15], [25, 21], [28, 21], [6, 28], [22, 29], [15, 29], [24, 19], [3, 14], [24, 12], [9, 10], [20, 24], [27, 2], [28, 15], [3, 8], [14, 1], [30, 3], [29, 26], [26, 8], [3, 23], [2, 1], [21, 19], [0, 2], [10, 9], [21, 27], [20, 31], [21, 18], [27, 28], [13, 1], [15, 27], [4, 9], [27, 11], [10, 9], [0, 6], [0, 3], [3, 23], [18, 1], [29, 5], [13, 19], [17, 7], [6, 31], [15, 11], [28, 25], [6, 10], [2, 9], [25, 20], [28, 4], [4, 6], [1, 8], [28, 26], [21, 0], [28, 31], [1, 11], [11, 1], [0, 4], [21, 14], [7, 9], [22, 23], [28, 15], [16, 25], [23, 1], [10, 14]]",2,1.2042348384857178,128,random,0.5,9280,4.0,124,1.3281917572021484,53,112 8 107 73,9277,0.4412860870361328,test,top_r_mean,0.0,0.0,0.25,0.25
0.013797563867629621,0.0,290,0.0,31,193.59280006028712,qasper,0.05333333333333334,0.0,0.0,0.0,1912.13337:e97186c51d4af490dba6faaf833d269c8256426c,mean,0.3003698842620212,0.20121309161186218,"[[21, 19], [20, 7], [21, 16], [13, 1], [12, 16], [29, 22], [21, 28], [30, 5], [31, 26], [24, 19], [2, 18], [30, 27], [0, 6], [5, 9], [4, 1], [16, 4], [18, 6], [28, 10], [13, 4], [27, 13], [31, 14], [18, 30], [16, 30], [17, 24], [13, 15], [10, 2], [14, 25], [21, 6], [11, 3], [12, 24], [19, 20], [15, 5], [13, 2], [18, 0], [30, 20], [17, 5], [18, 26], [1, 18], [1, 18], [18, 29], [11, 26], [17, 6], [23, 20], [29, 18], [3, 10], [3, 31], [11, 6], [18, 4], [18, 28], [28, 27], [28, 20], [16, 8], [29, 20], [25, 17], [5, 8], [22, 17], [5, 15], [2, 29], [4, 22], [7, 29], [7, 6], [17, 5], [23, 1], [4, 28], [28, 18], [23, 19], [30, 3], [7, 24], [17, 6], [10, 20], [31, 0], [13, 14], [17, 31], [5, 0], [19, 27], [7, 2], [2, 26], [7, 27], [24, 2], [31, 15], [6, 9], [2, 26], [16, 28], [5, 26], [27, 8], [23, 9], [0, 25], [17, 7], [15, 17], [15, 24], [13, 30], [5, 17], [6, 28], [24, 16], [3, 23], [17, 15], [9, 5], [3, 29], [28, 21], [25, 10], [12, 16], [3, 15], [20, 3], [14, 16], [20, 17], [0, 21], [29, 14], [5, 0], [7, 29], [19, 18], [23, 18], [19, 31], [24, 30], [27, 4], [27, 12], [2, 17], [3, 6], [26, 29], [29, 8], [19, 16], [30, 9], [6, 26], [26, 20], [1, 3], [1, 15], [15, 25], [22, 14], [28, 0], [5, 7], [9, 20], [8, 26], [18, 5], [21, 16], [0, 8], [11, 31], [11, 4], [11, 2], [31, 11], [28, 24], [19, 0], [15, 30], [11, 15], [23, 10], [15, 22], [10, 31], [27, 7], [14, 23], [8, 16], [14, 2], [0, 6], [9, 5], [14, 19], [19, 0], [7, 3], [2, 10], [14, 5], [3, 20], [1, 8], [31, 22], [20, 11], [15, 27], [17, 4], [26, 22], [28, 20], [20, 18], [1, 28], [20, 8], [31, 11], [24, 22], [10, 24], [14, 6], [28, 30], [27, 13], [16, 19], [17, 26], [8, 17], [18, 26], [25, 20], [17, 9], [19, 15], [0, 24], [9, 0], [19, 29], [27, 5], [12, 28], [14, 15], [6, 22], [9, 27], [16, 28], [5, 23], [10, 24], [9, 17], [9, 22], [30, 27], [27, 9], [4, 1], [28, 0], [31, 25], [16, 28], [28, 4], [15, 2], [24, 20], [5, 26], [14, 25], [13, 11], [7, 26], [24, 0], [8, 14], [27, 0], [28, 24], [16, 28], [30, 1], [5, 15], [11, 28], [6, 15], [27, 12], [9, 27], [10, 30], [9, 8], [26, 0], [8, 27], [9, 2], [20, 8], [8, 11], [21, 4], [26, 27], [30, 23], [31, 3], [29, 14], [12, 30], [22, 27], [6, 0], [26, 31], [14, 17], [11, 21], [29, 9], [28, 13], [24, 3], [15, 30], [24, 17], [3, 1], [14, 6], [20, 16], [28, 20], [19, 26], [13, 10], [23, 15], [5, 21], [4, 9], [13, 25], [7, 30], [26, 18], [20, 28], [27, 7], [2, 3], [4, 30], [11, 15], [16, 15], [4, 13], [20, 1], [21, 18], [0, 3], [10, 26], [17, 1], [7, 18], [2, 24], [0, 5], [12, 3], [27, 1], [14, 21], [12, 21], [27, 7], [7, 17], [23, 25], [7, 16], [11, 0], [14, 2], [23, 0], [31, 28], [30, 20], [17, 30], [0, 30], [13, 29], [2, 17], [11, 27], [27, 13], [27, 23], [20, 29], [3, 26], [14, 17]]",2,1.227502465248108,128,random,0.0,9280,4.0,124,1.3443129062652588,71,208 152 209 201,9277,0.4275023341178894,test,top_r_mean,0.0,0.0,0.0,0.125
0.013797563867629621,1.0,290,1.0,31,180.82260014489293,qasper,0.05333333333333334,0.5,0.02666666666666667,0.0,1912.13337:e97186c51d4af490dba6faaf833d269c8256426c,mean,0.3191743228731655,0.16892218589782715,"[[24, 25, 26, 27], [24, 25, 26, 27], [24, 25, 26, 27], [24, 25, 26, 27], [24, 25, 26, 27], [24, 25, 26, 27], [24, 25, 26, 27], [24, 25, 26, 27], [24, 25, 26, 27], [24, 25, 26, 27], [24, 25, 26, 27], [24, 25, 26, 27], [24, 25, 26, 27], [24, 25, 26, 27], [24, 25, 26, 27], [24, 25, 26, 27], [24, 25, 26, 27], [24, 25, 26, 27], [24, 25, 26, 27], [24, 25, 26, 27], [24, 25, 26, 27], [24, 25, 26, 27], [24, 25, 26, 27], [24, 25, 26, 27], [24, 25, 26, 27], [24, 25, 26, 27], [24, 25, 26, 27], [24, 25, 26, 27], [24, 25, 26, 27], [24, 25, 26, 27], [24, 25, 26, 27], [24, 25, 26, 27], [24, 25, 26, 27], [24, 25, 26, 27], [24, 25, 26, 27], [24, 25, 26, 27], [24, 25, 26, 27], [24, 25, 26, 27], [24, 25, 26, 27], [24, 25, 26, 27], [24, 25, 26, 27], [24, 25, 26, 27], [24, 25, 26, 27], [24, 25, 26, 27], [24, 25, 26, 27], [24, 25, 26, 27], [24, 25, 26, 27], [24, 25, 26, 27], [24, 25, 26, 27], [24, 25, 26, 27], [24, 25, 26, 27], [24, 25, 26, 27], [24, 25, 26, 27], [24, 25, 26, 27], [24, 25, 26, 27], [24, 25, 26, 27], [24, 25, 26, 27], [24, 25, 26, 27], [24, 25, 26, 27], [24, 25, 26, 27], [24, 25, 26, 27], [24, 25, 26, 27], [24, 25, 26, 27], [24, 25, 26, 27], [24, 25, 26, 27], [24, 25, 26, 27], [24, 25, 26, 27], [24, 25, 26, 27], [24, 25, 26, 27], [24, 25, 26, 27], [24, 25, 26, 27], [24, 25, 26, 27], [24, 25, 26, 27], [24, 25, 26, 27], [24, 25, 26, 27], [24, 25, 26, 27], [24, 25, 26, 27], [24, 25, 26, 27], [24, 25, 26, 27], [24, 25, 26, 27], [24, 25, 26, 27], [24, 25, 26, 27], [24, 25, 26, 27], [24, 25, 26, 27], [24, 25, 26, 27], [24, 25, 26, 27], [24, 25, 26, 27], [24, 25, 26, 27], [24, 25, 26, 27], [24, 25, 26, 27], [24, 25, 26, 27], [24, 25, 26, 27], [24, 25, 26, 27], [24, 25, 26, 27], [24, 25, 26, 27], [24, 25, 26, 27], [24, 25, 26, 27], [24, 25, 26, 27], [24, 25, 26, 27], [24, 25, 26, 27], [24, 25, 26, 27], [24, 25, 26, 27], [24, 25, 26, 27], [24, 25, 26, 27], [24, 25, 26, 27], [24, 25, 26, 27], [24, 25, 26, 27], [24, 25, 26, 27], [24, 25, 26, 27], [24, 25, 26, 27], [24, 25, 26, 27], [24, 25, 26, 27], [24, 25, 26, 27], [24, 25, 26, 27], [24, 25, 26, 27], [24, 25, 26, 27], [24, 25, 26, 27], [24, 25, 26, 27], [24, 25, 26, 27], [24, 25, 26, 27], [24, 25, 26, 27], [24, 25, 26, 27], [24, 25, 26, 27], [24, 25, 26, 27], [24, 25, 26, 27], [24, 25, 26, 27], [24, 25, 26, 27], [24, 25, 26, 27], [24, 25, 26, 27], [24, 25, 26, 27], [24, 25, 26, 27], [24, 25, 26, 27], [24, 25, 26, 27], [24, 25, 26, 27], [24, 25, 26, 27], [24, 25, 26, 27], [24, 25, 26, 27], [24, 25, 26, 27], [24, 25, 26, 27], [24, 25, 26, 27], [24, 25, 26, 27], [24, 25, 26, 27], [24, 25, 26, 27], [24, 25, 26, 27], [24, 25, 26, 27], [24, 25, 26, 27], [24, 25, 26, 27], [24, 25, 26, 27], [24, 25, 26, 27], [24, 25, 26, 27], [24, 25, 26, 27], [24, 25, 26, 27], [24, 25, 26, 27], [24, 25, 26, 27], [24, 25, 26, 27], [24, 25, 26, 27], [24, 25, 26, 27], [24, 25, 26, 27], [24, 25, 26, 27], [24, 25, 26, 27], [24, 25, 26, 27], [24, 25, 26, 27], [24, 25, 26, 27], [24, 25, 26, 27], [24, 25, 26, 27], [24, 25, 26, 27], [24, 25, 26, 27], [24, 25, 26, 27], [24, 25, 26, 27], [24, 25, 26, 27], [24, 25, 26, 27], [24, 25, 26, 27], [24, 25, 26, 27], [24, 25, 26, 27], [24, 25, 26, 27], [24, 25, 26, 27], [24, 25, 26, 27], [24, 25, 26, 27], [24, 25, 26, 27], [24, 25, 26, 27], [24, 25, 26, 27], [24, 25, 26, 27], [24, 25, 26, 27], [24, 25, 26, 27], [24, 25, 26, 27], [24, 25, 26, 27], [24, 25, 26, 27], [24, 25, 26, 27], [24, 25, 26, 27], [24, 25, 26, 27], [24, 25, 26, 27], [24, 25, 26, 27], [24, 25, 26, 27], [24, 25, 26, 27], [24, 25, 26, 27], [24, 25, 26, 27], [24, 25, 26, 27], [24, 25, 26, 27], [24, 25, 26, 27], [24, 25, 26, 27], [24, 25, 26, 27], [24, 25, 26, 27], [24, 25, 26, 27], [24, 25, 26, 27], [24, 25, 26, 27], [24, 25, 26, 27], [24, 25, 26, 27], [24, 25, 26, 27], [24, 25, 26, 27], [24, 25, 26, 27], [24, 25, 26, 27], [24, 25, 26, 27], [24, 25, 26, 27], [24, 25, 26, 27], [24, 25, 26, 27], [24, 25, 26, 27], [24, 25, 26, 27], [24, 25, 26, 27], [24, 25, 26, 27], [24, 25, 26, 27], [24, 25, 26, 27], [24, 25, 26, 27], [24, 25, 26, 27], [24, 25, 26, 27], [24, 25, 26, 27], [24, 25, 26, 27], [24, 25, 26, 27], [24, 25, 26, 27], [24, 25, 26, 27], [24, 25, 26, 27], [24, 25, 26, 27], [24, 25, 26, 27], [24, 25, 26, 27], [24, 25, 26, 27], [24, 25, 26, 27], [24, 25, 26, 27], [24, 25, 26, 27], [24, 25, 26, 27], [24, 25, 26, 27], [24, 25, 26, 27], [24, 25, 26, 27], [24, 25, 26, 27], [24, 25, 26, 27], [24, 25, 26, 27], [24, 25, 26, 27], [24, 25, 26, 27], [24, 25, 26, 27], [24, 25, 26, 27], [24, 25, 26, 27], [24, 25, 26, 27], [24, 25, 26, 27], [24, 25, 26, 27], [24, 25, 26, 27], [24, 25, 26, 27], [24, 25, 26, 27], [24, 25, 26, 27], [24, 25, 26, 27], [24, 25, 26, 27], [24, 25, 26, 27], [24, 25, 26, 27], [24, 25, 26, 27], [24, 25, 26, 27], [24, 25, 26, 27], [24, 25, 26, 27], [24, 25, 26, 27], [24, 25, 26, 27], [24, 25, 26, 27], [24, 25, 26, 27], [24, 25, 26, 27], [24, 25, 26, 27], [24, 25, 26, 27], [24, 25, 26, 27], [24, 25, 26, 27], [24, 25, 26, 27], [24, 25, 26, 27], [24, 25, 26, 27], [24, 25, 26, 27], [24, 25, 26, 27], [24, 25, 26, 27], [24, 25, 26, 27], [24, 25, 26, 27], [24, 25, 26, 27], [24, 25, 26, 27], [24, 25, 26, 27], [24, 25, 26, 27], [24, 25, 26, 27], [24, 25, 26, 27], [24, 25, 26, 27], [24, 25, 26, 27], [21, 22, 23, 24]]",4,1.242150068283081,128,last,0.5,18560,4.0,124,1.3547886610031128,0,145 60 222 45,9277,0.45491188764572144,test,top_r_mean,0.0,0.0,0.0,0.0
0.013797563867629621,1.0,290,1.0,31,188.1063999608159,qasper,0.05333333333333334,0.25,0.013333333333333334,0.0,1912.13337:e97186c51d4af490dba6faaf833d269c8256426c,mean,0.48607564729745856,0.07195860147476196,"[[11, 0, 8, 1], [5, 14, 31, 13], [10, 2, 5, 0], [15, 2, 20, 10], [27, 31, 4, 15], [26, 0, 13, 25], [10, 20, 9, 29], [10, 24, 25, 0], [18, 0, 30, 13], [3, 25, 24, 19], [27, 3, 6, 22], [30, 12, 25, 10], [27, 1, 4, 23], [22, 14, 4, 30], [12, 24, 30, 17], [23, 31, 28, 18], [3, 0, 8, 25], [4, 16, 24, 27], [30, 4, 25, 19], [16, 31, 9, 17], [13, 5, 0, 27], [17, 7, 15, 13], [3, 1, 12, 8], [12, 30, 2, 17], [10, 0, 15, 19], [5, 30, 4, 7], [27, 0, 2, 26], [2, 10, 16, 15], [16, 8, 18, 11], [8, 1, 0, 5], [22, 11, 3, 14], [19, 29, 28, 6], [22, 0, 14, 11], [26, 17, 30, 18], [30, 1, 19, 16], [22, 3, 24, 7], [2, 5, 27, 7], [5, 20, 11, 23], [7, 11, 12, 30], [15, 25, 19, 5], [21, 0, 23, 18], [8, 13, 11, 20], [12, 29, 30, 6], [12, 23, 27, 31], [10, 0, 1, 5], [8, 29, 5, 21], [22, 12, 24, 18], [26, 0, 6, 14], [13, 0, 22, 27], [10, 6, 5, 23], [30, 19, 4, 22], [20, 8, 5, 7], [19, 6, 16, 10], [8, 14, 31, 28], [9, 12, 5, 21], [30, 16, 22, 28], [19, 0, 2, 9], [4, 22, 29, 17], [31, 10, 14, 24], [2, 4, 3, 25], [22, 7, 20, 10], [6, 24, 23, 22], [18, 11, 28, 9], [10, 26, 30, 20], [30, 0, 29, 11], [19, 29, 26, 28], [13, 17, 16, 6], [3, 8, 4, 18], [7, 2, 5, 12], [24, 3, 15, 1], [20, 9, 23, 11], [28, 18, 25, 12], [9, 0, 24, 27], [26, 4, 2, 10], [10, 0, 30, 27], [6, 1, 0, 27], [26, 10, 22, 18], [22, 18, 17, 4], [16, 4, 11, 29], [17, 25, 19, 10], [19, 0, 16, 12], [4, 0, 8, 9], [31, 11, 16, 25], [22, 6, 7, 2], [16, 22, 12, 29], [5, 12, 25, 13], [1, 9, 7, 12], [18, 2, 0, 24], [23, 0, 16, 15], [11, 26, 6, 8], [11, 28, 30, 16], [11, 3, 26, 0], [10, 13, 9, 25], [27, 4, 8, 26], [13, 20, 8, 4], [5, 11, 7, 27], [23, 0, 10, 28], [24, 6, 20, 15], [5, 16, 21, 27], [14, 22, 1, 12], [2, 9, 20, 18], [19, 13, 7, 30], [17, 0, 24, 20], [16, 6, 30, 17], [20, 0, 22, 23], [17, 3, 24, 4], [10, 22, 7, 16], [19, 1, 15, 16], [29, 16, 11, 8], [24, 21, 28, 20], [31, 9, 20, 27], [26, 23, 22, 1], [11, 0, 1, 30], [19, 27, 5, 2], [19, 1, 10, 22], [25, 14, 22, 4], [28, 17, 24, 14], [3, 18, 7, 26], [30, 11, 8, 15], [12, 21, 9, 0], [21, 0, 5, 8], [21, 28, 13, 30], [6, 19, 8, 2], [3, 12, 27, 6], [20, 19, 6, 24], [17, 22, 11, 7], [17, 4, 13, 21], [0, 16, 15, 22], [11, 0, 6, 3], [21, 14, 24, 28], [26, 10, 30, 29], [3, 9, 30, 27], [11, 4, 28, 21], [19, 27, 15, 11], [2, 10, 29, 21], [20, 1, 2, 0], [3, 0, 28, 29], [23, 20, 11, 2], [4, 30, 3, 26], [8, 5, 25, 11], [4, 26, 30, 25], [6, 22, 20, 26], [9, 0, 14, 5], [0, 17, 9, 27], [26, 0, 31, 30], [14, 8, 12, 23], [12, 3, 25, 27], [20, 24, 12, 31], [14, 0, 24, 31], [13, 5, 4, 17], [1, 15, 19, 12], [7, 19, 27, 30], [3, 0, 18, 13], [15, 14, 22, 16], [8, 17, 19, 4], [25, 16, 14, 19], [18, 25, 31, 22], [15, 30, 25, 11], [8, 15, 17, 25], [18, 30, 15, 11], [14, 0, 7, 3], [25, 1, 2, 8], [8, 12, 26, 16], [16, 19, 22, 21], [29, 21, 9, 10], [14, 19, 18, 1], [29, 15, 0, 2], [4, 8, 17, 20], [13, 0, 17, 10], [27, 22, 26, 2], [4, 22, 19, 20], [0, 21, 17, 29], [2, 24, 21, 31], [4, 9, 19, 8], [20, 28, 2, 12], [12, 21, 19, 17], [5, 0, 20, 30], [24, 5, 23, 15], [10, 29, 26, 24], [21, 0, 4, 8], [28, 8, 19, 20], [29, 15, 6, 23], [7, 10, 29, 0], [4, 28, 17, 30], [18, 0, 10, 1], [28, 21, 20, 26], [16, 10, 30, 25], [1, 29, 7, 17], [12, 17, 22, 16], [13, 20, 22, 17], [12, 16, 3, 27], [29, 8, 3, 7], [20, 0, 5, 15], [17, 29, 27, 12], [19, 4, 17, 9], [15, 28, 26, 29], [21, 29, 4, 16], [11, 29, 1, 2], [13, 0, 10, 17], [25, 2, 29, 17], [7, 0, 2, 1], [3, 6, 5, 7], [3, 23, 31, 26], [28, 22, 2, 21], [15, 30, 9, 12], [7, 15, 3, 11], [30, 13, 10, 25], [2, 27, 21, 12], [13, 0, 14, 1], [11, 6, 7, 29], [15, 3, 21, 30], [26, 4, 1, 19], [19, 1, 16, 2], [28, 8, 11, 29], [8, 11, 27, 3], [26, 0, 17, 6], [25, 0, 20, 29], [24, 30, 21, 27], [15, 11, 2, 8], [2, 15, 18, 20], [26, 5, 23, 4], [3, 31, 30, 24], [11, 2, 23, 27], [15, 0, 19, 31], [18, 0, 7, 8], [5, 13, 20, 24], [2, 7, 4, 25], [3, 15, 8, 16], [14, 4, 28, 22], [22, 18, 19, 11], [23, 27, 14, 7], [30, 2, 9, 28], [21, 0, 2, 13], [19, 12, 11, 22], [27, 4, 9, 1], [27, 21, 25, 10], [11, 29, 17, 30], [16, 7, 13, 26], [19, 28, 6, 11], [29, 24, 21, 14], [19, 0, 3, 25], [11, 21, 20, 17], [31, 20, 15, 0], [10, 18, 31, 1], [17, 13, 15, 12], [30, 4, 20, 28], [21, 17, 7, 31], [21, 20, 5, 18], [22, 0, 5, 4], [27, 22, 29, 15], [5, 12, 11, 22], [21, 10, 25, 9], [19, 10, 28, 7], [15, 20, 1, 21], [12, 31, 30, 9], [15, 25, 4, 30], [5, 0, 9, 8], [30, 25, 17, 26], [30, 18, 28, 19], [19, 6, 15, 23], [11, 13, 28, 12], [24, 1, 22, 0], [7, 5, 20, 28], [7, 13, 24, 23], [10, 0, 31, 9], [26, 0, 31, 5], [23, 15, 1, 4], [14, 27, 6, 7], [31, 20, 5, 28], [11, 8, 21, 29], [31, 7, 10, 13], [0, 31, 19, 18], [23, 0, 15, 21], [3, 12, 7, 17], [22, 7, 10, 21], [9, 25, 29, 27], [22, 24, 17, 0], [29, 31, 25, 22], [10, 7, 2, 20], [21, 5, 10, 3], [21, 0, 28, 29], [17, 13, 25, 22], [23, 13, 27, 25], [20, 30, 31, 6], [2, 31, 21, 20], [30, 19, 2, 4], [0, 24, 31, 21], [14, 27, 2, 26], [8, 0, 15, 20], [4, 27, 28, 8]]",4,1.5998483896255493,128,farthest,1.0,18560,4.0,124,1.648788571357727,0,0 112 136 96,9277,0.652067244052887,test,top_r_mean,1.0,0.5,0.5,0.375
0.013797563867629621,1.0,290,1.0,31,185.6652998831123,qasper,0.05333333333333334,0.5,0.02666666666666667,0.0,1912.13337:e97186c51d4af490dba6faaf833d269c8256426c,mean,0.8434077079107505,0.0021804887801408768,"[[5, 0, 6, 30], [10, 19, 5, 6], [7, 31, 8, 13], [19, 7, 8, 30], [15, 16, 17, 18], [6, 11, 5, 7], [25, 18, 28, 31], [31, 19, 22, 8], [16, 0, 9, 15], [10, 13, 12, 18], [15, 14, 21, 17], [2, 3, 6, 5], [11, 29, 9, 25], [29, 31, 30, 6], [5, 2, 8, 13], [2, 21, 0, 22], [14, 0, 5, 4], [29, 28, 31, 1], [22, 23, 30, 27], [10, 27, 9, 28], [15, 11, 6, 19], [0, 4, 2, 1], [21, 17, 20, 27], [14, 10, 6, 11], [6, 0, 7, 21], [15, 13, 26, 18], [30, 28, 25, 24], [2, 25, 3, 31], [6, 13, 7, 3], [24, 26, 25, 29], [21, 29, 4, 20], [17, 21, 2, 18], [22, 0, 2, 19], [10, 4, 3, 25], [12, 11, 13, 9], [9, 8, 16, 17], [26, 29, 28, 2], [26, 25, 2, 28], [30, 28, 27, 15], [0, 4, 3, 1], [31, 0, 1, 9], [2, 4, 3, 1], [8, 9, 21, 12], [2, 8, 17, 3], [9, 10, 8, 27], [2, 0, 27, 23], [1, 22, 17, 5], [29, 28, 5, 4], [4, 0, 17, 14], [14, 13, 21, 20], [0, 2, 20, 1], [23, 11, 16, 17], [30, 31, 11, 22], [16, 4, 8, 18], [16, 11, 8, 22], [15, 4, 21, 10], [15, 0, 22, 4], [11, 1, 4, 10], [14, 15, 28, 16], [27, 28, 19, 29], [18, 24, 27, 19], [2, 0, 3, 7], [4, 1, 29, 22], [23, 17, 22, 5], [13, 0, 19, 16], [11, 0, 14, 15], [14, 20, 10, 5], [17, 15, 20, 11], [4, 8, 23, 7], [24, 23, 25, 6], [25, 27, 28, 4], [16, 9, 3, 7], [4, 0, 3, 10], [16, 19, 18, 13], [27, 31, 29, 9], [26, 6, 30, 14], [1, 0, 17, 2], [11, 15, 25, 12], [28, 30, 3, 18], [15, 14, 28, 18], [3, 0, 14, 13], [14, 18, 16, 19], [25, 28, 15, 30], [31, 5, 19, 8], [15, 3, 4, 21], [26, 6, 28, 30], [3, 21, 29, 0], [5, 4, 1, 19], [2, 0, 6, 1], [23, 22, 4, 2], [16, 17, 22, 24], [2, 11, 15, 23], [25, 2, 26, 3], [13, 31, 15, 24], [6, 2, 7, 13], [23, 22, 10, 29], [15, 0, 4, 2], [15, 17, 28, 19], [18, 19, 5, 11], [0, 21, 14, 24], [8, 19, 22, 15], [27, 28, 29, 0], [16, 2, 3, 23], [31, 16, 25, 8], [1, 0, 14, 4], [7, 14, 12, 8], [23, 24, 17, 20], [17, 19, 20, 25], [26, 27, 29, 30], [8, 29, 23, 18], [8, 25, 31, 14], [11, 30, 15, 16], [4, 0, 20, 10], [3, 2, 15, 7], [12, 24, 26, 14], [18, 30, 2, 3], [14, 1, 6, 10], [17, 22, 4, 20], [3, 6, 4, 2], [11, 12, 17, 18], [15, 0, 17, 16], [12, 18, 26, 16], [28, 31, 5, 0], [9, 2, 10, 16], [6, 7, 11, 13], [15, 26, 20, 18], [1, 27, 28, 31], [6, 14, 28, 5], [24, 0, 27, 11], [28, 31, 0, 30], [31, 30, 4, 3], [1, 4, 19, 8], [23, 30, 25, 8], [3, 22, 6, 4], [14, 23, 1, 24], [31, 3, 4, 7], [4, 0, 1, 3], [15, 4, 17, 26], [14, 2, 19, 28], [20, 26, 28, 14], [16, 18, 17, 19], [13, 5, 2, 29], [28, 8, 19, 9], [22, 24, 29, 23], [15, 0, 17, 3], [25, 23, 24, 6], [19, 13, 20, 10], [2, 16, 15, 20], [10, 8, 26, 7], [31, 29, 6, 30], [1, 0, 3, 26], [29, 26, 2, 23], [7, 0, 8, 3], [31, 6, 30, 5], [0, 3, 2, 9], [18, 23, 5, 25], [24, 12, 10, 13], [5, 6, 16, 7], [24, 26, 30, 25], [0, 10, 22, 28], [13, 0, 19, 14], [21, 25, 22, 6], [17, 28, 18, 1], [27, 28, 6, 0], [8, 7, 31, 6], [0, 6, 7, 3], [2, 28, 30, 29], [0, 15, 19, 31], [28, 0, 26, 22], [16, 5, 13, 10], [19, 25, 29, 30], [1, 2, 8, 4], [31, 29, 1, 30], [4, 14, 13, 5], [9, 4, 6, 1], [21, 24, 29, 25], [2, 0, 17, 23], [15, 16, 17, 22], [10, 4, 7, 8], [2, 18, 28, 9], [3, 4, 10, 11], [5, 8, 9, 24], [4, 6, 17, 7], [11, 26, 15, 4], [13, 0, 20, 14], [18, 17, 27, 25], [25, 26, 2, 27], [1, 28, 4, 0], [8, 10, 21, 9], [9, 8, 5, 19], [5, 12, 10, 19], [5, 15, 16, 29], [18, 0, 21, 31], [13, 17, 2, 8], [13, 26, 1, 3], [5, 9, 14, 0], [5, 4, 15, 14], [12, 31, 10, 11], [2, 6, 16, 4], [13, 21, 10, 9], [12, 0, 24, 6], [20, 21, 8, 27], [30, 1, 3, 0], [4, 6, 5, 16], [30, 7, 6, 8], [27, 31, 28, 5], [5, 12, 4, 26], [25, 16, 6, 30], [19, 0, 13, 20], [28, 30, 1, 31], [1, 2, 10, 0], [13, 25, 10, 11], [5, 4, 22, 6], [10, 20, 14, 15], [19, 20, 31, 25], [16, 20, 26, 14], [1, 0, 15, 14], [21, 23, 14, 25], [15, 16, 7, 0], [18, 22, 23, 3], [11, 15, 8, 9], [16, 23, 4, 3], [23, 25, 24, 31], [26, 16, 30, 27], [3, 0, 11, 16], [4, 7, 5, 12], [2, 6, 28, 18], [21, 28, 27, 22], [13, 3, 26, 6], [6, 8, 13, 26], [13, 3, 7, 2], [11, 21, 1, 30], [5, 0, 11, 10], [30, 7, 17, 31], [14, 29, 30, 18], [8, 14, 19, 20], [3, 22, 12, 4], [1, 4, 23, 17], [15, 13, 8, 26], [12, 22, 28, 6], [6, 0, 9, 10], [25, 27, 28, 4], [22, 31, 23, 26], [4, 17, 9, 10], [7, 10, 9, 11], [27, 3, 23, 30], [11, 12, 20, 17], [26, 28, 27, 29], [20, 0, 13, 7], [9, 13, 10, 11], [15, 14, 30, 4], [19, 22, 24, 13], [0, 1, 18, 2], [3, 5, 0, 16], [5, 10, 4, 22], [13, 9, 7, 8], [1, 0, 16, 11], [12, 30, 31, 20], [10, 14, 13, 5], [14, 19, 13, 28], [15, 6, 0, 29], [9, 21, 14, 31], [0, 7, 3, 1], [23, 25, 27, 26], [8, 0, 10, 30], [22, 25, 8, 26], [21, 2, 19, 18], [9, 7, 10, 29], [22, 24, 23, 11], [29, 31, 13, 16], [12, 24, 2, 21], [10, 12, 6, 0], [13, 0, 10, 1], [23, 16, 24, 1], [7, 8, 11, 12], [3, 18, 13, 12], [2, 3, 15, 14], [8, 24, 27, 6], [9, 24, 25, 21], [7, 8, 9, 11], [9, 0, 16, 10], [29, 4, 17, 31], [25, 31, 8, 1], [0, 2, 13, 8], [22, 20, 23, 1], [4, 5, 10, 26], [18, 19, 16, 23], [16, 12, 14, 15], [3, 0, 17, 7], [28, 17, 9, 10]]",4,0.39166149497032166,128,greedy_oracle,1.0,18560,4.0,124,0.39713093638420105,0,0 8 216 192,9277,0.9640114903450012,test,top_r_mean,1.0,0.5,0.5,0.875
0.013797563867629621,0.0,290,0.0,31,222.27649996057153,qasper,0.05333333333333334,0.0,0.0,0.0,1912.13337:e97186c51d4af490dba6faaf833d269c8256426c,mean,0.34933778785347813,0.12257254123687744,"[[21, 2, 7, 27], [23, 15, 29, 7], [23, 6, 12, 3], [10, 5, 2, 29], [27, 30, 9, 14], [27, 12, 7, 13], [3, 15, 7, 1], [20, 28, 30, 24], [3, 14, 4, 27], [29, 20, 12, 17], [10, 23, 4, 30], [8, 11, 10, 22], [27, 15, 13, 23], [1, 19, 31, 15], [2, 5, 19, 3], [23, 0, 1, 21], [4, 2, 27, 6], [2, 19, 21, 7], [9, 15, 17, 22], [26, 2, 12, 31], [11, 21, 27, 2], [20, 31, 19, 2], [25, 7, 22, 4], [14, 27, 18, 19], [30, 31, 26, 28], [17, 5, 21, 10], [10, 13, 29, 23], [25, 11, 8, 23], [22, 4, 25, 9], [28, 20, 30, 12], [20, 18, 27, 28], [26, 17, 31, 3], [22, 16, 25, 10], [13, 18, 27, 21], [4, 9, 14, 21], [31, 1, 21, 24], [30, 1, 10, 14], [21, 4, 24, 28], [9, 6, 4, 31], [15, 3, 25, 27], [22, 8, 26, 19], [28, 10, 16, 20], [0, 2, 8, 10], [27, 26, 4, 9], [25, 7, 4, 26], [7, 0, 5, 16], [21, 23, 6, 4], [26, 12, 19, 3], [2, 17, 22, 28], [4, 3, 28, 12], [5, 19, 23, 16], [22, 9, 31, 19], [10, 9, 17, 3], [22, 13, 7, 10], [5, 25, 10, 15], [5, 15, 30, 19], [12, 25, 1, 2], [5, 6, 1, 22], [3, 8, 2, 16], [7, 31, 26, 17], [20, 16, 19, 10], [16, 10, 11, 25], [10, 7, 6, 29], [18, 8, 1, 4], [22, 16, 13, 18], [17, 27, 20, 11], [18, 23, 2, 6], [11, 12, 9, 8], [30, 15, 11, 16], [28, 3, 23, 1], [6, 15, 3, 23], [26, 12, 5, 22], [1, 6, 8, 25], [21, 1, 8, 19], [19, 28, 31, 3], [3, 16, 8, 11], [18, 24, 4, 20], [15, 12, 24, 18], [8, 0, 20, 31], [15, 4, 5, 1], [15, 22, 17, 23], [21, 0, 17, 18], [31, 8, 27, 15], [18, 23, 29, 31], [30, 7, 28, 27], [15, 25, 17, 5], [13, 23, 4, 14], [12, 4, 13, 31], [2, 8, 0, 25], [5, 29, 22, 2], [10, 25, 8, 9], [2, 6, 20, 12], [9, 29, 27, 19], [21, 29, 23, 2], [31, 10, 22, 17], [30, 27, 23, 28], [14, 15, 12, 31], [9, 11, 4, 19], [3, 26, 6, 4], [16, 2, 15, 3], [1, 0, 27, 13], [16, 19, 2, 8], [20, 15, 10, 14], [19, 14, 15, 21], [1, 16, 2, 31], [6, 31, 30, 28], [23, 29, 14, 27], [10, 12, 7, 23], [25, 4, 18, 26], [0, 15, 25, 1], [21, 0, 31, 7], [30, 22, 29, 5], [28, 1, 9, 8], [19, 10, 23, 29], [22, 27, 21, 0], [9, 24, 19, 4], [19, 16, 12, 18], [16, 28, 18, 2], [30, 24, 1, 19], [14, 11, 24, 21], [14, 22, 25, 28], [3, 0, 23, 11], [14, 19, 30, 27], [19, 7, 30, 8], [15, 11, 16, 27], [4, 11, 18, 16], [21, 7, 4, 9], [31, 27, 6, 17], [9, 0, 21, 20], [29, 4, 2, 28], [27, 4, 10, 9], [23, 0, 1, 11], [21, 10, 8, 25], [22, 0, 9, 4], [3, 12, 9, 17], [10, 1, 27, 2], [14, 22, 19, 13], [27, 28, 18, 26], [5, 28, 3, 25], [14, 17, 1, 6], [25, 22, 26, 4], [19, 13, 5, 10], [17, 25, 8, 12], [10, 27, 25, 3], [12, 16, 28, 21], [21, 5, 13, 12], [15, 14, 7, 11], [28, 29, 7, 9], [27, 2, 13, 5], [26, 21, 15, 12], [28, 18, 15, 13], [5, 8, 23, 27], [1, 19, 16, 20], [7, 22, 18, 31], [20, 28, 16, 11], [22, 6, 14, 8], [15, 7, 19, 16], [19, 4, 16, 17], [3, 21, 15, 30], [23, 9, 19, 25], [9, 18, 10, 0], [10, 21, 0, 18], [0, 22, 11, 15], [15, 21, 6, 24], [31, 15, 3, 26], [0, 3, 14, 25], [12, 7, 30, 24], [6, 25, 2, 16], [23, 10, 20, 27], [17, 27, 21, 26], [24, 0, 5, 8], [11, 12, 20, 31], [20, 31, 15, 17], [25, 26, 17, 29], [26, 23, 1, 5], [9, 17, 15, 13], [16, 10, 13, 12], [29, 11, 1, 9], [22, 25, 9, 28], [24, 25, 2, 7], [17, 10, 20, 19], [5, 26, 17, 1], [18, 14, 0, 15], [13, 1, 11, 22], [22, 12, 30, 13], [1, 8, 7, 12], [27, 23, 5, 3], [8, 5, 18, 3], [30, 29, 26, 8], [31, 8, 7, 24], [3, 8, 25, 22], [1, 21, 4, 20], [22, 3, 12, 20], [25, 28, 7, 8], [24, 4, 29, 22], [13, 22, 1, 0], [19, 31, 2, 25], [22, 3, 5, 19], [8, 30, 13, 3], [8, 18, 3, 4], [22, 16, 9, 10], [3, 14, 7, 19], [16, 30, 8, 5], [21, 0, 4, 23], [27, 26, 0, 6], [14, 27, 9, 4], [26, 25, 4, 15], [4, 7, 20, 2], [7, 30, 14, 24], [26, 16, 13, 2], [24, 26, 4, 11], [12, 15, 26, 3], [11, 31, 0, 25], [14, 28, 15, 25], [30, 24, 21, 15], [14, 6, 11, 22], [3, 21, 23, 10], [23, 3, 4, 21], [11, 28, 3, 17], [0, 25, 5, 26], [9, 24, 17, 25], [19, 4, 5, 23], [24, 7, 8, 29], [27, 0, 15, 7], [31, 26, 5, 0], [28, 31, 14, 18], [0, 8, 28, 18], [30, 7, 31, 6], [29, 5, 1, 28], [31, 24, 15, 2], [5, 22, 1, 31], [28, 6, 5, 25], [28, 18, 23, 2], [23, 4, 2, 16], [10, 26, 4, 23], [24, 4, 25, 3], [27, 24, 7, 3], [9, 16, 21, 17], [24, 6, 1, 10], [27, 5, 26, 23], [28, 6, 18, 7], [30, 4, 26, 1], [7, 10, 22, 28], [12, 31, 29, 14], [18, 24, 1, 30], [17, 12, 25, 20], [30, 17, 23, 21], [28, 13, 22, 27], [4, 31, 19, 22], [15, 3, 31, 2], [8, 14, 9, 7], [22, 15, 8, 1], [17, 1, 29, 20], [17, 24, 5, 26], [8, 6, 21, 7], [26, 28, 7, 31], [30, 21, 7, 18], [1, 22, 11, 25], [18, 6, 28, 4], [5, 17, 1, 13], [23, 18, 19, 13], [31, 12, 28, 6], [28, 29, 21, 0], [11, 5, 0, 18], [2, 4, 1, 23], [1, 23, 30, 4], [2, 12, 19, 18], [17, 11, 9, 23], [15, 27, 10, 21], [16, 24, 31, 11], [20, 0, 30, 29], [25, 24, 17, 15], [4, 27, 3, 29], [19, 0, 18, 2], [27, 26, 20, 30], [20, 21, 16, 7], [23, 8, 30, 16], [15, 20, 0, 23], [3, 18, 10, 4], [27, 30, 22, 17], [1, 12, 31, 0], [29, 27, 11, 15], [13, 3, 9, 16], [8, 20, 4, 11], [11, 12, 24, 10], [12, 9, 24, 30], [12, 17, 1, 30], [26, 18, 8, 19], [16, 12, 2, 24], [3, 23, 7, 21]]",4,1.2237502336502075,128,random,0.0,18560,4.0,124,1.3026680946350098,11,280 88 128 224,9277,0.4935397505760193,test,top_r_mean,0.0,0.0,0.0,0.125
0.013797563867629621,1.0,290,1.0,31,195.16710005700588,qasper,0.05333333333333334,0.5,0.02666666666666667,0.0,1912.13337:e97186c51d4af490dba6faaf833d269c8256426c,mean,0.408423815773774,0.11713840812444687,"[[24, 1, 27, 12], [29, 30, 10, 19], [7, 19, 0, 15], [27, 5, 28, 4], [7, 22, 20, 14], [30, 12, 27, 16], [31, 9, 26, 25], [11, 20, 12, 9], [21, 5, 30, 0], [15, 17, 26, 29], [5, 23, 4, 14], [9, 17, 11, 18], [28, 7, 9, 8], [23, 17, 6, 13], [14, 4, 2, 5], [3, 0, 21, 4], [24, 27, 23, 3], [14, 11, 23, 18], [16, 29, 4, 14], [13, 7, 18, 25], [31, 21, 17, 20], [5, 27, 23, 7], [1, 28, 15, 20], [25, 3, 1, 22], [26, 1, 14, 21], [15, 30, 2, 11], [21, 10, 9, 28], [23, 0, 19, 29], [2, 14, 25, 7], [19, 9, 8, 30], [11, 19, 1, 27], [7, 2, 4, 0], [0, 9, 12, 16], [8, 20, 5, 25], [0, 13, 16, 5], [2, 13, 26, 20], [3, 5, 2, 11], [9, 20, 4, 6], [14, 29, 16, 3], [27, 3, 30, 15], [8, 4, 15, 18], [25, 0, 23, 8], [1, 21, 9, 12], [25, 2, 22, 14], [5, 1, 8, 16], [8, 6, 7, 23], [28, 20, 24, 21], [2, 0, 1, 30], [24, 15, 17, 13], [30, 20, 3, 13], [16, 6, 2, 18], [21, 29, 15, 20], [12, 29, 8, 17], [17, 15, 3, 24], [25, 2, 20, 19], [31, 11, 5, 10], [14, 10, 15, 13], [14, 15, 16, 27], [22, 2, 24, 30], [8, 21, 18, 1], [8, 1, 29, 27], [20, 22, 4, 14], [8, 22, 21, 2], [3, 1, 30, 8], [28, 19, 20, 16], [23, 25, 28, 11], [31, 24, 4, 14], [23, 21, 12, 26], [14, 30, 5, 26], [29, 20, 9, 5], [13, 8, 7, 24], [31, 26, 18, 4], [10, 26, 2, 8], [29, 19, 15, 20], [16, 10, 29, 23], [15, 25, 9, 31], [23, 31, 18, 21], [3, 24, 30, 8], [24, 6, 28, 21], [30, 22, 2, 0], [21, 17, 26, 20], [24, 29, 30, 13], [11, 7, 3, 19], [13, 15, 28, 3], [31, 17, 10, 11], [8, 10, 14, 30], [5, 16, 10, 31], [16, 30, 10, 31], [26, 16, 8, 9], [0, 7, 2, 22], [29, 23, 4, 6], [16, 13, 27, 6], [20, 30, 13, 6], [26, 3, 6, 20], [17, 18, 22, 6], [13, 25, 20, 17], [2, 7, 16, 13], [21, 18, 24, 17], [14, 29, 26, 31], [24, 4, 30, 6], [7, 8, 14, 1], [16, 3, 8, 12], [28, 2, 13, 29], [26, 30, 0, 10], [21, 14, 22, 19], [5, 6, 1, 11], [0, 2, 29, 21], [10, 28, 5, 13], [10, 8, 16, 21], [26, 17, 30, 28], [15, 7, 6, 30], [24, 1, 13, 7], [15, 28, 20, 16], [23, 0, 20, 11], [10, 17, 2, 14], [13, 4, 16, 6], [12, 17, 14, 11], [20, 12, 31, 13], [16, 4, 20, 18], [3, 29, 28, 23], [12, 11, 20, 22], [4, 22, 12, 18], [15, 3, 29, 9], [8, 5, 9, 20], [25, 29, 4, 27], [0, 13, 16, 28], [21, 17, 11, 18], [20, 7, 23, 3], [13, 9, 1, 18], [7, 5, 16, 24], [5, 15, 27, 7], [5, 26, 30, 15], [13, 9, 22, 21], [6, 24, 5, 28], [25, 11, 8, 26], [25, 13, 30, 29], [31, 23, 13, 3], [22, 25, 1, 3], [31, 21, 16, 9], [25, 18, 21, 4], [26, 4, 11, 0], [24, 30, 2, 23], [18, 9, 29, 8], [27, 30, 14, 3], [23, 26, 2, 25], [31, 11, 4, 26], [10, 13, 8, 5], [31, 8, 15, 16], [13, 10, 14, 17], [9, 20, 13, 18], [26, 11, 2, 16], [29, 15, 24, 6], [15, 22, 23, 19], [18, 23, 8, 17], [2, 18, 17, 0], [21, 5, 30, 29], [30, 15, 31, 3], [28, 25, 24, 11], [3, 12, 15, 2], [12, 3, 10, 19], [2, 11, 31, 24], [13, 30, 20, 9], [3, 2, 19, 21], [29, 1, 6, 25], [1, 25, 18, 12], [9, 2, 23, 16], [6, 30, 2, 27], [24, 16, 14, 11], [24, 25, 13, 19], [11, 5, 14, 23], [17, 13, 25, 6], [24, 14, 7, 15], [5, 24, 10, 12], [0, 30, 26, 10], [21, 4, 1, 26], [9, 17, 28, 26], [12, 16, 5, 25], [12, 21, 1, 17], [30, 8, 17, 5], [1, 6, 5, 24], [30, 28, 6, 5], [10, 8, 24, 28], [8, 26, 3, 27], [23, 17, 25, 2], [24, 22, 15, 1], [14, 4, 1, 24], [26, 24, 19, 7], [20, 3, 13, 24], [25, 12, 6, 31], [6, 11, 18, 20], [19, 26, 8, 27], [20, 11, 26, 15], [15, 7, 27, 12], [18, 15, 9, 30], [23, 13, 20, 14], [7, 8, 1, 24], [7, 1, 26, 30], [4, 22, 20, 14], [9, 15, 14, 2], [23, 19, 11, 1], [26, 19, 22, 20], [0, 10, 11, 14], [26, 16, 20, 21], [18, 9, 21, 26], [26, 30, 11, 10], [19, 22, 1, 14], [7, 6, 5, 23], [15, 4, 20, 17], [27, 6, 29, 19], [5, 20, 15, 3], [25, 7, 3, 21], [5, 28, 24, 21], [4, 28, 8, 1], [20, 11, 27, 31], [31, 16, 21, 26], [31, 1, 8, 2], [10, 18, 21, 31], [12, 20, 26, 0], [5, 1, 19, 8], [24, 0, 16, 22], [27, 18, 28, 24], [2, 0, 18, 20], [17, 25, 23, 21], [6, 12, 28, 23], [8, 11, 5, 22], [23, 11, 28, 15], [27, 15, 5, 20], [25, 28, 1, 21], [29, 28, 14, 26], [1, 29, 21, 11], [22, 19, 8, 1], [26, 20, 5, 6], [28, 0, 23, 13], [5, 24, 23, 19], [25, 15, 3, 20], [22, 28, 20, 31], [9, 8, 16, 14], [9, 25, 22, 18], [8, 29, 4, 23], [9, 17, 20, 8], [24, 10, 21, 27], [28, 27, 1, 22], [18, 5, 2, 11], [25, 2, 3, 7], [2, 20, 21, 28], [26, 3, 13, 18], [24, 14, 31, 28], [31, 26, 3, 22], [27, 16, 0, 5], [9, 27, 2, 13], [2, 27, 31, 23], [15, 29, 21, 4], [13, 7, 4, 2], [16, 13, 8, 15], [4, 14, 1, 10], [10, 19, 26, 6], [19, 31, 27, 16], [6, 25, 26, 8], [20, 23, 12, 6], [18, 17, 26, 13], [26, 15, 29, 12], [16, 6, 25, 3], [19, 13, 6, 23], [9, 26, 18, 17], [12, 27, 13, 20], [22, 29, 11, 0], [2, 30, 11, 21], [22, 6, 25, 3], [1, 23, 5, 17], [4, 20, 24, 8], [21, 4, 7, 6], [28, 24, 2, 6], [1, 31, 30, 8], [14, 18, 16, 6], [7, 27, 10, 16], [29, 1, 4, 18], [7, 19, 23, 9], [21, 13, 8, 4], [7, 1, 0, 8], [8, 11, 18, 31], [17, 0, 31, 21], [6, 29, 12, 0], [6, 2, 4, 11], [4, 3, 9, 13], [15, 29, 24, 12], [11, 15, 19, 8], [29, 14, 4, 27], [3, 10, 14, 0], [29, 2, 4, 26], [15, 6, 5, 21]]",4,1.2051140069961548,128,random,0.3333333333333333,18560,4.0,124,1.2797044515609741,23,280 248 32 72,9277,0.5575761198997498,test,top_r_mean,0.0,0.0,0.0,0.375
0.013797563867629621,1.0,290,1.0,31,195.17989992164075,qasper,0.05333333333333334,0.5,0.02666666666666667,0.0,1912.13337:e97186c51d4af490dba6faaf833d269c8256426c,mean,0.3501968738813984,0.12906113266944885,"[[10, 11, 3, 8], [16, 22, 25, 0], [5, 23, 11, 6], [4, 16, 18, 24], [20, 19, 1, 23], [15, 9, 23, 5], [10, 11, 14, 1], [6, 16, 26, 17], [19, 29, 9, 20], [5, 28, 6, 11], [3, 14, 24, 20], [10, 0, 5, 7], [8, 23, 7, 21], [22, 4, 25, 18], [15, 19, 22, 21], [18, 9, 22, 12], [27, 21, 25, 2], [29, 19, 10, 30], [23, 25, 3, 10], [18, 1, 8, 26], [4, 20, 26, 7], [6, 28, 21, 23], [5, 6, 20, 14], [25, 27, 26, 8], [16, 17, 14, 22], [9, 26, 2, 6], [10, 3, 4, 11], [20, 22, 6, 4], [4, 29, 14, 13], [5, 13, 18, 31], [9, 4, 7, 25], [2, 22, 12, 7], [27, 20, 0, 22], [21, 29, 25, 30], [24, 25, 6, 21], [22, 20, 13, 14], [12, 18, 4, 15], [29, 13, 11, 28], [26, 13, 17, 1], [21, 13, 29, 11], [1, 24, 18, 8], [10, 2, 25, 11], [22, 12, 7, 4], [8, 13, 12, 3], [15, 19, 2, 1], [6, 18, 29, 19], [6, 1, 12, 19], [31, 19, 1, 21], [8, 1, 15, 14], [9, 5, 26, 30], [19, 4, 24, 2], [25, 29, 28, 6], [0, 8, 7, 18], [23, 2, 20, 14], [13, 3, 10, 16], [27, 4, 31, 24], [10, 9, 4, 29], [22, 12, 16, 19], [17, 18, 24, 29], [22, 24, 10, 20], [17, 26, 21, 31], [14, 16, 11, 25], [14, 23, 26, 18], [4, 28, 7, 5], [17, 11, 28, 4], [3, 27, 28, 7], [16, 12, 8, 18], [29, 6, 18, 26], [0, 28, 31, 3], [20, 6, 0, 22], [3, 31, 0, 1], [10, 19, 9, 16], [28, 9, 24, 15], [1, 19, 22, 17], [7, 12, 20, 18], [10, 31, 22, 14], [0, 11, 12, 13], [13, 22, 17, 28], [19, 8, 15, 18], [0, 13, 9, 7], [1, 0, 18, 20], [18, 3, 21, 6], [5, 22, 20, 25], [18, 23, 31, 15], [13, 27, 0, 11], [21, 7, 14, 0], [16, 24, 9, 27], [21, 15, 1, 14], [28, 16, 2, 15], [29, 0, 15, 3], [19, 14, 26, 21], [19, 1, 6, 17], [28, 2, 8, 0], [17, 15, 9, 13], [0, 29, 18, 17], [19, 26, 28, 4], [7, 10, 11, 8], [14, 19, 29, 3], [29, 6, 2, 30], [30, 2, 7, 6], [7, 18, 31, 14], [27, 21, 19, 13], [23, 25, 14, 4], [27, 17, 8, 28], [28, 29, 13, 17], [17, 20, 1, 15], [28, 0, 11, 17], [13, 19, 8, 2], [14, 22, 8, 10], [3, 2, 23, 30], [25, 5, 4, 16], [29, 5, 14, 0], [2, 25, 9, 18], [4, 5, 23, 21], [27, 13, 12, 3], [15, 23, 22, 28], [30, 15, 20, 27], [8, 28, 15, 11], [29, 17, 25, 1], [21, 22, 25, 9], [16, 26, 11, 17], [15, 4, 26, 23], [31, 24, 21, 11], [2, 24, 14, 0], [4, 26, 13, 16], [14, 26, 2, 23], [23, 29, 31, 3], [26, 11, 7, 23], [18, 2, 24, 27], [11, 7, 30, 3], [8, 4, 17, 18], [17, 18, 10, 19], [14, 21, 24, 26], [3, 15, 30, 2], [30, 11, 25, 12], [21, 6, 9, 17], [5, 11, 22, 1], [7, 28, 5, 14], [1, 21, 6, 4], [30, 12, 24, 28], [31, 2, 27, 20], [7, 1, 24, 2], [23, 14, 18, 27], [8, 28, 1, 26], [10, 16, 0, 1], [25, 29, 31, 1], [8, 24, 15, 23], [16, 27, 11, 19], [23, 1, 17, 24], [23, 13, 18, 8], [7, 31, 26, 19], [18, 2, 5, 9], [20, 28, 1, 15], [23, 22, 21, 17], [18, 8, 4, 5], [7, 0, 27, 23], [29, 26, 18, 21], [12, 29, 2, 3], [24, 20, 6, 9], [2, 22, 10, 4], [25, 13, 19, 1], [11, 14, 27, 12], [1, 6, 13, 15], [8, 17, 13, 9], [5, 0, 15, 23], [14, 9, 17, 2], [13, 9, 0, 7], [28, 0, 17, 11], [3, 25, 24, 22], [10, 20, 22, 27], [23, 12, 25, 29], [12, 22, 25, 26], [10, 1, 12, 11], [14, 13, 25, 11], [5, 23, 18, 10], [23, 18, 8, 15], [16, 14, 10, 5], [1, 28, 19, 7], [6, 3, 4, 8], [31, 26, 13, 7], [11, 18, 14, 4], [11, 1, 4, 27], [29, 27, 30, 15], [7, 31, 10, 9], [29, 27, 25, 1], [10, 19, 5, 17], [13, 31, 15, 20], [14, 23, 4, 8], [4, 16, 20, 9], [2, 13, 31, 11], [23, 24, 20, 31], [25, 30, 26, 9], [1, 19, 25, 10], [8, 30, 16, 17], [10, 4, 24, 0], [21, 8, 29, 13], [8, 26, 14, 4], [19, 14, 7, 2], [12, 20, 31, 10], [17, 21, 13, 2], [31, 19, 8, 6], [18, 10, 29, 11], [11, 18, 26, 10], [19, 25, 23, 12], [11, 19, 17, 30], [6, 23, 31, 9], [1, 20, 13, 23], [24, 30, 9, 23], [3, 9, 5, 28], [9, 3, 16, 1], [15, 7, 3, 29], [0, 17, 26, 3], [16, 8, 7, 2], [24, 16, 4, 26], [1, 20, 10, 2], [14, 13, 25, 16], [30, 18, 24, 26], [24, 0, 25, 14], [8, 3, 9, 2], [15, 11, 22, 3], [5, 30, 21, 17], [23, 10, 26, 12], [27, 18, 16, 14], [21, 23, 19, 24], [4, 15, 30, 24], [31, 12, 23, 9], [15, 5, 1, 11], [24, 9, 26, 22], [2, 17, 9, 18], [11, 26, 12, 27], [27, 12, 31, 17], [6, 5, 1, 9], [25, 14, 13, 1], [24, 12, 15, 20], [29, 30, 15, 23], [1, 4, 23, 7], [20, 1, 13, 4], [19, 14, 2, 5], [3, 28, 12, 24], [0, 7, 30, 29], [27, 9, 29, 31], [20, 12, 4, 29], [8, 14, 22, 0], [19, 11, 25, 0], [20, 17, 14, 11], [21, 16, 10, 9], [26, 7, 21, 28], [19, 5, 28, 7], [24, 15, 8, 16], [8, 6, 30, 18], [15, 13, 31, 10], [9, 5, 30, 11], [29, 9, 20, 1], [13, 0, 23, 26], [4, 0, 8, 31], [24, 11, 12, 13], [1, 16, 30, 27], [12, 25, 31, 8], [1, 31, 23, 21], [10, 17, 11, 9], [0, 16, 7, 21], [4, 13, 0, 12], [27, 18, 5, 9], [15, 13, 0, 23], [15, 18, 31, 3], [2, 4, 1, 19], [26, 5, 17, 20], [18, 30, 15, 19], [11, 9, 13, 27], [4, 27, 8, 5], [4, 16, 21, 15], [30, 0, 6, 12], [6, 9, 16, 13], [12, 27, 23, 1], [12, 11, 21, 0], [30, 7, 0, 5], [13, 17, 22, 2], [16, 1, 8, 11], [10, 14, 31, 4], [27, 6, 28, 12], [25, 10, 5, 31], [15, 17, 30, 4], [17, 25, 5, 20], [10, 15, 7, 26], [12, 26, 8, 20], [15, 31, 9, 21], [8, 21, 27, 31], [21, 26, 24, 6], [5, 16, 9, 31], [9, 10, 3, 27]]",4,1.2182658910751343,128,random,0.5,18560,4.0,124,1.297685980796814,37,144 32 80 0,9277,0.4876610040664673,test,top_r_mean,0.0,0.0,0.5,0.25
0.013797563867629621,0.0,290,0.0,31,195.6147998571396,qasper,0.05333333333333334,0.0,0.0,0.0,1912.13337:e97186c51d4af490dba6faaf833d269c8256426c,mean,0.3521059539434435,0.1260804980993271,"[[31, 13, 27, 2], [10, 0, 7, 23], [27, 0, 24, 29], [27, 7, 24, 16], [7, 26, 20, 0], [12, 18, 6, 0], [31, 8, 21, 3], [17, 24, 18, 31], [6, 0, 30, 5], [22, 9, 25, 15], [7, 16, 13, 24], [27, 4, 6, 30], [25, 10, 23, 9], [18, 5, 31, 24], [15, 31, 11, 28], [0, 15, 11, 21], [9, 11, 17, 13], [10, 19, 1, 25], [24, 21, 16, 14], [3, 17, 1, 0], [13, 5, 19, 27], [19, 0, 25, 23], [23, 18, 2, 31], [6, 16, 10, 28], [12, 29, 20, 24], [14, 9, 3, 30], [28, 15, 19, 11], [0, 30, 23, 19], [25, 17, 6, 7], [30, 10, 8, 14], [20, 5, 21, 11], [21, 20, 1, 28], [27, 26, 30, 2], [15, 14, 9, 22], [17, 11, 9, 28], [6, 5, 3, 11], [23, 11, 21, 28], [1, 3, 7, 15], [1, 13, 18, 20], [10, 9, 17, 6], [7, 12, 28, 8], [27, 29, 13, 6], [14, 28, 20, 12], [20, 30, 24, 14], [2, 4, 24, 23], [2, 23, 7, 16], [3, 14, 15, 27], [17, 12, 28, 15], [1, 18, 22, 7], [9, 22, 14, 13], [30, 2, 17, 10], [3, 30, 22, 13], [15, 2, 16, 4], [5, 14, 26, 11], [16, 27, 7, 8], [6, 1, 10, 7], [8, 19, 13, 4], [5, 9, 18, 17], [10, 5, 22, 4], [5, 29, 11, 3], [27, 0, 21, 16], [24, 28, 2, 16], [26, 6, 17, 29], [13, 23, 7, 22], [16, 5, 18, 15], [22, 7, 12, 9], [29, 25, 11, 18], [12, 15, 30, 7], [14, 10, 3, 2], [28, 12, 22, 16], [2, 8, 20, 5], [13, 15, 31, 30], [22, 16, 3, 5], [16, 24, 20, 21], [29, 14, 20, 21], [26, 27, 7, 22], [16, 6, 13, 26], [0, 30, 4, 28], [4, 25, 11, 26], [21, 11, 31, 14], [10, 3, 0, 20], [10, 17, 7, 14], [20, 24, 11, 5], [19, 7, 11, 3], [4, 25, 9, 1], [16, 1, 12, 28], [29, 16, 14, 28], [3, 26, 14, 1], [1, 17, 22, 8], [23, 19, 4, 5], [1, 30, 2, 0], [31, 13, 6, 14], [22, 25, 29, 31], [4, 19, 7, 9], [16, 11, 12, 24], [7, 8, 6, 10], [28, 12, 15, 16], [15, 14, 22, 2], [19, 20, 11, 5], [11, 12, 13, 25], [1, 0, 29, 8], [15, 4, 20, 7], [21, 16, 31, 13], [10, 0, 24, 22], [12, 24, 16, 0], [17, 22, 5, 18], [2, 24, 10, 28], [25, 19, 10, 21], [20, 16, 1, 3], [15, 19, 31, 18], [26, 19, 22, 8], [12, 4, 8, 20], [0, 14, 3, 26], [6, 8, 27, 1], [9, 1, 28, 25], [23, 7, 18, 14], [7, 12, 31, 29], [17, 2, 9, 18], [31, 20, 30, 15], [10, 0, 8, 29], [19, 13, 12, 4], [16, 25, 26, 31], [24, 13, 23, 8], [15, 9, 17, 31], [9, 11, 14, 3], [20, 11, 21, 27], [21, 31, 17, 10], [9, 5, 22, 28], [21, 28, 29, 16], [10, 11, 12, 6], [4, 1, 7, 16], [15, 2, 12, 19], [29, 9, 3, 19], [17, 1, 22, 10], [10, 13, 21, 23], [18, 22, 12, 1], [16, 19, 6, 31], [21, 9, 20, 8], [30, 7, 26, 29], [30, 1, 27, 16], [14, 0, 21, 26], [16, 12, 5, 6], [4, 10, 22, 24], [10, 6, 18, 25], [7, 18, 0, 19], [30, 14, 8, 9], [19, 20, 1, 26], [21, 27, 6, 18], [13, 9, 22, 31], [18, 2, 0, 14], [6, 18, 11, 21], [4, 24, 18, 15], [5, 30, 19, 27], [29, 2, 19, 12], [13, 1, 20, 18], [18, 17, 9, 6], [31, 10, 18, 26], [3, 2, 16, 30], [11, 23, 29, 10], [8, 9, 4, 2], [9, 6, 12, 22], [14, 15, 11, 9], [9, 17, 29, 18], [25, 17, 29, 15], [0, 20, 28, 24], [6, 20, 1, 29], [6, 13, 20, 12], [22, 2, 31, 26], [4, 28, 29, 26], [21, 0, 27, 19], [31, 23, 13, 30], [12, 14, 6, 23], [10, 12, 21, 5], [3, 2, 20, 17], [5, 12, 20, 0], [9, 15, 0, 11], [5, 20, 19, 27], [30, 12, 16, 6], [0, 15, 16, 30], [27, 10, 0, 24], [22, 18, 17, 24], [10, 20, 8, 0], [28, 8, 3, 6], [13, 5, 25, 18], [3, 29, 15, 31], [19, 30, 2, 11], [25, 22, 5, 26], [4, 1, 11, 23], [28, 22, 29, 27], [30, 25, 10, 24], [10, 26, 17, 15], [22, 12, 13, 3], [8, 30, 29, 17], [17, 12, 1, 2], [23, 0, 14, 12], [17, 1, 23, 21], [22, 15, 18, 3], [14, 7, 27, 21], [1, 18, 9, 24], [14, 11, 4, 16], [17, 1, 14, 31], [13, 17, 0, 21], [0, 31, 5, 6], [30, 11, 4, 28], [25, 14, 1, 6], [31, 3, 19, 12], [4, 26, 15, 10], [23, 11, 27, 21], [20, 13, 24, 29], [4, 27, 14, 7], [8, 18, 21, 31], [31, 13, 11, 0], [21, 9, 20, 14], [3, 31, 0, 23], [14, 1, 30, 13], [24, 27, 7, 25], [20, 8, 29, 10], [30, 31, 15, 28], [3, 0, 8, 6], [21, 25, 3, 12], [17, 23, 16, 19], [0, 21, 22, 16], [0, 29, 2, 4], [0, 21, 16, 11], [25, 31, 9, 23], [13, 18, 4, 21], [29, 21, 27, 18], [3, 0, 21, 29], [13, 7, 25, 24], [9, 15, 17, 19], [25, 21, 5, 24], [28, 21, 3, 9], [6, 28, 2, 15], [22, 29, 21, 28], [15, 29, 2, 20], [24, 19, 29, 9], [3, 14, 1, 17], [24, 12, 31, 18], [9, 10, 26, 4], [20, 24, 14, 16], [27, 2, 25, 20], [28, 15, 2, 11], [3, 8, 5, 21], [14, 1, 25, 10], [30, 3, 22, 27], [29, 26, 9, 13], [26, 8, 21, 7], [3, 23, 6, 10], [2, 1, 3, 24], [21, 19, 16, 4], [0, 2, 25, 7], [10, 9, 11, 18], [21, 27, 15, 7], [20, 31, 15, 26], [21, 18, 14, 6], [27, 28, 20, 30], [13, 1, 28, 22], [15, 27, 23, 24], [4, 9, 15, 31], [27, 11, 4, 9], [10, 9, 17, 22], [0, 6, 27, 25], [0, 3, 19, 31], [3, 23, 9, 1], [18, 1, 11, 0], [29, 5, 26, 9], [13, 19, 18, 29], [17, 7, 11, 28], [6, 31, 19, 30], [15, 11, 22, 2], [28, 25, 13, 16], [6, 10, 12, 22], [2, 9, 7, 18], [25, 20, 22, 5], [28, 4, 1, 25], [4, 6, 16, 7], [1, 8, 2, 14], [28, 26, 20, 10], [21, 0, 15, 20], [28, 31, 2, 3], [1, 11, 8, 22], [11, 1, 6, 23], [0, 4, 23, 7], [21, 14, 11, 5], [7, 9, 25, 11], [22, 23, 13, 24], [28, 15, 24, 3], [16, 25, 15, 22], [23, 1, 19, 22], [10, 14, 2, 19]]",4,1.2215361595153809,128,random,0.0,18560,4.0,124,1.3008462190628052,53,144 80 264 112,9277,0.49807581305503845,test,top_r_mean,0.0,0.0,0.25,0.375
0.013797563867629621,1.0,290,1.0,31,195.30709995888174,qasper,0.05333333333333334,0.5,0.02666666666666667,0.0,1912.13337:e97186c51d4af490dba6faaf833d269c8256426c,mean,0.3593604581792149,0.13958758115768433,"[[21, 19, 17, 26], [20, 7, 1, 29], [21, 16, 19, 31], [13, 1, 24, 10], [12, 16, 17, 8], [29, 22, 13, 15], [21, 28, 23, 1], [30, 5, 26, 23], [31, 26, 16, 10], [24, 19, 1, 29], [2, 18, 20, 9], [30, 27, 16, 2], [0, 6, 23, 31], [5, 9, 6, 2], [4, 1, 21, 8], [16, 4, 12, 6], [18, 6, 5, 24], [28, 10, 8, 1], [13, 4, 26, 18], [27, 13, 9, 1], [31, 14, 2, 0], [18, 30, 11, 8], [16, 30, 15, 31], [17, 24, 14, 23], [13, 15, 22, 27], [10, 2, 26, 23], [14, 25, 24, 21], [21, 6, 11, 19], [11, 3, 9, 21], [12, 24, 11, 26], [19, 20, 28, 29], [15, 5, 24, 1], [13, 2, 27, 14], [18, 0, 5, 26], [30, 20, 6, 9], [17, 5, 25, 0], [18, 26, 1, 16], [1, 18, 22, 9], [1, 18, 4, 2], [18, 29, 21, 19], [11, 26, 30, 4], [17, 6, 3, 4], [23, 20, 28, 11], [29, 18, 27, 0], [3, 10, 4, 30], [3, 31, 6, 28], [11, 6, 31, 24], [18, 4, 6, 14], [18, 28, 20, 16], [28, 27, 21, 14], [28, 20, 6, 22], [16, 8, 29, 4], [29, 20, 28, 4], [25, 17, 13, 10], [5, 8, 2, 17], [22, 17, 18, 27], [5, 15, 21, 23], [2, 29, 31, 14], [4, 22, 31, 0], [7, 29, 20, 23], [7, 6, 31, 0], [17, 5, 15, 22], [23, 1, 6, 28], [4, 28, 23, 3], [28, 18, 19, 20], [23, 19, 15, 2], [30, 3, 28, 0], [7, 24, 18, 20], [17, 6, 23, 3], [10, 20, 13, 21], [31, 0, 26, 5], [13, 14, 11, 3], [17, 31, 20, 23], [5, 0, 26, 19], [19, 27, 8, 9], [7, 2, 20, 22], [2, 26, 30, 19], [7, 27, 3, 24], [24, 2, 22, 30], [31, 15, 19, 4], [6, 9, 28, 13], [2, 26, 8, 17], [16, 28, 0, 20], [5, 26, 25, 28], [27, 8, 26, 31], [23, 9, 4, 13], [0, 25, 11, 19], [17, 7, 19, 26], [15, 17, 14, 16], [15, 24, 12, 30], [13, 30, 2, 23], [5, 17, 23, 1], [6, 28, 0, 22], [24, 16, 29, 14], [3, 23, 30, 28], [17, 15, 18, 14], [9, 5, 12, 25], [3, 29, 24, 28], [28, 21, 24, 22], [25, 10, 15, 8], [12, 16, 19, 15], [3, 15, 17, 31], [20, 3, 14, 30], [14, 16, 7, 28], [20, 17, 6, 24], [0, 21, 27, 8], [29, 14, 0, 9], [5, 0, 23, 1], [7, 29, 5, 26], [19, 18, 28, 22], [23, 18, 26, 1], [19, 31, 20, 30], [24, 30, 12, 4], [27, 4, 21, 15], [27, 12, 25, 15], [2, 17, 7, 20], [3, 6, 29, 13], [26, 29, 22, 10], [29, 8, 18, 20], [19, 16, 18, 28], [30, 9, 6, 28], [6, 26, 17, 7], [26, 20, 0, 8], [1, 3, 29, 9], [1, 15, 22, 4], [15, 25, 31, 0], [22, 14, 3, 26], [28, 0, 15, 5], [5, 7, 9, 17], [9, 20, 29, 30], [8, 26, 22, 5], [18, 5, 10, 13], [21, 16, 6, 5], [0, 8, 10, 1], [11, 31, 25, 14], [11, 4, 18, 5], [11, 2, 25, 22], [31, 11, 0, 18], [28, 24, 7, 8], [19, 0, 22, 8], [15, 30, 27, 4], [11, 15, 7, 0], [23, 10, 30, 31], [15, 22, 12, 0], [10, 31, 7, 6], [27, 7, 10, 1], [14, 23, 12, 15], [8, 16, 12, 0], [14, 2, 9, 0], [0, 6, 1, 20], [9, 5, 25, 7], [14, 19, 25, 27], [19, 0, 31, 17], [7, 3, 12, 28], [2, 10, 28, 6], [14, 5, 27, 15], [3, 20, 31, 0], [1, 8, 12, 0], [31, 22, 2, 15], [20, 11, 27, 2], [15, 27, 4, 29], [17, 4, 15, 23], [26, 22, 9, 12], [28, 20, 19, 22], [20, 18, 21, 25], [1, 28, 20, 21], [20, 8, 30, 12], [31, 11, 21, 29], [24, 22, 19, 3], [10, 24, 19, 7], [14, 6, 30, 15], [28, 30, 23, 0], [27, 13, 17, 6], [16, 19, 15, 9], [17, 26, 2, 24], [8, 17, 19, 16], [18, 26, 17, 28], [25, 20, 31, 9], [17, 9, 7, 0], [19, 15, 10, 4], [0, 24, 9, 10], [9, 0, 11, 15], [19, 29, 31, 7], [27, 5, 14, 18], [12, 28, 24, 1], [14, 15, 26, 27], [6, 22, 31, 14], [9, 27, 25, 3], [16, 28, 8, 27], [5, 23, 7, 6], [10, 24, 21, 18], [9, 17, 4, 0], [9, 22, 18, 5], [30, 27, 11, 24], [27, 9, 21, 1], [4, 1, 3, 0], [28, 0, 24, 5], [31, 25, 3, 20], [16, 28, 5, 4], [28, 4, 27, 25], [15, 2, 22, 13], [24, 20, 10, 19], [5, 26, 24, 21], [14, 25, 9, 29], [13, 11, 6, 9], [7, 26, 17, 18], [24, 0, 8, 17], [8, 14, 25, 1], [27, 0, 19, 13], [28, 24, 22, 23], [16, 28, 1, 2], [30, 1, 26, 0], [5, 15, 21, 0], [11, 28, 24, 4], [6, 15, 18, 8], [27, 12, 28, 8], [9, 27, 8, 6], [10, 30, 0, 21], [9, 8, 0, 14], [26, 0, 11, 2], [8, 27, 31, 20], [9, 2, 30, 18], [20, 8, 13, 0], [8, 11, 12, 4], [21, 4, 29, 25], [26, 27, 29, 11], [30, 23, 13, 0], [31, 3, 14, 23], [29, 14, 27, 25], [12, 30, 13, 23], [22, 27, 8, 7], [6, 0, 13, 31], [26, 31, 11, 30], [14, 17, 28, 11], [11, 21, 0, 28], [29, 9, 6, 31], [28, 13, 20, 12], [24, 3, 12, 5], [15, 30, 14, 26], [24, 17, 31, 21], [3, 1, 9, 24], [14, 6, 1, 7], [20, 16, 14, 1], [28, 20, 19, 7], [19, 26, 11, 9], [13, 10, 4, 8], [23, 15, 9, 26], [5, 21, 1, 20], [4, 9, 13, 28], [13, 25, 4, 27], [7, 30, 1, 27], [26, 18, 25, 0], [20, 28, 31, 13], [27, 7, 5, 14], [2, 3, 18, 10], [4, 30, 1, 23], [11, 15, 12, 18], [16, 15, 7, 26], [4, 13, 21, 28], [20, 1, 10, 8], [21, 18, 15, 7], [0, 3, 16, 22], [10, 26, 27, 20], [17, 1, 21, 12], [7, 18, 16, 5], [2, 24, 4, 3], [0, 5, 7, 2], [12, 3, 18, 9], [27, 1, 9, 26], [14, 21, 1, 13], [12, 21, 2, 30], [27, 7, 26, 17], [7, 17, 29, 11], [23, 25, 8, 16], [7, 16, 18, 26], [11, 0, 28, 8], [14, 2, 1, 10], [23, 0, 30, 3], [31, 28, 7, 27], [30, 20, 13, 24], [17, 30, 31, 9], [0, 30, 24, 31], [13, 29, 14, 2], [2, 17, 20, 30], [11, 27, 26, 2], [27, 13, 21, 1], [27, 23, 28, 9], [20, 29, 3, 16], [3, 26, 25, 8], [14, 17, 9, 6]]",4,1.2239104509353638,128,random,0.5,18560,4.0,124,1.309824824333191,71,208 56 72 288,9277,0.5108076333999634,test,top_r_mean,0.0,0.0,0.0,0.25
0.013797563867629621,1.0,290,1.0,31,206.80540008470416,qasper,0.05333333333333334,0.25,0.013333333333333334,0.0,1912.13337:e97186c51d4af490dba6faaf833d269c8256426c,mean,0.39496480133635603,0.13308146595954895,"[[24, 25, 26, 27, 28, 29, 30, 31], [24, 25, 26, 27, 28, 29, 30, 31], [24, 25, 26, 27, 28, 29, 30, 31], [24, 25, 26, 27, 28, 29, 30, 31], [24, 25, 26, 27, 28, 29, 30, 31], [24, 25, 26, 27, 28, 29, 30, 31], [24, 25, 26, 27, 28, 29, 30, 31], [24, 25, 26, 27, 28, 29, 30, 31], [24, 25, 26, 27, 28, 29, 30, 31], [24, 25, 26, 27, 28, 29, 30, 31], [24, 25, 26, 27, 28, 29, 30, 31], [24, 25, 26, 27, 28, 29, 30, 31], [24, 25, 26, 27, 28, 29, 30, 31], [24, 25, 26, 27, 28, 29, 30, 31], [24, 25, 26, 27, 28, 29, 30, 31], [24, 25, 26, 27, 28, 29, 30, 31], [24, 25, 26, 27, 28, 29, 30, 31], [24, 25, 26, 27, 28, 29, 30, 31], [24, 25, 26, 27, 28, 29, 30, 31], [24, 25, 26, 27, 28, 29, 30, 31], [24, 25, 26, 27, 28, 29, 30, 31], [24, 25, 26, 27, 28, 29, 30, 31], [24, 25, 26, 27, 28, 29, 30, 31], [24, 25, 26, 27, 28, 29, 30, 31], [24, 25, 26, 27, 28, 29, 30, 31], [24, 25, 26, 27, 28, 29, 30, 31], [24, 25, 26, 27, 28, 29, 30, 31], [24, 25, 26, 27, 28, 29, 30, 31], [24, 25, 26, 27, 28, 29, 30, 31], [24, 25, 26, 27, 28, 29, 30, 31], [24, 25, 26, 27, 28, 29, 30, 31], [24, 25, 26, 27, 28, 29, 30, 31], [24, 25, 26, 27, 28, 29, 30, 31], [24, 25, 26, 27, 28, 29, 30, 31], [24, 25, 26, 27, 28, 29, 30, 31], [24, 25, 26, 27, 28, 29, 30, 31], [24, 25, 26, 27, 28, 29, 30, 31], [24, 25, 26, 27, 28, 29, 30, 31], [24, 25, 26, 27, 28, 29, 30, 31], [24, 25, 26, 27, 28, 29, 30, 31], [24, 25, 26, 27, 28, 29, 30, 31], [24, 25, 26, 27, 28, 29, 30, 31], [24, 25, 26, 27, 28, 29, 30, 31], [24, 25, 26, 27, 28, 29, 30, 31], [24, 25, 26, 27, 28, 29, 30, 31], [24, 25, 26, 27, 28, 29, 30, 31], [24, 25, 26, 27, 28, 29, 30, 31], [24, 25, 26, 27, 28, 29, 30, 31], [24, 25, 26, 27, 28, 29, 30, 31], [24, 25, 26, 27, 28, 29, 30, 31], [24, 25, 26, 27, 28, 29, 30, 31], [24, 25, 26, 27, 28, 29, 30, 31], [24, 25, 26, 27, 28, 29, 30, 31], [24, 25, 26, 27, 28, 29, 30, 31], [24, 25, 26, 27, 28, 29, 30, 31], [24, 25, 26, 27, 28, 29, 30, 31], [24, 25, 26, 27, 28, 29, 30, 31], [24, 25, 26, 27, 28, 29, 30, 31], [24, 25, 26, 27, 28, 29, 30, 31], [24, 25, 26, 27, 28, 29, 30, 31], [24, 25, 26, 27, 28, 29, 30, 31], [24, 25, 26, 27, 28, 29, 30, 31], [24, 25, 26, 27, 28, 29, 30, 31], [24, 25, 26, 27, 28, 29, 30, 31], [24, 25, 26, 27, 28, 29, 30, 31], [24, 25, 26, 27, 28, 29, 30, 31], [24, 25, 26, 27, 28, 29, 30, 31], [24, 25, 26, 27, 28, 29, 30, 31], [24, 25, 26, 27, 28, 29, 30, 31], [24, 25, 26, 27, 28, 29, 30, 31], [24, 25, 26, 27, 28, 29, 30, 31], [24, 25, 26, 27, 28, 29, 30, 31], [24, 25, 26, 27, 28, 29, 30, 31], [24, 25, 26, 27, 28, 29, 30, 31], [24, 25, 26, 27, 28, 29, 30, 31], [24, 25, 26, 27, 28, 29, 30, 31], [24, 25, 26, 27, 28, 29, 30, 31], [24, 25, 26, 27, 28, 29, 30, 31], [24, 25, 26, 27, 28, 29, 30, 31], [24, 25, 26, 27, 28, 29, 30, 31], [24, 25, 26, 27, 28, 29, 30, 31], [24, 25, 26, 27, 28, 29, 30, 31], [24, 25, 26, 27, 28, 29, 30, 31], [24, 25, 26, 27, 28, 29, 30, 31], [24, 25, 26, 27, 28, 29, 30, 31], [24, 25, 26, 27, 28, 29, 30, 31], [24, 25, 26, 27, 28, 29, 30, 31], [24, 25, 26, 27, 28, 29, 30, 31], [24, 25, 26, 27, 28, 29, 30, 31], [24, 25, 26, 27, 28, 29, 30, 31], [24, 25, 26, 27, 28, 29, 30, 31], [24, 25, 26, 27, 28, 29, 30, 31], [24, 25, 26, 27, 28, 29, 30, 31], [24, 25, 26, 27, 28, 29, 30, 31], [24, 25, 26, 27, 28, 29, 30, 31], [24, 25, 26, 27, 28, 29, 30, 31], [24, 25, 26, 27, 28, 29, 30, 31], [24, 25, 26, 27, 28, 29, 30, 31], [24, 25, 26, 27, 28, 29, 30, 31], [24, 25, 26, 27, 28, 29, 30, 31], [24, 25, 26, 27, 28, 29, 30, 31], [24, 25, 26, 27, 28, 29, 30, 31], [24, 25, 26, 27, 28, 29, 30, 31], [24, 25, 26, 27, 28, 29, 30, 31], [24, 25, 26, 27, 28, 29, 30, 31], [24, 25, 26, 27, 28, 29, 30, 31], [24, 25, 26, 27, 28, 29, 30, 31], [24, 25, 26, 27, 28, 29, 30, 31], [24, 25, 26, 27, 28, 29, 30, 31], [24, 25, 26, 27, 28, 29, 30, 31], [24, 25, 26, 27, 28, 29, 30, 31], [24, 25, 26, 27, 28, 29, 30, 31], [24, 25, 26, 27, 28, 29, 30, 31], [24, 25, 26, 27, 28, 29, 30, 31], [24, 25, 26, 27, 28, 29, 30, 31], [24, 25, 26, 27, 28, 29, 30, 31], [24, 25, 26, 27, 28, 29, 30, 31], [24, 25, 26, 27, 28, 29, 30, 31], [24, 25, 26, 27, 28, 29, 30, 31], [24, 25, 26, 27, 28, 29, 30, 31], [24, 25, 26, 27, 28, 29, 30, 31], [24, 25, 26, 27, 28, 29, 30, 31], [24, 25, 26, 27, 28, 29, 30, 31], [24, 25, 26, 27, 28, 29, 30, 31], [24, 25, 26, 27, 28, 29, 30, 31], [24, 25, 26, 27, 28, 29, 30, 31], [24, 25, 26, 27, 28, 29, 30, 31], [24, 25, 26, 27, 28, 29, 30, 31], [24, 25, 26, 27, 28, 29, 30, 31], [24, 25, 26, 27, 28, 29, 30, 31], [24, 25, 26, 27, 28, 29, 30, 31], [24, 25, 26, 27, 28, 29, 30, 31], [24, 25, 26, 27, 28, 29, 30, 31], [24, 25, 26, 27, 28, 29, 30, 31], [24, 25, 26, 27, 28, 29, 30, 31], [24, 25, 26, 27, 28, 29, 30, 31], [24, 25, 26, 27, 28, 29, 30, 31], [24, 25, 26, 27, 28, 29, 30, 31], [24, 25, 26, 27, 28, 29, 30, 31], [24, 25, 26, 27, 28, 29, 30, 31], [24, 25, 26, 27, 28, 29, 30, 31], [24, 25, 26, 27, 28, 29, 30, 31], [24, 25, 26, 27, 28, 29, 30, 31], [24, 25, 26, 27, 28, 29, 30, 31], [24, 25, 26, 27, 28, 29, 30, 31], [24, 25, 26, 27, 28, 29, 30, 31], [24, 25, 26, 27, 28, 29, 30, 31], [24, 25, 26, 27, 28, 29, 30, 31], [24, 25, 26, 27, 28, 29, 30, 31], [24, 25, 26, 27, 28, 29, 30, 31], [24, 25, 26, 27, 28, 29, 30, 31], [24, 25, 26, 27, 28, 29, 30, 31], [24, 25, 26, 27, 28, 29, 30, 31], [24, 25, 26, 27, 28, 29, 30, 31], [24, 25, 26, 27, 28, 29, 30, 31], [24, 25, 26, 27, 28, 29, 30, 31], [24, 25, 26, 27, 28, 29, 30, 31], [24, 25, 26, 27, 28, 29, 30, 31], [24, 25, 26, 27, 28, 29, 30, 31], [24, 25, 26, 27, 28, 29, 30, 31], [24, 25, 26, 27, 28, 29, 30, 31], [24, 25, 26, 27, 28, 29, 30, 31], [24, 25, 26, 27, 28, 29, 30, 31], [24, 25, 26, 27, 28, 29, 30, 31], [24, 25, 26, 27, 28, 29, 30, 31], [24, 25, 26, 27, 28, 29, 30, 31], [24, 25, 26, 27, 28, 29, 30, 31], [24, 25, 26, 27, 28, 29, 30, 31], [24, 25, 26, 27, 28, 29, 30, 31], [24, 25, 26, 27, 28, 29, 30, 31], [24, 25, 26, 27, 28, 29, 30, 31], [24, 25, 26, 27, 28, 29, 30, 31], [24, 25, 26, 27, 28, 29, 30, 31], [24, 25, 26, 27, 28, 29, 30, 31], [24, 25, 26, 27, 28, 29, 30, 31], [24, 25, 26, 27, 28, 29, 30, 31], [24, 25, 26, 27, 28, 29, 30, 31], [24, 25, 26, 27, 28, 29, 30, 31], [24, 25, 26, 27, 28, 29, 30, 31], [24, 25, 26, 27, 28, 29, 30, 31], [24, 25, 26, 27, 28, 29, 30, 31], [24, 25, 26, 27, 28, 29, 30, 31], [24, 25, 26, 27, 28, 29, 30, 31], [24, 25, 26, 27, 28, 29, 30, 31], [24, 25, 26, 27, 28, 29, 30, 31], [24, 25, 26, 27, 28, 29, 30, 31], [24, 25, 26, 27, 28, 29, 30, 31], [24, 25, 26, 27, 28, 29, 30, 31], [24, 25, 26, 27, 28, 29, 30, 31], [24, 25, 26, 27, 28, 29, 30, 31], [24, 25, 26, 27, 28, 29, 30, 31], [24, 25, 26, 27, 28, 29, 30, 31], [24, 25, 26, 27, 28, 29, 30, 31], [24, 25, 26, 27, 28, 29, 30, 31], [24, 25, 26, 27, 28, 29, 30, 31], [24, 25, 26, 27, 28, 29, 30, 31], [24, 25, 26, 27, 28, 29, 30, 31], [24, 25, 26, 27, 28, 29, 30, 31], [24, 25, 26, 27, 28, 29, 30, 31], [24, 25, 26, 27, 28, 29, 30, 31], [24, 25, 26, 27, 28, 29, 30, 31], [24, 25, 26, 27, 28, 29, 30, 31], [24, 25, 26, 27, 28, 29, 30, 31], [24, 25, 26, 27, 28, 29, 30, 31], [24, 25, 26, 27, 28, 29, 30, 31], [24, 25, 26, 27, 28, 29, 30, 31], [24, 25, 26, 27, 28, 29, 30, 31], [24, 25, 26, 27, 28, 29, 30, 31], [24, 25, 26, 27, 28, 29, 30, 31], [24, 25, 26, 27, 28, 29, 30, 31], [24, 25, 26, 27, 28, 29, 30, 31], [24, 25, 26, 27, 28, 29, 30, 31], [24, 25, 26, 27, 28, 29, 30, 31], [24, 25, 26, 27, 28, 29, 30, 31], [24, 25, 26, 27, 28, 29, 30, 31], [24, 25, 26, 27, 28, 29, 30, 31], [24, 25, 26, 27, 28, 29, 30, 31], [24, 25, 26, 27, 28, 29, 30, 31], [24, 25, 26, 27, 28, 29, 30, 31], [24, 25, 26, 27, 28, 29, 30, 31], [24, 25, 26, 27, 28, 29, 30, 31], [24, 25, 26, 27, 28, 29, 30, 31], [24, 25, 26, 27, 28, 29, 30, 31], [24, 25, 26, 27, 28, 29, 30, 31], [24, 25, 26, 27, 28, 29, 30, 31], [24, 25, 26, 27, 28, 29, 30, 31], [24, 25, 26, 27, 28, 29, 30, 31], [24, 25, 26, 27, 28, 29, 30, 31], [24, 25, 26, 27, 28, 29, 30, 31], [24, 25, 26, 27, 28, 29, 30, 31], [24, 25, 26, 27, 28, 29, 30, 31], [24, 25, 26, 27, 28, 29, 30, 31], [24, 25, 26, 27, 28, 29, 30, 31], [24, 25, 26, 27, 28, 29, 30, 31], [24, 25, 26, 27, 28, 29, 30, 31], [24, 25, 26, 27, 28, 29, 30, 31], [24, 25, 26, 27, 28, 29, 30, 31], [24, 25, 26, 27, 28, 29, 30, 31], [24, 25, 26, 27, 28, 29, 30, 31], [24, 25, 26, 27, 28, 29, 30, 31], [24, 25, 26, 27, 28, 29, 30, 31], [24, 25, 26, 27, 28, 29, 30, 31], [24, 25, 26, 27, 28, 29, 30, 31], [24, 25, 26, 27, 28, 29, 30, 31], [24, 25, 26, 27, 28, 29, 30, 31], [24, 25, 26, 27, 28, 29, 30, 31], [24, 25, 26, 27, 28, 29, 30, 31], [24, 25, 26, 27, 28, 29, 30, 31], [24, 25, 26, 27, 28, 29, 30, 31], [24, 25, 26, 27, 28, 29, 30, 31], [24, 25, 26, 27, 28, 29, 30, 31], [24, 25, 26, 27, 28, 29, 30, 31], [24, 25, 26, 27, 28, 29, 30, 31], [24, 25, 26, 27, 28, 29, 30, 31], [24, 25, 26, 27, 28, 29, 30, 31], [24, 25, 26, 27, 28, 29, 30, 31], [24, 25, 26, 27, 28, 29, 30, 31], [24, 25, 26, 27, 28, 29, 30, 31], [24, 25, 26, 27, 28, 29, 30, 31], [24, 25, 26, 27, 28, 29, 30, 31], [24, 25, 26, 27, 28, 29, 30, 31], [24, 25, 26, 27, 28, 29, 30, 31], [24, 25, 26, 27, 28, 29, 30, 31], [24, 25, 26, 27, 28, 29, 30, 31], [24, 25, 26, 27, 28, 29, 30, 31], [24, 25, 26, 27, 28, 29, 30, 31], [24, 25, 26, 27, 28, 29, 30, 31], [24, 25, 26, 27, 28, 29, 30, 31], [24, 25, 26, 27, 28, 29, 30, 31], [24, 25, 26, 27, 28, 29, 30, 31], [24, 25, 26, 27, 28, 29, 30, 31], [24, 25, 26, 27, 28, 29, 30, 31], [24, 25, 26, 27, 28, 29, 30, 31], [24, 25, 26, 27, 28, 29, 30, 31], [24, 25, 26, 27, 28, 29, 30, 31], [24, 25, 26, 27, 28, 29, 30, 31], [24, 25, 26, 27, 28, 29, 30, 31], [24, 25, 26, 27, 28, 29, 30, 31], [24, 25, 26, 27, 28, 29, 30, 31], [24, 25, 26, 27, 28, 29, 30, 31], [24, 25, 26, 27, 28, 29, 30, 31], [24, 25, 26, 27, 28, 29, 30, 31], [24, 25, 26, 27, 28, 29, 30, 31], [24, 25, 26, 27, 28, 29, 30, 31], [24, 25, 26, 27, 28, 29, 30, 31], [24, 25, 26, 27, 28, 29, 30, 31], [24, 25, 26, 27, 28, 29, 30, 31], [24, 25, 26, 27, 28, 29, 30, 31], [24, 25, 26, 27, 28, 29, 30, 31], [21, 22, 23, 24, 25, 26, 27, 28]]",8,0.7218876481056213,128,last,0.25,37120,4.0,124,0.8437817692756653,0,205 82 75 26,9277,0.5455966591835022,test,top_r_mean,0.0,0.0,0.0,0.0
0.013797563867629621,1.0,290,1.0,31,186.55409989878535,qasper,0.05333333333333334,0.25,0.013333333333333334,0.0,1912.13337:e97186c51d4af490dba6faaf833d269c8256426c,mean,0.6239112277771149,0.02301979809999466,"[[11, 0, 8, 1, 16, 26, 5, 18], [5, 14, 31, 13, 18, 30, 9, 12], [10, 2, 5, 0, 28, 18, 15, 6], [15, 2, 20, 10, 3, 14, 17, 11], [27, 31, 4, 15, 8, 29, 9, 2], [26, 0, 13, 25, 10, 5, 1, 14], [10, 20, 9, 29, 27, 21, 12, 31], [10, 24, 25, 0, 27, 8, 26, 9], [18, 0, 30, 13, 29, 21, 20, 10], [3, 25, 24, 19, 1, 27, 21, 7], [27, 3, 6, 22, 5, 7, 11, 14], [30, 12, 25, 10, 0, 23, 16, 7], [27, 1, 4, 23, 0, 16, 5, 21], [22, 14, 4, 30, 23, 29, 17, 15], [12, 24, 30, 17, 18, 3, 26, 4], [23, 31, 28, 18, 16, 1, 8, 3], [3, 0, 8, 25, 31, 24, 26, 9], [4, 16, 24, 27, 0, 15, 22, 14], [30, 4, 25, 19, 28, 24, 3, 11], [16, 31, 9, 17, 6, 13, 27, 21], [13, 5, 0, 27, 4, 7, 26, 2], [17, 7, 15, 13, 5, 16, 22, 19], [3, 1, 12, 8, 10, 18, 2, 15], [12, 30, 2, 17, 29, 7, 22, 3], [10, 0, 15, 19, 22, 27, 23, 14], [5, 30, 4, 7, 20, 6, 16, 29], [27, 0, 2, 26, 4, 18, 20, 14], [2, 10, 16, 15, 13, 21, 30, 14], [16, 8, 18, 11, 14, 23, 26, 6], [8, 1, 0, 5, 6, 12, 4, 16], [22, 11, 3, 14, 13, 5, 8, 10], [19, 29, 28, 6, 5, 17, 0, 14], [22, 0, 14, 11, 15, 18, 20, 31], [26, 17, 30, 18, 20, 9, 28, 16], [30, 1, 19, 16, 15, 18, 24, 14], [22, 3, 24, 7, 21, 25, 2, 8], [2, 5, 27, 7, 19, 31, 8, 25], [5, 20, 11, 23, 4, 15, 26, 19], [7, 11, 12, 30, 25, 10, 31, 22], [15, 25, 19, 5, 8, 20, 22, 0], [21, 0, 23, 18, 1, 31, 9, 8], [8, 13, 11, 20, 29, 22, 15, 1], [12, 29, 30, 6, 20, 4, 15, 8], [12, 23, 27, 31, 13, 29, 4, 28], [10, 0, 1, 5, 13, 6, 29, 25], [8, 29, 5, 21, 11, 22, 4, 7], [22, 12, 24, 18, 11, 30, 27, 16], [26, 0, 6, 14, 15, 7, 31, 1], [13, 0, 22, 27, 23, 15, 1, 24], [10, 6, 5, 23, 29, 13, 18, 8], [30, 19, 4, 22, 18, 28, 9, 15], [20, 8, 5, 7, 2, 21, 19, 0], [19, 6, 16, 10, 30, 24, 13, 5], [8, 14, 31, 28, 9, 0, 5, 27], [9, 12, 5, 21, 17, 23, 20, 3], [30, 16, 22, 28, 1, 6, 23, 0], [19, 0, 2, 9, 16, 8, 7, 1], [4, 22, 29, 17, 9, 23, 6, 27], [31, 10, 14, 24, 20, 27, 5, 22], [2, 4, 3, 25, 13, 1, 26, 15], [22, 7, 20, 10, 5, 29, 31, 18], [6, 24, 23, 22, 27, 4, 28, 19], [18, 11, 28, 9, 0, 25, 10, 2], [10, 26, 30, 20, 21, 12, 6, 18], [30, 0, 29, 11, 20, 1, 13, 17], [19, 29, 26, 28, 30, 1, 10, 11], [13, 17, 16, 6, 0, 23, 3, 25], [3, 8, 4, 18, 22, 15, 17, 12], [7, 2, 5, 12, 19, 16, 29, 31], [24, 3, 15, 1, 5, 10, 17, 2], [20, 9, 23, 11, 25, 14, 17, 5], [28, 18, 25, 12, 31, 2, 1, 22], [9, 0, 24, 27, 25, 8, 31, 28], [26, 4, 2, 10, 16, 25, 17, 8], [10, 0, 30, 27, 6, 12, 4, 28], [6, 1, 0, 27, 4, 26, 11, 29], [26, 10, 22, 18, 12, 5, 8, 15], [22, 18, 17, 4, 21, 26, 6, 0], [16, 4, 11, 29, 5, 28, 8, 10], [17, 25, 19, 10, 6, 24, 9, 31], [19, 0, 16, 12, 10, 3, 1, 26], [4, 0, 8, 9, 11, 3, 14, 29], [31, 11, 16, 25, 0, 26, 20, 24], [22, 6, 7, 2, 18, 14, 21, 16], [16, 22, 12, 29, 30, 23, 14, 19], [5, 12, 25, 13, 24, 16, 3, 30], [1, 9, 7, 12, 11, 31, 8, 27], [18, 2, 0, 24, 6, 3, 9, 13], [23, 0, 16, 15, 9, 1, 8, 3], [11, 26, 6, 8, 19, 28, 31, 21], [11, 28, 30, 16, 0, 3, 27, 1], [11, 3, 26, 0, 6, 7, 14, 22], [10, 13, 9, 25, 7, 28, 16, 0], [27, 4, 8, 26, 13, 21, 3, 17], [13, 20, 8, 4, 24, 30, 18, 12], [5, 11, 7, 27, 8, 25, 20, 22], [23, 0, 10, 28, 6, 14, 16, 1], [24, 6, 20, 15, 21, 13, 14, 7], [5, 16, 21, 27, 3, 15, 18, 20], [14, 22, 1, 12, 27, 4, 2, 23], [2, 9, 20, 18, 30, 0, 16, 27], [19, 13, 7, 30, 22, 27, 6, 12], [17, 0, 24, 20, 14, 25, 31, 22], [16, 6, 30, 17, 22, 8, 7, 15], [20, 0, 22, 23, 18, 3, 16, 10], [17, 3, 24, 4, 2, 25, 5, 28], [10, 22, 7, 16, 26, 19, 18, 25], [19, 1, 15, 16, 29, 21, 6, 17], [29, 16, 11, 8, 4, 31, 28, 14], [24, 21, 28, 20, 10, 31, 27, 23], [31, 9, 20, 27, 19, 23, 10, 6], [26, 23, 22, 1, 25, 12, 11, 9], [11, 0, 1, 30, 28, 7, 12, 18], [19, 27, 5, 2, 1, 25, 28, 17], [19, 1, 10, 22, 0, 8, 24, 3], [25, 14, 22, 4, 21, 13, 8, 1], [28, 17, 24, 14, 21, 31, 15, 19], [3, 18, 7, 26, 17, 5, 1, 12], [30, 11, 8, 15, 10, 1, 14, 27], [12, 21, 9, 0, 16, 22, 28, 4], [21, 0, 5, 8, 27, 17, 25, 1], [21, 28, 13, 30, 1, 12, 17, 4], [6, 19, 8, 2, 24, 16, 15, 26], [3, 12, 27, 6, 14, 0, 22, 30], [20, 19, 6, 24, 9, 18, 15, 0], [17, 22, 11, 7, 13, 28, 30, 10], [17, 4, 13, 21, 28, 29, 30, 8], [0, 16, 15, 22, 5, 7, 24, 29], [11, 0, 6, 3, 7, 21, 17, 26], [21, 14, 24, 28, 7, 1, 13, 12], [26, 10, 30, 29, 8, 9, 28, 4], [3, 9, 30, 27, 8, 16, 29, 26], [11, 4, 28, 21, 31, 9, 3, 0], [19, 27, 15, 11, 24, 29, 6, 8], [2, 10, 29, 21, 12, 22, 3, 25], [20, 1, 2, 0, 31, 30, 16, 8], [3, 0, 28, 29, 7, 24, 1, 20], [23, 20, 11, 2, 8, 14, 24, 31], [4, 30, 3, 26, 21, 14, 0, 9], [8, 5, 25, 11, 31, 15, 26, 29], [4, 26, 30, 25, 22, 2, 16, 14], [6, 22, 20, 26, 21, 3, 31, 16], [9, 0, 14, 5, 3, 20, 24, 31], [0, 17, 9, 27, 16, 13, 21, 6], [26, 0, 31, 30, 5, 13, 21, 15], [14, 8, 12, 23, 31, 7, 27, 10], [12, 3, 25, 27, 28, 5, 11, 9], [20, 24, 12, 31, 5, 21, 28, 13], [14, 0, 24, 31, 8, 9, 6, 21], [13, 5, 4, 17, 30, 16, 26, 8], [1, 15, 19, 12, 8, 22, 20, 21], [7, 19, 27, 30, 21, 26, 16, 9], [3, 0, 18, 13, 12, 19, 30, 1], [15, 14, 22, 16, 13, 23, 7, 0], [8, 17, 19, 4, 1, 28, 21, 16], [25, 16, 14, 19, 29, 11, 17, 3], [18, 25, 31, 22, 5, 29, 11, 9], [15, 30, 25, 11, 8, 31, 21, 5], [8, 15, 17, 25, 22, 16, 20, 31], [18, 30, 15, 11, 8, 16, 20, 7], [14, 0, 7, 3, 23, 1, 16, 20], [25, 1, 2, 8, 9, 11, 0, 23], [8, 12, 26, 16, 6, 0, 23, 11], [16, 19, 22, 21, 31, 12, 2, 28], [29, 21, 9, 10, 4, 28, 13, 22], [14, 19, 18, 1, 31, 21, 23, 6], [29, 15, 0, 2, 12, 4, 18, 7], [4, 8, 17, 20, 0, 13, 16, 7], [13, 0, 17, 10, 25, 23, 19, 9], [27, 22, 26, 2, 16, 10, 14, 9], [4, 22, 19, 20, 16, 21, 28, 18], [0, 21, 17, 29, 31, 19, 26, 2], [2, 24, 21, 31, 26, 5, 30, 19], [4, 9, 19, 8, 6, 22, 1, 11], [20, 28, 2, 12, 14, 10, 31, 6], [12, 21, 19, 17, 8, 25, 20, 23], [5, 0, 20, 30, 26, 18, 22, 4], [24, 5, 23, 15, 10, 9, 6, 7], [10, 29, 26, 24, 31, 11, 3, 27], [21, 0, 4, 8, 9, 31, 2, 27], [28, 8, 19, 20, 21, 31, 12, 7], [29, 15, 6, 23, 7, 22, 31, 14], [7, 10, 29, 0, 18, 31, 4, 13], [4, 28, 17, 30, 19, 31, 29, 20], [18, 0, 10, 1, 31, 21, 9, 29], [28, 21, 20, 26, 17, 6, 12, 23], [16, 10, 30, 25, 13, 4, 0, 18], [1, 29, 7, 17, 18, 30, 13, 15], [12, 17, 22, 16, 7, 18, 8, 0], [13, 20, 22, 17, 30, 7, 2, 16], [12, 16, 3, 27, 2, 17, 5, 29], [29, 8, 3, 7, 25, 6, 4, 5], [20, 0, 5, 15, 26, 8, 7, 19], [17, 29, 27, 12, 5, 26, 14, 9], [19, 4, 17, 9, 14, 13, 22, 1], [15, 28, 26, 29, 10, 8, 24, 3], [21, 29, 4, 16, 11, 13, 12, 8], [11, 29, 1, 2, 6, 21, 16, 24], [13, 0, 10, 17, 12, 1, 31, 21], [25, 2, 29, 17, 0, 31, 9, 7], [7, 0, 2, 1, 15, 17, 31, 8], [3, 6, 5, 7, 19, 24, 20, 0], [3, 23, 31, 26, 30, 1, 21, 9], [28, 22, 2, 21, 25, 13, 8, 15], [15, 30, 9, 12, 22, 17, 31, 14], [7, 15, 3, 11, 27, 31, 17, 9], [30, 13, 10, 25, 20, 3, 14, 29], [2, 27, 21, 12, 25, 23, 31, 8], [13, 0, 14, 1, 21, 11, 5, 17], [11, 6, 7, 29, 26, 4, 20, 28], [15, 3, 21, 30, 22, 14, 12, 23], [26, 4, 1, 19, 5, 15, 10, 7], [19, 1, 16, 2, 3, 28, 20, 11], [28, 8, 11, 29, 22, 9, 10, 31], [8, 11, 27, 3, 19, 24, 29, 6], [26, 0, 17, 6, 8, 10, 1, 24], [25, 0, 20, 29, 26, 17, 14, 6], [24, 30, 21, 27, 22, 5, 2, 3], [15, 11, 2, 8, 5, 20, 17, 19], [2, 15, 18, 20, 10, 14, 29, 19], [26, 5, 23, 4, 16, 12, 22, 1], [3, 31, 30, 24, 21, 18, 15, 29], [11, 2, 23, 27, 7, 14, 3, 26], [15, 0, 19, 31, 6, 4, 13, 17], [18, 0, 7, 8, 5, 4, 14, 28], [5, 13, 20, 24, 27, 14, 4, 21], [2, 7, 4, 25, 30, 26, 29, 27], [3, 15, 8, 16, 5, 22, 14, 11], [14, 4, 28, 22, 0, 27, 21, 29], [22, 18, 19, 11, 14, 31, 6, 10], [23, 27, 14, 7, 28, 26, 20, 31], [30, 2, 9, 28, 19, 27, 3, 10], [21, 0, 2, 13, 6, 12, 29, 30], [19, 12, 11, 22, 15, 1, 3, 25], [27, 4, 9, 1, 8, 16, 12, 20], [27, 21, 25, 10, 1, 5, 8, 22], [11, 29, 17, 30, 18, 22, 0, 25], [16, 7, 13, 26, 11, 24, 19, 29], [19, 28, 6, 11, 22, 4, 29, 16], [29, 24, 21, 14, 8, 23, 25, 26], [19, 0, 3, 25, 20, 28, 14, 6], [11, 21, 20, 17, 8, 0, 26, 19], [31, 20, 15, 0, 14, 8, 27, 17], [10, 18, 31, 1, 23, 30, 0, 19], [17, 13, 15, 12, 27, 7, 14, 1], [30, 4, 20, 28, 16, 11, 5, 24], [21, 17, 7, 31, 11, 18, 15, 0], [21, 20, 5, 18, 26, 19, 31, 28], [22, 0, 5, 4, 18, 1, 9, 28], [27, 22, 29, 15, 23, 2, 24, 20], [5, 12, 11, 22, 2, 14, 29, 18], [21, 10, 25, 9, 12, 17, 24, 23], [19, 10, 28, 7, 0, 24, 27, 11], [15, 20, 1, 21, 19, 28, 30, 17], [12, 31, 30, 9, 13, 2, 18, 19], [15, 25, 4, 30, 0, 26, 6, 29], [5, 0, 9, 8, 22, 14, 10, 18], [30, 25, 17, 26, 22, 7, 11, 12], [30, 18, 28, 19, 14, 26, 20, 24], [19, 6, 15, 23, 13, 2, 18, 26], [11, 13, 28, 12, 8, 21, 2, 1], [24, 1, 22, 0, 28, 4, 20, 29], [7, 5, 20, 28, 30, 11, 0, 6], [7, 13, 24, 23, 15, 5, 31, 29], [10, 0, 31, 9, 22, 6, 1, 16], [26, 0, 31, 5, 29, 18, 22, 23], [23, 15, 1, 4, 28, 21, 31, 12], [14, 27, 6, 7, 24, 8, 22, 1], [31, 20, 5, 28, 26, 12, 21, 22], [11, 8, 21, 29, 1, 23, 27, 9], [31, 7, 10, 13, 6, 15, 28, 3], [0, 31, 19, 18, 1, 27, 10, 4], [23, 0, 15, 21, 2, 4, 12, 13], [3, 12, 7, 17, 11, 28, 18, 14], [22, 7, 10, 21, 0, 5, 1, 20], [9, 25, 29, 27, 15, 24, 26, 23], [22, 24, 17, 0, 2, 12, 21, 15], [29, 31, 25, 22, 20, 10, 15, 5], [10, 7, 2, 20, 29, 0, 31, 8], [21, 5, 10, 3, 7, 0, 29, 13], [21, 0, 28, 29, 3, 9, 20, 12], [17, 13, 25, 22, 12, 28, 29, 6], [23, 13, 27, 25, 29, 4, 14, 15], [20, 30, 31, 6, 29, 11, 26, 7], [2, 31, 21, 20, 13, 18, 29, 0], [30, 19, 2, 4, 14, 6, 1, 11], [0, 24, 31, 21, 26, 15, 8, 28], [14, 27, 2, 26, 13, 30, 5, 23], [8, 0, 15, 20, 14, 5, 24, 19], [4, 27, 28, 8, 24, 26, 15, 7]]",8,0.6957937479019165,128,farthest,0.5,37120,4.0,124,0.7290544509887695,0,136 0 80 272,9277,0.7959750294685364,test,top_r_mean,0.0,1.0,0.5,0.375
0.013797563867629621,1.0,290,1.0,31,203.63470003940165,qasper,0.05333333333333334,0.5,0.02666666666666667,0.0,1912.13337:e97186c51d4af490dba6faaf833d269c8256426c,mean,0.9151891182436463,0.0008676173165440559,"[[5, 0, 6, 30, 3, 15, 12, 31], [10, 19, 5, 6, 8, 7, 1, 20], [7, 31, 8, 13, 15, 9, 20, 1], [19, 7, 8, 30, 22, 1, 20, 21], [15, 16, 17, 18, 29, 22, 20, 30], [6, 11, 5, 7, 9, 12, 8, 29], [25, 18, 28, 31, 26, 19, 29, 21], [31, 19, 22, 8, 20, 10, 0, 28], [16, 0, 9, 15, 1, 7, 3, 10], [10, 13, 12, 18, 14, 17, 20, 22], [15, 14, 21, 17, 16, 26, 9, 23], [2, 3, 6, 5, 10, 0, 7, 4], [11, 29, 9, 25, 12, 30, 31, 15], [29, 31, 30, 6, 9, 7, 5, 20], [5, 2, 8, 13, 16, 6, 14, 19], [2, 21, 0, 22, 7, 1, 13, 10], [14, 0, 5, 4, 13, 30, 15, 22], [29, 28, 31, 1, 13, 0, 12, 4], [22, 23, 30, 27, 29, 28, 8, 9], [10, 27, 9, 28, 2, 3, 29, 26], [15, 11, 6, 19, 18, 9, 24, 5], [0, 4, 2, 1, 6, 24, 27, 5], [21, 17, 20, 27, 25, 24, 5, 23], [14, 10, 6, 11, 5, 25, 3, 18], [6, 0, 7, 21, 4, 20, 24, 23], [15, 13, 26, 18, 5, 12, 27, 19], [30, 28, 25, 24, 27, 16, 8, 13], [2, 25, 3, 31, 5, 23, 24, 9], [6, 13, 7, 3, 20, 17, 15, 19], [24, 26, 25, 29, 4, 9, 23, 22], [21, 29, 4, 20, 24, 0, 2, 26], [17, 21, 2, 18, 24, 1, 25, 4], [22, 0, 2, 19, 3, 26, 6, 21], [10, 4, 3, 25, 9, 24, 1, 26], [12, 11, 13, 9, 7, 31, 10, 27], [9, 8, 16, 17, 13, 15, 0, 29], [26, 29, 28, 2, 23, 30, 4, 25], [26, 25, 2, 28, 1, 0, 24, 23], [30, 28, 27, 15, 7, 4, 31, 25], [0, 4, 3, 1, 11, 5, 2, 7], [31, 0, 1, 9, 10, 7, 6, 4], [2, 4, 3, 1, 14, 18, 16, 27], [8, 9, 21, 12, 7, 13, 11, 18], [2, 8, 17, 3, 18, 12, 22, 24], [9, 10, 8, 27, 20, 11, 17, 5], [2, 0, 27, 23, 28, 30, 26, 18], [1, 22, 17, 5, 6, 0, 23, 20], [29, 28, 5, 4, 13, 26, 27, 30], [4, 0, 17, 14, 10, 18, 6, 3], [14, 13, 21, 20, 30, 26, 15, 17], [0, 2, 20, 1, 18, 10, 13, 23], [23, 11, 16, 17, 15, 14, 19, 26], [30, 31, 11, 22, 18, 26, 15, 2], [16, 4, 8, 18, 17, 25, 23, 2], [16, 11, 8, 22, 28, 20, 24, 18], [15, 4, 21, 10, 8, 26, 19, 3], [15, 0, 22, 4, 1, 17, 16, 31], [11, 1, 4, 10, 3, 0, 5, 9], [14, 15, 28, 16, 23, 20, 0, 19], [27, 28, 19, 29, 21, 11, 30, 15], [18, 24, 27, 19, 28, 10, 31, 22], [2, 0, 3, 7, 10, 11, 8, 4], [4, 1, 29, 22, 18, 8, 0, 24], [23, 17, 22, 5, 24, 30, 25, 26], [13, 0, 19, 16, 1, 8, 24, 23], [11, 0, 14, 15, 12, 3, 18, 1], [14, 20, 10, 5, 22, 25, 4, 30], [17, 15, 20, 11, 7, 1, 16, 27], [4, 8, 23, 7, 15, 29, 27, 1], [24, 23, 25, 6, 21, 22, 13, 27], [25, 27, 28, 4, 29, 26, 30, 1], [16, 9, 3, 7, 1, 17, 0, 28], [4, 0, 3, 10, 2, 30, 26, 1], [16, 19, 18, 13, 24, 3, 17, 29], [27, 31, 29, 9, 17, 23, 12, 11], [26, 6, 30, 14, 7, 27, 8, 24], [1, 0, 17, 2, 3, 4, 23, 22], [11, 15, 25, 12, 30, 20, 13, 23], [28, 30, 3, 18, 14, 29, 0, 16], [15, 14, 28, 18, 5, 29, 11, 2], [3, 0, 14, 13, 19, 25, 5, 17], [14, 18, 16, 19, 22, 23, 21, 1], [25, 28, 15, 30, 27, 29, 31, 6], [31, 5, 19, 8, 1, 10, 23, 18], [15, 3, 4, 21, 1, 11, 2, 7], [26, 6, 28, 30, 5, 11, 4, 31], [3, 21, 29, 0, 19, 30, 11, 4], [5, 4, 1, 19, 18, 26, 15, 8], [2, 0, 6, 1, 3, 9, 4, 10], [23, 22, 4, 2, 31, 21, 18, 27], [16, 17, 22, 24, 21, 19, 26, 6], [2, 11, 15, 23, 6, 14, 8, 21], [25, 2, 26, 3, 27, 30, 28, 9], [13, 31, 15, 24, 5, 2, 21, 7], [6, 2, 7, 13, 3, 10, 1, 19], [23, 22, 10, 29, 26, 3, 5, 27], [15, 0, 4, 2, 3, 6, 13, 1], [15, 17, 28, 19, 24, 29, 18, 30], [18, 19, 5, 11, 13, 0, 26, 31], [0, 21, 14, 24, 11, 1, 2, 18], [8, 19, 22, 15, 31, 14, 16, 12], [27, 28, 29, 0, 4, 20, 30, 24], [16, 2, 3, 23, 13, 15, 31, 14], [31, 16, 25, 8, 21, 20, 4, 18], [1, 0, 14, 4, 2, 16, 3, 21], [7, 14, 12, 8, 15, 20, 18, 23], [23, 24, 17, 20, 13, 14, 18, 16], [17, 19, 20, 25, 18, 26, 21, 22], [26, 27, 29, 30, 9, 15, 31, 22], [8, 29, 23, 18, 9, 2, 7, 19], [8, 25, 31, 14, 5, 18, 4, 29], [11, 30, 15, 16, 14, 12, 28, 19], [4, 0, 20, 10, 6, 12, 9, 15], [3, 2, 15, 7, 31, 18, 8, 17], [12, 24, 26, 14, 31, 27, 4, 25], [18, 30, 2, 3, 5, 29, 16, 22], [14, 1, 6, 10, 0, 20, 15, 29], [17, 22, 4, 20, 19, 18, 30, 5], [3, 6, 4, 2, 9, 0, 24, 25], [11, 12, 17, 18, 20, 25, 27, 26], [15, 0, 17, 16, 6, 20, 19, 10], [12, 18, 26, 16, 25, 29, 24, 27], [28, 31, 5, 0, 1, 3, 6, 21], [9, 2, 10, 16, 0, 1, 5, 7], [6, 7, 11, 13, 8, 17, 12, 26], [15, 26, 20, 18, 6, 27, 2, 7], [1, 27, 28, 31, 5, 3, 8, 2], [6, 14, 28, 5, 22, 15, 31, 18], [24, 0, 27, 11, 13, 30, 20, 31], [28, 31, 0, 30, 20, 6, 9, 29], [31, 30, 4, 3, 26, 0, 13, 27], [1, 4, 19, 8, 11, 0, 3, 7], [23, 30, 25, 8, 11, 27, 20, 29], [3, 22, 6, 4, 10, 2, 26, 16], [14, 23, 1, 24, 17, 2, 20, 21], [31, 3, 4, 7, 28, 20, 14, 6], [4, 0, 1, 3, 18, 11, 19, 21], [15, 4, 17, 26, 10, 6, 18, 23], [14, 2, 19, 28, 4, 16, 1, 15], [20, 26, 28, 14, 13, 21, 0, 8], [16, 18, 17, 19, 10, 25, 1, 20], [13, 5, 2, 29, 26, 28, 6, 24], [28, 8, 19, 9, 31, 29, 11, 27], [22, 24, 29, 23, 1, 26, 31, 2], [15, 0, 17, 3, 20, 16, 4, 23], [25, 23, 24, 6, 27, 16, 28, 5], [19, 13, 20, 10, 24, 14, 23, 30], [2, 16, 15, 20, 27, 0, 23, 4], [10, 8, 26, 7, 25, 11, 23, 14], [31, 29, 6, 30, 9, 7, 12, 15], [1, 0, 3, 26, 28, 5, 29, 25], [29, 26, 2, 23, 4, 27, 11, 28], [7, 0, 8, 3, 6, 11, 22, 26], [31, 6, 30, 5, 9, 8, 7, 13], [0, 3, 2, 9, 1, 10, 7, 31], [18, 23, 5, 25, 0, 26, 4, 29], [24, 12, 10, 13, 14, 2, 1, 9], [5, 6, 16, 7, 15, 8, 14, 17], [24, 26, 30, 25, 8, 23, 0, 1], [0, 10, 22, 28, 17, 23, 1, 19], [13, 0, 19, 14, 30, 26, 1, 29], [21, 25, 22, 6, 30, 26, 23, 31], [17, 28, 18, 1, 3, 30, 16, 22], [27, 28, 6, 0, 5, 18, 4, 30], [8, 7, 31, 6, 4, 5, 9, 0], [0, 6, 7, 3, 4, 23, 20, 2], [2, 28, 30, 29, 4, 5, 17, 9], [0, 15, 19, 31, 18, 1, 21, 17], [28, 0, 26, 22, 24, 30, 1, 23], [16, 5, 13, 10, 24, 4, 2, 11], [19, 25, 29, 30, 21, 24, 31, 20], [1, 2, 8, 4, 30, 11, 29, 15], [31, 29, 1, 30, 0, 9, 2, 22], [4, 14, 13, 5, 15, 0, 3, 18], [9, 4, 6, 1, 23, 0, 11, 27], [21, 24, 29, 25, 31, 27, 11, 26], [2, 0, 17, 23, 1, 4, 22, 14], [15, 16, 17, 22, 0, 31, 9, 12], [10, 4, 7, 8, 20, 2, 9, 13], [2, 18, 28, 9, 20, 7, 6, 1], [3, 4, 10, 11, 29, 12, 17, 15], [5, 8, 9, 24, 1, 20, 25, 3], [4, 6, 17, 7, 15, 14, 20, 16], [11, 26, 15, 4, 14, 0, 2, 1], [13, 0, 20, 14, 21, 17, 8, 15], [18, 17, 27, 25, 31, 9, 11, 1], [25, 26, 2, 27, 29, 28, 17, 0], [1, 28, 4, 0, 2, 5, 14, 19], [8, 10, 21, 9, 12, 11, 13, 29], [9, 8, 5, 19, 28, 2, 27, 1], [5, 12, 10, 19, 20, 29, 8, 23], [5, 15, 16, 29, 22, 30, 9, 11], [18, 0, 21, 31, 8, 23, 20, 19], [13, 17, 2, 8, 16, 9, 14, 11], [13, 26, 1, 3, 8, 16, 21, 17], [5, 9, 14, 0, 18, 2, 21, 6], [5, 4, 15, 14, 10, 8, 7, 9], [12, 31, 10, 11, 15, 26, 5, 18], [2, 6, 16, 4, 19, 25, 9, 17], [13, 21, 10, 9, 28, 16, 4, 23], [12, 0, 24, 6, 5, 13, 1, 7], [20, 21, 8, 27, 28, 9, 12, 23], [30, 1, 3, 0, 4, 18, 24, 10], [4, 6, 5, 16, 18, 30, 0, 12], [30, 7, 6, 8, 10, 31, 12, 22], [27, 31, 28, 5, 0, 8, 1, 14], [5, 12, 4, 26, 31, 7, 0, 30], [25, 16, 6, 30, 2, 31, 27, 10], [19, 0, 13, 20, 9, 3, 23, 2], [28, 30, 1, 31, 29, 2, 17, 24], [1, 2, 10, 0, 16, 8, 9, 6], [13, 25, 10, 11, 22, 14, 12, 18], [5, 4, 22, 6, 0, 23, 10, 16], [10, 20, 14, 15, 21, 16, 13, 11], [19, 20, 31, 25, 5, 26, 22, 2], [16, 20, 26, 14, 4, 13, 3, 2], [1, 0, 15, 14, 2, 7, 11, 5], [21, 23, 14, 25, 0, 22, 24, 26], [15, 16, 7, 0, 3, 1, 2, 17], [18, 22, 23, 3, 26, 25, 14, 29], [11, 15, 8, 9, 2, 0, 3, 10], [16, 23, 4, 3, 14, 19, 13, 22], [23, 25, 24, 31, 29, 26, 20, 16], [26, 16, 30, 27, 7, 22, 1, 31], [3, 0, 11, 16, 22, 18, 10, 21], [4, 7, 5, 12, 31, 16, 10, 2], [2, 6, 28, 18, 15, 1, 5, 3], [21, 28, 27, 22, 25, 31, 3, 26], [13, 3, 26, 6, 11, 23, 10, 28], [6, 8, 13, 26, 12, 17, 7, 2], [13, 3, 7, 2, 11, 18, 12, 9], [11, 21, 1, 30, 4, 22, 16, 5], [5, 0, 11, 10, 16, 24, 1, 26], [30, 7, 17, 31, 8, 19, 9, 22], [14, 29, 30, 18, 31, 0, 11, 9], [8, 14, 19, 20, 30, 18, 28, 16], [3, 22, 12, 4, 19, 7, 11, 24], [1, 4, 23, 17, 5, 3, 30, 18], [15, 13, 8, 26, 3, 17, 24, 7], [12, 22, 28, 6, 1, 23, 2, 14], [6, 0, 9, 10, 1, 5, 17, 8], [25, 27, 28, 4, 26, 19, 29, 1], [22, 31, 23, 26, 19, 2, 24, 27], [4, 17, 9, 10, 11, 2, 1, 3], [7, 10, 9, 11, 21, 23, 25, 26], [27, 3, 23, 30, 31, 22, 19, 0], [11, 12, 20, 17, 21, 28, 26, 15], [26, 28, 27, 29, 4, 30, 8, 1], [20, 0, 13, 7, 9, 12, 29, 28], [9, 13, 10, 11, 17, 18, 28, 12], [15, 14, 30, 4, 31, 26, 24, 16], [19, 22, 24, 13, 30, 18, 0, 31], [0, 1, 18, 2, 6, 3, 12, 25], [3, 5, 0, 16, 19, 15, 22, 4], [5, 10, 4, 22, 16, 0, 15, 9], [13, 9, 7, 8, 16, 14, 28, 22], [1, 0, 16, 11, 2, 12, 4, 26], [12, 30, 31, 20, 16, 2, 24, 4], [10, 14, 13, 5, 1, 23, 15, 29], [14, 19, 13, 28, 25, 22, 26, 17], [15, 6, 0, 29, 25, 17, 30, 27], [9, 21, 14, 31, 27, 10, 11, 16], [0, 7, 3, 1, 30, 4, 23, 18], [23, 25, 27, 26, 19, 0, 31, 24], [8, 0, 10, 30, 15, 12, 13, 5], [22, 25, 8, 26, 11, 9, 24, 31], [21, 2, 19, 18, 23, 22, 3, 5], [9, 7, 10, 29, 13, 18, 21, 12], [22, 24, 23, 11, 0, 1, 10, 2], [29, 31, 13, 16, 20, 30, 7, 8], [12, 24, 2, 21, 16, 25, 3, 13], [10, 12, 6, 0, 24, 15, 17, 23], [13, 0, 10, 1, 6, 14, 4, 9], [23, 16, 24, 1, 9, 22, 31, 10], [7, 8, 11, 12, 3, 17, 9, 16], [3, 18, 13, 12, 21, 22, 24, 28], [2, 3, 15, 14, 25, 16, 1, 23], [8, 24, 27, 6, 21, 30, 23, 11], [9, 24, 25, 21, 12, 11, 10, 31], [7, 8, 9, 11, 17, 19, 10, 20], [9, 0, 16, 10, 1, 11, 22, 3], [29, 4, 17, 31, 5, 6, 9, 16], [25, 31, 8, 1, 2, 0, 21, 12], [0, 2, 13, 8, 3, 5, 26, 25], [22, 20, 23, 1, 24, 25, 21, 5], [4, 5, 10, 26, 9, 11, 1, 6], [18, 19, 16, 23, 20, 17, 26, 28], [16, 12, 14, 15, 11, 13, 26, 25], [3, 0, 17, 7, 8, 1, 2, 4], [28, 17, 9, 10, 19, 23, 0, 14]]",8,0.13411296904087067,128,greedy_oracle,1.0,37120,4.0,124,0.1397324800491333,0,0 136 8 144,9277,0.988939642906189,test,top_r_mean,1.0,1.0,1.0,0.875
0.013797563867629621,1.0,290,1.0,31,214.48539989069104,qasper,0.05333333333333334,0.25,0.013333333333333334,0.0,1912.13337:e97186c51d4af490dba6faaf833d269c8256426c,mean,0.565922920892495,0.06990610063076019,"[[21, 2, 7, 27, 20, 25, 17, 9], [23, 15, 29, 7, 1, 30, 13, 26], [23, 6, 12, 3, 2, 16, 9, 27], [10, 5, 2, 29, 0, 7, 13, 4], [27, 30, 9, 14, 19, 10, 21, 8], [27, 12, 7, 13, 21, 8, 26, 25], [3, 15, 7, 1, 9, 11, 5, 12], [20, 28, 30, 24, 26, 7, 0, 4], [3, 14, 4, 27, 23, 21, 13, 29], [29, 20, 12, 17, 14, 13, 19, 0], [10, 23, 4, 30, 14, 2, 21, 0], [8, 11, 10, 22, 15, 3, 14, 12], [27, 15, 13, 23, 10, 31, 21, 7], [1, 19, 31, 15, 5, 21, 10, 17], [2, 5, 19, 3, 15, 7, 23, 24], [23, 0, 1, 21, 25, 11, 17, 24], [4, 2, 27, 6, 5, 3, 24, 8], [2, 19, 21, 7, 25, 5, 3, 9], [9, 15, 17, 22, 3, 30, 6, 16], [26, 2, 12, 31, 0, 25, 28, 16], [11, 21, 27, 2, 29, 15, 9, 4], [20, 31, 19, 2, 4, 7, 3, 25], [25, 7, 22, 4, 15, 12, 21, 5], [14, 27, 18, 19, 16, 3, 7, 23], [30, 31, 26, 28, 15, 10, 3, 20], [17, 5, 21, 10, 1, 18, 0, 11], [10, 13, 29, 23, 12, 6, 9, 15], [25, 11, 8, 23, 27, 1, 31, 29], [22, 4, 25, 9, 29, 23, 8, 18], [28, 20, 30, 12, 21, 1, 13, 27], [20, 18, 27, 28, 3, 22, 29, 4], [26, 17, 31, 3, 19, 0, 13, 8], [22, 16, 25, 10, 0, 2, 6, 26], [13, 18, 27, 21, 7, 11, 24, 8], [4, 9, 14, 21, 29, 8, 25, 18], [31, 1, 21, 24, 28, 19, 14, 22], [30, 1, 10, 14, 4, 3, 22, 27], [21, 4, 24, 28, 0, 1, 29, 3], [9, 6, 4, 31, 11, 15, 16, 26], [15, 3, 25, 27, 1, 14, 10, 24], [22, 8, 26, 19, 3, 9, 20, 12], [28, 10, 16, 20, 5, 31, 8, 14], [0, 2, 8, 10, 5, 3, 14, 15], [27, 26, 4, 9, 20, 29, 31, 15], [25, 7, 4, 26, 5, 11, 28, 3], [7, 0, 5, 16, 2, 12, 21, 23], [21, 23, 6, 4, 19, 18, 0, 22], [26, 12, 19, 3, 18, 1, 13, 21], [2, 17, 22, 28, 10, 26, 29, 25], [4, 3, 28, 12, 31, 6, 5, 19], [5, 19, 23, 16, 9, 7, 26, 12], [22, 9, 31, 19, 4, 5, 0, 23], [10, 9, 17, 3, 16, 31, 1, 20], [22, 13, 7, 10, 9, 28, 23, 27], [5, 25, 10, 15, 19, 28, 31, 17], [5, 15, 30, 19, 1, 7, 22, 6], [12, 25, 1, 2, 22, 21, 14, 10], [5, 6, 1, 22, 23, 15, 20, 13], [3, 8, 2, 16, 12, 6, 27, 25], [7, 31, 26, 17, 21, 9, 6, 23], [20, 16, 19, 10, 27, 17, 31, 15], [16, 10, 11, 25, 18, 22, 23, 12], [10, 7, 6, 29, 20, 28, 5, 4], [18, 8, 1, 4, 3, 23, 13, 24], [22, 16, 13, 18, 8, 20, 23, 9], [17, 27, 20, 11, 18, 8, 25, 2], [18, 23, 2, 6, 24, 30, 5, 15], [11, 12, 9, 8, 18, 31, 15, 30], [30, 15, 11, 16, 23, 5, 3, 19], [28, 3, 23, 1, 22, 25, 26, 18], [6, 15, 3, 23, 24, 2, 19, 27], [26, 12, 5, 22, 16, 20, 14, 13], [1, 6, 8, 25, 0, 7, 27, 15], [21, 1, 8, 19, 7, 5, 29, 4], [19, 28, 31, 3, 13, 22, 2, 27], [3, 16, 8, 11, 19, 4, 24, 9], [18, 24, 4, 20, 22, 14, 6, 26], [15, 12, 24, 18, 30, 22, 23, 7], [8, 0, 20, 31, 5, 1, 4, 11], [15, 4, 5, 1, 23, 17, 13, 7], [15, 22, 17, 23, 31, 16, 9, 25], [21, 0, 17, 18, 4, 14, 27, 11], [31, 8, 27, 15, 16, 6, 29, 21], [18, 23, 29, 31, 22, 25, 27, 19], [30, 7, 28, 27, 24, 15, 2, 19], [15, 25, 17, 5, 24, 9, 31, 28], [13, 23, 4, 14, 3, 31, 11, 26], [12, 4, 13, 31, 9, 22, 6, 25], [2, 8, 0, 25, 21, 5, 26, 9], [5, 29, 22, 2, 6, 0, 28, 17], [10, 25, 8, 9, 12, 14, 30, 24], [2, 6, 20, 12, 9, 23, 22, 19], [9, 29, 27, 19, 11, 10, 13, 18], [21, 29, 23, 2, 14, 12, 8, 11], [31, 10, 22, 17, 18, 14, 13, 16], [30, 27, 23, 28, 3, 24, 13, 15], [14, 15, 12, 31, 11, 25, 4, 0], [9, 11, 4, 19, 26, 24, 3, 18], [3, 26, 6, 4, 30, 23, 19, 9], [16, 2, 15, 3, 1, 6, 30, 9], [1, 0, 27, 13, 22, 30, 24, 10], [16, 19, 2, 8, 20, 25, 3, 0], [20, 15, 10, 14, 1, 29, 8, 24], [19, 14, 15, 21, 25, 31, 28, 16], [1, 16, 2, 31, 30, 14, 22, 17], [6, 31, 30, 28, 23, 3, 19, 18], [23, 29, 14, 27, 20, 28, 21, 1], [10, 12, 7, 23, 27, 17, 9, 30], [25, 4, 18, 26, 1, 31, 30, 16], [0, 15, 25, 1, 27, 29, 12, 20], [21, 0, 31, 7, 10, 15, 11, 1], [30, 22, 29, 5, 14, 11, 17, 19], [28, 1, 9, 8, 31, 10, 2, 29], [19, 10, 23, 29, 21, 6, 13, 9], [22, 27, 21, 0, 16, 2, 30, 14], [9, 24, 19, 4, 6, 8, 2, 23], [19, 16, 12, 18, 24, 4, 6, 13], [16, 28, 18, 2, 5, 24, 21, 19], [30, 24, 1, 19, 31, 26, 2, 7], [14, 11, 24, 21, 12, 16, 29, 2], [14, 22, 25, 28, 6, 4, 21, 20], [3, 0, 23, 11, 16, 4, 13, 21], [14, 19, 30, 27, 21, 31, 16, 22], [19, 7, 30, 8, 25, 29, 2, 12], [15, 11, 16, 27, 31, 20, 18, 22], [4, 11, 18, 16, 31, 29, 21, 19], [21, 7, 4, 9, 20, 27, 11, 23], [31, 27, 6, 17, 25, 28, 16, 18], [9, 0, 21, 20, 14, 18, 15, 16], [29, 4, 2, 28, 20, 21, 8, 7], [27, 4, 10, 9, 31, 1, 0, 19], [23, 0, 1, 11, 17, 31, 3, 29], [21, 10, 8, 25, 1, 11, 30, 13], [22, 0, 9, 4, 13, 23, 24, 12], [3, 12, 9, 17, 21, 25, 0, 19], [10, 1, 27, 2, 0, 9, 14, 17], [14, 22, 19, 13, 1, 30, 23, 26], [27, 28, 18, 26, 9, 13, 21, 20], [5, 28, 3, 25, 6, 0, 14, 1], [14, 17, 1, 6, 9, 4, 27, 28], [25, 22, 26, 4, 7, 0, 2, 1], [19, 13, 5, 10, 28, 1, 17, 0], [17, 25, 8, 12, 2, 20, 3, 18], [10, 27, 25, 3, 0, 6, 9, 1], [12, 16, 28, 21, 7, 6, 9, 0], [21, 5, 13, 12, 1, 18, 19, 15], [15, 14, 7, 11, 5, 8, 9, 24], [28, 29, 7, 9, 20, 11, 31, 26], [27, 2, 13, 5, 0, 6, 20, 21], [26, 21, 15, 12, 22, 18, 16, 14], [28, 18, 15, 13, 14, 19, 10, 30], [5, 8, 23, 27, 3, 11, 2, 6], [1, 19, 16, 20, 28, 5, 23, 14], [7, 22, 18, 31, 30, 25, 14, 3], [20, 28, 16, 11, 0, 24, 10, 29], [22, 6, 14, 8, 11, 10, 16, 1], [15, 7, 19, 16, 11, 18, 9, 27], [19, 4, 16, 17, 2, 26, 3, 5], [3, 21, 15, 30, 22, 19, 0, 11], [23, 9, 19, 25, 6, 30, 10, 13], [9, 18, 10, 0, 28, 19, 12, 27], [10, 21, 0, 18, 12, 8, 6, 5], [0, 22, 11, 15, 10, 14, 16, 20], [15, 21, 6, 24, 8, 17, 23, 0], [31, 15, 3, 26, 21, 2, 1, 8], [0, 3, 14, 25, 5, 1, 12, 13], [12, 7, 30, 24, 13, 20, 6, 1], [6, 25, 2, 16, 7, 28, 0, 3], [23, 10, 20, 27, 26, 24, 15, 4], [17, 27, 21, 26, 25, 4, 10, 14], [24, 0, 5, 8, 2, 21, 20, 16], [11, 12, 20, 31, 14, 5, 23, 16], [20, 31, 15, 17, 7, 19, 18, 29], [25, 26, 17, 29, 13, 18, 23, 31], [26, 23, 1, 5, 12, 22, 20, 6], [9, 17, 15, 13, 23, 16, 0, 10], [16, 10, 13, 12, 1, 20, 24, 0], [29, 11, 1, 9, 21, 13, 6, 7], [22, 25, 9, 28, 6, 17, 3, 11], [24, 25, 2, 7, 12, 3, 11, 31], [17, 10, 20, 19, 26, 6, 5, 14], [5, 26, 17, 1, 20, 21, 18, 0], [18, 14, 0, 15, 27, 10, 20, 26], [13, 1, 11, 22, 0, 12, 2, 10], [22, 12, 30, 13, 29, 11, 9, 1], [1, 8, 7, 12, 18, 6, 16, 3], [27, 23, 5, 3, 4, 9, 7, 10], [8, 5, 18, 3, 20, 16, 11, 28], [30, 29, 26, 8, 20, 15, 18, 5], [31, 8, 7, 24, 4, 13, 29, 2], [3, 8, 25, 22, 5, 29, 0, 28], [1, 21, 4, 20, 16, 2, 9, 6], [22, 3, 12, 20, 4, 17, 19, 25], [25, 28, 7, 8, 5, 17, 29, 10], [24, 4, 29, 22, 17, 3, 31, 5], [13, 22, 1, 0, 24, 20, 6, 2], [19, 31, 2, 25, 20, 0, 18, 3], [22, 3, 5, 19, 14, 6, 15, 11], [8, 30, 13, 3, 19, 11, 28, 29], [8, 18, 3, 4, 14, 7, 19, 24], [22, 16, 9, 10, 0, 26, 19, 18], [3, 14, 7, 19, 5, 31, 4, 11], [16, 30, 8, 5, 10, 7, 9, 14], [21, 0, 4, 23, 16, 3, 25, 2], [27, 26, 0, 6, 8, 1, 23, 16], [14, 27, 9, 4, 3, 24, 11, 22], [26, 25, 4, 15, 3, 30, 27, 23], [4, 7, 20, 2, 23, 6, 17, 26], [7, 30, 14, 24, 29, 26, 12, 20], [26, 16, 13, 2, 15, 0, 8, 19], [24, 26, 4, 11, 20, 27, 5, 30], [12, 15, 26, 3, 22, 9, 14, 20], [11, 31, 0, 25, 6, 28, 29, 26], [14, 28, 15, 25, 5, 22, 19, 23], [30, 24, 21, 15, 14, 20, 13, 18], [14, 6, 11, 22, 27, 7, 28, 0], [3, 21, 23, 10, 18, 26, 13, 6], [23, 3, 4, 21, 27, 9, 10, 13], [11, 28, 3, 17, 4, 19, 12, 20], [0, 25, 5, 26, 30, 4, 12, 28], [9, 24, 17, 25, 14, 15, 10, 1], [19, 4, 5, 23, 25, 18, 11, 10], [24, 7, 8, 29, 5, 18, 16, 12], [27, 0, 15, 7, 2, 13, 12, 30], [31, 26, 5, 0, 10, 29, 12, 11], [28, 31, 14, 18, 24, 13, 10, 30], [0, 8, 28, 18, 26, 23, 6, 31], [30, 7, 31, 6, 28, 14, 4, 2], [29, 5, 1, 28, 25, 7, 6, 8], [31, 24, 15, 2, 10, 12, 4, 19], [5, 22, 1, 31, 0, 27, 3, 15], [28, 6, 5, 25, 29, 8, 1, 17], [28, 18, 23, 2, 17, 26, 19, 1], [23, 4, 2, 16, 6, 3, 17, 7], [10, 26, 4, 23, 0, 13, 24, 14], [24, 4, 25, 3, 19, 26, 7, 21], [27, 24, 7, 3, 2, 21, 1, 16], [9, 16, 21, 17, 20, 15, 25, 7], [24, 6, 1, 10, 3, 25, 18, 28], [27, 5, 26, 23, 28, 31, 11, 10], [28, 6, 18, 7, 2, 8, 0, 19], [30, 4, 26, 1, 21, 18, 23, 19], [7, 10, 22, 28, 1, 29, 6, 30], [12, 31, 29, 14, 4, 13, 20, 25], [18, 24, 1, 30, 19, 14, 8, 16], [17, 12, 25, 20, 15, 14, 22, 19], [30, 17, 23, 21, 8, 20, 16, 15], [28, 13, 22, 27, 0, 18, 19, 5], [4, 31, 19, 22, 26, 20, 30, 23], [15, 3, 31, 2, 16, 12, 28, 14], [8, 14, 9, 7, 26, 6, 15, 24], [22, 15, 8, 1, 6, 5, 18, 21], [17, 1, 29, 20, 0, 11, 19, 10], [17, 24, 5, 26, 15, 16, 4, 22], [8, 6, 21, 7, 30, 15, 2, 16], [26, 28, 7, 31, 4, 5, 24, 29], [30, 21, 7, 18, 12, 0, 11, 23], [1, 22, 11, 25, 8, 3, 26, 31], [18, 6, 28, 4, 23, 15, 24, 22], [5, 17, 1, 13, 29, 24, 19, 30], [23, 18, 19, 13, 5, 22, 28, 15], [31, 12, 28, 6, 11, 24, 7, 4], [28, 29, 21, 0, 4, 23, 15, 16], [11, 5, 0, 18, 19, 24, 28, 17], [2, 4, 1, 23, 27, 0, 9, 19], [1, 23, 30, 4, 6, 9, 11, 25], [2, 12, 19, 18, 4, 16, 6, 15], [17, 11, 9, 23, 15, 21, 22, 18], [15, 27, 10, 21, 6, 0, 30, 18], [16, 24, 31, 11, 2, 21, 27, 19], [20, 0, 30, 29, 28, 21, 16, 19], [25, 24, 17, 15, 1, 18, 3, 11], [4, 27, 3, 29, 10, 16, 9, 6], [19, 0, 18, 2, 4, 20, 10, 25], [27, 26, 20, 30, 12, 8, 13, 28], [20, 21, 16, 7, 14, 24, 30, 25], [23, 8, 30, 16, 5, 0, 24, 7], [15, 20, 0, 23, 16, 18, 9, 7], [3, 18, 10, 4, 26, 17, 16, 0], [27, 30, 22, 17, 31, 3, 1, 28], [1, 12, 31, 0, 30, 24, 29, 18], [29, 27, 11, 15, 26, 3, 18, 23], [13, 3, 9, 16, 23, 26, 4, 21], [8, 20, 4, 11, 30, 25, 1, 28], [11, 12, 24, 10, 7, 25, 3, 27], [12, 9, 24, 30, 18, 6, 10, 23], [12, 17, 1, 30, 11, 9, 19, 2], [26, 18, 8, 19, 29, 13, 0, 14], [16, 12, 2, 24, 15, 3, 25, 1], [3, 23, 7, 21, 11, 16, 19, 24]]",8,0.6267911791801453,128,random,0.3333333333333333,37120,4.0,124,0.6972492933273315,11,240 144 32 88,9277,0.7443771362304688,test,top_r_mean,0.0,0.0,0.25,0.375
0.013797563867629621,1.0,290,1.0,31,171.98510002344847,qasper,0.05333333333333334,0.25,0.013333333333333334,0.0,1912.13337:e97186c51d4af490dba6faaf833d269c8256426c,mean,0.602243169072903,0.07205323874950409,"[[24, 1, 27, 12, 3, 6, 18, 5], [29, 30, 10, 19, 0, 2, 25, 14], [7, 19, 0, 15, 31, 13, 6, 22], [27, 5, 28, 4, 29, 23, 11, 12], [7, 22, 20, 14, 25, 6, 27, 0], [30, 12, 27, 16, 17, 6, 20, 7], [31, 9, 26, 25, 27, 7, 19, 18], [11, 20, 12, 9, 29, 18, 4, 6], [21, 5, 30, 0, 4, 10, 13, 8], [15, 17, 26, 29, 5, 25, 4, 19], [5, 23, 4, 14, 9, 6, 27, 12], [9, 17, 11, 18, 31, 16, 13, 23], [28, 7, 9, 8, 22, 2, 24, 10], [23, 17, 6, 13, 16, 21, 3, 24], [14, 4, 2, 5, 11, 31, 30, 21], [3, 0, 21, 4, 20, 8, 2, 5], [24, 27, 23, 3, 17, 15, 13, 2], [14, 11, 23, 18, 30, 7, 5, 15], [16, 29, 4, 14, 26, 27, 3, 10], [13, 7, 18, 25, 11, 21, 28, 29], [31, 21, 17, 20, 1, 24, 29, 8], [5, 27, 23, 7, 11, 12, 16, 6], [1, 28, 15, 20, 3, 12, 2, 23], [25, 3, 1, 22, 8, 11, 12, 14], [26, 1, 14, 21, 9, 15, 11, 3], [15, 30, 2, 11, 26, 29, 20, 0], [21, 10, 9, 28, 4, 6, 15, 19], [23, 0, 19, 29, 6, 16, 21, 8], [2, 14, 25, 7, 23, 16, 6, 31], [19, 9, 8, 30, 5, 18, 29, 14], [11, 19, 1, 27, 18, 26, 24, 6], [7, 2, 4, 0, 30, 25, 23, 24], [0, 9, 12, 16, 1, 30, 22, 6], [8, 20, 5, 25, 21, 4, 18, 16], [0, 13, 16, 5, 27, 30, 7, 6], [2, 13, 26, 20, 23, 8, 5, 14], [3, 5, 2, 11, 25, 24, 16, 18], [9, 20, 4, 6, 11, 15, 23, 16], [14, 29, 16, 3, 2, 28, 27, 8], [27, 3, 30, 15, 12, 25, 9, 20], [8, 4, 15, 18, 5, 29, 2, 19], [25, 0, 23, 8, 26, 12, 5, 2], [1, 21, 9, 12, 26, 6, 27, 29], [25, 2, 22, 14, 24, 0, 9, 1], [5, 1, 8, 16, 20, 31, 3, 14], [8, 6, 7, 23, 3, 15, 9, 30], [28, 20, 24, 21, 0, 5, 23, 17], [2, 0, 1, 30, 18, 16, 10, 15], [24, 15, 17, 13, 3, 1, 14, 20], [30, 20, 3, 13, 26, 18, 4, 16], [16, 6, 2, 18, 25, 15, 28, 23], [21, 29, 15, 20, 4, 22, 7, 31], [12, 29, 8, 17, 27, 23, 10, 4], [17, 15, 3, 24, 0, 31, 20, 11], [25, 2, 20, 19, 18, 12, 24, 9], [31, 11, 5, 10, 22, 12, 2, 1], [14, 10, 15, 13, 17, 1, 16, 20], [14, 15, 16, 27, 4, 8, 30, 5], [22, 2, 24, 30, 29, 16, 12, 28], [8, 21, 18, 1, 12, 26, 29, 13], [8, 1, 29, 27, 28, 6, 0, 16], [20, 22, 4, 14, 2, 25, 3, 15], [8, 22, 21, 2, 0, 27, 7, 15], [3, 1, 30, 8, 19, 12, 28, 6], [28, 19, 20, 16, 15, 17, 0, 2], [23, 25, 28, 11, 31, 9, 20, 7], [31, 24, 4, 14, 28, 19, 30, 12], [23, 21, 12, 26, 30, 14, 25, 24], [14, 30, 5, 26, 1, 19, 3, 15], [29, 20, 9, 5, 19, 2, 26, 13], [13, 8, 7, 24, 3, 31, 27, 28], [31, 26, 18, 4, 13, 23, 0, 7], [10, 26, 2, 8, 31, 14, 12, 5], [29, 19, 15, 20, 22, 18, 21, 6], [16, 10, 29, 23, 27, 19, 21, 22], [15, 25, 9, 31, 11, 12, 2, 16], [23, 31, 18, 21, 12, 14, 20, 27], [3, 24, 30, 8, 26, 22, 11, 20], [24, 6, 28, 21, 13, 10, 0, 12], [30, 22, 2, 0, 14, 24, 29, 9], [21, 17, 26, 20, 27, 2, 1, 25], [24, 29, 30, 13, 22, 21, 23, 25], [11, 7, 3, 19, 13, 16, 25, 23], [13, 15, 28, 3, 29, 19, 2, 30], [31, 17, 10, 11, 14, 8, 16, 4], [8, 10, 14, 30, 0, 25, 9, 31], [5, 16, 10, 31, 1, 11, 28, 24], [16, 30, 10, 31, 29, 7, 18, 20], [26, 16, 8, 9, 10, 18, 14, 0], [0, 7, 2, 22, 5, 26, 3, 29], [29, 23, 4, 6, 2, 18, 28, 17], [16, 13, 27, 6, 31, 21, 9, 23], [20, 30, 13, 6, 2, 9, 5, 28], [26, 3, 6, 20, 14, 8, 28, 16], [17, 18, 22, 6, 3, 2, 4, 26], [13, 25, 20, 17, 27, 15, 21, 31], [2, 7, 16, 13, 6, 19, 14, 15], [21, 18, 24, 17, 20, 8, 22, 3], [14, 29, 26, 31, 0, 9, 1, 23], [24, 4, 30, 6, 3, 20, 1, 26], [7, 8, 14, 1, 30, 20, 19, 22], [16, 3, 8, 12, 9, 6, 31, 7], [28, 2, 13, 29, 0, 1, 15, 4], [26, 30, 0, 10, 14, 23, 15, 8], [21, 14, 22, 19, 11, 3, 23, 1], [5, 6, 1, 11, 21, 23, 25, 14], [0, 2, 29, 21, 17, 25, 27, 11], [10, 28, 5, 13, 31, 22, 8, 17], [10, 8, 16, 21, 14, 3, 6, 24], [26, 17, 30, 28, 9, 23, 4, 11], [15, 7, 6, 30, 10, 23, 16, 21], [24, 1, 13, 7, 9, 23, 4, 22], [15, 28, 20, 16, 17, 5, 1, 3], [23, 0, 20, 11, 14, 12, 19, 24], [10, 17, 2, 14, 30, 24, 0, 26], [13, 4, 16, 6, 27, 0, 11, 9], [12, 17, 14, 11, 28, 26, 31, 1], [20, 12, 31, 13, 25, 11, 19, 18], [16, 4, 20, 18, 26, 11, 17, 24], [3, 29, 28, 23, 18, 25, 8, 0], [12, 11, 20, 22, 29, 8, 23, 31], [4, 22, 12, 18, 24, 20, 0, 14], [15, 3, 29, 9, 30, 13, 16, 1], [8, 5, 9, 20, 27, 24, 13, 15], [25, 29, 4, 27, 9, 16, 24, 8], [0, 13, 16, 28, 6, 19, 8, 2], [21, 17, 11, 18, 10, 26, 7, 14], [20, 7, 23, 3, 2, 0, 24, 28], [13, 9, 1, 18, 16, 31, 5, 20], [7, 5, 16, 24, 19, 17, 10, 21], [5, 15, 27, 7, 25, 1, 11, 3], [5, 26, 30, 15, 0, 12, 1, 27], [13, 9, 22, 21, 29, 10, 3, 18], [6, 24, 5, 28, 15, 12, 11, 29], [25, 11, 8, 26, 24, 30, 21, 29], [25, 13, 30, 29, 1, 14, 31, 10], [31, 23, 13, 3, 19, 5, 7, 10], [22, 25, 1, 3, 19, 27, 7, 6], [31, 21, 16, 9, 17, 3, 15, 23], [25, 18, 21, 4, 10, 23, 1, 3], [26, 4, 11, 0, 19, 20, 25, 29], [24, 30, 2, 23, 27, 15, 5, 29], [18, 9, 29, 8, 20, 19, 1, 28], [27, 30, 14, 3, 19, 24, 7, 23], [23, 26, 2, 25, 9, 1, 29, 3], [31, 11, 4, 26, 22, 10, 7, 28], [10, 13, 8, 5, 12, 9, 27, 4], [31, 8, 15, 16, 12, 23, 7, 6], [13, 10, 14, 17, 31, 5, 25, 29], [9, 20, 13, 18, 29, 28, 30, 3], [26, 11, 2, 16, 31, 15, 27, 17], [29, 15, 24, 6, 22, 27, 5, 0], [15, 22, 23, 19, 21, 0, 12, 13], [18, 23, 8, 17, 7, 30, 29, 3], [2, 18, 17, 0, 10, 13, 30, 31], [21, 5, 30, 29, 6, 0, 19, 20], [30, 15, 31, 3, 4, 29, 14, 7], [28, 25, 24, 11, 27, 23, 18, 4], [3, 12, 15, 2, 26, 23, 20, 5], [12, 3, 10, 19, 5, 2, 28, 18], [2, 11, 31, 24, 30, 10, 7, 4], [13, 30, 20, 9, 19, 17, 7, 4], [3, 2, 19, 21, 0, 29, 18, 31], [29, 1, 6, 25, 11, 3, 27, 7], [1, 25, 18, 12, 11, 23, 2, 4], [9, 2, 23, 16, 20, 21, 25, 18], [6, 30, 2, 27, 4, 14, 19, 12], [24, 16, 14, 11, 10, 0, 27, 7], [24, 25, 13, 19, 21, 23, 9, 14], [11, 5, 14, 23, 12, 9, 8, 31], [17, 13, 25, 6, 16, 3, 12, 23], [24, 14, 7, 15, 29, 25, 12, 17], [5, 24, 10, 12, 0, 31, 11, 29], [0, 30, 26, 10, 4, 3, 22, 25], [21, 4, 1, 26, 15, 11, 22, 8], [9, 17, 28, 26, 2, 29, 27, 22], [12, 16, 5, 25, 15, 4, 7, 24], [12, 21, 1, 17, 9, 27, 13, 15], [30, 8, 17, 5, 20, 15, 9, 12], [1, 6, 5, 24, 26, 15, 19, 13], [30, 28, 6, 5, 9, 1, 29, 7], [10, 8, 24, 28, 7, 1, 20, 31], [8, 26, 3, 27, 21, 14, 4, 9], [23, 17, 25, 2, 3, 18, 11, 22], [24, 22, 15, 1, 19, 16, 21, 20], [14, 4, 1, 24, 5, 11, 23, 9], [26, 24, 19, 7, 16, 1, 15, 4], [20, 3, 13, 24, 29, 7, 19, 18], [25, 12, 6, 31, 3, 5, 4, 0], [6, 11, 18, 20, 1, 31, 4, 0], [19, 26, 8, 27, 5, 13, 12, 14], [20, 11, 26, 15, 14, 22, 0, 29], [15, 7, 27, 12, 3, 19, 20, 22], [18, 15, 9, 30, 24, 16, 20, 25], [23, 13, 20, 14, 25, 31, 18, 5], [7, 8, 1, 24, 22, 23, 4, 13], [7, 1, 26, 30, 6, 29, 21, 24], [4, 22, 20, 14, 1, 19, 9, 2], [9, 15, 14, 2, 7, 20, 23, 26], [23, 19, 11, 1, 21, 20, 3, 2], [26, 19, 22, 20, 25, 18, 23, 15], [0, 10, 11, 14, 13, 23, 20, 28], [26, 16, 20, 21, 9, 31, 28, 5], [18, 9, 21, 26, 10, 7, 4, 19], [26, 30, 11, 10, 9, 28, 31, 0], [19, 22, 1, 14, 16, 0, 28, 2], [7, 6, 5, 23, 9, 25, 19, 10], [15, 4, 20, 17, 16, 24, 13, 0], [27, 6, 29, 19, 3, 4, 20, 17], [5, 20, 15, 3, 2, 16, 13, 21], [25, 7, 3, 21, 9, 28, 2, 13], [5, 28, 24, 21, 18, 19, 7, 31], [4, 28, 8, 1, 0, 20, 2, 30], [20, 11, 27, 31, 6, 21, 1, 16], [31, 16, 21, 26, 18, 19, 7, 8], [31, 1, 8, 2, 5, 23, 10, 21], [10, 18, 21, 31, 19, 15, 1, 13], [12, 20, 26, 0, 15, 6, 2, 9], [5, 1, 19, 8, 7, 27, 25, 17], [24, 0, 16, 22, 17, 25, 20, 12], [27, 18, 28, 24, 14, 26, 5, 21], [2, 0, 18, 20, 14, 25, 26, 10], [17, 25, 23, 21, 0, 3, 13, 16], [6, 12, 28, 23, 7, 31, 20, 14], [8, 11, 5, 22, 19, 2, 0, 15], [23, 11, 28, 15, 12, 13, 19, 30], [27, 15, 5, 20, 24, 4, 1, 13], [25, 28, 1, 21, 27, 23, 0, 17], [29, 28, 14, 26, 31, 5, 7, 10], [1, 29, 21, 11, 23, 15, 31, 25], [22, 19, 8, 1, 9, 17, 28, 4], [26, 20, 5, 6, 30, 17, 21, 2], [28, 0, 23, 13, 30, 18, 27, 1], [5, 24, 23, 19, 8, 0, 13, 9], [25, 15, 3, 20, 18, 27, 1, 8], [22, 28, 20, 31, 19, 2, 13, 1], [9, 8, 16, 14, 22, 23, 28, 6], [9, 25, 22, 18, 27, 29, 14, 21], [8, 29, 4, 23, 25, 14, 31, 24], [9, 17, 20, 8, 24, 28, 5, 13], [24, 10, 21, 27, 29, 7, 11, 14], [28, 27, 1, 22, 2, 31, 16, 30], [18, 5, 2, 11, 4, 1, 28, 23], [25, 2, 3, 7, 30, 24, 11, 16], [2, 20, 21, 28, 17, 10, 3, 1], [26, 3, 13, 18, 15, 9, 11, 25], [24, 14, 31, 28, 5, 9, 20, 25], [31, 26, 3, 22, 5, 19, 25, 20], [27, 16, 0, 5, 15, 20, 31, 7], [9, 27, 2, 13, 28, 11, 29, 25], [2, 27, 31, 23, 24, 8, 20, 28], [15, 29, 21, 4, 16, 20, 1, 13], [13, 7, 4, 2, 31, 8, 10, 12], [16, 13, 8, 15, 19, 6, 20, 14], [4, 14, 1, 10, 6, 20, 0, 30], [10, 19, 26, 6, 1, 23, 11, 14], [19, 31, 27, 16, 25, 3, 12, 5], [6, 25, 26, 8, 1, 15, 29, 10], [20, 23, 12, 6, 30, 14, 9, 0], [18, 17, 26, 13, 29, 31, 2, 24], [26, 15, 29, 12, 4, 24, 10, 3], [16, 6, 25, 3, 29, 14, 27, 8], [19, 13, 6, 23, 17, 1, 5, 0], [9, 26, 18, 17, 15, 11, 29, 24], [12, 27, 13, 20, 24, 18, 10, 1], [22, 29, 11, 0, 26, 18, 23, 8], [2, 30, 11, 21, 8, 27, 3, 29], [22, 6, 25, 3, 13, 27, 7, 10], [1, 23, 5, 17, 31, 21, 24, 7], [4, 20, 24, 8, 22, 30, 15, 29], [21, 4, 7, 6, 18, 20, 0, 12], [28, 24, 2, 6, 20, 1, 0, 11], [1, 31, 30, 8, 12, 14, 2, 15], [14, 18, 16, 6, 8, 30, 7, 21], [7, 27, 10, 16, 2, 1, 14, 12], [29, 1, 4, 18, 17, 13, 2, 21], [7, 19, 23, 9, 10, 28, 6, 11], [21, 13, 8, 4, 26, 3, 29, 0], [7, 1, 0, 8, 30, 28, 19, 11], [8, 11, 18, 31, 26, 9, 3, 19], [17, 0, 31, 21, 9, 5, 14, 28], [6, 29, 12, 0, 11, 1, 2, 22], [6, 2, 4, 11, 31, 22, 1, 21], [4, 3, 9, 13, 14, 29, 19, 20], [15, 29, 24, 12, 1, 14, 28, 0], [11, 15, 19, 8, 1, 24, 28, 22], [29, 14, 4, 27, 5, 9, 23, 21], [3, 10, 14, 0, 13, 19, 29, 2], [29, 2, 4, 26, 27, 8, 15, 12], [15, 6, 5, 21, 0, 3, 25, 4]]",8,0.6275375485420227,128,random,0.3333333333333333,37120,4.0,124,0.6992313861846924,23,224 248 64 280,9277,0.7835546135902405,test,top_r_mean,0.0,0.0,0.0,0.125
0.013797563867629621,1.0,290,1.0,31,194.76149999536574,qasper,0.05333333333333334,0.25,0.013333333333333334,0.0,1912.13337:e97186c51d4af490dba6faaf833d269c8256426c,mean,0.5686330660557465,0.0800432488322258,"[[10, 11, 3, 8, 22, 20, 13, 1], [16, 22, 25, 0, 31, 3, 27, 8], [5, 23, 11, 6, 22, 16, 2, 10], [4, 16, 18, 24, 14, 11, 23, 13], [20, 19, 1, 23, 10, 12, 4, 0], [15, 9, 23, 5, 14, 31, 11, 12], [10, 11, 14, 1, 2, 3, 20, 18], [6, 16, 26, 17, 21, 11, 27, 25], [19, 29, 9, 20, 14, 7, 28, 13], [5, 28, 6, 11, 10, 26, 8, 9], [3, 14, 24, 20, 26, 15, 9, 5], [10, 0, 5, 7, 6, 26, 17, 29], [8, 23, 7, 21, 12, 4, 19, 13], [22, 4, 25, 18, 5, 2, 29, 1], [15, 19, 22, 21, 2, 12, 4, 25], [18, 9, 22, 12, 24, 8, 1, 21], [27, 21, 25, 2, 17, 22, 10, 11], [29, 19, 10, 30, 5, 27, 1, 15], [23, 25, 3, 10, 0, 11, 4, 28], [18, 1, 8, 26, 14, 11, 2, 5], [4, 20, 26, 7, 22, 21, 15, 1], [6, 28, 21, 23, 19, 26, 11, 27], [5, 6, 20, 14, 16, 26, 17, 21], [25, 27, 26, 8, 30, 24, 31, 7], [16, 17, 14, 22, 21, 25, 13, 15], [9, 26, 2, 6, 25, 3, 12, 8], [10, 3, 4, 11, 31, 20, 29, 26], [20, 22, 6, 4, 28, 21, 25, 3], [4, 29, 14, 13, 23, 9, 25, 30], [5, 13, 18, 31, 6, 8, 17, 29], [9, 4, 7, 25, 13, 0, 1, 23], [2, 22, 12, 7, 20, 26, 4, 11], [27, 20, 0, 22, 1, 31, 26, 15], [21, 29, 25, 30, 11, 13, 22, 12], [24, 25, 6, 21, 7, 4, 16, 19], [22, 20, 13, 14, 11, 18, 29, 5], [12, 18, 4, 15, 16, 27, 11, 7], [29, 13, 11, 28, 25, 26, 17, 8], [26, 13, 17, 1, 5, 7, 14, 2], [21, 13, 29, 11, 27, 4, 17, 31], [1, 24, 18, 8, 10, 14, 4, 30], [10, 2, 25, 11, 20, 28, 26, 9], [22, 12, 7, 4, 9, 25, 31, 24], [8, 13, 12, 3, 7, 24, 4, 5], [15, 19, 2, 1, 29, 10, 23, 7], [6, 18, 29, 19, 17, 2, 23, 7], [6, 1, 12, 19, 27, 30, 13, 29], [31, 19, 1, 21, 25, 9, 27, 2], [8, 1, 15, 14, 7, 24, 0, 23], [9, 5, 26, 30, 18, 11, 20, 31], [19, 4, 24, 2, 30, 5, 20, 11], [25, 29, 28, 6, 13, 24, 26, 5], [0, 8, 7, 18, 4, 30, 1, 2], [23, 2, 20, 14, 30, 31, 5, 13], [13, 3, 10, 16, 8, 30, 28, 14], [27, 4, 31, 24, 30, 2, 11, 0], [10, 9, 4, 29, 25, 3, 0, 14], [22, 12, 16, 19, 4, 29, 8, 26], [17, 18, 24, 29, 11, 5, 21, 30], [22, 24, 10, 20, 29, 12, 28, 31], [17, 26, 21, 31, 30, 20, 16, 13], [14, 16, 11, 25, 23, 0, 27, 20], [14, 23, 26, 18, 6, 19, 2, 7], [4, 28, 7, 5, 24, 30, 9, 15], [17, 11, 28, 4, 18, 7, 10, 2], [3, 27, 28, 7, 2, 31, 23, 26], [16, 12, 8, 18, 22, 0, 10, 28], [29, 6, 18, 26, 14, 25, 1, 13], [0, 28, 31, 3, 11, 25, 18, 30], [20, 6, 0, 22, 26, 13, 7, 24], [3, 31, 0, 1, 11, 9, 13, 25], [10, 19, 9, 16, 15, 25, 30, 6], [28, 9, 24, 15, 8, 17, 21, 11], [1, 19, 22, 17, 28, 27, 0, 11], [7, 12, 20, 18, 1, 16, 30, 9], [10, 31, 22, 14, 11, 13, 2, 30], [0, 11, 12, 13, 26, 9, 23, 21], [13, 22, 17, 28, 4, 29, 25, 5], [19, 8, 15, 18, 16, 23, 2, 10], [0, 13, 9, 7, 26, 16, 3, 14], [1, 0, 18, 20, 27, 7, 8, 17], [18, 3, 21, 6, 16, 12, 27, 1], [5, 22, 20, 25, 7, 26, 19, 17], [18, 23, 31, 15, 10, 13, 26, 19], [13, 27, 0, 11, 23, 12, 25, 17], [21, 7, 14, 0, 31, 16, 17, 24], [16, 24, 9, 27, 2, 5, 11, 30], [21, 15, 1, 14, 24, 12, 31, 9], [28, 16, 2, 15, 19, 24, 6, 1], [29, 0, 15, 3, 12, 17, 24, 27], [19, 14, 26, 21, 0, 13, 25, 7], [19, 1, 6, 17, 30, 8, 28, 31], [28, 2, 8, 0, 26, 24, 20, 22], [17, 15, 9, 13, 7, 10, 8, 20], [0, 29, 18, 17, 14, 6, 27, 9], [19, 26, 28, 4, 31, 21, 1, 2], [7, 10, 11, 8, 14, 25, 2, 22], [14, 19, 29, 3, 8, 1, 17, 2], [29, 6, 2, 30, 3, 28, 21, 12], [30, 2, 7, 6, 9, 15, 10, 20], [7, 18, 31, 14, 12, 9, 22, 21], [27, 21, 19, 13, 24, 4, 7, 20], [23, 25, 14, 4, 20, 11, 29, 17], [27, 17, 8, 28, 19, 6, 23, 18], [28, 29, 13, 17, 7, 3, 9, 30], [17, 20, 1, 15, 12, 3, 19, 25], [28, 0, 11, 17, 24, 3, 8, 2], [13, 19, 8, 2, 0, 5, 4, 21], [14, 22, 8, 10, 11, 31, 29, 4], [3, 2, 23, 30, 20, 27, 6, 26], [25, 5, 4, 16, 13, 20, 14, 17], [29, 5, 14, 0, 18, 31, 1, 25], [2, 25, 9, 18, 16, 28, 29, 30], [4, 5, 23, 21, 29, 12, 14, 19], [27, 13, 12, 3, 10, 14, 9, 22], [15, 23, 22, 28, 1, 13, 31, 2], [30, 15, 20, 27, 28, 9, 7, 19], [8, 28, 15, 11, 24, 25, 26, 30], [29, 17, 25, 1, 26, 8, 24, 20], [21, 22, 25, 9, 6, 31, 18, 11], [16, 26, 11, 17, 7, 19, 28, 1], [15, 4, 26, 23, 13, 6, 20, 10], [31, 24, 21, 11, 27, 29, 15, 14], [2, 24, 14, 0, 12, 3, 22, 28], [4, 26, 13, 16, 3, 23, 11, 7], [14, 26, 2, 23, 0, 5, 31, 3], [23, 29, 31, 3, 13, 6, 0, 27], [26, 11, 7, 23, 0, 27, 19, 21], [18, 2, 24, 27, 28, 9, 16, 22], [11, 7, 30, 3, 31, 18, 9, 23], [8, 4, 17, 18, 31, 23, 26, 3], [17, 18, 10, 19, 5, 4, 26, 2], [14, 21, 24, 26, 19, 31, 25, 0], [3, 15, 30, 2, 10, 4, 21, 26], [30, 11, 25, 12, 7, 21, 28, 17], [21, 6, 9, 17, 18, 8, 13, 15], [5, 11, 22, 1, 27, 12, 21, 13], [7, 28, 5, 14, 19, 20, 26, 30], [1, 21, 6, 4, 16, 12, 11, 19], [30, 12, 24, 28, 27, 25, 16, 22], [31, 2, 27, 20, 5, 14, 24, 1], [7, 1, 24, 2, 30, 23, 0, 28], [23, 14, 18, 27, 15, 20, 21, 4], [8, 28, 1, 26, 15, 29, 12, 0], [10, 16, 0, 1, 11, 8, 31, 20], [25, 29, 31, 1, 14, 3, 7, 12], [8, 24, 15, 23, 10, 21, 12, 25], [16, 27, 11, 19, 6, 0, 7, 26], [23, 1, 17, 24, 5, 2, 7, 21], [23, 13, 18, 8, 0, 5, 4, 22], [7, 31, 26, 19, 13, 30, 1, 17], [18, 2, 5, 9, 30, 0, 3, 10], [20, 28, 1, 15, 4, 8, 26, 3], [23, 22, 21, 17, 28, 29, 3, 19], [18, 8, 4, 5, 28, 25, 14, 11], [7, 0, 27, 23, 13, 5, 24, 15], [29, 26, 18, 21, 6, 9, 17, 25], [12, 29, 2, 3, 28, 7, 0, 19], [24, 20, 6, 9, 16, 5, 19, 30], [2, 22, 10, 4, 12, 11, 0, 1], [25, 13, 19, 1, 9, 26, 12, 0], [11, 14, 27, 12, 8, 24, 20, 25], [1, 6, 13, 15, 24, 11, 0, 18], [8, 17, 13, 9, 0, 29, 30, 25], [5, 0, 15, 23, 17, 8, 14, 3], [14, 9, 17, 2, 4, 6, 26, 21], [13, 9, 0, 7, 10, 25, 4, 20], [28, 0, 17, 11, 18, 22, 5, 9], [3, 25, 24, 22, 29, 21, 14, 15], [10, 20, 22, 27, 12, 21, 2, 30], [23, 12, 25, 29, 4, 9, 26, 5], [12, 22, 25, 26, 7, 16, 5, 20], [10, 1, 12, 11, 2, 3, 4, 14], [14, 13, 25, 11, 9, 0, 15, 2], [5, 23, 18, 10, 24, 7, 14, 8], [23, 18, 8, 15, 12, 7, 30, 22], [16, 14, 10, 5, 29, 8, 3, 15], [1, 28, 19, 7, 30, 4, 21, 11], [6, 3, 4, 8, 17, 19, 11, 20], [31, 26, 13, 7, 24, 0, 14, 9], [11, 18, 14, 4, 15, 3, 26, 6], [11, 1, 4, 27, 19, 22, 8, 6], [29, 27, 30, 15, 13, 9, 14, 28], [7, 31, 10, 9, 29, 26, 17, 30], [29, 27, 25, 1, 8, 11, 9, 12], [10, 19, 5, 17, 21, 4, 3, 23], [13, 31, 15, 20, 14, 24, 4, 9], [14, 23, 4, 8, 27, 1, 9, 24], [4, 16, 20, 9, 13, 18, 8, 25], [2, 13, 31, 11, 19, 0, 9, 28], [23, 24, 20, 31, 12, 25, 29, 1], [25, 30, 26, 9, 15, 3, 5, 24], [1, 19, 25, 10, 13, 18, 3, 7], [8, 30, 16, 17, 0, 21, 24, 25], [10, 4, 24, 0, 17, 26, 25, 30], [21, 8, 29, 13, 19, 31, 18, 3], [8, 26, 14, 4, 18, 11, 12, 20], [19, 14, 7, 2, 13, 24, 15, 5], [12, 20, 31, 10, 2, 13, 29, 9], [17, 21, 13, 2, 28, 15, 5, 31], [31, 19, 8, 6, 11, 13, 24, 14], [18, 10, 29, 11, 13, 1, 6, 7], [11, 18, 26, 10, 20, 30, 23, 31], [19, 25, 23, 12, 21, 28, 29, 18], [11, 19, 17, 30, 3, 18, 5, 9], [6, 23, 31, 9, 3, 14, 10, 0], [1, 20, 13, 23, 0, 28, 15, 29], [24, 30, 9, 23, 12, 4, 26, 29], [3, 9, 5, 28, 25, 31, 10, 30], [9, 3, 16, 1, 7, 10, 13, 20], [15, 7, 3, 29, 27, 30, 22, 26], [0, 17, 26, 3, 10, 25, 19, 12], [16, 8, 7, 2, 28, 27, 19, 10], [24, 16, 4, 26, 18, 10, 5, 30], [1, 20, 10, 2, 6, 5, 11, 21], [14, 13, 25, 16, 12, 8, 31, 19], [30, 18, 24, 26, 31, 8, 23, 2], [24, 0, 25, 14, 5, 27, 17, 31], [8, 3, 9, 2, 24, 7, 1, 17], [15, 11, 22, 3, 21, 17, 26, 28], [5, 30, 21, 17, 10, 23, 19, 1], [23, 10, 26, 12, 2, 25, 0, 11], [27, 18, 16, 14, 31, 13, 22, 1], [21, 23, 19, 24, 26, 2, 5, 14], [4, 15, 30, 24, 13, 19, 2, 31], [31, 12, 23, 9, 14, 2, 25, 21], [15, 5, 1, 11, 9, 25, 7, 20], [24, 9, 26, 22, 29, 15, 16, 28], [2, 17, 9, 18, 13, 8, 1, 22], [11, 26, 12, 27, 10, 13, 9, 29], [27, 12, 31, 17, 8, 11, 23, 26], [6, 5, 1, 9, 19, 29, 11, 14], [25, 14, 13, 1, 4, 8, 15, 21], [24, 12, 15, 20, 31, 6, 1, 8], [29, 30, 15, 23, 16, 7, 11, 31], [1, 4, 23, 7, 21, 19, 22, 13], [20, 1, 13, 4, 16, 17, 6, 19], [19, 14, 2, 5, 15, 29, 27, 3], [3, 28, 12, 24, 10, 5, 23, 11], [0, 7, 30, 29, 26, 12, 18, 10], [27, 9, 29, 31, 16, 17, 26, 25], [20, 12, 4, 29, 25, 19, 6, 18], [8, 14, 22, 0, 24, 21, 31, 17], [19, 11, 25, 0, 31, 7, 26, 22], [20, 17, 14, 11, 25, 0, 28, 5], [21, 16, 10, 9, 28, 24, 5, 17], [26, 7, 21, 28, 13, 3, 12, 0], [19, 5, 28, 7, 25, 27, 22, 10], [24, 15, 8, 16, 17, 7, 31, 10], [8, 6, 30, 18, 13, 17, 11, 1], [15, 13, 31, 10, 14, 22, 2, 27], [9, 5, 30, 11, 10, 16, 3, 8], [29, 9, 20, 1, 21, 27, 30, 28], [13, 0, 23, 26, 11, 14, 16, 18], [4, 0, 8, 31, 14, 21, 1, 17], [24, 11, 12, 13, 18, 29, 8, 19], [1, 16, 30, 27, 23, 19, 21, 26], [12, 25, 31, 8, 14, 13, 4, 2], [1, 31, 23, 21, 26, 7, 28, 5], [10, 17, 11, 9, 0, 26, 16, 6], [0, 16, 7, 21, 12, 8, 5, 27], [4, 13, 0, 12, 6, 14, 26, 10], [27, 18, 5, 9, 2, 30, 17, 0], [15, 13, 0, 23, 22, 28, 29, 7], [15, 18, 31, 3, 24, 23, 27, 6], [2, 4, 1, 19, 14, 3, 0, 13], [26, 5, 17, 20, 29, 12, 23, 13], [18, 30, 15, 19, 31, 28, 11, 27], [11, 9, 13, 27, 29, 16, 4, 10], [4, 27, 8, 5, 15, 6, 14, 11], [4, 16, 21, 15, 7, 29, 8, 23], [30, 0, 6, 12, 3, 22, 16, 29], [6, 9, 16, 13, 24, 29, 31, 27], [12, 27, 23, 1, 26, 29, 28, 21], [12, 11, 21, 0, 6, 31, 15, 8], [30, 7, 0, 5, 12, 1, 10, 9], [13, 17, 22, 2, 30, 28, 6, 14], [16, 1, 8, 11, 5, 7, 9, 19], [10, 14, 31, 4, 3, 27, 23, 5], [27, 6, 28, 12, 26, 0, 2, 1], [25, 10, 5, 31, 16, 11, 1, 21], [15, 17, 30, 4, 3, 2, 0, 13], [17, 25, 5, 20, 22, 3, 29, 2], [10, 15, 7, 26, 22, 28, 14, 17], [12, 26, 8, 20, 24, 31, 2, 29], [15, 31, 9, 21, 16, 7, 5, 8], [8, 21, 27, 31, 13, 22, 30, 9], [21, 26, 24, 6, 8, 5, 11, 27], [5, 16, 9, 31, 10, 22, 8, 0], [9, 10, 3, 27, 6, 23, 14, 17]]",8,0.6404479146003723,128,random,0.25,37120,4.0,124,0.718036413192749,37,144 288 80 32,9277,0.7576644420623779,test,top_r_mean,0.0,0.0,0.25,0.25
0.013797563867629621,0.0,290,0.0,31,187.07210011780262,qasper,0.05333333333333334,0.0,0.0,0.0,1912.13337:e97186c51d4af490dba6faaf833d269c8256426c,mean,0.5933182197828422,0.0781165137887001,"[[31, 13, 27, 2, 21, 18, 25, 23], [10, 0, 7, 23, 5, 31, 13, 26], [27, 0, 24, 29, 19, 22, 2, 9], [27, 7, 24, 16, 30, 22, 6, 23], [7, 26, 20, 0, 30, 10, 6, 13], [12, 18, 6, 0, 7, 17, 26, 4], [31, 8, 21, 3, 29, 22, 4, 28], [17, 24, 18, 31, 13, 12, 23, 14], [6, 0, 30, 5, 20, 7, 10, 24], [22, 9, 25, 15, 30, 11, 19, 5], [7, 16, 13, 24, 30, 18, 28, 31], [27, 4, 6, 30, 14, 31, 1, 2], [25, 10, 23, 9, 20, 21, 0, 8], [18, 5, 31, 24, 0, 10, 16, 25], [15, 31, 11, 28, 21, 10, 7, 17], [0, 15, 11, 21, 26, 28, 7, 16], [9, 11, 17, 13, 6, 27, 19, 14], [10, 19, 1, 25, 22, 9, 3, 20], [24, 21, 16, 14, 12, 4, 7, 0], [3, 17, 1, 0, 22, 5, 24, 19], [13, 5, 19, 27, 4, 12, 26, 15], [19, 0, 25, 23, 31, 5, 15, 4], [23, 18, 2, 31, 17, 1, 20, 16], [6, 16, 10, 28, 9, 26, 7, 11], [12, 29, 20, 24, 4, 18, 28, 17], [14, 9, 3, 30, 4, 21, 12, 6], [28, 15, 19, 11, 9, 29, 18, 23], [0, 30, 23, 19, 6, 2, 4, 15], [25, 17, 6, 7, 29, 9, 20, 8], [30, 10, 8, 14, 5, 2, 9, 7], [20, 5, 21, 11, 6, 9, 18, 2], [21, 20, 1, 28, 26, 27, 7, 25], [27, 26, 30, 2, 4, 28, 29, 14], [15, 14, 9, 22, 29, 7, 31, 25], [17, 11, 9, 28, 18, 3, 31, 13], [6, 5, 3, 11, 20, 31, 13, 16], [23, 11, 21, 28, 26, 19, 7, 9], [1, 3, 7, 15, 22, 26, 19, 4], [1, 13, 18, 20, 27, 19, 9, 17], [10, 9, 17, 6, 31, 29, 14, 3], [7, 12, 28, 8, 20, 22, 5, 14], [27, 29, 13, 6, 23, 28, 20, 0], [14, 28, 20, 12, 31, 0, 11, 13], [20, 30, 24, 14, 28, 5, 12, 25], [2, 4, 24, 23, 12, 22, 10, 9], [2, 23, 7, 16, 8, 29, 13, 25], [3, 14, 15, 27, 16, 6, 12, 18], [17, 12, 28, 15, 10, 20, 4, 25], [1, 18, 22, 7, 9, 28, 12, 24], [9, 22, 14, 13, 31, 2, 26, 29], [30, 2, 17, 10, 15, 6, 5, 11], [3, 30, 22, 13, 2, 26, 29, 10], [15, 2, 16, 4, 5, 25, 18, 9], [5, 14, 26, 11, 31, 19, 1, 21], [16, 27, 7, 8, 4, 10, 12, 0], [6, 1, 10, 7, 16, 8, 2, 24], [8, 19, 13, 4, 27, 5, 23, 17], [5, 9, 18, 17, 13, 26, 25, 12], [10, 5, 22, 4, 23, 13, 16, 1], [5, 29, 11, 3, 16, 6, 8, 31], [27, 0, 21, 16, 9, 5, 25, 30], [24, 28, 2, 16, 12, 3, 11, 22], [26, 6, 17, 29, 2, 14, 18, 12], [13, 23, 7, 22, 5, 15, 0, 4], [16, 5, 18, 15, 10, 9, 13, 31], [22, 7, 12, 9, 31, 13, 21, 11], [29, 25, 11, 18, 30, 0, 9, 2], [12, 15, 30, 7, 18, 5, 23, 6], [14, 10, 3, 2, 6, 27, 22, 18], [28, 12, 22, 16, 25, 26, 19, 9], [2, 8, 20, 5, 27, 12, 4, 10], [13, 15, 31, 30, 16, 2, 9, 8], [22, 16, 3, 5, 19, 8, 11, 12], [16, 24, 20, 21, 14, 23, 13, 30], [29, 14, 20, 21, 8, 22, 31, 1], [26, 27, 7, 22, 3, 25, 20, 4], [16, 6, 13, 26, 11, 7, 30, 24], [0, 30, 4, 28, 15, 26, 16, 20], [4, 25, 11, 26, 10, 7, 18, 13], [21, 11, 31, 14, 18, 8, 4, 30], [10, 3, 0, 20, 4, 17, 14, 1], [10, 17, 7, 14, 11, 3, 9, 22], [20, 24, 11, 5, 29, 17, 28, 7], [19, 7, 11, 3, 10, 24, 13, 28], [4, 25, 9, 1, 31, 6, 10, 22], [16, 1, 12, 28, 21, 24, 29, 25], [29, 16, 14, 28, 8, 2, 5, 20], [3, 26, 14, 1, 31, 2, 27, 24], [1, 17, 22, 8, 15, 25, 27, 29], [23, 19, 4, 5, 1, 27, 6, 11], [1, 30, 2, 0, 19, 29, 9, 11], [31, 13, 6, 14, 28, 26, 2, 22], [22, 25, 29, 31, 24, 28, 15, 8], [4, 19, 7, 9, 3, 31, 13, 15], [16, 11, 12, 24, 28, 7, 14, 26], [7, 8, 6, 10, 1, 27, 24, 5], [28, 12, 15, 16, 10, 26, 11, 6], [15, 14, 22, 2, 7, 12, 6, 31], [19, 20, 11, 5, 10, 13, 30, 12], [11, 12, 13, 25, 14, 15, 5, 4], [1, 0, 29, 8, 16, 11, 18, 6], [15, 4, 20, 7, 30, 25, 18, 17], [21, 16, 31, 13, 28, 30, 25, 2], [10, 0, 24, 22, 18, 20, 14, 23], [12, 24, 16, 0, 19, 22, 17, 27], [17, 22, 5, 18, 11, 24, 28, 8], [2, 24, 10, 28, 14, 26, 29, 27], [25, 19, 10, 21, 1, 4, 23, 12], [20, 16, 1, 3, 26, 11, 2, 28], [15, 19, 31, 18, 10, 7, 23, 26], [26, 19, 22, 8, 1, 24, 2, 23], [12, 4, 8, 20, 29, 25, 11, 3], [0, 14, 3, 26, 27, 7, 4, 20], [6, 8, 27, 1, 23, 10, 28, 13], [9, 1, 28, 25, 0, 15, 12, 4], [23, 7, 18, 14, 3, 27, 17, 10], [7, 12, 31, 29, 11, 15, 26, 3], [17, 2, 9, 18, 0, 10, 8, 27], [31, 20, 30, 15, 17, 0, 14, 6], [10, 0, 8, 29, 28, 14, 26, 9], [19, 13, 12, 4, 18, 7, 0, 16], [16, 25, 26, 31, 30, 14, 6, 21], [24, 13, 23, 8, 15, 5, 19, 18], [15, 9, 17, 31, 21, 16, 20, 26], [9, 11, 14, 3, 10, 6, 24, 29], [20, 11, 21, 27, 28, 1, 25, 16], [21, 31, 17, 10, 5, 24, 0, 13], [9, 5, 22, 28, 29, 3, 18, 30], [21, 28, 29, 16, 3, 14, 20, 2], [10, 11, 12, 6, 9, 15, 28, 25], [4, 1, 7, 16, 30, 20, 24, 29], [15, 2, 12, 19, 5, 24, 3, 11], [29, 9, 3, 19, 25, 0, 6, 17], [17, 1, 22, 10, 29, 18, 4, 0], [10, 13, 21, 23, 2, 12, 5, 26], [18, 22, 12, 1, 19, 17, 29, 25], [16, 19, 6, 31, 24, 17, 29, 11], [21, 9, 20, 8, 28, 5, 18, 24], [30, 7, 26, 29, 16, 0, 4, 9], [30, 1, 27, 16, 31, 7, 11, 17], [14, 0, 21, 26, 16, 18, 6, 29], [16, 12, 5, 6, 22, 25, 11, 30], [4, 10, 22, 24, 31, 25, 6, 0], [10, 6, 18, 25, 14, 29, 30, 7], [7, 18, 0, 19, 11, 16, 24, 22], [30, 14, 8, 9, 17, 0, 11, 5], [19, 20, 1, 26, 27, 9, 22, 5], [21, 27, 6, 18, 8, 5, 10, 2], [13, 9, 22, 31, 0, 2, 24, 27], [18, 2, 0, 14, 25, 17, 6, 4], [6, 18, 11, 21, 8, 19, 9, 2], [4, 24, 18, 15, 13, 3, 31, 5], [5, 30, 19, 27, 2, 26, 15, 12], [29, 2, 19, 12, 7, 1, 21, 6], [13, 1, 20, 18, 10, 0, 9, 14], [18, 17, 9, 6, 5, 29, 4, 19], [31, 10, 18, 26, 9, 22, 6, 2], [3, 2, 16, 30, 9, 4, 24, 1], [11, 23, 29, 10, 18, 28, 30, 12], [8, 9, 4, 2, 28, 30, 23, 0], [9, 6, 12, 22, 24, 0, 17, 28], [14, 15, 11, 9, 2, 21, 1, 27], [9, 17, 29, 18, 22, 3, 31, 21], [25, 17, 29, 15, 22, 12, 10, 18], [0, 20, 28, 24, 29, 8, 27, 31], [6, 20, 1, 29, 25, 11, 3, 8], [6, 13, 20, 12, 9, 29, 27, 30], [22, 2, 31, 26, 21, 24, 1, 15], [4, 28, 29, 26, 31, 20, 5, 3], [21, 0, 27, 19, 10, 9, 13, 31], [31, 23, 13, 30, 14, 21, 7, 12], [12, 14, 6, 23, 25, 4, 21, 7], [10, 12, 21, 5, 20, 31, 0, 6], [3, 2, 20, 17, 25, 21, 7, 27], [5, 12, 20, 0, 23, 30, 6, 18], [9, 15, 0, 11, 27, 16, 5, 4], [5, 20, 19, 27, 24, 28, 25, 10], [30, 12, 16, 6, 5, 29, 20, 14], [0, 15, 16, 30, 26, 4, 29, 28], [27, 10, 0, 24, 6, 16, 14, 17], [22, 18, 17, 24, 20, 1, 10, 6], [10, 20, 8, 0, 30, 3, 16, 22], [28, 8, 3, 6, 17, 1, 25, 19], [13, 5, 25, 18, 16, 8, 17, 26], [3, 29, 15, 31, 20, 24, 13, 19], [19, 30, 2, 11, 31, 4, 27, 15], [25, 22, 5, 26, 16, 18, 10, 31], [4, 1, 11, 23, 10, 17, 5, 6], [28, 22, 29, 27, 17, 5, 15, 2], [30, 25, 10, 24, 17, 11, 6, 16], [10, 26, 17, 15, 22, 3, 24, 31], [22, 12, 13, 3, 19, 5, 10, 1], [8, 30, 29, 17, 0, 21, 9, 12], [17, 12, 1, 2, 25, 5, 11, 16], [23, 0, 14, 12, 25, 2, 28, 1], [17, 1, 23, 21, 3, 11, 31, 14], [22, 15, 18, 3, 28, 7, 2, 16], [14, 7, 27, 21, 1, 17, 6, 18], [1, 18, 9, 24, 13, 29, 19, 7], [14, 11, 4, 16, 22, 1, 28, 3], [17, 1, 14, 31, 12, 5, 26, 21], [13, 17, 0, 21, 28, 18, 30, 31], [0, 31, 5, 6, 4, 12, 30, 22], [30, 11, 4, 28, 13, 8, 22, 12], [25, 14, 1, 6, 20, 10, 11, 12], [31, 3, 19, 12, 22, 1, 4, 8], [4, 26, 15, 10, 8, 22, 7, 28], [23, 11, 27, 21, 14, 12, 9, 28], [20, 13, 24, 29, 17, 7, 26, 12], [4, 27, 14, 7, 13, 23, 3, 2], [8, 18, 21, 31, 10, 0, 5, 11], [31, 13, 11, 0, 15, 18, 2, 22], [21, 9, 20, 14, 15, 8, 27, 22], [3, 31, 0, 23, 30, 20, 7, 9], [14, 1, 30, 13, 7, 31, 21, 24], [24, 27, 7, 25, 16, 17, 19, 26], [20, 8, 29, 10, 22, 3, 6, 13], [30, 31, 15, 28, 8, 17, 29, 1], [3, 0, 8, 6, 15, 29, 2, 10], [21, 25, 3, 12, 7, 16, 14, 10], [17, 23, 16, 19, 21, 25, 18, 4], [0, 21, 22, 16, 7, 8, 4, 30], [0, 29, 2, 4, 6, 5, 1, 17], [0, 21, 16, 11, 7, 5, 15, 12], [25, 31, 9, 23, 12, 15, 18, 10], [13, 18, 4, 21, 12, 6, 30, 2], [29, 21, 27, 18, 28, 23, 26, 5], [3, 0, 21, 29, 9, 24, 17, 22], [13, 7, 25, 24, 22, 16, 12, 3], [9, 15, 17, 19, 28, 7, 25, 11], [25, 21, 5, 24, 1, 9, 7, 15], [28, 21, 3, 9, 2, 25, 11, 22], [6, 28, 2, 15, 1, 5, 4, 17], [22, 29, 21, 28, 7, 23, 17, 12], [15, 29, 2, 20, 18, 7, 22, 16], [24, 19, 29, 9, 28, 5, 1, 0], [3, 14, 1, 17, 9, 8, 23, 13], [24, 12, 31, 18, 27, 25, 21, 4], [9, 10, 26, 4, 5, 25, 31, 1], [20, 24, 14, 16, 26, 17, 5, 25], [27, 2, 25, 20, 18, 24, 16, 6], [28, 15, 2, 11, 7, 23, 18, 1], [3, 8, 5, 21, 7, 19, 23, 11], [14, 1, 25, 10, 11, 30, 29, 18], [30, 3, 22, 27, 9, 15, 29, 23], [29, 26, 9, 13, 16, 23, 22, 6], [26, 8, 21, 7, 22, 2, 19, 4], [3, 23, 6, 10, 17, 31, 22, 18], [2, 1, 3, 24, 11, 19, 22, 18], [21, 19, 16, 4, 8, 23, 6, 26], [0, 2, 25, 7, 28, 1, 6, 20], [10, 9, 11, 18, 17, 1, 21, 20], [21, 27, 15, 7, 20, 3, 10, 26], [20, 31, 15, 26, 1, 24, 17, 27], [21, 18, 14, 6, 3, 9, 16, 2], [27, 28, 20, 30, 26, 1, 22, 8], [13, 1, 28, 22, 21, 5, 20, 8], [15, 27, 23, 24, 2, 1, 26, 13], [4, 9, 15, 31, 2, 24, 25, 6], [27, 11, 4, 9, 7, 29, 5, 12], [10, 9, 17, 22, 24, 3, 5, 7], [0, 6, 27, 25, 18, 29, 19, 3], [0, 3, 19, 31, 7, 22, 8, 29], [3, 23, 9, 1, 13, 29, 0, 26], [18, 1, 11, 0, 20, 16, 6, 29], [29, 5, 26, 9, 22, 2, 1, 6], [13, 19, 18, 29, 21, 8, 5, 26], [17, 7, 11, 28, 8, 1, 18, 15], [6, 31, 19, 30, 11, 22, 8, 10], [15, 11, 22, 2, 9, 3, 6, 31], [28, 25, 13, 16, 17, 21, 9, 3], [6, 10, 12, 22, 24, 13, 5, 25], [2, 9, 7, 18, 19, 25, 5, 21], [25, 20, 22, 5, 0, 4, 14, 30], [28, 4, 1, 25, 23, 16, 12, 22], [4, 6, 16, 7, 5, 19, 3, 8], [1, 8, 2, 14, 26, 9, 31, 5], [28, 26, 20, 10, 15, 23, 29, 2], [21, 0, 15, 20, 28, 23, 9, 8], [28, 31, 2, 3, 30, 12, 8, 6], [1, 11, 8, 22, 2, 3, 0, 17], [11, 1, 6, 23, 22, 17, 28, 21], [0, 4, 23, 7, 28, 11, 9, 17], [21, 14, 11, 5, 30, 24, 26, 25], [7, 9, 25, 11, 4, 20, 13, 5], [22, 23, 13, 24, 21, 10, 25, 30], [28, 15, 24, 3, 30, 0, 11, 20], [16, 25, 15, 22, 2, 6, 7, 3], [23, 1, 19, 22, 17, 31, 10, 6], [10, 14, 2, 19, 4, 17, 26, 6]]",8,0.6272528171539307,128,random,0.0,37120,4.0,124,0.7027596831321716,53,80 144 192 112,9277,0.7813666462898254,test,top_r_mean,0.0,0.0,0.25,0.25
0.013797563867629621,1.0,290,1.0,31,210.521399974823,qasper,0.05333333333333334,0.25,0.013333333333333334,0.0,1912.13337:e97186c51d4af490dba6faaf833d269c8256426c,mean,0.6002768232149676,0.08390049636363983,"[[21, 19, 17, 26, 1, 2, 23, 8], [20, 7, 1, 29, 19, 3, 14, 6], [21, 16, 19, 31, 7, 17, 24, 15], [13, 1, 24, 10, 14, 17, 16, 22], [12, 16, 17, 8, 4, 2, 10, 18], [29, 22, 13, 15, 25, 5, 24, 20], [21, 28, 23, 1, 4, 27, 8, 30], [30, 5, 26, 23, 4, 12, 3, 27], [31, 26, 16, 10, 24, 8, 25, 23], [24, 19, 1, 29, 20, 2, 5, 4], [2, 18, 20, 9, 5, 26, 16, 8], [30, 27, 16, 2, 11, 0, 23, 7], [0, 6, 23, 31, 27, 22, 10, 11], [5, 9, 6, 2, 24, 29, 4, 16], [4, 1, 21, 8, 16, 25, 18, 2], [16, 4, 12, 6, 11, 9, 7, 10], [18, 6, 5, 24, 25, 15, 3, 31], [28, 10, 8, 1, 22, 19, 26, 16], [13, 4, 26, 18, 22, 6, 7, 14], [27, 13, 9, 1, 0, 29, 14, 17], [31, 14, 2, 0, 11, 5, 17, 30], [18, 30, 11, 8, 3, 15, 23, 17], [16, 30, 15, 31, 21, 22, 23, 12], [17, 24, 14, 23, 15, 1, 26, 25], [13, 15, 22, 27, 17, 3, 19, 31], [10, 2, 26, 23, 17, 31, 0, 3], [14, 25, 24, 21, 13, 8, 16, 6], [21, 6, 11, 19, 17, 12, 10, 29], [11, 3, 9, 21, 1, 23, 28, 10], [12, 24, 11, 26, 4, 8, 23, 21], [19, 20, 28, 29, 30, 24, 13, 4], [15, 5, 24, 1, 22, 23, 12, 7], [13, 2, 27, 14, 22, 20, 28, 9], [18, 0, 5, 26, 22, 30, 6, 10], [30, 20, 6, 9, 10, 15, 16, 19], [17, 5, 25, 0, 11, 3, 2, 28], [18, 26, 1, 16, 31, 11, 9, 3], [1, 18, 22, 9, 3, 21, 14, 24], [1, 18, 4, 2, 16, 26, 20, 15], [18, 29, 21, 19, 14, 30, 27, 12], [11, 26, 30, 4, 5, 6, 18, 25], [17, 6, 3, 4, 8, 30, 31, 14], [23, 20, 28, 11, 9, 8, 21, 14], [29, 18, 27, 0, 1, 20, 22, 3], [3, 10, 4, 30, 16, 24, 12, 8], [3, 31, 6, 28, 5, 1, 30, 10], [11, 6, 31, 24, 0, 10, 21, 13], [18, 4, 6, 14, 16, 26, 27, 25], [18, 28, 20, 16, 24, 11, 5, 31], [28, 27, 21, 14, 23, 26, 16, 12], [28, 20, 6, 22, 8, 10, 14, 29], [16, 8, 29, 4, 14, 19, 28, 0], [29, 20, 28, 4, 21, 26, 18, 3], [25, 17, 13, 10, 21, 31, 11, 18], [5, 8, 2, 17, 25, 9, 23, 22], [22, 17, 18, 27, 0, 19, 9, 24], [5, 15, 21, 23, 31, 26, 28, 3], [2, 29, 31, 14, 19, 1, 23, 8], [4, 22, 31, 0, 19, 23, 15, 29], [7, 29, 20, 23, 6, 1, 16, 3], [7, 6, 31, 0, 18, 15, 1, 16], [17, 5, 15, 22, 14, 2, 12, 19], [23, 1, 6, 28, 8, 9, 10, 21], [4, 28, 23, 3, 25, 29, 18, 26], [28, 18, 19, 20, 1, 30, 0, 5], [23, 19, 15, 2, 10, 1, 28, 6], [30, 3, 28, 0, 31, 2, 29, 13], [7, 24, 18, 20, 29, 8, 2, 15], [17, 6, 23, 3, 11, 4, 5, 14], [10, 20, 13, 21, 3, 2, 6, 0], [31, 0, 26, 5, 19, 14, 28, 16], [13, 14, 11, 3, 12, 31, 1, 4], [17, 31, 20, 23, 18, 30, 15, 19], [5, 0, 26, 19, 13, 4, 21, 15], [19, 27, 8, 9, 25, 30, 20, 23], [7, 2, 20, 22, 23, 16, 3, 5], [2, 26, 30, 19, 6, 13, 14, 18], [7, 27, 3, 24, 17, 22, 10, 9], [24, 2, 22, 30, 17, 19, 13, 0], [31, 15, 19, 4, 8, 0, 5, 18], [6, 9, 28, 13, 16, 1, 23, 20], [2, 26, 8, 17, 6, 25, 19, 11], [16, 28, 0, 20, 13, 8, 21, 30], [5, 26, 25, 28, 9, 8, 19, 31], [27, 8, 26, 31, 17, 6, 2, 10], [23, 9, 4, 13, 10, 11, 20, 22], [0, 25, 11, 19, 27, 17, 2, 13], [17, 7, 19, 26, 25, 0, 6, 3], [15, 17, 14, 16, 5, 18, 28, 23], [15, 24, 12, 30, 16, 13, 20, 19], [13, 30, 2, 23, 29, 16, 25, 18], [5, 17, 23, 1, 31, 10, 25, 24], [6, 28, 0, 22, 23, 12, 19, 10], [24, 16, 29, 14, 18, 17, 20, 9], [3, 23, 30, 28, 4, 12, 8, 18], [17, 15, 18, 14, 9, 27, 20, 8], [9, 5, 12, 25, 26, 24, 22, 15], [3, 29, 24, 28, 0, 8, 19, 10], [28, 21, 24, 22, 10, 8, 14, 18], [25, 10, 15, 8, 18, 19, 21, 31], [12, 16, 19, 15, 10, 6, 26, 3], [3, 15, 17, 31, 19, 4, 21, 29], [20, 3, 14, 30, 5, 27, 2, 22], [14, 16, 7, 28, 22, 4, 17, 2], [20, 17, 6, 24, 9, 27, 30, 8], [0, 21, 27, 8, 24, 5, 12, 6], [29, 14, 0, 9, 6, 16, 24, 7], [5, 0, 23, 1, 22, 13, 9, 12], [7, 29, 5, 26, 11, 13, 14, 30], [19, 18, 28, 22, 17, 21, 23, 6], [23, 18, 26, 1, 17, 3, 16, 15], [19, 31, 20, 30, 24, 21, 1, 22], [24, 30, 12, 4, 15, 25, 0, 9], [27, 4, 21, 15, 12, 24, 17, 31], [27, 12, 25, 15, 10, 6, 0, 21], [2, 17, 7, 20, 12, 11, 14, 3], [3, 6, 29, 13, 31, 7, 17, 10], [26, 29, 22, 10, 31, 30, 8, 14], [29, 8, 18, 20, 2, 28, 9, 25], [19, 16, 18, 28, 20, 8, 15, 9], [30, 9, 6, 28, 0, 27, 2, 25], [6, 26, 17, 7, 14, 29, 16, 13], [26, 20, 0, 8, 13, 6, 1, 4], [1, 3, 29, 9, 6, 22, 7, 30], [1, 15, 22, 4, 2, 27, 16, 8], [15, 25, 31, 0, 12, 11, 6, 17], [22, 14, 3, 26, 29, 28, 6, 19], [28, 0, 15, 5, 13, 6, 1, 24], [5, 7, 9, 17, 27, 14, 23, 20], [9, 20, 29, 30, 0, 25, 24, 22], [8, 26, 22, 5, 10, 4, 29, 27], [18, 5, 10, 13, 4, 14, 2, 31], [21, 16, 6, 5, 25, 10, 0, 26], [0, 8, 10, 1, 16, 25, 30, 17], [11, 31, 25, 14, 0, 29, 13, 17], [11, 4, 18, 5, 31, 19, 23, 12], [11, 2, 25, 22, 1, 5, 12, 27], [31, 11, 0, 18, 10, 12, 20, 8], [28, 24, 7, 8, 11, 5, 3, 14], [19, 0, 22, 8, 5, 6, 4, 25], [15, 30, 27, 4, 11, 9, 20, 19], [11, 15, 7, 0, 14, 5, 2, 8], [23, 10, 30, 31, 29, 12, 21, 6], [15, 22, 12, 0, 21, 26, 19, 14], [10, 31, 7, 6, 24, 8, 28, 1], [27, 7, 10, 1, 19, 8, 20, 22], [14, 23, 12, 15, 8, 24, 30, 3], [8, 16, 12, 0, 17, 24, 4, 29], [14, 2, 9, 0, 25, 18, 22, 15], [0, 6, 1, 20, 7, 26, 27, 21], [9, 5, 25, 7, 4, 16, 26, 14], [14, 19, 25, 27, 2, 8, 11, 24], [19, 0, 31, 17, 1, 27, 5, 25], [7, 3, 12, 28, 23, 25, 31, 5], [2, 10, 28, 6, 11, 0, 1, 21], [14, 5, 27, 15, 11, 9, 13, 25], [3, 20, 31, 0, 10, 21, 7, 15], [1, 8, 12, 0, 20, 23, 29, 14], [31, 22, 2, 15, 8, 27, 10, 25], [20, 11, 27, 2, 3, 31, 9, 26], [15, 27, 4, 29, 12, 7, 2, 11], [17, 4, 15, 23, 31, 26, 1, 21], [26, 22, 9, 12, 20, 31, 7, 6], [28, 20, 19, 22, 3, 15, 1, 12], [20, 18, 21, 25, 23, 19, 8, 4], [1, 28, 20, 21, 30, 8, 26, 10], [20, 8, 30, 12, 9, 13, 6, 4], [31, 11, 21, 29, 24, 13, 18, 26], [24, 22, 19, 3, 1, 9, 28, 26], [10, 24, 19, 7, 3, 30, 9, 0], [14, 6, 30, 15, 17, 20, 23, 24], [28, 30, 23, 0, 19, 1, 12, 7], [27, 13, 17, 6, 31, 4, 26, 15], [16, 19, 15, 9, 5, 30, 26, 12], [17, 26, 2, 24, 9, 20, 25, 12], [8, 17, 19, 16, 20, 18, 1, 23], [18, 26, 17, 28, 30, 16, 10, 6], [25, 20, 31, 9, 14, 19, 5, 26], [17, 9, 7, 0, 20, 21, 13, 10], [19, 15, 10, 4, 25, 23, 13, 18], [0, 24, 9, 10, 19, 12, 25, 21], [9, 0, 11, 15, 6, 23, 30, 3], [19, 29, 31, 7, 24, 12, 23, 20], [27, 5, 14, 18, 7, 12, 4, 25], [12, 28, 24, 1, 19, 16, 27, 25], [14, 15, 26, 27, 23, 0, 20, 7], [6, 22, 31, 14, 8, 19, 21, 1], [9, 27, 25, 3, 14, 12, 2, 10], [16, 28, 8, 27, 2, 31, 21, 26], [5, 23, 7, 6, 29, 24, 26, 3], [10, 24, 21, 18, 12, 11, 1, 23], [9, 17, 4, 0, 3, 5, 13, 19], [9, 22, 18, 5, 24, 11, 2, 12], [30, 27, 11, 24, 17, 26, 2, 15], [27, 9, 21, 1, 22, 25, 13, 8], [4, 1, 3, 0, 12, 6, 21, 16], [28, 0, 24, 5, 4, 13, 19, 10], [31, 25, 3, 20, 8, 4, 15, 7], [16, 28, 5, 4, 21, 2, 6, 22], [28, 4, 27, 25, 26, 21, 11, 22], [15, 2, 22, 13, 23, 7, 28, 26], [24, 20, 10, 19, 3, 1, 16, 23], [5, 26, 24, 21, 0, 12, 7, 17], [14, 25, 9, 29, 20, 2, 4, 23], [13, 11, 6, 9, 5, 20, 7, 24], [7, 26, 17, 18, 14, 6, 4, 30], [24, 0, 8, 17, 12, 30, 22, 5], [8, 14, 25, 1, 0, 19, 12, 24], [27, 0, 19, 13, 10, 14, 8, 3], [28, 24, 22, 23, 25, 17, 13, 8], [16, 28, 1, 2, 3, 22, 31, 17], [30, 1, 26, 0, 31, 14, 13, 10], [5, 15, 21, 0, 30, 25, 20, 6], [11, 28, 24, 4, 29, 20, 15, 16], [6, 15, 18, 8, 5, 22, 1, 10], [27, 12, 28, 8, 14, 20, 7, 15], [9, 27, 8, 6, 31, 26, 30, 22], [10, 30, 0, 21, 24, 25, 13, 11], [9, 8, 0, 14, 28, 11, 5, 21], [26, 0, 11, 2, 21, 28, 22, 12], [8, 27, 31, 20, 26, 0, 17, 1], [9, 2, 30, 18, 1, 17, 8, 24], [20, 8, 13, 0, 16, 23, 31, 21], [8, 11, 12, 4, 18, 24, 1, 6], [21, 4, 29, 25, 0, 14, 7, 5], [26, 27, 29, 11, 19, 4, 30, 21], [30, 23, 13, 0, 11, 29, 22, 7], [31, 3, 14, 23, 1, 18, 15, 28], [29, 14, 27, 25, 9, 10, 5, 11], [12, 30, 13, 23, 0, 29, 6, 2], [22, 27, 8, 7, 5, 1, 15, 10], [6, 0, 13, 31, 15, 11, 30, 1], [26, 31, 11, 30, 25, 6, 27, 2], [14, 17, 28, 11, 13, 9, 21, 19], [11, 21, 0, 28, 5, 15, 24, 26], [29, 9, 6, 31, 26, 2, 15, 12], [28, 13, 20, 12, 25, 27, 31, 24], [24, 3, 12, 5, 9, 15, 2, 23], [15, 30, 14, 26, 24, 22, 10, 20], [24, 17, 31, 21, 14, 8, 16, 11], [3, 1, 9, 24, 19, 11, 27, 23], [14, 6, 1, 7, 28, 4, 21, 2], [20, 16, 14, 1, 17, 8, 7, 12], [28, 20, 19, 7, 30, 2, 0, 15], [19, 26, 11, 9, 16, 13, 12, 6], [13, 10, 4, 8, 20, 6, 31, 9], [23, 15, 9, 26, 13, 20, 30, 3], [5, 21, 1, 20, 17, 22, 11, 8], [4, 9, 13, 28, 24, 3, 17, 27], [13, 25, 4, 27, 2, 16, 14, 0], [7, 30, 1, 27, 4, 20, 16, 15], [26, 18, 25, 0, 8, 9, 6, 22], [20, 28, 31, 13, 22, 5, 9, 16], [27, 7, 5, 14, 1, 10, 11, 29], [2, 3, 18, 10, 11, 9, 29, 7], [4, 30, 1, 23, 16, 27, 7, 25], [11, 15, 12, 18, 30, 4, 20, 19], [16, 15, 7, 26, 8, 17, 0, 30], [4, 13, 21, 28, 20, 29, 9, 11], [20, 1, 10, 8, 6, 31, 13, 0], [21, 18, 15, 7, 22, 12, 11, 28], [0, 3, 16, 22, 31, 18, 28, 21], [10, 26, 27, 20, 18, 16, 17, 5], [17, 1, 21, 12, 31, 0, 7, 13], [7, 18, 16, 5, 21, 23, 6, 31], [2, 24, 4, 3, 27, 30, 28, 21], [0, 5, 7, 2, 9, 31, 27, 30], [12, 3, 18, 9, 30, 29, 15, 26], [27, 1, 9, 26, 29, 24, 19, 21], [14, 21, 1, 13, 4, 17, 23, 16], [12, 21, 2, 30, 24, 10, 1, 11], [27, 7, 26, 17, 20, 8, 9, 0], [7, 17, 29, 11, 20, 13, 25, 5], [23, 25, 8, 16, 0, 1, 13, 21], [7, 16, 18, 26, 29, 25, 0, 14], [11, 0, 28, 8, 16, 9, 7, 15], [14, 2, 1, 10, 31, 16, 8, 19], [23, 0, 30, 3, 2, 21, 4, 16], [31, 28, 7, 27, 4, 20, 9, 10], [30, 20, 13, 24, 14, 22, 19, 12], [17, 30, 31, 9, 5, 20, 8, 23], [0, 30, 24, 31, 10, 8, 7, 11], [13, 29, 14, 2, 19, 12, 1, 16], [2, 17, 20, 30, 11, 8, 3, 27], [11, 27, 26, 2, 24, 18, 5, 12], [27, 13, 21, 1, 7, 11, 9, 31], [27, 23, 28, 9, 21, 18, 29, 2], [20, 29, 3, 16, 18, 15, 10, 30], [3, 26, 25, 8, 0, 10, 20, 11], [14, 17, 9, 6, 22, 24, 23, 19]]",8,0.6338638067245483,128,random,0.3333333333333333,37120,4.0,124,0.7140381932258606,71,112 208 64 288,9277,0.7823988795280457,test,top_r_mean,0.0,0.0,0.0,0.25
0.036036036036036036,1.0,111,1.0,32,0.04710000939667225,qasper,4.0,0.25,1.0,0.0,2003.11645:c2d1387e08cf25cb6b1f482178cca58030e85b70,mean,1.0,0.0,,0,0.0,128,full_k,1.0,56832,4.0,128,0.0,0,0 96 80 56,3552,1.0,test,top_r_mean,1.0,1.0,1.0,1.0
0.036036036036036036,0.0,111,0.0,32,5.75790018774569,qasper,4.0,0.0,0.0,0.0,2003.11645:c2d1387e08cf25cb6b1f482178cca58030e85b70,mean,0.5256347256347257,0.07302957773208618,,1,1.2304155826568604,128,mean,0.0,1776,4.0,128,1.2684154510498047,0,96 24 88 80,3552,0.7100034952163696,test,top_r_mean,0.0,0.5,0.5,0.625
0.036036036036036036,0.0,111,0.0,32,73.23970017023385,qasper,4.0,0.0,0.0,0.0,2003.11645:c2d1387e08cf25cb6b1f482178cca58030e85b70,mean,0.10794430794430794,0.31687724590301514,"[[24], [24], [24], [24], [24], [24], [24], [24], [24], [24], [24], [24], [24], [24], [24], [24], [24], [24], [24], [24], [24], [24], [24], [24], [24], [24], [24], [24], [24], [24], [24], [24], [24], [24], [24], [24], [24], [24], [24], [24], [24], [24], [24], [24], [24], [24], [24], [24], [24], [24], [24], [24], [24], [24], [24], [24], [24], [24], [24], [24], [24], [24], [24], [24], [24], [24], [24], [24], [24], [24], [24], [24], [24], [24], [24], [24], [24], [24], [24], [24], [24], [24], [24], [24], [24], [24], [24], [24], [24], [24], [24], [24], [24], [24], [24], [24], [24], [24], [24], [24], [24], [24], [24], [24], [24], [24], [24], [24], [24], [24], [24]]",1,1.27066171169281,128,last,0.0,1776,4.0,128,1.4948456287384033,0,109 96 25 82,3552,0.15497541427612305,test,top_r_mean,0.0,0.5,0.25,0.125
0.036036036036036036,0.0,111,0.0,32,69.72960010170937,qasper,4.0,0.0,0.0,0.0,2003.11645:c2d1387e08cf25cb6b1f482178cca58030e85b70,mean,0.42964782964782966,0.1159106194972992,"[[10], [28], [20], [30], [29], [25], [27], [29], [6], [5], [30], [28], [29], [5], [28], [15], [21], [15], [15], [22], [22], [5], [10], [8], [4], [15], [17], [18], [27], [24], [31], [28], [18], [1], [15], [4], [4], [20], [24], [5], [9], [24], [11], [3], [23], [5], [21], [21], [15], [22], [19], [19], [21], [13], [18], [22], [7], [0], [19], [22], [11], [15], [13], [17], [11], [20], [24], [4], [2], [4], [27], [9], [31], [15], [25], [9], [12], [8], [31], [26], [8], [21], [4], [7], [17], [8], [16], [10], [12], [27], [18], [5], [8], [22], [26], [17], [6], [18], [31], [11], [0], [9], [12], [22], [17], [30], [25], [0], [17], [7], [12]]",1,0.8778855204582214,128,farthest,0.0,1776,4.0,128,0.9728443622589111,0,24 32 48 82,3552,0.5898560285568237,test,top_r_mean,0.0,0.0,0.0,0.5
0.036036036036036036,0.0,111,0.0,32,66.37890008278191,qasper,4.0,0.0,0.0,0.0,2003.11645:c2d1387e08cf25cb6b1f482178cca58030e85b70,mean,0.5665847665847665,0.0913853570818901,"[[15], [31], [18], [28], [28], [10], [9], [25], [26], [4], [7], [8], [22], [22], [20], [29], [20], [28], [2], [14], [11], [0], [0], [21], [4], [23], [1], [0], [13], [0], [10], [14], [18], [30], [1], [0], [8], [18], [3], [15], [26], [23], [26], [23], [22], [3], [17], [18], [13], [0], [2], [28], [11], [7], [20], [30], [10], [15], [13], [10], [9], [23], [4], [0], [8], [17], [17], [20], [25], [10], [27], [20], [5], [0], [3], [5], [18], [6], [11], [25], [25], [15], [2], [26], [1], [22], [14], [8], [3], [4], [14], [11], [13], [30], [14], [24], [25], [12], [27], [5], [6], [28], [17], [5], [4], [8], [6], [18], [4], [24], [31]]",1,0.35750043392181396,128,greedy_oracle,0.0,1776,4.0,128,0.48293212056159973,0,87 7 109 60,3552,0.7642505764961243,test,top_r_mean,0.0,0.0,0.0,0.125
0.036036036036036036,0.0,111,0.0,32,74.35279991477728,qasper,4.0,0.0,0.0,0.0,2003.11645:c2d1387e08cf25cb6b1f482178cca58030e85b70,mean,0.2343980343980344,0.26846733689308167,"[[26], [0], [0], [14], [13], [21], [28], [9], [8], [31], [15], [22], [29], [27], [10], [15], [11], [30], [11], [4], [13], [19], [20], [14], [22], [12], [12], [24], [1], [4], [5], [27], [23], [26], [24], [20], [3], [18], [11], [28], [16], [29], [27], [29], [5], [2], [7], [1], [27], [27], [25], [22], [22], [15], [8], [5], [12], [0], [27], [20], [11], [23], [4], [26], [10], [2], [20], [17], [25], [1], [30], [20], [17], [14], [10], [24], [12], [2], [11], [4], [29], [4], [26], [3], [10], [12], [28], [8], [1], [27], [15], [20], [23], [20], [19], [1], [16], [23], [15], [2], [14], [21], [24], [0], [4], [25], [5], [5], [26], [30], [10]]",1,1.2508856058120728,128,random,0.0,1776,4.0,128,1.448225498199463,11,87 104 56 62,3552,0.34186556935310364,test,top_r_mean,0.0,0.0,0.25,0.125
0.036036036036036036,0.0,111,0.0,32,79.76739993318915,qasper,4.0,0.0,0.0,0.0,2003.11645:c2d1387e08cf25cb6b1f482178cca58030e85b70,mean,0.15511875511875511,0.20364589989185333,"[[20], [13], [26], [30], [1], [21], [0], [10], [21], [25], [26], [19], [12], [16], [29], [1], [29], [7], [7], [3], [17], [24], [8], [4], [1], [6], [17], [30], [16], [1], [27], [3], [29], [4], [12], [2], [15], [2], [21], [18], [13], [29], [26], [13], [0], [27], [3], [14], [17], [26], [9], [19], [5], [26], [28], [28], [23], [23], [9], [7], [8], [9], [11], [28], [5], [14], [30], [24], [5], [13], [15], [2], [29], [13], [3], [7], [5], [9], [23], [17], [26], [27], [22], [20], [31], [5], [13], [16], [7], [25], [28], [29], [4], [13], [25], [20], [21], [1], [28], [22], [17], [6], [31], [13], [12], [13], [24], [9], [15], [10], [7]]",1,1.2819157838821411,128,random,0.0,1776,4.0,128,1.4236400127410889,23,81 74 80 42,3552,0.23067741096019745,test,top_r_mean,0.0,0.0,0.25,0.125
0.036036036036036036,0.0,111,0.0,32,65.85110002197325,qasper,4.0,0.0,0.0,0.0,2003.11645:c2d1387e08cf25cb6b1f482178cca58030e85b70,mean,0.1561015561015561,0.2562648057937622,"[[22], [26], [11], [19], [5], [21], [0], [5], [15], [0], [18], [6], [4], [22], [3], [25], [16], [16], [9], [4], [13], [9], [12], [20], [23], [15], [22], [5], [10], [10], [31], [30], [27], [14], [13], [13], [26], [13], [3], [15], [21], [28], [9], [14], [10], [13], [8], [5], [29], [3], [27], [20], [0], [4], [28], [14], [4], [30], [21], [9], [22], [21], [10], [12], [6], [7], [9], [18], [21], [6], [0], [5], [24], [25], [28], [15], [27], [28], [23], [6], [16], [13], [18], [11], [17], [11], [25], [27], [9], [27], [27], [25], [15], [18], [5], [3], [16], [0], [22], [6], [31], [28], [21], [21], [12], [7], [2], [27], [18], [10], [20]]",1,1.2923489809036255,128,random,0.0,1776,4.0,128,1.4624943733215332,37,101 13 80 22,3552,0.2345910668373108,test,top_r_mean,0.0,0.0,0.25,0.125
0.036036036036036036,0.0,111,0.0,32,72.93449994176626,qasper,4.0,0.0,0.0,0.0,2003.11645:c2d1387e08cf25cb6b1f482178cca58030e85b70,mean,0.19344799344799346,0.20232024788856506,"[[6], [30], [15], [20], [7], [2], [1], [2], [19], [11], [27], [8], [5], [9], [26], [21], [24], [16], [5], [12], [1], [20], [28], [6], [11], [1], [24], [31], [25], [14], [23], [19], [12], [15], [20], [16], [2], [12], [12], [10], [14], [11], [12], [17], [22], [8], [22], [5], [22], [2], [22], [7], [15], [31], [16], [3], [17], [3], [6], [6], [5], [17], [2], [28], [12], [20], [30], [27], [19], [25], [10], [22], [15], [20], [18], [26], [28], [12], [22], [19], [17], [31], [27], [8], [28], [27], [14], [17], [2], [31], [0], [26], [25], [5], [8], [20], [14], [9], [31], [4], [0], [7], [19], [4], [14], [29], [4], [5], [14], [14], [1]]",1,1.2597968578338623,128,random,0.0,1776,4.0,128,1.4155926704406738,53,11 97 1 16,3552,0.2992716431617737,test,top_r_mean,0.0,0.0,0.0,0.125
0.036036036036036036,0.0,111,0.0,32,75.00389986671507,qasper,4.0,0.0,0.0,0.0,2003.11645:c2d1387e08cf25cb6b1f482178cca58030e85b70,mean,0.17641277641277642,0.3317696750164032,"[[19], [23], [1], [31], [18], [9], [23], [3], [5], [5], [19], [9], [19], [28], [1], [14], [18], [18], [21], [14], [27], [21], [0], [6], [1], [28], [16], [10], [8], [25], [25], [28], [10], [21], [0], [5], [17], [16], [25], [18], [24], [3], [2], [6], [14], [27], [7], [23], [23], [12], [14], [22], [6], [5], [9], [26], [22], [4], [23], [23], [3], [19], [23], [12], [31], [1], [27], [13], [14], [19], [27], [26], [17], [17], [6], [4], [3], [11], [8], [25], [22], [8], [19], [7], [13], [3], [4], [3], [18], [14], [9], [21], [17], [16], [13], [23], [20], [11], [14], [0], [15], [2], [30], [11], [23], [26], [24], [21], [26], [0], [23]]",1,1.3930355310440063,128,random,0.0,1776,4.0,128,1.6211735010147095,71,22 19 75 79,3552,0.25639694929122925,test,top_r_mean,0.0,0.0,0.0,0.25
0.036036036036036036,0.0,111,0.0,32,87.1376998256892,qasper,4.0,0.0,0.0,0.0,2003.11645:c2d1387e08cf25cb6b1f482178cca58030e85b70,mean,0.08632268632268632,0.24822376668453217,"[[24, 25], [24, 25], [24, 25], [24, 25], [24, 25], [24, 25], [24, 25], [24, 25], [24, 25], [24, 25], [24, 25], [24, 25], [24, 25], [24, 25], [24, 25], [24, 25], [24, 25], [24, 25], [24, 25], [24, 25], [24, 25], [24, 25], [24, 25], [24, 25], [24, 25], [24, 25], [24, 25], [24, 25], [24, 25], [24, 25], [24, 25], [24, 25], [24, 25], [24, 25], [24, 25], [24, 25], [24, 25], [24, 25], [24, 25], [24, 25], [24, 25], [24, 25], [24, 25], [24, 25], [24, 25], [24, 25], [24, 25], [24, 25], [24, 25], [24, 25], [24, 25], [24, 25], [24, 25], [24, 25], [24, 25], [24, 25], [24, 25], [24, 25], [24, 25], [24, 25], [24, 25], [24, 25], [24, 25], [24, 25], [24, 25], [24, 25], [24, 25], [24, 25], [24, 25], [24, 25], [24, 25], [24, 25], [24, 25], [24, 25], [24, 25], [24, 25], [24, 25], [24, 25], [24, 25], [24, 25], [24, 25], [24, 25], [24, 25], [24, 25], [24, 25], [24, 25], [24, 25], [24, 25], [24, 25], [24, 25], [24, 25], [24, 25], [24, 25], [24, 25], [24, 25], [24, 25], [24, 25], [24, 25], [24, 25], [24, 25], [24, 25], [24, 25], [24, 25], [24, 25], [24, 25], [24, 25], [24, 25], [24, 25], [24, 25], [24, 25], [24, 25]]",2,1.265418291091919,128,last,0.0,3552,4.0,128,1.4222571849822998,0,96 109 25 97,3552,0.12876446545124054,test,top_r_mean,0.0,0.5,0.25,0.25
0.036036036036036036,0.0,111,0.0,32,75.93290018849075,qasper,4.0,0.0,0.0,0.0,2003.11645:c2d1387e08cf25cb6b1f482178cca58030e85b70,mean,0.33005733005733007,0.4934380352497101,"[[10, 0], [28, 7], [20, 29], [30, 3], [29, 12], [25, 28], [27, 21], [29, 11], [6, 0], [5, 19], [30, 24], [28, 26], [29, 14], [5, 19], [28, 25], [15, 28], [21, 0], [15, 13], [15, 18], [22, 1], [22, 28], [5, 29], [10, 25], [8, 4], [4, 0], [15, 7], [17, 15], [18, 0], [27, 29], [24, 16], [31, 8], [28, 9], [18, 0], [1, 22], [15, 0], [4, 1], [4, 17], [20, 31], [24, 5], [5, 20], [9, 0], [24, 5], [11, 29], [3, 9], [23, 8], [5, 23], [21, 12], [21, 7], [15, 0], [22, 25], [19, 5], [19, 31], [21, 5], [13, 24], [18, 8], [22, 31], [7, 0], [0, 30], [19, 31], [22, 3], [11, 24], [15, 6], [13, 20], [17, 29], [11, 0], [20, 29], [24, 22], [4, 11], [2, 17], [4, 21], [27, 1], [9, 24], [31, 0], [15, 23], [25, 7], [9, 20], [12, 27], [8, 2], [31, 19], [26, 2], [8, 0], [21, 30], [4, 31], [7, 19], [17, 22], [8, 15], [16, 0], [10, 19], [12, 0], [27, 25], [18, 26], [5, 1], [8, 22], [22, 5], [26, 17], [17, 10], [6, 0], [18, 10], [31, 15], [11, 9], [0, 27], [9, 15], [12, 27], [22, 3], [17, 0], [30, 26], [25, 21], [0, 2], [17, 1], [7, 23], [12, 29]]",2,1.3786665201187134,128,farthest,0.0,3552,4.0,128,1.483846664428711,0,24 48 32 80,3552,0.4720340371131897,test,top_r_mean,0.0,0.0,0.25,0.75
0.036036036036036036,0.0,111,0.0,32,84.60410009138286,qasper,4.0,0.0,0.0,0.0,2003.11645:c2d1387e08cf25cb6b1f482178cca58030e85b70,mean,0.7104013104013104,0.11732511222362518,"[[15, 0], [31, 30], [18, 20], [28, 29], [28, 1], [10, 11], [9, 11], [25, 29], [26, 0], [4, 22], [7, 8], [8, 13], [22, 25], [22, 1], [20, 17], [29, 28], [20, 0], [28, 8], [2, 15], [14, 15], [11, 21], [0, 16], [0, 1], [21, 3], [4, 0], [23, 24], [1, 26], [0, 17], [13, 18], [0, 17], [10, 30], [14, 3], [18, 0], [30, 5], [1, 2], [0, 22], [8, 31], [18, 9], [3, 9], [15, 14], [26, 0], [23, 8], [26, 22], [23, 22], [22, 13], [3, 26], [17, 11], [18, 21], [13, 0], [0, 29], [2, 3], [28, 30], [11, 19], [7, 21], [20, 13], [30, 2], [10, 0], [15, 25], [13, 14], [10, 16], [9, 14], [23, 22], [4, 7], [0, 31], [8, 0], [17, 21], [17, 19], [20, 28], [25, 28], [10, 11], [27, 29], [20, 21], [5, 0], [0, 5], [3, 12], [5, 9], [18, 19], [6, 0], [11, 16], [25, 31], [25, 0], [15, 16], [2, 1], [26, 28], [1, 3], [22, 12], [14, 26], [8, 10], [3, 0], [4, 2], [14, 24], [11, 21], [13, 14], [30, 26], [14, 25], [24, 26], [25, 0], [12, 6], [27, 3], [5, 1], [6, 25], [28, 27], [17, 21], [5, 15], [4, 0], [8, 9], [6, 5], [18, 19], [4, 25], [24, 23], [31, 0]]",2,0.346894770860672,128,greedy_oracle,0.0,3552,4.0,128,0.38307011127471924,0,56 24 72 80,3552,0.8806774020195007,test,top_r_mean,0.0,0.0,0.5,0.875
0.036036036036036036,0.0,111,0.0,32,76.09830005094409,qasper,4.0,0.0,0.0,0.0,2003.11645:c2d1387e08cf25cb6b1f482178cca58030e85b70,mean,0.27927927927927926,0.23486384749412537,"[[26, 11], [0, 30], [0, 20], [14, 24], [13, 10], [21, 11], [28, 23], [9, 8], [8, 1], [31, 11], [15, 30], [22, 1], [29, 21], [27, 24], [10, 15], [15, 11], [11, 14], [30, 26], [11, 28], [4, 13], [13, 16], [19, 14], [20, 5], [14, 17], [22, 7], [12, 0], [12, 30], [24, 23], [1, 25], [4, 29], [5, 30], [27, 19], [23, 27], [26, 9], [24, 5], [20, 9], [3, 15], [18, 3], [11, 17], [28, 1], [16, 31], [29, 8], [27, 24], [29, 2], [5, 29], [2, 17], [7, 0], [1, 8], [27, 5], [27, 14], [25, 27], [22, 30], [22, 7], [15, 18], [8, 9], [5, 22], [12, 9], [0, 1], [27, 12], [20, 11], [11, 9], [23, 6], [4, 20], [26, 0], [10, 3], [2, 20], [20, 8], [17, 11], [25, 31], [1, 7], [30, 18], [20, 12], [17, 6], [14, 17], [10, 26], [24, 2], [12, 14], [2, 10], [11, 1], [4, 11], [29, 21], [4, 20], [26, 28], [3, 17], [10, 20], [12, 17], [28, 23], [8, 11], [1, 20], [27, 7], [15, 2], [20, 2], [23, 6], [20, 4], [19, 31], [1, 0], [16, 27], [23, 24], [15, 22], [2, 8], [14, 16], [21, 11], [24, 26], [0, 20], [4, 0], [25, 11], [5, 19], [5, 3], [26, 20], [30, 23], [10, 21]]",2,1.221845269203186,128,random,0.0,3552,4.0,128,1.3319693803787231,11,104 87 56 60,3552,0.405826598405838,test,top_r_mean,0.0,0.0,0.25,0.125
0.036036036036036036,0.0,111,0.0,32,80.58219985105097,qasper,4.0,0.0,0.0,0.0,2003.11645:c2d1387e08cf25cb6b1f482178cca58030e85b70,mean,0.18034398034398033,0.16408851742744446,"[[20, 26], [13, 2], [26, 29], [30, 2], [1, 9], [21, 1], [0, 27], [10, 4], [21, 22], [25, 21], [26, 1], [19, 20], [12, 29], [16, 6], [29, 11], [1, 2], [29, 5], [7, 23], [7, 19], [3, 29], [17, 7], [24, 18], [8, 12], [4, 5], [1, 28], [6, 19], [17, 3], [30, 28], [16, 13], [1, 9], [27, 31], [3, 18], [29, 1], [4, 16], [12, 6], [2, 18], [15, 2], [2, 23], [21, 8], [18, 31], [13, 8], [29, 9], [26, 21], [13, 5], [0, 16], [27, 24], [3, 9], [14, 13], [17, 10], [26, 3], [9, 31], [19, 23], [5, 24], [26, 13], [28, 3], [28, 19], [23, 14], [23, 13], [9, 30], [7, 2], [8, 30], [9, 26], [11, 16], [28, 19], [5, 11], [14, 25], [30, 8], [24, 18], [5, 23], [13, 24], [15, 13], [2, 9], [29, 2], [13, 16], [3, 5], [7, 1], [5, 7], [9, 15], [23, 9], [17, 0], [26, 12], [27, 9], [22, 2], [20, 14], [31, 28], [5, 10], [13, 10], [16, 15], [7, 22], [25, 28], [28, 11], [29, 21], [4, 20], [13, 5], [25, 31], [20, 14], [21, 18], [1, 17], [28, 23], [22, 6], [17, 4], [6, 28], [31, 3], [13, 30], [12, 11], [13, 17], [24, 29], [9, 26], [15, 31], [10, 0], [7, 14]]",2,1.291888952255249,128,random,0.0,3552,4.0,128,1.3899314403533936,23,22 74 42 82,3552,0.2694541811943054,test,top_r_mean,0.0,0.0,0.0,0.125
0.036036036036036036,0.0,111,0.0,32,79.09110002219677,qasper,4.0,0.0,0.0,0.0,2003.11645:c2d1387e08cf25cb6b1f482178cca58030e85b70,mean,0.23046683046683047,0.21459084749221802,"[[22, 14], [26, 22], [11, 4], [19, 0], [5, 25], [21, 22], [0, 30], [5, 25], [15, 30], [0, 2], [18, 14], [6, 23], [4, 11], [22, 3], [3, 23], [25, 24], [16, 2], [16, 6], [9, 30], [4, 31], [13, 8], [9, 13], [12, 5], [20, 23], [23, 14], [15, 28], [22, 2], [5, 20], [10, 6], [10, 12], [31, 7], [30, 9], [27, 18], [14, 18], [13, 14], [13, 24], [26, 31], [13, 28], [3, 17], [15, 20], [21, 1], [28, 5], [9, 8], [14, 10], [10, 18], [13, 8], [8, 0], [5, 21], [29, 0], [3, 29], [27, 3], [20, 0], [0, 29], [4, 14], [28, 9], [14, 10], [4, 22], [30, 3], [21, 0], [9, 1], [22, 31], [21, 30], [10, 22], [12, 8], [6, 21], [7, 6], [9, 10], [18, 2], [21, 0], [6, 7], [0, 27], [5, 23], [24, 20], [25, 6], [28, 7], [15, 0], [27, 16], [28, 27], [23, 16], [6, 14], [16, 15], [13, 1], [18, 4], [11, 28], [17, 15], [11, 10], [25, 1], [27, 31], [9, 12], [27, 14], [27, 8], [25, 28], [15, 12], [18, 3], [5, 21], [3, 18], [16, 22], [0, 23], [22, 18], [6, 16], [31, 1], [28, 7], [21, 7], [21, 8], [12, 11], [7, 6], [2, 31], [27, 17], [18, 22], [10, 14], [20, 10]]",2,1.2874104976654053,128,random,0.0,3552,4.0,128,1.4021931886672974,37,48 82 19 32,3552,0.33132678270339966,test,top_r_mean,0.0,0.0,0.0,0.5
0.036036036036036036,0.0,111,0.0,32,73.4616001136601,qasper,4.0,0.0,0.0,0.0,2003.11645:c2d1387e08cf25cb6b1f482178cca58030e85b70,mean,0.2966420966420966,0.16132302582263947,"[[6, 20], [30, 20], [15, 12], [20, 12], [7, 23], [2, 20], [1, 10], [2, 20], [19, 6], [11, 8], [27, 8], [8, 13], [5, 27], [9, 27], [26, 24], [21, 12], [24, 7], [16, 12], [5, 4], [12, 14], [1, 13], [20, 29], [28, 10], [6, 19], [11, 25], [1, 31], [24, 31], [31, 2], [25, 23], [14, 24], [23, 26], [19, 14], [12, 23], [15, 13], [20, 4], [16, 7], [2, 25], [12, 31], [12, 5], [10, 5], [14, 19], [11, 23], [12, 5], [17, 15], [22, 0], [8, 1], [22, 1], [5, 3], [22, 11], [2, 23], [22, 27], [7, 10], [15, 13], [31, 23], [16, 19], [3, 20], [17, 20], [3, 30], [6, 13], [6, 10], [5, 12], [17, 28], [2, 23], [28, 12], [12, 19], [20, 12], [30, 4], [27, 14], [19, 16], [25, 2], [10, 8], [22, 4], [15, 30], [20, 14], [18, 10], [26, 28], [28, 11], [12, 10], [22, 16], [19, 9], [17, 20], [31, 15], [27, 29], [8, 28], [28, 26], [27, 0], [14, 18], [17, 5], [2, 12], [31, 14], [0, 11], [26, 11], [25, 12], [5, 19], [8, 5], [20, 21], [14, 11], [9, 2], [31, 3], [4, 20], [0, 28], [7, 12], [19, 29], [4, 18], [14, 5], [29, 25], [4, 16], [5, 24], [14, 24], [14, 24], [1, 30]]",2,1.1939961910247803,128,random,0.0,3552,4.0,128,1.3020752668380737,53,11 109 81 72,3552,0.4304755628108978,test,top_r_mean,0.0,0.0,0.0,0.125
0.036036036036036036,0.0,111,0.0,32,80.59740019962192,qasper,4.0,0.0,0.0,0.0,2003.11645:c2d1387e08cf25cb6b1f482178cca58030e85b70,mean,0.24226044226044227,0.22601372003555298,"[[19, 17], [23, 2], [1, 30], [31, 23], [18, 4], [9, 7], [23, 20], [3, 21], [5, 20], [5, 11], [19, 11], [9, 20], [19, 29], [28, 14], [1, 17], [14, 26], [18, 2], [18, 25], [21, 10], [14, 2], [27, 19], [21, 27], [0, 1], [6, 3], [1, 10], [28, 24], [16, 19], [10, 26], [8, 16], [25, 12], [25, 27], [28, 18], [10, 11], [21, 8], [0, 9], [5, 6], [17, 23], [16, 28], [25, 24], [18, 2], [24, 0], [3, 21], [2, 10], [6, 0], [14, 29], [27, 16], [7, 27], [23, 31], [23, 27], [12, 17], [14, 22], [22, 3], [6, 26], [5, 18], [9, 7], [26, 21], [22, 23], [4, 30], [23, 13], [23, 1], [3, 5], [19, 0], [23, 13], [12, 27], [31, 26], [1, 8], [27, 23], [13, 23], [14, 16], [19, 27], [27, 1], [26, 20], [17, 11], [17, 31], [6, 19], [4, 5], [3, 7], [11, 26], [8, 11], [25, 12], [22, 16], [8, 3], [19, 18], [7, 0], [13, 7], [3, 5], [4, 3], [3, 29], [18, 0], [14, 17], [9, 8], [21, 6], [17, 12], [16, 4], [13, 9], [23, 18], [20, 29], [11, 17], [14, 27], [0, 12], [15, 13], [2, 5], [30, 0], [11, 18], [23, 29], [26, 17], [24, 13], [21, 24], [26, 25], [0, 1], [23, 20]]",2,1.2928993701934814,128,random,0.0,3552,4.0,128,1.4244128465652466,71,88 40 22 75,3552,0.3609248697757721,test,top_r_mean,0.0,0.0,0.0,0.25
0.036036036036036036,0.0,111,0.0,32,89.43670010194182,qasper,4.0,0.0,0.0,0.0,2003.11645:c2d1387e08cf25cb6b1f482178cca58030e85b70,mean,0.161998361998362,0.1841735988855362,"[[24, 25, 26, 27], [24, 25, 26, 27], [24, 25, 26, 27], [24, 25, 26, 27], [24, 25, 26, 27], [24, 25, 26, 27], [24, 25, 26, 27], [24, 25, 26, 27], [24, 25, 26, 27], [24, 25, 26, 27], [24, 25, 26, 27], [24, 25, 26, 27], [24, 25, 26, 27], [24, 25, 26, 27], [24, 25, 26, 27], [24, 25, 26, 27], [24, 25, 26, 27], [24, 25, 26, 27], [24, 25, 26, 27], [24, 25, 26, 27], [24, 25, 26, 27], [24, 25, 26, 27], [24, 25, 26, 27], [24, 25, 26, 27], [24, 25, 26, 27], [24, 25, 26, 27], [24, 25, 26, 27], [24, 25, 26, 27], [24, 25, 26, 27], [24, 25, 26, 27], [24, 25, 26, 27], [24, 25, 26, 27], [24, 25, 26, 27], [24, 25, 26, 27], [24, 25, 26, 27], [24, 25, 26, 27], [24, 25, 26, 27], [24, 25, 26, 27], [24, 25, 26, 27], [24, 25, 26, 27], [24, 25, 26, 27], [24, 25, 26, 27], [24, 25, 26, 27], [24, 25, 26, 27], [24, 25, 26, 27], [24, 25, 26, 27], [24, 25, 26, 27], [24, 25, 26, 27], [24, 25, 26, 27], [24, 25, 26, 27], [24, 25, 26, 27], [24, 25, 26, 27], [24, 25, 26, 27], [24, 25, 26, 27], [24, 25, 26, 27], [24, 25, 26, 27], [24, 25, 26, 27], [24, 25, 26, 27], [24, 25, 26, 27], [24, 25, 26, 27], [24, 25, 26, 27], [24, 25, 26, 27], [24, 25, 26, 27], [24, 25, 26, 27], [24, 25, 26, 27], [24, 25, 26, 27], [24, 25, 26, 27], [24, 25, 26, 27], [24, 25, 26, 27], [24, 25, 26, 27], [24, 25, 26, 27], [24, 25, 26, 27], [24, 25, 26, 27], [24, 25, 26, 27], [24, 25, 26, 27], [24, 25, 26, 27], [24, 25, 26, 27], [24, 25, 26, 27], [24, 25, 26, 27], [24, 25, 26, 27], [24, 25, 26, 27], [24, 25, 26, 27], [24, 25, 26, 27], [24, 25, 26, 27], [24, 25, 26, 27], [24, 25, 26, 27], [24, 25, 26, 27], [24, 25, 26, 27], [24, 25, 26, 27], [24, 25, 26, 27], [24, 25, 26, 27], [24, 25, 26, 27], [24, 25, 26, 27], [24, 25, 26, 27], [24, 25, 26, 27], [24, 25, 26, 27], [24, 25, 26, 27], [24, 25, 26, 27], [24, 25, 26, 27], [24, 25, 26, 27], [24, 25, 26, 27], [24, 25, 26, 27], [24, 25, 26, 27], [24, 25, 26, 27], [24, 25, 26, 27], [24, 25, 26, 27], [24, 25, 26, 27], [24, 25, 26, 27], [24, 25, 26, 27], [24, 25, 26, 27], [24, 25, 26, 27]]",4,1.2742847204208374,128,last,0.0,7104,4.0,128,1.383893609046936,0,109 96 80 97,3552,0.2404615581035614,test,top_r_mean,0.0,0.5,0.5,0.25
0.036036036036036036,0.0,111,0.0,32,75.73219994083047,qasper,4.0,0.0,0.0,0.0,2003.11645:c2d1387e08cf25cb6b1f482178cca58030e85b70,mean,0.33824733824733827,0.06269465386867523,"[[10, 0, 24, 23], [28, 7, 10, 25], [20, 29, 11, 28], [30, 3, 15, 19], [29, 12, 14, 18], [25, 28, 9, 12], [27, 21, 23, 29], [29, 11, 19, 26], [6, 0, 23, 18], [5, 19, 1, 8], [30, 24, 27, 3], [28, 26, 15, 4], [29, 14, 4, 5], [5, 19, 17, 0], [28, 25, 1, 5], [15, 28, 13, 30], [21, 0, 11, 10], [15, 13, 4, 25], [15, 18, 21, 27], [22, 1, 27, 12], [22, 28, 13, 15], [5, 29, 17, 4], [10, 25, 16, 31], [8, 4, 19, 22], [4, 0, 23, 27], [15, 7, 30, 18], [17, 15, 8, 31], [18, 0, 6, 23], [27, 29, 0, 13], [24, 16, 1, 26], [31, 8, 18, 27], [28, 9, 12, 14], [18, 0, 10, 9], [1, 22, 31, 27], [15, 0, 5, 24], [4, 1, 2, 17], [4, 17, 15, 3], [20, 31, 1, 13], [24, 5, 7, 28], [5, 20, 31, 12], [9, 0, 16, 7], [24, 5, 29, 21], [11, 29, 1, 28], [3, 9, 13, 2], [23, 8, 26, 16], [5, 23, 30, 10], [21, 12, 17, 16], [21, 7, 26, 30], [15, 0, 25, 19], [22, 25, 28, 2], [19, 5, 1, 22], [19, 31, 28, 14], [21, 5, 4, 20], [13, 24, 3, 27], [18, 8, 26, 2], [22, 31, 20, 8], [7, 0, 20, 26], [0, 30, 17, 6], [19, 31, 16, 10], [22, 3, 0, 11], [11, 24, 29, 26], [15, 6, 30, 18], [13, 20, 29, 26], [17, 29, 23, 27], [11, 0, 23, 24], [20, 29, 8, 15], [24, 22, 17, 14], [4, 11, 5, 14], [2, 17, 10, 6], [4, 21, 24, 17], [27, 1, 0, 22], [9, 24, 2, 4], [31, 0, 26, 12], [15, 23, 22, 17], [25, 7, 2, 8], [9, 20, 4, 6], [12, 27, 25, 28], [8, 2, 1, 27], [31, 19, 24, 6], [26, 2, 10, 5], [8, 0, 15, 29], [21, 30, 18, 14], [4, 31, 0, 27], [7, 19, 23, 24], [17, 22, 0, 31], [8, 15, 4, 29], [16, 0, 9, 1], [10, 19, 30, 20], [12, 0, 17, 6], [27, 25, 16, 3], [18, 26, 4, 22], [5, 1, 11, 31], [8, 22, 13, 23], [22, 5, 0, 10], [26, 17, 3, 23], [17, 10, 31, 25], [6, 0, 22, 26], [18, 10, 28, 3], [31, 15, 30, 23], [11, 9, 4, 10], [0, 27, 7, 31], [9, 15, 29, 19], [12, 27, 15, 0], [22, 3, 28, 23], [17, 0, 10, 15], [30, 26, 2, 0], [25, 21, 7, 22], [0, 2, 31, 14], [17, 1, 2, 24], [7, 23, 17, 27], [12, 29, 21, 2]]",4,1.5868775844573975,128,farthest,0.0,7104,4.0,128,1.6341294050216675,0,48 80 88 104,3552,0.4792909622192383,test,top_r_mean,0.0,0.0,0.25,0.625
0.036036036036036036,1.0,111,1.0,32,80.47290006652474,qasper,4.0,0.25,1.0,0.0,2003.11645:c2d1387e08cf25cb6b1f482178cca58030e85b70,mean,0.7945945945945946,0.0022207428701221943,"[[15, 0, 7, 3], [31, 30, 16, 18], [18, 20, 2, 1], [28, 29, 0, 5], [28, 1, 29, 5], [10, 11, 12, 24], [9, 11, 10, 12], [25, 29, 28, 31], [26, 0, 3, 13], [4, 22, 11, 18], [7, 8, 16, 11], [8, 13, 14, 10], [22, 25, 23, 7], [22, 1, 7, 29], [20, 17, 14, 9], [29, 28, 12, 8], [20, 0, 28, 4], [28, 8, 27, 9], [2, 15, 3, 20], [14, 15, 4, 19], [11, 21, 22, 1], [0, 16, 19, 7], [0, 1, 4, 2], [21, 3, 16, 31], [4, 0, 12, 13], [23, 24, 2, 25], [1, 26, 18, 25], [0, 17, 2, 3], [13, 18, 4, 24], [0, 17, 2, 18], [10, 30, 11, 29], [14, 3, 23, 7], [18, 0, 19, 14], [30, 5, 6, 0], [1, 2, 7, 8], [0, 22, 3, 23], [8, 31, 9, 12], [18, 9, 23, 14], [3, 9, 14, 12], [15, 14, 16, 17], [26, 0, 28, 10], [23, 8, 3, 4], [26, 22, 20, 21], [23, 22, 25, 24], [22, 13, 7, 24], [3, 26, 5, 21], [17, 11, 22, 4], [18, 21, 22, 19], [13, 0, 15, 18], [0, 29, 12, 4], [2, 3, 13, 0], [28, 30, 26, 31], [11, 19, 10, 2], [7, 21, 12, 30], [20, 13, 15, 6], [30, 2, 10, 5], [10, 0, 13, 9], [15, 25, 28, 19], [13, 14, 3, 15], [10, 16, 15, 14], [9, 14, 28, 23], [23, 22, 27, 16], [4, 7, 12, 24], [0, 31, 15, 20], [8, 0, 25, 22], [17, 21, 18, 5], [17, 19, 27, 18], [20, 28, 3, 29], [25, 28, 9, 20], [10, 11, 14, 2], [27, 29, 28, 14], [20, 21, 22, 13], [5, 0, 9, 30], [0, 5, 4, 2], [3, 12, 13, 25], [5, 9, 4, 22], [18, 19, 29, 3], [6, 0, 5, 1], [11, 16, 0, 29], [25, 31, 8, 27], [25, 0, 2, 8], [15, 16, 27, 21], [2, 1, 4, 0], [26, 28, 7, 27], [1, 3, 28, 11], [22, 12, 7, 17], [14, 26, 13, 30], [8, 10, 27, 29], [3, 0, 22, 19], [4, 2, 22, 0], [14, 24, 0, 21], [11, 21, 16, 23], [13, 14, 15, 8], [30, 26, 16, 27], [14, 25, 15, 26], [24, 26, 30, 7], [25, 0, 1, 9], [12, 6, 7, 13], [27, 3, 28, 29], [5, 1, 0, 3], [6, 25, 24, 26], [28, 27, 30, 29], [17, 21, 5, 20], [5, 15, 8, 7], [4, 0, 31, 30], [8, 9, 22, 23], [6, 5, 31, 10], [18, 19, 25, 28], [4, 25, 30, 29], [24, 23, 26, 25], [31, 0, 19, 7]]",4,0.3816227316856384,128,greedy_oracle,0.3333333333333333,7104,4.0,128,0.38789448142051697,0,96 56 0 80,3552,0.9326605200767517,test,top_r_mean,0.0,0.5,1.0,0.875
0.036036036036036036,0.0,111,0.0,32,73.1734000146389,qasper,4.0,0.0,0.0,0.0,2003.11645:c2d1387e08cf25cb6b1f482178cca58030e85b70,mean,0.276003276003276,0.14159680902957916,"[[26, 11, 18, 3], [0, 30, 17, 26], [0, 20, 9, 14], [14, 24, 28, 23], [13, 10, 4, 18], [21, 11, 12, 14], [28, 23, 8, 26], [9, 8, 27, 7], [8, 1, 25, 19], [31, 11, 23, 6], [15, 30, 1, 8], [22, 1, 8, 26], [29, 21, 1, 17], [27, 24, 0, 23], [10, 15, 12, 3], [15, 11, 17, 10], [11, 14, 31, 18], [30, 26, 15, 9], [11, 28, 1, 10], [4, 13, 18, 31], [13, 16, 23, 11], [19, 14, 13, 12], [20, 5, 8, 31], [14, 17, 4, 27], [22, 7, 8, 10], [12, 0, 25, 28], [12, 30, 5, 15], [24, 23, 11, 14], [1, 25, 5, 12], [4, 29, 25, 18], [5, 30, 0, 15], [27, 19, 24, 14], [23, 27, 3, 31], [26, 9, 22, 10], [24, 5, 30, 8], [20, 9, 3, 22], [3, 15, 4, 6], [18, 3, 16, 1], [11, 17, 18, 30], [28, 1, 31, 13], [16, 31, 15, 14], [29, 8, 1, 17], [27, 24, 4, 26], [29, 2, 6, 20], [5, 29, 11, 21], [2, 17, 26, 12], [7, 0, 11, 24], [1, 8, 22, 20], [27, 5, 12, 11], [27, 14, 31, 25], [25, 27, 23, 6], [22, 30, 16, 1], [22, 7, 18, 2], [15, 18, 9, 4], [8, 9, 0, 7], [5, 22, 30, 9], [12, 9, 16, 19], [0, 1, 19, 9], [27, 12, 20, 19], [20, 11, 10, 18], [11, 9, 0, 1], [23, 6, 5, 9], [4, 20, 27, 13], [26, 0, 16, 25], [10, 3, 28, 4], [2, 20, 25, 10], [20, 8, 31, 19], [17, 11, 21, 3], [25, 31, 9, 11], [1, 7, 10, 11], [30, 18, 31, 23], [20, 12, 15, 4], [17, 6, 29, 4], [14, 17, 20, 11], [10, 26, 31, 22], [24, 2, 22, 20], [12, 14, 8, 31], [2, 10, 20, 23], [11, 1, 29, 20], [4, 11, 16, 26], [29, 21, 19, 15], [4, 20, 13, 16], [26, 28, 18, 21], [3, 17, 28, 12], [10, 20, 23, 12], [12, 17, 25, 18], [28, 23, 25, 29], [8, 11, 19, 17], [1, 20, 6, 5], [27, 7, 21, 29], [15, 2, 18, 22], [20, 2, 27, 15], [23, 6, 27, 18], [20, 4, 18, 13], [19, 31, 8, 2], [1, 0, 4, 3], [16, 27, 26, 21], [23, 24, 16, 26], [15, 22, 23, 25], [2, 8, 6, 11], [14, 16, 9, 31], [21, 11, 23, 26], [24, 26, 5, 18], [0, 20, 15, 16], [4, 0, 19, 15], [25, 11, 16, 0], [5, 19, 24, 10], [5, 3, 1, 9], [26, 20, 1, 16], [30, 23, 28, 25], [10, 21, 16, 26]]",4,1.220035433769226,128,random,0.0,7104,4.0,128,1.3080278635025024,11,104 24 56 81,3552,0.39986833930015564,test,top_r_mean,0.0,0.0,0.25,0.25
0.036036036036036036,0.0,111,0.0,32,77.87399995140731,qasper,4.0,0.0,0.0,0.0,2003.11645:c2d1387e08cf25cb6b1f482178cca58030e85b70,mean,0.3254709254709255,0.1061689481139183,"[[20, 26, 3, 6], [13, 2, 9, 28], [26, 29, 18, 25], [30, 2, 3, 8], [1, 9, 4, 30], [21, 1, 23, 3], [0, 27, 18, 19], [10, 4, 22, 31], [21, 22, 9, 28], [25, 21, 13, 15], [26, 1, 24, 9], [19, 20, 7, 15], [12, 29, 19, 4], [16, 6, 7, 8], [29, 11, 27, 30], [1, 2, 5, 22], [29, 5, 28, 3], [7, 23, 8, 31], [7, 19, 2, 1], [3, 29, 1, 6], [17, 7, 27, 3], [24, 18, 13, 25], [8, 12, 3, 30], [4, 5, 17, 2], [1, 28, 8, 4], [6, 19, 20, 7], [17, 3, 31, 18], [30, 28, 5, 6], [16, 13, 9, 2], [1, 9, 21, 2], [27, 31, 30, 2], [3, 18, 6, 4], [29, 1, 6, 27], [4, 16, 20, 26], [12, 6, 22, 18], [2, 18, 11, 20], [15, 2, 5, 8], [2, 23, 15, 9], [21, 8, 17, 12], [18, 31, 14, 16], [13, 8, 9, 31], [29, 9, 10, 4], [26, 21, 27, 13], [13, 5, 4, 0], [0, 16, 2, 7], [27, 24, 22, 8], [3, 9, 2, 6], [14, 13, 20, 24], [17, 10, 6, 11], [26, 3, 9, 22], [9, 31, 5, 2], [19, 23, 2, 18], [5, 24, 29, 16], [26, 13, 19, 1], [28, 3, 26, 1], [28, 19, 31, 6], [23, 14, 24, 17], [23, 13, 14, 10], [9, 30, 24, 7], [7, 2, 31, 10], [8, 30, 24, 1], [9, 26, 2, 20], [11, 16, 0, 12], [28, 19, 24, 11], [5, 11, 10, 15], [14, 25, 21, 27], [30, 8, 12, 22], [24, 18, 20, 16], [5, 23, 3, 20], [13, 24, 6, 29], [15, 13, 23, 21], [2, 9, 21, 27], [29, 2, 6, 17], [13, 16, 3, 30], [3, 5, 29, 21], [7, 1, 0, 5], [5, 7, 13, 20], [9, 15, 31, 26], [23, 9, 30, 16], [17, 0, 19, 23], [26, 12, 16, 20], [27, 9, 13, 0], [22, 2, 13, 14], [20, 14, 16, 5], [31, 28, 8, 24], [5, 10, 30, 15], [13, 10, 29, 6], [16, 15, 9, 4], [7, 22, 5, 12], [25, 28, 23, 14], [28, 11, 2, 18], [29, 21, 28, 2], [4, 20, 0, 5], [13, 5, 24, 20], [25, 31, 0, 14], [20, 14, 15, 18], [21, 18, 7, 11], [1, 17, 31, 29], [28, 23, 30, 7], [22, 6, 1, 4], [17, 4, 10, 19], [6, 28, 13, 21], [31, 3, 10, 8], [13, 30, 20, 14], [12, 11, 5, 13], [13, 17, 14, 6], [24, 29, 31, 15], [9, 26, 1, 17], [15, 31, 9, 30], [10, 0, 4, 14], [7, 14, 6, 23]]",4,1.2518397569656372,128,random,0.0,7104,4.0,128,1.3132145404815674,23,22 82 108 88,3552,0.45526498556137085,test,top_r_mean,0.0,0.0,0.0,0.25
0.036036036036036036,1.0,111,1.0,32,73.6167998984456,qasper,4.0,0.25,1.0,0.0,2003.11645:c2d1387e08cf25cb6b1f482178cca58030e85b70,mean,0.296969696969697,0.13133767247200012,"[[22, 14, 11, 10], [26, 22, 3, 20], [11, 4, 16, 8], [19, 0, 3, 14], [5, 25, 15, 9], [21, 22, 12, 20], [0, 30, 10, 23], [5, 25, 27, 3], [15, 30, 3, 16], [0, 2, 26, 30], [18, 14, 11, 7], [6, 23, 18, 20], [4, 11, 13, 10], [22, 3, 31, 7], [3, 23, 4, 14], [25, 24, 19, 15], [16, 2, 31, 24], [16, 6, 2, 10], [9, 30, 1, 17], [4, 31, 21, 17], [13, 8, 5, 31], [9, 13, 10, 27], [12, 5, 22, 24], [20, 23, 6, 29], [23, 14, 31, 7], [15, 28, 26, 6], [22, 2, 18, 31], [5, 20, 28, 24], [10, 6, 15, 13], [10, 12, 5, 28], [31, 7, 9, 11], [30, 9, 11, 2], [27, 18, 26, 20], [14, 18, 0, 8], [13, 14, 11, 27], [13, 24, 3, 20], [26, 31, 19, 13], [13, 28, 24, 19], [3, 17, 23, 21], [15, 20, 1, 4], [21, 1, 4, 8], [28, 5, 27, 0], [9, 8, 3, 28], [14, 10, 4, 1], [10, 18, 15, 3], [13, 8, 19, 28], [8, 0, 23, 12], [5, 21, 31, 18], [29, 0, 6, 20], [3, 29, 10, 25], [27, 3, 22, 13], [20, 0, 11, 25], [0, 29, 31, 19], [4, 14, 15, 17], [28, 9, 0, 21], [14, 10, 5, 2], [4, 22, 28, 20], [30, 3, 13, 28], [21, 0, 26, 28], [9, 1, 6, 22], [22, 31, 21, 9], [21, 30, 31, 23], [10, 22, 14, 8], [12, 8, 20, 28], [6, 21, 29, 19], [7, 6, 23, 30], [9, 10, 21, 17], [18, 2, 6, 23], [21, 0, 24, 17], [6, 7, 21, 16], [0, 27, 9, 2], [5, 23, 6, 20], [24, 20, 7, 0], [25, 6, 27, 3], [28, 7, 23, 5], [15, 0, 30, 28], [27, 16, 1, 10], [28, 27, 21, 8], [23, 16, 8, 24], [6, 14, 4, 7], [16, 15, 29, 17], [13, 1, 11, 10], [18, 4, 3, 2], [11, 28, 18, 23], [17, 15, 31, 10], [11, 10, 6, 5], [25, 1, 8, 20], [27, 31, 26, 17], [9, 12, 28, 25], [27, 14, 12, 25], [27, 8, 18, 4], [25, 28, 8, 5], [15, 12, 2, 3], [18, 3, 13, 19], [5, 21, 12, 2], [3, 18, 22, 21], [16, 22, 4, 28], [0, 23, 25, 9], [22, 18, 12, 19], [6, 16, 12, 29], [31, 1, 27, 11], [28, 7, 13, 1], [21, 7, 16, 3], [21, 8, 2, 29], [12, 11, 18, 20], [7, 6, 2, 20], [2, 31, 5, 8], [27, 17, 26, 10], [18, 22, 21, 5], [10, 14, 5, 6], [20, 10, 15, 18]]",4,1.23404061794281,128,random,0.25,7104,4.0,128,1.3106167316436768,37,72 48 82 0,3552,0.43488067388534546,test,top_r_mean,0.0,0.0,0.25,0.5
0.036036036036036036,0.0,111,0.0,32,75.24779997766018,qasper,4.0,0.0,0.0,0.0,2003.11645:c2d1387e08cf25cb6b1f482178cca58030e85b70,mean,0.3254709254709255,0.14619775116443634,"[[6, 20, 19, 30], [30, 20, 5, 28], [15, 12, 3, 10], [20, 12, 9, 21], [7, 23, 0, 9], [2, 20, 21, 30], [1, 10, 20, 13], [2, 20, 6, 29], [19, 6, 3, 22], [11, 8, 23, 7], [27, 8, 2, 9], [8, 13, 2, 18], [5, 27, 17, 11], [9, 27, 30, 11], [26, 24, 2, 16], [21, 12, 3, 27], [24, 7, 10, 30], [16, 12, 8, 29], [5, 4, 9, 28], [12, 14, 21, 24], [1, 13, 25, 21], [20, 29, 28, 1], [28, 10, 29, 8], [6, 19, 7, 13], [11, 25, 5, 12], [1, 31, 5, 13], [24, 31, 22, 13], [31, 2, 0, 17], [25, 23, 18, 6], [14, 24, 3, 11], [23, 26, 4, 9], [19, 14, 25, 1], [12, 23, 9, 22], [15, 13, 3, 20], [20, 4, 12, 5], [16, 7, 24, 17], [2, 25, 29, 0], [12, 31, 29, 24], [12, 5, 22, 1], [10, 5, 1, 25], [14, 19, 11, 22], [11, 23, 12, 13], [12, 5, 23, 18], [17, 15, 4, 14], [22, 0, 21, 24], [8, 1, 24, 30], [22, 1, 14, 28], [5, 3, 11, 13], [22, 11, 9, 23], [2, 23, 12, 6], [22, 27, 9, 24], [7, 10, 1, 30], [15, 13, 28, 6], [31, 23, 24, 16], [16, 19, 18, 1], [3, 20, 11, 1], [17, 20, 1, 23], [3, 30, 25, 7], [6, 13, 14, 0], [6, 10, 21, 23], [5, 12, 4, 18], [17, 28, 16, 22], [2, 23, 18, 29], [28, 12, 14, 0], [12, 19, 15, 4], [20, 12, 23, 3], [30, 4, 12, 21], [27, 14, 17, 31], [19, 16, 2, 23], [25, 2, 14, 16], [10, 8, 2, 16], [22, 4, 18, 11], [15, 30, 2, 7], [20, 14, 16, 18], [18, 10, 20, 11], [26, 28, 4, 29], [28, 11, 7, 1], [12, 10, 21, 17], [22, 16, 18, 5], [19, 9, 22, 15], [17, 20, 0, 8], [31, 15, 3, 28], [27, 29, 11, 1], [8, 28, 27, 18], [28, 26, 4, 0], [27, 0, 13, 29], [14, 18, 28, 17], [17, 5, 11, 15], [2, 12, 10, 22], [31, 14, 9, 23], [0, 11, 19, 15], [26, 11, 16, 31], [25, 12, 0, 15], [5, 19, 16, 1], [8, 5, 0, 31], [20, 21, 27, 9], [14, 11, 27, 0], [9, 2, 16, 12], [31, 3, 14, 12], [4, 20, 15, 17], [0, 28, 13, 29], [7, 12, 15, 14], [19, 29, 30, 26], [4, 18, 5, 19], [14, 5, 7, 30], [29, 25, 23, 22], [4, 16, 23, 1], [5, 24, 15, 19], [14, 24, 9, 19], [14, 24, 16, 31], [1, 30, 6, 5]]",4,1.1886236667633057,128,random,0.0,7104,4.0,128,1.2746621370315552,53,80 96 58 75,3552,0.4631361663341522,test,top_r_mean,0.0,0.5,0.5,0.375
0.036036036036036036,0.0,111,0.0,32,75.72790002450347,qasper,4.0,0.0,0.0,0.0,2003.11645:c2d1387e08cf25cb6b1f482178cca58030e85b70,mean,0.3015561015561016,0.12254205346107483,"[[19, 17, 5, 25], [23, 2, 15, 4], [1, 30, 15, 12], [31, 23, 3, 17], [18, 4, 0, 1], [9, 7, 29, 4], [23, 20, 14, 9], [3, 21, 29, 18], [5, 20, 23, 18], [5, 11, 14, 7], [19, 11, 3, 8], [9, 20, 29, 4], [19, 29, 13, 20], [28, 14, 5, 23], [1, 17, 27, 5], [14, 26, 25, 10], [18, 2, 28, 3], [18, 25, 14, 23], [21, 10, 23, 31], [14, 2, 29, 25], [27, 19, 30, 13], [21, 27, 11, 12], [0, 1, 9, 17], [6, 3, 25, 5], [1, 10, 29, 2], [28, 24, 29, 20], [16, 19, 29, 31], [10, 26, 3, 28], [8, 16, 23, 19], [25, 12, 26, 27], [25, 27, 22, 18], [28, 18, 14, 24], [10, 11, 0, 24], [21, 8, 27, 15], [0, 9, 17, 13], [5, 6, 31, 27], [17, 23, 31, 14], [16, 28, 22, 3], [25, 24, 3, 4], [18, 2, 10, 17], [24, 0, 20, 30], [3, 21, 12, 10], [2, 10, 5, 31], [6, 0, 30, 28], [14, 29, 18, 2], [27, 16, 6, 31], [7, 27, 12, 4], [23, 31, 5, 24], [23, 27, 9, 22], [12, 17, 19, 8], [14, 22, 4, 28], [22, 3, 1, 27], [6, 26, 20, 4], [5, 18, 15, 24], [9, 7, 28, 30], [26, 21, 18, 11], [22, 23, 28, 24], [4, 30, 14, 9], [23, 13, 21, 8], [23, 1, 3, 26], [3, 5, 31, 25], [19, 0, 4, 2], [23, 13, 24, 0], [12, 27, 13, 28], [31, 26, 25, 17], [1, 8, 5, 25], [27, 23, 13, 29], [13, 23, 0, 25], [14, 16, 18, 8], [19, 27, 28, 22], [27, 1, 2, 19], [26, 20, 23, 16], [17, 11, 0, 24], [17, 31, 3, 20], [6, 19, 0, 31], [4, 5, 6, 2], [3, 7, 30, 20], [11, 26, 0, 8], [8, 11, 6, 23], [25, 12, 10, 13], [22, 16, 26, 20], [8, 3, 15, 13], [19, 18, 24, 13], [7, 0, 26, 21], [13, 7, 19, 25], [3, 5, 31, 21], [4, 3, 11, 31], [3, 29, 15, 28], [18, 0, 16, 13], [14, 17, 9, 5], [9, 8, 11, 13], [21, 6, 22, 30], [17, 12, 1, 26], [16, 4, 11, 24], [13, 9, 22, 21], [23, 18, 21, 9], [20, 29, 14, 30], [11, 17, 26, 28], [14, 27, 29, 5], [0, 12, 1, 30], [15, 13, 18, 16], [2, 5, 12, 31], [30, 0, 26, 12], [11, 18, 1, 14], [23, 29, 1, 2], [26, 17, 27, 23], [24, 13, 16, 26], [21, 24, 6, 19], [26, 25, 11, 20], [0, 1, 10, 25], [23, 20, 5, 2]]",4,1.2561392784118652,128,random,0.0,7104,4.0,128,1.3346203565597534,71,72 88 40 32,3552,0.4349420964717865,test,top_r_mean,0.0,0.0,0.0,0.375
0.036036036036036036,0.0,111,0.0,32,72.43010005913675,qasper,4.0,0.0,0.0,0.0,2003.11645:c2d1387e08cf25cb6b1f482178cca58030e85b70,mean,0.32907452907452905,0.12660858035087585,"[[24, 25, 26, 27, 28, 29, 30, 31], [24, 25, 26, 27, 28, 29, 30, 31], [24, 25, 26, 27, 28, 29, 30, 31], [24, 25, 26, 27, 28, 29, 30, 31], [24, 25, 26, 27, 28, 29, 30, 31], [24, 25, 26, 27, 28, 29, 30, 31], [24, 25, 26, 27, 28, 29, 30, 31], [24, 25, 26, 27, 28, 29, 30, 31], [24, 25, 26, 27, 28, 29, 30, 31], [24, 25, 26, 27, 28, 29, 30, 31], [24, 25, 26, 27, 28, 29, 30, 31], [24, 25, 26, 27, 28, 29, 30, 31], [24, 25, 26, 27, 28, 29, 30, 31], [24, 25, 26, 27, 28, 29, 30, 31], [24, 25, 26, 27, 28, 29, 30, 31], [24, 25, 26, 27, 28, 29, 30, 31], [24, 25, 26, 27, 28, 29, 30, 31], [24, 25, 26, 27, 28, 29, 30, 31], [24, 25, 26, 27, 28, 29, 30, 31], [24, 25, 26, 27, 28, 29, 30, 31], [24, 25, 26, 27, 28, 29, 30, 31], [24, 25, 26, 27, 28, 29, 30, 31], [24, 25, 26, 27, 28, 29, 30, 31], [24, 25, 26, 27, 28, 29, 30, 31], [24, 25, 26, 27, 28, 29, 30, 31], [24, 25, 26, 27, 28, 29, 30, 31], [24, 25, 26, 27, 28, 29, 30, 31], [24, 25, 26, 27, 28, 29, 30, 31], [24, 25, 26, 27, 28, 29, 30, 31], [24, 25, 26, 27, 28, 29, 30, 31], [24, 25, 26, 27, 28, 29, 30, 31], [24, 25, 26, 27, 28, 29, 30, 31], [24, 25, 26, 27, 28, 29, 30, 31], [24, 25, 26, 27, 28, 29, 30, 31], [24, 25, 26, 27, 28, 29, 30, 31], [24, 25, 26, 27, 28, 29, 30, 31], [24, 25, 26, 27, 28, 29, 30, 31], [24, 25, 26, 27, 28, 29, 30, 31], [24, 25, 26, 27, 28, 29, 30, 31], [24, 25, 26, 27, 28, 29, 30, 31], [24, 25, 26, 27, 28, 29, 30, 31], [24, 25, 26, 27, 28, 29, 30, 31], [24, 25, 26, 27, 28, 29, 30, 31], [24, 25, 26, 27, 28, 29, 30, 31], [24, 25, 26, 27, 28, 29, 30, 31], [24, 25, 26, 27, 28, 29, 30, 31], [24, 25, 26, 27, 28, 29, 30, 31], [24, 25, 26, 27, 28, 29, 30, 31], [24, 25, 26, 27, 28, 29, 30, 31], [24, 25, 26, 27, 28, 29, 30, 31], [24, 25, 26, 27, 28, 29, 30, 31], [24, 25, 26, 27, 28, 29, 30, 31], [24, 25, 26, 27, 28, 29, 30, 31], [24, 25, 26, 27, 28, 29, 30, 31], [24, 25, 26, 27, 28, 29, 30, 31], [24, 25, 26, 27, 28, 29, 30, 31], [24, 25, 26, 27, 28, 29, 30, 31], [24, 25, 26, 27, 28, 29, 30, 31], [24, 25, 26, 27, 28, 29, 30, 31], [24, 25, 26, 27, 28, 29, 30, 31], [24, 25, 26, 27, 28, 29, 30, 31], [24, 25, 26, 27, 28, 29, 30, 31], [24, 25, 26, 27, 28, 29, 30, 31], [24, 25, 26, 27, 28, 29, 30, 31], [24, 25, 26, 27, 28, 29, 30, 31], [24, 25, 26, 27, 28, 29, 30, 31], [24, 25, 26, 27, 28, 29, 30, 31], [24, 25, 26, 27, 28, 29, 30, 31], [24, 25, 26, 27, 28, 29, 30, 31], [24, 25, 26, 27, 28, 29, 30, 31], [24, 25, 26, 27, 28, 29, 30, 31], [24, 25, 26, 27, 28, 29, 30, 31], [24, 25, 26, 27, 28, 29, 30, 31], [24, 25, 26, 27, 28, 29, 30, 31], [24, 25, 26, 27, 28, 29, 30, 31], [24, 25, 26, 27, 28, 29, 30, 31], [24, 25, 26, 27, 28, 29, 30, 31], [24, 25, 26, 27, 28, 29, 30, 31], [24, 25, 26, 27, 28, 29, 30, 31], [24, 25, 26, 27, 28, 29, 30, 31], [24, 25, 26, 27, 28, 29, 30, 31], [24, 25, 26, 27, 28, 29, 30, 31], [24, 25, 26, 27, 28, 29, 30, 31], [24, 25, 26, 27, 28, 29, 30, 31], [24, 25, 26, 27, 28, 29, 30, 31], [24, 25, 26, 27, 28, 29, 30, 31], [24, 25, 26, 27, 28, 29, 30, 31], [24, 25, 26, 27, 28, 29, 30, 31], [24, 25, 26, 27, 28, 29, 30, 31], [24, 25, 26, 27, 28, 29, 30, 31], [24, 25, 26, 27, 28, 29, 30, 31], [24, 25, 26, 27, 28, 29, 30, 31], [24, 25, 26, 27, 28, 29, 30, 31], [24, 25, 26, 27, 28, 29, 30, 31], [24, 25, 26, 27, 28, 29, 30, 31], [24, 25, 26, 27, 28, 29, 30, 31], [24, 25, 26, 27, 28, 29, 30, 31], [24, 25, 26, 27, 28, 29, 30, 31], [24, 25, 26, 27, 28, 29, 30, 31], [24, 25, 26, 27, 28, 29, 30, 31], [24, 25, 26, 27, 28, 29, 30, 31], [24, 25, 26, 27, 28, 29, 30, 31], [24, 25, 26, 27, 28, 29, 30, 31], [24, 25, 26, 27, 28, 29, 30, 31], [24, 25, 26, 27, 28, 29, 30, 31], [24, 25, 26, 27, 28, 29, 30, 31], [24, 25, 26, 27, 28, 29, 30, 31], [24, 25, 26, 27, 28, 29, 30, 31], [24, 25, 26, 27, 28, 29, 30, 31], [24, 25, 26, 27, 28, 29, 30, 31], [24, 25, 26, 27, 28, 29, 30, 31]]",8,0.7176040410995483,128,last,0.0,14208,4.0,128,0.8301929831504822,0,80 109 96 7,3552,0.4755001664161682,test,top_r_mean,0.0,0.0,0.5,0.25
0.036036036036036036,0.0,111,0.0,32,69.8998998850584,qasper,4.0,0.0,0.0,0.0,2003.11645:c2d1387e08cf25cb6b1f482178cca58030e85b70,mean,0.407043407043407,0.023004021495580673,"[[10, 0, 24, 23, 8, 21, 13, 16], [28, 7, 10, 25, 9, 23, 11, 14], [20, 29, 11, 28, 30, 3, 5, 10], [30, 3, 15, 19, 26, 13, 23, 22], [29, 12, 14, 18, 24, 19, 6, 31], [25, 28, 9, 12, 13, 31, 18, 30], [27, 21, 23, 29, 24, 17, 9, 28], [29, 11, 19, 26, 7, 23, 18, 25], [6, 0, 23, 18, 22, 19, 15, 31], [5, 19, 1, 8, 31, 16, 12, 28], [30, 24, 27, 3, 28, 0, 14, 9], [28, 26, 15, 4, 1, 23, 8, 9], [29, 14, 4, 5, 15, 26, 2, 8], [5, 19, 17, 0, 25, 9, 12, 23], [28, 25, 1, 5, 22, 7, 31, 20], [15, 28, 13, 30, 17, 26, 31, 24], [21, 0, 11, 10, 25, 2, 17, 19], [15, 13, 4, 25, 23, 29, 10, 18], [15, 18, 21, 27, 23, 25, 13, 10], [22, 1, 27, 12, 17, 14, 23, 6], [22, 28, 13, 15, 18, 3, 17, 30], [5, 29, 17, 4, 23, 1, 0, 16], [10, 25, 16, 31, 5, 14, 0, 27], [8, 4, 19, 22, 11, 13, 25, 17], [4, 0, 23, 27, 21, 20, 11, 28], [15, 7, 30, 18, 6, 8, 22, 27], [17, 15, 8, 31, 11, 14, 6, 22], [18, 0, 6, 23, 31, 21, 26, 5], [27, 29, 0, 13, 5, 3, 30, 26], [24, 16, 1, 26, 5, 29, 31, 15], [31, 8, 18, 27, 23, 25, 12, 17], [28, 9, 12, 14, 4, 15, 31, 8], [18, 0, 10, 9, 14, 7, 16, 13], [1, 22, 31, 27, 30, 29, 14, 10], [15, 0, 5, 24, 21, 7, 3, 27], [4, 1, 2, 17, 0, 28, 3, 15], [4, 17, 15, 3, 18, 20, 10, 31], [20, 31, 1, 13, 11, 28, 26, 5], [24, 5, 7, 28, 16, 9, 27, 15], [5, 20, 31, 12, 26, 24, 21, 19], [9, 0, 16, 7, 15, 24, 14, 1], [24, 5, 29, 21, 27, 8, 20, 19], [11, 29, 1, 28, 25, 8, 20, 19], [3, 9, 13, 2, 10, 20, 23, 17], [23, 8, 26, 16, 4, 7, 1, 31], [5, 23, 30, 10, 17, 27, 8, 3], [21, 12, 17, 16, 26, 23, 31, 25], [21, 7, 26, 30, 28, 20, 23, 0], [15, 0, 25, 19, 1, 20, 29, 17], [22, 25, 28, 2, 24, 29, 18, 23], [19, 5, 1, 22, 6, 21, 11, 25], [19, 31, 28, 14, 26, 6, 5, 25], [21, 5, 4, 20, 31, 1, 3, 7], [13, 24, 3, 27, 19, 28, 5, 21], [18, 8, 26, 2, 14, 11, 5, 29], [22, 31, 20, 8, 29, 28, 0, 30], [7, 0, 20, 26, 12, 29, 22, 27], [0, 30, 17, 6, 4, 19, 16, 27], [19, 31, 16, 10, 0, 26, 21, 27], [22, 3, 0, 11, 5, 12, 8, 10], [11, 24, 29, 26, 20, 27, 0, 6], [15, 6, 30, 18, 10, 2, 5, 20], [13, 20, 29, 26, 4, 15, 3, 18], [17, 29, 23, 27, 22, 13, 31, 10], [11, 0, 23, 24, 6, 22, 1, 16], [20, 29, 8, 15, 1, 27, 31, 6], [24, 22, 17, 14, 0, 19, 28, 5], [4, 11, 5, 14, 10, 6, 16, 26], [2, 17, 10, 6, 22, 13, 19, 27], [4, 21, 24, 17, 6, 22, 16, 31], [27, 1, 0, 22, 26, 24, 10, 30], [9, 24, 2, 4, 28, 3, 30, 31], [31, 0, 26, 12, 21, 27, 11, 2], [15, 23, 22, 17, 30, 27, 0, 20], [25, 7, 2, 8, 1, 20, 10, 23], [9, 20, 4, 6, 31, 14, 30, 17], [12, 27, 25, 28, 0, 18, 3, 22], [8, 2, 1, 27, 28, 5, 30, 10], [31, 19, 24, 6, 9, 17, 25, 30], [26, 2, 10, 5, 29, 14, 25, 20], [8, 0, 15, 29, 14, 10, 23, 6], [21, 30, 18, 14, 28, 6, 15, 12], [4, 31, 0, 27, 17, 20, 6, 11], [7, 19, 23, 24, 12, 20, 31, 13], [17, 22, 0, 31, 2, 15, 9, 19], [8, 15, 4, 29, 31, 19, 5, 10], [16, 0, 9, 1, 28, 27, 15, 12], [10, 19, 30, 20, 3, 0, 21, 7], [12, 0, 17, 6, 14, 2, 18, 4], [27, 25, 16, 3, 2, 11, 6, 30], [18, 26, 4, 22, 14, 12, 28, 23], [5, 1, 11, 31, 17, 6, 12, 20], [8, 22, 13, 23, 4, 7, 20, 0], [22, 5, 0, 10, 29, 28, 14, 19], [26, 17, 3, 23, 28, 18, 7, 14], [17, 10, 31, 25, 5, 26, 2, 9], [6, 0, 22, 26, 19, 24, 25, 28], [18, 10, 28, 3, 6, 16, 21, 17], [31, 15, 30, 23, 19, 18, 4, 16], [11, 9, 4, 10, 6, 17, 25, 28], [0, 27, 7, 31, 23, 24, 8, 16], [9, 15, 29, 19, 27, 23, 17, 11], [12, 27, 15, 0, 6, 14, 19, 30], [22, 3, 28, 23, 14, 20, 15, 17], [17, 0, 10, 15, 4, 16, 27, 2], [30, 26, 2, 0, 8, 20, 6, 27], [25, 21, 7, 22, 17, 15, 4, 18], [0, 2, 31, 14, 9, 3, 6, 16], [17, 1, 2, 24, 23, 0, 19, 26], [7, 23, 17, 27, 22, 5, 25, 9], [12, 29, 21, 2, 23, 27, 31, 28]]",8,0.6990324258804321,128,farthest,0.0,14208,4.0,128,0.7349249124526978,0,96 48 88 104,3552,0.5615742206573486,test,top_r_mean,0.0,0.5,0.25,0.625
0.036036036036036036,1.0,111,1.0,32,72.91859993711114,qasper,4.0,0.25,1.0,0.0,2003.11645:c2d1387e08cf25cb6b1f482178cca58030e85b70,mean,0.8715806715806715,0.0007769279181957245,"[[15, 0, 7, 3, 28, 16, 19, 11], [31, 30, 16, 18, 19, 1, 21, 25], [18, 20, 2, 1, 31, 5, 7, 24], [28, 29, 0, 5, 31, 2, 10, 14], [28, 1, 29, 5, 2, 31, 9, 13], [10, 11, 12, 24, 1, 13, 27, 22], [9, 11, 10, 12, 13, 16, 14, 15], [25, 29, 28, 31, 26, 2, 18, 9], [26, 0, 3, 13, 4, 6, 1, 16], [4, 22, 11, 18, 14, 13, 17, 0], [7, 8, 16, 11, 10, 12, 17, 26], [8, 13, 14, 10, 9, 3, 12, 29], [22, 25, 23, 7, 26, 30, 28, 27], [22, 1, 7, 29, 5, 4, 24, 14], [20, 17, 14, 9, 31, 26, 24, 7], [29, 28, 12, 8, 2, 31, 5, 16], [20, 0, 28, 4, 3, 1, 9, 24], [28, 8, 27, 9, 31, 29, 10, 21], [2, 15, 3, 20, 0, 1, 17, 5], [14, 15, 4, 19, 20, 3, 21, 17], [11, 21, 22, 1, 29, 12, 16, 15], [0, 16, 19, 7, 2, 18, 11, 9], [0, 1, 4, 2, 10, 3, 7, 5], [21, 3, 16, 31, 15, 25, 2, 23], [4, 0, 12, 13, 3, 6, 30, 2], [23, 24, 2, 25, 27, 31, 17, 0], [1, 26, 18, 25, 2, 0, 17, 6], [0, 17, 2, 3, 8, 4, 1, 5], [13, 18, 4, 24, 23, 19, 21, 27], [0, 17, 2, 18, 22, 4, 21, 3], [10, 30, 11, 29, 31, 23, 12, 28], [14, 3, 23, 7, 6, 1, 18, 30], [18, 0, 19, 14, 3, 4, 2, 1], [30, 5, 6, 0, 9, 10, 3, 2], [1, 2, 7, 8, 22, 20, 11, 6], [0, 22, 3, 23, 20, 25, 5, 1], [8, 31, 9, 12, 13, 5, 11, 24], [18, 9, 23, 14, 20, 21, 12, 3], [3, 9, 14, 12, 11, 27, 10, 31], [15, 14, 16, 17, 8, 0, 7, 19], [26, 0, 28, 10, 31, 4, 1, 7], [23, 8, 3, 4, 1, 24, 25, 2], [26, 22, 20, 21, 28, 29, 25, 31], [23, 22, 25, 24, 28, 13, 4, 1], [22, 13, 7, 24, 16, 14, 12, 31], [3, 26, 5, 21, 29, 31, 16, 14], [17, 11, 22, 4, 5, 23, 24, 31], [18, 21, 22, 19, 25, 2, 4, 23], [13, 0, 15, 18, 2, 17, 22, 3], [0, 29, 12, 4, 16, 3, 18, 26], [2, 3, 13, 0, 15, 11, 19, 9], [28, 30, 26, 31, 16, 29, 24, 19], [11, 19, 10, 2, 24, 16, 12, 0], [7, 21, 12, 30, 1, 0, 27, 15], [20, 13, 15, 6, 14, 22, 18, 5], [30, 2, 10, 5, 28, 12, 11, 8], [10, 0, 13, 9, 12, 11, 16, 23], [15, 25, 28, 19, 29, 9, 27, 24], [13, 14, 3, 15, 1, 16, 4, 8], [10, 16, 15, 14, 18, 13, 27, 17], [9, 14, 28, 23, 12, 10, 30, 11], [23, 22, 27, 16, 24, 0, 31, 1], [4, 7, 12, 24, 3, 11, 9, 8], [0, 31, 15, 20, 21, 1, 16, 4], [8, 0, 25, 22, 9, 1, 7, 15], [17, 21, 18, 5, 2, 14, 19, 31], [17, 19, 27, 18, 26, 4, 21, 31], [20, 28, 3, 29, 9, 21, 23, 0], [25, 28, 9, 20, 12, 24, 31, 0], [10, 11, 14, 2, 5, 26, 19, 17], [27, 29, 28, 14, 13, 25, 8, 20], [20, 21, 22, 13, 27, 16, 4, 11], [5, 0, 9, 30, 10, 2, 8, 1], [0, 5, 4, 2, 6, 11, 15, 9], [3, 12, 13, 25, 14, 26, 4, 15], [5, 9, 4, 22, 12, 23, 28, 17], [18, 19, 29, 3, 8, 30, 16, 13], [6, 0, 5, 1, 29, 13, 4, 7], [11, 16, 0, 29, 20, 1, 4, 14], [25, 31, 8, 27, 1, 20, 9, 23], [25, 0, 2, 8, 1, 26, 27, 5], [15, 16, 27, 21, 2, 5, 19, 10], [2, 1, 4, 0, 3, 18, 21, 11], [26, 28, 7, 27, 30, 29, 5, 6], [1, 3, 28, 11, 2, 25, 0, 10], [22, 12, 7, 17, 28, 18, 11, 9], [14, 26, 13, 30, 17, 24, 31, 25], [8, 10, 27, 29, 11, 23, 2, 28], [3, 0, 22, 19, 4, 8, 1, 10], [4, 2, 22, 0, 5, 31, 7, 30], [14, 24, 0, 21, 1, 19, 2, 23], [11, 21, 16, 23, 26, 4, 24, 14], [13, 14, 15, 8, 21, 28, 2, 11], [30, 26, 16, 27, 9, 31, 14, 10], [14, 25, 15, 26, 0, 20, 1, 24], [24, 26, 30, 7, 27, 3, 28, 16], [25, 0, 1, 9, 24, 4, 11, 12], [12, 6, 7, 13, 14, 18, 8, 2], [27, 3, 28, 29, 12, 5, 31, 30], [5, 1, 0, 3, 12, 20, 15, 16], [6, 25, 24, 26, 22, 20, 21, 18], [28, 27, 30, 29, 21, 10, 1, 2], [17, 21, 5, 20, 23, 11, 29, 25], [5, 15, 8, 7, 16, 2, 23, 18], [4, 0, 31, 30, 20, 26, 10, 2], [8, 9, 22, 23, 4, 0, 11, 25], [6, 5, 31, 10, 14, 26, 13, 23], [18, 19, 25, 28, 12, 20, 22, 27], [4, 25, 30, 29, 31, 28, 5, 3], [24, 23, 26, 25, 31, 14, 16, 27], [31, 0, 19, 7, 24, 25, 5, 6]]",8,0.12459421902894974,128,greedy_oracle,1.0,14208,4.0,128,0.1307375729084015,0,0 96 80 56,3552,0.9733415246009827,test,top_r_mean,1.0,1.0,1.0,0.875
0.036036036036036036,0.0,111,0.0,32,81.6132000181824,qasper,4.0,0.0,0.0,0.0,2003.11645:c2d1387e08cf25cb6b1f482178cca58030e85b70,mean,0.5393939393939394,0.07563308626413345,"[[26, 11, 18, 3, 8, 9, 21, 31], [0, 30, 17, 26, 8, 18, 20, 15], [0, 20, 9, 14, 17, 7, 16, 10], [14, 24, 28, 23, 18, 7, 21, 25], [13, 10, 4, 18, 29, 3, 25, 15], [21, 11, 12, 14, 3, 4, 20, 0], [28, 23, 8, 26, 22, 3, 11, 18], [9, 8, 27, 7, 24, 13, 31, 1], [8, 1, 25, 19, 29, 21, 5, 26], [31, 11, 23, 6, 25, 28, 19, 15], [15, 30, 1, 8, 23, 14, 26, 9], [22, 1, 8, 26, 2, 28, 16, 18], [29, 21, 1, 17, 25, 13, 16, 31], [27, 24, 0, 23, 13, 15, 25, 11], [10, 15, 12, 3, 27, 18, 4, 11], [15, 11, 17, 10, 29, 27, 28, 30], [11, 14, 31, 18, 24, 28, 2, 0], [30, 26, 15, 9, 1, 12, 27, 10], [11, 28, 1, 10, 9, 27, 29, 3], [4, 13, 18, 31, 12, 26, 27, 22], [13, 16, 23, 11, 24, 2, 25, 26], [19, 14, 13, 12, 7, 6, 22, 28], [20, 5, 8, 31, 27, 24, 23, 26], [14, 17, 4, 27, 9, 26, 11, 6], [22, 7, 8, 10, 28, 19, 16, 18], [12, 0, 25, 28, 15, 1, 26, 22], [12, 30, 5, 15, 11, 1, 17, 4], [24, 23, 11, 14, 7, 21, 6, 18], [1, 25, 5, 12, 18, 6, 11, 31], [4, 29, 25, 18, 9, 15, 3, 5], [5, 30, 0, 15, 7, 26, 31, 9], [27, 19, 24, 14, 15, 4, 17, 8], [23, 27, 3, 31, 18, 11, 0, 26], [26, 9, 22, 10, 23, 15, 5, 7], [24, 5, 30, 8, 13, 2, 26, 4], [20, 9, 3, 22, 24, 29, 7, 17], [3, 15, 4, 6, 19, 8, 29, 30], [18, 3, 16, 1, 20, 31, 7, 24], [11, 17, 18, 30, 7, 31, 26, 9], [28, 1, 31, 13, 23, 7, 8, 20], [16, 31, 15, 14, 26, 10, 9, 0], [29, 8, 1, 17, 18, 12, 10, 25], [27, 24, 4, 26, 6, 16, 25, 30], [29, 2, 6, 20, 15, 28, 30, 10], [5, 29, 11, 21, 19, 3, 13, 8], [2, 17, 26, 12, 22, 15, 19, 24], [7, 0, 11, 24, 19, 29, 21, 6], [1, 8, 22, 20, 3, 17, 6, 18], [27, 5, 12, 11, 2, 25, 0, 18], [27, 14, 31, 25, 11, 20, 2, 18], [25, 27, 23, 6, 19, 14, 18, 24], [22, 30, 16, 1, 11, 27, 23, 7], [22, 7, 18, 2, 5, 28, 24, 14], [15, 18, 9, 4, 1, 19, 26, 17], [8, 9, 0, 7, 27, 2, 25, 23], [5, 22, 30, 9, 4, 24, 7, 3], [12, 9, 16, 19, 6, 15, 18, 26], [0, 1, 19, 9, 30, 23, 26, 2], [27, 12, 20, 19, 6, 3, 1, 26], [20, 11, 10, 18, 13, 3, 31, 6], [11, 9, 0, 1, 15, 16, 26, 13], [23, 6, 5, 9, 2, 25, 19, 18], [4, 20, 27, 13, 15, 9, 28, 22], [26, 0, 16, 25, 10, 3, 14, 24], [10, 3, 28, 4, 24, 20, 5, 15], [2, 20, 25, 10, 9, 21, 24, 13], [20, 8, 31, 19, 24, 18, 25, 10], [17, 11, 21, 3, 29, 4, 20, 0], [25, 31, 9, 11, 26, 19, 18, 20], [1, 7, 10, 11, 3, 19, 22, 13], [30, 18, 31, 23, 6, 22, 1, 4], [20, 12, 15, 4, 5, 23, 31, 0], [17, 6, 29, 4, 2, 12, 30, 19], [14, 17, 20, 11, 9, 2, 8, 30], [10, 26, 31, 22, 20, 9, 5, 23], [24, 2, 22, 20, 31, 8, 10, 23], [12, 14, 8, 31, 4, 7, 24, 3], [2, 10, 20, 23, 16, 5, 25, 8], [11, 1, 29, 20, 27, 2, 15, 14], [4, 11, 16, 26, 8, 13, 18, 29], [29, 21, 19, 15, 1, 7, 3, 11], [4, 20, 13, 16, 0, 27, 14, 22], [26, 28, 18, 21, 31, 0, 1, 15], [3, 17, 28, 12, 20, 21, 24, 22], [10, 20, 23, 12, 6, 17, 28, 18], [12, 17, 25, 18, 6, 3, 13, 11], [28, 23, 25, 29, 13, 6, 0, 16], [8, 11, 19, 17, 22, 4, 3, 0], [1, 20, 6, 5, 9, 12, 13, 23], [27, 7, 21, 29, 8, 4, 13, 16], [15, 2, 18, 22, 13, 5, 12, 1], [20, 2, 27, 15, 24, 0, 12, 18], [23, 6, 27, 18, 10, 26, 16, 29], [20, 4, 18, 13, 21, 5, 1, 25], [19, 31, 8, 2, 26, 22, 0, 1], [1, 0, 4, 3, 6, 30, 28, 20], [16, 27, 26, 21, 28, 13, 23, 3], [23, 24, 16, 26, 31, 10, 8, 1], [15, 22, 23, 25, 19, 3, 0, 10], [2, 8, 6, 11, 10, 16, 25, 5], [14, 16, 9, 31, 18, 1, 13, 2], [21, 11, 23, 26, 1, 29, 0, 12], [24, 26, 5, 18, 1, 0, 6, 25], [0, 20, 15, 16, 13, 18, 29, 27], [4, 0, 19, 15, 8, 22, 2, 11], [25, 11, 16, 0, 15, 28, 5, 8], [5, 19, 24, 10, 14, 17, 11, 12], [5, 3, 1, 9, 22, 2, 12, 14], [26, 20, 1, 16, 29, 11, 21, 0], [30, 23, 28, 25, 22, 11, 20, 27], [10, 21, 16, 26, 0, 15, 22, 20]]",8,0.6289259791374207,128,random,0.0,14208,4.0,128,0.7004495859146118,11,32 40 104 48,3552,0.7220515608787537,test,top_r_mean,0.0,0.0,0.0,0.375
0.036036036036036036,0.0,111,0.0,32,74.60119994357228,qasper,4.0,0.0,0.0,0.0,2003.11645:c2d1387e08cf25cb6b1f482178cca58030e85b70,mean,0.5007371007371008,0.08639062941074371,"[[20, 26, 3, 6, 22, 25, 5, 12], [13, 2, 9, 28, 16, 4, 7, 21], [26, 29, 18, 25, 10, 24, 20, 16], [30, 2, 3, 8, 27, 28, 12, 21], [1, 9, 4, 30, 28, 10, 17, 31], [21, 1, 23, 3, 11, 9, 16, 5], [0, 27, 18, 19, 15, 23, 6, 4], [10, 4, 22, 31, 0, 18, 8, 17], [21, 22, 9, 28, 17, 4, 13, 19], [25, 21, 13, 15, 0, 1, 27, 9], [26, 1, 24, 9, 8, 13, 21, 12], [19, 20, 7, 15, 28, 29, 22, 12], [12, 29, 19, 4, 30, 9, 20, 26], [16, 6, 7, 8, 18, 23, 4, 11], [29, 11, 27, 30, 3, 14, 31, 5], [1, 2, 5, 22, 6, 17, 8, 27], [29, 5, 28, 3, 4, 7, 11, 1], [7, 23, 8, 31, 15, 24, 9, 1], [7, 19, 2, 1, 9, 29, 10, 31], [3, 29, 1, 6, 28, 12, 9, 20], [17, 7, 27, 3, 26, 6, 30, 8], [24, 18, 13, 25, 16, 10, 30, 9], [8, 12, 3, 30, 28, 21, 9, 23], [4, 5, 17, 2, 25, 21, 12, 28], [1, 28, 8, 4, 15, 31, 12, 22], [6, 19, 20, 7, 18, 4, 28, 5], [17, 3, 31, 18, 25, 29, 19, 22], [30, 28, 5, 6, 9, 7, 13, 11], [16, 13, 9, 2, 26, 23, 17, 19], [1, 9, 21, 2, 18, 23, 26, 4], [27, 31, 30, 2, 18, 7, 22, 9], [3, 18, 6, 4, 10, 27, 31, 0], [29, 1, 6, 27, 4, 11, 12, 26], [4, 16, 20, 26, 9, 0, 31, 15], [12, 6, 22, 18, 8, 17, 27, 20], [2, 18, 11, 20, 8, 5, 7, 23], [15, 2, 5, 8, 17, 27, 1, 19], [2, 23, 15, 9, 10, 5, 3, 12], [21, 8, 17, 12, 25, 1, 11, 26], [18, 31, 14, 16, 13, 10, 17, 23], [13, 8, 9, 31, 11, 22, 4, 7], [29, 9, 10, 4, 26, 19, 0, 30], [26, 21, 27, 13, 3, 23, 11, 28], [13, 5, 4, 0, 31, 22, 7, 28], [0, 16, 2, 7, 5, 24, 1, 18], [27, 24, 22, 8, 7, 11, 1, 26], [3, 9, 2, 6, 26, 16, 28, 0], [14, 13, 20, 24, 1, 21, 16, 26], [17, 10, 6, 11, 3, 9, 1, 28], [26, 3, 9, 22, 0, 24, 6, 19], [9, 31, 5, 2, 28, 1, 3, 25], [19, 23, 2, 18, 13, 26, 16, 9], [5, 24, 29, 16, 8, 13, 0, 14], [26, 13, 19, 1, 16, 12, 29, 10], [28, 3, 26, 1, 11, 4, 8, 6], [28, 19, 31, 6, 27, 4, 10, 15], [23, 14, 24, 17, 16, 1, 19, 18], [23, 13, 14, 10, 18, 17, 31, 28], [9, 30, 24, 7, 6, 28, 26, 12], [7, 2, 31, 10, 16, 17, 5, 28], [8, 30, 24, 1, 5, 12, 23, 18], [9, 26, 2, 20, 11, 1, 8, 0], [11, 16, 0, 12, 20, 19, 8, 3], [28, 19, 24, 11, 18, 15, 0, 9], [5, 11, 10, 15, 30, 21, 25, 22], [14, 25, 21, 27, 15, 3, 31, 5], [30, 8, 12, 22, 31, 6, 25, 20], [24, 18, 20, 16, 4, 21, 3, 22], [5, 23, 3, 20, 11, 28, 29, 0], [13, 24, 6, 29, 20, 14, 0, 23], [15, 13, 23, 21, 12, 31, 28, 2], [2, 9, 21, 27, 31, 23, 18, 1], [29, 2, 6, 17, 19, 15, 27, 20], [13, 16, 3, 30, 28, 26, 21, 5], [3, 5, 29, 21, 7, 15, 14, 24], [7, 1, 0, 5, 8, 21, 27, 10], [5, 7, 13, 20, 29, 27, 4, 21], [9, 15, 31, 26, 29, 27, 14, 6], [23, 9, 30, 16, 8, 14, 15, 2], [17, 0, 19, 23, 11, 6, 20, 28], [26, 12, 16, 20, 1, 30, 17, 7], [27, 9, 13, 0, 8, 11, 5, 30], [22, 2, 13, 14, 12, 26, 15, 4], [20, 14, 16, 5, 2, 30, 28, 12], [31, 28, 8, 24, 21, 29, 0, 20], [5, 10, 30, 15, 2, 23, 31, 22], [13, 10, 29, 6, 15, 16, 1, 0], [16, 15, 9, 4, 21, 25, 20, 18], [7, 22, 5, 12, 14, 3, 2, 19], [25, 28, 23, 14, 29, 1, 24, 7], [28, 11, 2, 18, 19, 3, 24, 21], [29, 21, 28, 2, 31, 18, 19, 16], [4, 20, 0, 5, 13, 21, 28, 17], [13, 5, 24, 20, 9, 27, 4, 3], [25, 31, 0, 14, 30, 4, 15, 5], [20, 14, 15, 18, 17, 12, 23, 30], [21, 18, 7, 11, 0, 16, 12, 2], [1, 17, 31, 29, 27, 25, 4, 19], [28, 23, 30, 7, 0, 3, 18, 8], [22, 6, 1, 4, 5, 0, 25, 3], [17, 4, 10, 19, 16, 31, 15, 13], [6, 28, 13, 21, 1, 19, 8, 11], [31, 3, 10, 8, 22, 11, 25, 24], [13, 30, 20, 14, 18, 5, 1, 23], [12, 11, 5, 13, 6, 17, 8, 10], [13, 17, 14, 6, 29, 11, 4, 19], [24, 29, 31, 15, 6, 22, 16, 12], [9, 26, 1, 17, 30, 11, 20, 0], [15, 31, 9, 30, 8, 22, 25, 21], [10, 0, 4, 14, 11, 23, 16, 22], [7, 14, 6, 23, 13, 0, 12, 27]]",8,0.6478992700576782,128,random,0.0,14208,4.0,128,0.7265089750289917,23,96 88 24 82,3552,0.6742628812789917,test,top_r_mean,0.0,0.5,0.25,0.375
0.036036036036036036,0.0,111,0.0,32,71.55949994921684,qasper,4.0,0.0,0.0,0.0,2003.11645:c2d1387e08cf25cb6b1f482178cca58030e85b70,mean,0.49713349713349714,0.08184532076120377,"[[22, 14, 11, 10, 5, 16, 24, 1], [26, 22, 3, 20, 2, 17, 14, 0], [11, 4, 16, 8, 25, 12, 9, 6], [19, 0, 3, 14, 23, 31, 11, 25], [5, 25, 15, 9, 26, 3, 30, 8], [21, 22, 12, 20, 24, 19, 17, 9], [0, 30, 10, 23, 24, 14, 6, 12], [5, 25, 27, 3, 20, 14, 15, 23], [15, 30, 3, 16, 12, 29, 22, 7], [0, 2, 26, 30, 1, 10, 11, 12], [18, 14, 11, 7, 8, 29, 24, 15], [6, 23, 18, 20, 28, 5, 29, 0], [4, 11, 13, 10, 15, 1, 9, 6], [22, 3, 31, 7, 26, 15, 12, 11], [3, 23, 4, 14, 18, 1, 17, 26], [25, 24, 19, 15, 13, 20, 7, 29], [16, 2, 31, 24, 26, 14, 5, 21], [16, 6, 2, 10, 26, 14, 11, 0], [9, 30, 1, 17, 5, 11, 15, 8], [4, 31, 21, 17, 12, 10, 9, 7], [13, 8, 5, 31, 28, 21, 19, 3], [9, 13, 10, 27, 30, 15, 4, 7], [12, 5, 22, 24, 23, 28, 27, 30], [20, 23, 6, 29, 18, 14, 1, 11], [23, 14, 31, 7, 15, 26, 13, 12], [15, 28, 26, 6, 21, 7, 14, 9], [22, 2, 18, 31, 15, 7, 24, 27], [5, 20, 28, 24, 15, 12, 29, 27], [10, 6, 15, 13, 12, 19, 14, 28], [10, 12, 5, 28, 30, 11, 29, 6], [31, 7, 9, 11, 15, 13, 23, 4], [30, 9, 11, 2, 29, 8, 28, 15], [27, 18, 26, 20, 5, 8, 3, 28], [14, 18, 0, 8, 25, 2, 12, 31], [13, 14, 11, 27, 7, 19, 26, 5], [13, 24, 3, 20, 28, 19, 22, 9], [26, 31, 19, 13, 6, 11, 23, 4], [13, 28, 24, 19, 12, 4, 27, 18], [3, 17, 23, 21, 8, 4, 29, 30], [15, 20, 1, 4, 8, 17, 30, 27], [21, 1, 4, 8, 14, 30, 16, 19], [28, 5, 27, 0, 24, 3, 9, 12], [9, 8, 3, 28, 14, 25, 23, 22], [14, 10, 4, 1, 18, 3, 16, 28], [10, 18, 15, 3, 19, 1, 6, 0], [13, 8, 19, 28, 20, 31, 11, 23], [8, 0, 23, 12, 1, 22, 26, 21], [5, 21, 31, 18, 3, 27, 22, 13], [29, 0, 6, 20, 21, 2, 27, 8], [3, 29, 10, 25, 18, 11, 14, 12], [27, 3, 22, 13, 10, 6, 26, 31], [20, 0, 11, 25, 15, 28, 7, 4], [0, 29, 31, 19, 21, 12, 13, 6], [4, 14, 15, 17, 3, 19, 28, 2], [28, 9, 0, 21, 14, 19, 29, 5], [14, 10, 5, 2, 27, 11, 21, 13], [4, 22, 28, 20, 1, 15, 24, 14], [30, 3, 13, 28, 1, 26, 25, 9], [21, 0, 26, 28, 4, 3, 31, 29], [9, 1, 6, 22, 2, 18, 19, 7], [22, 31, 21, 9, 7, 1, 10, 19], [21, 30, 31, 23, 3, 20, 6, 16], [10, 22, 14, 8, 31, 25, 23, 2], [12, 8, 20, 28, 2, 15, 27, 29], [6, 21, 29, 19, 25, 20, 7, 3], [7, 6, 23, 30, 0, 27, 31, 17], [9, 10, 21, 17, 27, 30, 15, 5], [18, 2, 6, 23, 11, 16, 8, 20], [21, 0, 24, 17, 8, 9, 1, 15], [6, 7, 21, 16, 15, 2, 17, 31], [0, 27, 9, 2, 8, 23, 31, 14], [5, 23, 6, 20, 28, 29, 27, 15], [24, 20, 7, 0, 21, 26, 27, 3], [25, 6, 27, 3, 18, 2, 28, 8], [28, 7, 23, 5, 19, 31, 16, 9], [15, 0, 30, 28, 12, 4, 27, 10], [27, 16, 1, 10, 31, 8, 22, 25], [28, 27, 21, 8, 7, 17, 0, 6], [23, 16, 8, 24, 12, 10, 14, 29], [6, 14, 4, 7, 1, 19, 12, 10], [16, 15, 29, 17, 27, 28, 14, 7], [13, 1, 11, 10, 29, 23, 5, 6], [18, 4, 3, 2, 14, 27, 25, 12], [11, 28, 18, 23, 19, 31, 12, 20], [17, 15, 31, 10, 1, 25, 5, 12], [11, 10, 6, 5, 12, 17, 18, 15], [25, 1, 8, 20, 14, 11, 28, 16], [27, 31, 26, 17, 13, 20, 30, 9], [9, 12, 28, 25, 23, 17, 31, 15], [27, 14, 12, 25, 0, 6, 2, 26], [27, 8, 18, 4, 23, 28, 5, 10], [25, 28, 8, 5, 10, 9, 4, 1], [15, 12, 2, 3, 6, 20, 17, 10], [18, 3, 13, 19, 10, 11, 16, 30], [5, 21, 12, 2, 28, 22, 1, 19], [3, 18, 22, 21, 26, 29, 27, 9], [16, 22, 4, 28, 31, 25, 21, 6], [0, 23, 25, 9, 4, 13, 16, 27], [22, 18, 12, 19, 13, 24, 4, 28], [6, 16, 12, 29, 30, 18, 19, 25], [31, 1, 27, 11, 30, 3, 15, 5], [28, 7, 13, 1, 14, 27, 4, 3], [21, 7, 16, 3, 25, 1, 18, 29], [21, 8, 2, 29, 16, 1, 23, 10], [12, 11, 18, 20, 21, 4, 16, 30], [7, 6, 2, 20, 26, 0, 15, 11], [2, 31, 5, 8, 25, 20, 24, 17], [27, 17, 26, 10, 31, 5, 1, 16], [18, 22, 21, 5, 6, 15, 25, 20], [10, 14, 5, 6, 9, 20, 12, 28], [20, 10, 15, 18, 5, 24, 6, 7]]",8,0.6610892415046692,128,random,0.0,14208,4.0,128,0.7364808917045593,37,48 72 82 32,3552,0.6714022159576416,test,top_r_mean,0.0,0.0,0.0,0.625
0.036036036036036036,0.0,111,0.0,32,80.59609984047711,qasper,4.0,0.0,0.0,0.0,2003.11645:c2d1387e08cf25cb6b1f482178cca58030e85b70,mean,0.5371007371007371,0.0866016075015068,"[[6, 20, 19, 30, 26, 14, 10, 24], [30, 20, 5, 28, 21, 18, 19, 2], [15, 12, 3, 10, 24, 25, 14, 6], [20, 12, 9, 21, 13, 1, 26, 8], [7, 23, 0, 9, 31, 8, 22, 19], [2, 20, 21, 30, 14, 25, 7, 13], [1, 10, 20, 13, 4, 6, 11, 31], [2, 20, 6, 29, 12, 21, 22, 23], [19, 6, 3, 22, 2, 11, 1, 27], [11, 8, 23, 7, 19, 22, 24, 30], [27, 8, 2, 9, 21, 10, 12, 25], [8, 13, 2, 18, 29, 11, 21, 23], [5, 27, 17, 11, 26, 8, 22, 29], [9, 27, 30, 11, 22, 7, 24, 31], [26, 24, 2, 16, 29, 15, 0, 6], [21, 12, 3, 27, 19, 10, 5, 14], [24, 7, 10, 30, 14, 0, 12, 20], [16, 12, 8, 29, 28, 4, 17, 18], [5, 4, 9, 28, 29, 2, 0, 17], [12, 14, 21, 24, 4, 9, 23, 18], [1, 13, 25, 21, 29, 27, 17, 23], [20, 29, 28, 1, 30, 7, 11, 16], [28, 10, 29, 8, 25, 27, 19, 7], [6, 19, 7, 13, 16, 8, 12, 5], [11, 25, 5, 12, 19, 15, 7, 24], [1, 31, 5, 13, 24, 23, 10, 0], [24, 31, 22, 13, 23, 25, 21, 16], [31, 2, 0, 17, 13, 8, 15, 30], [25, 23, 18, 6, 17, 16, 31, 10], [14, 24, 3, 11, 12, 23, 17, 20], [23, 26, 4, 9, 29, 1, 20, 7], [19, 14, 25, 1, 12, 15, 24, 23], [12, 23, 9, 22, 20, 26, 31, 30], [15, 13, 3, 20, 29, 4, 8, 26], [20, 4, 12, 5, 15, 17, 16, 13], [16, 7, 24, 17, 14, 21, 4, 25], [2, 25, 29, 0, 8, 28, 1, 3], [12, 31, 29, 24, 17, 18, 20, 21], [12, 5, 22, 1, 17, 15, 27, 18], [10, 5, 1, 25, 28, 11, 23, 7], [14, 19, 11, 22, 15, 1, 21, 27], [11, 23, 12, 13, 6, 16, 14, 10], [12, 5, 23, 18, 0, 14, 7, 28], [17, 15, 4, 14, 10, 29, 28, 1], [22, 0, 21, 24, 8, 14, 20, 10], [8, 1, 24, 30, 12, 2, 10, 17], [22, 1, 14, 28, 15, 2, 26, 31], [5, 3, 11, 13, 20, 16, 7, 22], [22, 11, 9, 23, 7, 0, 26, 3], [2, 23, 12, 6, 1, 16, 28, 10], [22, 27, 9, 24, 16, 21, 25, 1], [7, 10, 1, 30, 16, 29, 24, 18], [15, 13, 28, 6, 12, 24, 4, 20], [31, 23, 24, 16, 21, 4, 11, 13], [16, 19, 18, 1, 9, 17, 11, 15], [3, 20, 11, 1, 5, 31, 19, 24], [17, 20, 1, 23, 3, 27, 4, 14], [3, 30, 25, 7, 18, 1, 19, 4], [6, 13, 14, 0, 9, 27, 18, 23], [6, 10, 21, 23, 4, 19, 30, 1], [5, 12, 4, 18, 11, 6, 14, 20], [17, 28, 16, 22, 7, 1, 10, 30], [2, 23, 18, 29, 15, 19, 9, 4], [28, 12, 14, 0, 6, 25, 1, 23], [12, 19, 15, 4, 16, 21, 11, 6], [20, 12, 23, 3, 8, 7, 30, 4], [30, 4, 12, 21, 10, 9, 26, 0], [27, 14, 17, 31, 25, 8, 12, 4], [19, 16, 2, 23, 0, 13, 31, 29], [25, 2, 14, 16, 23, 1, 31, 5], [10, 8, 2, 16, 25, 0, 14, 19], [22, 4, 18, 11, 13, 6, 15, 25], [15, 30, 2, 7, 25, 17, 24, 6], [20, 14, 16, 18, 12, 25, 2, 31], [18, 10, 20, 11, 8, 5, 12, 27], [26, 28, 4, 29, 12, 19, 31, 14], [28, 11, 7, 1, 30, 15, 17, 12], [12, 10, 21, 17, 4, 2, 7, 14], [22, 16, 18, 5, 9, 4, 19, 24], [19, 9, 22, 15, 0, 11, 17, 16], [17, 20, 0, 8, 13, 21, 4, 28], [31, 15, 3, 28, 5, 10, 0, 26], [27, 29, 11, 1, 21, 26, 9, 13], [8, 28, 27, 18, 2, 6, 21, 5], [28, 26, 4, 0, 21, 27, 3, 17], [27, 0, 13, 29, 23, 1, 12, 31], [14, 18, 28, 17, 19, 12, 30, 16], [17, 5, 11, 15, 6, 7, 25, 28], [2, 12, 10, 22, 3, 26, 19, 6], [31, 14, 9, 23, 30, 19, 28, 1], [0, 11, 19, 15, 13, 31, 5, 16], [26, 11, 16, 31, 12, 2, 6, 28], [25, 12, 0, 15, 4, 19, 24, 8], [5, 19, 16, 1, 15, 14, 8, 4], [8, 5, 0, 31, 26, 11, 1, 7], [20, 21, 27, 9, 18, 24, 0, 3], [14, 11, 27, 0, 10, 19, 30, 24], [9, 2, 16, 12, 10, 11, 1, 28], [31, 3, 14, 12, 16, 5, 10, 0], [4, 20, 15, 17, 5, 31, 8, 26], [0, 28, 13, 29, 5, 21, 11, 22], [7, 12, 15, 14, 23, 31, 1, 3], [19, 29, 30, 26, 23, 27, 10, 16], [4, 18, 5, 19, 1, 15, 6, 24], [14, 5, 7, 30, 11, 28, 8, 27], [29, 25, 23, 22, 24, 3, 26, 19], [4, 16, 23, 1, 18, 31, 21, 19], [5, 24, 15, 19, 22, 6, 30, 8], [14, 24, 9, 19, 7, 15, 12, 10], [14, 24, 16, 31, 13, 8, 21, 10], [1, 30, 6, 5, 0, 25, 4, 28]]",8,0.6263135075569153,128,random,0.0,14208,4.0,128,0.7090533375740051,53,80 96 16 48,3552,0.7213758826255798,test,top_r_mean,0.0,0.5,0.5,0.5
0.036036036036036036,0.0,111,0.0,32,76.87469990924001,qasper,4.0,0.0,0.0,0.0,2003.11645:c2d1387e08cf25cb6b1f482178cca58030e85b70,mean,0.5138411138411139,0.07834521681070328,"[[19, 17, 5, 25, 27, 30, 10, 15], [23, 2, 15, 4, 9, 27, 6, 25], [1, 30, 15, 12, 22, 14, 3, 7], [31, 23, 3, 17, 7, 4, 1, 20], [18, 4, 0, 1, 30, 26, 17, 24], [9, 7, 29, 4, 12, 31, 11, 30], [23, 20, 14, 9, 13, 29, 6, 4], [3, 21, 29, 18, 28, 4, 15, 11], [5, 20, 23, 18, 0, 11, 10, 24], [5, 11, 14, 7, 26, 23, 20, 3], [19, 11, 3, 8, 20, 1, 16, 5], [9, 20, 29, 4, 2, 6, 30, 11], [19, 29, 13, 20, 23, 2, 15, 16], [28, 14, 5, 23, 20, 25, 22, 9], [1, 17, 27, 5, 0, 30, 29, 4], [14, 26, 25, 10, 9, 30, 5, 7], [18, 2, 28, 3, 26, 4, 14, 5], [18, 25, 14, 23, 24, 26, 7, 19], [21, 10, 23, 31, 2, 7, 8, 9], [14, 2, 29, 25, 3, 22, 18, 30], [27, 19, 30, 13, 2, 18, 0, 17], [21, 27, 11, 12, 1, 26, 29, 17], [0, 1, 9, 17, 16, 29, 19, 3], [6, 3, 25, 5, 27, 1, 17, 24], [1, 10, 29, 2, 15, 22, 11, 25], [28, 24, 29, 20, 0, 16, 13, 4], [16, 19, 29, 31, 6, 0, 18, 2], [10, 26, 3, 28, 0, 30, 22, 2], [8, 16, 23, 19, 30, 12, 3, 7], [25, 12, 26, 27, 13, 3, 21, 4], [25, 27, 22, 18, 26, 21, 16, 9], [28, 18, 14, 24, 13, 23, 1, 26], [10, 11, 0, 24, 7, 28, 12, 14], [21, 8, 27, 15, 18, 3, 17, 26], [0, 9, 17, 13, 3, 2, 22, 8], [5, 6, 31, 27, 11, 17, 3, 29], [17, 23, 31, 14, 25, 20, 12, 9], [16, 28, 22, 3, 15, 0, 30, 17], [25, 24, 3, 4, 26, 21, 2, 15], [18, 2, 10, 17, 26, 12, 28, 21], [24, 0, 20, 30, 16, 3, 4, 6], [3, 21, 12, 10, 30, 7, 4, 20], [2, 10, 5, 31, 7, 22, 21, 4], [6, 0, 30, 28, 8, 4, 17, 14], [14, 29, 18, 2, 22, 26, 20, 25], [27, 16, 6, 31, 20, 19, 28, 10], [7, 27, 12, 4, 26, 9, 14, 18], [23, 31, 5, 24, 4, 9, 29, 1], [23, 27, 9, 22, 4, 31, 5, 7], [12, 17, 19, 8, 5, 22, 18, 30], [14, 22, 4, 28, 16, 2, 6, 17], [22, 3, 1, 27, 9, 25, 16, 12], [6, 26, 20, 4, 11, 21, 2, 14], [5, 18, 15, 24, 26, 25, 22, 13], [9, 7, 28, 30, 25, 2, 26, 31], [26, 21, 18, 11, 17, 13, 3, 4], [22, 23, 28, 24, 26, 31, 25, 30], [4, 30, 14, 9, 20, 26, 13, 24], [23, 13, 21, 8, 25, 27, 29, 1], [23, 1, 3, 26, 7, 2, 21, 27], [3, 5, 31, 25, 17, 24, 26, 6], [19, 0, 4, 2, 16, 8, 25, 14], [23, 13, 24, 0, 29, 15, 25, 31], [12, 27, 13, 28, 4, 5, 30, 26], [31, 26, 25, 17, 13, 24, 27, 0], [1, 8, 5, 25, 10, 4, 7, 2], [27, 23, 13, 29, 6, 21, 14, 18], [13, 23, 0, 25, 17, 12, 24, 16], [14, 16, 18, 8, 6, 11, 13, 10], [19, 27, 28, 22, 8, 3, 20, 21], [27, 1, 2, 19, 5, 31, 30, 13], [26, 20, 23, 16, 10, 31, 7, 30], [17, 11, 0, 24, 19, 25, 14, 18], [17, 31, 3, 20, 13, 21, 0, 5], [6, 19, 0, 31, 30, 12, 13, 5], [4, 5, 6, 2, 27, 0, 11, 9], [3, 7, 30, 20, 8, 2, 16, 11], [11, 26, 0, 8, 7, 14, 27, 22], [8, 11, 6, 23, 24, 7, 4, 9], [25, 12, 10, 13, 31, 0, 15, 28], [22, 16, 26, 20, 18, 9, 14, 27], [8, 3, 15, 13, 29, 30, 14, 19], [19, 18, 24, 13, 16, 22, 29, 21], [7, 0, 26, 21, 11, 9, 14, 1], [13, 7, 19, 25, 26, 27, 8, 31], [3, 5, 31, 21, 22, 13, 4, 8], [4, 3, 11, 31, 17, 20, 9, 2], [3, 29, 15, 28, 1, 25, 14, 2], [18, 0, 16, 13, 21, 9, 20, 7], [14, 17, 9, 5, 0, 18, 3, 8], [9, 8, 11, 13, 21, 28, 4, 2], [21, 6, 22, 30, 10, 12, 7, 9], [17, 12, 1, 26, 22, 14, 23, 20], [16, 4, 11, 24, 7, 19, 12, 20], [13, 9, 22, 21, 14, 11, 7, 5], [23, 18, 21, 9, 16, 0, 20, 2], [20, 29, 14, 30, 18, 26, 6, 11], [11, 17, 26, 28, 19, 2, 1, 25], [14, 27, 29, 5, 31, 3, 17, 19], [0, 12, 1, 30, 9, 19, 16, 2], [15, 13, 18, 16, 8, 25, 31, 10], [2, 5, 12, 31, 30, 9, 1, 20], [30, 0, 26, 12, 4, 23, 8, 2], [11, 18, 1, 14, 22, 19, 10, 3], [23, 29, 1, 2, 18, 19, 17, 14], [26, 17, 27, 23, 8, 5, 4, 18], [24, 13, 16, 26, 20, 17, 29, 12], [21, 24, 6, 19, 25, 12, 2, 23], [26, 25, 11, 20, 27, 24, 8, 5], [0, 1, 10, 25, 28, 24, 12, 7], [23, 20, 5, 2, 9, 0, 21, 6]]",8,0.6428651213645935,128,random,0.0,14208,4.0,128,0.7160056233406067,71,72 32 88 40,3552,0.6801421046257019,test,top_r_mean,0.0,0.0,0.0,0.25
0.027147401908801695,0.0,148,0.0,31,0.0545999500900507,qasper,0.2857142857142857,0.0,0.0,0.0,1912.03804:2ccc26e11df4eb26fcccdd1f446dc749aff5d572,mean,1.0,0.0,,0,0.0,128,full_k,0.0,75440,4.0,124,0.0,0,64 136 128 32,4715,0.9999999403953552,test,top_r_mean,1.0,1.0,1.0,1.0
0.027147401908801695,0.0,148,0.0,31,7.303599966689944,qasper,0.2857142857142857,0.0,0.0,0.0,1912.03804:2ccc26e11df4eb26fcccdd1f446dc749aff5d572,mean,0.616657473800331,0.07345134764909744,,1,1.1966874599456787,128,mean,0.0,2368,4.0,124,1.2370449304580688,0,64 136 129 120,4715,0.7861603498458862,test,top_r_mean,1.0,1.0,0.5,0.5
0.027147401908801695,1.0,148,1.0,31,101.39689990319312,qasper,0.2857142857142857,0.5,0.14285714285714285,0.0,1912.03804:2ccc26e11df4eb26fcccdd1f446dc749aff5d572,mean,0.16583930869645155,0.24800333380699158,"[[24], [24], [24], [24], [24], [24], [24], [24], [24], [24], [24], [24], [24], [24], [24], [24], [24], [24], [24], [24], [24], [24], [24], [24], [24], [24], [24], [24], [24], [24], [24], [24], [24], [24], [24], [24], [24], [24], [24], [24], [24], [24], [24], [24], [24], [24], [24], [24], [24], [24], [24], [24], [24], [24], [24], [24], [24], [24], [24], [24], [24], [24], [24], [24], [24], [24], [24], [24], [24], [24], [24], [24], [24], [24], [24], [24], [24], [24], [24], [24], [24], [24], [24], [24], [24], [24], [24], [24], [24], [24], [24], [24], [24], [24], [24], [24], [24], [24], [24], [24], [24], [24], [24], [24], [24], [24], [24], [24], [24], [24], [24], [24], [24], [24], [24], [24], [24], [24], [24], [24], [24], [24], [24], [24], [24], [24], [24], [24], [24], [24], [24], [24], [24], [24], [24], [24], [24], [24], [24], [24], [24], [24], [24], [24], [24], [24], [24], [3]]",1,1.3083349466323853,128,last,1.0,2368,4.0,124,1.4904910326004028,0,9 64 1 136,4715,0.23505480587482452,test,top_r_mean,0.0,0.5,0.5,0.375
0.027147401908801695,1.0,148,1.0,31,101.42580000683665,qasper,0.2857142857142857,0.25,0.07142857142857142,0.0,1912.03804:2ccc26e11df4eb26fcccdd1f446dc749aff5d572,mean,0.4050376907519765,0.1016252264380455,"[[20], [15], [6], [4], [11], [17], [30], [0], [14], [24], [6], [9], [18], [23], [12], [5], [17], [17], [15], [8], [23], [6], [21], [13], [30], [1], [17], [18], [5], [4], [15], [5], [17], [14], [12], [26], [10], [14], [4], [10], [22], [24], [27], [13], [16], [22], [17], [19], [25], [28], [20], [10], [5], [30], [9], [2], [18], [23], [22], [7], [10], [11], [20], [1], [18], [29], [10], [25], [3], [19], [18], [11], [10], [24], [31], [15], [17], [5], [28], [22], [12], [16], [20], [11], [29], [8], [4], [3], [11], [22], [8], [24], [12], [14], [12], [10], [13], [6], [14], [7], [1], [6], [25], [12], [30], [6], [15], [21], [18], [13], [11], [4], [19], [22], [6], [27], [15], [2], [6], [31], [11], [2], [27], [15], [11], [23], [25], [17], [19], [30], [0], [24], [3], [19], [17], [22], [9], [29], [19], [19], [28], [11], [5], [20], [5], [11], [18], [5]]",1,0.8572141528129578,128,farthest,0.25,2368,4.0,124,0.94217848777771,0,136 128 123 9,4715,0.5622924566268921,test,top_r_mean,0.0,0.5,0.5,0.25
0.027147401908801695,1.0,148,1.0,31,91.90180012956262,qasper,0.2857142857142857,0.25,0.07142857142857142,0.0,1912.03804:2ccc26e11df4eb26fcccdd1f446dc749aff5d572,mean,0.6006618863761721,0.07773849368095398,"[[13], [4], [26], [18], [15], [14], [10], [19], [1], [9], [14], [6], [8], [8], [31], [26], [26], [14], [27], [5], [3], [8], [29], [12], [28], [26], [8], [31], [23], [21], [30], [12], [28], [26], [5], [2], [0], [28], [31], [15], [3], [7], [13], [29], [20], [17], [10], [6], [19], [29], [28], [4], [11], [27], [14], [6], [7], [21], [8], [29], [28], [27], [6], [12], [22], [12], [4], [19], [10], [31], [27], [8], [31], [0], [14], [5], [15], [3], [15], [10], [6], [25], [6], [26], [23], [5], [21], [22], [6], [26], [31], [0], [26], [12], [20], [4], [17], [6], [20], [14], [1], [15], [14], [6], [26], [2], [2], [12], [16], [10], [27], [16], [23], [20], [0], [11], [26], [1], [18], [13], [22], [21], [2], [1], [15], [7], [1], [6], [18], [22], [30], [14], [11], [19], [5], [4], [23], [14], [4], [29], [13], [6], [27], [0], [7], [21], [13], [0]]",1,0.36714407801628113,128,greedy_oracle,0.25,2368,4.0,124,0.47623878717422485,0,27 99 98 13,4715,0.7928717732429504,test,top_r_mean,0.0,0.0,0.0,0.125
0.027147401908801695,0.0,148,0.0,31,91.8024000711739,qasper,0.2857142857142857,0.0,0.0,0.0,1912.03804:2ccc26e11df4eb26fcccdd1f446dc749aff5d572,mean,0.2645706931421217,0.5642371773719788,"[[16], [7], [22], [26], [18], [22], [0], [16], [18], [13], [17], [15], [27], [3], [9], [12], [10], [23], [18], [28], [31], [27], [10], [29], [28], [11], [29], [31], [17], [19], [18], [29], [18], [18], [20], [27], [21], [6], [13], [25], [6], [9], [9], [19], [21], [15], [24], [25], [11], [21], [25], [1], [23], [6], [14], [22], [19], [25], [2], [12], [27], [18], [7], [4], [0], [29], [3], [12], [4], [16], [27], [1], [28], [25], [23], [16], [8], [1], [23], [26], [13], [13], [10], [23], [28], [16], [10], [20], [7], [20], [22], [0], [19], [21], [31], [20], [6], [1], [14], [9], [23], [2], [22], [1], [9], [6], [3], [4], [0], [5], [18], [11], [3], [1], [10], [30], [22], [12], [10], [25], [26], [14], [3], [2], [9], [28], [24], [18], [22], [22], [31], [31], [28], [24], [28], [27], [2], [4], [22], [16], [22], [3], [23], [24], [31], [15], [7], [9]]",1,1.2268470525741577,128,random,0.0,2368,4.0,124,1.3739503622055054,11,64 27 123 144,4715,0.3774343729019165,test,top_r_mean,1.0,0.5,0.25,0.375
0.027147401908801695,0.0,148,0.0,31,93.25590007938445,qasper,0.2857142857142857,0.0,0.0,0.0,1912.03804:2ccc26e11df4eb26fcccdd1f446dc749aff5d572,mean,0.20996506710792426,0.20679235458374023,"[[6], [0], [10], [3], [27], [17], [18], [25], [22], [24], [26], [13], [17], [7], [0], [24], [19], [19], [10], [21], [21], [24], [21], [1], [30], [4], [28], [5], [13], [13], [22], [29], [31], [21], [5], [19], [16], [2], [7], [22], [20], [7], [17], [21], [10], [15], [27], [18], [25], [4], [23], [6], [31], [14], [14], [3], [24], [13], [26], [31], [29], [6], [5], [29], [8], [29], [8], [5], [15], [18], [6], [3], [9], [26], [31], [0], [30], [2], [31], [24], [15], [18], [26], [25], [10], [26], [2], [2], [20], [17], [12], [11], [13], [0], [10], [5], [21], [10], [25], [5], [15], [7], [15], [14], [17], [0], [21], [24], [28], [2], [14], [31], [15], [25], [31], [19], [31], [29], [5], [28], [25], [29], [25], [20], [27], [16], [31], [15], [14], [29], [30], [2], [26], [20], [27], [28], [23], [31], [22], [3], [29], [3], [24], [0], [30], [9], [5], [1]]",1,1.227968692779541,128,random,0.0,2368,4.0,124,1.3978326320648193,23,136 64 59 27,4715,0.3074735701084137,test,top_r_mean,0.0,1.0,0.5,0.25
0.027147401908801695,1.0,148,1.0,31,94.47080013342202,qasper,0.2857142857142857,0.25,0.07142857142857142,0.0,1912.03804:2ccc26e11df4eb26fcccdd1f446dc749aff5d572,mean,0.26015811730097443,0.5757662057876587,"[[12], [25], [15], [3], [4], [20], [29], [4], [9], [24], [19], [20], [29], [21], [27], [10], [9], [17], [7], [29], [14], [28], [10], [24], [1], [1], [25], [14], [12], [22], [8], [26], [2], [11], [22], [10], [31], [12], [9], [7], [21], [14], [2], [13], [12], [20], [27], [24], [12], [13], [14], [8], [9], [23], [21], [24], [6], [20], [20], [14], [15], [14], [1], [12], [7], [8], [7], [11], [2], [2], [28], [28], [16], [23], [18], [25], [16], [11], [13], [28], [12], [25], [4], [31], [29], [14], [8], [13], [11], [8], [7], [13], [1], [17], [26], [12], [0], [8], [6], [31], [14], [19], [0], [15], [31], [29], [23], [23], [29], [11], [19], [8], [17], [26], [19], [27], [25], [0], [18], [16], [25], [27], [31], [19], [15], [17], [20], [10], [21], [1], [0], [12], [3], [15], [4], [22], [21], [16], [12], [18], [20], [6], [1], [1], [8], [22], [13], [7]]",1,1.1993076801300049,128,random,0.25,2368,4.0,124,1.36347234249115,37,96 141 144 9,4715,0.3836608827114105,test,top_r_mean,0.0,0.0,0.0,0.25
0.027147401908801695,1.0,148,1.0,31,115.05439993925393,qasper,0.2857142857142857,0.25,0.07142857142857142,0.0,1912.03804:2ccc26e11df4eb26fcccdd1f446dc749aff5d572,mean,0.18808604522890238,0.2115945965051651,"[[26], [26], [17], [31], [18], [24], [2], [16], [26], [9], [25], [1], [5], [20], [23], [5], [10], [24], [14], [6], [6], [31], [13], [22], [24], [21], [15], [2], [15], [18], [17], [13], [25], [18], [24], [14], [5], [5], [15], [13], [19], [26], [8], [1], [9], [12], [22], [9], [25], [11], [25], [29], [7], [24], [22], [29], [27], [11], [31], [3], [26], [15], [26], [16], [20], [2], [20], [14], [18], [14], [22], [8], [26], [10], [17], [1], [22], [22], [27], [11], [10], [16], [28], [5], [9], [25], [28], [24], [12], [3], [18], [0], [8], [1], [12], [13], [13], [22], [4], [25], [17], [12], [2], [27], [24], [2], [11], [10], [28], [3], [16], [8], [10], [3], [10], [5], [21], [28], [10], [18], [5], [9], [3], [20], [12], [23], [7], [1], [10], [6], [11], [2], [21], [13], [13], [18], [16], [12], [14], [5], [8], [13], [13], [8], [2], [13], [18], [9]]",1,1.2234761714935303,128,random,1.0,2368,4.0,124,1.391396164894104,53,9 72 71 114,4715,0.27224332094192505,test,top_r_mean,0.0,0.0,0.0,0.375
0.027147401908801695,1.0,148,1.0,31,92.56320004351437,qasper,0.2857142857142857,0.25,0.07142857142857142,0.0,1912.03804:2ccc26e11df4eb26fcccdd1f446dc749aff5d572,mean,0.23166023166023167,0.6173269748687744,"[[2], [9], [1], [4], [24], [27], [30], [8], [0], [17], [23], [7], [19], [12], [25], [6], [14], [7], [0], [11], [16], [19], [14], [26], [26], [4], [20], [18], [0], [15], [10], [17], [18], [27], [27], [10], [2], [2], [9], [29], [15], [17], [10], [5], [11], [21], [27], [0], [16], [16], [27], [6], [2], [23], [11], [10], [1], [11], [26], [21], [14], [7], [6], [28], [26], [27], [30], [18], [31], [21], [0], [2], [18], [4], [1], [1], [26], [18], [16], [16], [8], [23], [2], [22], [4], [28], [27], [5], [13], [20], [15], [22], [10], [30], [11], [23], [16], [30], [14], [22], [25], [21], [31], [10], [10], [4], [20], [5], [26], [4], [9], [10], [22], [0], [20], [24], [16], [31], [1], [23], [25], [16], [19], [18], [17], [30], [8], [30], [1], [7], [2], [29], [23], [15], [31], [10], [4], [10], [29], [4], [28], [2], [13], [15], [2], [10], [1], [3]]",1,1.3142389059066772,128,random,1.0,2368,4.0,124,1.4969589710235596,71,8 128 136 27,4715,0.3311097323894501,test,top_r_mean,0.0,0.0,0.5,0.25
0.027147401908801695,1.0,148,1.0,31,93.96910015493631,qasper,0.2857142857142857,0.5,0.14285714285714285,0.0,1912.03804:2ccc26e11df4eb26fcccdd1f446dc749aff5d572,mean,0.19709505423791138,0.22328996658325195,"[[24, 25], [24, 25], [24, 25], [24, 25], [24, 25], [24, 25], [24, 25], [24, 25], [24, 25], [24, 25], [24, 25], [24, 25], [24, 25], [24, 25], [24, 25], [24, 25], [24, 25], [24, 25], [24, 25], [24, 25], [24, 25], [24, 25], [24, 25], [24, 25], [24, 25], [24, 25], [24, 25], [24, 25], [24, 25], [24, 25], [24, 25], [24, 25], [24, 25], [24, 25], [24, 25], [24, 25], [24, 25], [24, 25], [24, 25], [24, 25], [24, 25], [24, 25], [24, 25], [24, 25], [24, 25], [24, 25], [24, 25], [24, 25], [24, 25], [24, 25], [24, 25], [24, 25], [24, 25], [24, 25], [24, 25], [24, 25], [24, 25], [24, 25], [24, 25], [24, 25], [24, 25], [24, 25], [24, 25], [24, 25], [24, 25], [24, 25], [24, 25], [24, 25], [24, 25], [24, 25], [24, 25], [24, 25], [24, 25], [24, 25], [24, 25], [24, 25], [24, 25], [24, 25], [24, 25], [24, 25], [24, 25], [24, 25], [24, 25], [24, 25], [24, 25], [24, 25], [24, 25], [24, 25], [24, 25], [24, 25], [24, 25], [24, 25], [24, 25], [24, 25], [24, 25], [24, 25], [24, 25], [24, 25], [24, 25], [24, 25], [24, 25], [24, 25], [24, 25], [24, 25], [24, 25], [24, 25], [24, 25], [24, 25], [24, 25], [24, 25], [24, 25], [24, 25], [24, 25], [24, 25], [24, 25], [24, 25], [24, 25], [24, 25], [24, 25], [24, 25], [24, 25], [24, 25], [24, 25], [24, 25], [24, 25], [24, 25], [24, 25], [24, 25], [24, 25], [24, 25], [24, 25], [24, 25], [24, 25], [24, 25], [24, 25], [24, 25], [24, 25], [24, 25], [24, 25], [24, 25], [24, 25], [24, 25], [24, 25], [24, 25], [24, 25], [24, 25], [24, 25], [3, 4]]",2,1.3001408576965332,128,last,1.0,4736,4.0,124,1.44579017162323,0,1 64 136 9,4715,0.2769520580768585,test,top_r_mean,0.0,0.5,0.5,0.25
0.027147401908801695,0.0,148,0.0,31,89.7592999972403,qasper,0.2857142857142857,0.0,0.0,0.0,1912.03804:2ccc26e11df4eb26fcccdd1f446dc749aff5d572,mean,0.34951277808420667,0.4912507236003876,"[[20, 0], [15, 6], [6, 2], [4, 16], [11, 28], [17, 2], [30, 15], [0, 7], [14, 0], [24, 8], [6, 3], [9, 14], [18, 14], [23, 15], [12, 29], [5, 8], [17, 0], [17, 19], [15, 5], [8, 1], [23, 21], [6, 22], [21, 29], [13, 31], [30, 0], [1, 9], [17, 6], [18, 9], [5, 11], [4, 10], [15, 26], [5, 24], [17, 0], [14, 24], [12, 3], [26, 10], [10, 25], [14, 4], [4, 2], [10, 13], [22, 0], [24, 4], [27, 10], [13, 21], [16, 24], [22, 6], [17, 16], [19, 15], [25, 0], [28, 2], [20, 23], [10, 27], [5, 13], [30, 0], [9, 23], [2, 21], [18, 0], [23, 1], [22, 26], [7, 16], [10, 27], [11, 5], [20, 29], [1, 25], [18, 0], [29, 0], [10, 19], [25, 10], [3, 6], [19, 26], [18, 22], [11, 1], [10, 0], [24, 27], [31, 10], [15, 1], [17, 3], [5, 20], [28, 26], [22, 16], [12, 0], [16, 3], [20, 15], [11, 22], [29, 17], [8, 1], [4, 11], [3, 1], [11, 0], [22, 20], [8, 24], [24, 6], [12, 3], [14, 28], [12, 4], [10, 6], [13, 0], [6, 1], [14, 31], [7, 26], [1, 21], [6, 4], [25, 9], [12, 17], [30, 0], [6, 26], [15, 24], [21, 8], [18, 1], [13, 12], [11, 22], [4, 30], [19, 0], [22, 18], [6, 26], [27, 19], [15, 24], [2, 17], [6, 28], [31, 10], [11, 0], [2, 25], [27, 15], [15, 28], [11, 7], [23, 18], [25, 7], [17, 10], [19, 0], [30, 7], [0, 16], [24, 12], [3, 15], [19, 18], [17, 2], [22, 20], [9, 0], [29, 9], [19, 4], [19, 7], [28, 11], [11, 8], [5, 19], [20, 17], [5, 0], [11, 9], [18, 11], [5, 10]]",2,1.418642282485962,128,farthest,0.0,4736,4.0,124,1.5436292886734009,0,136 128 64 120,4715,0.4883558750152588,test,top_r_mean,0.0,0.5,0.75,0.75
0.027147401908801695,0.0,148,0.0,31,98.3466999605298,qasper,0.2857142857142857,0.0,0.0,0.0,1912.03804:2ccc26e11df4eb26fcccdd1f446dc749aff5d572,mean,0.7420481706195992,0.11227335035800934,"[[13, 0], [4, 24], [26, 27], [18, 19], [15, 30], [14, 0], [10, 31], [19, 0], [1, 0], [9, 23], [14, 15], [6, 18], [8, 17], [8, 31], [31, 18], [26, 3], [26, 0], [14, 22], [27, 12], [5, 17], [3, 26], [8, 26], [29, 30], [12, 13], [28, 0], [26, 4], [8, 9], [31, 16], [23, 1], [21, 22], [30, 6], [12, 5], [28, 0], [26, 6], [5, 20], [2, 13], [0, 2], [28, 31], [31, 4], [15, 16], [3, 0], [7, 19], [13, 20], [29, 5], [20, 8], [17, 19], [10, 9], [6, 5], [19, 0], [29, 30], [28, 6], [4, 0], [11, 0], [27, 12], [14, 5], [6, 5], [7, 0], [21, 6], [8, 10], [29, 31], [28, 6], [27, 29], [6, 25], [12, 13], [22, 0], [12, 2], [4, 5], [19, 17], [10, 12], [31, 10], [27, 19], [8, 0], [31, 0], [0, 16], [14, 13], [5, 15], [15, 21], [3, 2], [15, 10], [10, 9], [6, 0], [25, 28], [6, 7], [26, 0], [23, 29], [5, 31], [21, 29], [22, 31], [6, 0], [26, 1], [31, 5], [0, 5], [26, 28], [12, 30], [20, 15], [4, 10], [17, 0], [6, 14], [20, 3], [14, 15], [1, 0], [15, 25], [14, 15], [6, 8], [26, 0], [2, 3], [2, 26], [12, 26], [16, 30], [10, 31], [27, 1], [16, 15], [23, 0], [20, 1], [0, 2], [11, 26], [26, 10], [1, 31], [18, 17], [13, 15], [22, 0], [21, 2], [2, 3], [1, 2], [15, 18], [7, 10], [1, 2], [6, 22], [18, 0], [22, 8], [30, 29], [14, 30], [11, 0], [19, 23], [5, 4], [4, 1], [23, 0], [14, 15], [4, 6], [29, 4], [13, 16], [6, 7], [27, 29], [0, 9], [7, 0], [21, 0], [13, 7], [0, 10]]",2,0.36315107345581055,128,greedy_oracle,0.0,4736,4.0,124,0.3936348557472229,0,136 32 72 112,4715,0.8982627391815186,test,top_r_mean,0.0,0.5,0.5,0.625
0.027147401908801695,0.0,148,0.0,31,94.46789999492466,qasper,0.2857142857142857,0.0,0.0,0.0,1912.03804:2ccc26e11df4eb26fcccdd1f446dc749aff5d572,mean,0.28608200036771464,0.18274694681167603,"[[16, 6], [7, 4], [22, 12], [26, 21], [18, 23], [22, 15], [0, 28], [16, 26], [18, 20], [13, 2], [17, 22], [15, 21], [27, 26], [3, 20], [9, 12], [12, 21], [10, 26], [23, 28], [18, 21], [28, 14], [31, 3], [27, 12], [10, 31], [29, 6], [28, 6], [11, 19], [29, 23], [31, 28], [17, 24], [19, 20], [18, 12], [29, 30], [18, 0], [18, 0], [20, 13], [27, 10], [21, 25], [6, 25], [13, 8], [25, 21], [6, 7], [9, 7], [9, 25], [19, 17], [21, 26], [15, 28], [24, 17], [25, 21], [11, 13], [21, 25], [25, 7], [1, 7], [23, 29], [6, 17], [14, 15], [22, 26], [19, 12], [25, 5], [2, 26], [12, 27], [27, 5], [18, 15], [7, 2], [4, 0], [0, 28], [29, 20], [3, 15], [12, 15], [4, 18], [16, 4], [27, 10], [1, 15], [28, 17], [25, 8], [23, 4], [16, 24], [8, 17], [1, 29], [23, 30], [26, 8], [13, 22], [13, 20], [10, 30], [23, 1], [28, 9], [16, 31], [10, 24], [20, 22], [7, 24], [20, 18], [22, 0], [0, 22], [19, 14], [21, 3], [31, 14], [20, 3], [6, 4], [1, 15], [14, 22], [9, 11], [23, 5], [2, 26], [22, 27], [1, 30], [9, 14], [6, 19], [3, 0], [4, 14], [0, 6], [5, 27], [18, 24], [11, 31], [3, 30], [1, 9], [10, 4], [30, 10], [22, 21], [12, 29], [10, 28], [25, 8], [26, 20], [14, 1], [3, 28], [2, 13], [9, 8], [28, 6], [24, 13], [18, 10], [22, 27], [22, 12], [31, 21], [31, 12], [28, 14], [24, 31], [28, 24], [27, 1], [2, 27], [4, 21], [22, 24], [16, 24], [22, 16], [3, 26], [23, 31], [24, 21], [31, 26], [15, 8], [7, 26], [9, 3]]",2,1.234620451927185,128,random,0.0,4736,4.0,124,1.3415616750717163,11,64 32 27 24,4715,0.4081558585166931,test,top_r_mean,1.0,0.5,0.5,0.25
0.027147401908801695,1.0,148,1.0,31,106.18690005503595,qasper,0.2857142857142857,0.25,0.07142857142857142,0.0,1912.03804:2ccc26e11df4eb26fcccdd1f446dc749aff5d572,mean,0.3213826070968928,0.18175767362117767,"[[6, 29], [0, 24], [10, 4], [3, 8], [27, 17], [17, 11], [18, 30], [25, 2], [22, 4], [24, 29], [26, 19], [13, 1], [17, 12], [7, 11], [0, 5], [24, 18], [19, 18], [19, 2], [10, 31], [21, 22], [21, 18], [24, 31], [21, 27], [1, 29], [30, 20], [4, 26], [28, 4], [5, 18], [13, 2], [13, 2], [22, 26], [29, 17], [31, 18], [21, 17], [5, 6], [19, 0], [16, 26], [2, 20], [7, 9], [22, 2], [20, 13], [7, 11], [17, 11], [21, 11], [10, 26], [15, 22], [27, 3], [18, 8], [25, 31], [4, 8], [23, 15], [6, 14], [31, 22], [14, 10], [14, 7], [3, 28], [24, 6], [13, 3], [26, 10], [31, 19], [29, 7], [6, 9], [5, 0], [29, 10], [8, 25], [29, 10], [8, 11], [5, 1], [15, 30], [18, 19], [6, 10], [3, 22], [9, 24], [26, 9], [31, 26], [0, 21], [30, 8], [2, 0], [31, 2], [24, 4], [15, 7], [18, 4], [26, 4], [25, 13], [10, 30], [26, 15], [2, 13], [2, 30], [20, 0], [17, 8], [12, 28], [11, 2], [13, 8], [0, 3], [10, 12], [5, 1], [21, 28], [10, 1], [25, 21], [5, 29], [15, 12], [7, 11], [15, 1], [14, 30], [17, 2], [0, 29], [21, 19], [24, 25], [28, 2], [2, 1], [14, 16], [31, 16], [15, 16], [25, 27], [31, 15], [19, 24], [31, 26], [29, 3], [5, 7], [28, 2], [25, 10], [29, 15], [25, 30], [20, 2], [27, 7], [16, 2], [31, 18], [15, 19], [14, 0], [29, 9], [30, 26], [2, 30], [26, 20], [20, 6], [27, 8], [28, 21], [23, 5], [31, 14], [22, 9], [3, 11], [29, 0], [3, 2], [24, 18], [0, 29], [30, 17], [9, 24], [5, 17], [1, 6]]",2,1.1858397722244263,128,random,0.25,4736,4.0,124,1.2955931425094604,23,128 88 27 9,4715,0.45033812522888184,test,top_r_mean,0.0,0.0,0.25,0.375
0.027147401908801695,1.0,148,1.0,31,90.33020003698766,qasper,0.2857142857142857,0.5,0.14285714285714285,0.0,1912.03804:2ccc26e11df4eb26fcccdd1f446dc749aff5d572,mean,0.310902739474168,0.19634142518043518,"[[12, 2], [25, 4], [15, 13], [3, 19], [4, 9], [20, 2], [29, 14], [4, 26], [9, 29], [24, 30], [19, 3], [20, 2], [29, 0], [21, 24], [27, 29], [10, 7], [9, 31], [17, 22], [7, 29], [29, 20], [14, 22], [28, 27], [10, 5], [24, 30], [1, 5], [1, 29], [25, 20], [14, 24], [12, 19], [22, 27], [8, 4], [26, 19], [2, 21], [11, 31], [22, 6], [10, 14], [31, 20], [12, 31], [9, 20], [7, 22], [21, 29], [14, 30], [2, 4], [13, 30], [12, 27], [20, 11], [27, 5], [24, 22], [12, 4], [13, 6], [14, 6], [8, 11], [9, 0], [23, 1], [21, 11], [24, 4], [6, 5], [20, 11], [20, 8], [14, 0], [15, 17], [14, 12], [1, 4], [12, 28], [7, 2], [8, 3], [7, 27], [11, 10], [2, 14], [2, 31], [28, 26], [28, 9], [16, 12], [23, 17], [18, 31], [25, 18], [16, 12], [11, 28], [13, 30], [28, 10], [12, 29], [25, 5], [4, 22], [31, 24], [29, 9], [14, 23], [8, 19], [13, 17], [11, 15], [8, 6], [7, 21], [13, 19], [1, 7], [17, 19], [26, 13], [12, 18], [0, 25], [8, 2], [6, 14], [31, 25], [14, 3], [19, 1], [0, 11], [15, 7], [31, 7], [29, 9], [23, 8], [23, 19], [29, 15], [11, 20], [19, 7], [8, 16], [17, 5], [26, 23], [19, 11], [27, 30], [25, 10], [0, 3], [18, 2], [16, 23], [25, 7], [27, 13], [31, 22], [19, 0], [15, 24], [17, 0], [20, 26], [10, 18], [21, 0], [1, 14], [0, 26], [12, 3], [3, 7], [15, 23], [4, 22], [22, 17], [21, 25], [16, 23], [12, 13], [18, 2], [20, 28], [6, 4], [1, 23], [1, 18], [8, 24], [22, 6], [13, 19], [7, 3]]",2,1.1472222805023193,128,random,0.3333333333333333,4736,4.0,124,1.2745391130447388,37,128 96 1 9,4715,0.45402514934539795,test,top_r_mean,0.0,0.0,0.25,0.25
0.027147401908801695,0.0,148,0.0,31,90.37930006161332,qasper,0.2857142857142857,0.0,0.0,0.0,1912.03804:2ccc26e11df4eb26fcccdd1f446dc749aff5d572,mean,0.2581356867071153,0.1549730896949768,"[[26, 28], [26, 25], [17, 27], [31, 16], [18, 24], [24, 26], [2, 11], [16, 7], [26, 24], [9, 3], [25, 17], [1, 10], [5, 14], [20, 26], [23, 20], [5, 20], [10, 16], [24, 28], [14, 29], [6, 7], [6, 31], [31, 23], [13, 22], [22, 4], [24, 17], [21, 30], [15, 7], [2, 5], [15, 28], [18, 22], [17, 24], [13, 21], [25, 1], [18, 11], [24, 3], [14, 15], [5, 0], [5, 17], [15, 24], [13, 24], [19, 5], [26, 1], [8, 26], [1, 23], [9, 14], [12, 19], [22, 2], [9, 16], [25, 31], [11, 1], [25, 12], [29, 30], [7, 16], [24, 28], [22, 5], [29, 30], [27, 18], [11, 10], [31, 26], [3, 30], [26, 16], [15, 21], [26, 10], [16, 27], [20, 23], [2, 29], [20, 6], [14, 29], [18, 27], [14, 10], [22, 12], [8, 0], [26, 5], [10, 17], [17, 19], [1, 8], [22, 30], [22, 0], [27, 7], [11, 14], [10, 9], [16, 10], [28, 7], [5, 18], [9, 21], [25, 13], [28, 16], [24, 4], [12, 3], [3, 11], [18, 13], [0, 19], [8, 28], [1, 6], [12, 17], [13, 22], [13, 5], [22, 4], [4, 15], [25, 3], [17, 10], [12, 28], [2, 26], [27, 6], [24, 6], [2, 7], [11, 12], [10, 2], [28, 19], [3, 27], [16, 31], [8, 30], [10, 4], [3, 23], [10, 5], [5, 13], [21, 31], [28, 10], [10, 28], [18, 24], [5, 13], [9, 2], [3, 26], [20, 18], [12, 8], [23, 6], [7, 8], [1, 19], [10, 2], [6, 5], [11, 3], [2, 6], [21, 6], [13, 16], [13, 12], [18, 6], [16, 24], [12, 27], [14, 13], [5, 15], [8, 26], [13, 16], [13, 8], [8, 27], [2, 18], [13, 12], [18, 7], [9, 7]]",2,1.2429616451263428,128,random,0.0,4736,4.0,124,1.3461154699325562,53,103 71 146 114,4715,0.38105109333992004,test,top_r_mean,0.0,0.0,0.0,0.125
0.027147401908801695,1.0,148,1.0,31,101.26569983549416,qasper,0.2857142857142857,0.25,0.07142857142857142,0.0,1912.03804:2ccc26e11df4eb26fcccdd1f446dc749aff5d572,mean,0.32340503769075196,0.20532646775245667,"[[2, 28], [9, 8], [1, 17], [4, 20], [24, 28], [27, 19], [30, 18], [8, 17], [0, 6], [17, 13], [23, 0], [7, 0], [19, 23], [12, 9], [25, 11], [6, 7], [14, 30], [7, 6], [0, 10], [11, 0], [16, 18], [19, 21], [14, 25], [26, 25], [26, 19], [4, 8], [20, 21], [18, 6], [0, 28], [15, 27], [10, 6], [17, 7], [18, 27], [27, 4], [27, 2], [10, 27], [2, 26], [2, 6], [9, 24], [29, 3], [15, 26], [17, 14], [10, 21], [5, 26], [11, 6], [21, 28], [27, 4], [0, 26], [16, 22], [16, 20], [27, 21], [6, 27], [2, 5], [23, 8], [11, 18], [10, 31], [1, 29], [11, 6], [26, 10], [21, 29], [14, 0], [7, 29], [6, 2], [28, 14], [26, 14], [27, 13], [30, 28], [18, 28], [31, 4], [21, 0], [0, 8], [2, 9], [18, 2], [4, 23], [1, 23], [1, 4], [26, 28], [18, 27], [16, 20], [16, 26], [8, 3], [23, 27], [2, 13], [22, 8], [4, 17], [28, 1], [27, 18], [5, 10], [13, 12], [20, 29], [15, 3], [22, 23], [10, 18], [30, 2], [11, 5], [23, 13], [16, 21], [30, 24], [14, 16], [22, 17], [25, 17], [21, 4], [31, 10], [10, 23], [10, 3], [4, 27], [20, 2], [5, 22], [26, 23], [4, 11], [9, 29], [10, 29], [22, 29], [0, 3], [20, 0], [24, 5], [16, 23], [31, 22], [1, 24], [23, 25], [25, 2], [16, 1], [19, 8], [18, 26], [17, 2], [30, 20], [8, 7], [30, 2], [1, 15], [7, 1], [2, 5], [29, 1], [23, 28], [15, 24], [31, 25], [10, 8], [4, 6], [10, 31], [29, 27], [4, 11], [28, 22], [2, 4], [13, 20], [15, 30], [2, 13], [10, 9], [1, 30], [3, 4]]",2,1.2891618013381958,128,random,1.0,4736,4.0,124,1.3941607475280762,71,8 114 33 118,4715,0.4670000374317169,test,top_r_mean,0.0,0.0,0.0,0.0
0.027147401908801695,1.0,148,1.0,31,105.00790015794337,qasper,0.2857142857142857,0.25,0.07142857142857142,0.0,1912.03804:2ccc26e11df4eb26fcccdd1f446dc749aff5d572,mean,0.26971869829012685,0.1789872944355011,"[[24, 25, 26, 27], [24, 25, 26, 27], [24, 25, 26, 27], [24, 25, 26, 27], [24, 25, 26, 27], [24, 25, 26, 27], [24, 25, 26, 27], [24, 25, 26, 27], [24, 25, 26, 27], [24, 25, 26, 27], [24, 25, 26, 27], [24, 25, 26, 27], [24, 25, 26, 27], [24, 25, 26, 27], [24, 25, 26, 27], [24, 25, 26, 27], [24, 25, 26, 27], [24, 25, 26, 27], [24, 25, 26, 27], [24, 25, 26, 27], [24, 25, 26, 27], [24, 25, 26, 27], [24, 25, 26, 27], [24, 25, 26, 27], [24, 25, 26, 27], [24, 25, 26, 27], [24, 25, 26, 27], [24, 25, 26, 27], [24, 25, 26, 27], [24, 25, 26, 27], [24, 25, 26, 27], [24, 25, 26, 27], [24, 25, 26, 27], [24, 25, 26, 27], [24, 25, 26, 27], [24, 25, 26, 27], [24, 25, 26, 27], [24, 25, 26, 27], [24, 25, 26, 27], [24, 25, 26, 27], [24, 25, 26, 27], [24, 25, 26, 27], [24, 25, 26, 27], [24, 25, 26, 27], [24, 25, 26, 27], [24, 25, 26, 27], [24, 25, 26, 27], [24, 25, 26, 27], [24, 25, 26, 27], [24, 25, 26, 27], [24, 25, 26, 27], [24, 25, 26, 27], [24, 25, 26, 27], [24, 25, 26, 27], [24, 25, 26, 27], [24, 25, 26, 27], [24, 25, 26, 27], [24, 25, 26, 27], [24, 25, 26, 27], [24, 25, 26, 27], [24, 25, 26, 27], [24, 25, 26, 27], [24, 25, 26, 27], [24, 25, 26, 27], [24, 25, 26, 27], [24, 25, 26, 27], [24, 25, 26, 27], [24, 25, 26, 27], [24, 25, 26, 27], [24, 25, 26, 27], [24, 25, 26, 27], [24, 25, 26, 27], [24, 25, 26, 27], [24, 25, 26, 27], [24, 25, 26, 27], [24, 25, 26, 27], [24, 25, 26, 27], [24, 25, 26, 27], [24, 25, 26, 27], [24, 25, 26, 27], [24, 25, 26, 27], [24, 25, 26, 27], [24, 25, 26, 27], [24, 25, 26, 27], [24, 25, 26, 27], [24, 25, 26, 27], [24, 25, 26, 27], [24, 25, 26, 27], [24, 25, 26, 27], [24, 25, 26, 27], [24, 25, 26, 27], [24, 25, 26, 27], [24, 25, 26, 27], [24, 25, 26, 27], [24, 25, 26, 27], [24, 25, 26, 27], [24, 25, 26, 27], [24, 25, 26, 27], [24, 25, 26, 27], [24, 25, 26, 27], [24, 25, 26, 27], [24, 25, 26, 27], [24, 25, 26, 27], [24, 25, 26, 27], [24, 25, 26, 27], [24, 25, 26, 27], [24, 25, 26, 27], [24, 25, 26, 27], [24, 25, 26, 27], [24, 25, 26, 27], [24, 25, 26, 27], [24, 25, 26, 27], [24, 25, 26, 27], [24, 25, 26, 27], [24, 25, 26, 27], [24, 25, 26, 27], [24, 25, 26, 27], [24, 25, 26, 27], [24, 25, 26, 27], [24, 25, 26, 27], [24, 25, 26, 27], [24, 25, 26, 27], [24, 25, 26, 27], [24, 25, 26, 27], [24, 25, 26, 27], [24, 25, 26, 27], [24, 25, 26, 27], [24, 25, 26, 27], [24, 25, 26, 27], [24, 25, 26, 27], [24, 25, 26, 27], [24, 25, 26, 27], [24, 25, 26, 27], [24, 25, 26, 27], [24, 25, 26, 27], [24, 25, 26, 27], [24, 25, 26, 27], [24, 25, 26, 27], [24, 25, 26, 27], [24, 25, 26, 27], [24, 25, 26, 27], [24, 25, 26, 27], [24, 25, 26, 27], [24, 25, 26, 27], [24, 25, 26, 27], [24, 25, 26, 27], [24, 25, 26, 27], [3, 4, 5, 6]]",4,1.2740920782089233,128,last,0.25,9472,4.0,124,1.3827394247055054,0,136 98 123 9,4715,0.3801441192626953,test,top_r_mean,0.0,0.5,0.25,0.125
0.027147401908801695,0.0,148,0.0,31,104.35019992291927,qasper,0.2857142857142857,0.0,0.0,0.0,1912.03804:2ccc26e11df4eb26fcccdd1f446dc749aff5d572,mean,0.42526199669056813,0.08474034816026688,"[[20, 0, 11, 17], [15, 6, 5, 21], [6, 2, 16, 1], [4, 16, 29, 1], [11, 28, 31, 19], [17, 2, 9, 6], [30, 15, 5, 26], [0, 7, 20, 25], [14, 0, 3, 23], [24, 8, 4, 9], [6, 3, 28, 23], [9, 14, 7, 11], [18, 14, 7, 30], [23, 15, 18, 26], [12, 29, 28, 30], [5, 8, 27, 10], [17, 0, 8, 31], [17, 19, 18, 27], [15, 5, 22, 27], [8, 1, 30, 11], [23, 21, 1, 4], [6, 22, 13, 21], [21, 29, 11, 9], [13, 31, 22, 21], [30, 0, 2, 25], [1, 9, 29, 28], [17, 6, 5, 14], [18, 9, 6, 15], [5, 11, 15, 30], [4, 10, 17, 16], [15, 26, 7, 10], [5, 24, 9, 31], [17, 0, 22, 23], [14, 24, 13, 3], [12, 3, 7, 30], [26, 10, 1, 11], [10, 25, 21, 30], [14, 4, 26, 16], [4, 2, 1, 0], [10, 13, 29, 3], [22, 0, 29, 4], [24, 4, 23, 9], [27, 10, 22, 14], [13, 21, 29, 7], [16, 24, 28, 4], [22, 6, 30, 21], [17, 16, 13, 24], [19, 15, 26, 27], [25, 0, 11, 31], [28, 2, 29, 31], [20, 23, 1, 7], [10, 27, 26, 9], [5, 13, 29, 14], [30, 0, 5, 2], [9, 23, 15, 6], [2, 21, 7, 12], [18, 0, 8, 28], [23, 1, 30, 0], [22, 26, 8, 1], [7, 16, 26, 6], [10, 27, 29, 7], [11, 5, 15, 10], [20, 29, 31, 24], [1, 25, 31, 19], [18, 0, 26, 6], [29, 0, 17, 22], [10, 19, 24, 4], [25, 10, 1, 13], [3, 6, 26, 10], [19, 26, 9, 13], [18, 22, 30, 11], [11, 1, 23, 7], [10, 0, 8, 5], [24, 27, 9, 16], [31, 10, 9, 5], [15, 1, 7, 17], [17, 3, 0, 15], [5, 20, 10, 1], [28, 26, 5, 12], [22, 16, 26, 30], [12, 0, 1, 8], [16, 3, 24, 5], [20, 15, 12, 29], [11, 22, 14, 5], [29, 17, 7, 6], [8, 1, 26, 2], [4, 11, 24, 31], [3, 1, 22, 29], [11, 0, 8, 5], [22, 20, 13, 19], [8, 24, 28, 3], [24, 6, 1, 25], [12, 3, 22, 27], [14, 28, 23, 27], [12, 4, 1, 9], [10, 6, 21, 22], [13, 0, 28, 31], [6, 1, 20, 0], [14, 31, 22, 2], [7, 26, 14, 13], [1, 21, 9, 16], [6, 4, 17, 5], [25, 9, 0, 5], [12, 17, 28, 25], [30, 0, 25, 24], [6, 26, 17, 1], [15, 24, 26, 19], [21, 8, 19, 15], [18, 1, 31, 27], [13, 12, 16, 9], [11, 22, 23, 24], [4, 30, 22, 27], [19, 0, 21, 25], [22, 18, 10, 21], [6, 26, 18, 31], [27, 19, 13, 21], [15, 24, 11, 14], [2, 17, 12, 9], [6, 28, 21, 30], [31, 10, 0, 20], [11, 0, 20, 26], [2, 25, 0, 15], [27, 15, 23, 21], [15, 28, 31, 1], [11, 7, 9, 3], [23, 18, 5, 31], [25, 7, 26, 0], [17, 10, 1, 20], [19, 0, 25, 26], [30, 7, 9, 1], [0, 16, 25, 31], [24, 12, 26, 0], [3, 15, 10, 9], [19, 18, 0, 13], [17, 2, 9, 8], [22, 20, 10, 31], [9, 0, 16, 22], [29, 9, 7, 1], [19, 4, 12, 9], [19, 7, 0, 25], [28, 11, 25, 22], [11, 8, 6, 16], [5, 19, 28, 13], [20, 17, 10, 26], [5, 0, 27, 12], [11, 9, 5, 4], [18, 11, 2, 22], [5, 10, 7, 8]]",4,1.5703765153884888,128,farthest,0.0,9472,4.0,124,1.6274853944778442,0,88 136 64 24,4715,0.5886493921279907,test,top_r_mean,0.0,0.5,0.5,0.375
0.027147401908801695,0.0,148,0.0,31,102.90870000608265,qasper,0.2857142857142857,0.0,0.0,0.0,1912.03804:2ccc26e11df4eb26fcccdd1f446dc749aff5d572,mean,0.8025372311086597,0.0028479890897870064,"[[13, 0, 14, 1], [4, 24, 25, 15], [26, 27, 0, 6], [18, 19, 24, 20], [15, 30, 11, 1], [14, 0, 19, 5], [10, 31, 6, 11], [19, 0, 10, 9], [1, 0, 6, 4], [9, 23, 10, 24], [14, 15, 16, 17], [6, 18, 31, 8], [8, 17, 9, 12], [8, 31, 9, 29], [31, 18, 21, 1], [26, 3, 14, 0], [26, 0, 3, 1], [14, 22, 23, 17], [27, 12, 13, 16], [5, 17, 6, 18], [3, 26, 29, 28], [8, 26, 31, 27], [29, 30, 31, 17], [12, 13, 14, 1], [28, 0, 6, 1], [26, 4, 27, 30], [8, 9, 11, 10], [31, 16, 17, 5], [23, 1, 0, 9], [21, 22, 23, 26], [30, 6, 8, 31], [12, 5, 0, 2], [28, 0, 29, 10], [26, 6, 12, 17], [5, 20, 15, 21], [2, 13, 6, 4], [0, 2, 29, 4], [28, 31, 30, 14], [31, 4, 30, 5], [15, 16, 24, 19], [3, 0, 7, 5], [7, 19, 8, 24], [13, 20, 19, 18], [29, 5, 6, 10], [20, 8, 0, 11], [17, 19, 1, 25], [10, 9, 7, 17], [6, 5, 30, 7], [19, 0, 4, 3], [29, 30, 5, 31], [28, 6, 0, 3], [4, 0, 13, 3], [11, 0, 19, 5], [27, 12, 4, 30], [14, 5, 7, 31], [6, 5, 9, 4], [7, 0, 3, 1], [21, 6, 8, 14], [8, 10, 14, 18], [29, 31, 4, 0], [28, 6, 18, 0], [27, 29, 0, 11], [6, 25, 7, 24], [12, 13, 14, 15], [22, 0, 11, 16], [12, 2, 13, 3], [4, 5, 11, 10], [19, 17, 20, 21], [10, 12, 13, 19], [31, 10, 11, 30], [27, 19, 26, 16], [8, 0, 18, 10], [31, 0, 1, 26], [0, 16, 17, 1], [14, 13, 16, 17], [5, 15, 18, 26], [15, 21, 23, 17], [3, 2, 22, 23], [15, 10, 18, 17], [10, 9, 8, 11], [6, 0, 2, 30], [25, 28, 0, 30], [6, 7, 2, 20], [26, 0, 2, 3], [23, 29, 25, 10], [5, 31, 14, 13], [21, 29, 0, 10], [22, 31, 4, 24], [6, 0, 7, 27], [26, 1, 0, 28], [31, 5, 14, 7], [0, 5, 13, 8], [26, 28, 25, 30], [12, 30, 14, 13], [20, 15, 12, 28], [4, 10, 9, 11], [17, 0, 4, 30], [6, 14, 22, 13], [20, 3, 24, 26], [14, 15, 1, 2], [1, 0, 19, 4], [15, 25, 14, 9], [14, 15, 24, 16], [6, 8, 7, 23], [26, 0, 1, 10], [2, 3, 12, 4], [2, 26, 3, 27], [12, 26, 3, 18], [16, 30, 2, 31], [10, 31, 0, 13], [27, 1, 7, 29], [16, 15, 24, 25], [23, 0, 27, 31], [20, 1, 23, 22], [0, 2, 3, 29], [11, 26, 12, 27], [26, 10, 15, 9], [1, 31, 0, 7], [18, 17, 24, 0], [13, 15, 28, 27], [22, 0, 4, 23], [21, 2, 3, 28], [2, 3, 0, 5], [1, 2, 14, 15], [15, 18, 17, 19], [7, 10, 11, 19], [1, 2, 13, 3], [6, 22, 9, 23], [18, 0, 1, 19], [22, 8, 14, 20], [30, 29, 0, 1], [14, 30, 15, 3], [11, 0, 4, 2], [19, 23, 17, 26], [5, 4, 10, 25], [4, 1, 22, 18], [23, 0, 9, 3], [14, 15, 6, 16], [4, 6, 8, 30], [29, 4, 1, 2], [13, 16, 19, 14], [6, 7, 23, 9], [27, 29, 2, 30], [0, 9, 12, 20], [7, 0, 9, 31], [21, 0, 7, 6], [13, 7, 10, 8], [0, 10, 5, 3]]",4,0.4089233875274658,128,greedy_oracle,0.0,9472,4.0,124,0.41625291109085083,0,136 32 72 144,4715,0.9381757974624634,test,top_r_mean,0.0,0.5,0.5,1.0
0.027147401908801695,1.0,148,1.0,31,99.02439988218248,qasper,0.2857142857142857,0.25,0.07142857142857142,0.0,1912.03804:2ccc26e11df4eb26fcccdd1f446dc749aff5d572,mean,0.3015260158117301,0.12654584646224976,"[[16, 6, 0, 12], [7, 4, 6, 12], [22, 12, 27, 1], [26, 21, 18, 17], [18, 23, 15, 14], [22, 15, 26, 29], [0, 28, 15, 10], [16, 26, 10, 0], [18, 20, 24, 26], [13, 2, 1, 23], [17, 22, 12, 9], [15, 21, 12, 19], [27, 26, 24, 19], [3, 20, 2, 29], [9, 12, 8, 14], [12, 21, 15, 19], [10, 26, 31, 9], [23, 28, 31, 8], [18, 21, 12, 23], [28, 14, 8, 23], [31, 3, 16, 19], [27, 12, 11, 30], [10, 31, 20, 24], [29, 6, 31, 5], [28, 6, 29, 30], [11, 19, 23, 27], [29, 23, 14, 8], [31, 28, 15, 17], [17, 24, 3, 12], [19, 20, 4, 25], [18, 12, 30, 14], [29, 30, 8, 25], [18, 0, 28, 27], [18, 0, 28, 27], [20, 13, 27, 11], [27, 10, 3, 31], [21, 25, 4, 24], [6, 25, 26, 30], [13, 8, 25, 18], [25, 21, 23, 31], [6, 7, 18, 25], [9, 7, 22, 1], [9, 25, 26, 2], [19, 17, 10, 27], [21, 26, 14, 25], [15, 28, 12, 24], [24, 17, 12, 8], [25, 21, 11, 17], [11, 13, 18, 8], [21, 25, 2, 7], [25, 7, 1, 3], [1, 7, 23, 21], [23, 29, 25, 7], [6, 17, 29, 16], [14, 15, 19, 3], [22, 26, 15, 27], [19, 12, 9, 4], [25, 5, 22, 30], [2, 26, 30, 13], [12, 27, 26, 17], [27, 5, 24, 10], [18, 15, 9, 19], [7, 2, 1, 10], [4, 0, 8, 6], [0, 28, 17, 20], [29, 20, 13, 26], [3, 15, 6, 2], [12, 15, 3, 5], [4, 18, 17, 25], [16, 4, 17, 19], [27, 10, 29, 13], [1, 15, 20, 22], [28, 17, 20, 25], [25, 8, 18, 22], [23, 4, 30, 1], [16, 24, 2, 31], [8, 17, 15, 5], [1, 29, 30, 11], [23, 30, 10, 17], [26, 8, 22, 28], [13, 22, 2, 9], [13, 20, 31, 19], [10, 30, 24, 16], [23, 1, 19, 21], [28, 9, 0, 26], [16, 31, 1, 23], [10, 24, 30, 27], [20, 22, 5, 23], [7, 24, 5, 28], [20, 18, 9, 29], [22, 0, 2, 13], [0, 22, 15, 27], [19, 14, 29, 27], [21, 3, 8, 10], [31, 14, 1, 28], [20, 3, 23, 0], [6, 4, 9, 24], [1, 15, 22, 29], [14, 22, 23, 1], [9, 11, 14, 13], [23, 5, 27, 21], [2, 26, 15, 25], [22, 27, 17, 4], [1, 30, 8, 7], [9, 14, 15, 31], [6, 19, 8, 14], [3, 0, 22, 6], [4, 14, 3, 27], [0, 6, 2, 15], [5, 27, 4, 28], [18, 24, 23, 13], [11, 31, 1, 4], [3, 30, 25, 17], [1, 9, 17, 15], [10, 4, 17, 8], [30, 10, 8, 28], [22, 21, 11, 0], [12, 29, 18, 14], [10, 28, 16, 25], [25, 8, 21, 24], [26, 20, 18, 8], [14, 1, 2, 8], [3, 28, 9, 26], [2, 13, 15, 9], [9, 8, 3, 29], [28, 6, 26, 16], [24, 13, 8, 4], [18, 10, 21, 29], [22, 27, 5, 17], [22, 12, 5, 30], [31, 21, 9, 4], [31, 12, 26, 30], [28, 14, 2, 20], [24, 31, 4, 27], [28, 24, 19, 13], [27, 1, 26, 20], [2, 27, 13, 18], [4, 21, 13, 0], [22, 24, 16, 28], [16, 24, 30, 7], [22, 16, 4, 28], [3, 26, 18, 21], [23, 31, 30, 0], [24, 21, 9, 20], [31, 26, 17, 20], [15, 8, 19, 3], [7, 26, 8, 31], [9, 3, 10, 8]]",4,1.2053769826889038,128,random,0.3333333333333333,9472,4.0,124,1.2834129333496094,11,64 32 0 27,4715,0.4289008677005768,test,top_r_mean,1.0,0.5,0.5,0.25
0.027147401908801695,1.0,148,1.0,31,97.9108999017626,qasper,0.2857142857142857,0.25,0.07142857142857142,0.0,1912.03804:2ccc26e11df4eb26fcccdd1f446dc749aff5d572,mean,0.3813200956058099,0.12840738892555237,"[[6, 29, 17, 2], [0, 24, 11, 9], [10, 4, 7, 27], [3, 8, 5, 1], [27, 17, 0, 25], [17, 11, 25, 7], [18, 30, 27, 10], [25, 2, 5, 27], [22, 4, 15, 19], [24, 29, 11, 27], [26, 19, 31, 2], [13, 1, 2, 5], [17, 12, 18, 8], [7, 11, 23, 10], [0, 5, 14, 2], [24, 18, 26, 0], [19, 18, 12, 4], [19, 2, 18, 4], [10, 31, 29, 7], [21, 22, 25, 0], [21, 18, 5, 26], [24, 31, 17, 25], [21, 27, 20, 14], [1, 29, 26, 23], [30, 20, 10, 0], [4, 26, 15, 19], [28, 4, 0, 20], [5, 18, 22, 3], [13, 2, 29, 14], [13, 2, 30, 12], [22, 26, 15, 28], [29, 17, 19, 7], [31, 18, 24, 3], [21, 17, 25, 0], [5, 6, 2, 1], [19, 0, 23, 29], [16, 26, 7, 10], [2, 20, 13, 19], [7, 9, 11, 28], [22, 2, 26, 4], [20, 13, 3, 30], [7, 11, 26, 30], [17, 11, 25, 23], [21, 11, 23, 10], [10, 26, 3, 21], [15, 22, 29, 1], [27, 3, 17, 14], [18, 8, 5, 15], [25, 31, 1, 27], [4, 8, 20, 23], [23, 15, 7, 24], [6, 14, 17, 30], [31, 22, 21, 12], [14, 10, 4, 13], [14, 7, 18, 16], [3, 28, 19, 25], [24, 6, 7, 28], [13, 3, 1, 4], [26, 10, 23, 25], [31, 19, 12, 9], [29, 7, 23, 19], [6, 9, 10, 22], [5, 0, 4, 2], [29, 10, 21, 3], [8, 25, 28, 12], [29, 10, 21, 3], [8, 11, 29, 31], [5, 1, 24, 28], [15, 30, 10, 6], [18, 19, 12, 6], [6, 10, 9, 23], [3, 22, 24, 6], [9, 24, 4, 17], [26, 9, 12, 29], [31, 26, 21, 14], [0, 21, 14, 12], [30, 8, 0, 27], [2, 0, 24, 17], [31, 2, 29, 8], [24, 4, 30, 26], [15, 7, 19, 17], [18, 4, 16, 11], [26, 4, 25, 0], [25, 13, 30, 2], [10, 30, 19, 3], [26, 15, 27, 30], [2, 13, 28, 25], [2, 30, 8, 29], [20, 0, 31, 17], [17, 8, 29, 26], [12, 28, 11, 31], [11, 2, 20, 22], [13, 8, 12, 25], [0, 3, 5, 19], [10, 12, 31, 30], [5, 1, 15, 28], [21, 28, 3, 1], [10, 1, 4, 14], [25, 21, 2, 8], [5, 29, 7, 31], [15, 12, 23, 26], [7, 11, 26, 24], [15, 1, 27, 9], [14, 30, 8, 31], [17, 2, 18, 21], [0, 29, 28, 2], [21, 19, 4, 23], [24, 25, 19, 9], [28, 2, 7, 26], [2, 1, 24, 9], [14, 16, 0, 28], [31, 16, 17, 6], [15, 16, 21, 4], [25, 27, 9, 31], [31, 15, 5, 22], [19, 24, 2, 3], [31, 26, 9, 17], [29, 3, 22, 21], [5, 7, 6, 26], [28, 2, 11, 27], [25, 10, 5, 11], [29, 15, 18, 0], [25, 30, 22, 26], [20, 2, 6, 29], [27, 7, 18, 5], [16, 2, 15, 25], [31, 18, 5, 21], [15, 19, 30, 25], [14, 0, 5, 19], [29, 9, 3, 26], [30, 26, 4, 12], [2, 30, 21, 18], [26, 20, 22, 21], [20, 6, 19, 31], [27, 8, 30, 28], [28, 21, 30, 16], [23, 5, 31, 12], [31, 14, 3, 9], [22, 9, 0, 28], [3, 11, 13, 7], [29, 0, 31, 5], [3, 2, 11, 24], [24, 18, 28, 4], [0, 29, 18, 17], [30, 17, 12, 26], [9, 24, 10, 16], [5, 17, 29, 14], [1, 6, 4, 2]]",4,1.1873743534088135,128,random,0.25,9472,4.0,124,1.2663750648498535,23,128 24 88 9,4715,0.5126768946647644,test,top_r_mean,0.0,0.0,0.25,0.375
0.027147401908801695,0.0,148,0.0,31,110.55370001122355,qasper,0.2857142857142857,0.0,0.0,0.0,1912.03804:2ccc26e11df4eb26fcccdd1f446dc749aff5d572,mean,0.4254458540172826,0.10201861709356308,"[[12, 2, 22, 5], [25, 4, 28, 18], [15, 13, 5, 31], [3, 19, 29, 7], [4, 9, 25, 0], [20, 2, 5, 10], [29, 14, 0, 9], [4, 26, 30, 10], [9, 29, 5, 14], [24, 30, 22, 15], [19, 3, 18, 12], [20, 2, 9, 0], [29, 0, 27, 8], [21, 24, 25, 12], [27, 29, 3, 13], [10, 7, 6, 3], [9, 31, 17, 5], [17, 22, 3, 12], [7, 29, 6, 13], [29, 20, 27, 16], [14, 22, 6, 1], [28, 27, 1, 31], [10, 5, 23, 21], [24, 30, 31, 21], [1, 5, 9, 18], [1, 29, 31, 25], [25, 20, 17, 29], [14, 24, 19, 23], [12, 19, 3, 4], [22, 27, 7, 2], [8, 4, 11, 20], [26, 19, 14, 18], [2, 21, 16, 3], [11, 31, 4, 30], [22, 6, 31, 15], [10, 14, 18, 5], [31, 20, 22, 3], [12, 31, 6, 30], [9, 20, 2, 24], [7, 22, 17, 6], [21, 29, 3, 9], [14, 30, 6, 19], [2, 4, 31, 21], [13, 30, 21, 4], [12, 27, 20, 29], [20, 11, 0, 25], [27, 5, 21, 6], [24, 22, 2, 3], [12, 4, 7, 30], [13, 6, 11, 21], [14, 6, 16, 20], [8, 11, 3, 16], [9, 0, 28, 23], [23, 1, 5, 28], [21, 11, 13, 23], [24, 4, 16, 29], [6, 5, 31, 0], [20, 11, 5, 13], [20, 8, 9, 14], [14, 0, 30, 3], [15, 17, 25, 27], [14, 12, 17, 26], [1, 4, 16, 10], [12, 28, 0, 15], [7, 2, 25, 22], [8, 3, 19, 13], [7, 27, 5, 23], [11, 10, 13, 26], [2, 14, 19, 27], [2, 31, 17, 16], [28, 26, 8, 1], [28, 9, 31, 29], [16, 12, 4, 3], [23, 17, 25, 30], [18, 31, 24, 25], [25, 18, 20, 29], [16, 12, 9, 26], [11, 28, 5, 3], [13, 30, 21, 16], [28, 10, 15, 24], [12, 29, 21, 6], [25, 5, 27, 20], [4, 22, 12, 23], [31, 24, 23, 22], [29, 9, 2, 24], [14, 23, 30, 18], [8, 19, 18, 2], [13, 17, 0, 22], [11, 15, 24, 5], [8, 6, 16, 4], [7, 21, 26, 14], [13, 19, 6, 1], [1, 7, 20, 8], [17, 19, 18, 31], [26, 13, 30, 21], [12, 18, 0, 7], [0, 25, 28, 2], [8, 2, 11, 26], [6, 14, 9, 8], [31, 25, 19, 2], [14, 3, 10, 25], [19, 1, 4, 3], [0, 11, 10, 13], [15, 7, 25, 24], [31, 7, 6, 20], [29, 9, 16, 21], [23, 8, 25, 9], [23, 19, 0, 30], [29, 15, 16, 21], [11, 20, 17, 12], [19, 7, 4, 9], [8, 16, 12, 30], [17, 5, 0, 22], [26, 23, 29, 2], [19, 11, 16, 15], [27, 30, 8, 10], [25, 10, 31, 7], [0, 3, 7, 27], [18, 2, 5, 25], [16, 23, 22, 28], [25, 7, 29, 12], [27, 13, 18, 24], [31, 22, 26, 23], [19, 0, 17, 9], [15, 24, 13, 3], [17, 0, 9, 16], [20, 26, 27, 1], [10, 18, 25, 8], [21, 0, 8, 5], [1, 14, 8, 10], [0, 26, 4, 23], [12, 3, 15, 31], [3, 7, 25, 23], [15, 23, 6, 12], [4, 22, 26, 13], [22, 17, 4, 7], [21, 25, 5, 2], [16, 23, 10, 31], [12, 13, 8, 21], [18, 2, 1, 6], [20, 28, 26, 10], [6, 4, 12, 0], [1, 23, 12, 17], [1, 18, 6, 29], [8, 24, 30, 14], [22, 6, 12, 31], [13, 19, 20, 21], [7, 3, 8, 9]]",4,1.1390889883041382,128,random,0.0,9472,4.0,124,1.2058253288269043,37,128 56 96 80,4715,0.5958642959594727,test,top_r_mean,0.0,0.0,0.25,0.25
0.027147401908801695,0.0,148,0.0,31,96.24750004149973,qasper,0.2857142857142857,0.0,0.0,0.0,1912.03804:2ccc26e11df4eb26fcccdd1f446dc749aff5d572,mean,0.32836918551204264,0.11545832455158234,"[[26, 28, 23, 10], [26, 25, 29, 28], [17, 27, 10, 12], [31, 16, 14, 27], [18, 24, 11, 23], [24, 26, 12, 27], [2, 11, 19, 20], [16, 7, 13, 1], [26, 24, 13, 11], [9, 3, 5, 0], [25, 17, 21, 10], [1, 10, 18, 31], [5, 14, 23, 28], [20, 26, 1, 31], [23, 20, 24, 19], [5, 20, 17, 31], [10, 16, 22, 6], [24, 28, 6, 7], [14, 29, 26, 0], [6, 7, 2, 31], [6, 31, 9, 26], [31, 23, 7, 6], [13, 22, 6, 3], [22, 4, 9, 8], [24, 17, 28, 7], [21, 30, 5, 19], [15, 7, 22, 10], [2, 5, 4, 9], [15, 28, 31, 22], [18, 22, 31, 1], [17, 24, 14, 1], [13, 21, 8, 31], [25, 1, 11, 28], [18, 11, 12, 16], [24, 3, 22, 28], [14, 15, 12, 24], [5, 0, 19, 21], [5, 17, 10, 29], [15, 24, 28, 19], [13, 24, 20, 8], [19, 5, 16, 17], [26, 1, 4, 25], [8, 26, 22, 24], [1, 23, 6, 17], [9, 14, 12, 10], [12, 19, 1, 24], [22, 2, 8, 21], [9, 16, 11, 4], [25, 31, 26, 1], [11, 1, 24, 12], [25, 12, 30, 4], [29, 30, 5, 28], [7, 16, 8, 4], [24, 28, 19, 9], [22, 5, 20, 6], [29, 30, 7, 8], [27, 18, 6, 11], [11, 10, 17, 19], [31, 26, 20, 10], [3, 30, 11, 12], [26, 16, 5, 10], [15, 21, 27, 22], [26, 10, 21, 20], [16, 27, 0, 11], [20, 23, 6, 5], [2, 29, 25, 9], [20, 6, 18, 8], [14, 29, 17, 12], [18, 27, 1, 9], [14, 10, 1, 26], [22, 12, 19, 4], [8, 0, 2, 26], [26, 5, 12, 10], [10, 17, 14, 7], [17, 19, 31, 11], [1, 8, 27, 2], [22, 30, 20, 21], [22, 0, 29, 12], [27, 7, 2, 14], [11, 14, 8, 23], [10, 9, 0, 14], [16, 10, 15, 30], [28, 7, 17, 22], [5, 18, 22, 0], [9, 21, 28, 5], [25, 13, 8, 23], [28, 16, 24, 25], [24, 4, 2, 11], [12, 3, 17, 25], [3, 11, 14, 17], [18, 13, 19, 29], [0, 19, 16, 8], [8, 28, 27, 22], [1, 6, 23, 0], [12, 17, 8, 28], [13, 22, 1, 28], [13, 5, 1, 25], [22, 4, 12, 28], [4, 15, 30, 17], [25, 3, 29, 0], [17, 10, 9, 19], [12, 28, 18, 9], [2, 26, 16, 17], [27, 6, 29, 25], [24, 6, 12, 3], [2, 7, 8, 0], [11, 12, 27, 20], [10, 2, 17, 5], [28, 19, 7, 24], [3, 27, 12, 2], [16, 31, 14, 21], [8, 30, 25, 1], [10, 4, 26, 16], [3, 23, 6, 5], [10, 5, 30, 9], [5, 13, 0, 23], [21, 31, 9, 8], [28, 10, 16, 23], [10, 28, 3, 18], [18, 24, 13, 21], [5, 13, 9, 16], [9, 2, 17, 29], [3, 26, 13, 17], [20, 18, 31, 7], [12, 8, 10, 18], [23, 6, 25, 21], [7, 8, 6, 10], [1, 19, 30, 24], [10, 2, 14, 23], [6, 5, 30, 25], [11, 3, 6, 28], [2, 6, 27, 5], [21, 6, 26, 1], [13, 16, 22, 23], [13, 12, 1, 17], [18, 6, 26, 4], [16, 24, 8, 7], [12, 27, 2, 20], [14, 13, 19, 20], [5, 15, 2, 6], [8, 26, 2, 3], [13, 16, 11, 0], [13, 8, 16, 9], [8, 27, 15, 25], [2, 18, 10, 7], [13, 12, 0, 14], [18, 7, 11, 9], [9, 7, 1, 5]]",4,1.2026621103286743,128,random,0.0,9472,4.0,124,1.2746468782424927,53,80 129 114 32,4715,0.470912903547287,test,top_r_mean,0.0,0.0,0.25,0.25
0.027147401908801695,1.0,148,1.0,31,93.04760000668466,qasper,0.2857142857142857,0.25,0.07142857142857142,0.0,1912.03804:2ccc26e11df4eb26fcccdd1f446dc749aff5d572,mean,0.33572347858062146,0.12638388574123383,"[[2, 28, 24, 7], [9, 8, 22, 0], [1, 17, 25, 10], [4, 20, 1, 0], [24, 28, 4, 10], [27, 19, 4, 8], [30, 18, 0, 28], [8, 17, 3, 22], [0, 6, 9, 10], [17, 13, 25, 22], [23, 0, 12, 5], [7, 0, 24, 14], [19, 23, 24, 16], [12, 9, 5, 17], [25, 11, 9, 0], [6, 7, 21, 24], [14, 30, 12, 26], [7, 6, 17, 4], [0, 10, 22, 19], [11, 0, 27, 12], [16, 18, 22, 6], [19, 21, 27, 22], [14, 25, 23, 30], [26, 25, 1, 18], [26, 19, 21, 9], [4, 8, 13, 31], [20, 21, 15, 30], [18, 6, 1, 0], [0, 28, 25, 16], [15, 27, 21, 8], [10, 6, 2, 5], [17, 7, 21, 1], [18, 27, 25, 7], [27, 4, 28, 9], [27, 2, 25, 15], [10, 27, 2, 12], [2, 26, 27, 30], [2, 6, 12, 10], [9, 24, 14, 8], [29, 3, 12, 16], [15, 26, 14, 2], [17, 14, 2, 8], [10, 21, 31, 27], [5, 26, 28, 18], [11, 6, 12, 29], [21, 28, 27, 14], [27, 4, 19, 9], [0, 26, 23, 1], [16, 22, 6, 24], [16, 20, 31, 2], [27, 21, 19, 20], [6, 27, 30, 7], [2, 5, 16, 14], [23, 8, 3, 29], [11, 18, 5, 6], [10, 31, 7, 18], [1, 29, 4, 21], [11, 6, 23, 25], [26, 10, 23, 2], [21, 29, 17, 10], [14, 0, 23, 8], [7, 29, 9, 22], [6, 2, 14, 26], [28, 14, 13, 31], [26, 14, 20, 5], [27, 13, 19, 23], [30, 28, 10, 14], [18, 28, 14, 26], [31, 4, 28, 14], [21, 0, 6, 25], [0, 8, 11, 3], [2, 9, 19, 31], [18, 2, 10, 20], [4, 23, 25, 13], [1, 23, 15, 8], [1, 4, 16, 12], [26, 28, 20, 14], [18, 27, 20, 19], [16, 20, 11, 31], [16, 26, 6, 25], [8, 3, 27, 10], [23, 27, 10, 24], [2, 13, 10, 7], [22, 8, 21, 4], [4, 17, 19, 12], [28, 1, 11, 18], [27, 18, 19, 5], [5, 10, 14, 11], [13, 12, 5, 14], [20, 29, 10, 25], [15, 3, 20, 7], [22, 23, 1, 10], [10, 18, 12, 27], [30, 2, 8, 24], [11, 5, 20, 24], [23, 13, 31, 0], [16, 21, 29, 11], [30, 24, 22, 0], [14, 16, 15, 2], [22, 17, 28, 1], [25, 17, 0, 21], [21, 4, 8, 25], [31, 10, 30, 25], [10, 23, 9, 27], [10, 3, 21, 28], [4, 27, 28, 9], [20, 2, 6, 4], [5, 22, 16, 25], [26, 23, 9, 8], [4, 11, 17, 22], [9, 29, 1, 5], [10, 29, 0, 12], [22, 29, 17, 19], [0, 3, 26, 30], [20, 0, 9, 11], [24, 5, 18, 17], [16, 23, 22, 1], [31, 22, 9, 17], [1, 24, 6, 21], [23, 25, 7, 15], [25, 2, 9, 10], [16, 1, 4, 18], [19, 8, 30, 9], [18, 26, 31, 15], [17, 2, 7, 27], [30, 20, 19, 7], [8, 7, 11, 3], [30, 2, 12, 6], [1, 15, 25, 20], [7, 1, 14, 31], [2, 5, 15, 19], [29, 1, 14, 31], [23, 28, 26, 15], [15, 24, 27, 0], [31, 25, 9, 8], [10, 8, 16, 17], [4, 6, 29, 22], [10, 31, 24, 21], [29, 27, 17, 16], [4, 11, 29, 15], [28, 22, 6, 17], [2, 4, 30, 16], [13, 20, 15, 3], [15, 30, 20, 0], [2, 13, 4, 11], [10, 9, 12, 11], [1, 30, 20, 26], [3, 4, 10, 6]]",4,1.2468191385269165,128,random,1.0,9472,4.0,124,1.320705533027649,71,8 114 16 131,4715,0.47996386885643005,test,top_r_mean,0.0,0.0,0.0,0.0
0.027147401908801695,0.0,148,0.0,31,104.9677999690175,qasper,0.2857142857142857,0.0,0.0,0.0,1912.03804:2ccc26e11df4eb26fcccdd1f446dc749aff5d572,mean,0.4629527486670344,0.10170231759548187,"[[24, 25, 26, 27, 28, 29, 30, 31], [24, 25, 26, 27, 28, 29, 30, 31], [24, 25, 26, 27, 28, 29, 30, 31], [24, 25, 26, 27, 28, 29, 30, 31], [24, 25, 26, 27, 28, 29, 30, 31], [24, 25, 26, 27, 28, 29, 30, 31], [24, 25, 26, 27, 28, 29, 30, 31], [24, 25, 26, 27, 28, 29, 30, 31], [24, 25, 26, 27, 28, 29, 30, 31], [24, 25, 26, 27, 28, 29, 30, 31], [24, 25, 26, 27, 28, 29, 30, 31], [24, 25, 26, 27, 28, 29, 30, 31], [24, 25, 26, 27, 28, 29, 30, 31], [24, 25, 26, 27, 28, 29, 30, 31], [24, 25, 26, 27, 28, 29, 30, 31], [24, 25, 26, 27, 28, 29, 30, 31], [24, 25, 26, 27, 28, 29, 30, 31], [24, 25, 26, 27, 28, 29, 30, 31], [24, 25, 26, 27, 28, 29, 30, 31], [24, 25, 26, 27, 28, 29, 30, 31], [24, 25, 26, 27, 28, 29, 30, 31], [24, 25, 26, 27, 28, 29, 30, 31], [24, 25, 26, 27, 28, 29, 30, 31], [24, 25, 26, 27, 28, 29, 30, 31], [24, 25, 26, 27, 28, 29, 30, 31], [24, 25, 26, 27, 28, 29, 30, 31], [24, 25, 26, 27, 28, 29, 30, 31], [24, 25, 26, 27, 28, 29, 30, 31], [24, 25, 26, 27, 28, 29, 30, 31], [24, 25, 26, 27, 28, 29, 30, 31], [24, 25, 26, 27, 28, 29, 30, 31], [24, 25, 26, 27, 28, 29, 30, 31], [24, 25, 26, 27, 28, 29, 30, 31], [24, 25, 26, 27, 28, 29, 30, 31], [24, 25, 26, 27, 28, 29, 30, 31], [24, 25, 26, 27, 28, 29, 30, 31], [24, 25, 26, 27, 28, 29, 30, 31], [24, 25, 26, 27, 28, 29, 30, 31], [24, 25, 26, 27, 28, 29, 30, 31], [24, 25, 26, 27, 28, 29, 30, 31], [24, 25, 26, 27, 28, 29, 30, 31], [24, 25, 26, 27, 28, 29, 30, 31], [24, 25, 26, 27, 28, 29, 30, 31], [24, 25, 26, 27, 28, 29, 30, 31], [24, 25, 26, 27, 28, 29, 30, 31], [24, 25, 26, 27, 28, 29, 30, 31], [24, 25, 26, 27, 28, 29, 30, 31], [24, 25, 26, 27, 28, 29, 30, 31], [24, 25, 26, 27, 28, 29, 30, 31], [24, 25, 26, 27, 28, 29, 30, 31], [24, 25, 26, 27, 28, 29, 30, 31], [24, 25, 26, 27, 28, 29, 30, 31], [24, 25, 26, 27, 28, 29, 30, 31], [24, 25, 26, 27, 28, 29, 30, 31], [24, 25, 26, 27, 28, 29, 30, 31], [24, 25, 26, 27, 28, 29, 30, 31], [24, 25, 26, 27, 28, 29, 30, 31], [24, 25, 26, 27, 28, 29, 30, 31], [24, 25, 26, 27, 28, 29, 30, 31], [24, 25, 26, 27, 28, 29, 30, 31], [24, 25, 26, 27, 28, 29, 30, 31], [24, 25, 26, 27, 28, 29, 30, 31], [24, 25, 26, 27, 28, 29, 30, 31], [24, 25, 26, 27, 28, 29, 30, 31], [24, 25, 26, 27, 28, 29, 30, 31], [24, 25, 26, 27, 28, 29, 30, 31], [24, 25, 26, 27, 28, 29, 30, 31], [24, 25, 26, 27, 28, 29, 30, 31], [24, 25, 26, 27, 28, 29, 30, 31], [24, 25, 26, 27, 28, 29, 30, 31], [24, 25, 26, 27, 28, 29, 30, 31], [24, 25, 26, 27, 28, 29, 30, 31], [24, 25, 26, 27, 28, 29, 30, 31], [24, 25, 26, 27, 28, 29, 30, 31], [24, 25, 26, 27, 28, 29, 30, 31], [24, 25, 26, 27, 28, 29, 30, 31], [24, 25, 26, 27, 28, 29, 30, 31], [24, 25, 26, 27, 28, 29, 30, 31], [24, 25, 26, 27, 28, 29, 30, 31], [24, 25, 26, 27, 28, 29, 30, 31], [24, 25, 26, 27, 28, 29, 30, 31], [24, 25, 26, 27, 28, 29, 30, 31], [24, 25, 26, 27, 28, 29, 30, 31], [24, 25, 26, 27, 28, 29, 30, 31], [24, 25, 26, 27, 28, 29, 30, 31], [24, 25, 26, 27, 28, 29, 30, 31], [24, 25, 26, 27, 28, 29, 30, 31], [24, 25, 26, 27, 28, 29, 30, 31], [24, 25, 26, 27, 28, 29, 30, 31], [24, 25, 26, 27, 28, 29, 30, 31], [24, 25, 26, 27, 28, 29, 30, 31], [24, 25, 26, 27, 28, 29, 30, 31], [24, 25, 26, 27, 28, 29, 30, 31], [24, 25, 26, 27, 28, 29, 30, 31], [24, 25, 26, 27, 28, 29, 30, 31], [24, 25, 26, 27, 28, 29, 30, 31], [24, 25, 26, 27, 28, 29, 30, 31], [24, 25, 26, 27, 28, 29, 30, 31], [24, 25, 26, 27, 28, 29, 30, 31], [24, 25, 26, 27, 28, 29, 30, 31], [24, 25, 26, 27, 28, 29, 30, 31], [24, 25, 26, 27, 28, 29, 30, 31], [24, 25, 26, 27, 28, 29, 30, 31], [24, 25, 26, 27, 28, 29, 30, 31], [24, 25, 26, 27, 28, 29, 30, 31], [24, 25, 26, 27, 28, 29, 30, 31], [24, 25, 26, 27, 28, 29, 30, 31], [24, 25, 26, 27, 28, 29, 30, 31], [24, 25, 26, 27, 28, 29, 30, 31], [24, 25, 26, 27, 28, 29, 30, 31], [24, 25, 26, 27, 28, 29, 30, 31], [24, 25, 26, 27, 28, 29, 30, 31], [24, 25, 26, 27, 28, 29, 30, 31], [24, 25, 26, 27, 28, 29, 30, 31], [24, 25, 26, 27, 28, 29, 30, 31], [24, 25, 26, 27, 28, 29, 30, 31], [24, 25, 26, 27, 28, 29, 30, 31], [24, 25, 26, 27, 28, 29, 30, 31], [24, 25, 26, 27, 28, 29, 30, 31], [24, 25, 26, 27, 28, 29, 30, 31], [24, 25, 26, 27, 28, 29, 30, 31], [24, 25, 26, 27, 28, 29, 30, 31], [24, 25, 26, 27, 28, 29, 30, 31], [24, 25, 26, 27, 28, 29, 30, 31], [24, 25, 26, 27, 28, 29, 30, 31], [24, 25, 26, 27, 28, 29, 30, 31], [24, 25, 26, 27, 28, 29, 30, 31], [24, 25, 26, 27, 28, 29, 30, 31], [24, 25, 26, 27, 28, 29, 30, 31], [24, 25, 26, 27, 28, 29, 30, 31], [24, 25, 26, 27, 28, 29, 30, 31], [24, 25, 26, 27, 28, 29, 30, 31], [24, 25, 26, 27, 28, 29, 30, 31], [24, 25, 26, 27, 28, 29, 30, 31], [24, 25, 26, 27, 28, 29, 30, 31], [24, 25, 26, 27, 28, 29, 30, 31], [24, 25, 26, 27, 28, 29, 30, 31], [24, 25, 26, 27, 28, 29, 30, 31], [24, 25, 26, 27, 28, 29, 30, 31], [24, 25, 26, 27, 28, 29, 30, 31], [24, 25, 26, 27, 28, 29, 30, 31], [24, 25, 26, 27, 28, 29, 30, 31], [24, 25, 26, 27, 28, 29, 30, 31], [24, 25, 26, 27, 28, 29, 30, 31], [24, 25, 26, 27, 28, 29, 30, 31], [24, 25, 26, 27, 28, 29, 30, 31], [24, 25, 26, 27, 28, 29, 30, 31], [3, 4, 5, 6, 7, 8, 9, 10]]",8,0.7079502940177917,128,last,0.0,18944,4.0,124,0.8026311993598938,0,72 32 83 136,4715,0.6509844660758972,test,top_r_mean,0.0,0.0,0.5,0.375
0.027147401908801695,0.0,148,0.0,31,115.2785001322627,qasper,0.2857142857142857,0.0,0.0,0.0,1912.03804:2ccc26e11df4eb26fcccdd1f446dc749aff5d572,mean,0.6118771833057547,0.021806415170431137,"[[20, 0, 11, 17, 10, 22, 7, 18], [15, 6, 5, 21, 14, 12, 10, 4], [6, 2, 16, 1, 9, 23, 3, 12], [4, 16, 29, 1, 28, 13, 23, 17], [11, 28, 31, 19, 6, 15, 25, 24], [17, 2, 9, 6, 13, 31, 28, 26], [30, 15, 5, 26, 23, 17, 14, 4], [0, 7, 20, 25, 24, 22, 6, 9], [14, 0, 3, 23, 24, 11, 2, 25], [24, 8, 4, 9, 3, 21, 28, 18], [6, 3, 28, 23, 4, 9, 13, 27], [9, 14, 7, 11, 22, 15, 2, 10], [18, 14, 7, 30, 8, 24, 1, 13], [23, 15, 18, 26, 5, 0, 7, 8], [12, 29, 28, 30, 16, 19, 25, 14], [5, 8, 27, 10, 26, 15, 12, 30], [17, 0, 8, 31, 7, 13, 9, 16], [17, 19, 18, 27, 20, 11, 10, 15], [15, 5, 22, 27, 19, 18, 3, 14], [8, 1, 30, 11, 13, 3, 0, 23], [23, 21, 1, 4, 16, 5, 0, 26], [6, 22, 13, 21, 24, 25, 5, 20], [21, 29, 11, 9, 16, 30, 0, 26], [13, 31, 22, 21, 24, 0, 11, 19], [30, 0, 2, 25, 1, 6, 15, 13], [1, 9, 29, 28, 10, 4, 17, 26], [17, 6, 5, 14, 31, 12, 25, 26], [18, 9, 6, 15, 12, 3, 5, 4], [5, 11, 15, 30, 14, 3, 8, 23], [4, 10, 17, 16, 21, 24, 27, 19], [15, 26, 7, 10, 25, 29, 30, 28], [5, 24, 9, 31, 4, 3, 0, 19], [17, 0, 22, 23, 8, 3, 25, 16], [14, 24, 13, 3, 9, 18, 25, 22], [12, 3, 7, 30, 0, 29, 11, 27], [26, 10, 1, 11, 2, 20, 24, 14], [10, 25, 21, 30, 24, 16, 27, 22], [14, 4, 26, 16, 2, 18, 28, 19], [4, 2, 1, 0, 11, 23, 20, 27], [10, 13, 29, 3, 9, 1, 20, 26], [22, 0, 29, 4, 10, 1, 3, 28], [24, 4, 23, 9, 3, 17, 13, 22], [27, 10, 22, 14, 3, 17, 30, 26], [13, 21, 29, 7, 2, 28, 22, 24], [16, 24, 28, 4, 6, 8, 20, 3], [22, 6, 30, 21, 29, 12, 16, 0], [17, 16, 13, 24, 26, 14, 6, 1], [19, 15, 26, 27, 12, 1, 5, 31], [25, 0, 11, 31, 12, 1, 27, 8], [28, 2, 29, 31, 1, 16, 10, 30], [20, 23, 1, 7, 24, 26, 22, 15], [10, 27, 26, 9, 2, 7, 28, 11], [5, 13, 29, 14, 2, 8, 12, 27], [30, 0, 5, 2, 8, 26, 14, 18], [9, 23, 15, 6, 3, 26, 1, 27], [2, 21, 7, 12, 13, 4, 23, 18], [18, 0, 8, 28, 20, 25, 14, 29], [23, 1, 30, 0, 12, 4, 6, 16], [22, 26, 8, 1, 17, 19, 7, 13], [7, 16, 26, 6, 29, 28, 17, 14], [10, 27, 29, 7, 19, 14, 21, 23], [11, 5, 15, 10, 31, 16, 22, 4], [20, 29, 31, 24, 0, 22, 8, 10], [1, 25, 31, 19, 6, 26, 0, 4], [18, 0, 26, 6, 23, 5, 27, 30], [29, 0, 17, 22, 24, 2, 12, 1], [10, 19, 24, 4, 18, 9, 22, 31], [25, 10, 1, 13, 22, 30, 7, 6], [3, 6, 26, 10, 1, 5, 20, 18], [19, 26, 9, 13, 1, 18, 28, 12], [18, 22, 30, 11, 24, 8, 3, 28], [11, 1, 23, 7, 24, 22, 0, 19], [10, 0, 8, 5, 27, 31, 2, 24], [24, 27, 9, 16, 12, 5, 2, 15], [31, 10, 9, 5, 11, 20, 13, 2], [15, 1, 7, 17, 20, 19, 0, 6], [17, 3, 0, 15, 9, 4, 6, 1], [5, 20, 10, 1, 13, 19, 4, 24], [28, 26, 5, 12, 1, 15, 24, 17], [22, 16, 26, 30, 14, 0, 24, 20], [12, 0, 1, 8, 5, 31, 7, 22], [16, 3, 24, 5, 23, 6, 30, 20], [20, 15, 12, 29, 30, 10, 13, 4], [11, 22, 14, 5, 0, 29, 21, 24], [29, 17, 7, 6, 26, 28, 9, 8], [8, 1, 26, 2, 30, 21, 5, 24], [4, 11, 24, 31, 21, 13, 6, 19], [3, 1, 22, 29, 21, 12, 9, 25], [11, 0, 8, 5, 6, 31, 4, 29], [22, 20, 13, 19, 18, 14, 11, 8], [8, 24, 28, 3, 2, 29, 23, 31], [24, 6, 1, 25, 10, 26, 20, 12], [12, 3, 22, 27, 19, 2, 9, 28], [14, 28, 23, 27, 25, 6, 20, 29], [12, 4, 1, 9, 0, 18, 16, 10], [10, 6, 21, 22, 19, 16, 7, 3], [13, 0, 28, 31, 3, 18, 25, 6], [6, 1, 20, 0, 3, 7, 30, 26], [14, 31, 22, 2, 18, 21, 0, 30], [7, 26, 14, 13, 22, 6, 31, 24], [1, 21, 9, 16, 20, 22, 11, 27], [6, 4, 17, 5, 10, 30, 16, 22], [25, 9, 0, 5, 14, 28, 8, 12], [12, 17, 28, 25, 1, 6, 2, 29], [30, 0, 25, 24, 11, 3, 29, 5], [6, 26, 17, 1, 20, 9, 18, 30], [15, 24, 26, 19, 14, 27, 1, 9], [21, 8, 19, 15, 28, 12, 29, 6], [18, 1, 31, 27, 3, 28, 12, 5], [13, 12, 16, 9, 2, 20, 4, 31], [11, 22, 23, 24, 16, 0, 30, 4], [4, 30, 22, 27, 29, 3, 20, 23], [19, 0, 21, 25, 10, 18, 1, 24], [22, 18, 10, 21, 11, 30, 3, 9], [6, 26, 18, 31, 11, 0, 27, 25], [27, 19, 13, 21, 2, 24, 11, 16], [15, 24, 11, 14, 8, 7, 28, 17], [2, 17, 12, 9, 31, 24, 5, 28], [6, 28, 21, 30, 4, 16, 22, 19], [31, 10, 0, 20, 30, 18, 2, 7], [11, 0, 20, 26, 1, 10, 24, 8], [2, 25, 0, 15, 1, 22, 19, 29], [27, 15, 23, 21, 4, 24, 20, 28], [15, 28, 31, 1, 7, 30, 13, 6], [11, 7, 9, 3, 31, 16, 4, 24], [23, 18, 5, 31, 12, 7, 30, 27], [25, 7, 26, 0, 23, 17, 24, 13], [17, 10, 1, 20, 11, 6, 12, 4], [19, 0, 25, 26, 2, 11, 27, 15], [30, 7, 9, 1, 8, 24, 6, 3], [0, 16, 25, 31, 2, 29, 15, 18], [24, 12, 26, 0, 14, 21, 13, 27], [3, 15, 10, 9, 21, 29, 31, 25], [19, 18, 0, 13, 10, 4, 28, 24], [17, 2, 9, 8, 3, 11, 15, 1], [22, 20, 10, 31, 21, 3, 5, 9], [9, 0, 16, 22, 5, 2, 18, 19], [29, 9, 7, 1, 12, 14, 27, 25], [19, 4, 12, 9, 5, 2, 17, 30], [19, 7, 0, 25, 29, 6, 12, 24], [28, 11, 25, 22, 23, 3, 5, 12], [11, 8, 6, 16, 30, 1, 20, 3], [5, 19, 28, 13, 26, 31, 7, 27], [20, 17, 10, 26, 23, 16, 7, 21], [5, 0, 27, 12, 26, 1, 13, 14], [11, 9, 5, 4, 3, 21, 15, 20], [18, 11, 2, 22, 1, 20, 3, 10], [5, 10, 7, 8, 3, 2, 9, 1]]",8,0.6726031303405762,128,farthest,0.0,18944,4.0,124,0.7034728527069092,0,72 88 24 136,4715,0.7918833494186401,test,top_r_mean,0.0,0.0,0.25,0.625
0.027147401908801695,0.0,148,0.0,31,88.08449981734157,qasper,0.2857142857142857,0.0,0.0,0.0,1912.03804:2ccc26e11df4eb26fcccdd1f446dc749aff5d572,mean,0.8940981798124655,0.0010935328900814056,"[[13, 0, 14, 1, 15, 25, 7, 3], [4, 24, 25, 15, 16, 9, 7, 31], [26, 27, 0, 6, 31, 8, 22, 12], [18, 19, 24, 20, 26, 25, 27, 5], [15, 30, 11, 1, 19, 31, 16, 0], [14, 0, 19, 5, 8, 24, 18, 15], [10, 31, 6, 11, 8, 24, 17, 13], [19, 0, 10, 9, 22, 28, 1, 18], [1, 0, 6, 4, 7, 27, 12, 8], [9, 23, 10, 24, 29, 11, 12, 21], [14, 15, 16, 17, 22, 24, 18, 1], [6, 18, 31, 8, 9, 29, 17, 19], [8, 17, 9, 12, 11, 29, 16, 2], [8, 31, 9, 29, 11, 0, 13, 1], [31, 18, 21, 1, 2, 3, 19, 0], [26, 3, 14, 0, 24, 16, 23, 25], [26, 0, 3, 1, 2, 7, 12, 15], [14, 22, 23, 17, 1, 30, 6, 31], [27, 12, 13, 16, 15, 29, 28, 14], [5, 17, 6, 18, 4, 8, 20, 22], [3, 26, 29, 28, 13, 17, 24, 15], [8, 26, 31, 27, 9, 17, 28, 7], [29, 30, 31, 17, 16, 14, 8, 19], [12, 13, 14, 1, 2, 21, 17, 16], [28, 0, 6, 1, 14, 11, 22, 8], [26, 4, 27, 30, 5, 28, 31, 8], [8, 9, 11, 10, 17, 20, 14, 0], [31, 16, 17, 5, 20, 21, 19, 15], [23, 1, 0, 9, 2, 30, 5, 25], [21, 22, 23, 26, 27, 25, 1, 0], [30, 6, 8, 31, 9, 15, 7, 16], [12, 5, 0, 2, 11, 7, 6, 22], [28, 0, 29, 10, 30, 1, 11, 7], [26, 6, 12, 17, 8, 27, 4, 14], [5, 20, 15, 21, 6, 0, 27, 9], [2, 13, 6, 4, 0, 5, 3, 29], [0, 2, 29, 4, 1, 28, 3, 8], [28, 31, 30, 14, 15, 11, 2, 17], [31, 4, 30, 5, 14, 3, 20, 28], [15, 16, 24, 19, 22, 12, 18, 1], [3, 0, 7, 5, 6, 4, 16, 11], [7, 19, 8, 24, 21, 14, 22, 13], [13, 20, 19, 18, 24, 29, 25, 0], [29, 5, 6, 10, 30, 14, 9, 11], [20, 8, 0, 11, 30, 21, 26, 22], [17, 19, 1, 25, 31, 28, 14, 16], [10, 9, 7, 17, 18, 16, 21, 29], [6, 5, 30, 7, 21, 12, 29, 13], [19, 0, 4, 3, 25, 1, 2, 13], [29, 30, 5, 31, 15, 14, 12, 0], [28, 6, 0, 3, 29, 14, 1, 22], [4, 0, 13, 3, 31, 6, 2, 16], [11, 0, 19, 5, 15, 1, 26, 4], [27, 12, 4, 30, 28, 14, 5, 1], [14, 5, 7, 31, 20, 11, 21, 8], [6, 5, 9, 4, 8, 3, 2, 30], [7, 0, 3, 1, 5, 27, 13, 11], [21, 6, 8, 14, 23, 28, 18, 7], [8, 10, 14, 18, 12, 19, 21, 11], [29, 31, 4, 0, 2, 3, 9, 30], [28, 6, 18, 0, 4, 30, 11, 23], [27, 29, 0, 11, 20, 10, 18, 21], [6, 25, 7, 24, 4, 27, 8, 17], [12, 13, 14, 15, 5, 30, 16, 28], [22, 0, 11, 16, 13, 19, 8, 18], [12, 2, 13, 3, 16, 4, 17, 15], [4, 5, 11, 10, 9, 15, 25, 6], [19, 17, 20, 21, 25, 22, 29, 23], [10, 12, 13, 19, 14, 24, 27, 28], [31, 10, 11, 30, 7, 12, 13, 15], [27, 19, 26, 16, 28, 2, 20, 23], [8, 0, 18, 10, 20, 1, 21, 13], [31, 0, 1, 26, 30, 28, 27, 15], [0, 16, 17, 1, 9, 2, 20, 21], [14, 13, 16, 17, 24, 28, 3, 15], [5, 15, 18, 26, 9, 24, 6, 27], [15, 21, 23, 17, 16, 26, 19, 4], [3, 2, 22, 23, 5, 24, 4, 0], [15, 10, 18, 17, 19, 21, 16, 7], [10, 9, 8, 11, 22, 24, 13, 21], [6, 0, 2, 30, 21, 11, 13, 23], [25, 28, 0, 30, 17, 29, 5, 1], [6, 7, 2, 20, 0, 22, 10, 28], [26, 0, 2, 3, 27, 7, 28, 29], [23, 29, 25, 10, 27, 12, 2, 0], [5, 31, 14, 13, 26, 22, 6, 27], [21, 29, 0, 10, 30, 2, 13, 24], [22, 31, 4, 24, 27, 23, 29, 25], [6, 0, 7, 27, 1, 4, 10, 2], [26, 1, 0, 28, 6, 30, 11, 12], [31, 5, 14, 7, 6, 15, 0, 9], [0, 5, 13, 8, 4, 1, 24, 7], [26, 28, 25, 30, 8, 7, 18, 31], [12, 30, 14, 13, 19, 31, 15, 2], [20, 15, 12, 28, 13, 8, 0, 21], [4, 10, 9, 11, 24, 30, 2, 20], [17, 0, 4, 30, 7, 23, 11, 8], [6, 14, 22, 13, 18, 2, 19, 21], [20, 3, 24, 26, 11, 2, 16, 30], [14, 15, 1, 2, 9, 16, 6, 19], [1, 0, 19, 4, 3, 28, 20, 23], [15, 25, 14, 9, 18, 21, 7, 10], [14, 15, 24, 16, 20, 21, 18, 27], [6, 8, 7, 23, 9, 11, 25, 24], [26, 0, 1, 10, 15, 2, 30, 31], [2, 3, 12, 4, 1, 22, 14, 6], [2, 26, 3, 27, 5, 4, 16, 10], [12, 26, 3, 18, 16, 17, 5, 25], [16, 30, 2, 31, 5, 17, 26, 24], [10, 31, 0, 13, 2, 4, 14, 8], [27, 1, 7, 29, 10, 4, 2, 18], [16, 15, 24, 25, 1, 18, 29, 5], [23, 0, 27, 31, 29, 13, 30, 16], [20, 1, 23, 22, 6, 2, 29, 21], [0, 2, 3, 29, 7, 6, 10, 4], [11, 26, 12, 27, 17, 1, 16, 25], [26, 10, 15, 9, 18, 16, 21, 17], [1, 31, 0, 7, 12, 5, 16, 20], [18, 17, 24, 0, 1, 19, 23, 6], [13, 15, 28, 27, 31, 23, 9, 12], [22, 0, 4, 23, 7, 5, 11, 24], [21, 2, 3, 28, 22, 5, 30, 8], [2, 3, 0, 5, 4, 7, 1, 14], [1, 2, 14, 15, 23, 21, 10, 24], [15, 18, 17, 19, 12, 27, 16, 6], [7, 10, 11, 19, 27, 22, 9, 24], [1, 2, 13, 3, 30, 12, 26, 23], [6, 22, 9, 23, 8, 15, 25, 7], [18, 0, 1, 19, 10, 24, 11, 6], [22, 8, 14, 20, 31, 10, 11, 3], [30, 29, 0, 1, 24, 31, 14, 10], [14, 30, 15, 3, 23, 4, 25, 31], [11, 0, 4, 2, 9, 5, 6, 8], [19, 23, 17, 26, 20, 27, 29, 18], [5, 4, 10, 25, 26, 19, 11, 16], [4, 1, 22, 18, 17, 26, 2, 24], [23, 0, 9, 3, 4, 28, 5, 2], [14, 15, 6, 16, 25, 18, 4, 31], [4, 6, 8, 30, 16, 21, 23, 7], [29, 4, 1, 2, 5, 20, 30, 31], [13, 16, 19, 14, 4, 29, 2, 6], [6, 7, 23, 9, 11, 12, 10, 1], [27, 29, 2, 30, 31, 6, 13, 0], [0, 9, 12, 20, 8, 5, 26, 3], [7, 0, 9, 31, 17, 11, 8, 19], [21, 0, 7, 6, 3, 23, 1, 13], [13, 7, 10, 8, 15, 11, 19, 9], [0, 10, 5, 3, 1, 6, 4, 2]]",8,0.13939625024795532,128,greedy_oracle,0.0,18944,4.0,124,0.14659278094768524,0,136 64 72 120,4715,0.9821460843086243,test,top_r_mean,0.0,1.0,0.5,1.0
0.027147401908801695,0.0,148,0.0,31,84.30149988271296,qasper,0.2857142857142857,0.0,0.0,0.0,1912.03804:2ccc26e11df4eb26fcccdd1f446dc749aff5d572,mean,0.5383342526199669,0.07835492491722107,"[[16, 6, 0, 12, 1, 30, 27, 23], [7, 4, 6, 12, 14, 19, 8, 9], [22, 12, 27, 1, 7, 30, 8, 0], [26, 21, 18, 17, 2, 8, 4, 1], [18, 23, 15, 14, 4, 3, 12, 28], [22, 15, 26, 29, 11, 30, 10, 28], [0, 28, 15, 10, 9, 21, 30, 25], [16, 26, 10, 0, 13, 28, 20, 5], [18, 20, 24, 26, 17, 14, 27, 5], [13, 2, 1, 23, 30, 15, 16, 29], [17, 22, 12, 9, 20, 5, 14, 13], [15, 21, 12, 19, 31, 6, 30, 1], [27, 26, 24, 19, 30, 15, 25, 21], [3, 20, 2, 29, 21, 26, 10, 28], [9, 12, 8, 14, 7, 25, 11, 6], [12, 21, 15, 19, 13, 10, 11, 16], [10, 26, 31, 9, 19, 20, 21, 25], [23, 28, 31, 8, 20, 19, 22, 2], [18, 21, 12, 23, 22, 25, 13, 30], [28, 14, 8, 23, 29, 0, 3, 21], [31, 3, 16, 19, 9, 12, 23, 22], [27, 12, 11, 30, 21, 23, 19, 0], [10, 31, 20, 24, 9, 2, 23, 28], [29, 6, 31, 5, 18, 30, 25, 9], [28, 6, 29, 30, 31, 20, 12, 27], [11, 19, 23, 27, 0, 24, 4, 1], [29, 23, 14, 8, 24, 6, 2, 21], [31, 28, 15, 17, 18, 16, 23, 21], [17, 24, 3, 12, 4, 13, 27, 26], [19, 20, 4, 25, 9, 11, 27, 22], [18, 12, 30, 14, 3, 5, 4, 20], [29, 30, 8, 25, 20, 27, 28, 18], [18, 0, 28, 27, 6, 30, 16, 8], [18, 0, 28, 27, 22, 26, 20, 3], [20, 13, 27, 11, 28, 0, 14, 3], [27, 10, 3, 31, 9, 5, 6, 4], [21, 25, 4, 24, 7, 12, 1, 10], [6, 25, 26, 30, 15, 18, 24, 4], [13, 8, 25, 18, 1, 9, 3, 24], [25, 21, 23, 31, 17, 26, 11, 8], [6, 7, 18, 25, 13, 17, 8, 0], [9, 7, 22, 1, 25, 14, 19, 29], [9, 25, 26, 2, 23, 22, 0, 8], [19, 17, 10, 27, 6, 25, 14, 31], [21, 26, 14, 25, 13, 19, 7, 16], [15, 28, 12, 24, 11, 7, 31, 10], [24, 17, 12, 8, 31, 19, 11, 22], [25, 21, 11, 17, 3, 18, 22, 7], [11, 13, 18, 8, 15, 25, 20, 1], [21, 25, 2, 7, 15, 10, 14, 12], [25, 7, 1, 3, 28, 6, 5, 24], [1, 7, 23, 21, 3, 17, 6, 27], [23, 29, 25, 7, 31, 24, 22, 4], [6, 17, 29, 16, 20, 14, 15, 22], [14, 15, 19, 3, 4, 9, 1, 18], [22, 26, 15, 27, 4, 31, 0, 25], [19, 12, 9, 4, 14, 5, 15, 26], [25, 5, 22, 30, 23, 8, 12, 9], [2, 26, 30, 13, 28, 16, 12, 4], [12, 27, 26, 17, 30, 2, 10, 6], [27, 5, 24, 10, 6, 1, 9, 18], [18, 15, 9, 19, 7, 2, 4, 3], [7, 2, 1, 10, 20, 23, 17, 21], [4, 0, 8, 6, 30, 29, 25, 19], [0, 28, 17, 20, 29, 22, 19, 14], [29, 20, 13, 26, 27, 19, 31, 17], [3, 15, 6, 2, 20, 18, 22, 19], [12, 15, 3, 5, 28, 6, 9, 11], [4, 18, 17, 25, 0, 2, 23, 1], [16, 4, 17, 19, 31, 8, 6, 3], [27, 10, 29, 13, 20, 15, 18, 19], [1, 15, 20, 22, 21, 23, 25, 3], [28, 17, 20, 25, 21, 8, 14, 4], [25, 8, 18, 22, 3, 14, 30, 0], [23, 4, 30, 1, 6, 9, 19, 21], [16, 24, 2, 31, 4, 22, 7, 1], [8, 17, 15, 5, 25, 20, 10, 18], [1, 29, 30, 11, 19, 18, 8, 31], [23, 30, 10, 17, 21, 2, 27, 0], [26, 8, 22, 28, 25, 1, 31, 30], [13, 22, 2, 9, 17, 6, 10, 19], [13, 20, 31, 19, 30, 11, 26, 2], [10, 30, 24, 16, 25, 1, 5, 3], [23, 1, 19, 21, 14, 15, 10, 12], [28, 9, 0, 26, 13, 5, 2, 22], [16, 31, 1, 23, 25, 28, 27, 15], [10, 24, 30, 27, 20, 28, 31, 23], [20, 22, 5, 23, 7, 17, 30, 14], [7, 24, 5, 28, 15, 26, 21, 12], [20, 18, 9, 29, 16, 6, 11, 23], [22, 0, 2, 13, 3, 24, 27, 17], [0, 22, 15, 27, 19, 13, 26, 8], [19, 14, 29, 27, 3, 20, 9, 1], [21, 3, 8, 10, 25, 16, 14, 6], [31, 14, 1, 28, 22, 10, 26, 17], [20, 3, 23, 0, 2, 31, 8, 22], [6, 4, 9, 24, 29, 0, 22, 5], [1, 15, 22, 29, 0, 11, 19, 5], [14, 22, 23, 1, 27, 7, 20, 17], [9, 11, 14, 13, 23, 28, 29, 1], [23, 5, 27, 21, 3, 2, 17, 18], [2, 26, 15, 25, 7, 18, 29, 12], [22, 27, 17, 4, 19, 12, 14, 5], [1, 30, 8, 7, 12, 6, 3, 16], [9, 14, 15, 31, 28, 19, 13, 1], [6, 19, 8, 14, 27, 24, 3, 16], [3, 0, 22, 6, 15, 16, 5, 1], [4, 14, 3, 27, 12, 30, 8, 1], [0, 6, 2, 15, 20, 10, 25, 30], [5, 27, 4, 28, 26, 30, 23, 13], [18, 24, 23, 13, 3, 27, 19, 12], [11, 31, 1, 4, 17, 28, 30, 12], [3, 30, 25, 17, 10, 27, 23, 6], [1, 9, 17, 15, 14, 27, 11, 16], [10, 4, 17, 8, 19, 30, 6, 31], [30, 10, 8, 28, 7, 9, 26, 3], [22, 21, 11, 0, 5, 18, 8, 3], [12, 29, 18, 14, 31, 20, 1, 2], [10, 28, 16, 25, 13, 30, 5, 17], [25, 8, 21, 24, 16, 7, 15, 23], [26, 20, 18, 8, 6, 3, 12, 30], [14, 1, 2, 8, 29, 6, 27, 13], [3, 28, 9, 26, 13, 14, 29, 31], [2, 13, 15, 9, 20, 10, 6, 29], [9, 8, 3, 29, 2, 7, 27, 1], [28, 6, 26, 16, 1, 18, 11, 19], [24, 13, 8, 4, 7, 18, 11, 3], [18, 10, 21, 29, 28, 19, 9, 15], [22, 27, 5, 17, 7, 8, 25, 28], [22, 12, 5, 30, 9, 3, 4, 31], [31, 21, 9, 4, 14, 17, 18, 27], [31, 12, 26, 30, 0, 6, 8, 14], [28, 14, 2, 20, 29, 0, 15, 13], [24, 31, 4, 27, 21, 16, 0, 2], [28, 24, 19, 13, 26, 8, 7, 30], [27, 1, 26, 20, 5, 19, 21, 11], [2, 27, 13, 18, 25, 29, 19, 14], [4, 21, 13, 0, 2, 24, 12, 17], [22, 24, 16, 28, 15, 12, 25, 23], [16, 24, 30, 7, 0, 22, 18, 4], [22, 16, 4, 28, 6, 10, 14, 21], [3, 26, 18, 21, 8, 19, 13, 30], [23, 31, 30, 0, 3, 18, 27, 9], [24, 21, 9, 20, 28, 17, 4, 6], [31, 26, 17, 20, 11, 6, 22, 13], [15, 8, 19, 3, 30, 1, 18, 11], [7, 26, 8, 31, 21, 30, 16, 10], [9, 3, 10, 8, 0, 7, 5, 6]]",8,0.6595274806022644,128,random,0.0,18944,4.0,124,0.732222318649292,11,32 64 96 40,4715,0.7317582964897156,test,top_r_mean,0.0,0.5,0.5,0.375
0.027147401908801695,0.0,148,0.0,31,102.44629997760057,qasper,0.2857142857142857,0.0,0.0,0.0,1912.03804:2ccc26e11df4eb26fcccdd1f446dc749aff5d572,mean,0.5936753079610222,0.06799145042896271,"[[6, 29, 17, 2, 16, 5, 14, 13], [0, 24, 11, 9, 28, 16, 30, 22], [10, 4, 7, 27, 3, 23, 9, 12], [3, 8, 5, 1, 0, 26, 10, 14], [27, 17, 0, 25, 15, 10, 11, 3], [17, 11, 25, 7, 1, 21, 26, 27], [18, 30, 27, 10, 7, 14, 23, 16], [25, 2, 5, 27, 30, 4, 9, 7], [22, 4, 15, 19, 24, 31, 2, 21], [24, 29, 11, 27, 5, 20, 4, 17], [26, 19, 31, 2, 7, 10, 29, 5], [13, 1, 2, 5, 28, 16, 26, 18], [17, 12, 18, 8, 27, 26, 30, 4], [7, 11, 23, 10, 8, 22, 13, 25], [0, 5, 14, 2, 4, 25, 3, 20], [24, 18, 26, 0, 5, 15, 10, 12], [19, 18, 12, 4, 28, 27, 31, 21], [19, 2, 18, 4, 28, 14, 1, 3], [10, 31, 29, 7, 15, 16, 14, 4], [21, 22, 25, 0, 20, 16, 11, 1], [21, 18, 5, 26, 19, 16, 7, 23], [24, 31, 17, 25, 22, 6, 3, 19], [21, 27, 20, 14, 25, 17, 23, 31], [1, 29, 26, 23, 19, 8, 31, 12], [30, 20, 10, 0, 21, 16, 31, 23], [4, 26, 15, 19, 28, 1, 21, 14], [28, 4, 0, 20, 29, 13, 16, 31], [5, 18, 22, 3, 31, 0, 29, 12], [13, 2, 29, 14, 16, 11, 30, 27], [13, 2, 30, 12, 23, 20, 21, 19], [22, 26, 15, 28, 24, 9, 30, 29], [29, 17, 19, 7, 16, 4, 0, 9], [31, 18, 24, 3, 14, 29, 1, 22], [21, 17, 25, 0, 8, 28, 12, 23], [5, 6, 2, 1, 8, 29, 25, 0], [19, 0, 23, 29, 20, 16, 8, 13], [16, 26, 7, 10, 5, 11, 30, 27], [2, 20, 13, 19, 11, 22, 26, 16], [7, 9, 11, 28, 25, 15, 21, 23], [22, 2, 26, 4, 0, 14, 23, 15], [20, 13, 3, 30, 0, 18, 14, 7], [7, 11, 26, 30, 16, 13, 8, 14], [17, 11, 25, 23, 16, 27, 30, 31], [21, 11, 23, 10, 16, 18, 8, 19], [10, 26, 3, 21, 12, 0, 27, 13], [15, 22, 29, 1, 10, 16, 5, 2], [27, 3, 17, 14, 2, 12, 25, 7], [18, 8, 5, 15, 2, 4, 9, 19], [25, 31, 1, 27, 4, 19, 8, 7], [4, 8, 20, 23, 1, 10, 7, 25], [23, 15, 7, 24, 30, 22, 3, 27], [6, 14, 17, 30, 19, 18, 24, 25], [31, 22, 21, 12, 30, 26, 19, 15], [14, 10, 4, 13, 11, 18, 25, 6], [14, 7, 18, 16, 20, 6, 10, 25], [3, 28, 19, 25, 1, 0, 24, 30], [24, 6, 7, 28, 27, 8, 21, 30], [13, 3, 1, 4, 6, 31, 22, 25], [26, 10, 23, 25, 0, 11, 5, 17], [31, 19, 12, 9, 6, 5, 18, 25], [29, 7, 23, 19, 22, 13, 15, 10], [6, 9, 10, 22, 11, 31, 27, 1], [5, 0, 4, 2, 21, 20, 17, 3], [29, 10, 21, 3, 22, 14, 0, 1], [8, 25, 28, 12, 16, 15, 10, 4], [29, 10, 21, 3, 16, 6, 0, 4], [8, 11, 29, 31, 20, 13, 22, 3], [5, 1, 24, 28, 9, 13, 26, 10], [15, 30, 10, 6, 29, 14, 20, 28], [18, 19, 12, 6, 26, 24, 25, 15], [6, 10, 9, 23, 17, 22, 15, 27], [3, 22, 24, 6, 16, 21, 20, 14], [9, 24, 4, 17, 25, 30, 26, 19], [26, 9, 12, 29, 17, 21, 15, 2], [31, 26, 21, 14, 11, 20, 4, 19], [0, 21, 14, 12, 20, 15, 28, 29], [30, 8, 0, 27, 24, 14, 9, 7], [2, 0, 24, 17, 13, 6, 18, 30], [31, 2, 29, 8, 4, 9, 14, 6], [24, 4, 30, 26, 8, 28, 2, 19], [15, 7, 19, 17, 10, 30, 8, 28], [18, 4, 16, 11, 6, 25, 7, 0], [26, 4, 25, 0, 31, 13, 20, 17], [25, 13, 30, 2, 8, 1, 22, 20], [10, 30, 19, 3, 6, 27, 26, 17], [26, 15, 27, 30, 9, 5, 3, 29], [2, 13, 28, 25, 31, 3, 5, 9], [2, 30, 8, 29, 5, 6, 0, 13], [20, 0, 31, 17, 3, 7, 14, 26], [17, 8, 29, 26, 23, 31, 24, 27], [12, 28, 11, 31, 15, 18, 2, 29], [11, 2, 20, 22, 27, 0, 23, 19], [13, 8, 12, 25, 17, 2, 5, 18], [0, 3, 5, 19, 13, 31, 30, 6], [10, 12, 31, 30, 20, 19, 2, 21], [5, 1, 15, 28, 17, 11, 16, 7], [21, 28, 3, 1, 8, 6, 5, 7], [10, 1, 4, 14, 23, 27, 2, 16], [25, 21, 2, 8, 16, 26, 5, 13], [5, 29, 7, 31, 9, 25, 24, 30], [15, 12, 23, 26, 16, 7, 8, 0], [7, 11, 26, 24, 29, 10, 0, 9], [15, 1, 27, 9, 23, 22, 24, 10], [14, 30, 8, 31, 17, 29, 6, 21], [17, 2, 18, 21, 4, 1, 8, 22], [0, 29, 28, 2, 26, 1, 3, 16], [21, 19, 4, 23, 0, 11, 13, 28], [24, 25, 19, 9, 16, 13, 21, 8], [28, 2, 7, 26, 29, 19, 0, 9], [2, 1, 24, 9, 5, 3, 21, 23], [14, 16, 0, 28, 10, 30, 1, 24], [31, 16, 17, 6, 0, 25, 3, 1], [15, 16, 21, 4, 3, 25, 9, 23], [25, 27, 9, 31, 13, 24, 1, 5], [31, 15, 5, 22, 8, 14, 17, 13], [19, 24, 2, 3, 30, 29, 17, 13], [31, 26, 9, 17, 15, 30, 3, 5], [29, 3, 22, 21, 20, 17, 0, 9], [5, 7, 6, 26, 14, 0, 9, 3], [28, 2, 11, 27, 22, 1, 12, 5], [25, 10, 5, 11, 6, 22, 29, 9], [29, 15, 18, 0, 11, 31, 21, 26], [25, 30, 22, 26, 24, 6, 17, 29], [20, 2, 6, 29, 28, 5, 11, 3], [27, 7, 18, 5, 30, 15, 12, 11], [16, 2, 15, 25, 22, 21, 26, 14], [31, 18, 5, 21, 29, 16, 23, 1], [15, 19, 30, 25, 8, 16, 12, 24], [14, 0, 5, 19, 27, 31, 24, 17], [29, 9, 3, 26, 6, 22, 23, 11], [30, 26, 4, 12, 8, 21, 6, 29], [2, 30, 21, 18, 17, 20, 24, 22], [26, 20, 22, 21, 18, 17, 1, 29], [20, 6, 19, 31, 29, 23, 8, 17], [27, 8, 30, 28, 4, 10, 26, 11], [28, 21, 30, 16, 14, 15, 8, 19], [23, 5, 31, 12, 26, 16, 8, 9], [31, 14, 3, 9, 21, 2, 8, 18], [22, 9, 0, 28, 20, 18, 13, 15], [3, 11, 13, 7, 8, 5, 4, 25], [29, 0, 31, 5, 9, 10, 4, 12], [3, 2, 11, 24, 12, 7, 16, 9], [24, 18, 28, 4, 14, 16, 7, 1], [0, 29, 18, 17, 24, 22, 19, 27], [30, 17, 12, 26, 13, 15, 8, 11], [9, 24, 10, 16, 8, 31, 26, 14], [5, 17, 29, 14, 11, 6, 31, 2], [1, 6, 4, 2, 7, 9, 5, 8]]",8,0.6396615505218506,128,random,0.0,18944,4.0,124,0.705423891544342,23,128 40 88 24,4715,0.7729114890098572,test,top_r_mean,0.0,0.0,0.25,0.5
0.027147401908801695,0.0,148,0.0,31,106.57309996895492,qasper,0.2857142857142857,0.0,0.0,0.0,1912.03804:2ccc26e11df4eb26fcccdd1f446dc749aff5d572,mean,0.5545136973708402,0.07003698498010635,"[[12, 2, 22, 5, 9, 23, 8, 7], [25, 4, 28, 18, 0, 5, 21, 20], [15, 13, 5, 31, 30, 20, 6, 24], [3, 19, 29, 7, 4, 12, 28, 24], [4, 9, 25, 0, 30, 7, 3, 18], [20, 2, 5, 10, 15, 11, 22, 8], [29, 14, 0, 9, 25, 28, 6, 18], [4, 26, 30, 10, 28, 29, 14, 0], [9, 29, 5, 14, 25, 15, 17, 6], [24, 30, 22, 15, 21, 4, 25, 26], [19, 3, 18, 12, 29, 1, 14, 24], [20, 2, 9, 0, 30, 21, 12, 28], [29, 0, 27, 8, 3, 30, 4, 11], [21, 24, 25, 12, 31, 14, 20, 29], [27, 29, 3, 13, 12, 6, 22, 19], [10, 7, 6, 3, 14, 18, 30, 26], [9, 31, 17, 5, 25, 22, 1, 16], [17, 22, 3, 12, 9, 5, 18, 15], [7, 29, 6, 13, 19, 15, 17, 23], [29, 20, 27, 16, 10, 18, 28, 25], [14, 22, 6, 1, 20, 26, 3, 13], [28, 27, 1, 31, 20, 7, 18, 24], [10, 5, 23, 21, 31, 1, 8, 14], [24, 30, 31, 21, 7, 2, 8, 20], [1, 5, 9, 18, 30, 27, 22, 24], [1, 29, 31, 25, 28, 21, 14, 11], [25, 20, 17, 29, 26, 27, 2, 12], [14, 24, 19, 23, 5, 27, 13, 29], [12, 19, 3, 4, 28, 31, 5, 8], [22, 27, 7, 2, 4, 29, 1, 6], [8, 4, 11, 20, 12, 22, 21, 10], [26, 19, 14, 18, 30, 23, 16, 9], [2, 21, 16, 3, 17, 24, 9, 6], [11, 31, 4, 30, 5, 29, 28, 24], [22, 6, 31, 15, 21, 23, 1, 4], [10, 14, 18, 5, 6, 20, 25, 24], [31, 20, 22, 3, 14, 18, 2, 27], [12, 31, 6, 30, 19, 8, 9, 2], [9, 20, 2, 24, 1, 16, 11, 10], [7, 22, 17, 6, 1, 19, 11, 26], [21, 29, 3, 9, 25, 10, 16, 17], [14, 30, 6, 19, 22, 0, 29, 2], [2, 4, 31, 21, 23, 14, 28, 13], [13, 30, 21, 4, 0, 14, 15, 27], [12, 27, 20, 29, 14, 1, 22, 11], [20, 11, 0, 25, 12, 24, 18, 2], [27, 5, 21, 6, 1, 8, 31, 18], [24, 22, 2, 3, 0, 13, 11, 30], [12, 4, 7, 30, 26, 15, 18, 11], [13, 6, 11, 21, 15, 20, 27, 24], [14, 6, 16, 20, 5, 27, 22, 28], [8, 11, 3, 16, 21, 28, 26, 13], [9, 0, 28, 23, 8, 17, 12, 22], [23, 1, 5, 28, 21, 14, 26, 9], [21, 11, 13, 23, 3, 24, 18, 14], [24, 4, 16, 29, 19, 9, 15, 14], [6, 5, 31, 0, 15, 11, 1, 12], [20, 11, 5, 13, 26, 8, 4, 28], [20, 8, 9, 14, 6, 18, 17, 12], [14, 0, 30, 3, 26, 7, 23, 2], [15, 17, 25, 27, 13, 19, 23, 5], [14, 12, 17, 26, 21, 1, 10, 9], [1, 4, 16, 10, 24, 25, 6, 14], [12, 28, 0, 15, 6, 29, 27, 26], [7, 2, 25, 22, 4, 17, 16, 5], [8, 3, 19, 13, 12, 6, 10, 31], [7, 27, 5, 23, 21, 29, 20, 8], [11, 10, 13, 26, 28, 30, 27, 8], [2, 14, 19, 27, 30, 1, 8, 22], [2, 31, 17, 16, 1, 9, 14, 5], [28, 26, 8, 1, 17, 3, 15, 23], [28, 9, 31, 29, 8, 24, 15, 16], [16, 12, 4, 3, 23, 6, 31, 25], [23, 17, 25, 30, 9, 4, 1, 26], [18, 31, 24, 25, 21, 23, 20, 15], [25, 18, 20, 29, 31, 1, 2, 14], [16, 12, 9, 26, 7, 27, 20, 2], [11, 28, 5, 3, 20, 25, 18, 9], [13, 30, 21, 16, 1, 8, 26, 10], [28, 10, 15, 24, 27, 7, 11, 12], [12, 29, 21, 6, 24, 19, 13, 25], [25, 5, 27, 20, 0, 4, 6, 17], [4, 22, 12, 23, 9, 0, 8, 11], [31, 24, 23, 22, 29, 5, 26, 6], [29, 9, 2, 24, 20, 12, 8, 18], [14, 23, 30, 18, 22, 24, 12, 17], [8, 19, 18, 2, 29, 27, 0, 15], [13, 17, 0, 22, 3, 20, 31, 24], [11, 15, 24, 5, 22, 25, 14, 7], [8, 6, 16, 4, 25, 10, 20, 13], [7, 21, 26, 14, 30, 1, 4, 31], [13, 19, 6, 1, 12, 21, 29, 31], [1, 7, 20, 8, 29, 13, 15, 3], [17, 19, 18, 31, 9, 26, 22, 27], [26, 13, 30, 21, 5, 28, 12, 15], [12, 18, 0, 7, 19, 13, 9, 21], [0, 25, 28, 2, 10, 16, 12, 14], [8, 2, 11, 26, 25, 12, 18, 24], [6, 14, 9, 8, 31, 4, 7, 27], [31, 25, 19, 2, 16, 4, 3, 6], [14, 3, 10, 25, 1, 4, 19, 23], [19, 1, 4, 3, 17, 5, 16, 8], [0, 11, 10, 13, 28, 25, 6, 31], [15, 7, 25, 24, 28, 21, 3, 14], [31, 7, 6, 20, 15, 23, 5, 28], [29, 9, 16, 21, 13, 23, 7, 25], [23, 8, 25, 9, 4, 21, 31, 10], [23, 19, 0, 30, 3, 2, 24, 8], [29, 15, 16, 21, 12, 20, 0, 3], [11, 20, 17, 12, 5, 30, 25, 31], [19, 7, 4, 9, 14, 0, 3, 27], [8, 16, 12, 30, 4, 6, 5, 31], [17, 5, 0, 22, 20, 2, 28, 21], [26, 23, 29, 2, 7, 25, 9, 15], [19, 11, 16, 15, 4, 14, 31, 9], [27, 30, 8, 10, 21, 9, 5, 23], [25, 10, 31, 7, 26, 5, 8, 1], [0, 3, 7, 27, 14, 31, 16, 23], [18, 2, 5, 25, 28, 12, 8, 14], [16, 23, 22, 28, 10, 25, 18, 11], [25, 7, 29, 12, 28, 11, 10, 23], [27, 13, 18, 24, 14, 9, 16, 2], [31, 22, 26, 23, 0, 29, 25, 9], [19, 0, 17, 9, 28, 13, 16, 21], [15, 24, 13, 3, 28, 18, 25, 4], [17, 0, 9, 16, 14, 3, 8, 18], [20, 26, 27, 1, 0, 29, 30, 28], [10, 18, 25, 8, 24, 26, 3, 28], [21, 0, 8, 5, 9, 25, 20, 2], [1, 14, 8, 10, 29, 0, 27, 19], [0, 26, 4, 23, 17, 28, 10, 19], [12, 3, 15, 31, 14, 24, 0, 21], [3, 7, 25, 23, 9, 22, 1, 4], [15, 23, 6, 12, 31, 26, 17, 29], [4, 22, 26, 13, 30, 29, 21, 0], [22, 17, 4, 7, 2, 5, 29, 24], [21, 25, 5, 2, 26, 17, 28, 23], [16, 23, 10, 31, 30, 19, 15, 25], [12, 13, 8, 21, 19, 0, 31, 5], [18, 2, 1, 6, 22, 30, 5, 19], [20, 28, 26, 10, 23, 21, 3, 5], [6, 4, 12, 0, 22, 21, 10, 5], [1, 23, 12, 17, 5, 13, 15, 31], [1, 18, 6, 29, 31, 8, 21, 28], [8, 24, 30, 14, 19, 3, 6, 0], [22, 6, 12, 31, 8, 4, 20, 19], [13, 19, 20, 21, 27, 11, 7, 28], [7, 3, 8, 9, 2, 5, 4, 6]]",8,0.6237541437149048,128,random,0.0,18944,4.0,124,0.694019615650177,37,144 128 56 96,4715,0.7357821464538574,test,top_r_mean,0.0,0.0,0.25,0.625
0.027147401908801695,1.0,148,1.0,31,109.27329980768263,qasper,0.2857142857142857,0.25,0.07142857142857142,0.0,1912.03804:2ccc26e11df4eb26fcccdd1f446dc749aff5d572,mean,0.5136973708402279,0.06679747253656387,"[[26, 28, 23, 10, 18, 15, 14, 21], [26, 25, 29, 28, 7, 4, 1, 0], [17, 27, 10, 12, 5, 29, 7, 14], [31, 16, 14, 27, 3, 26, 15, 18], [18, 24, 11, 23, 7, 25, 26, 6], [24, 26, 12, 27, 19, 11, 1, 4], [2, 11, 19, 20, 1, 8, 18, 29], [16, 7, 13, 1, 29, 5, 4, 25], [26, 24, 13, 11, 14, 29, 0, 7], [9, 3, 5, 0, 24, 30, 21, 27], [25, 17, 21, 10, 16, 26, 8, 18], [1, 10, 18, 31, 29, 15, 5, 9], [5, 14, 23, 28, 1, 30, 2, 16], [20, 26, 1, 31, 9, 12, 16, 3], [23, 20, 24, 19, 3, 12, 25, 4], [5, 20, 17, 31, 0, 1, 12, 29], [10, 16, 22, 6, 15, 3, 31, 9], [24, 28, 6, 7, 10, 19, 12, 8], [14, 29, 26, 0, 17, 21, 4, 12], [6, 7, 2, 31, 13, 23, 30, 25], [6, 31, 9, 26, 7, 8, 11, 12], [31, 23, 7, 6, 18, 17, 14, 3], [13, 22, 6, 3, 20, 18, 16, 15], [22, 4, 9, 8, 18, 29, 13, 28], [24, 17, 28, 7, 30, 19, 3, 4], [21, 30, 5, 19, 8, 16, 14, 1], [15, 7, 22, 10, 12, 13, 8, 28], [2, 5, 4, 9, 23, 29, 30, 7], [15, 28, 31, 22, 20, 0, 9, 12], [18, 22, 31, 1, 14, 19, 10, 3], [17, 24, 14, 1, 23, 31, 21, 2], [13, 21, 8, 31, 24, 30, 15, 25], [25, 1, 11, 28, 21, 20, 4, 30], [18, 11, 12, 16, 17, 30, 27, 8], [24, 3, 22, 28, 16, 14, 4, 23], [14, 15, 12, 24, 7, 2, 6, 20], [5, 0, 19, 21, 3, 28, 29, 13], [5, 17, 10, 29, 24, 8, 25, 26], [15, 24, 28, 19, 14, 10, 13, 20], [13, 24, 20, 8, 14, 11, 27, 23], [19, 5, 16, 17, 25, 18, 9, 6], [26, 1, 4, 25, 7, 19, 5, 20], [8, 26, 22, 24, 1, 18, 20, 28], [1, 23, 6, 17, 16, 22, 2, 4], [9, 14, 12, 10, 17, 19, 16, 1], [12, 19, 1, 24, 23, 25, 6, 17], [22, 2, 8, 21, 5, 20, 9, 4], [9, 16, 11, 4, 28, 10, 0, 29], [25, 31, 26, 1, 17, 2, 23, 8], [11, 1, 24, 12, 22, 5, 2, 8], [25, 12, 30, 4, 0, 22, 26, 10], [29, 30, 5, 28, 20, 13, 9, 24], [7, 16, 8, 4, 13, 5, 12, 2], [24, 28, 19, 9, 0, 25, 18, 13], [22, 5, 20, 6, 30, 12, 25, 4], [29, 30, 7, 8, 0, 9, 20, 3], [27, 18, 6, 11, 20, 21, 23, 5], [11, 10, 17, 19, 28, 25, 31, 24], [31, 26, 20, 10, 12, 15, 27, 1], [3, 30, 11, 12, 20, 31, 5, 28], [26, 16, 5, 10, 18, 8, 9, 4], [15, 21, 27, 22, 10, 12, 1, 0], [26, 10, 21, 20, 0, 9, 3, 12], [16, 27, 0, 11, 2, 1, 24, 14], [20, 23, 6, 5, 31, 24, 11, 21], [2, 29, 25, 9, 27, 19, 22, 16], [20, 6, 18, 8, 2, 17, 25, 16], [14, 29, 17, 12, 18, 24, 16, 19], [18, 27, 1, 9, 30, 6, 3, 28], [14, 10, 1, 26, 20, 7, 8, 29], [22, 12, 19, 4, 18, 1, 21, 8], [8, 0, 2, 26, 6, 4, 27, 13], [26, 5, 12, 10, 20, 31, 3, 30], [10, 17, 14, 7, 28, 19, 18, 23], [17, 19, 31, 11, 2, 10, 23, 15], [1, 8, 27, 2, 31, 20, 29, 30], [22, 30, 20, 21, 26, 13, 24, 1], [22, 0, 29, 12, 27, 23, 16, 13], [27, 7, 2, 14, 3, 16, 21, 23], [11, 14, 8, 23, 26, 19, 17, 21], [10, 9, 0, 14, 20, 13, 12, 18], [16, 10, 15, 30, 2, 1, 9, 14], [28, 7, 17, 22, 8, 20, 19, 30], [5, 18, 22, 0, 2, 11, 6, 24], [9, 21, 28, 5, 26, 10, 12, 30], [25, 13, 8, 23, 2, 5, 21, 7], [28, 16, 24, 25, 0, 30, 4, 7], [24, 4, 2, 11, 28, 8, 16, 10], [12, 3, 17, 25, 2, 26, 0, 18], [3, 11, 14, 17, 31, 15, 0, 2], [18, 13, 19, 29, 7, 22, 20, 8], [0, 19, 16, 8, 20, 15, 24, 14], [8, 28, 27, 22, 9, 0, 12, 11], [1, 6, 23, 0, 20, 8, 30, 21], [12, 17, 8, 28, 19, 4, 26, 0], [13, 22, 1, 28, 12, 26, 4, 19], [13, 5, 1, 25, 10, 7, 19, 2], [22, 4, 12, 28, 23, 5, 16, 2], [4, 15, 30, 17, 20, 16, 8, 18], [25, 3, 29, 0, 22, 6, 10, 20], [17, 10, 9, 19, 13, 12, 28, 15], [12, 28, 18, 9, 27, 14, 19, 3], [2, 26, 16, 17, 10, 12, 3, 6], [27, 6, 29, 25, 8, 21, 18, 5], [24, 6, 12, 3, 19, 4, 27, 29], [2, 7, 8, 0, 11, 25, 23, 22], [11, 12, 27, 20, 28, 14, 17, 7], [10, 2, 17, 5, 8, 15, 6, 7], [28, 19, 7, 24, 3, 16, 10, 9], [3, 27, 12, 2, 6, 11, 18, 7], [16, 31, 14, 21, 28, 22, 7, 25], [8, 30, 25, 1, 19, 18, 29, 27], [10, 4, 26, 16, 31, 22, 24, 11], [3, 23, 6, 5, 15, 17, 29, 25], [10, 5, 30, 9, 27, 14, 13, 20], [5, 13, 0, 23, 30, 24, 8, 1], [21, 31, 9, 8, 12, 25, 24, 22], [28, 10, 16, 23, 3, 13, 9, 24], [10, 28, 3, 18, 19, 2, 30, 13], [18, 24, 13, 21, 22, 30, 9, 26], [5, 13, 9, 16, 20, 4, 29, 24], [9, 2, 17, 29, 6, 22, 18, 0], [3, 26, 13, 17, 23, 28, 11, 15], [20, 18, 31, 7, 22, 9, 1, 11], [12, 8, 10, 18, 3, 14, 25, 16], [23, 6, 25, 21, 29, 12, 27, 7], [7, 8, 6, 10, 9, 18, 5, 30], [1, 19, 30, 24, 18, 20, 26, 9], [10, 2, 14, 23, 20, 16, 9, 25], [6, 5, 30, 25, 12, 24, 16, 18], [11, 3, 6, 28, 26, 21, 22, 12], [2, 6, 27, 5, 21, 9, 16, 23], [21, 6, 26, 1, 15, 24, 12, 19], [13, 16, 22, 23, 21, 11, 15, 25], [13, 12, 1, 17, 14, 7, 3, 16], [18, 6, 26, 4, 24, 19, 25, 20], [16, 24, 8, 7, 12, 31, 17, 0], [12, 27, 2, 20, 1, 8, 19, 6], [14, 13, 19, 20, 17, 18, 5, 10], [5, 15, 2, 6, 14, 22, 27, 12], [8, 26, 2, 3, 17, 29, 23, 27], [13, 16, 11, 0, 14, 21, 22, 24], [13, 8, 16, 9, 0, 17, 26, 4], [8, 27, 15, 25, 10, 16, 19, 4], [2, 18, 10, 7, 6, 31, 16, 17], [13, 12, 0, 14, 25, 23, 8, 19], [18, 7, 11, 9, 21, 8, 14, 24], [9, 7, 1, 5, 2, 10, 3, 0]]",8,0.6411640048027039,128,random,0.5,18944,4.0,124,0.708730161190033,53,136 8 80 88,4715,0.6866775155067444,test,top_r_mean,0.0,0.5,0.25,0.625
0.027147401908801695,1.0,148,1.0,31,122.78249999508262,qasper,0.2857142857142857,0.25,0.07142857142857142,0.0,1912.03804:2ccc26e11df4eb26fcccdd1f446dc749aff5d572,mean,0.5339216767788196,0.08166047930717468,"[[2, 28, 24, 7, 27, 12, 29, 17], [9, 8, 22, 0, 18, 27, 1, 16], [1, 17, 25, 10, 16, 2, 8, 13], [4, 20, 1, 0, 24, 12, 27, 19], [24, 28, 4, 10, 7, 9, 11, 20], [27, 19, 4, 8, 22, 6, 31, 15], [30, 18, 0, 28, 2, 3, 11, 15], [8, 17, 3, 22, 5, 26, 9, 18], [0, 6, 9, 10, 22, 30, 24, 28], [17, 13, 25, 22, 23, 20, 19, 21], [23, 0, 12, 5, 24, 4, 7, 26], [7, 0, 24, 14, 31, 28, 22, 8], [19, 23, 24, 16, 6, 27, 1, 31], [12, 9, 5, 17, 3, 6, 4, 24], [25, 11, 9, 0, 28, 21, 30, 3], [6, 7, 21, 24, 30, 28, 11, 9], [14, 30, 12, 26, 21, 20, 23, 1], [7, 6, 17, 4, 28, 24, 9, 18], [0, 10, 22, 19, 9, 28, 30, 11], [11, 0, 27, 12, 29, 2, 9, 3], [16, 18, 22, 6, 5, 9, 3, 19], [19, 21, 27, 22, 9, 20, 17, 31], [14, 25, 23, 30, 27, 13, 22, 26], [26, 25, 1, 18, 12, 27, 5, 19], [26, 19, 21, 9, 24, 28, 20, 2], [4, 8, 13, 31, 21, 10, 1, 28], [20, 21, 15, 30, 29, 2, 31, 18], [18, 6, 1, 0, 15, 17, 31, 11], [0, 28, 25, 16, 27, 3, 11, 9], [15, 27, 21, 8, 12, 0, 2, 24], [10, 6, 2, 5, 16, 18, 22, 3], [17, 7, 21, 1, 4, 9, 16, 15], [18, 27, 25, 7, 23, 29, 19, 10], [27, 4, 28, 9, 23, 2, 21, 12], [27, 2, 25, 15, 10, 26, 29, 28], [10, 27, 2, 12, 13, 3, 25, 16], [2, 26, 27, 30, 28, 23, 8, 25], [2, 6, 12, 10, 24, 18, 25, 22], [9, 24, 14, 8, 19, 17, 18, 31], [29, 3, 12, 16, 30, 9, 8, 24], [15, 26, 14, 2, 1, 20, 7, 28], [17, 14, 2, 8, 25, 9, 5, 30], [10, 21, 31, 27, 25, 29, 7, 20], [5, 26, 28, 18, 4, 11, 1, 6], [11, 6, 12, 29, 25, 16, 24, 18], [21, 28, 27, 14, 29, 9, 5, 13], [27, 4, 19, 9, 28, 10, 12, 26], [0, 26, 23, 1, 18, 21, 25, 2], [16, 22, 6, 24, 30, 23, 13, 29], [16, 20, 31, 2, 12, 29, 6, 18], [27, 21, 19, 20, 28, 22, 5, 3], [6, 27, 30, 7, 31, 16, 5, 19], [2, 5, 16, 14, 10, 8, 24, 1], [23, 8, 3, 29, 19, 28, 31, 13], [11, 18, 5, 6, 27, 2, 13, 22], [10, 31, 7, 18, 12, 2, 3, 27], [1, 29, 4, 21, 11, 6, 30, 27], [11, 6, 23, 25, 14, 13, 16, 18], [26, 10, 23, 2, 9, 31, 19, 6], [21, 29, 17, 10, 28, 6, 20, 1], [14, 0, 23, 8, 9, 21, 4, 2], [7, 29, 9, 22, 4, 23, 3, 25], [6, 2, 14, 26, 29, 10, 13, 23], [28, 14, 13, 31, 27, 11, 26, 18], [26, 14, 20, 5, 16, 8, 0, 13], [27, 13, 19, 23, 21, 9, 16, 15], [30, 28, 10, 14, 2, 21, 12, 8], [18, 28, 14, 26, 22, 6, 4, 2], [31, 4, 28, 14, 29, 16, 20, 21], [21, 0, 6, 25, 29, 27, 2, 10], [0, 8, 11, 3, 20, 5, 28, 29], [2, 9, 19, 31, 26, 18, 22, 28], [18, 2, 10, 20, 30, 23, 9, 28], [4, 23, 25, 13, 24, 16, 22, 11], [1, 23, 15, 8, 22, 0, 21, 16], [1, 4, 16, 12, 20, 31, 21, 19], [26, 28, 20, 14, 25, 10, 24, 2], [18, 27, 20, 19, 5, 1, 25, 10], [16, 20, 11, 31, 7, 26, 4, 9], [16, 26, 6, 25, 9, 17, 8, 14], [8, 3, 27, 10, 13, 1, 7, 12], [23, 27, 10, 24, 20, 28, 30, 18], [2, 13, 10, 7, 0, 17, 5, 26], [22, 8, 21, 4, 31, 29, 11, 15], [4, 17, 19, 12, 3, 31, 5, 2], [28, 1, 11, 18, 10, 6, 30, 21], [27, 18, 19, 5, 1, 22, 25, 8], [5, 10, 14, 11, 4, 8, 22, 15], [13, 12, 5, 14, 29, 1, 28, 25], [20, 29, 10, 25, 22, 17, 14, 2], [15, 3, 20, 7, 31, 10, 0, 14], [22, 23, 1, 10, 13, 21, 29, 8], [10, 18, 12, 27, 1, 2, 11, 13], [30, 2, 8, 24, 21, 11, 29, 7], [11, 5, 20, 24, 7, 29, 18, 15], [23, 13, 31, 0, 24, 21, 2, 3], [16, 21, 29, 11, 3, 7, 5, 13], [30, 24, 22, 0, 12, 29, 6, 15], [14, 16, 15, 2, 13, 6, 17, 9], [22, 17, 28, 1, 26, 21, 20, 7], [25, 17, 0, 21, 8, 4, 9, 19], [21, 4, 8, 25, 23, 20, 30, 26], [31, 10, 30, 25, 18, 8, 27, 23], [10, 23, 9, 27, 12, 11, 26, 21], [10, 3, 21, 28, 13, 4, 9, 19], [4, 27, 28, 9, 21, 19, 6, 3], [20, 2, 6, 4, 0, 26, 28, 19], [5, 22, 16, 25, 13, 27, 3, 21], [26, 23, 9, 8, 7, 1, 11, 4], [4, 11, 17, 22, 9, 26, 21, 19], [9, 29, 1, 5, 17, 0, 24, 10], [10, 29, 0, 12, 1, 21, 5, 31], [22, 29, 17, 19, 31, 18, 2, 7], [0, 3, 26, 30, 25, 13, 14, 7], [20, 0, 9, 11, 3, 28, 2, 22], [24, 5, 18, 17, 27, 9, 20, 6], [16, 23, 22, 1, 2, 15, 21, 29], [31, 22, 9, 17, 4, 16, 26, 25], [1, 24, 6, 21, 26, 30, 15, 2], [23, 25, 7, 15, 18, 22, 14, 9], [25, 2, 9, 10, 18, 0, 28, 31], [16, 1, 4, 18, 31, 3, 8, 17], [19, 8, 30, 9, 13, 22, 16, 1], [18, 26, 31, 15, 7, 10, 8, 11], [17, 2, 7, 27, 6, 14, 26, 20], [30, 20, 19, 7, 17, 15, 2, 8], [8, 7, 11, 3, 5, 17, 24, 16], [30, 2, 12, 6, 14, 17, 25, 23], [1, 15, 25, 20, 28, 16, 10, 2], [7, 1, 14, 31, 8, 10, 11, 25], [2, 5, 15, 19, 16, 6, 14, 12], [29, 1, 14, 31, 2, 17, 18, 13], [23, 28, 26, 15, 19, 4, 24, 14], [15, 24, 27, 0, 5, 19, 25, 20], [31, 25, 9, 8, 2, 15, 17, 10], [10, 8, 16, 17, 19, 22, 28, 1], [4, 6, 29, 22, 25, 13, 8, 9], [10, 31, 24, 21, 12, 9, 2, 18], [29, 27, 17, 16, 21, 11, 3, 15], [4, 11, 29, 15, 14, 25, 2, 3], [28, 22, 6, 17, 24, 4, 3, 18], [2, 4, 30, 16, 9, 14, 22, 11], [13, 20, 15, 3, 17, 2, 0, 29], [15, 30, 20, 0, 10, 1, 9, 26], [2, 13, 4, 11, 12, 6, 30, 24], [10, 9, 12, 11, 3, 7, 29, 15], [1, 30, 20, 26, 10, 18, 15, 13], [3, 4, 10, 6, 5, 0, 9, 8]]",8,0.6545042991638184,128,random,0.3333333333333333,18944,4.0,124,0.733252227306366,71,64 120 8 114,4715,0.7120682597160339,test,top_r_mean,1.0,0.5,0.25,0.5
0.01942042178728569,1.0,206,1.0,31,0.04100007936358452,qasper,0.8,0.25,0.2,0.0,1910.14599:ee2c9bc24d70daa0c87e38e0558e09ab97feb4f2,mean,1.0,0.0,,0,0.0,128,full_k,0.5,105456,4.0,124,0.0,0,32 0 120 112,6591,1.0,test,top_r_mean,1.0,1.0,1.0,1.0
0.01942042178728569,0.0,206,0.0,31,9.831199888139963,qasper,0.8,0.0,0.0,0.0,1910.14599:ee2c9bc24d70daa0c87e38e0558e09ab97feb4f2,mean,0.6418659720577788,0.06050393730401993,,1,1.238629937171936,128,mean,0.0,3296,4.0,124,1.270189642906189,0,112 96 192 120,6591,0.8221142292022705,test,top_r_mean,0.0,0.0,0.5,0.25
0.01942042178728569,0.0,206,0.0,31,141.39399980194867,qasper,0.8,0.0,0.0,0.0,1910.14599:ee2c9bc24d70daa0c87e38e0558e09ab97feb4f2,mean,0.23457257873549608,0.2698632776737213,"[[24], [24], [24], [24], [24], [24], [24], [24], [24], [24], [24], [24], [24], [24], [24], [24], [24], [24], [24], [24], [24], [24], [24], [24], [24], [24], [24], [24], [24], [24], [24], [24], [24], [24], [24], [24], [24], [24], [24], [24], [24], [24], [24], [24], [24], [24], [24], [24], [24], [24], [24], [24], [24], [24], [24], [24], [24], [24], [24], [24], [24], [24], [24], [24], [24], [24], [24], [24], [24], [24], [24], [24], [24], [24], [24], [24], [24], [24], [24], [24], [24], [24], [24], [24], [24], [24], [24], [24], [24], [24], [24], [24], [24], [24], [24], [24], [24], [24], [24], [24], [24], [24], [24], [24], [24], [24], [24], [24], [24], [24], [24], [24], [24], [24], [24], [24], [24], [24], [24], [24], [24], [24], [24], [24], [24], [24], [24], [24], [24], [24], [24], [24], [24], [24], [24], [24], [24], [24], [24], [24], [24], [24], [24], [24], [24], [24], [24], [24], [24], [24], [24], [24], [24], [24], [24], [24], [24], [24], [24], [24], [24], [24], [24], [24], [24], [24], [24], [24], [24], [24], [24], [24], [24], [24], [24], [24], [24], [24], [24], [24], [24], [24], [24], [24], [24], [24], [24], [24], [24], [24], [24], [24], [24], [24], [24], [24], [24], [24], [24], [24], [24], [24], [24], [24], [24], [23]]",1,1.265855073928833,128,last,0.0,3296,4.0,124,1.4627342224121094,0,15 65 20 37,6591,0.3488714098930359,test,top_r_mean,0.0,0.0,0.0,0.0
0.01942042178728569,0.0,206,0.0,31,116.36859993450344,qasper,0.8,0.0,0.0,0.0,1910.14599:ee2c9bc24d70daa0c87e38e0558e09ab97feb4f2,mean,0.3848922566895572,0.11189199239015579,"[[20], [15], [22], [30], [9], [29], [7], [18], [17], [2], [16], [12], [29], [26], [24], [14], [25], [11], [23], [20], [17], [16], [18], [0], [24], [13], [1], [18], [14], [15], [8], [13], [25], [15], [2], [22], [4], [26], [6], [19], [4], [25], [15], [15], [29], [19], [12], [24], [25], [27], [2], [23], [26], [20], [5], [14], [21], [22], [24], [25], [5], [22], [4], [30], [26], [29], [16], [14], [31], [7], [4], [16], [7], [7], [21], [11], [19], [0], [24], [21], [2], [2], [27], [16], [5], [14], [17], [23], [10], [6], [8], [17], [8], [25], [22], [31], [27], [16], [16], [18], [15], [18], [10], [22], [24], [2], [10], [27], [26], [28], [7], [15], [6], [12], [31], [4], [17], [28], [9], [17], [24], [18], [0], [13], [5], [16], [11], [27], [17], [14], [21], [14], [28], [20], [5], [4], [11], [27], [11], [10], [2], [15], [25], [16], [15], [0], [21], [12], [14], [16], [15], [15], [11], [16], [25], [26], [16], [1], [23], [9], [13], [9], [27], [13], [24], [18], [4], [28], [3], [30], [9], [24], [31], [23], [22], [22], [16], [19], [1], [27], [16], [8], [22], [7], [7], [6], [23], [8], [31], [19], [24], [7], [23], [27], [31], [16], [18], [6], [24], [18], [5], [9], [6], [6], [20], [22]]",1,0.8867183923721313,128,farthest,0.0,3296,4.0,124,0.9757668375968933,0,72 142 114 151,6591,0.5447442531585693,test,top_r_mean,0.0,0.0,0.0,0.125
0.01942042178728569,0.0,206,0.0,31,125.68209995515645,qasper,0.8,0.0,0.0,0.0,1910.14599:ee2c9bc24d70daa0c87e38e0558e09ab97feb4f2,mean,0.6028415818138764,0.08369135856628418,"[[17], [8], [19], [10], [3], [0], [3], [1], [1], [25], [6], [11], [1], [28], [22], [24], [3], [2], [27], [27], [24], [14], [27], [13], [15], [8], [31], [13], [4], [15], [7], [7], [8], [7], [0], [27], [18], [24], [31], [25], [9], [24], [2], [25], [13], [10], [13], [14], [13], [0], [4], [21], [21], [7], [31], [29], [30], [1], [16], [5], [8], [29], [0], [11], [4], [24], [24], [20], [6], [1], [16], [24], [7], [25], [19], [25], [8], [3], [30], [10], [25], [3], [5], [29], [13], [28], [9], [18], [5], [0], [21], [1], [3], [19], [20], [8], [10], [21], [5], [7], [21], [7], [5], [25], [21], [22], [5], [12], [2], [7], [3], [19], [17], [29], [31], [15], [16], [4], [31], [0], [4], [2], [29], [0], [13], [31], [1], [14], [30], [1], [21], [5], [17], [11], [8], [30], [10], [7], [1], [17], [15], [1], [23], [14], [26], [13], [22], [10], [22], [25], [14], [15], [2], [23], [22], [30], [26], [8], [29], [14], [28], [9], [3], [2], [1], [9], [31], [12], [16], [18], [20], [4], [15], [1], [8], [27], [10], [17], [1], [22], [23], [6], [22], [1], [11], [18], [29], [8], [1], [13], [4], [1], [11], [12], [14], [27], [6], [25], [3], [15], [15], [6], [8], [28], [0], [13]]",1,0.3717915117740631,128,greedy_oracle,0.0,3296,4.0,124,0.4886091649532318,0,128 11 160 15,6591,0.791106641292572,test,top_r_mean,0.0,0.0,0.0,0.0
0.01942042178728569,0.0,206,0.0,31,129.5397998765111,qasper,0.8,0.0,0.0,0.0,1910.14599:ee2c9bc24d70daa0c87e38e0558e09ab97feb4f2,mean,0.2614728865735259,0.49909430742263794,"[[30], [7], [6], [5], [30], [20], [30], [15], [18], [31], [27], [29], [14], [26], [30], [17], [5], [7], [13], [7], [3], [16], [1], [10], [16], [5], [12], [27], [0], [16], [0], [25], [26], [30], [12], [11], [1], [9], [23], [8], [0], [9], [22], [1], [16], [17], [8], [1], [5], [26], [12], [28], [16], [15], [11], [14], [2], [19], [12], [25], [0], [7], [2], [7], [4], [22], [8], [8], [23], [11], [23], [26], [15], [18], [3], [19], [16], [9], [31], [8], [19], [30], [14], [24], [17], [11], [22], [13], [29], [22], [22], [15], [29], [5], [0], [25], [3], [16], [20], [16], [21], [13], [3], [4], [25], [0], [24], [26], [21], [31], [2], [1], [24], [20], [15], [19], [27], [25], [27], [6], [8], [6], [4], [2], [14], [5], [3], [11], [7], [3], [30], [7], [5], [1], [1], [21], [16], [20], [12], [28], [12], [30], [18], [5], [2], [12], [24], [18], [19], [30], [19], [12], [21], [4], [29], [20], [8], [27], [24], [11], [29], [29], [12], [25], [15], [21], [21], [31], [28], [10], [6], [18], [8], [15], [30], [22], [3], [14], [29], [19], [2], [28], [0], [11], [31], [29], [20], [14], [10], [16], [10], [16], [10], [13], [8], [23], [4], [8], [22], [25], [17], [22], [17], [29], [10], [1]]",1,1.2652759552001953,128,random,0.0,3296,4.0,124,1.401464581489563,11,40 100 64 145,6591,0.3790155351161957,test,top_r_mean,0.0,0.0,0.0,0.125
0.01942042178728569,0.0,206,0.0,31,134.63420001789927,qasper,0.8,0.0,0.0,0.0,1910.14599:ee2c9bc24d70daa0c87e38e0558e09ab97feb4f2,mean,0.24821217144210278,0.47955581545829773,"[[23], [3], [6], [2], [11], [24], [15], [9], [4], [28], [28], [18], [2], [28], [31], [1], [27], [7], [27], [13], [14], [31], [1], [19], [22], [25], [25], [28], [7], [20], [1], [29], [16], [12], [21], [31], [9], [27], [29], [29], [14], [14], [3], [7], [3], [8], [25], [9], [9], [12], [14], [26], [26], [31], [5], [0], [29], [12], [4], [10], [28], [8], [7], [21], [22], [23], [19], [6], [29], [26], [29], [17], [0], [31], [13], [0], [12], [23], [9], [3], [3], [18], [31], [27], [6], [24], [13], [11], [6], [6], [19], [23], [13], [10], [1], [10], [13], [16], [14], [5], [23], [25], [14], [21], [4], [6], [1], [27], [17], [14], [16], [20], [19], [8], [10], [10], [2], [9], [8], [16], [1], [25], [31], [29], [29], [30], [27], [4], [25], [21], [31], [12], [15], [8], [17], [20], [24], [31], [31], [15], [19], [24], [27], [7], [30], [5], [6], [2], [17], [10], [6], [8], [21], [9], [27], [5], [16], [25], [10], [14], [31], [6], [26], [24], [28], [10], [20], [25], [29], [14], [12], [8], [9], [3], [16], [27], [12], [2], [19], [20], [23], [29], [14], [8], [12], [6], [31], [21], [2], [25], [28], [17], [28], [7], [22], [30], [4], [6], [20], [8], [18], [2], [2], [19], [19], [0]]",1,1.2149090766906738,128,random,0.0,3296,4.0,124,1.3528236150741577,23,72 35 96 56,6591,0.3603997528553009,test,top_r_mean,0.0,0.0,0.0,0.25
0.01942042178728569,0.0,206,0.0,31,131.27260003238916,qasper,0.8,0.0,0.0,0.0,1910.14599:ee2c9bc24d70daa0c87e38e0558e09ab97feb4f2,mean,0.26421974899360645,0.7458479404449463,"[[1], [5], [8], [24], [11], [2], [11], [31], [17], [20], [18], [22], [9], [23], [13], [18], [30], [26], [1], [31], [10], [7], [7], [14], [26], [28], [15], [29], [23], [27], [12], [16], [15], [12], [27], [26], [21], [8], [17], [14], [25], [21], [28], [29], [25], [0], [22], [25], [4], [24], [15], [3], [18], [2], [10], [29], [14], [30], [16], [20], [28], [11], [5], [17], [5], [1], [12], [22], [29], [8], [28], [29], [16], [27], [11], [15], [16], [27], [19], [21], [4], [18], [19], [6], [19], [16], [11], [14], [0], [7], [22], [31], [8], [2], [29], [26], [18], [20], [13], [22], [6], [26], [21], [2], [23], [19], [10], [9], [1], [12], [0], [3], [10], [5], [29], [16], [18], [24], [10], [15], [21], [29], [24], [30], [11], [6], [24], [6], [26], [12], [3], [26], [17], [11], [5], [24], [11], [11], [9], [28], [16], [8], [18], [6], [10], [29], [17], [21], [0], [24], [9], [24], [8], [14], [12], [0], [0], [21], [4], [18], [25], [18], [1], [15], [27], [9], [20], [19], [10], [6], [19], [3], [31], [8], [13], [20], [9], [29], [17], [15], [11], [20], [26], [21], [0], [1], [28], [31], [10], [14], [24], [3], [9], [18], [16], [17], [12], [28], [21], [11], [22], [19], [11], [27], [24], [7]]",1,1.2575416564941406,128,random,0.0,3296,4.0,124,1.4207929372787476,37,88 184 28 165,6591,0.38036221265792847,test,top_r_mean,0.0,0.0,0.0,0.25
0.01942042178728569,0.0,206,0.0,31,134.15800011716783,qasper,0.8,0.0,0.0,0.0,1910.14599:ee2c9bc24d70daa0c87e38e0558e09ab97feb4f2,mean,0.23940326781908597,0.5370769500732422,"[[16], [10], [14], [0], [9], [22], [31], [2], [14], [21], [28], [17], [4], [25], [20], [15], [11], [16], [17], [7], [26], [6], [31], [9], [16], [11], [21], [5], [23], [13], [30], [19], [4], [14], [21], [15], [27], [24], [21], [18], [0], [22], [19], [8], [7], [0], [28], [30], [26], [9], [30], [5], [19], [19], [3], [16], [17], [5], [0], [23], [4], [4], [0], [2], [20], [29], [28], [21], [15], [5], [17], [28], [21], [11], [14], [4], [21], [3], [1], [28], [4], [18], [10], [22], [31], [3], [18], [3], [29], [14], [27], [13], [6], [29], [26], [10], [31], [14], [20], [15], [22], [8], [10], [10], [15], [3], [18], [13], [23], [2], [8], [25], [29], [18], [17], [11], [3], [2], [27], [20], [25], [7], [12], [1], [31], [29], [5], [5], [7], [20], [27], [9], [17], [23], [17], [3], [13], [30], [20], [0], [26], [20], [18], [13], [14], [10], [25], [20], [20], [5], [0], [29], [26], [18], [20], [27], [6], [29], [25], [31], [31], [4], [14], [25], [13], [28], [15], [5], [6], [8], [10], [15], [17], [30], [18], [31], [25], [16], [18], [5], [8], [2], [11], [10], [17], [10], [19], [23], [5], [20], [16], [19], [19], [22], [3], [17], [6], [26], [26], [3], [27], [14], [19], [1], [6], [21]]",1,1.2510451078414917,128,random,0.0,3296,4.0,124,1.4151033163070679,53,40 28 136 37,6591,0.3462947905063629,test,top_r_mean,0.0,0.0,0.0,0.125
0.01942042178728569,0.0,206,0.0,31,125.91729988344014,qasper,0.8,0.0,0.0,0.0,1910.14599:ee2c9bc24d70daa0c87e38e0558e09ab97feb4f2,mean,0.19355908122188017,0.2169899344444275,"[[13], [24], [4], [31], [7], [3], [30], [12], [26], [22], [13], [24], [25], [26], [21], [2], [4], [12], [14], [7], [31], [11], [22], [18], [15], [16], [10], [15], [9], [25], [19], [30], [2], [7], [24], [30], [31], [22], [25], [20], [4], [26], [29], [10], [3], [14], [20], [19], [13], [19], [18], [5], [17], [7], [18], [9], [31], [7], [24], [20], [2], [9], [21], [26], [19], [3], [21], [20], [19], [13], [18], [2], [9], [18], [21], [18], [27], [2], [6], [19], [31], [22], [18], [25], [15], [14], [24], [12], [25], [29], [17], [25], [10], [12], [16], [5], [9], [4], [21], [5], [12], [17], [9], [0], [12], [24], [29], [31], [16], [1], [3], [30], [9], [30], [11], [4], [19], [7], [20], [23], [6], [8], [12], [23], [31], [14], [8], [23], [19], [20], [0], [1], [11], [17], [9], [16], [27], [5], [23], [17], [18], [20], [15], [14], [17], [15], [4], [10], [2], [28], [25], [4], [4], [3], [12], [22], [13], [31], [28], [30], [22], [27], [19], [21], [30], [11], [0], [27], [28], [20], [10], [1], [25], [27], [17], [6], [26], [25], [25], [30], [13], [26], [9], [9], [15], [2], [17], [17], [5], [2], [14], [6], [24], [15], [0], [25], [29], [13], [31], [21], [2], [12], [20], [3], [9], [13]]",1,1.1846753358840942,128,random,0.0,3296,4.0,124,1.350930094718933,71,33 67 48 193,6591,0.278606116771698,test,top_r_mean,0.0,0.0,0.0,0.25
0.01942042178728569,0.0,206,0.0,31,140.881999861449,qasper,0.8,0.0,0.0,0.0,1910.14599:ee2c9bc24d70daa0c87e38e0558e09ab97feb4f2,mean,0.2589154629410372,0.21842537820339203,"[[24, 25], [24, 25], [24, 25], [24, 25], [24, 25], [24, 25], [24, 25], [24, 25], [24, 25], [24, 25], [24, 25], [24, 25], [24, 25], [24, 25], [24, 25], [24, 25], [24, 25], [24, 25], [24, 25], [24, 25], [24, 25], [24, 25], [24, 25], [24, 25], [24, 25], [24, 25], [24, 25], [24, 25], [24, 25], [24, 25], [24, 25], [24, 25], [24, 25], [24, 25], [24, 25], [24, 25], [24, 25], [24, 25], [24, 25], [24, 25], [24, 25], [24, 25], [24, 25], [24, 25], [24, 25], [24, 25], [24, 25], [24, 25], [24, 25], [24, 25], [24, 25], [24, 25], [24, 25], [24, 25], [24, 25], [24, 25], [24, 25], [24, 25], [24, 25], [24, 25], [24, 25], [24, 25], [24, 25], [24, 25], [24, 25], [24, 25], [24, 25], [24, 25], [24, 25], [24, 25], [24, 25], [24, 25], [24, 25], [24, 25], [24, 25], [24, 25], [24, 25], [24, 25], [24, 25], [24, 25], [24, 25], [24, 25], [24, 25], [24, 25], [24, 25], [24, 25], [24, 25], [24, 25], [24, 25], [24, 25], [24, 25], [24, 25], [24, 25], [24, 25], [24, 25], [24, 25], [24, 25], [24, 25], [24, 25], [24, 25], [24, 25], [24, 25], [24, 25], [24, 25], [24, 25], [24, 25], [24, 25], [24, 25], [24, 25], [24, 25], [24, 25], [24, 25], [24, 25], [24, 25], [24, 25], [24, 25], [24, 25], [24, 25], [24, 25], [24, 25], [24, 25], [24, 25], [24, 25], [24, 25], [24, 25], [24, 25], [24, 25], [24, 25], [24, 25], [24, 25], [24, 25], [24, 25], [24, 25], [24, 25], [24, 25], [24, 25], [24, 25], [24, 25], [24, 25], [24, 25], [24, 25], [24, 25], [24, 25], [24, 25], [24, 25], [24, 25], [24, 25], [24, 25], [24, 25], [24, 25], [24, 25], [24, 25], [24, 25], [24, 25], [24, 25], [24, 25], [24, 25], [24, 25], [24, 25], [24, 25], [24, 25], [24, 25], [24, 25], [24, 25], [24, 25], [24, 25], [24, 25], [24, 25], [24, 25], [24, 25], [24, 25], [24, 25], [24, 25], [24, 25], [24, 25], [24, 25], [24, 25], [24, 25], [24, 25], [24, 25], [24, 25], [24, 25], [24, 25], [24, 25], [24, 25], [24, 25], [24, 25], [24, 25], [24, 25], [24, 25], [24, 25], [24, 25], [24, 25], [24, 25], [24, 25], [24, 25], [24, 25], [24, 25], [24, 25], [24, 25], [24, 25], [24, 25], [24, 25], [24, 25], [24, 25], [23, 24]]",2,1.2845581769943237,128,last,0.0,6592,4.0,124,1.4439711570739746,0,65 37 28 41,6591,0.37211474776268005,test,top_r_mean,0.0,0.0,0.0,0.0
0.01942042178728569,0.0,206,0.0,31,131.48039998486638,qasper,0.8,0.0,0.0,0.0,1910.14599:ee2c9bc24d70daa0c87e38e0558e09ab97feb4f2,mean,0.4749704001894388,0.44075697660446167,"[[20, 0], [15, 0], [22, 13], [30, 16], [9, 20], [29, 11], [7, 24], [18, 20], [17, 0], [2, 9], [16, 22], [12, 8], [29, 18], [26, 29], [24, 30], [14, 3], [25, 0], [11, 5], [23, 7], [20, 6], [17, 1], [16, 25], [18, 24], [0, 28], [24, 0], [13, 17], [1, 23], [18, 23], [14, 0], [15, 30], [8, 18], [13, 20], [25, 0], [15, 3], [2, 15], [22, 29], [4, 2], [26, 30], [6, 19], [19, 27], [4, 0], [25, 3], [15, 3], [15, 28], [29, 8], [19, 27], [12, 19], [24, 15], [25, 0], [27, 24], [2, 30], [23, 5], [26, 30], [20, 19], [5, 26], [14, 31], [21, 0], [22, 25], [24, 19], [25, 10], [5, 27], [22, 7], [4, 30], [30, 16], [26, 0], [29, 3], [16, 6], [14, 21], [31, 28], [7, 21], [4, 12], [16, 9], [7, 0], [7, 3], [21, 0], [11, 3], [19, 5], [0, 31], [24, 29], [21, 1], [2, 0], [2, 10], [27, 5], [16, 22], [5, 14], [14, 21], [17, 31], [23, 26], [10, 0], [6, 19], [8, 25], [17, 2], [8, 2], [25, 21], [22, 9], [31, 16], [27, 0], [16, 2], [16, 3], [18, 0], [15, 24], [18, 27], [10, 3], [22, 2], [24, 0], [2, 13], [10, 19], [27, 19], [26, 7], [28, 19], [7, 22], [15, 22], [6, 0], [12, 5], [31, 19], [4, 31], [17, 7], [28, 16], [9, 29], [17, 30], [24, 0], [18, 31], [0, 30], [13, 21], [5, 24], [16, 20], [11, 30], [27, 15], [17, 0], [14, 5], [21, 25], [14, 16], [28, 9], [20, 9], [5, 18], [4, 19], [11, 0], [27, 14], [11, 26], [10, 26], [2, 29], [15, 18], [25, 28], [16, 12], [15, 0], [0, 8], [21, 6], [12, 25], [14, 18], [16, 6], [15, 3], [15, 1], [11, 0], [16, 11], [25, 20], [26, 3], [16, 27], [1, 14], [23, 9], [9, 17], [13, 0], [9, 25], [27, 1], [13, 29], [24, 14], [18, 9], [4, 20], [28, 4], [3, 0], [30, 24], [9, 12], [24, 5], [31, 7], [23, 18], [22, 28], [22, 9], [16, 0], [19, 30], [1, 21], [27, 11], [16, 19], [8, 11], [22, 31], [7, 16], [7, 0], [6, 30], [23, 8], [8, 4], [31, 14], [19, 18], [24, 14], [7, 13], [23, 0], [27, 24], [31, 15], [16, 23], [18, 31], [6, 25], [24, 11], [18, 7], [5, 0], [9, 1], [6, 9], [6, 0], [20, 3], [22, 15]]",2,1.368026852607727,128,farthest,0.0,6592,4.0,124,1.4686095714569092,0,72 200 136 32,6591,0.6449450850486755,test,top_r_mean,0.0,0.0,0.25,0.25
0.01942042178728569,0.0,206,0.0,31,129.04809997417033,qasper,0.8,0.0,0.0,0.0,1910.14599:ee2c9bc24d70daa0c87e38e0558e09ab97feb4f2,mean,0.7288183755623964,0.11081814020872116,"[[17, 0], [8, 9], [19, 18], [10, 8], [3, 29], [0, 4], [3, 2], [1, 0], [1, 0], [25, 0], [6, 11], [11, 12], [1, 4], [28, 2], [22, 10], [24, 23], [3, 0], [2, 7], [27, 30], [27, 29], [24, 29], [14, 1], [27, 8], [13, 12], [15, 0], [8, 9], [31, 20], [13, 15], [4, 23], [15, 27], [7, 11], [7, 6], [8, 0], [7, 8], [0, 21], [27, 31], [18, 20], [24, 25], [31, 0], [25, 12], [9, 0], [24, 10], [2, 4], [25, 22], [13, 16], [10, 12], [13, 11], [14, 13], [13, 0], [0, 1], [4, 7], [21, 22], [21, 20], [7, 27], [31, 20], [29, 25], [30, 0], [1, 3], [16, 13], [5, 24], [8, 3], [29, 30], [0, 2], [11, 20], [4, 0], [24, 5], [24, 14], [20, 19], [6, 0], [1, 3], [16, 20], [24, 26], [7, 0], [25, 19], [19, 9], [25, 27], [8, 11], [3, 26], [30, 29], [10, 12], [25, 0], [3, 17], [5, 7], [29, 5], [13, 24], [28, 31], [9, 4], [18, 20], [5, 0], [0, 12], [21, 26], [1, 8], [3, 0], [19, 25], [20, 0], [8, 23], [10, 0], [21, 9], [5, 11], [7, 17], [21, 22], [7, 0], [5, 11], [25, 27], [21, 0], [22, 9], [5, 6], [12, 13], [2, 9], [7, 11], [3, 4], [19, 21], [17, 0], [29, 17], [31, 14], [15, 4], [16, 17], [4, 26], [31, 13], [0, 23], [4, 0], [2, 5], [29, 25], [0, 10], [13, 21], [31, 7], [1, 8], [14, 29], [30, 0], [1, 0], [21, 12], [5, 14], [17, 27], [11, 24], [8, 2], [30, 29], [10, 0], [7, 11], [1, 4], [17, 18], [15, 20], [1, 19], [23, 25], [14, 0], [26, 0], [13, 12], [22, 19], [10, 6], [22, 7], [25, 12], [14, 6], [15, 16], [2, 0], [23, 25], [22, 17], [30, 13], [26, 29], [8, 9], [29, 28], [14, 3], [28, 0], [9, 19], [3, 4], [2, 7], [1, 9], [9, 24], [31, 30], [12, 3], [16, 0], [18, 22], [20, 31], [4, 13], [15, 22], [1, 0], [8, 7], [27, 3], [10, 0], [17, 23], [1, 19], [22, 23], [23, 4], [6, 2], [22, 14], [1, 14], [11, 0], [18, 19], [29, 11], [8, 6], [1, 19], [13, 25], [4, 3], [1, 3], [11, 0], [12, 15], [14, 16], [27, 26], [6, 0], [25, 26], [3, 22], [15, 16], [15, 0], [6, 26], [8, 20], [28, 30], [0, 1], [13, 30]]",2,0.360911101102829,128,greedy_oracle,0.0,6592,4.0,124,0.3884826898574829,0,128 160 200 120,6591,0.8921036720275879,test,top_r_mean,0.0,0.0,0.25,0.25
0.01942042178728569,0.0,206,0.0,31,143.16380000673234,qasper,0.8,0.0,0.0,0.0,1910.14599:ee2c9bc24d70daa0c87e38e0558e09ab97feb4f2,mean,0.3485200094719394,0.14908279478549957,"[[30, 3], [7, 12], [6, 25], [5, 15], [30, 14], [20, 3], [30, 0], [15, 2], [18, 5], [31, 12], [27, 10], [29, 0], [14, 13], [26, 22], [30, 1], [17, 30], [5, 21], [7, 26], [13, 21], [7, 30], [3, 4], [16, 31], [1, 11], [10, 4], [16, 1], [5, 18], [12, 27], [27, 9], [0, 22], [16, 0], [0, 26], [25, 17], [26, 15], [30, 17], [12, 17], [11, 15], [1, 0], [9, 11], [23, 2], [8, 18], [0, 17], [9, 31], [22, 12], [1, 0], [16, 10], [17, 7], [8, 20], [1, 2], [5, 1], [26, 10], [12, 30], [28, 6], [16, 4], [15, 1], [11, 24], [14, 22], [2, 19], [19, 28], [12, 14], [25, 10], [0, 10], [7, 12], [2, 31], [7, 9], [4, 31], [22, 8], [8, 11], [8, 13], [23, 29], [11, 1], [23, 10], [26, 6], [15, 30], [18, 16], [3, 14], [19, 27], [16, 3], [9, 23], [31, 2], [8, 30], [19, 14], [30, 19], [14, 26], [24, 10], [17, 21], [11, 14], [22, 0], [13, 3], [29, 11], [22, 11], [22, 7], [15, 29], [29, 5], [5, 0], [0, 8], [25, 28], [3, 16], [16, 4], [20, 7], [16, 29], [21, 26], [13, 15], [3, 1], [4, 31], [25, 4], [0, 11], [24, 26], [26, 13], [21, 3], [31, 21], [2, 19], [1, 6], [24, 17], [20, 10], [15, 23], [19, 25], [27, 26], [25, 0], [27, 23], [6, 3], [8, 16], [6, 18], [4, 15], [2, 11], [14, 10], [5, 8], [3, 7], [11, 20], [7, 12], [3, 21], [30, 2], [7, 13], [5, 3], [1, 4], [1, 10], [21, 16], [16, 3], [20, 21], [12, 26], [28, 24], [12, 21], [30, 1], [18, 9], [5, 6], [2, 31], [12, 17], [24, 7], [18, 20], [19, 16], [30, 20], [19, 24], [12, 15], [21, 3], [4, 15], [29, 21], [20, 9], [8, 6], [27, 13], [24, 22], [11, 16], [29, 20], [29, 18], [12, 10], [25, 15], [15, 9], [21, 16], [21, 4], [31, 12], [28, 14], [10, 11], [6, 16], [18, 8], [8, 24], [15, 19], [30, 15], [22, 31], [3, 7], [14, 18], [29, 9], [19, 8], [2, 5], [28, 21], [0, 28], [11, 21], [31, 2], [29, 14], [20, 14], [14, 3], [10, 9], [16, 23], [10, 15], [16, 26], [10, 29], [13, 26], [8, 21], [23, 11], [4, 29], [8, 15], [22, 20], [25, 4], [17, 15], [22, 1], [17, 23], [29, 31], [10, 17], [1, 5]]",2,1.2630842924118042,128,random,0.0,6592,4.0,124,1.3525574207305908,11,40 145 200 48,6591,0.4913966953754425,test,top_r_mean,0.0,0.0,0.0,0.25
0.01942042178728569,0.0,206,0.0,31,143.94699991680682,qasper,0.8,0.0,0.0,0.0,1910.14599:ee2c9bc24d70daa0c87e38e0558e09ab97feb4f2,mean,0.2900781434998816,0.16286969184875488,"[[23, 8], [3, 14], [6, 14], [2, 31], [11, 19], [24, 22], [15, 14], [9, 22], [4, 29], [28, 23], [28, 16], [18, 26], [2, 27], [28, 1], [31, 28], [1, 9], [27, 9], [7, 16], [27, 3], [13, 29], [14, 15], [31, 19], [1, 13], [19, 3], [22, 13], [25, 11], [25, 2], [28, 5], [7, 11], [20, 1], [1, 2], [29, 1], [16, 29], [12, 14], [21, 5], [31, 9], [9, 5], [27, 6], [29, 20], [29, 7], [14, 19], [14, 1], [3, 13], [7, 11], [3, 11], [8, 31], [25, 24], [9, 24], [9, 15], [12, 31], [14, 25], [26, 8], [26, 2], [31, 29], [5, 22], [0, 8], [29, 24], [12, 25], [4, 30], [10, 6], [28, 0], [8, 9], [7, 19], [21, 4], [22, 2], [23, 1], [19, 30], [6, 9], [29, 12], [26, 20], [29, 20], [17, 19], [0, 12], [31, 3], [13, 30], [0, 25], [12, 20], [23, 30], [9, 26], [3, 20], [3, 15], [18, 22], [31, 6], [27, 11], [6, 27], [24, 21], [13, 20], [11, 23], [6, 2], [6, 5], [19, 21], [23, 31], [13, 3], [10, 7], [1, 18], [10, 5], [13, 26], [16, 30], [14, 15], [5, 6], [23, 28], [25, 18], [14, 9], [21, 15], [4, 18], [6, 9], [1, 22], [27, 15], [17, 20], [14, 2], [16, 12], [20, 22], [19, 15], [8, 10], [10, 12], [10, 28], [2, 0], [9, 13], [8, 18], [16, 4], [1, 29], [25, 23], [31, 18], [29, 26], [29, 10], [30, 23], [27, 29], [4, 16], [25, 31], [21, 26], [31, 16], [12, 27], [15, 23], [8, 23], [17, 30], [20, 18], [24, 25], [31, 18], [31, 15], [15, 8], [19, 8], [24, 5], [27, 28], [7, 19], [30, 12], [5, 0], [6, 26], [2, 21], [17, 25], [10, 21], [6, 7], [8, 4], [21, 6], [9, 5], [27, 10], [5, 1], [16, 7], [25, 5], [10, 25], [14, 17], [31, 30], [6, 25], [26, 14], [24, 12], [28, 25], [10, 14], [20, 28], [25, 16], [29, 24], [14, 8], [12, 11], [8, 22], [9, 2], [3, 8], [16, 18], [27, 28], [12, 28], [2, 31], [19, 23], [20, 0], [23, 13], [29, 23], [14, 3], [8, 20], [12, 23], [6, 8], [31, 12], [21, 15], [2, 20], [25, 20], [28, 1], [17, 13], [28, 6], [7, 29], [22, 12], [30, 24], [4, 23], [6, 14], [20, 4], [8, 23], [18, 28], [2, 24], [2, 31], [19, 3], [19, 15], [0, 13]]",2,1.2376751899719238,128,random,0.0,6592,4.0,124,1.330511450767517,23,72 96 150 136,6591,0.4197654724121094,test,top_r_mean,0.0,0.0,0.0,0.125
0.01942042178728569,0.0,206,0.0,31,133.38000001385808,qasper,0.8,0.0,0.0,0.0,1910.14599:ee2c9bc24d70daa0c87e38e0558e09ab97feb4f2,mean,0.2715131423158892,0.19148172438144684,"[[1, 22], [5, 18], [8, 15], [24, 28], [11, 13], [2, 29], [11, 8], [31, 11], [17, 11], [20, 2], [18, 26], [22, 27], [9, 25], [23, 25], [13, 4], [18, 7], [30, 21], [26, 20], [1, 12], [31, 28], [10, 15], [7, 24], [7, 19], [14, 17], [26, 8], [28, 1], [15, 30], [29, 31], [23, 8], [27, 23], [12, 16], [16, 27], [15, 1], [12, 2], [27, 4], [26, 1], [21, 12], [8, 11], [17, 7], [14, 5], [25, 11], [21, 29], [28, 13], [29, 3], [25, 20], [0, 2], [22, 16], [25, 7], [4, 25], [24, 31], [15, 30], [3, 20], [18, 30], [2, 20], [10, 1], [29, 26], [14, 19], [30, 11], [16, 8], [20, 2], [28, 30], [11, 9], [5, 15], [17, 26], [5, 30], [1, 12], [12, 9], [22, 21], [29, 18], [8, 22], [28, 14], [29, 5], [16, 0], [27, 14], [11, 6], [15, 25], [16, 7], [27, 18], [19, 23], [21, 31], [4, 29], [18, 11], [19, 10], [6, 31], [19, 31], [16, 3], [11, 25], [14, 6], [0, 22], [7, 1], [22, 8], [31, 20], [8, 2], [2, 7], [29, 19], [26, 14], [18, 16], [20, 19], [13, 29], [22, 16], [6, 19], [26, 11], [21, 3], [2, 20], [23, 24], [19, 31], [10, 7], [9, 5], [1, 19], [12, 14], [0, 4], [3, 23], [10, 3], [5, 21], [29, 17], [16, 14], [18, 1], [24, 4], [10, 30], [15, 16], [21, 29], [29, 5], [24, 17], [30, 22], [11, 23], [6, 31], [24, 10], [6, 11], [26, 7], [12, 0], [3, 21], [26, 9], [17, 8], [11, 10], [5, 10], [24, 13], [11, 28], [11, 22], [9, 22], [28, 12], [16, 15], [8, 26], [18, 25], [6, 8], [10, 2], [29, 31], [17, 25], [21, 27], [0, 29], [24, 15], [9, 13], [24, 16], [8, 31], [14, 31], [12, 10], [0, 5], [0, 31], [21, 4], [4, 30], [18, 29], [25, 5], [18, 29], [1, 29], [15, 27], [27, 8], [9, 17], [20, 28], [19, 15], [10, 24], [6, 12], [19, 27], [3, 7], [31, 29], [8, 16], [13, 9], [20, 16], [9, 16], [29, 28], [17, 21], [15, 4], [11, 5], [20, 29], [26, 3], [21, 3], [0, 25], [1, 20], [28, 24], [31, 1], [10, 25], [14, 11], [24, 27], [3, 25], [9, 18], [18, 6], [16, 1], [17, 19], [12, 8], [28, 21], [21, 18], [11, 29], [22, 5], [19, 9], [11, 10], [27, 1], [24, 4], [7, 27]]",2,1.2228423357009888,128,random,0.0,6592,4.0,124,1.3287068605422974,37,72 184 88 142,6591,0.38839825987815857,test,top_r_mean,0.0,0.0,0.0,0.25
0.01942042178728569,0.0,206,0.0,31,139.17810004204512,qasper,0.8,0.0,0.0,0.0,1910.14599:ee2c9bc24d70daa0c87e38e0558e09ab97feb4f2,mean,0.2569263556713237,0.19342416524887085,"[[16, 22], [10, 29], [14, 4], [0, 25], [9, 1], [22, 0], [31, 13], [2, 13], [14, 10], [21, 12], [28, 4], [17, 28], [4, 31], [25, 6], [20, 27], [15, 6], [11, 21], [16, 19], [17, 28], [7, 6], [26, 5], [6, 4], [31, 21], [9, 5], [16, 29], [11, 14], [21, 27], [5, 2], [23, 15], [13, 15], [30, 14], [19, 6], [4, 20], [14, 0], [21, 11], [15, 1], [27, 5], [24, 0], [21, 15], [18, 22], [0, 23], [22, 27], [19, 29], [8, 24], [7, 16], [0, 4], [28, 19], [30, 13], [26, 10], [9, 30], [30, 11], [5, 4], [19, 5], [19, 23], [3, 26], [16, 30], [17, 26], [5, 27], [0, 15], [23, 16], [4, 3], [4, 15], [0, 23], [2, 5], [20, 17], [29, 13], [28, 20], [21, 23], [15, 17], [5, 21], [17, 22], [28, 31], [21, 28], [11, 18], [14, 16], [4, 2], [21, 28], [3, 8], [1, 23], [28, 11], [4, 7], [18, 22], [10, 19], [22, 13], [31, 13], [3, 27], [18, 4], [3, 22], [29, 20], [14, 10], [27, 1], [13, 15], [6, 10], [29, 5], [26, 9], [10, 24], [31, 23], [14, 21], [20, 6], [15, 5], [22, 15], [8, 9], [10, 14], [10, 13], [15, 10], [3, 26], [18, 24], [13, 29], [23, 3], [2, 10], [8, 0], [25, 10], [29, 6], [18, 4], [17, 30], [11, 1], [3, 1], [2, 31], [27, 31], [20, 0], [25, 12], [7, 4], [12, 16], [1, 15], [31, 10], [29, 8], [5, 28], [5, 31], [7, 25], [20, 18], [27, 5], [9, 12], [17, 11], [23, 14], [17, 29], [3, 16], [13, 7], [30, 4], [20, 16], [0, 19], [26, 30], [20, 15], [18, 5], [13, 3], [14, 9], [10, 30], [25, 10], [20, 13], [20, 29], [5, 3], [0, 7], [29, 31], [26, 19], [18, 25], [20, 0], [27, 26], [6, 2], [29, 25], [25, 3], [31, 16], [31, 21], [4, 13], [14, 4], [25, 29], [13, 24], [28, 20], [15, 16], [5, 28], [6, 12], [8, 25], [10, 4], [15, 4], [17, 7], [30, 29], [18, 12], [31, 27], [25, 6], [16, 9], [18, 17], [5, 19], [8, 4], [2, 15], [11, 13], [10, 27], [17, 27], [10, 30], [19, 29], [23, 29], [5, 19], [20, 17], [16, 0], [19, 12], [19, 28], [22, 0], [3, 2], [17, 12], [6, 31], [26, 28], [26, 6], [3, 30], [27, 15], [14, 20], [19, 0], [1, 4], [6, 21], [21, 10]]",2,1.2575809955596924,128,random,0.0,6592,4.0,124,1.3790969848632812,53,40 136 153 113,6591,0.37589117884635925,test,top_r_mean,0.0,0.0,0.0,0.0
0.01942042178728569,0.0,206,0.0,31,137.80570006929338,qasper,0.8,0.0,0.0,0.0,1910.14599:ee2c9bc24d70daa0c87e38e0558e09ab97feb4f2,mean,0.2675349277764622,0.1388772428035736,"[[13, 11], [24, 6], [4, 21], [31, 1], [7, 12], [3, 25], [30, 26], [12, 4], [26, 10], [22, 9], [13, 27], [24, 11], [25, 22], [26, 17], [21, 5], [2, 15], [4, 26], [12, 18], [14, 31], [7, 27], [31, 20], [11, 13], [22, 23], [18, 31], [15, 26], [16, 8], [10, 5], [15, 0], [9, 16], [25, 7], [19, 31], [30, 27], [2, 15], [7, 31], [24, 6], [30, 18], [31, 10], [22, 2], [25, 9], [20, 29], [4, 11], [26, 4], [29, 30], [10, 30], [3, 11], [14, 17], [20, 4], [19, 14], [13, 29], [19, 23], [18, 22], [5, 18], [17, 14], [7, 14], [18, 12], [9, 18], [31, 28], [7, 27], [24, 17], [20, 19], [2, 30], [9, 5], [21, 8], [26, 16], [19, 5], [3, 20], [21, 20], [20, 8], [19, 3], [13, 9], [18, 10], [2, 17], [9, 3], [18, 29], [21, 2], [18, 28], [27, 1], [2, 10], [6, 15], [19, 2], [31, 12], [22, 28], [18, 30], [25, 1], [15, 21], [14, 5], [24, 11], [12, 19], [25, 9], [29, 25], [17, 0], [25, 24], [10, 7], [12, 6], [16, 3], [5, 30], [9, 21], [4, 19], [21, 14], [5, 19], [12, 7], [17, 6], [9, 30], [0, 2], [12, 24], [24, 16], [29, 16], [31, 24], [16, 10], [1, 25], [3, 6], [30, 25], [9, 25], [30, 24], [11, 10], [4, 0], [19, 5], [7, 16], [20, 13], [23, 28], [6, 13], [8, 13], [12, 11], [23, 1], [31, 29], [14, 27], [8, 22], [23, 5], [19, 30], [20, 4], [0, 24], [1, 2], [11, 6], [17, 28], [9, 16], [16, 11], [27, 17], [5, 4], [23, 20], [17, 16], [18, 1], [20, 23], [15, 7], [14, 26], [17, 22], [15, 8], [4, 20], [10, 4], [2, 13], [28, 26], [25, 10], [4, 13], [4, 24], [3, 21], [12, 26], [22, 16], [13, 8], [31, 22], [28, 7], [30, 11], [22, 9], [27, 11], [19, 27], [21, 6], [30, 17], [11, 12], [0, 3], [27, 25], [28, 9], [20, 29], [10, 2], [1, 10], [25, 5], [27, 11], [17, 19], [6, 30], [26, 22], [25, 31], [25, 13], [30, 16], [13, 3], [26, 29], [9, 23], [9, 23], [15, 0], [2, 25], [17, 23], [17, 11], [5, 8], [2, 30], [14, 10], [6, 22], [24, 11], [15, 29], [0, 8], [25, 18], [29, 30], [13, 21], [31, 11], [21, 15], [2, 28], [12, 3], [20, 8], [3, 27], [9, 30], [13, 26]]",2,1.2258380651474,128,random,0.0,6592,4.0,124,1.3200459480285645,71,184 56 25 192,6591,0.3864983916282654,test,top_r_mean,0.0,0.0,0.0,0.125
0.01942042178728569,0.0,206,0.0,31,161.12600010819733,qasper,0.8,0.0,0.0,0.0,1910.14599:ee2c9bc24d70daa0c87e38e0558e09ab97feb4f2,mean,0.2695240350461757,0.1663389354944229,"[[24, 25, 26, 27], [24, 25, 26, 27], [24, 25, 26, 27], [24, 25, 26, 27], [24, 25, 26, 27], [24, 25, 26, 27], [24, 25, 26, 27], [24, 25, 26, 27], [24, 25, 26, 27], [24, 25, 26, 27], [24, 25, 26, 27], [24, 25, 26, 27], [24, 25, 26, 27], [24, 25, 26, 27], [24, 25, 26, 27], [24, 25, 26, 27], [24, 25, 26, 27], [24, 25, 26, 27], [24, 25, 26, 27], [24, 25, 26, 27], [24, 25, 26, 27], [24, 25, 26, 27], [24, 25, 26, 27], [24, 25, 26, 27], [24, 25, 26, 27], [24, 25, 26, 27], [24, 25, 26, 27], [24, 25, 26, 27], [24, 25, 26, 27], [24, 25, 26, 27], [24, 25, 26, 27], [24, 25, 26, 27], [24, 25, 26, 27], [24, 25, 26, 27], [24, 25, 26, 27], [24, 25, 26, 27], [24, 25, 26, 27], [24, 25, 26, 27], [24, 25, 26, 27], [24, 25, 26, 27], [24, 25, 26, 27], [24, 25, 26, 27], [24, 25, 26, 27], [24, 25, 26, 27], [24, 25, 26, 27], [24, 25, 26, 27], [24, 25, 26, 27], [24, 25, 26, 27], [24, 25, 26, 27], [24, 25, 26, 27], [24, 25, 26, 27], [24, 25, 26, 27], [24, 25, 26, 27], [24, 25, 26, 27], [24, 25, 26, 27], [24, 25, 26, 27], [24, 25, 26, 27], [24, 25, 26, 27], [24, 25, 26, 27], [24, 25, 26, 27], [24, 25, 26, 27], [24, 25, 26, 27], [24, 25, 26, 27], [24, 25, 26, 27], [24, 25, 26, 27], [24, 25, 26, 27], [24, 25, 26, 27], [24, 25, 26, 27], [24, 25, 26, 27], [24, 25, 26, 27], [24, 25, 26, 27], [24, 25, 26, 27], [24, 25, 26, 27], [24, 25, 26, 27], [24, 25, 26, 27], [24, 25, 26, 27], [24, 25, 26, 27], [24, 25, 26, 27], [24, 25, 26, 27], [24, 25, 26, 27], [24, 25, 26, 27], [24, 25, 26, 27], [24, 25, 26, 27], [24, 25, 26, 27], [24, 25, 26, 27], [24, 25, 26, 27], [24, 25, 26, 27], [24, 25, 26, 27], [24, 25, 26, 27], [24, 25, 26, 27], [24, 25, 26, 27], [24, 25, 26, 27], [24, 25, 26, 27], [24, 25, 26, 27], [24, 25, 26, 27], [24, 25, 26, 27], [24, 25, 26, 27], [24, 25, 26, 27], [24, 25, 26, 27], [24, 25, 26, 27], [24, 25, 26, 27], [24, 25, 26, 27], [24, 25, 26, 27], [24, 25, 26, 27], [24, 25, 26, 27], [24, 25, 26, 27], [24, 25, 26, 27], [24, 25, 26, 27], [24, 25, 26, 27], [24, 25, 26, 27], [24, 25, 26, 27], [24, 25, 26, 27], [24, 25, 26, 27], [24, 25, 26, 27], [24, 25, 26, 27], [24, 25, 26, 27], [24, 25, 26, 27], [24, 25, 26, 27], [24, 25, 26, 27], [24, 25, 26, 27], [24, 25, 26, 27], [24, 25, 26, 27], [24, 25, 26, 27], [24, 25, 26, 27], [24, 25, 26, 27], [24, 25, 26, 27], [24, 25, 26, 27], [24, 25, 26, 27], [24, 25, 26, 27], [24, 25, 26, 27], [24, 25, 26, 27], [24, 25, 26, 27], [24, 25, 26, 27], [24, 25, 26, 27], [24, 25, 26, 27], [24, 25, 26, 27], [24, 25, 26, 27], [24, 25, 26, 27], [24, 25, 26, 27], [24, 25, 26, 27], [24, 25, 26, 27], [24, 25, 26, 27], [24, 25, 26, 27], [24, 25, 26, 27], [24, 25, 26, 27], [24, 25, 26, 27], [24, 25, 26, 27], [24, 25, 26, 27], [24, 25, 26, 27], [24, 25, 26, 27], [24, 25, 26, 27], [24, 25, 26, 27], [24, 25, 26, 27], [24, 25, 26, 27], [24, 25, 26, 27], [24, 25, 26, 27], [24, 25, 26, 27], [24, 25, 26, 27], [24, 25, 26, 27], [24, 25, 26, 27], [24, 25, 26, 27], [24, 25, 26, 27], [24, 25, 26, 27], [24, 25, 26, 27], [24, 25, 26, 27], [24, 25, 26, 27], [24, 25, 26, 27], [24, 25, 26, 27], [24, 25, 26, 27], [24, 25, 26, 27], [24, 25, 26, 27], [24, 25, 26, 27], [24, 25, 26, 27], [24, 25, 26, 27], [24, 25, 26, 27], [24, 25, 26, 27], [24, 25, 26, 27], [24, 25, 26, 27], [24, 25, 26, 27], [24, 25, 26, 27], [24, 25, 26, 27], [24, 25, 26, 27], [24, 25, 26, 27], [24, 25, 26, 27], [24, 25, 26, 27], [24, 25, 26, 27], [24, 25, 26, 27], [24, 25, 26, 27], [24, 25, 26, 27], [24, 25, 26, 27], [24, 25, 26, 27], [24, 25, 26, 27], [24, 25, 26, 27], [24, 25, 26, 27], [24, 25, 26, 27], [24, 25, 26, 27], [24, 25, 26, 27], [24, 25, 26, 27], [24, 25, 26, 27], [24, 25, 26, 27], [24, 25, 26, 27], [24, 25, 26, 27], [24, 25, 26, 27], [24, 25, 26, 27], [24, 25, 26, 27], [23, 24, 25, 26]]",4,1.2701866626739502,128,last,0.0,13184,4.0,124,1.374258279800415,0,153 195 65 90,6591,0.38502952456474304,test,top_r_mean,0.0,0.0,0.0,0.0
0.01942042178728569,0.0,206,0.0,31,146.75329998135567,qasper,0.8,0.0,0.0,0.0,1910.14599:ee2c9bc24d70daa0c87e38e0558e09ab97feb4f2,mean,0.4525219038598153,0.08928602933883667,"[[20, 0, 31, 14], [15, 0, 22, 6], [22, 13, 28, 14], [30, 16, 2, 27], [9, 20, 1, 26], [29, 11, 19, 6], [7, 24, 22, 14], [18, 20, 22, 31], [17, 0, 25, 1], [2, 9, 23, 8], [16, 22, 9, 1], [12, 8, 23, 28], [29, 18, 14, 0], [26, 29, 10, 7], [24, 30, 7, 19], [14, 3, 1, 10], [25, 0, 29, 6], [11, 5, 3, 1], [23, 7, 4, 31], [20, 6, 24, 11], [17, 1, 7, 31], [16, 25, 12, 8], [18, 24, 8, 13], [0, 28, 25, 17], [24, 0, 26, 29], [13, 17, 29, 22], [1, 23, 27, 8], [18, 23, 22, 24], [14, 0, 16, 22], [15, 30, 1, 9], [8, 18, 26, 31], [13, 20, 10, 12], [25, 0, 4, 20], [15, 3, 28, 1], [2, 15, 17, 30], [22, 29, 27, 15], [4, 2, 30, 27], [26, 30, 3, 2], [6, 19, 12, 20], [19, 27, 29, 11], [4, 0, 17, 22], [25, 3, 24, 16], [15, 3, 19, 0], [15, 28, 19, 25], [29, 8, 23, 21], [19, 27, 17, 13], [12, 19, 14, 18], [24, 15, 26, 8], [25, 0, 28, 29], [27, 24, 2, 25], [2, 30, 25, 27], [23, 5, 6, 2], [26, 30, 28, 19], [20, 19, 31, 14], [5, 26, 17, 25], [14, 31, 30, 6], [21, 0, 16, 14], [22, 25, 7, 29], [24, 19, 0, 2], [25, 10, 17, 3], [5, 27, 4, 30], [22, 7, 27, 24], [4, 30, 19, 13], [30, 16, 24, 15], [26, 0, 19, 24], [29, 3, 18, 27], [16, 6, 25, 30], [14, 21, 0, 29], [31, 28, 19, 3], [7, 21, 22, 19], [4, 12, 28, 24], [16, 9, 1, 15], [7, 0, 19, 13], [7, 3, 24, 19], [21, 0, 25, 30], [11, 3, 5, 29], [19, 5, 14, 8], [0, 31, 10, 9], [24, 29, 31, 28], [21, 1, 6, 30], [2, 0, 26, 16], [2, 10, 18, 27], [27, 5, 10, 21], [16, 22, 13, 11], [5, 14, 24, 18], [14, 21, 22, 29], [17, 31, 12, 21], [23, 26, 15, 0], [10, 0, 22, 27], [6, 19, 30, 14], [8, 25, 14, 9], [17, 2, 3, 25], [8, 2, 17, 30], [25, 21, 9, 17], [22, 9, 18, 1], [31, 16, 9, 7], [27, 0, 17, 11], [16, 2, 14, 29], [16, 3, 10, 14], [18, 0, 28, 9], [15, 24, 25, 23], [18, 27, 8, 11], [10, 3, 9, 4], [22, 2, 30, 14], [24, 0, 3, 15], [2, 13, 20, 11], [10, 19, 1, 22], [27, 19, 31, 12], [26, 7, 0, 4], [28, 19, 3, 9], [7, 22, 9, 21], [15, 22, 19, 7], [6, 0, 25, 31], [12, 5, 13, 29], [31, 19, 23, 10], [4, 31, 7, 16], [17, 7, 11, 25], [28, 16, 5, 24], [9, 29, 8, 3], [17, 30, 12, 3], [24, 0, 15, 2], [18, 31, 8, 2], [0, 30, 6, 26], [13, 21, 8, 1], [5, 24, 27, 31], [16, 20, 31, 0], [11, 30, 15, 0], [27, 15, 3, 18], [17, 0, 3, 30], [14, 5, 21, 30], [21, 25, 23, 4], [14, 16, 30, 21], [28, 9, 13, 6], [20, 9, 28, 8], [5, 18, 15, 27], [4, 19, 1, 14], [11, 0, 16, 8], [27, 14, 12, 2], [11, 26, 25, 19], [10, 26, 12, 16], [2, 29, 11, 5], [15, 18, 13, 29], [25, 28, 14, 4], [16, 12, 25, 8], [15, 0, 24, 1], [0, 8, 28, 25], [21, 6, 2, 23], [12, 25, 8, 19], [14, 18, 30, 29], [16, 6, 1, 30], [15, 3, 2, 31], [15, 1, 4, 31], [11, 0, 4, 31], [16, 11, 14, 12], [25, 20, 4, 23], [26, 3, 11, 13], [16, 27, 26, 31], [1, 14, 10, 15], [23, 9, 15, 27], [9, 17, 28, 14], [13, 0, 28, 2], [9, 25, 20, 22], [27, 1, 21, 9], [13, 29, 8, 0], [24, 14, 3, 8], [18, 9, 20, 14], [4, 20, 23, 22], [28, 4, 0, 10], [3, 0, 15, 11], [30, 24, 20, 14], [9, 12, 23, 27], [24, 5, 19, 21], [31, 7, 24, 23], [23, 18, 25, 20], [22, 28, 31, 9], [22, 9, 30, 12], [16, 0, 1, 23], [19, 30, 13, 29], [1, 21, 25, 16], [27, 11, 2, 31], [16, 19, 9, 7], [8, 11, 22, 7], [22, 31, 7, 15], [7, 16, 22, 18], [7, 0, 6, 31], [6, 30, 28, 2], [23, 8, 25, 30], [8, 4, 14, 2], [31, 14, 28, 20], [19, 18, 14, 23], [24, 14, 12, 25], [7, 13, 6, 15], [23, 0, 8, 13], [27, 24, 17, 19], [31, 15, 23, 17], [16, 23, 26, 28], [18, 31, 22, 29], [6, 25, 28, 5], [24, 11, 9, 20], [18, 7, 11, 6], [5, 0, 25, 26], [9, 1, 5, 7], [6, 9, 21, 15], [6, 0, 14, 29], [20, 3, 30, 25], [22, 15, 30, 17]]",4,1.5828434228897095,128,farthest,0.0,13184,4.0,124,1.6383992433547974,0,160 176 40 128,6591,0.6273657083511353,test,top_r_mean,0.0,0.0,0.0,0.125
0.01942042178728569,0.0,206,0.0,31,143.66280008107424,qasper,0.8,0.0,0.0,0.0,1910.14599:ee2c9bc24d70daa0c87e38e0558e09ab97feb4f2,mean,0.7856500118399242,0.0024976558052003384,"[[17, 0, 1, 4], [8, 9, 12, 10], [19, 18, 0, 1], [10, 8, 9, 21], [3, 29, 5, 16], [0, 4, 3, 1], [3, 2, 27, 20], [1, 0, 19, 26], [1, 0, 3, 8], [25, 0, 27, 26], [6, 11, 14, 7], [11, 12, 20, 13], [1, 4, 2, 5], [28, 2, 10, 8], [22, 10, 11, 28], [24, 23, 11, 5], [3, 0, 19, 1], [2, 7, 0, 4], [27, 30, 28, 29], [27, 29, 2, 30], [24, 29, 10, 16], [14, 1, 15, 4], [27, 8, 25, 29], [13, 12, 1, 2], [15, 0, 17, 1], [8, 9, 13, 16], [31, 20, 1, 30], [13, 15, 18, 0], [4, 23, 24, 5], [15, 27, 2, 3], [7, 11, 21, 6], [7, 6, 16, 24], [8, 0, 9, 26], [7, 8, 11, 6], [0, 21, 27, 1], [27, 31, 30, 4], [18, 20, 7, 0], [24, 25, 26, 19], [31, 0, 4, 30], [25, 12, 5, 10], [9, 0, 24, 3], [24, 10, 25, 29], [2, 4, 20, 5], [25, 22, 6, 18], [13, 16, 22, 17], [10, 12, 25, 19], [13, 11, 4, 12], [14, 13, 9, 7], [13, 0, 14, 3], [0, 1, 13, 6], [4, 7, 5, 29], [21, 22, 17, 10], [21, 20, 22, 23], [7, 27, 28, 11], [31, 20, 14, 19], [29, 25, 28, 11], [30, 0, 28, 31], [1, 3, 0, 6], [16, 13, 17, 24], [5, 24, 6, 8], [8, 3, 22, 0], [29, 30, 3, 31], [0, 2, 4, 1], [11, 20, 3, 7], [4, 0, 3, 8], [24, 5, 31, 25], [24, 14, 0, 15], [20, 19, 31, 3], [6, 0, 20, 18], [1, 3, 0, 24], [16, 20, 17, 23], [24, 26, 28, 29], [7, 0, 6, 17], [25, 19, 31, 23], [19, 9, 4, 2], [25, 27, 28, 30], [8, 11, 10, 28], [3, 26, 0, 23], [30, 29, 2, 5], [10, 12, 9, 17], [25, 0, 27, 30], [3, 17, 2, 16], [5, 7, 9, 6], [29, 5, 9, 4], [13, 24, 26, 25], [28, 31, 30, 29], [9, 4, 17, 22], [18, 20, 19, 21], [5, 0, 13, 1], [0, 12, 16, 14], [21, 26, 20, 27], [1, 8, 16, 7], [3, 0, 16, 19], [19, 25, 20, 29], [20, 0, 8, 17], [8, 23, 15, 10], [10, 0, 4, 26], [21, 9, 22, 19], [5, 11, 16, 17], [7, 17, 8, 5], [21, 22, 29, 28], [7, 0, 9, 29], [5, 11, 19, 8], [25, 27, 13, 0], [21, 0, 31, 8], [22, 9, 24, 0], [5, 6, 17, 28], [12, 13, 14, 15], [2, 9, 12, 3], [7, 11, 31, 5], [3, 4, 30, 14], [19, 21, 20, 26], [17, 0, 3, 4], [29, 17, 15, 18], [31, 14, 4, 1], [15, 4, 0, 18], [16, 17, 23, 2], [4, 26, 28, 3], [31, 13, 9, 2], [0, 23, 24, 5], [4, 0, 17, 11], [2, 5, 29, 18], [29, 25, 19, 3], [0, 10, 13, 23], [13, 21, 2, 23], [31, 7, 1, 2], [1, 8, 9, 11], [14, 29, 24, 10], [30, 0, 5, 13], [1, 0, 9, 17], [21, 12, 14, 22], [5, 14, 15, 27], [17, 27, 23, 28], [11, 24, 14, 17], [8, 2, 30, 20], [30, 29, 26, 16], [10, 0, 13, 7], [7, 11, 13, 29], [1, 4, 3, 11], [17, 18, 19, 1], [15, 20, 18, 25], [1, 19, 3, 20], [23, 25, 13, 12], [14, 0, 1, 16], [26, 0, 27, 16], [13, 12, 16, 17], [22, 19, 0, 11], [10, 6, 29, 1], [22, 7, 2, 10], [25, 12, 21, 13], [14, 6, 7, 15], [15, 16, 7, 10], [2, 0, 25, 8], [23, 25, 24, 13], [22, 17, 24, 5], [30, 13, 2, 17], [26, 29, 28, 30], [8, 9, 28, 19], [29, 28, 30, 13], [14, 3, 5, 23], [28, 0, 26, 9], [9, 19, 4, 3], [3, 4, 6, 30], [2, 7, 13, 22], [1, 9, 6, 7], [9, 24, 26, 12], [31, 30, 0, 28], [12, 3, 9, 16], [16, 0, 26, 1], [18, 22, 21, 31], [20, 31, 19, 29], [4, 13, 28, 17], [15, 22, 18, 29], [1, 0, 13, 29], [8, 7, 22, 21], [27, 3, 23, 26], [10, 0, 21, 11], [17, 23, 24, 20], [1, 19, 5, 9], [22, 23, 21, 6], [23, 4, 3, 14], [6, 2, 4, 8], [22, 14, 25, 30], [1, 14, 20, 7], [11, 0, 7, 12], [18, 19, 1, 9], [29, 11, 5, 2], [8, 6, 19, 9], [1, 19, 12, 11], [13, 25, 5, 19], [4, 3, 6, 11], [1, 3, 5, 28], [11, 0, 22, 12], [12, 15, 14, 5], [14, 16, 20, 17], [27, 26, 9, 31], [6, 0, 1, 28], [25, 26, 30, 27], [3, 22, 5, 8], [15, 16, 18, 19], [15, 0, 17, 14], [6, 26, 10, 9], [8, 20, 24, 13], [28, 30, 5, 31], [0, 1, 2, 4], [13, 30, 14, 16]]",4,0.4080130457878113,128,greedy_oracle,0.0,13184,4.0,124,0.4144512414932251,0,160 72 120 200,6591,0.9298279881477356,test,top_r_mean,0.0,0.0,0.25,0.5
0.01942042178728569,0.0,206,0.0,31,137.47779978439212,qasper,0.8,0.0,0.0,0.0,1910.14599:ee2c9bc24d70daa0c87e38e0558e09ab97feb4f2,mean,0.4272318257163154,0.09672154486179352,"[[30, 3, 21, 14], [7, 12, 23, 22], [6, 25, 17, 10], [5, 15, 19, 17], [30, 14, 2, 0], [20, 3, 24, 23], [30, 0, 16, 28], [15, 2, 8, 16], [18, 5, 9, 28], [31, 12, 7, 16], [27, 10, 24, 23], [29, 0, 18, 11], [14, 13, 26, 18], [26, 22, 5, 17], [30, 1, 28, 7], [17, 30, 4, 5], [5, 21, 13, 22], [7, 26, 11, 0], [13, 21, 8, 24], [7, 30, 21, 1], [3, 4, 19, 8], [16, 31, 25, 11], [1, 11, 15, 26], [10, 4, 3, 27], [16, 1, 6, 30], [5, 18, 9, 6], [12, 27, 3, 8], [27, 9, 15, 29], [0, 22, 28, 16], [16, 0, 24, 28], [0, 26, 25, 7], [25, 17, 20, 7], [26, 15, 13, 24], [30, 17, 9, 23], [12, 17, 16, 25], [11, 15, 6, 23], [1, 0, 11, 19], [9, 11, 25, 6], [23, 2, 25, 18], [8, 18, 2, 22], [0, 17, 14, 18], [9, 31, 8, 26], [22, 12, 23, 7], [1, 0, 21, 28], [16, 10, 21, 28], [17, 7, 13, 6], [8, 20, 6, 28], [1, 2, 22, 17], [5, 1, 11, 4], [26, 10, 19, 6], [12, 30, 6, 22], [28, 6, 18, 27], [16, 4, 2, 29], [15, 1, 26, 10], [11, 24, 29, 23], [14, 22, 15, 21], [2, 19, 17, 25], [19, 28, 22, 7], [12, 14, 10, 25], [25, 10, 23, 19], [0, 10, 25, 1], [7, 12, 4, 17], [2, 31, 9, 18], [7, 9, 4, 30], [4, 31, 26, 14], [22, 8, 27, 31], [8, 11, 13, 25], [8, 13, 12, 25], [23, 29, 16, 13], [11, 1, 26, 21], [23, 10, 6, 14], [26, 6, 5, 31], [15, 30, 12, 29], [18, 16, 23, 2], [3, 14, 17, 18], [19, 27, 26, 15], [16, 3, 18, 4], [9, 23, 28, 18], [31, 2, 11, 26], [8, 30, 18, 14], [19, 14, 11, 21], [30, 19, 17, 13], [14, 26, 10, 11], [24, 10, 2, 26], [17, 21, 20, 6], [11, 14, 3, 28], [22, 0, 6, 3], [13, 3, 11, 17], [29, 11, 8, 31], [22, 11, 28, 16], [22, 7, 21, 14], [15, 29, 31, 17], [29, 5, 7, 16], [5, 0, 31, 20], [0, 8, 22, 5], [25, 28, 15, 19], [3, 16, 23, 14], [16, 4, 0, 30], [20, 7, 9, 8], [16, 29, 19, 22], [21, 26, 29, 30], [13, 15, 4, 2], [3, 1, 19, 20], [4, 31, 6, 17], [25, 4, 16, 11], [0, 11, 6, 14], [24, 26, 0, 18], [26, 13, 24, 18], [21, 3, 18, 5], [31, 21, 11, 17], [2, 19, 29, 21], [1, 6, 9, 12], [24, 17, 19, 27], [20, 10, 17, 6], [15, 23, 9, 20], [19, 25, 26, 4], [27, 26, 28, 12], [25, 0, 16, 3], [27, 23, 9, 12], [6, 3, 19, 23], [8, 16, 21, 12], [6, 18, 30, 5], [4, 15, 20, 13], [2, 11, 25, 20], [14, 10, 31, 6], [5, 8, 2, 22], [3, 7, 20, 9], [11, 20, 16, 9], [7, 12, 2, 8], [3, 21, 5, 12], [30, 2, 12, 21], [7, 13, 4, 0], [5, 3, 0, 8], [1, 4, 27, 7], [1, 10, 19, 31], [21, 16, 17, 18], [16, 3, 17, 21], [20, 21, 9, 8], [12, 26, 16, 0], [28, 24, 13, 4], [12, 21, 8, 15], [30, 1, 29, 9], [18, 9, 21, 11], [5, 6, 30, 18], [2, 31, 28, 9], [12, 17, 28, 20], [24, 7, 5, 1], [18, 20, 30, 25], [19, 16, 26, 15], [30, 20, 13, 16], [19, 24, 14, 17], [12, 15, 28, 29], [21, 3, 23, 20], [4, 15, 0, 6], [29, 21, 30, 11], [20, 9, 16, 24], [8, 6, 14, 18], [27, 13, 16, 29], [24, 22, 10, 18], [11, 16, 17, 29], [29, 20, 11, 10], [29, 18, 11, 6], [12, 10, 6, 11], [25, 15, 19, 23], [15, 9, 0, 19], [21, 16, 29, 24], [21, 4, 6, 14], [31, 12, 20, 23], [28, 14, 31, 9], [10, 11, 12, 2], [6, 16, 9, 21], [18, 8, 27, 21], [8, 24, 29, 17], [15, 19, 30, 28], [30, 15, 17, 12], [22, 31, 8, 9], [3, 7, 28, 5], [14, 18, 5, 26], [29, 9, 19, 23], [19, 8, 10, 0], [2, 5, 12, 25], [28, 21, 9, 8], [0, 28, 8, 17], [11, 21, 12, 9], [31, 2, 30, 13], [29, 14, 1, 15], [20, 14, 24, 5], [14, 3, 24, 23], [10, 9, 19, 2], [16, 23, 21, 22], [10, 15, 13, 29], [16, 26, 14, 20], [10, 29, 6, 22], [13, 26, 2, 22], [8, 21, 12, 1], [23, 11, 29, 21], [4, 29, 17, 24], [8, 15, 23, 1], [22, 20, 28, 8], [25, 4, 16, 15], [17, 15, 25, 11], [22, 1, 13, 8], [17, 23, 0, 9], [29, 31, 15, 22], [10, 17, 27, 31], [1, 5, 17, 23]]",4,1.235144853591919,128,random,0.0,13184,4.0,124,1.2937605381011963,11,40 112 32 48,6591,0.594791829586029,test,top_r_mean,0.0,0.0,0.5,0.375
0.01942042178728569,0.0,206,0.0,31,140.479699941352,qasper,0.8,0.0,0.0,0.0,1910.14599:ee2c9bc24d70daa0c87e38e0558e09ab97feb4f2,mean,0.3557186834004262,0.11235678195953369,"[[23, 8, 13, 31], [3, 14, 5, 27], [6, 14, 11, 16], [2, 31, 27, 17], [11, 19, 20, 10], [24, 22, 15, 6], [15, 14, 21, 18], [9, 22, 7, 24], [4, 29, 3, 15], [28, 23, 6, 12], [28, 16, 1, 15], [18, 26, 12, 21], [2, 27, 30, 22], [28, 1, 29, 9], [31, 28, 15, 3], [1, 9, 3, 20], [27, 9, 3, 22], [7, 16, 13, 21], [27, 3, 28, 21], [13, 29, 12, 11], [14, 15, 30, 8], [31, 19, 20, 23], [1, 13, 27, 5], [19, 3, 8, 14], [22, 13, 29, 20], [25, 11, 19, 17], [25, 2, 29, 0], [28, 5, 9, 22], [7, 11, 21, 0], [20, 1, 16, 23], [1, 2, 11, 18], [29, 1, 28, 22], [16, 29, 30, 11], [12, 14, 2, 19], [21, 5, 31, 1], [31, 9, 18, 8], [9, 5, 17, 12], [27, 6, 26, 18], [29, 20, 5, 10], [29, 7, 23, 4], [14, 19, 2, 22], [14, 1, 27, 4], [3, 13, 0, 12], [7, 11, 25, 5], [3, 11, 2, 9], [8, 31, 5, 28], [25, 24, 31, 27], [9, 24, 12, 28], [9, 15, 11, 31], [12, 31, 17, 28], [14, 25, 11, 10], [26, 8, 22, 16], [26, 2, 12, 28], [31, 29, 10, 27], [5, 22, 10, 0], [0, 8, 4, 22], [29, 24, 28, 22], [12, 25, 21, 28], [4, 30, 29, 27], [10, 6, 11, 19], [28, 0, 14, 17], [8, 9, 11, 20], [7, 19, 25, 14], [21, 4, 14, 5], [22, 2, 15, 18], [23, 1, 19, 11], [19, 30, 26, 7], [6, 9, 19, 14], [29, 12, 9, 21], [26, 20, 3, 7], [29, 20, 8, 27], [17, 19, 29, 10], [0, 12, 23, 31], [31, 3, 24, 16], [13, 30, 16, 31], [0, 25, 3, 27], [12, 20, 8, 5], [23, 30, 3, 11], [9, 26, 12, 10], [3, 20, 14, 8], [3, 15, 2, 5], [18, 22, 6, 0], [31, 6, 12, 30], [27, 11, 25, 13], [6, 27, 20, 11], [24, 21, 18, 6], [13, 20, 21, 28], [11, 23, 17, 13], [6, 2, 23, 4], [6, 5, 9, 24], [19, 21, 13, 16], [23, 31, 8, 10], [13, 3, 6, 10], [10, 7, 20, 24], [1, 18, 27, 29], [10, 5, 24, 26], [13, 26, 28, 3], [16, 30, 17, 8], [14, 15, 19, 7], [5, 6, 31, 22], [23, 28, 4, 15], [25, 18, 22, 13], [14, 9, 22, 0], [21, 15, 27, 28], [4, 18, 10, 0], [6, 9, 29, 1], [1, 22, 27, 2], [27, 15, 3, 24], [17, 20, 18, 7], [14, 2, 0, 7], [16, 12, 13, 9], [20, 22, 0, 18], [19, 15, 20, 27], [8, 10, 28, 4], [10, 12, 28, 20], [10, 28, 2, 23], [2, 0, 3, 16], [9, 13, 24, 18], [8, 18, 30, 6], [16, 4, 18, 14], [1, 29, 8, 24], [25, 23, 9, 18], [31, 18, 24, 10], [29, 26, 8, 7], [29, 10, 11, 25], [30, 23, 8, 10], [27, 29, 19, 22], [4, 16, 5, 31], [25, 31, 24, 28], [21, 26, 28, 3], [31, 16, 4, 28], [12, 27, 20, 24], [15, 23, 2, 31], [8, 23, 0, 4], [17, 30, 11, 26], [20, 18, 21, 0], [24, 25, 16, 4], [31, 18, 29, 5], [31, 15, 28, 17], [15, 8, 1, 13], [19, 8, 29, 9], [24, 5, 2, 3], [27, 28, 13, 5], [7, 19, 22, 30], [30, 12, 9, 8], [5, 0, 27, 6], [6, 26, 15, 2], [2, 21, 28, 13], [17, 25, 2, 27], [10, 21, 2, 22], [6, 7, 16, 30], [8, 4, 22, 7], [21, 6, 28, 18], [9, 5, 12, 4], [27, 10, 31, 28], [5, 1, 2, 9], [16, 7, 6, 5], [25, 5, 30, 23], [10, 25, 24, 1], [14, 17, 31, 26], [31, 30, 0, 13], [6, 25, 19, 20], [26, 14, 18, 24], [24, 12, 2, 8], [28, 25, 9, 24], [10, 14, 22, 3], [20, 28, 11, 22], [25, 16, 3, 14], [29, 24, 15, 10], [14, 8, 10, 9], [12, 11, 1, 18], [8, 22, 21, 9], [9, 2, 26, 18], [3, 8, 17, 13], [16, 18, 4, 15], [27, 28, 19, 18], [12, 28, 24, 16], [2, 31, 29, 7], [19, 23, 14, 10], [20, 0, 13, 23], [23, 13, 17, 15], [29, 23, 13, 21], [14, 3, 10, 5], [8, 20, 26, 25], [12, 23, 6, 2], [6, 8, 29, 19], [31, 12, 8, 10], [21, 15, 6, 9], [2, 20, 12, 16], [25, 20, 14, 15], [28, 1, 26, 3], [17, 13, 24, 30], [28, 6, 9, 5], [7, 29, 8, 25], [22, 12, 1, 8], [30, 24, 27, 6], [4, 23, 19, 26], [6, 14, 24, 30], [20, 4, 14, 0], [8, 23, 17, 15], [18, 28, 24, 4], [2, 24, 27, 10], [2, 31, 26, 7], [19, 3, 25, 29], [19, 15, 24, 4], [0, 13, 21, 25]]",4,1.2559289932250977,128,random,0.0,13184,4.0,124,1.3213602304458618,23,160 72 104 96,6591,0.506399393081665,test,top_r_mean,0.0,0.0,0.0,0.25
0.01942042178728569,0.0,206,0.0,31,148.6198001075536,qasper,0.8,0.0,0.0,0.0,1910.14599:ee2c9bc24d70daa0c87e38e0558e09ab97feb4f2,mean,0.3717262609519299,0.11744658648967743,"[[1, 22, 11, 15], [5, 18, 12, 23], [8, 15, 3, 26], [24, 28, 23, 26], [11, 13, 5, 16], [2, 29, 16, 22], [11, 8, 13, 19], [31, 11, 27, 6], [17, 11, 6, 31], [20, 2, 23, 4], [18, 26, 7, 11], [22, 27, 6, 15], [9, 25, 13, 3], [23, 25, 10, 19], [13, 4, 3, 0], [18, 7, 11, 24], [30, 21, 26, 25], [26, 20, 11, 16], [1, 12, 28, 13], [31, 28, 18, 26], [10, 15, 16, 29], [7, 24, 14, 22], [7, 19, 31, 3], [14, 17, 19, 28], [26, 8, 20, 12], [28, 1, 18, 23], [15, 30, 12, 14], [29, 31, 14, 8], [23, 8, 4, 11], [27, 23, 29, 11], [12, 16, 17, 31], [16, 27, 22, 0], [15, 1, 18, 25], [12, 2, 4, 10], [27, 4, 8, 6], [26, 1, 0, 12], [21, 12, 20, 30], [8, 11, 0, 28], [17, 7, 26, 18], [14, 5, 25, 15], [25, 11, 12, 2], [21, 29, 26, 22], [28, 13, 21, 19], [29, 3, 21, 14], [25, 20, 8, 27], [0, 2, 24, 31], [22, 16, 29, 15], [25, 7, 8, 6], [4, 25, 27, 16], [24, 31, 21, 4], [15, 30, 12, 29], [3, 20, 17, 12], [18, 30, 16, 25], [2, 20, 23, 3], [10, 1, 19, 30], [29, 26, 5, 17], [14, 19, 17, 27], [30, 11, 22, 31], [16, 8, 4, 14], [20, 2, 1, 11], [28, 30, 13, 24], [11, 9, 24, 30], [5, 15, 24, 12], [17, 26, 10, 13], [5, 30, 22, 28], [1, 12, 8, 19], [12, 9, 22, 10], [22, 21, 0, 31], [29, 18, 6, 14], [8, 22, 9, 4], [28, 14, 24, 2], [29, 5, 1, 6], [16, 0, 15, 21], [27, 14, 0, 30], [11, 6, 7, 20], [15, 25, 0, 14], [16, 7, 0, 14], [27, 18, 1, 3], [19, 23, 5, 18], [21, 31, 3, 7], [4, 29, 13, 19], [18, 11, 29, 4], [19, 10, 21, 6], [6, 31, 18, 25], [19, 31, 28, 23], [16, 3, 21, 4], [11, 25, 0, 5], [14, 6, 8, 25], [0, 22, 4, 9], [7, 1, 5, 27], [22, 8, 15, 13], [31, 20, 27, 18], [8, 2, 29, 12], [2, 7, 23, 0], [29, 19, 13, 24], [26, 14, 11, 4], [18, 16, 17, 2], [20, 19, 27, 6], [13, 29, 28, 23], [22, 16, 6, 19], [6, 19, 20, 18], [26, 11, 25, 19], [21, 3, 28, 26], [2, 20, 31, 30], [23, 24, 30, 20], [19, 31, 18, 11], [10, 7, 24, 31], [9, 5, 3, 6], [1, 19, 12, 3], [12, 14, 5, 15], [0, 4, 18, 13], [3, 23, 20, 5], [10, 3, 6, 28], [5, 21, 16, 9], [29, 17, 5, 26], [16, 14, 2, 4], [18, 1, 20, 12], [24, 4, 17, 6], [10, 30, 11, 22], [15, 16, 5, 27], [21, 29, 19, 2], [29, 5, 16, 21], [24, 17, 19, 3], [30, 22, 17, 7], [11, 23, 0, 15], [6, 31, 23, 4], [24, 10, 4, 11], [6, 11, 12, 24], [26, 7, 16, 6], [12, 0, 17, 7], [3, 21, 23, 16], [26, 9, 7, 6], [17, 8, 7, 6], [11, 10, 9, 0], [5, 10, 1, 22], [24, 13, 23, 28], [11, 28, 17, 18], [11, 22, 25, 27], [9, 22, 12, 13], [28, 12, 19, 10], [16, 15, 19, 31], [8, 26, 31, 27], [18, 25, 19, 12], [6, 8, 2, 18], [10, 2, 12, 31], [29, 31, 5, 14], [17, 25, 4, 23], [21, 27, 17, 28], [0, 29, 25, 7], [24, 15, 8, 14], [9, 13, 12, 16], [24, 16, 25, 9], [8, 31, 27, 16], [14, 31, 1, 0], [12, 10, 11, 1], [0, 5, 15, 9], [0, 31, 22, 7], [21, 4, 22, 24], [4, 30, 24, 0], [18, 29, 15, 22], [25, 5, 11, 21], [18, 29, 15, 12], [1, 29, 17, 30], [15, 27, 1, 6], [27, 8, 23, 22], [9, 17, 6, 24], [20, 28, 5, 2], [19, 15, 6, 29], [10, 24, 1, 18], [6, 12, 22, 28], [19, 27, 15, 14], [3, 7, 27, 5], [31, 29, 17, 4], [8, 16, 18, 19], [13, 9, 2, 19], [20, 16, 22, 12], [9, 16, 15, 14], [29, 28, 22, 20], [17, 21, 31, 24], [15, 4, 18, 6], [11, 5, 21, 4], [20, 29, 0, 18], [26, 3, 10, 2], [21, 3, 0, 24], [0, 25, 14, 5], [1, 20, 30, 16], [28, 24, 15, 22], [31, 1, 27, 21], [10, 25, 6, 3], [14, 11, 22, 17], [24, 27, 6, 18], [3, 25, 14, 21], [9, 18, 30, 24], [18, 6, 16, 19], [16, 1, 28, 4], [17, 19, 5, 15], [12, 8, 30, 16], [28, 21, 14, 4], [21, 18, 16, 2], [11, 29, 4, 9], [22, 5, 10, 29], [19, 9, 1, 18], [11, 10, 16, 20], [27, 1, 19, 22], [24, 4, 9, 21], [7, 27, 6, 16]]",4,1.255026936531067,128,random,0.0,13184,4.0,124,1.3255285024642944,37,88 184 72 28,6591,0.5181487202644348,test,top_r_mean,0.0,0.0,0.0,0.25
0.01942042178728569,0.0,206,0.0,31,135.3898998349905,qasper,0.8,0.0,0.0,0.0,1910.14599:ee2c9bc24d70daa0c87e38e0558e09ab97feb4f2,mean,0.32499763190300274,0.13247056305408478,"[[16, 22, 12, 10], [10, 29, 31, 11], [14, 4, 12, 11], [0, 25, 1, 6], [9, 1, 27, 0], [22, 0, 19, 25], [31, 13, 21, 25], [2, 13, 23, 15], [14, 10, 2, 25], [21, 12, 13, 23], [28, 4, 20, 6], [17, 28, 7, 26], [4, 31, 12, 28], [25, 6, 13, 5], [20, 27, 8, 12], [15, 6, 28, 21], [11, 21, 20, 14], [16, 19, 13, 12], [17, 28, 19, 16], [7, 6, 24, 1], [26, 5, 22, 29], [6, 4, 13, 27], [31, 21, 19, 9], [9, 5, 28, 16], [16, 29, 8, 30], [11, 14, 0, 5], [21, 27, 3, 22], [5, 2, 6, 28], [23, 15, 4, 17], [13, 15, 27, 14], [30, 14, 3, 11], [19, 6, 22, 4], [4, 20, 24, 29], [14, 0, 10, 2], [21, 11, 27, 0], [15, 1, 5, 7], [27, 5, 7, 24], [24, 0, 10, 8], [21, 15, 28, 8], [18, 22, 20, 9], [0, 23, 20, 25], [22, 27, 14, 19], [19, 29, 26, 9], [8, 24, 11, 3], [7, 16, 6, 4], [0, 4, 6, 23], [28, 19, 20, 22], [30, 13, 7, 21], [26, 10, 3, 20], [9, 30, 23, 4], [30, 11, 24, 9], [5, 4, 30, 27], [19, 5, 7, 13], [19, 23, 28, 22], [3, 26, 8, 1], [16, 30, 3, 6], [17, 26, 11, 19], [5, 27, 20, 4], [0, 15, 4, 16], [23, 16, 25, 10], [4, 3, 29, 9], [4, 15, 30, 6], [0, 23, 25, 13], [2, 5, 6, 9], [20, 17, 22, 14], [29, 13, 22, 5], [28, 20, 17, 19], [21, 23, 27, 26], [15, 17, 30, 4], [5, 21, 1, 18], [17, 22, 8, 19], [28, 31, 19, 21], [21, 28, 23, 18], [11, 18, 0, 5], [14, 16, 17, 25], [4, 2, 16, 18], [21, 28, 20, 17], [3, 8, 21, 4], [1, 23, 21, 2], [28, 11, 18, 21], [4, 7, 31, 16], [18, 22, 24, 1], [10, 19, 27, 9], [22, 13, 9, 4], [31, 13, 3, 16], [3, 27, 5, 22], [18, 4, 20, 12], [3, 22, 16, 0], [29, 20, 1, 0], [14, 10, 23, 2], [27, 1, 23, 26], [13, 15, 7, 5], [6, 10, 31, 28], [29, 5, 25, 6], [26, 9, 8, 31], [10, 24, 21, 12], [31, 23, 2, 24], [14, 21, 13, 2], [20, 6, 0, 26], [15, 5, 21, 0], [22, 15, 14, 16], [8, 9, 3, 27], [10, 14, 22, 5], [10, 13, 15, 26], [15, 10, 27, 16], [3, 26, 11, 27], [18, 24, 1, 9], [13, 29, 15, 0], [23, 3, 30, 10], [2, 10, 6, 8], [8, 0, 14, 21], [25, 10, 12, 14], [29, 6, 1, 12], [18, 4, 12, 6], [17, 30, 16, 18], [11, 1, 5, 23], [3, 1, 30, 21], [2, 31, 19, 7], [27, 31, 14, 19], [20, 0, 6, 28], [25, 12, 23, 1], [7, 4, 15, 25], [12, 16, 6, 22], [1, 15, 31, 23], [31, 10, 17, 23], [29, 8, 25, 15], [5, 28, 12, 3], [5, 31, 26, 7], [7, 25, 21, 5], [20, 18, 29, 24], [27, 5, 3, 18], [9, 12, 31, 6], [17, 11, 31, 4], [23, 14, 26, 4], [17, 29, 21, 27], [3, 16, 30, 9], [13, 7, 23, 30], [30, 4, 11, 16], [20, 16, 17, 24], [0, 19, 28, 3], [26, 30, 20, 31], [20, 15, 25, 5], [18, 5, 29, 9], [13, 3, 12, 30], [14, 9, 8, 30], [10, 30, 20, 25], [25, 10, 16, 8], [20, 13, 12, 0], [20, 29, 25, 26], [5, 3, 17, 24], [0, 7, 18, 1], [29, 31, 2, 25], [26, 19, 29, 14], [18, 25, 3, 16], [20, 0, 15, 6], [27, 26, 24, 19], [6, 2, 8, 17], [29, 25, 5, 12], [25, 3, 0, 27], [31, 16, 27, 9], [31, 21, 19, 8], [4, 13, 17, 28], [14, 4, 7, 31], [25, 29, 9, 30], [13, 24, 19, 6], [28, 20, 11, 4], [15, 16, 25, 11], [5, 28, 18, 27], [6, 12, 1, 30], [8, 25, 6, 24], [10, 4, 20, 2], [15, 4, 10, 26], [17, 7, 1, 15], [30, 29, 24, 7], [18, 12, 27, 17], [31, 27, 6, 30], [25, 6, 8, 4], [16, 9, 15, 30], [18, 17, 1, 30], [5, 19, 15, 8], [8, 4, 12, 21], [2, 15, 17, 0], [11, 13, 8, 21], [10, 27, 9, 13], [17, 27, 24, 2], [10, 30, 0, 11], [19, 29, 3, 26], [23, 29, 30, 20], [5, 19, 25, 20], [20, 17, 19, 6], [16, 0, 31, 23], [19, 12, 7, 29], [19, 28, 4, 21], [22, 0, 15, 20], [3, 2, 0, 10], [17, 12, 0, 22], [6, 31, 19, 14], [26, 28, 15, 10], [26, 6, 0, 18], [3, 30, 22, 5], [27, 15, 12, 18], [14, 20, 4, 27], [19, 0, 24, 1], [1, 4, 20, 17], [6, 21, 4, 2], [21, 10, 5, 17]]",4,1.24436616897583,128,random,0.0,13184,4.0,124,1.3253216743469238,53,88 40 136 34,6591,0.4590781331062317,test,top_r_mean,0.0,0.0,0.0,0.125
0.01942042178728569,0.0,206,0.0,31,143.82470003329217,qasper,0.8,0.0,0.0,0.0,1910.14599:ee2c9bc24d70daa0c87e38e0558e09ab97feb4f2,mean,0.3961638645512669,0.10845231264829636,"[[13, 11, 2, 10], [24, 6, 2, 13], [4, 21, 2, 30], [31, 1, 6, 28], [7, 12, 14, 26], [3, 25, 7, 22], [30, 26, 15, 3], [12, 4, 24, 23], [26, 10, 19, 7], [22, 9, 8, 21], [13, 27, 16, 29], [24, 11, 5, 17], [25, 22, 18, 10], [26, 17, 16, 18], [21, 5, 18, 19], [2, 15, 31, 27], [4, 26, 24, 18], [12, 18, 17, 20], [14, 31, 18, 2], [7, 27, 5, 21], [31, 20, 6, 17], [11, 13, 26, 8], [22, 23, 12, 11], [18, 31, 17, 12], [15, 26, 8, 2], [16, 8, 2, 3], [10, 5, 19, 6], [15, 0, 3, 29], [9, 16, 27, 2], [25, 7, 15, 12], [19, 31, 5, 8], [30, 27, 1, 29], [2, 15, 4, 19], [7, 31, 0, 22], [24, 6, 3, 25], [30, 18, 6, 31], [31, 10, 9, 22], [22, 2, 18, 14], [25, 9, 26, 18], [20, 29, 28, 14], [4, 11, 12, 1], [26, 4, 11, 7], [29, 30, 15, 20], [10, 30, 5, 11], [3, 11, 22, 19], [14, 17, 9, 8], [20, 4, 19, 12], [19, 14, 7, 16], [13, 29, 10, 5], [19, 23, 22, 24], [18, 22, 16, 19], [5, 18, 25, 31], [17, 14, 26, 23], [7, 14, 13, 3], [18, 12, 27, 15], [9, 18, 0, 14], [31, 28, 29, 4], [7, 27, 14, 31], [24, 17, 5, 0], [20, 19, 13, 29], [2, 30, 25, 28], [9, 5, 11, 2], [21, 8, 27, 5], [26, 16, 27, 9], [19, 5, 8, 29], [3, 20, 9, 0], [21, 20, 25, 3], [20, 8, 5, 2], [19, 3, 29, 9], [13, 9, 2, 8], [18, 10, 19, 14], [2, 17, 19, 7], [9, 3, 17, 4], [18, 29, 28, 24], [21, 2, 28, 9], [18, 28, 23, 21], [27, 1, 3, 13], [2, 10, 11, 25], [6, 15, 28, 9], [19, 2, 12, 29], [31, 12, 0, 13], [22, 28, 14, 3], [18, 30, 15, 0], [25, 1, 27, 16], [15, 21, 23, 27], [14, 5, 20, 24], [24, 11, 29, 28], [12, 19, 24, 14], [25, 9, 2, 5], [29, 25, 24, 28], [17, 0, 27, 1], [25, 24, 3, 28], [10, 7, 6, 5], [12, 6, 25, 22], [16, 3, 31, 21], [5, 30, 6, 1], [9, 21, 6, 20], [4, 19, 21, 28], [21, 14, 5, 8], [5, 19, 13, 10], [12, 7, 5, 10], [17, 6, 21, 14], [9, 30, 19, 11], [0, 2, 10, 17], [12, 24, 10, 25], [24, 16, 5, 3], [29, 16, 21, 12], [31, 24, 8, 16], [16, 10, 30, 25], [1, 25, 31, 0], [3, 6, 17, 19], [30, 25, 11, 5], [9, 25, 7, 12], [30, 24, 13, 10], [11, 10, 27, 3], [4, 0, 26, 6], [19, 5, 15, 14], [7, 16, 5, 23], [20, 13, 6, 0], [23, 28, 29, 25], [6, 13, 23, 0], [8, 13, 26, 2], [12, 11, 3, 21], [23, 1, 17, 18], [31, 29, 2, 15], [14, 27, 30, 8], [8, 22, 23, 28], [23, 5, 17, 9], [19, 30, 5, 10], [20, 4, 6, 15], [0, 24, 1, 8], [1, 2, 24, 0], [11, 6, 10, 26], [17, 28, 1, 11], [9, 16, 20, 3], [16, 11, 12, 5], [27, 17, 16, 15], [5, 4, 3, 23], [23, 20, 6, 11], [17, 16, 1, 10], [18, 1, 16, 27], [20, 23, 19, 14], [15, 7, 25, 8], [14, 26, 24, 4], [17, 22, 16, 12], [15, 8, 25, 21], [4, 20, 11, 16], [10, 4, 14, 22], [2, 13, 23, 26], [28, 26, 16, 29], [25, 10, 15, 19], [4, 13, 3, 15], [4, 24, 5, 16], [3, 21, 12, 17], [12, 26, 10, 28], [22, 16, 10, 7], [13, 8, 10, 6], [31, 22, 23, 14], [28, 7, 11, 14], [30, 11, 1, 18], [22, 9, 25, 13], [27, 11, 13, 23], [19, 27, 25, 21], [21, 6, 14, 16], [30, 17, 2, 28], [11, 12, 16, 5], [0, 3, 5, 10], [27, 25, 28, 2], [28, 9, 0, 3], [20, 29, 11, 22], [10, 2, 13, 5], [1, 10, 19, 6], [25, 5, 19, 31], [27, 11, 17, 26], [17, 19, 9, 20], [6, 30, 11, 3], [26, 22, 5, 9], [25, 31, 11, 14], [25, 13, 29, 2], [30, 16, 27, 1], [13, 3, 8, 4], [26, 29, 22, 15], [9, 23, 24, 15], [9, 23, 8, 1], [15, 0, 10, 1], [2, 25, 9, 4], [17, 23, 3, 12], [17, 11, 19, 16], [5, 8, 27, 24], [2, 30, 25, 28], [14, 10, 7, 1], [6, 22, 20, 30], [24, 11, 7, 26], [15, 29, 24, 10], [0, 8, 31, 4], [25, 18, 9, 15], [29, 30, 31, 20], [13, 21, 31, 25], [31, 11, 23, 9], [21, 15, 7, 11], [2, 28, 21, 18], [12, 3, 9, 25], [20, 8, 25, 14], [3, 27, 10, 9], [9, 30, 13, 6], [13, 26, 27, 29]]",4,1.2209999561309814,128,random,0.0,13184,4.0,124,1.287664771080017,71,80 168 120 184,6591,0.5584620833396912,test,top_r_mean,0.0,0.0,0.25,0.125
0.01942042178728569,0.0,206,0.0,31,158.3610000088811,qasper,0.8,0.0,0.0,0.0,1910.14599:ee2c9bc24d70daa0c87e38e0558e09ab97feb4f2,mean,0.3924698081932276,0.10975462198257446,"[[24, 25, 26, 27, 28, 29, 30, 31], [24, 25, 26, 27, 28, 29, 30, 31], [24, 25, 26, 27, 28, 29, 30, 31], [24, 25, 26, 27, 28, 29, 30, 31], [24, 25, 26, 27, 28, 29, 30, 31], [24, 25, 26, 27, 28, 29, 30, 31], [24, 25, 26, 27, 28, 29, 30, 31], [24, 25, 26, 27, 28, 29, 30, 31], [24, 25, 26, 27, 28, 29, 30, 31], [24, 25, 26, 27, 28, 29, 30, 31], [24, 25, 26, 27, 28, 29, 30, 31], [24, 25, 26, 27, 28, 29, 30, 31], [24, 25, 26, 27, 28, 29, 30, 31], [24, 25, 26, 27, 28, 29, 30, 31], [24, 25, 26, 27, 28, 29, 30, 31], [24, 25, 26, 27, 28, 29, 30, 31], [24, 25, 26, 27, 28, 29, 30, 31], [24, 25, 26, 27, 28, 29, 30, 31], [24, 25, 26, 27, 28, 29, 30, 31], [24, 25, 26, 27, 28, 29, 30, 31], [24, 25, 26, 27, 28, 29, 30, 31], [24, 25, 26, 27, 28, 29, 30, 31], [24, 25, 26, 27, 28, 29, 30, 31], [24, 25, 26, 27, 28, 29, 30, 31], [24, 25, 26, 27, 28, 29, 30, 31], [24, 25, 26, 27, 28, 29, 30, 31], [24, 25, 26, 27, 28, 29, 30, 31], [24, 25, 26, 27, 28, 29, 30, 31], [24, 25, 26, 27, 28, 29, 30, 31], [24, 25, 26, 27, 28, 29, 30, 31], [24, 25, 26, 27, 28, 29, 30, 31], [24, 25, 26, 27, 28, 29, 30, 31], [24, 25, 26, 27, 28, 29, 30, 31], [24, 25, 26, 27, 28, 29, 30, 31], [24, 25, 26, 27, 28, 29, 30, 31], [24, 25, 26, 27, 28, 29, 30, 31], [24, 25, 26, 27, 28, 29, 30, 31], [24, 25, 26, 27, 28, 29, 30, 31], [24, 25, 26, 27, 28, 29, 30, 31], [24, 25, 26, 27, 28, 29, 30, 31], [24, 25, 26, 27, 28, 29, 30, 31], [24, 25, 26, 27, 28, 29, 30, 31], [24, 25, 26, 27, 28, 29, 30, 31], [24, 25, 26, 27, 28, 29, 30, 31], [24, 25, 26, 27, 28, 29, 30, 31], [24, 25, 26, 27, 28, 29, 30, 31], [24, 25, 26, 27, 28, 29, 30, 31], [24, 25, 26, 27, 28, 29, 30, 31], [24, 25, 26, 27, 28, 29, 30, 31], [24, 25, 26, 27, 28, 29, 30, 31], [24, 25, 26, 27, 28, 29, 30, 31], [24, 25, 26, 27, 28, 29, 30, 31], [24, 25, 26, 27, 28, 29, 30, 31], [24, 25, 26, 27, 28, 29, 30, 31], [24, 25, 26, 27, 28, 29, 30, 31], [24, 25, 26, 27, 28, 29, 30, 31], [24, 25, 26, 27, 28, 29, 30, 31], [24, 25, 26, 27, 28, 29, 30, 31], [24, 25, 26, 27, 28, 29, 30, 31], [24, 25, 26, 27, 28, 29, 30, 31], [24, 25, 26, 27, 28, 29, 30, 31], [24, 25, 26, 27, 28, 29, 30, 31], [24, 25, 26, 27, 28, 29, 30, 31], [24, 25, 26, 27, 28, 29, 30, 31], [24, 25, 26, 27, 28, 29, 30, 31], [24, 25, 26, 27, 28, 29, 30, 31], [24, 25, 26, 27, 28, 29, 30, 31], [24, 25, 26, 27, 28, 29, 30, 31], [24, 25, 26, 27, 28, 29, 30, 31], [24, 25, 26, 27, 28, 29, 30, 31], [24, 25, 26, 27, 28, 29, 30, 31], [24, 25, 26, 27, 28, 29, 30, 31], [24, 25, 26, 27, 28, 29, 30, 31], [24, 25, 26, 27, 28, 29, 30, 31], [24, 25, 26, 27, 28, 29, 30, 31], [24, 25, 26, 27, 28, 29, 30, 31], [24, 25, 26, 27, 28, 29, 30, 31], [24, 25, 26, 27, 28, 29, 30, 31], [24, 25, 26, 27, 28, 29, 30, 31], [24, 25, 26, 27, 28, 29, 30, 31], [24, 25, 26, 27, 28, 29, 30, 31], [24, 25, 26, 27, 28, 29, 30, 31], [24, 25, 26, 27, 28, 29, 30, 31], [24, 25, 26, 27, 28, 29, 30, 31], [24, 25, 26, 27, 28, 29, 30, 31], [24, 25, 26, 27, 28, 29, 30, 31], [24, 25, 26, 27, 28, 29, 30, 31], [24, 25, 26, 27, 28, 29, 30, 31], [24, 25, 26, 27, 28, 29, 30, 31], [24, 25, 26, 27, 28, 29, 30, 31], [24, 25, 26, 27, 28, 29, 30, 31], [24, 25, 26, 27, 28, 29, 30, 31], [24, 25, 26, 27, 28, 29, 30, 31], [24, 25, 26, 27, 28, 29, 30, 31], [24, 25, 26, 27, 28, 29, 30, 31], [24, 25, 26, 27, 28, 29, 30, 31], [24, 25, 26, 27, 28, 29, 30, 31], [24, 25, 26, 27, 28, 29, 30, 31], [24, 25, 26, 27, 28, 29, 30, 31], [24, 25, 26, 27, 28, 29, 30, 31], [24, 25, 26, 27, 28, 29, 30, 31], [24, 25, 26, 27, 28, 29, 30, 31], [24, 25, 26, 27, 28, 29, 30, 31], [24, 25, 26, 27, 28, 29, 30, 31], [24, 25, 26, 27, 28, 29, 30, 31], [24, 25, 26, 27, 28, 29, 30, 31], [24, 25, 26, 27, 28, 29, 30, 31], [24, 25, 26, 27, 28, 29, 30, 31], [24, 25, 26, 27, 28, 29, 30, 31], [24, 25, 26, 27, 28, 29, 30, 31], [24, 25, 26, 27, 28, 29, 30, 31], [24, 25, 26, 27, 28, 29, 30, 31], [24, 25, 26, 27, 28, 29, 30, 31], [24, 25, 26, 27, 28, 29, 30, 31], [24, 25, 26, 27, 28, 29, 30, 31], [24, 25, 26, 27, 28, 29, 30, 31], [24, 25, 26, 27, 28, 29, 30, 31], [24, 25, 26, 27, 28, 29, 30, 31], [24, 25, 26, 27, 28, 29, 30, 31], [24, 25, 26, 27, 28, 29, 30, 31], [24, 25, 26, 27, 28, 29, 30, 31], [24, 25, 26, 27, 28, 29, 30, 31], [24, 25, 26, 27, 28, 29, 30, 31], [24, 25, 26, 27, 28, 29, 30, 31], [24, 25, 26, 27, 28, 29, 30, 31], [24, 25, 26, 27, 28, 29, 30, 31], [24, 25, 26, 27, 28, 29, 30, 31], [24, 25, 26, 27, 28, 29, 30, 31], [24, 25, 26, 27, 28, 29, 30, 31], [24, 25, 26, 27, 28, 29, 30, 31], [24, 25, 26, 27, 28, 29, 30, 31], [24, 25, 26, 27, 28, 29, 30, 31], [24, 25, 26, 27, 28, 29, 30, 31], [24, 25, 26, 27, 28, 29, 30, 31], [24, 25, 26, 27, 28, 29, 30, 31], [24, 25, 26, 27, 28, 29, 30, 31], [24, 25, 26, 27, 28, 29, 30, 31], [24, 25, 26, 27, 28, 29, 30, 31], [24, 25, 26, 27, 28, 29, 30, 31], [24, 25, 26, 27, 28, 29, 30, 31], [24, 25, 26, 27, 28, 29, 30, 31], [24, 25, 26, 27, 28, 29, 30, 31], [24, 25, 26, 27, 28, 29, 30, 31], [24, 25, 26, 27, 28, 29, 30, 31], [24, 25, 26, 27, 28, 29, 30, 31], [24, 25, 26, 27, 28, 29, 30, 31], [24, 25, 26, 27, 28, 29, 30, 31], [24, 25, 26, 27, 28, 29, 30, 31], [24, 25, 26, 27, 28, 29, 30, 31], [24, 25, 26, 27, 28, 29, 30, 31], [24, 25, 26, 27, 28, 29, 30, 31], [24, 25, 26, 27, 28, 29, 30, 31], [24, 25, 26, 27, 28, 29, 30, 31], [24, 25, 26, 27, 28, 29, 30, 31], [24, 25, 26, 27, 28, 29, 30, 31], [24, 25, 26, 27, 28, 29, 30, 31], [24, 25, 26, 27, 28, 29, 30, 31], [24, 25, 26, 27, 28, 29, 30, 31], [24, 25, 26, 27, 28, 29, 30, 31], [24, 25, 26, 27, 28, 29, 30, 31], [24, 25, 26, 27, 28, 29, 30, 31], [24, 25, 26, 27, 28, 29, 30, 31], [24, 25, 26, 27, 28, 29, 30, 31], [24, 25, 26, 27, 28, 29, 30, 31], [24, 25, 26, 27, 28, 29, 30, 31], [24, 25, 26, 27, 28, 29, 30, 31], [24, 25, 26, 27, 28, 29, 30, 31], [24, 25, 26, 27, 28, 29, 30, 31], [24, 25, 26, 27, 28, 29, 30, 31], [24, 25, 26, 27, 28, 29, 30, 31], [24, 25, 26, 27, 28, 29, 30, 31], [24, 25, 26, 27, 28, 29, 30, 31], [24, 25, 26, 27, 28, 29, 30, 31], [24, 25, 26, 27, 28, 29, 30, 31], [24, 25, 26, 27, 28, 29, 30, 31], [24, 25, 26, 27, 28, 29, 30, 31], [24, 25, 26, 27, 28, 29, 30, 31], [24, 25, 26, 27, 28, 29, 30, 31], [24, 25, 26, 27, 28, 29, 30, 31], [24, 25, 26, 27, 28, 29, 30, 31], [24, 25, 26, 27, 28, 29, 30, 31], [24, 25, 26, 27, 28, 29, 30, 31], [24, 25, 26, 27, 28, 29, 30, 31], [24, 25, 26, 27, 28, 29, 30, 31], [24, 25, 26, 27, 28, 29, 30, 31], [24, 25, 26, 27, 28, 29, 30, 31], [24, 25, 26, 27, 28, 29, 30, 31], [24, 25, 26, 27, 28, 29, 30, 31], [24, 25, 26, 27, 28, 29, 30, 31], [24, 25, 26, 27, 28, 29, 30, 31], [24, 25, 26, 27, 28, 29, 30, 31], [24, 25, 26, 27, 28, 29, 30, 31], [24, 25, 26, 27, 28, 29, 30, 31], [24, 25, 26, 27, 28, 29, 30, 31], [24, 25, 26, 27, 28, 29, 30, 31], [24, 25, 26, 27, 28, 29, 30, 31], [24, 25, 26, 27, 28, 29, 30, 31], [24, 25, 26, 27, 28, 29, 30, 31], [24, 25, 26, 27, 28, 29, 30, 31], [24, 25, 26, 27, 28, 29, 30, 31], [24, 25, 26, 27, 28, 29, 30, 31], [24, 25, 26, 27, 28, 29, 30, 31], [24, 25, 26, 27, 28, 29, 30, 31], [24, 25, 26, 27, 28, 29, 30, 31], [24, 25, 26, 27, 28, 29, 30, 31], [23, 24, 25, 26, 27, 28, 29, 30]]",8,0.7233598828315735,128,last,0.0,26368,4.0,124,0.8211188316345215,0,195 156 80 56,6591,0.5566967129707336,test,top_r_mean,0.0,0.0,0.0,0.0
0.01942042178728569,0.0,206,0.0,31,137.52730004489422,qasper,0.8,0.0,0.0,0.0,1910.14599:ee2c9bc24d70daa0c87e38e0558e09ab97feb4f2,mean,0.6034098981766517,0.0264437198638916,"[[20, 0, 31, 14, 22, 9, 26, 23], [15, 0, 22, 6, 18, 8, 1, 23], [22, 13, 28, 14, 7, 4, 31, 27], [30, 16, 2, 27, 11, 20, 8, 7], [9, 20, 1, 26, 28, 10, 3, 25], [29, 11, 19, 6, 20, 9, 16, 13], [7, 24, 22, 14, 0, 4, 13, 21], [18, 20, 22, 31, 6, 0, 30, 10], [17, 0, 25, 1, 22, 5, 27, 24], [2, 9, 23, 8, 1, 22, 3, 19], [16, 22, 9, 1, 15, 0, 31, 28], [12, 8, 23, 28, 27, 2, 19, 25], [29, 18, 14, 0, 7, 21, 10, 6], [26, 29, 10, 7, 23, 4, 11, 28], [24, 30, 7, 19, 29, 16, 9, 18], [14, 3, 1, 10, 23, 20, 8, 25], [25, 0, 29, 6, 7, 14, 1, 24], [11, 5, 3, 1, 10, 30, 21, 14], [23, 7, 4, 31, 27, 29, 18, 3], [20, 6, 24, 11, 0, 7, 27, 3], [17, 1, 7, 31, 11, 9, 6, 15], [16, 25, 12, 8, 14, 24, 0, 31], [18, 24, 8, 13, 9, 11, 22, 16], [0, 28, 25, 17, 14, 24, 22, 26], [24, 0, 26, 29, 21, 19, 3, 12], [13, 17, 29, 22, 5, 31, 28, 10], [1, 23, 27, 8, 15, 24, 17, 7], [18, 23, 22, 24, 4, 19, 14, 11], [14, 0, 16, 22, 25, 20, 30, 15], [15, 30, 1, 9, 28, 24, 8, 19], [8, 18, 26, 31, 5, 30, 27, 16], [13, 20, 10, 12, 25, 9, 0, 15], [25, 0, 4, 20, 28, 6, 16, 10], [15, 3, 28, 1, 12, 6, 2, 26], [2, 15, 17, 30, 10, 7, 21, 23], [22, 29, 27, 15, 0, 10, 24, 31], [4, 2, 30, 27, 22, 3, 8, 31], [26, 30, 3, 2, 6, 21, 10, 24], [6, 19, 12, 20, 1, 21, 28, 3], [19, 27, 29, 11, 15, 3, 28, 31], [4, 0, 17, 22, 26, 24, 20, 28], [25, 3, 24, 16, 9, 31, 26, 15], [15, 3, 19, 0, 20, 31, 26, 1], [15, 28, 19, 25, 13, 1, 0, 8], [29, 8, 23, 21, 9, 14, 26, 22], [19, 27, 17, 13, 7, 22, 10, 8], [12, 19, 14, 18, 0, 15, 26, 20], [24, 15, 26, 8, 0, 7, 19, 2], [25, 0, 28, 29, 9, 21, 13, 30], [27, 24, 2, 25, 31, 4, 0, 8], [2, 30, 25, 27, 11, 16, 29, 9], [23, 5, 6, 2, 21, 9, 0, 26], [26, 30, 28, 19, 8, 31, 18, 10], [20, 19, 31, 14, 9, 0, 22, 5], [5, 26, 17, 25, 21, 12, 24, 3], [14, 31, 30, 6, 9, 20, 15, 5], [21, 0, 16, 14, 17, 24, 28, 13], [22, 25, 7, 29, 2, 8, 18, 31], [24, 19, 0, 2, 23, 14, 20, 7], [25, 10, 17, 3, 1, 15, 30, 5], [5, 27, 4, 30, 15, 22, 28, 9], [22, 7, 27, 24, 18, 29, 6, 12], [4, 30, 19, 13, 14, 25, 6, 20], [30, 16, 24, 15, 27, 25, 21, 10], [26, 0, 19, 24, 21, 25, 28, 23], [29, 3, 18, 27, 4, 1, 22, 23], [16, 6, 25, 30, 3, 19, 24, 31], [14, 21, 0, 29, 19, 12, 2, 30], [31, 28, 19, 3, 23, 26, 29, 0], [7, 21, 22, 19, 31, 3, 30, 28], [4, 12, 28, 24, 5, 19, 11, 3], [16, 9, 1, 15, 20, 2, 31, 0], [7, 0, 19, 13, 22, 15, 18, 10], [7, 3, 24, 19, 18, 6, 31, 12], [21, 0, 25, 30, 18, 1, 12, 20], [11, 3, 5, 29, 25, 15, 31, 17], [19, 5, 14, 8, 2, 21, 3, 11], [0, 31, 10, 9, 17, 12, 19, 7], [24, 29, 31, 28, 8, 27, 3, 6], [21, 1, 6, 30, 24, 8, 16, 9], [2, 0, 26, 16, 25, 29, 23, 31], [2, 10, 18, 27, 21, 25, 31, 19], [27, 5, 10, 21, 1, 30, 3, 14], [16, 22, 13, 11, 6, 20, 14, 1], [5, 14, 24, 18, 31, 25, 13, 2], [14, 21, 22, 29, 16, 18, 28, 27], [17, 31, 12, 21, 5, 11, 20, 3], [23, 26, 15, 0, 29, 18, 30, 8], [10, 0, 22, 27, 30, 15, 24, 17], [6, 19, 30, 14, 22, 10, 28, 15], [8, 25, 14, 9, 20, 3, 22, 5], [17, 2, 3, 25, 29, 9, 14, 24], [8, 2, 17, 30, 28, 26, 11, 14], [25, 21, 9, 17, 18, 24, 13, 4], [22, 9, 18, 1, 4, 21, 26, 29], [31, 16, 9, 7, 18, 8, 22, 25], [27, 0, 17, 11, 1, 14, 23, 29], [16, 2, 14, 29, 27, 19, 3, 23], [16, 3, 10, 14, 9, 24, 19, 31], [18, 0, 28, 9, 22, 21, 13, 1], [15, 24, 25, 23, 21, 26, 4, 12], [18, 27, 8, 11, 10, 14, 5, 6], [10, 3, 9, 4, 5, 8, 31, 15], [22, 2, 30, 14, 3, 26, 28, 9], [24, 0, 3, 15, 10, 26, 14, 27], [2, 13, 20, 11, 4, 23, 28, 16], [10, 19, 1, 22, 18, 9, 24, 0], [27, 19, 31, 12, 8, 18, 22, 11], [26, 7, 0, 4, 13, 6, 22, 17], [28, 19, 3, 9, 12, 1, 7, 17], [7, 22, 9, 21, 30, 6, 28, 1], [15, 22, 19, 7, 23, 10, 17, 29], [6, 0, 25, 31, 11, 1, 16, 8], [12, 5, 13, 29, 2, 31, 16, 27], [31, 19, 23, 10, 20, 30, 3, 24], [4, 31, 7, 16, 14, 15, 9, 29], [17, 7, 11, 25, 6, 14, 21, 5], [28, 16, 5, 24, 14, 21, 27, 11], [9, 29, 8, 3, 16, 28, 5, 15], [17, 30, 12, 3, 25, 31, 13, 29], [24, 0, 15, 2, 14, 1, 28, 17], [18, 31, 8, 2, 9, 12, 22, 26], [0, 30, 6, 26, 2, 24, 18, 9], [13, 21, 8, 1, 4, 15, 9, 24], [5, 24, 27, 31, 29, 9, 4, 19], [16, 20, 31, 0, 4, 23, 18, 10], [11, 30, 15, 0, 3, 20, 5, 29], [27, 15, 3, 18, 5, 22, 16, 30], [17, 0, 3, 30, 2, 16, 9, 19], [14, 5, 21, 30, 22, 0, 13, 2], [21, 25, 23, 4, 28, 13, 15, 16], [14, 16, 30, 21, 0, 31, 8, 23], [28, 9, 13, 6, 18, 2, 10, 14], [20, 9, 28, 8, 18, 30, 26, 10], [5, 18, 15, 27, 16, 13, 3, 1], [4, 19, 1, 14, 12, 31, 28, 30], [11, 0, 16, 8, 27, 15, 19, 7], [27, 14, 12, 2, 4, 24, 30, 23], [11, 26, 25, 19, 2, 5, 22, 21], [10, 26, 12, 16, 15, 4, 22, 20], [2, 29, 11, 5, 15, 0, 13, 17], [15, 18, 13, 29, 7, 27, 21, 23], [25, 28, 14, 4, 21, 30, 19, 0], [16, 12, 25, 8, 26, 29, 21, 24], [15, 0, 24, 1, 19, 31, 2, 22], [0, 8, 28, 25, 12, 18, 29, 10], [21, 6, 2, 23, 28, 14, 25, 3], [12, 25, 8, 19, 22, 5, 11, 30], [14, 18, 30, 29, 13, 20, 23, 22], [16, 6, 1, 30, 22, 28, 31, 25], [15, 3, 2, 31, 4, 5, 8, 1], [15, 1, 4, 31, 2, 18, 27, 11], [11, 0, 4, 31, 25, 6, 7, 21], [16, 11, 14, 12, 22, 28, 10, 0], [25, 20, 4, 23, 17, 21, 9, 28], [26, 3, 11, 13, 0, 22, 5, 23], [16, 27, 26, 31, 25, 2, 21, 9], [1, 14, 10, 15, 6, 30, 26, 0], [23, 9, 15, 27, 4, 8, 17, 12], [9, 17, 28, 14, 27, 31, 6, 1], [13, 0, 28, 2, 30, 4, 27, 24], [9, 25, 20, 22, 5, 16, 21, 28], [27, 1, 21, 9, 0, 31, 19, 24], [13, 29, 8, 0, 25, 1, 31, 12], [24, 14, 3, 8, 15, 16, 4, 2], [18, 9, 20, 14, 10, 6, 12, 30], [4, 20, 23, 22, 31, 24, 26, 28], [28, 4, 0, 10, 7, 1, 30, 11], [3, 0, 15, 11, 23, 10, 20, 31], [30, 24, 20, 14, 28, 0, 10, 18], [9, 12, 23, 27, 7, 0, 11, 5], [24, 5, 19, 21, 29, 16, 2, 11], [31, 7, 24, 23, 28, 8, 20, 19], [23, 18, 25, 20, 14, 3, 31, 21], [22, 28, 31, 9, 4, 13, 10, 18], [22, 9, 30, 12, 29, 24, 17, 6], [16, 0, 1, 23, 18, 9, 12, 30], [19, 30, 13, 29, 18, 15, 27, 8], [1, 21, 25, 16, 10, 20, 22, 11], [27, 11, 2, 31, 8, 30, 12, 0], [16, 19, 9, 7, 31, 8, 18, 17], [8, 11, 22, 7, 16, 1, 19, 31], [22, 31, 7, 15, 18, 6, 20, 5], [7, 16, 22, 18, 6, 10, 31, 1], [7, 0, 6, 31, 25, 15, 2, 23], [6, 30, 28, 2, 20, 4, 18, 21], [23, 8, 25, 30, 27, 12, 0, 20], [8, 4, 14, 2, 15, 24, 16, 28], [31, 14, 28, 20, 3, 25, 13, 1], [19, 18, 14, 23, 6, 17, 26, 15], [24, 14, 12, 25, 19, 17, 26, 9], [7, 13, 6, 15, 17, 26, 4, 0], [23, 0, 8, 13, 1, 11, 10, 6], [27, 24, 17, 19, 16, 13, 3, 10], [31, 15, 23, 17, 11, 14, 19, 1], [16, 23, 26, 28, 8, 24, 14, 19], [18, 31, 22, 29, 4, 5, 26, 9], [6, 25, 28, 5, 31, 22, 11, 13], [24, 11, 9, 20, 2, 23, 15, 19], [18, 7, 11, 6, 25, 12, 2, 5], [5, 0, 25, 26, 10, 14, 31, 19], [9, 1, 5, 7, 30, 13, 24, 14], [6, 9, 21, 15, 26, 4, 30, 18], [6, 0, 14, 29, 23, 28, 24, 9], [20, 3, 30, 25, 29, 0, 17, 28], [22, 15, 30, 17, 16, 21, 6, 1]]",8,0.7427496314048767,128,farthest,0.0,26368,4.0,124,0.778453528881073,0,80 192 160 136,6591,0.7915596961975098,test,top_r_mean,0.0,0.0,0.0,0.125
0.01942042178728569,1.0,206,1.0,31,126.58489984460175,qasper,0.8,0.25,0.2,0.0,1910.14599:ee2c9bc24d70daa0c87e38e0558e09ab97feb4f2,mean,0.8751598389770305,0.0009589074179530144,"[[17, 0, 1, 4, 19, 3, 7, 21], [8, 9, 12, 10, 4, 30, 26, 24], [19, 18, 0, 1, 22, 4, 27, 26], [10, 8, 9, 21, 26, 2, 18, 24], [3, 29, 5, 16, 9, 8, 14, 7], [0, 4, 3, 1, 14, 31, 23, 12], [3, 2, 27, 20, 7, 21, 8, 26], [1, 0, 19, 26, 16, 4, 24, 2], [1, 0, 3, 8, 20, 4, 5, 17], [25, 0, 27, 26, 2, 22, 16, 17], [6, 11, 14, 7, 8, 16, 29, 30], [11, 12, 20, 13, 22, 14, 27, 3], [1, 4, 2, 5, 12, 19, 18, 6], [28, 2, 10, 8, 11, 12, 31, 7], [22, 10, 11, 28, 26, 31, 7, 13], [24, 23, 11, 5, 6, 9, 7, 16], [3, 0, 19, 1, 4, 5, 26, 20], [2, 7, 0, 4, 14, 20, 1, 12], [27, 30, 28, 29, 14, 18, 19, 0], [27, 29, 2, 30, 1, 31, 28, 10], [24, 29, 10, 16, 27, 26, 15, 28], [14, 1, 15, 4, 11, 19, 25, 29], [27, 8, 25, 29, 12, 23, 26, 3], [13, 12, 1, 2, 8, 4, 14, 5], [15, 0, 17, 1, 31, 10, 19, 2], [8, 9, 13, 16, 18, 1, 10, 26], [31, 20, 1, 30, 3, 7, 6, 11], [13, 15, 18, 0, 27, 25, 1, 2], [4, 23, 24, 5, 25, 2, 28, 29], [15, 27, 2, 3, 0, 1, 16, 26], [7, 11, 21, 6, 29, 1, 8, 19], [7, 6, 16, 24, 0, 4, 1, 8], [8, 0, 9, 26, 13, 12, 5, 22], [7, 8, 11, 6, 9, 10, 22, 19], [0, 21, 27, 1, 24, 4, 19, 30], [27, 31, 30, 4, 28, 9, 6, 5], [18, 20, 7, 0, 29, 10, 21, 19], [24, 25, 26, 19, 18, 2, 28, 27], [31, 0, 4, 30, 29, 25, 11, 2], [25, 12, 5, 10, 16, 23, 31, 11], [9, 0, 24, 3, 2, 6, 13, 4], [24, 10, 25, 29, 28, 6, 5, 15], [2, 4, 20, 5, 15, 25, 6, 9], [25, 22, 6, 18, 23, 8, 30, 9], [13, 16, 22, 17, 30, 6, 26, 11], [10, 12, 25, 19, 21, 31, 11, 18], [13, 11, 4, 12, 2, 1, 5, 24], [14, 13, 9, 7, 19, 25, 8, 10], [13, 0, 14, 3, 16, 1, 5, 26], [0, 1, 13, 6, 14, 15, 28, 26], [4, 7, 5, 29, 26, 14, 24, 22], [21, 22, 17, 10, 11, 1, 15, 24], [21, 20, 22, 23, 19, 26, 24, 11], [7, 27, 28, 11, 26, 8, 6, 18], [31, 20, 14, 19, 16, 6, 10, 21], [29, 25, 28, 11, 12, 17, 14, 27], [30, 0, 28, 31, 1, 5, 3, 8], [1, 3, 0, 6, 4, 2, 5, 10], [16, 13, 17, 24, 10, 6, 7, 8], [5, 24, 6, 8, 29, 26, 0, 30], [8, 3, 22, 0, 23, 6, 5, 20], [29, 30, 3, 31, 17, 5, 12, 11], [0, 2, 4, 1, 21, 7, 18, 14], [11, 20, 3, 7, 9, 8, 6, 0], [4, 0, 3, 8, 11, 5, 1, 18], [24, 5, 31, 25, 6, 11, 7, 0], [24, 14, 0, 15, 27, 25, 11, 12], [20, 19, 31, 3, 29, 23, 4, 2], [6, 0, 20, 18, 21, 1, 12, 31], [1, 3, 0, 24, 21, 16, 11, 8], [16, 20, 17, 23, 21, 18, 8, 19], [24, 26, 28, 29, 17, 23, 31, 27], [7, 0, 6, 17, 29, 3, 1, 31], [25, 19, 31, 23, 26, 20, 8, 2], [19, 9, 4, 2, 3, 21, 16, 23], [25, 27, 28, 30, 8, 26, 19, 7], [8, 11, 10, 28, 4, 29, 9, 1], [3, 26, 0, 23, 31, 5, 18, 17], [30, 29, 2, 5, 31, 0, 8, 7], [10, 12, 9, 17, 5, 0, 4, 2], [25, 0, 27, 30, 1, 2, 12, 31], [3, 17, 2, 16, 0, 10, 1, 20], [5, 7, 9, 6, 24, 26, 12, 20], [29, 5, 9, 4, 11, 8, 14, 6], [13, 24, 26, 25, 27, 2, 4, 18], [28, 31, 30, 29, 6, 24, 0, 15], [9, 4, 17, 22, 7, 11, 20, 3], [18, 20, 19, 21, 22, 11, 4, 28], [5, 0, 13, 1, 4, 12, 3, 9], [0, 12, 16, 14, 1, 19, 5, 21], [21, 26, 20, 27, 31, 30, 1, 24], [1, 8, 16, 7, 4, 27, 23, 18], [3, 0, 16, 19, 20, 26, 10, 12], [19, 25, 20, 29, 26, 6, 27, 14], [20, 0, 8, 17, 29, 18, 2, 28], [8, 23, 15, 10, 14, 17, 3, 20], [10, 0, 4, 26, 13, 18, 16, 11], [21, 9, 22, 19, 20, 17, 26, 15], [5, 11, 16, 17, 0, 31, 21, 29], [7, 17, 8, 5, 2, 11, 13, 12], [21, 22, 29, 28, 2, 23, 31, 18], [7, 0, 9, 29, 13, 6, 5, 4], [5, 11, 19, 8, 14, 31, 27, 15], [25, 27, 13, 0, 19, 26, 31, 6], [21, 0, 31, 8, 18, 13, 19, 5], [22, 9, 24, 0, 1, 10, 3, 31], [5, 6, 17, 28, 14, 10, 15, 11], [12, 13, 14, 15, 17, 24, 5, 30], [2, 9, 12, 3, 18, 14, 10, 20], [7, 11, 31, 5, 8, 1, 25, 24], [3, 4, 30, 14, 0, 5, 12, 1], [19, 21, 20, 26, 0, 24, 22, 2], [17, 0, 3, 4, 21, 19, 18, 7], [29, 17, 15, 18, 7, 21, 8, 1], [31, 14, 4, 1, 0, 2, 24, 5], [15, 4, 0, 18, 6, 22, 9, 1], [16, 17, 23, 2, 19, 20, 21, 5], [4, 26, 28, 3, 27, 6, 31, 8], [31, 13, 9, 2, 12, 7, 11, 24], [0, 23, 24, 5, 9, 25, 28, 7], [4, 0, 17, 11, 13, 31, 3, 14], [2, 5, 29, 18, 3, 14, 0, 24], [29, 25, 19, 3, 1, 20, 6, 8], [0, 10, 13, 23, 18, 1, 31, 28], [13, 21, 2, 23, 24, 20, 1, 0], [31, 7, 1, 2, 8, 15, 23, 16], [1, 8, 9, 11, 2, 0, 24, 20], [14, 29, 24, 10, 23, 17, 26, 11], [30, 0, 5, 13, 1, 2, 12, 19], [1, 0, 9, 17, 18, 4, 26, 19], [21, 12, 14, 22, 17, 24, 13, 18], [5, 14, 15, 27, 3, 29, 25, 7], [17, 27, 23, 28, 4, 18, 20, 5], [11, 24, 14, 17, 22, 0, 26, 15], [8, 2, 30, 20, 0, 29, 27, 31], [30, 29, 26, 16, 18, 5, 31, 8], [10, 0, 13, 7, 11, 17, 8, 18], [7, 11, 13, 29, 8, 16, 28, 9], [1, 4, 3, 11, 30, 12, 27, 18], [17, 18, 19, 1, 3, 11, 28, 29], [15, 20, 18, 25, 19, 24, 21, 17], [1, 19, 3, 20, 16, 18, 14, 2], [23, 25, 13, 12, 18, 26, 24, 31], [14, 0, 1, 16, 4, 15, 2, 17], [26, 0, 27, 16, 1, 4, 3, 2], [13, 12, 16, 17, 21, 1, 0, 18], [22, 19, 0, 11, 14, 15, 25, 2], [10, 6, 29, 1, 9, 4, 5, 24], [22, 7, 2, 10, 21, 12, 25, 27], [25, 12, 21, 13, 15, 28, 27, 30], [14, 6, 7, 15, 16, 11, 8, 20], [15, 16, 7, 10, 17, 21, 11, 22], [2, 0, 25, 8, 9, 26, 18, 27], [23, 25, 24, 13, 2, 27, 7, 6], [22, 17, 24, 5, 25, 19, 9, 23], [30, 13, 2, 17, 28, 16, 11, 15], [26, 29, 28, 30, 27, 18, 12, 11], [8, 9, 28, 19, 5, 13, 10, 6], [29, 28, 30, 13, 18, 12, 19, 14], [14, 3, 5, 23, 4, 6, 12, 25], [28, 0, 26, 9, 8, 12, 3, 11], [9, 19, 4, 3, 0, 24, 7, 14], [3, 4, 6, 30, 9, 20, 18, 7], [2, 7, 13, 22, 11, 17, 15, 12], [1, 9, 6, 7, 13, 10, 26, 12], [9, 24, 26, 12, 18, 11, 6, 13], [31, 30, 0, 28, 6, 5, 22, 12], [12, 3, 9, 16, 11, 29, 15, 17], [16, 0, 26, 1, 25, 3, 7, 4], [18, 22, 21, 31, 7, 25, 3, 4], [20, 31, 19, 29, 10, 6, 13, 24], [4, 13, 28, 17, 20, 6, 8, 2], [15, 22, 18, 29, 5, 4, 25, 21], [1, 0, 13, 29, 19, 15, 7, 4], [8, 7, 22, 21, 11, 14, 13, 24], [27, 3, 23, 26, 0, 4, 16, 13], [10, 0, 21, 11, 2, 1, 20, 13], [17, 23, 24, 20, 0, 7, 25, 13], [1, 19, 5, 9, 8, 4, 22, 26], [22, 23, 21, 6, 14, 15, 17, 1], [23, 4, 3, 14, 13, 15, 25, 24], [6, 2, 4, 8, 9, 26, 10, 5], [22, 14, 25, 30, 8, 19, 28, 23], [1, 14, 20, 7, 12, 17, 8, 21], [11, 0, 7, 12, 1, 3, 20, 31], [18, 19, 1, 9, 23, 11, 0, 28], [29, 11, 5, 2, 10, 30, 15, 26], [8, 6, 19, 9, 10, 5, 24, 3], [1, 19, 12, 11, 18, 2, 7, 17], [13, 25, 5, 19, 16, 0, 2, 4], [4, 3, 6, 11, 5, 25, 9, 1], [1, 3, 5, 28, 7, 19, 4, 29], [11, 0, 22, 12, 3, 1, 14, 17], [12, 15, 14, 5, 16, 2, 23, 13], [14, 16, 20, 17, 6, 22, 18, 29], [27, 26, 9, 31, 12, 11, 28, 25], [6, 0, 1, 28, 15, 2, 7, 8], [25, 26, 30, 27, 29, 28, 2, 31], [3, 22, 5, 8, 15, 12, 6, 28], [15, 16, 18, 19, 27, 29, 17, 21], [15, 0, 17, 14, 16, 21, 19, 5], [6, 26, 10, 9, 29, 15, 7, 16], [8, 20, 24, 13, 30, 0, 31, 6], [28, 30, 5, 31, 7, 29, 0, 8], [0, 1, 2, 4, 7, 26, 24, 3], [13, 30, 14, 16, 12, 15, 18, 6]]",8,0.14148302376270294,128,greedy_oracle,1.0,26368,4.0,124,0.1480495184659958,0,0 152 16 200,6591,0.974907636642456,test,top_r_mean,0.0,0.5,0.25,0.875
0.01942042178728569,0.0,206,0.0,31,141.02910016663373,qasper,0.8,0.0,0.0,0.0,1910.14599:ee2c9bc24d70daa0c87e38e0558e09ab97feb4f2,mean,0.5551977267345489,0.0714511051774025,"[[30, 3, 21, 14, 15, 26, 2, 17], [7, 12, 23, 22, 17, 18, 3, 8], [6, 25, 17, 10, 31, 23, 7, 22], [5, 15, 19, 17, 12, 24, 11, 16], [30, 14, 2, 0, 13, 28, 15, 3], [20, 3, 24, 23, 15, 6, 13, 30], [30, 0, 16, 28, 10, 15, 17, 3], [15, 2, 8, 16, 18, 3, 1, 25], [18, 5, 9, 28, 12, 14, 7, 27], [31, 12, 7, 16, 10, 19, 24, 8], [27, 10, 24, 23, 31, 11, 22, 13], [29, 0, 18, 11, 6, 1, 14, 5], [14, 13, 26, 18, 25, 0, 27, 3], [26, 22, 5, 17, 14, 12, 6, 30], [30, 1, 28, 7, 13, 2, 26, 15], [17, 30, 4, 5, 12, 25, 31, 19], [5, 21, 13, 22, 18, 0, 25, 24], [7, 26, 11, 0, 3, 6, 19, 18], [13, 21, 8, 24, 18, 29, 27, 14], [7, 30, 21, 1, 14, 5, 20, 18], [3, 4, 19, 8, 5, 20, 12, 18], [16, 31, 25, 11, 6, 20, 0, 30], [1, 11, 15, 26, 2, 21, 28, 29], [10, 4, 3, 27, 25, 9, 19, 24], [16, 1, 6, 30, 13, 9, 3, 28], [5, 18, 9, 6, 13, 4, 14, 28], [12, 27, 3, 8, 15, 4, 10, 29], [27, 9, 15, 29, 4, 20, 21, 13], [0, 22, 28, 16, 13, 6, 12, 14], [16, 0, 24, 28, 7, 10, 19, 14], [0, 26, 25, 7, 21, 12, 13, 18], [25, 17, 20, 7, 31, 3, 24, 27], [26, 15, 13, 24, 12, 18, 20, 10], [30, 17, 9, 23, 5, 31, 0, 12], [12, 17, 16, 25, 1, 13, 22, 5], [11, 15, 6, 23, 8, 12, 25, 22], [1, 0, 11, 19, 13, 10, 28, 15], [9, 11, 25, 6, 8, 2, 24, 4], [23, 2, 25, 18, 11, 22, 17, 8], [8, 18, 2, 22, 23, 1, 5, 25], [0, 17, 14, 18, 7, 22, 29, 11], [9, 31, 8, 26, 2, 16, 20, 6], [22, 12, 23, 7, 5, 4, 10, 0], [1, 0, 21, 28, 6, 27, 31, 30], [16, 10, 21, 28, 18, 17, 4, 29], [17, 7, 13, 6, 30, 21, 25, 22], [8, 20, 6, 28, 3, 0, 4, 5], [1, 2, 22, 17, 10, 14, 21, 31], [5, 1, 11, 4, 15, 17, 13, 30], [26, 10, 19, 6, 27, 5, 13, 16], [12, 30, 6, 22, 31, 14, 26, 19], [28, 6, 18, 27, 26, 30, 8, 17], [16, 4, 2, 29, 22, 12, 31, 24], [15, 1, 26, 10, 2, 3, 18, 22], [11, 24, 29, 23, 0, 31, 13, 25], [14, 22, 15, 21, 6, 26, 9, 5], [2, 19, 17, 25, 27, 31, 18, 10], [19, 28, 22, 7, 0, 6, 26, 5], [12, 14, 10, 25, 2, 16, 13, 11], [25, 10, 23, 19, 16, 17, 26, 15], [0, 10, 25, 1, 3, 27, 9, 30], [7, 12, 4, 17, 31, 8, 3, 0], [2, 31, 9, 18, 11, 21, 3, 27], [7, 9, 4, 30, 25, 17, 26, 15], [4, 31, 26, 14, 0, 11, 19, 28], [22, 8, 27, 31, 12, 4, 23, 17], [8, 11, 13, 25, 18, 15, 21, 1], [8, 13, 12, 25, 6, 22, 7, 11], [23, 29, 16, 13, 3, 7, 0, 30], [11, 1, 26, 21, 12, 27, 29, 25], [23, 10, 6, 14, 19, 9, 21, 30], [26, 6, 5, 31, 23, 12, 22, 19], [15, 30, 12, 29, 6, 14, 10, 2], [18, 16, 23, 2, 3, 19, 6, 17], [3, 14, 17, 18, 19, 1, 8, 9], [19, 27, 26, 15, 3, 29, 23, 31], [16, 3, 18, 4, 0, 24, 2, 5], [9, 23, 28, 18, 22, 5, 20, 6], [31, 2, 11, 26, 27, 1, 4, 30], [8, 30, 18, 14, 24, 1, 27, 6], [19, 14, 11, 21, 31, 5, 1, 13], [30, 19, 17, 13, 27, 4, 31, 22], [14, 26, 10, 11, 19, 16, 29, 17], [24, 10, 2, 26, 12, 17, 8, 20], [17, 21, 20, 6, 29, 12, 1, 11], [11, 14, 3, 28, 0, 26, 23, 25], [22, 0, 6, 3, 19, 23, 30, 7], [13, 3, 11, 17, 0, 30, 24, 4], [29, 11, 8, 31, 3, 1, 7, 22], [22, 11, 28, 16, 24, 2, 29, 31], [22, 7, 21, 14, 8, 11, 19, 25], [15, 29, 31, 17, 1, 21, 16, 27], [29, 5, 7, 16, 13, 0, 18, 28], [5, 0, 31, 20, 23, 22, 10, 1], [0, 8, 22, 5, 31, 23, 3, 17], [25, 28, 15, 19, 8, 6, 12, 5], [3, 16, 23, 14, 27, 5, 8, 25], [16, 4, 0, 30, 11, 3, 29, 21], [20, 7, 9, 8, 27, 3, 17, 0], [16, 29, 19, 22, 30, 10, 17, 28], [21, 26, 29, 30, 2, 4, 11, 22], [13, 15, 4, 2, 19, 0, 3, 26], [3, 1, 19, 20, 8, 0, 11, 17], [4, 31, 6, 17, 0, 12, 16, 23], [25, 4, 16, 11, 31, 15, 21, 1], [0, 11, 6, 14, 2, 8, 3, 25], [24, 26, 0, 18, 16, 29, 1, 20], [26, 13, 24, 18, 21, 9, 8, 16], [21, 3, 18, 5, 10, 17, 9, 23], [31, 21, 11, 17, 15, 27, 2, 28], [2, 19, 29, 21, 28, 25, 16, 26], [1, 6, 9, 12, 10, 15, 5, 2], [24, 17, 19, 27, 8, 14, 21, 2], [20, 10, 17, 6, 11, 16, 7, 27], [15, 23, 9, 20, 10, 26, 28, 18], [19, 25, 26, 4, 10, 11, 5, 22], [27, 26, 28, 12, 6, 30, 5, 29], [25, 0, 16, 3, 14, 15, 19, 1], [27, 23, 9, 12, 21, 30, 14, 17], [6, 3, 19, 23, 7, 27, 16, 5], [8, 16, 21, 12, 1, 24, 2, 15], [6, 18, 30, 5, 11, 16, 1, 2], [4, 15, 20, 13, 0, 31, 14, 29], [2, 11, 25, 20, 15, 30, 5, 29], [14, 10, 31, 6, 23, 27, 20, 9], [5, 8, 2, 22, 13, 27, 29, 21], [3, 7, 20, 9, 14, 10, 31, 0], [11, 20, 16, 9, 24, 4, 14, 22], [7, 12, 2, 8, 23, 25, 31, 27], [3, 21, 5, 12, 0, 22, 28, 19], [30, 2, 12, 21, 3, 18, 10, 5], [7, 13, 4, 0, 20, 18, 23, 10], [5, 3, 0, 8, 15, 10, 27, 12], [1, 4, 27, 7, 28, 26, 6, 17], [1, 10, 19, 31, 22, 14, 29, 7], [21, 16, 17, 18, 14, 9, 31, 13], [16, 3, 17, 21, 0, 30, 12, 24], [20, 21, 9, 8, 15, 10, 0, 3], [12, 26, 16, 0, 9, 2, 28, 8], [28, 24, 13, 4, 0, 27, 3, 31], [12, 21, 8, 15, 18, 13, 6, 7], [30, 1, 29, 9, 14, 28, 19, 25], [18, 9, 21, 11, 3, 30, 17, 28], [5, 6, 30, 18, 7, 11, 19, 22], [2, 31, 28, 9, 16, 19, 4, 24], [12, 17, 28, 20, 26, 5, 11, 19], [24, 7, 5, 1, 23, 11, 9, 26], [18, 20, 30, 25, 6, 0, 27, 2], [19, 16, 26, 15, 12, 14, 23, 28], [30, 20, 13, 16, 8, 24, 0, 18], [19, 24, 14, 17, 18, 6, 9, 20], [12, 15, 28, 29, 20, 5, 30, 11], [21, 3, 23, 20, 5, 4, 1, 16], [4, 15, 0, 6, 20, 2, 24, 22], [29, 21, 30, 11, 20, 4, 23, 13], [20, 9, 16, 24, 5, 27, 21, 15], [8, 6, 14, 18, 20, 12, 10, 5], [27, 13, 16, 29, 20, 17, 6, 2], [24, 22, 10, 18, 8, 28, 16, 27], [11, 16, 17, 29, 0, 22, 26, 4], [29, 20, 11, 10, 6, 2, 31, 24], [29, 18, 11, 6, 12, 31, 0, 21], [12, 10, 6, 11, 2, 7, 26, 16], [25, 15, 19, 23, 0, 24, 12, 4], [15, 9, 0, 19, 20, 30, 31, 1], [21, 16, 29, 24, 27, 9, 22, 11], [21, 4, 6, 14, 28, 30, 9, 8], [31, 12, 20, 23, 7, 8, 0, 22], [28, 14, 31, 9, 18, 25, 16, 27], [10, 11, 12, 2, 9, 29, 30, 20], [6, 16, 9, 21, 30, 18, 15, 24], [18, 8, 27, 21, 15, 17, 31, 7], [8, 24, 29, 17, 28, 15, 4, 31], [15, 19, 30, 28, 17, 24, 3, 7], [30, 15, 17, 12, 26, 20, 4, 8], [22, 31, 8, 9, 25, 1, 0, 23], [3, 7, 28, 5, 22, 17, 13, 8], [14, 18, 5, 26, 13, 25, 1, 9], [29, 9, 19, 23, 28, 3, 20, 2], [19, 8, 10, 0, 25, 28, 29, 21], [2, 5, 12, 25, 28, 0, 15, 20], [28, 21, 9, 8, 25, 7, 3, 0], [0, 28, 8, 17, 7, 13, 15, 27], [11, 21, 12, 9, 24, 19, 7, 16], [31, 2, 30, 13, 17, 10, 22, 24], [29, 14, 1, 15, 6, 3, 31, 7], [20, 14, 24, 5, 28, 3, 22, 6], [14, 3, 24, 23, 17, 1, 28, 9], [10, 9, 19, 2, 13, 31, 4, 25], [16, 23, 21, 22, 8, 15, 6, 9], [10, 15, 13, 29, 20, 3, 24, 25], [16, 26, 14, 20, 7, 13, 31, 28], [10, 29, 6, 22, 19, 9, 28, 5], [13, 26, 2, 22, 18, 27, 20, 23], [8, 21, 12, 1, 2, 27, 19, 20], [23, 11, 29, 21, 10, 7, 12, 0], [4, 29, 17, 24, 21, 3, 15, 20], [8, 15, 23, 1, 26, 4, 18, 14], [22, 20, 28, 8, 6, 24, 3, 15], [25, 4, 16, 15, 24, 10, 19, 1], [17, 15, 25, 11, 21, 31, 23, 5], [22, 1, 13, 8, 19, 20, 14, 27], [17, 23, 0, 9, 19, 31, 16, 5], [29, 31, 15, 22, 23, 0, 14, 21], [10, 17, 27, 31, 0, 22, 20, 7], [1, 5, 17, 23, 10, 16, 18, 25]]",8,0.6589171886444092,128,random,0.0,26368,4.0,124,0.7257504463195801,11,136 64 16 40,6591,0.7464444637298584,test,top_r_mean,0.0,0.0,0.0,0.5
0.01942042178728569,0.0,206,0.0,31,146.2417000439018,qasper,0.8,0.0,0.0,0.0,1910.14599:ee2c9bc24d70daa0c87e38e0558e09ab97feb4f2,mean,0.5610703291498934,0.06642832607030869,"[[23, 8, 13, 31, 1, 26, 10, 2], [3, 14, 5, 27, 13, 20, 25, 17], [6, 14, 11, 16, 27, 30, 26, 22], [2, 31, 27, 17, 1, 29, 22, 11], [11, 19, 20, 10, 27, 6, 2, 25], [24, 22, 15, 6, 27, 25, 1, 9], [15, 14, 21, 18, 26, 8, 28, 0], [9, 22, 7, 24, 4, 2, 0, 14], [4, 29, 3, 15, 23, 5, 9, 19], [28, 23, 6, 12, 9, 18, 1, 15], [28, 16, 1, 15, 12, 3, 2, 31], [18, 26, 12, 21, 13, 25, 19, 5], [2, 27, 30, 22, 11, 19, 28, 26], [28, 1, 29, 9, 0, 16, 31, 25], [31, 28, 15, 3, 2, 21, 30, 17], [1, 9, 3, 20, 14, 5, 31, 4], [27, 9, 3, 22, 2, 11, 29, 31], [7, 16, 13, 21, 3, 10, 12, 28], [27, 3, 28, 21, 16, 6, 10, 23], [13, 29, 12, 11, 22, 19, 15, 20], [14, 15, 30, 8, 22, 19, 31, 18], [31, 19, 20, 23, 6, 10, 7, 4], [1, 13, 27, 5, 20, 0, 18, 2], [19, 3, 8, 14, 21, 25, 4, 18], [22, 13, 29, 20, 18, 10, 26, 23], [25, 11, 19, 17, 2, 12, 15, 9], [25, 2, 29, 0, 11, 9, 20, 30], [28, 5, 9, 22, 14, 29, 20, 21], [7, 11, 21, 0, 28, 5, 27, 24], [20, 1, 16, 23, 10, 11, 18, 4], [1, 2, 11, 18, 9, 4, 23, 28], [29, 1, 28, 22, 23, 14, 30, 26], [16, 29, 30, 11, 0, 18, 5, 8], [12, 14, 2, 19, 23, 15, 9, 17], [21, 5, 31, 1, 24, 26, 19, 6], [31, 9, 18, 8, 26, 23, 24, 25], [9, 5, 17, 12, 15, 31, 27, 26], [27, 6, 26, 18, 8, 7, 5, 4], [29, 20, 5, 10, 4, 30, 11, 7], [29, 7, 23, 4, 22, 5, 24, 17], [14, 19, 2, 22, 0, 18, 20, 25], [14, 1, 27, 4, 3, 28, 7, 18], [3, 13, 0, 12, 9, 7, 6, 19], [7, 11, 25, 5, 18, 22, 4, 14], [3, 11, 2, 9, 21, 20, 25, 30], [8, 31, 5, 28, 7, 0, 1, 11], [25, 24, 31, 27, 9, 11, 22, 5], [9, 24, 12, 28, 15, 29, 30, 23], [9, 15, 11, 31, 7, 21, 1, 8], [12, 31, 17, 28, 3, 27, 15, 26], [14, 25, 11, 10, 30, 31, 3, 17], [26, 8, 22, 16, 25, 20, 23, 29], [26, 2, 12, 28, 6, 24, 19, 14], [31, 29, 10, 27, 0, 2, 23, 16], [5, 22, 10, 0, 14, 21, 4, 11], [0, 8, 4, 22, 18, 29, 9, 7], [29, 24, 28, 22, 9, 3, 2, 21], [12, 25, 21, 28, 7, 24, 11, 14], [4, 30, 29, 27, 0, 2, 12, 24], [10, 6, 11, 19, 13, 30, 20, 14], [28, 0, 14, 17, 22, 3, 26, 18], [8, 9, 11, 20, 21, 5, 6, 30], [7, 19, 25, 14, 17, 13, 31, 11], [21, 4, 14, 5, 27, 23, 28, 16], [22, 2, 15, 18, 0, 30, 10, 12], [23, 1, 19, 11, 24, 28, 7, 5], [19, 30, 26, 7, 28, 9, 6, 0], [6, 9, 19, 14, 26, 24, 22, 12], [29, 12, 9, 21, 26, 30, 14, 5], [26, 20, 3, 7, 29, 0, 1, 21], [29, 20, 8, 27, 9, 19, 30, 14], [17, 19, 29, 10, 27, 7, 9, 28], [0, 12, 23, 31, 2, 4, 15, 16], [31, 3, 24, 16, 6, 8, 7, 9], [13, 30, 16, 31, 22, 9, 29, 27], [0, 25, 3, 27, 19, 17, 22, 5], [12, 20, 8, 5, 25, 15, 19, 18], [23, 30, 3, 11, 31, 25, 8, 2], [9, 26, 12, 10, 25, 6, 16, 8], [3, 20, 14, 8, 4, 19, 5, 2], [3, 15, 2, 5, 25, 29, 0, 30], [18, 22, 6, 0, 15, 5, 25, 24], [31, 6, 12, 30, 26, 2, 5, 3], [27, 11, 25, 13, 22, 26, 20, 14], [6, 27, 20, 11, 3, 14, 28, 24], [24, 21, 18, 6, 17, 25, 16, 23], [13, 20, 21, 28, 5, 7, 14, 31], [11, 23, 17, 13, 18, 14, 25, 5], [6, 2, 23, 4, 22, 29, 26, 10], [6, 5, 9, 24, 27, 15, 7, 12], [19, 21, 13, 16, 30, 11, 2, 3], [23, 31, 8, 10, 17, 4, 2, 11], [13, 3, 6, 10, 22, 7, 15, 21], [10, 7, 20, 24, 6, 14, 2, 27], [1, 18, 27, 29, 26, 22, 4, 12], [10, 5, 24, 26, 27, 14, 12, 6], [13, 26, 28, 3, 5, 4, 21, 7], [16, 30, 17, 8, 24, 26, 21, 0], [14, 15, 19, 7, 6, 16, 11, 0], [5, 6, 31, 22, 8, 18, 10, 0], [23, 28, 4, 15, 31, 10, 29, 6], [25, 18, 22, 13, 28, 12, 20, 21], [14, 9, 22, 0, 30, 6, 4, 28], [21, 15, 27, 28, 22, 25, 23, 0], [4, 18, 10, 0, 23, 19, 12, 16], [6, 9, 29, 1, 5, 20, 0, 30], [1, 22, 27, 2, 26, 8, 16, 29], [27, 15, 3, 24, 25, 13, 1, 22], [17, 20, 18, 7, 2, 22, 1, 10], [14, 2, 0, 7, 25, 11, 8, 20], [16, 12, 13, 9, 22, 24, 26, 18], [20, 22, 0, 18, 28, 29, 24, 8], [19, 15, 20, 27, 11, 3, 18, 30], [8, 10, 28, 4, 3, 16, 25, 12], [10, 12, 28, 20, 14, 31, 5, 27], [10, 28, 2, 23, 6, 14, 19, 18], [2, 0, 3, 16, 1, 30, 28, 8], [9, 13, 24, 18, 28, 25, 23, 7], [8, 18, 30, 6, 16, 21, 3, 26], [16, 4, 18, 14, 27, 2, 29, 10], [1, 29, 8, 24, 12, 23, 3, 17], [25, 23, 9, 18, 31, 28, 17, 16], [31, 18, 24, 10, 15, 27, 0, 2], [29, 26, 8, 7, 11, 13, 20, 30], [29, 10, 11, 25, 2, 7, 31, 6], [30, 23, 8, 10, 29, 4, 28, 11], [27, 29, 19, 22, 13, 9, 20, 11], [4, 16, 5, 31, 29, 11, 14, 13], [25, 31, 24, 28, 3, 14, 16, 8], [21, 26, 28, 3, 0, 30, 23, 4], [31, 16, 4, 28, 3, 2, 21, 12], [12, 27, 20, 24, 19, 31, 14, 2], [15, 23, 2, 31, 25, 7, 26, 11], [8, 23, 0, 4, 31, 14, 2, 22], [17, 30, 11, 26, 5, 8, 28, 16], [20, 18, 21, 0, 26, 23, 8, 1], [24, 25, 16, 4, 21, 28, 13, 15], [31, 18, 29, 5, 11, 4, 16, 2], [31, 15, 28, 17, 20, 13, 11, 24], [15, 8, 1, 13, 7, 29, 30, 21], [19, 8, 29, 9, 21, 15, 30, 18], [24, 5, 2, 3, 28, 6, 0, 20], [27, 28, 13, 5, 9, 15, 1, 3], [7, 19, 22, 30, 11, 1, 9, 24], [30, 12, 9, 8, 17, 23, 31, 21], [5, 0, 27, 6, 28, 14, 16, 17], [6, 26, 15, 2, 25, 20, 18, 29], [2, 21, 28, 13, 26, 5, 4, 24], [17, 25, 2, 27, 9, 18, 23, 0], [10, 21, 2, 22, 16, 20, 17, 0], [6, 7, 16, 30, 25, 29, 15, 5], [8, 4, 22, 7, 3, 21, 19, 30], [21, 6, 28, 18, 19, 14, 30, 8], [9, 5, 12, 4, 10, 1, 23, 6], [27, 10, 31, 28, 7, 30, 13, 2], [5, 1, 2, 9, 31, 0, 30, 17], [16, 7, 6, 5, 23, 10, 9, 26], [25, 5, 30, 23, 19, 14, 31, 26], [10, 25, 24, 1, 2, 5, 22, 17], [14, 17, 31, 26, 3, 24, 13, 11], [31, 30, 0, 13, 10, 1, 8, 20], [6, 25, 19, 20, 3, 1, 16, 13], [26, 14, 18, 24, 9, 2, 22, 13], [24, 12, 2, 8, 30, 31, 9, 13], [28, 25, 9, 24, 14, 27, 26, 13], [10, 14, 22, 3, 25, 8, 20, 2], [20, 28, 11, 22, 18, 9, 24, 31], [25, 16, 3, 14, 10, 6, 5, 11], [29, 24, 15, 10, 1, 11, 31, 28], [14, 8, 10, 9, 2, 31, 1, 30], [12, 11, 1, 18, 3, 27, 15, 31], [8, 22, 21, 9, 31, 15, 17, 3], [9, 2, 26, 18, 0, 24, 4, 30], [3, 8, 17, 13, 2, 20, 6, 12], [16, 18, 4, 15, 26, 24, 28, 10], [27, 28, 19, 18, 26, 11, 15, 16], [12, 28, 24, 16, 9, 15, 10, 14], [2, 31, 29, 7, 22, 14, 28, 24], [19, 23, 14, 10, 3, 13, 21, 1], [20, 0, 13, 23, 12, 24, 22, 16], [23, 13, 17, 15, 1, 8, 2, 16], [29, 23, 13, 21, 6, 0, 18, 3], [14, 3, 10, 5, 22, 23, 0, 26], [8, 20, 26, 25, 4, 2, 28, 7], [12, 23, 6, 2, 20, 18, 10, 13], [6, 8, 29, 19, 28, 2, 18, 7], [31, 12, 8, 10, 28, 1, 5, 24], [21, 15, 6, 9, 16, 31, 17, 10], [2, 20, 12, 16, 13, 22, 21, 24], [25, 20, 14, 15, 17, 27, 9, 12], [28, 1, 26, 3, 10, 24, 0, 21], [17, 13, 24, 30, 25, 11, 14, 15], [28, 6, 9, 5, 26, 25, 0, 31], [7, 29, 8, 25, 28, 9, 16, 18], [22, 12, 1, 8, 17, 26, 30, 6], [30, 24, 27, 6, 26, 28, 7, 20], [4, 23, 19, 26, 17, 14, 15, 16], [6, 14, 24, 30, 28, 29, 12, 26], [20, 4, 14, 0, 31, 12, 10, 3], [8, 23, 17, 15, 7, 26, 0, 21], [18, 28, 24, 4, 15, 31, 2, 19], [2, 24, 27, 10, 28, 6, 8, 17], [2, 31, 26, 7, 18, 21, 1, 15], [19, 3, 25, 29, 2, 28, 20, 23], [19, 15, 24, 4, 7, 17, 26, 13], [0, 13, 21, 25, 6, 28, 5, 2]]",8,0.6451617479324341,128,random,0.0,26368,4.0,124,0.7088871598243713,23,80 160 32 72,6591,0.7434161901473999,test,top_r_mean,0.0,0.0,0.25,0.25
0.01942042178728569,0.0,206,0.0,31,140.57970000430942,qasper,0.8,0.0,0.0,0.0,1910.14599:ee2c9bc24d70daa0c87e38e0558e09ab97feb4f2,mean,0.5726260951929908,0.07345861941576004,"[[1, 22, 11, 15, 17, 14, 2, 23], [5, 18, 12, 23, 14, 8, 21, 26], [8, 15, 3, 26, 25, 29, 4, 1], [24, 28, 23, 26, 0, 11, 10, 1], [11, 13, 5, 16, 29, 10, 26, 6], [2, 29, 16, 22, 27, 3, 15, 31], [11, 8, 13, 19, 3, 14, 29, 5], [31, 11, 27, 6, 1, 28, 17, 20], [17, 11, 6, 31, 25, 10, 3, 2], [20, 2, 23, 4, 15, 8, 27, 1], [18, 26, 7, 11, 14, 16, 13, 3], [22, 27, 6, 15, 0, 13, 18, 11], [9, 25, 13, 3, 20, 11, 28, 7], [23, 25, 10, 19, 16, 29, 28, 14], [13, 4, 3, 0, 2, 8, 29, 9], [18, 7, 11, 24, 23, 16, 22, 0], [30, 21, 26, 25, 7, 12, 8, 29], [26, 20, 11, 16, 1, 10, 23, 8], [1, 12, 28, 13, 22, 5, 19, 15], [31, 28, 18, 26, 12, 21, 2, 17], [10, 15, 16, 29, 3, 14, 8, 26], [7, 24, 14, 22, 5, 23, 0, 11], [7, 19, 31, 3, 16, 4, 11, 6], [14, 17, 19, 28, 15, 26, 27, 6], [26, 8, 20, 12, 28, 29, 21, 4], [28, 1, 18, 23, 20, 12, 31, 11], [15, 30, 12, 14, 1, 11, 3, 9], [29, 31, 14, 8, 9, 0, 6, 11], [23, 8, 4, 11, 21, 14, 22, 17], [27, 23, 29, 11, 18, 8, 4, 7], [12, 16, 17, 31, 23, 18, 2, 10], [16, 27, 22, 0, 17, 23, 3, 11], [15, 1, 18, 25, 27, 3, 21, 29], [12, 2, 4, 10, 7, 18, 15, 5], [27, 4, 8, 6, 12, 19, 22, 13], [26, 1, 0, 12, 9, 11, 16, 6], [21, 12, 20, 30, 9, 28, 8, 24], [8, 11, 0, 28, 26, 21, 16, 19], [17, 7, 26, 18, 10, 16, 1, 0], [14, 5, 25, 15, 16, 30, 4, 2], [25, 11, 12, 2, 22, 4, 18, 13], [21, 29, 26, 22, 31, 23, 30, 5], [28, 13, 21, 19, 12, 23, 7, 17], [29, 3, 21, 14, 28, 1, 15, 18], [25, 20, 8, 27, 15, 2, 18, 22], [0, 2, 24, 31, 15, 23, 19, 18], [22, 16, 29, 15, 26, 21, 18, 31], [25, 7, 8, 6, 24, 30, 26, 10], [4, 25, 27, 16, 1, 0, 13, 2], [24, 31, 21, 4, 27, 13, 3, 29], [15, 30, 12, 29, 19, 25, 3, 27], [3, 20, 17, 12, 23, 31, 7, 21], [18, 30, 16, 25, 13, 3, 10, 23], [2, 20, 23, 3, 1, 21, 25, 9], [10, 1, 19, 30, 9, 13, 6, 24], [29, 26, 5, 17, 20, 4, 22, 27], [14, 19, 17, 27, 7, 0, 21, 12], [30, 11, 22, 31, 1, 24, 27, 18], [16, 8, 4, 14, 19, 9, 23, 24], [20, 2, 1, 11, 3, 27, 6, 24], [28, 30, 13, 24, 0, 7, 14, 1], [11, 9, 24, 30, 16, 7, 25, 27], [5, 15, 24, 12, 21, 3, 6, 16], [17, 26, 10, 13, 3, 25, 4, 0], [5, 30, 22, 28, 0, 17, 23, 8], [1, 12, 8, 19, 25, 29, 14, 20], [12, 9, 22, 10, 24, 30, 11, 26], [22, 21, 0, 31, 26, 12, 28, 2], [29, 18, 6, 14, 20, 13, 3, 4], [8, 22, 9, 4, 10, 30, 21, 5], [28, 14, 24, 2, 25, 9, 12, 6], [29, 5, 1, 6, 12, 20, 30, 27], [16, 0, 15, 21, 7, 12, 28, 18], [27, 14, 0, 30, 31, 17, 13, 22], [11, 6, 7, 20, 28, 3, 30, 21], [15, 25, 0, 14, 3, 1, 7, 30], [16, 7, 0, 14, 12, 31, 13, 23], [27, 18, 1, 3, 24, 26, 22, 9], [19, 23, 5, 18, 13, 25, 6, 22], [21, 31, 3, 7, 14, 16, 27, 4], [4, 29, 13, 19, 16, 30, 7, 23], [18, 11, 29, 4, 24, 30, 25, 6], [19, 10, 21, 6, 16, 31, 0, 24], [6, 31, 18, 25, 14, 23, 8, 3], [19, 31, 28, 23, 30, 1, 5, 26], [16, 3, 21, 4, 31, 12, 6, 17], [11, 25, 0, 5, 4, 18, 6, 27], [14, 6, 8, 25, 12, 7, 16, 22], [0, 22, 4, 9, 30, 13, 21, 12], [7, 1, 5, 27, 9, 4, 25, 20], [22, 8, 15, 13, 7, 17, 27, 28], [31, 20, 27, 18, 17, 2, 10, 8], [8, 2, 29, 12, 24, 31, 22, 14], [2, 7, 23, 0, 20, 11, 16, 22], [29, 19, 13, 24, 18, 5, 1, 12], [26, 14, 11, 4, 3, 12, 18, 25], [18, 16, 17, 2, 25, 12, 6, 19], [20, 19, 27, 6, 23, 11, 26, 18], [13, 29, 28, 23, 12, 7, 16, 21], [22, 16, 6, 19, 5, 21, 23, 27], [6, 19, 20, 18, 9, 2, 24, 21], [26, 11, 25, 19, 3, 22, 10, 0], [21, 3, 28, 26, 15, 31, 25, 12], [2, 20, 31, 30, 19, 17, 3, 26], [23, 24, 30, 20, 5, 27, 25, 22], [19, 31, 18, 11, 8, 2, 23, 28], [10, 7, 24, 31, 25, 1, 26, 8], [9, 5, 3, 6, 14, 19, 0, 8], [1, 19, 12, 3, 10, 8, 14, 16], [12, 14, 5, 15, 20, 31, 21, 13], [0, 4, 18, 13, 24, 14, 29, 23], [3, 23, 20, 5, 26, 21, 9, 10], [10, 3, 6, 28, 0, 13, 29, 8], [5, 21, 16, 9, 4, 12, 15, 23], [29, 17, 5, 26, 0, 8, 31, 9], [16, 14, 2, 4, 22, 23, 1, 12], [18, 1, 20, 12, 22, 9, 16, 14], [24, 4, 17, 6, 30, 3, 23, 1], [10, 30, 11, 22, 8, 9, 26, 28], [15, 16, 5, 27, 4, 10, 3, 13], [21, 29, 19, 2, 10, 3, 14, 5], [29, 5, 16, 21, 7, 17, 22, 25], [24, 17, 19, 3, 4, 20, 9, 5], [30, 22, 17, 7, 13, 16, 8, 4], [11, 23, 0, 15, 2, 25, 10, 28], [6, 31, 23, 4, 17, 10, 9, 2], [24, 10, 4, 11, 15, 22, 8, 23], [6, 11, 12, 24, 8, 17, 15, 5], [26, 7, 16, 6, 28, 4, 25, 29], [12, 0, 17, 7, 25, 20, 10, 5], [3, 21, 23, 16, 4, 11, 19, 28], [26, 9, 7, 6, 8, 3, 30, 10], [17, 8, 7, 6, 21, 22, 5, 19], [11, 10, 9, 0, 13, 17, 19, 1], [5, 10, 1, 22, 25, 11, 0, 19], [24, 13, 23, 28, 0, 11, 15, 29], [11, 28, 17, 18, 15, 1, 23, 20], [11, 22, 25, 27, 30, 23, 0, 15], [9, 22, 12, 13, 20, 8, 5, 1], [28, 12, 19, 10, 25, 13, 21, 7], [16, 15, 19, 31, 8, 22, 7, 14], [8, 26, 31, 27, 14, 9, 0, 17], [18, 25, 19, 12, 31, 9, 24, 27], [6, 8, 2, 18, 13, 9, 15, 14], [10, 2, 12, 31, 27, 26, 14, 1], [29, 31, 5, 14, 9, 10, 23, 4], [17, 25, 4, 23, 9, 2, 3, 16], [21, 27, 17, 28, 5, 29, 14, 13], [0, 29, 25, 7, 27, 2, 28, 1], [24, 15, 8, 14, 22, 1, 26, 30], [9, 13, 12, 16, 4, 3, 21, 28], [24, 16, 25, 9, 13, 4, 15, 6], [8, 31, 27, 16, 9, 2, 30, 24], [14, 31, 1, 0, 17, 15, 30, 10], [12, 10, 11, 1, 24, 27, 2, 23], [0, 5, 15, 9, 13, 27, 20, 1], [0, 31, 22, 7, 2, 28, 21, 13], [21, 4, 22, 24, 0, 27, 18, 17], [4, 30, 24, 0, 16, 10, 12, 23], [18, 29, 15, 22, 16, 10, 11, 12], [25, 5, 11, 21, 23, 13, 1, 6], [18, 29, 15, 12, 13, 6, 8, 19], [1, 29, 17, 30, 11, 4, 21, 28], [15, 27, 1, 6, 10, 22, 25, 30], [27, 8, 23, 22, 20, 15, 29, 17], [9, 17, 6, 24, 15, 27, 14, 3], [20, 28, 5, 2, 14, 21, 23, 13], [19, 15, 6, 29, 1, 2, 5, 13], [10, 24, 1, 18, 4, 13, 26, 14], [6, 12, 22, 28, 31, 1, 3, 14], [19, 27, 15, 14, 26, 30, 28, 9], [3, 7, 27, 5, 31, 29, 26, 21], [31, 29, 17, 4, 30, 9, 3, 1], [8, 16, 18, 19, 14, 0, 30, 10], [13, 9, 2, 19, 25, 20, 8, 3], [20, 16, 22, 12, 15, 28, 7, 31], [9, 16, 15, 14, 29, 31, 18, 4], [29, 28, 22, 20, 11, 27, 30, 14], [17, 21, 31, 24, 6, 28, 11, 4], [15, 4, 18, 6, 8, 27, 1, 25], [11, 5, 21, 4, 22, 7, 23, 0], [20, 29, 0, 18, 13, 6, 11, 17], [26, 3, 10, 2, 22, 7, 25, 16], [21, 3, 0, 24, 13, 28, 15, 22], [0, 25, 14, 5, 3, 7, 23, 15], [1, 20, 30, 16, 7, 25, 18, 2], [28, 24, 15, 22, 7, 2, 26, 18], [31, 1, 27, 21, 12, 4, 22, 28], [10, 25, 6, 3, 5, 29, 16, 13], [14, 11, 22, 17, 9, 29, 19, 2], [24, 27, 6, 18, 5, 17, 29, 13], [3, 25, 14, 21, 29, 2, 18, 26], [9, 18, 30, 24, 1, 14, 20, 17], [18, 6, 16, 19, 9, 12, 14, 17], [16, 1, 28, 4, 6, 21, 7, 24], [17, 19, 5, 15, 13, 11, 6, 12], [12, 8, 30, 16, 25, 18, 29, 0], [28, 21, 14, 4, 7, 3, 17, 10], [21, 18, 16, 2, 22, 23, 24, 19], [11, 29, 4, 9, 14, 2, 24, 1], [22, 5, 10, 29, 16, 11, 31, 23], [19, 9, 1, 18, 4, 16, 27, 20], [11, 10, 16, 20, 0, 12, 26, 27], [27, 1, 19, 22, 6, 29, 11, 23], [24, 4, 9, 21, 16, 13, 5, 18], [7, 27, 6, 16, 4, 24, 23, 12]]",8,0.662638783454895,128,random,0.0,26368,4.0,124,0.7301759719848633,37,48 72 88 112,6591,0.7622337341308594,test,top_r_mean,0.0,0.0,0.25,0.375
0.01942042178728569,1.0,206,1.0,31,147.43300015106797,qasper,0.8,0.25,0.2,0.0,1910.14599:ee2c9bc24d70daa0c87e38e0558e09ab97feb4f2,mean,0.5651432630831162,0.06766527146100998,"[[16, 22, 12, 10, 21, 0, 17, 13], [10, 29, 31, 11, 2, 23, 1, 19], [14, 4, 12, 11, 18, 0, 2, 8], [0, 25, 1, 6, 13, 3, 7, 8], [9, 1, 27, 0, 23, 24, 20, 10], [22, 0, 19, 25, 18, 10, 15, 21], [31, 13, 21, 25, 10, 17, 27, 4], [2, 13, 23, 15, 11, 27, 1, 19], [14, 10, 2, 25, 22, 11, 20, 23], [21, 12, 13, 23, 22, 29, 11, 0], [28, 4, 20, 6, 19, 17, 5, 16], [17, 28, 7, 26, 6, 31, 5, 12], [4, 31, 12, 28, 8, 13, 21, 10], [25, 6, 13, 5, 0, 14, 4, 3], [20, 27, 8, 12, 23, 17, 0, 16], [15, 6, 28, 21, 1, 22, 27, 10], [11, 21, 20, 14, 8, 18, 1, 5], [16, 19, 13, 12, 17, 14, 11, 8], [17, 28, 19, 16, 3, 15, 26, 8], [7, 6, 24, 1, 3, 18, 30, 28], [26, 5, 22, 29, 18, 8, 1, 0], [6, 4, 13, 27, 31, 2, 18, 5], [31, 21, 19, 9, 25, 20, 4, 10], [9, 5, 28, 16, 30, 24, 26, 21], [16, 29, 8, 30, 0, 10, 28, 24], [11, 14, 0, 5, 24, 17, 13, 28], [21, 27, 3, 22, 31, 1, 5, 16], [5, 2, 6, 28, 0, 31, 25, 9], [23, 15, 4, 17, 29, 21, 25, 30], [13, 15, 27, 14, 7, 20, 11, 23], [30, 14, 3, 11, 1, 28, 24, 21], [19, 6, 22, 4, 26, 14, 10, 9], [4, 20, 24, 29, 31, 21, 28, 14], [14, 0, 10, 2, 18, 3, 28, 23], [21, 11, 27, 0, 14, 20, 31, 17], [15, 1, 5, 7, 14, 27, 13, 3], [27, 5, 7, 24, 20, 31, 30, 14], [24, 0, 10, 8, 17, 15, 23, 4], [21, 15, 28, 8, 4, 22, 30, 9], [18, 22, 20, 9, 2, 16, 19, 5], [0, 23, 20, 25, 14, 24, 13, 17], [22, 27, 14, 19, 15, 0, 12, 9], [19, 29, 26, 9, 31, 2, 16, 4], [8, 24, 11, 3, 13, 2, 31, 18], [7, 16, 6, 4, 12, 13, 15, 5], [0, 4, 6, 23, 26, 18, 19, 29], [28, 19, 20, 22, 0, 2, 17, 3], [30, 13, 7, 21, 3, 2, 23, 17], [26, 10, 3, 20, 2, 7, 22, 5], [9, 30, 23, 4, 13, 0, 7, 31], [30, 11, 24, 9, 1, 16, 18, 22], [5, 4, 30, 27, 6, 23, 16, 7], [19, 5, 7, 13, 27, 24, 2, 8], [19, 23, 28, 22, 24, 21, 5, 27], [3, 26, 8, 1, 7, 5, 21, 20], [16, 30, 3, 6, 27, 1, 13, 31], [17, 26, 11, 19, 22, 28, 3, 5], [5, 27, 20, 4, 16, 1, 17, 9], [0, 15, 4, 16, 28, 20, 23, 31], [23, 16, 25, 10, 2, 3, 28, 9], [4, 3, 29, 9, 1, 10, 15, 11], [4, 15, 30, 6, 29, 17, 1, 12], [0, 23, 25, 13, 5, 24, 16, 31], [2, 5, 6, 9, 20, 8, 11, 12], [20, 17, 22, 14, 29, 15, 24, 8], [29, 13, 22, 5, 1, 26, 23, 19], [28, 20, 17, 19, 11, 0, 9, 8], [21, 23, 27, 26, 10, 2, 17, 25], [15, 17, 30, 4, 3, 12, 31, 8], [5, 21, 1, 18, 8, 30, 16, 6], [17, 22, 8, 19, 3, 0, 27, 31], [28, 31, 19, 21, 15, 5, 22, 30], [21, 28, 23, 18, 3, 2, 26, 8], [11, 18, 0, 5, 30, 19, 9, 14], [14, 16, 17, 25, 28, 5, 7, 23], [4, 2, 16, 18, 9, 15, 8, 5], [21, 28, 20, 17, 19, 23, 24, 5], [3, 8, 21, 4, 30, 18, 2, 23], [1, 23, 21, 2, 11, 7, 27, 14], [28, 11, 18, 21, 14, 26, 6, 2], [4, 7, 31, 16, 22, 6, 29, 23], [18, 22, 24, 1, 6, 2, 15, 9], [10, 19, 27, 9, 21, 14, 3, 1], [22, 13, 9, 4, 18, 0, 10, 29], [31, 13, 3, 16, 4, 23, 30, 15], [3, 27, 5, 22, 0, 2, 8, 26], [18, 4, 20, 12, 21, 10, 27, 1], [3, 22, 16, 0, 4, 11, 7, 17], [29, 20, 1, 0, 9, 8, 25, 30], [14, 10, 23, 2, 20, 4, 19, 22], [27, 1, 23, 26, 13, 28, 9, 4], [13, 15, 7, 5, 21, 19, 4, 18], [6, 10, 31, 28, 3, 4, 26, 14], [29, 5, 25, 6, 4, 15, 18, 31], [26, 9, 8, 31, 4, 12, 19, 24], [10, 24, 21, 12, 23, 17, 31, 2], [31, 23, 2, 24, 25, 26, 20, 27], [14, 21, 13, 2, 7, 6, 26, 17], [20, 6, 0, 26, 5, 31, 12, 1], [15, 5, 21, 0, 27, 29, 16, 25], [22, 15, 14, 16, 29, 9, 19, 23], [8, 9, 3, 27, 23, 16, 13, 0], [10, 14, 22, 5, 28, 12, 29, 19], [10, 13, 15, 26, 9, 14, 23, 17], [15, 10, 27, 16, 31, 14, 21, 4], [3, 26, 11, 27, 4, 6, 24, 19], [18, 24, 1, 9, 12, 6, 10, 29], [13, 29, 15, 0, 16, 10, 4, 8], [23, 3, 30, 10, 13, 4, 0, 25], [2, 10, 6, 8, 15, 1, 19, 29], [8, 0, 14, 21, 16, 26, 22, 2], [25, 10, 12, 14, 13, 0, 21, 29], [29, 6, 1, 12, 24, 27, 31, 0], [18, 4, 12, 6, 8, 11, 26, 20], [17, 30, 16, 18, 27, 23, 4, 1], [11, 1, 5, 23, 2, 25, 15, 16], [3, 1, 30, 21, 11, 14, 2, 15], [2, 31, 19, 7, 15, 8, 0, 9], [27, 31, 14, 19, 4, 5, 21, 15], [20, 0, 6, 28, 14, 9, 5, 19], [25, 12, 23, 1, 4, 21, 28, 8], [7, 4, 15, 25, 27, 12, 2, 29], [12, 16, 6, 22, 1, 21, 24, 30], [1, 15, 31, 23, 28, 5, 13, 24], [31, 10, 17, 23, 20, 29, 11, 18], [29, 8, 25, 15, 4, 28, 30, 17], [5, 28, 12, 3, 17, 22, 8, 10], [5, 31, 26, 7, 30, 12, 13, 4], [7, 25, 21, 5, 2, 1, 17, 9], [20, 18, 29, 24, 0, 6, 13, 11], [27, 5, 3, 18, 12, 14, 16, 23], [9, 12, 31, 6, 8, 26, 10, 24], [17, 11, 31, 4, 7, 27, 21, 2], [23, 14, 26, 4, 15, 1, 2, 24], [17, 29, 21, 27, 1, 13, 18, 20], [3, 16, 30, 9, 28, 10, 26, 4], [13, 7, 23, 30, 8, 22, 21, 18], [30, 4, 11, 16, 10, 27, 7, 6], [20, 16, 17, 24, 11, 10, 15, 23], [0, 19, 28, 3, 27, 25, 6, 23], [26, 30, 20, 31, 28, 23, 3, 7], [20, 15, 25, 5, 29, 19, 31, 12], [18, 5, 29, 9, 3, 2, 27, 4], [13, 3, 12, 30, 4, 17, 21, 8], [14, 9, 8, 30, 20, 23, 31, 10], [10, 30, 20, 25, 18, 13, 11, 12], [25, 10, 16, 8, 27, 3, 20, 9], [20, 13, 12, 0, 21, 16, 5, 2], [20, 29, 25, 26, 8, 24, 9, 11], [5, 3, 17, 24, 0, 6, 16, 7], [0, 7, 18, 1, 10, 27, 8, 29], [29, 31, 2, 25, 14, 0, 28, 4], [26, 19, 29, 14, 3, 10, 9, 0], [18, 25, 3, 16, 7, 24, 5, 1], [20, 0, 15, 6, 11, 31, 9, 13], [27, 26, 24, 19, 7, 15, 13, 1], [6, 2, 8, 17, 20, 11, 4, 25], [29, 25, 5, 12, 30, 7, 27, 18], [25, 3, 0, 27, 17, 5, 26, 31], [31, 16, 27, 9, 23, 12, 6, 26], [31, 21, 19, 8, 17, 10, 16, 22], [4, 13, 17, 28, 30, 21, 9, 15], [14, 4, 7, 31, 21, 6, 10, 30], [25, 29, 9, 30, 5, 7, 12, 8], [13, 24, 19, 6, 3, 21, 26, 23], [28, 20, 11, 4, 10, 2, 12, 26], [15, 16, 25, 11, 10, 3, 4, 1], [5, 28, 18, 27, 6, 25, 0, 30], [6, 12, 1, 30, 9, 2, 3, 0], [8, 25, 6, 24, 2, 31, 23, 12], [10, 4, 20, 2, 18, 27, 3, 21], [15, 4, 10, 26, 2, 28, 14, 25], [17, 7, 1, 15, 8, 27, 18, 23], [30, 29, 24, 7, 12, 21, 27, 5], [18, 12, 27, 17, 20, 26, 6, 24], [31, 27, 6, 30, 5, 2, 12, 1], [25, 6, 8, 4, 0, 16, 24, 11], [16, 9, 15, 30, 23, 10, 7, 6], [18, 17, 1, 30, 23, 28, 3, 26], [5, 19, 15, 8, 9, 10, 18, 26], [8, 4, 12, 21, 29, 9, 17, 10], [2, 15, 17, 0, 1, 19, 6, 9], [11, 13, 8, 21, 3, 12, 10, 19], [10, 27, 9, 13, 26, 25, 29, 7], [17, 27, 24, 2, 14, 28, 7, 30], [10, 30, 0, 11, 21, 6, 13, 25], [19, 29, 3, 26, 25, 12, 22, 0], [23, 29, 30, 20, 21, 3, 18, 2], [5, 19, 25, 20, 12, 21, 9, 6], [20, 17, 19, 6, 10, 7, 5, 12], [16, 0, 31, 23, 12, 19, 10, 3], [19, 12, 7, 29, 6, 0, 9, 5], [19, 28, 4, 21, 0, 31, 1, 5], [22, 0, 15, 20, 19, 25, 17, 14], [3, 2, 0, 10, 6, 12, 15, 5], [17, 12, 0, 22, 5, 29, 1, 19], [6, 31, 19, 14, 2, 13, 12, 11], [26, 28, 15, 10, 19, 27, 9, 7], [26, 6, 0, 18, 29, 30, 3, 19], [3, 30, 22, 5, 31, 21, 13, 14], [27, 15, 12, 18, 8, 20, 0, 28], [14, 20, 4, 27, 11, 10, 25, 9], [19, 0, 24, 1, 17, 13, 15, 6], [1, 4, 20, 17, 6, 25, 2, 5], [6, 21, 4, 2, 9, 14, 27, 22], [21, 10, 5, 17, 11, 15, 12, 16]]",8,0.639054000377655,128,random,0.3333333333333333,26368,4.0,124,0.7031355500221252,53,152 40 0 200,6591,0.7385978102684021,test,top_r_mean,0.0,0.0,0.25,0.375
0.01942042178728569,0.0,206,0.0,31,151.92359988577664,qasper,0.8,0.0,0.0,0.0,1910.14599:ee2c9bc24d70daa0c87e38e0558e09ab97feb4f2,mean,0.5770779067013971,0.05933842808008194,"[[13, 11, 2, 10, 6, 17, 30, 5], [24, 6, 2, 13, 28, 18, 25, 10], [4, 21, 2, 30, 6, 1, 15, 11], [31, 1, 6, 28, 29, 20, 25, 23], [7, 12, 14, 26, 10, 11, 17, 1], [3, 25, 7, 22, 12, 16, 30, 29], [30, 26, 15, 3, 20, 12, 8, 2], [12, 4, 24, 23, 3, 28, 29, 0], [26, 10, 19, 7, 22, 0, 31, 14], [22, 9, 8, 21, 10, 0, 14, 12], [13, 27, 16, 29, 31, 6, 28, 26], [24, 11, 5, 17, 23, 20, 30, 19], [25, 22, 18, 10, 6, 30, 5, 24], [26, 17, 16, 18, 31, 29, 21, 2], [21, 5, 18, 19, 6, 10, 20, 4], [2, 15, 31, 27, 5, 30, 12, 10], [4, 26, 24, 18, 16, 14, 25, 0], [12, 18, 17, 20, 5, 19, 7, 0], [14, 31, 18, 2, 3, 5, 6, 16], [7, 27, 5, 21, 12, 14, 1, 18], [31, 20, 6, 17, 25, 11, 22, 10], [11, 13, 26, 8, 0, 14, 15, 25], [22, 23, 12, 11, 4, 25, 24, 30], [18, 31, 17, 12, 5, 24, 9, 10], [15, 26, 8, 2, 19, 25, 7, 22], [16, 8, 2, 3, 27, 18, 28, 24], [10, 5, 19, 6, 25, 31, 3, 26], [15, 0, 3, 29, 22, 14, 13, 12], [9, 16, 27, 2, 10, 0, 31, 19], [25, 7, 15, 12, 13, 17, 10, 3], [19, 31, 5, 8, 10, 20, 11, 0], [30, 27, 1, 29, 13, 21, 24, 19], [2, 15, 4, 19, 23, 30, 3, 27], [7, 31, 0, 22, 3, 29, 16, 15], [24, 6, 3, 25, 21, 29, 7, 9], [30, 18, 6, 31, 20, 7, 28, 21], [31, 10, 9, 22, 2, 23, 27, 11], [22, 2, 18, 14, 17, 15, 12, 11], [25, 9, 26, 18, 8, 23, 20, 24], [20, 29, 28, 14, 22, 16, 21, 27], [4, 11, 12, 1, 30, 25, 29, 19], [26, 4, 11, 7, 0, 5, 29, 19], [29, 30, 15, 20, 5, 12, 16, 27], [10, 30, 5, 11, 28, 23, 0, 21], [3, 11, 22, 19, 29, 31, 1, 27], [14, 17, 9, 8, 18, 26, 13, 22], [20, 4, 19, 12, 31, 14, 2, 6], [19, 14, 7, 16, 17, 18, 0, 12], [13, 29, 10, 5, 23, 0, 9, 2], [19, 23, 22, 24, 3, 18, 17, 21], [18, 22, 16, 19, 25, 8, 6, 15], [5, 18, 25, 31, 26, 29, 28, 21], [17, 14, 26, 23, 29, 28, 18, 4], [7, 14, 13, 3, 12, 11, 23, 4], [18, 12, 27, 15, 0, 30, 11, 21], [9, 18, 0, 14, 7, 4, 11, 31], [31, 28, 29, 4, 13, 30, 3, 12], [7, 27, 14, 31, 6, 22, 2, 25], [24, 17, 5, 0, 12, 2, 22, 9], [20, 19, 13, 29, 22, 4, 11, 2], [2, 30, 25, 28, 22, 26, 5, 24], [9, 5, 11, 2, 8, 16, 6, 20], [21, 8, 27, 5, 14, 20, 2, 12], [26, 16, 27, 9, 4, 11, 31, 24], [19, 5, 8, 29, 24, 1, 23, 11], [3, 20, 9, 0, 14, 12, 1, 4], [21, 20, 25, 3, 24, 10, 23, 1], [20, 8, 5, 2, 0, 25, 29, 30], [19, 3, 29, 9, 24, 6, 26, 14], [13, 9, 2, 8, 11, 24, 10, 14], [18, 10, 19, 14, 1, 28, 31, 3], [2, 17, 19, 7, 29, 4, 16, 14], [9, 3, 17, 4, 8, 16, 13, 26], [18, 29, 28, 24, 12, 20, 27, 6], [21, 2, 28, 9, 11, 15, 23, 0], [18, 28, 23, 21, 9, 2, 4, 8], [27, 1, 3, 13, 22, 9, 7, 28], [2, 10, 11, 25, 1, 3, 14, 31], [6, 15, 28, 9, 16, 11, 18, 26], [19, 2, 12, 29, 7, 13, 30, 24], [31, 12, 0, 13, 8, 14, 18, 5], [22, 28, 14, 3, 17, 24, 7, 10], [18, 30, 15, 0, 11, 22, 23, 1], [25, 1, 27, 16, 23, 13, 6, 5], [15, 21, 23, 27, 0, 29, 10, 13], [14, 5, 20, 24, 18, 8, 28, 9], [24, 11, 29, 28, 9, 5, 21, 25], [12, 19, 24, 14, 31, 17, 9, 6], [25, 9, 2, 5, 21, 8, 4, 19], [29, 25, 24, 28, 11, 16, 21, 13], [17, 0, 27, 1, 4, 19, 21, 14], [25, 24, 3, 28, 29, 5, 17, 12], [10, 7, 6, 5, 16, 11, 13, 18], [12, 6, 25, 22, 20, 18, 21, 28], [16, 3, 31, 21, 7, 29, 30, 11], [5, 30, 6, 1, 3, 0, 28, 16], [9, 21, 6, 20, 0, 4, 17, 19], [4, 19, 21, 28, 12, 18, 1, 26], [21, 14, 5, 8, 10, 16, 2, 9], [5, 19, 13, 10, 14, 8, 1, 11], [12, 7, 5, 10, 29, 4, 26, 21], [17, 6, 21, 14, 23, 28, 16, 24], [9, 30, 19, 11, 6, 14, 24, 12], [0, 2, 10, 17, 8, 23, 12, 14], [12, 24, 10, 25, 28, 16, 22, 13], [24, 16, 5, 3, 31, 18, 11, 19], [29, 16, 21, 12, 0, 13, 31, 26], [31, 24, 8, 16, 17, 26, 19, 11], [16, 10, 30, 25, 12, 6, 31, 20], [1, 25, 31, 0, 11, 26, 23, 3], [3, 6, 17, 19, 24, 16, 4, 2], [30, 25, 11, 5, 1, 17, 15, 31], [9, 25, 7, 12, 1, 26, 28, 29], [30, 24, 13, 10, 27, 14, 28, 0], [11, 10, 27, 3, 28, 6, 16, 23], [4, 0, 26, 6, 9, 7, 25, 13], [19, 5, 15, 14, 20, 12, 10, 1], [7, 16, 5, 23, 26, 18, 12, 20], [20, 13, 6, 0, 23, 18, 17, 7], [23, 28, 29, 25, 22, 8, 7, 30], [6, 13, 23, 0, 9, 11, 12, 20], [8, 13, 26, 2, 6, 9, 18, 0], [12, 11, 3, 21, 5, 30, 1, 19], [23, 1, 17, 18, 27, 16, 2, 19], [31, 29, 2, 15, 17, 26, 24, 12], [14, 27, 30, 8, 26, 5, 12, 4], [8, 22, 23, 28, 10, 11, 13, 21], [23, 5, 17, 9, 15, 6, 20, 24], [19, 30, 5, 10, 0, 26, 15, 29], [20, 4, 6, 15, 21, 23, 9, 13], [0, 24, 1, 8, 5, 4, 25, 29], [1, 2, 24, 0, 27, 26, 29, 10], [11, 6, 10, 26, 4, 21, 17, 13], [17, 28, 1, 11, 10, 7, 20, 21], [9, 16, 20, 3, 28, 1, 19, 10], [16, 11, 12, 5, 23, 21, 28, 29], [27, 17, 16, 15, 11, 1, 0, 31], [5, 4, 3, 23, 16, 22, 7, 19], [23, 20, 6, 11, 12, 15, 17, 31], [17, 16, 1, 10, 25, 18, 26, 19], [18, 1, 16, 27, 26, 24, 12, 4], [20, 23, 19, 14, 10, 24, 26, 28], [15, 7, 25, 8, 16, 14, 3, 18], [14, 26, 24, 4, 13, 10, 31, 11], [17, 22, 16, 12, 28, 15, 30, 19], [15, 8, 25, 21, 11, 3, 18, 2], [4, 20, 11, 16, 13, 24, 8, 12], [10, 4, 14, 22, 27, 17, 20, 3], [2, 13, 23, 26, 21, 5, 6, 31], [28, 26, 16, 29, 23, 30, 19, 7], [25, 10, 15, 19, 31, 4, 5, 13], [4, 13, 3, 15, 7, 25, 12, 9], [4, 24, 5, 16, 10, 9, 28, 1], [3, 21, 12, 17, 22, 6, 2, 14], [12, 26, 10, 28, 15, 24, 14, 30], [22, 16, 10, 7, 9, 25, 24, 28], [13, 8, 10, 6, 4, 21, 28, 23], [31, 22, 23, 14, 18, 30, 19, 2], [28, 7, 11, 14, 19, 5, 1, 2], [30, 11, 1, 18, 22, 31, 5, 14], [22, 9, 25, 13, 10, 23, 19, 7], [27, 11, 13, 23, 21, 0, 17, 19], [19, 27, 25, 21, 8, 17, 13, 30], [21, 6, 14, 16, 8, 22, 29, 1], [30, 17, 2, 28, 12, 1, 9, 7], [11, 12, 16, 5, 13, 19, 8, 26], [0, 3, 5, 10, 9, 1, 6, 4], [27, 25, 28, 2, 31, 7, 11, 4], [28, 9, 0, 3, 21, 19, 22, 29], [20, 29, 11, 22, 1, 23, 16, 10], [10, 2, 13, 5, 14, 26, 15, 17], [1, 10, 19, 6, 12, 16, 24, 15], [25, 5, 19, 31, 24, 6, 26, 15], [27, 11, 17, 26, 25, 8, 30, 18], [17, 19, 9, 20, 28, 1, 23, 8], [6, 30, 11, 3, 22, 0, 16, 21], [26, 22, 5, 9, 14, 3, 12, 25], [25, 31, 11, 14, 7, 5, 15, 27], [25, 13, 29, 2, 9, 21, 16, 28], [30, 16, 27, 1, 31, 26, 25, 11], [13, 3, 8, 4, 18, 24, 16, 27], [26, 29, 22, 15, 11, 21, 3, 20], [9, 23, 24, 15, 3, 25, 16, 29], [9, 23, 8, 1, 27, 22, 2, 5], [15, 0, 10, 1, 16, 20, 3, 4], [2, 25, 9, 4, 31, 28, 22, 11], [17, 23, 3, 12, 20, 22, 25, 1], [17, 11, 19, 16, 10, 30, 31, 2], [5, 8, 27, 24, 28, 29, 31, 18], [2, 30, 25, 28, 9, 16, 27, 3], [14, 10, 7, 1, 31, 16, 13, 20], [6, 22, 20, 30, 17, 26, 10, 4], [24, 11, 7, 26, 31, 23, 17, 12], [15, 29, 24, 10, 18, 12, 6, 25], [0, 8, 31, 4, 24, 10, 26, 14], [25, 18, 9, 15, 8, 27, 31, 6], [29, 30, 31, 20, 9, 24, 2, 1], [13, 21, 31, 25, 7, 2, 9, 0], [31, 11, 23, 9, 21, 14, 3, 4], [21, 15, 7, 11, 1, 13, 0, 3], [2, 28, 21, 18, 12, 16, 6, 31], [12, 3, 9, 25, 27, 14, 15, 2], [20, 8, 25, 14, 15, 10, 9, 22], [3, 27, 10, 9, 25, 15, 22, 24], [9, 30, 13, 6, 5, 1, 14, 24], [13, 26, 27, 29, 2, 18, 28, 12]]",8,0.6242431402206421,128,random,0.0,26368,4.0,124,0.6816297769546509,71,48 128 120 16,6591,0.7652208209037781,test,top_r_mean,0.0,0.0,0.25,0.375
0.05606657906263688,1.0,72,1.0,31,0.040499959141016006,qasper,1.0,0.25,0.25,0.0,2002.04181:1329280df5ee9e902b2742bde4a97bc3e6573ff3,mean,1.0,0.0,,0,0.0,128,full_k,1.0,36528,4.0,124,0.0,0,0 56 64 48,2283,1.0,test,top_r_mean,1.0,1.0,1.0,1.0
0.05606657906263688,1.0,72,1.0,31,4.135099938139319,qasper,1.0,0.25,0.25,0.0,2002.04181:1329280df5ee9e902b2742bde4a97bc3e6573ff3,mean,0.6306729264475743,0.061199918389320374,,1,1.2672499418258667,128,mean,1.0,1152,4.0,124,1.2988272905349731,0,0 56 64 8,2283,0.8083156943321228,test,top_r_mean,1.0,1.0,0.75,0.875
0.05606657906263688,0.0,72,0.0,31,51.025700056925416,qasper,1.0,0.0,0.0,0.0,2002.04181:1329280df5ee9e902b2742bde4a97bc3e6573ff3,mean,0.19170579029733958,0.21922758221626282,"[[24], [24], [24], [24], [24], [24], [24], [24], [24], [24], [24], [24], [24], [24], [24], [24], [24], [24], [24], [24], [24], [24], [24], [24], [24], [24], [24], [24], [24], [24], [24], [24], [24], [24], [24], [24], [24], [24], [24], [24], [24], [24], [24], [24], [24], [24], [24], [24], [24], [24], [24], [24], [24], [24], [24], [24], [24], [24], [24], [24], [24], [24], [24], [24], [24], [24], [24], [24], [24], [24], [24], [3]]",1,1.3309135437011719,128,last,0.0,1152,4.0,124,1.4968633651733398,0,52 38 16 45,2283,0.2807897627353668,test,top_r_mean,0.0,0.0,0.0,0.125
0.05606657906263688,0.0,72,0.0,31,42.878099950030446,qasper,1.0,0.0,0.0,0.0,2002.04181:1329280df5ee9e902b2742bde4a97bc3e6573ff3,mean,0.4154929577464789,0.11275392770767212,"[[20], [23], [15], [8], [13], [1], [1], [5], [9], [24], [9], [10], [20], [2], [9], [15], [5], [3], [30], [27], [18], [12], [8], [9], [28], [25], [16], [25], [7], [7], [29], [19], [21], [3], [16], [6], [0], [30], [25], [27], [16], [14], [27], [28], [2], [31], [10], [27], [5], [21], [19], [3], [11], [3], [16], [30], [14], [19], [17], [11], [2], [19], [13], [19], [28], [6], [3], [17], [12], [10], [27], [2]]",1,0.8347399830818176,128,farthest,0.0,1152,4.0,124,0.9273115396499634,0,48 53 46 45,2283,0.5890732407569885,test,top_r_mean,0.0,0.0,0.25,0.25
0.05606657906263688,0.0,72,0.0,31,44.96229998767376,qasper,1.0,0.0,0.0,0.0,2002.04181:1329280df5ee9e902b2742bde4a97bc3e6573ff3,mean,0.6791862284820032,0.09340404719114304,"[[16], [15], [0], [31], [1], [13], [17], [3], [7], [24], [4], [8], [12], [25], [25], [13], [16], [2], [4], [30], [2], [0], [1], [31], [20], [30], [23], [20], [22], [28], [3], [7], [13], [29], [0], [25], [7], [25], [3], [24], [25], [10], [13], [15], [30], [2], [10], [14], [17], [2], [29], [1], [22], [17], [29], [16], [11], [7], [8], [7], [7], [13], [18], [26], [10], [0], [23], [28], [2], [9], [20], [10]]",1,0.34792056679725647,128,greedy_oracle,0.0,1152,4.0,124,0.47861355543136597,0,37 64 52 48,2283,0.8685124516487122,test,top_r_mean,0.0,0.0,0.5,0.5
0.05606657906263688,0.0,72,0.0,31,42.651900090277195,qasper,1.0,0.0,0.0,0.0,2002.04181:1329280df5ee9e902b2742bde4a97bc3e6573ff3,mean,0.19248826291079812,0.2591875195503235,"[[19], [4], [13], [8], [23], [25], [18], [8], [29], [5], [19], [6], [9], [11], [31], [0], [1], [19], [5], [9], [25], [24], [7], [3], [28], [6], [2], [9], [7], [27], [29], [30], [20], [5], [3], [26], [19], [19], [27], [6], [6], [18], [31], [6], [22], [22], [0], [9], [19], [20], [11], [10], [27], [23], [2], [27], [31], [17], [28], [10], [23], [0], [17], [14], [18], [7], [8], [25], [17], [19], [28], [3]]",1,1.410834550857544,128,random,0.0,1152,4.0,124,1.5728522539138794,11,16 45 24 46,2283,0.26516175270080566,test,top_r_mean,0.0,0.0,0.0,0.25
0.05606657906263688,1.0,72,1.0,31,53.38370008394122,qasper,1.0,0.25,0.25,0.0,2002.04181:1329280df5ee9e902b2742bde4a97bc3e6573ff3,mean,0.27230046948356806,0.9363607168197632,"[[3], [28], [12], [0], [0], [26], [22], [11], [8], [25], [13], [13], [17], [4], [14], [9], [0], [1], [9], [24], [25], [13], [6], [20], [1], [11], [25], [27], [30], [3], [4], [30], [1], [9], [25], [5], [18], [9], [5], [3], [30], [7], [10], [3], [30], [17], [31], [6], [11], [18], [24], [28], [18], [26], [11], [24], [17], [21], [27], [24], [12], [6], [3], [4], [23], [15], [24], [2], [11], [6], [11], [5]]",1,1.3677946329116821,128,random,0.3333333333333333,1152,4.0,124,1.5667062997817993,23,16 64 0 18,2283,0.3827577233314514,test,top_r_mean,0.0,0.0,0.5,0.5
0.05606657906263688,1.0,72,1.0,31,52.19199997372925,qasper,1.0,0.25,0.25,0.0,2002.04181:1329280df5ee9e902b2742bde4a97bc3e6573ff3,mean,0.29107981220657275,0.19478188455104828,"[[1], [14], [26], [1], [22], [13], [30], [13], [29], [24], [29], [7], [4], [13], [2], [8], [26], [15], [4], [9], [11], [5], [13], [1], [4], [28], [17], [31], [5], [8], [12], [10], [7], [21], [21], [30], [31], [2], [24], [1], [18], [31], [14], [18], [20], [31], [0], [28], [18], [5], [22], [27], [6], [25], [7], [19], [9], [25], [12], [6], [3], [12], [18], [25], [6], [18], [26], [22], [11], [3], [0], [7]]",1,1.0995173454284668,128,random,0.5,1152,4.0,124,1.2501096725463867,37,48 0 18 45,2283,0.4108302593231201,test,top_r_mean,0.0,0.5,0.5,0.25
0.05606657906263688,0.0,72,0.0,31,55.42490002699196,qasper,1.0,0.0,0.0,0.0,2002.04181:1329280df5ee9e902b2742bde4a97bc3e6573ff3,mean,0.2605633802816901,0.21439166367053986,"[[26], [10], [15], [16], [4], [13], [29], [31], [20], [14], [15], [11], [3], [23], [4], [29], [27], [15], [2], [25], [14], [13], [25], [29], [24], [16], [20], [7], [9], [18], [14], [18], [26], [11], [18], [24], [30], [1], [21], [7], [28], [21], [3], [22], [19], [25], [13], [8], [20], [16], [0], [27], [17], [15], [29], [8], [15], [17], [23], [15], [0], [30], [25], [23], [1], [0], [8], [3], [16], [14], [22], [0]]",1,1.2389492988586426,128,random,0.0,1152,4.0,124,1.3908543586730957,53,65 5 56 54,2283,0.3864557147026062,test,top_r_mean,0.0,0.0,0.25,0.25
0.05606657906263688,1.0,72,1.0,31,50.394800025969744,qasper,1.0,0.25,0.25,0.0,2002.04181:1329280df5ee9e902b2742bde4a97bc3e6573ff3,mean,0.2644757433489828,0.1665051281452179,"[[7], [15], [29], [8], [20], [14], [17], [19], [3], [8], [5], [12], [12], [21], [26], [14], [1], [24], [20], [27], [26], [5], [10], [14], [2], [3], [21], [23], [22], [12], [8], [12], [2], [0], [6], [16], [28], [14], [14], [16], [3], [27], [30], [18], [5], [10], [8], [10], [19], [23], [25], [7], [16], [4], [15], [18], [16], [27], [2], [26], [5], [20], [28], [12], [24], [26], [9], [1], [3], [27], [24], [1]]",1,1.1210439205169678,128,random,0.5,1152,4.0,124,1.2512428760528564,71,24 1 8 6,2283,0.38417261838912964,test,top_r_mean,0.0,0.0,0.0,0.375
0.05606657906263688,0.0,72,0.0,31,47.034400049597025,qasper,1.0,0.0,0.0,0.0,2002.04181:1329280df5ee9e902b2742bde4a97bc3e6573ff3,mean,0.284037558685446,0.17944355309009552,"[[24, 25], [24, 25], [24, 25], [24, 25], [24, 25], [24, 25], [24, 25], [24, 25], [24, 25], [24, 25], [24, 25], [24, 25], [24, 25], [24, 25], [24, 25], [24, 25], [24, 25], [24, 25], [24, 25], [24, 25], [24, 25], [24, 25], [24, 25], [24, 25], [24, 25], [24, 25], [24, 25], [24, 25], [24, 25], [24, 25], [24, 25], [24, 25], [24, 25], [24, 25], [24, 25], [24, 25], [24, 25], [24, 25], [24, 25], [24, 25], [24, 25], [24, 25], [24, 25], [24, 25], [24, 25], [24, 25], [24, 25], [24, 25], [24, 25], [24, 25], [24, 25], [24, 25], [24, 25], [24, 25], [24, 25], [24, 25], [24, 25], [24, 25], [24, 25], [24, 25], [24, 25], [24, 25], [24, 25], [24, 25], [24, 25], [24, 25], [24, 25], [24, 25], [24, 25], [24, 25], [24, 25], [3, 4]]",2,1.2726235389709473,128,last,0.0,2304,4.0,124,1.400994062423706,0,52 16 53 45,2283,0.42523637413978577,test,top_r_mean,0.0,0.0,0.0,0.125
0.05606657906263688,1.0,72,1.0,31,50.65890005789697,qasper,1.0,0.25,0.25,0.0,2002.04181:1329280df5ee9e902b2742bde4a97bc3e6573ff3,mean,0.43427230046948356,0.42146024107933044,"[[20, 0], [23, 17], [15, 24], [8, 27], [13, 18], [1, 24], [1, 14], [5, 31], [9, 0], [24, 13], [9, 22], [10, 0], [20, 6], [2, 4], [9, 21], [15, 20], [5, 0], [3, 29], [30, 22], [27, 1], [18, 6], [12, 16], [8, 30], [9, 22], [28, 0], [25, 2], [16, 30], [25, 27], [7, 29], [7, 31], [29, 7], [19, 30], [21, 0], [3, 20], [16, 12], [6, 22], [0, 4], [30, 23], [25, 8], [27, 1], [16, 0], [14, 18], [27, 28], [28, 16], [2, 31], [31, 11], [10, 5], [27, 16], [5, 0], [21, 29], [19, 31], [3, 14], [11, 27], [3, 21], [16, 13], [30, 17], [14, 0], [19, 22], [17, 9], [11, 0], [2, 9], [19, 14], [13, 22], [19, 30], [28, 0], [6, 25], [3, 7], [17, 11], [12, 4], [10, 30], [27, 22], [2, 7]]",2,1.3174892663955688,128,farthest,0.3333333333333333,2304,4.0,124,1.4045881032943726,0,48 56 0 24,2283,0.6040903329849243,test,top_r_mean,0.0,0.5,0.75,1.0
0.05606657906263688,1.0,72,1.0,31,49.351900117471814,qasper,1.0,0.25,0.25,0.0,2002.04181:1329280df5ee9e902b2742bde4a97bc3e6573ff3,mean,0.7472613458528952,0.10217861086130142,"[[16, 0], [15, 13], [0, 12], [31, 6], [1, 3], [13, 19], [17, 16], [3, 2], [7, 0], [24, 4], [4, 5], [8, 10], [12, 13], [25, 22], [25, 4], [13, 15], [16, 0], [2, 3], [4, 9], [30, 31], [2, 5], [0, 2], [1, 10], [31, 28], [20, 0], [30, 3], [23, 25], [20, 23], [22, 26], [28, 29], [3, 26], [7, 26], [13, 0], [29, 31], [0, 16], [25, 21], [7, 6], [25, 30], [3, 24], [24, 25], [25, 0], [10, 11], [13, 15], [15, 20], [30, 18], [2, 31], [10, 11], [14, 4], [17, 0], [2, 28], [29, 1], [1, 20], [22, 23], [17, 19], [29, 30], [16, 4], [11, 0], [7, 10], [8, 0], [7, 11], [7, 12], [13, 19], [18, 17], [26, 25], [10, 0], [0, 28], [23, 20], [28, 31], [2, 3], [9, 26], [20, 27], [10, 5]]",2,0.3383624255657196,128,greedy_oracle,0.3333333333333333,2304,4.0,124,0.3675880432128906,0,64 56 0 48,2283,0.9081934094429016,test,top_r_mean,0.0,0.5,1.0,1.0
0.05606657906263688,0.0,72,0.0,31,49.11929997615516,qasper,1.0,0.0,0.0,0.0,2002.04181:1329280df5ee9e902b2742bde4a97bc3e6573ff3,mean,0.2856025039123631,0.15976208448410034,"[[19, 18], [4, 23], [13, 20], [8, 30], [23, 8], [25, 27], [18, 29], [8, 18], [29, 14], [5, 1], [19, 25], [6, 14], [9, 28], [11, 5], [31, 20], [0, 28], [1, 8], [19, 15], [5, 21], [9, 5], [25, 7], [24, 28], [7, 14], [3, 16], [28, 7], [6, 28], [2, 10], [9, 15], [7, 17], [27, 9], [29, 4], [30, 8], [20, 13], [5, 19], [3, 15], [26, 25], [19, 25], [19, 28], [27, 19], [6, 13], [6, 19], [18, 30], [31, 13], [6, 29], [22, 5], [22, 10], [0, 22], [9, 10], [19, 6], [20, 6], [11, 26], [10, 13], [27, 7], [23, 30], [2, 25], [27, 21], [31, 22], [17, 18], [28, 23], [10, 28], [23, 5], [0, 18], [17, 18], [14, 28], [18, 27], [7, 14], [8, 25], [25, 12], [17, 16], [19, 21], [28, 2], [3, 0]]",2,1.3328427076339722,128,random,0.0,2304,4.0,124,1.4309786558151245,11,48 62 49 35,2283,0.404238224029541,test,top_r_mean,0.0,0.0,0.25,0.25
0.05606657906263688,0.0,72,0.0,31,44.64599979110062,qasper,1.0,0.0,0.0,0.0,2002.04181:1329280df5ee9e902b2742bde4a97bc3e6573ff3,mean,0.3004694835680751,0.2447112798690796,"[[3, 28], [28, 3], [12, 27], [0, 14], [0, 4], [26, 10], [22, 23], [11, 20], [8, 10], [25, 5], [13, 15], [13, 12], [17, 4], [4, 1], [14, 28], [9, 13], [0, 5], [1, 2], [9, 3], [24, 10], [25, 1], [13, 17], [6, 27], [20, 28], [1, 5], [11, 16], [25, 19], [27, 18], [30, 6], [3, 10], [4, 11], [30, 20], [1, 26], [9, 25], [25, 26], [5, 3], [18, 3], [9, 23], [5, 21], [3, 31], [30, 3], [7, 5], [10, 2], [3, 9], [30, 27], [17, 1], [31, 0], [6, 4], [11, 26], [18, 23], [24, 30], [28, 17], [18, 24], [26, 29], [11, 2], [24, 29], [17, 21], [21, 26], [27, 29], [24, 5], [12, 8], [6, 4], [3, 20], [4, 7], [23, 17], [15, 6], [24, 17], [2, 14], [11, 29], [6, 8], [11, 13], [5, 6]]",2,1.2643334865570068,128,random,0.0,2304,4.0,124,1.3826724290847778,23,16 24 46 8,2283,0.4368448257446289,test,top_r_mean,0.0,0.0,0.0,0.5
0.05606657906263688,0.0,72,0.0,31,43.374900007620454,qasper,1.0,0.0,0.0,0.0,2002.04181:1329280df5ee9e902b2742bde4a97bc3e6573ff3,mean,0.323943661971831,0.23086950182914734,"[[1, 30], [14, 19], [26, 30], [1, 10], [22, 14], [13, 25], [30, 6], [13, 3], [29, 23], [24, 25], [29, 10], [7, 12], [4, 8], [13, 4], [2, 10], [8, 14], [26, 9], [15, 20], [4, 31], [9, 29], [11, 19], [5, 12], [13, 7], [1, 15], [4, 11], [28, 17], [17, 30], [31, 28], [5, 25], [8, 0], [12, 16], [10, 11], [7, 18], [21, 30], [21, 8], [30, 11], [31, 12], [2, 24], [24, 28], [1, 31], [18, 0], [31, 5], [14, 9], [18, 16], [20, 4], [31, 28], [0, 25], [28, 11], [18, 1], [5, 24], [22, 15], [27, 30], [6, 11], [25, 11], [7, 18], [19, 11], [9, 22], [25, 1], [12, 8], [6, 21], [3, 12], [12, 2], [18, 23], [25, 28], [6, 5], [18, 10], [26, 19], [22, 17], [11, 19], [3, 27], [0, 20], [7, 3]]",2,1.2128098011016846,128,random,0.0,2304,4.0,124,1.316593050956726,37,40 58 48 45,2283,0.48163869976997375,test,top_r_mean,0.0,0.0,0.25,0.25
0.05606657906263688,0.0,72,0.0,31,52.614899817854166,qasper,1.0,0.0,0.0,0.0,2002.04181:1329280df5ee9e902b2742bde4a97bc3e6573ff3,mean,0.3489827856025039,0.14130151271820068,"[[26, 4], [10, 12], [15, 21], [16, 12], [4, 3], [13, 29], [29, 4], [31, 22], [20, 8], [14, 9], [15, 25], [11, 18], [3, 16], [23, 24], [4, 0], [29, 7], [27, 10], [15, 12], [2, 7], [25, 18], [14, 5], [13, 28], [25, 29], [29, 8], [24, 18], [16, 24], [20, 4], [7, 16], [9, 25], [18, 2], [14, 0], [18, 13], [26, 12], [11, 10], [18, 30], [24, 4], [30, 9], [1, 31], [21, 6], [7, 4], [28, 30], [21, 4], [3, 2], [22, 4], [19, 22], [25, 13], [13, 2], [8, 11], [20, 18], [16, 12], [0, 16], [27, 23], [17, 19], [15, 5], [29, 17], [8, 31], [15, 6], [17, 1], [23, 22], [15, 20], [0, 14], [30, 26], [25, 8], [23, 31], [1, 18], [0, 20], [8, 31], [3, 5], [16, 24], [14, 18], [22, 16], [0, 8]]",2,1.2756280899047852,128,random,0.0,2304,4.0,124,1.364497423171997,53,4 5 48 45,2283,0.5177503228187561,test,top_r_mean,0.0,0.0,0.25,0.375
0.05606657906263688,1.0,72,1.0,31,48.97730005905032,qasper,1.0,0.25,0.25,0.0,2002.04181:1329280df5ee9e902b2742bde4a97bc3e6573ff3,mean,0.3763693270735524,0.11196991801261902,"[[7, 14], [15, 28], [29, 6], [8, 31], [20, 2], [14, 8], [17, 21], [19, 14], [3, 25], [8, 16], [5, 24], [12, 13], [12, 18], [21, 2], [26, 24], [14, 15], [1, 14], [24, 31], [20, 13], [27, 16], [26, 18], [5, 2], [10, 11], [14, 11], [2, 1], [3, 24], [21, 0], [23, 5], [22, 25], [12, 24], [8, 30], [12, 21], [2, 16], [0, 29], [6, 21], [16, 13], [28, 14], [14, 2], [14, 17], [16, 18], [3, 20], [27, 26], [30, 8], [18, 22], [5, 22], [10, 23], [8, 4], [10, 9], [19, 5], [23, 17], [25, 1], [7, 29], [16, 11], [4, 0], [15, 3], [18, 2], [16, 27], [27, 20], [2, 17], [26, 31], [5, 31], [20, 24], [28, 8], [12, 4], [24, 10], [26, 15], [9, 11], [1, 30], [3, 30], [27, 21], [24, 21], [1, 6]]",2,1.1677415370941162,128,random,0.5,2304,4.0,124,1.2464237213134766,71,24 3 33 64,2283,0.5272043347358704,test,top_r_mean,0.0,0.0,0.25,0.5
0.05606657906263688,0.0,72,0.0,31,44.288699980825186,qasper,1.0,0.0,0.0,0.0,2002.04181:1329280df5ee9e902b2742bde4a97bc3e6573ff3,mean,0.2809076682316119,0.15323707461357117,"[[24, 25, 26, 27], [24, 25, 26, 27], [24, 25, 26, 27], [24, 25, 26, 27], [24, 25, 26, 27], [24, 25, 26, 27], [24, 25, 26, 27], [24, 25, 26, 27], [24, 25, 26, 27], [24, 25, 26, 27], [24, 25, 26, 27], [24, 25, 26, 27], [24, 25, 26, 27], [24, 25, 26, 27], [24, 25, 26, 27], [24, 25, 26, 27], [24, 25, 26, 27], [24, 25, 26, 27], [24, 25, 26, 27], [24, 25, 26, 27], [24, 25, 26, 27], [24, 25, 26, 27], [24, 25, 26, 27], [24, 25, 26, 27], [24, 25, 26, 27], [24, 25, 26, 27], [24, 25, 26, 27], [24, 25, 26, 27], [24, 25, 26, 27], [24, 25, 26, 27], [24, 25, 26, 27], [24, 25, 26, 27], [24, 25, 26, 27], [24, 25, 26, 27], [24, 25, 26, 27], [24, 25, 26, 27], [24, 25, 26, 27], [24, 25, 26, 27], [24, 25, 26, 27], [24, 25, 26, 27], [24, 25, 26, 27], [24, 25, 26, 27], [24, 25, 26, 27], [24, 25, 26, 27], [24, 25, 26, 27], [24, 25, 26, 27], [24, 25, 26, 27], [24, 25, 26, 27], [24, 25, 26, 27], [24, 25, 26, 27], [24, 25, 26, 27], [24, 25, 26, 27], [24, 25, 26, 27], [24, 25, 26, 27], [24, 25, 26, 27], [24, 25, 26, 27], [24, 25, 26, 27], [24, 25, 26, 27], [24, 25, 26, 27], [24, 25, 26, 27], [24, 25, 26, 27], [24, 25, 26, 27], [24, 25, 26, 27], [24, 25, 26, 27], [24, 25, 26, 27], [24, 25, 26, 27], [24, 25, 26, 27], [24, 25, 26, 27], [24, 25, 26, 27], [24, 25, 26, 27], [24, 25, 26, 27], [3, 4, 5, 6]]",4,1.2850165367126465,128,last,0.0,4608,4.0,124,1.3864294290542603,0,63 56 45 34,2283,0.4178082346916199,test,top_r_mean,0.0,0.5,0.25,0.375
0.05606657906263688,1.0,72,1.0,31,43.98460010997951,qasper,1.0,0.25,0.25,0.0,2002.04181:1329280df5ee9e902b2742bde4a97bc3e6573ff3,mean,0.4327073552425665,0.07383033633232117,"[[20, 0, 1, 6], [23, 17, 27, 18], [15, 24, 23, 1], [8, 27, 19, 30], [13, 18, 0, 17], [1, 24, 14, 6], [1, 14, 3, 28], [5, 31, 27, 11], [9, 0, 19, 25], [24, 13, 7, 8], [9, 22, 0, 4], [10, 0, 6, 2], [20, 6, 8, 15], [2, 4, 31, 21], [9, 21, 17, 23], [15, 20, 25, 5], [5, 0, 8, 20], [3, 29, 20, 13], [30, 22, 25, 6], [27, 1, 18, 21], [18, 6, 0, 29], [12, 16, 18, 1], [8, 30, 31, 24], [9, 22, 29, 15], [28, 0, 3, 7], [25, 2, 7, 6], [16, 30, 29, 8], [25, 27, 6, 30], [7, 29, 3, 10], [7, 31, 4, 5], [29, 7, 4, 6], [19, 30, 2, 4], [21, 0, 4, 26], [3, 20, 30, 29], [16, 12, 7, 19], [6, 22, 17, 2], [0, 4, 19, 14], [30, 23, 27, 5], [25, 8, 27, 22], [27, 1, 22, 8], [16, 0, 22, 26], [14, 18, 22, 8], [27, 28, 14, 29], [28, 16, 2, 21], [2, 31, 7, 30], [31, 11, 0, 18], [10, 5, 20, 22], [27, 16, 9, 7], [5, 0, 11, 9], [21, 29, 7, 25], [19, 31, 15, 23], [3, 14, 9, 21], [11, 27, 22, 28], [3, 21, 27, 30], [16, 13, 28, 9], [30, 17, 26, 10], [14, 0, 16, 22], [19, 22, 4, 21], [17, 9, 4, 8], [11, 0, 9, 10], [2, 9, 8, 14], [19, 14, 5, 18], [13, 22, 24, 11], [19, 30, 5, 23], [28, 0, 15, 11], [6, 25, 8, 26], [3, 7, 17, 24], [17, 11, 21, 14], [12, 4, 15, 20], [10, 30, 28, 19], [27, 22, 12, 4], [2, 7, 8, 0]]",4,1.550046682357788,128,farthest,1.0,4608,4.0,124,1.597712755203247,0,0 56 24 64,2283,0.6022252440452576,test,top_r_mean,1.0,1.0,0.75,0.875
0.05606657906263688,1.0,72,1.0,31,50.572399981319904,qasper,1.0,0.25,0.25,0.0,2002.04181:1329280df5ee9e902b2742bde4a97bc3e6573ff3,mean,0.8145539906103286,0.002479606308043003,"[[16, 0, 5, 15], [15, 13, 11, 21], [0, 12, 5, 27], [31, 6, 9, 8], [1, 3, 6, 13], [13, 19, 21, 20], [17, 16, 31, 25], [3, 2, 29, 8], [7, 0, 4, 3], [24, 4, 11, 1], [4, 5, 24, 9], [8, 10, 26, 7], [12, 13, 29, 20], [25, 22, 7, 13], [25, 4, 19, 29], [13, 15, 8, 9], [16, 0, 15, 25], [2, 3, 23, 27], [4, 9, 15, 14], [30, 31, 0, 4], [2, 5, 3, 1], [0, 2, 10, 8], [1, 10, 14, 15], [31, 28, 30, 17], [20, 0, 5, 21], [30, 3, 31, 25], [23, 25, 20, 28], [20, 23, 5, 14], [22, 26, 24, 7], [28, 29, 8, 30], [3, 26, 24, 6], [7, 26, 6, 29], [13, 0, 1, 10], [29, 31, 0, 18], [0, 16, 17, 22], [25, 21, 26, 24], [7, 6, 27, 26], [25, 30, 31, 2], [3, 24, 22, 7], [24, 25, 27, 9], [25, 0, 1, 7], [10, 11, 0, 20], [13, 15, 16, 20], [15, 20, 8, 23], [30, 18, 24, 5], [2, 31, 20, 21], [10, 11, 30, 3], [14, 4, 5, 31], [17, 0, 15, 6], [2, 28, 6, 3], [29, 1, 30, 5], [1, 20, 5, 3], [22, 23, 25, 24], [17, 19, 3, 8], [29, 30, 31, 8], [16, 4, 5, 28], [11, 0, 27, 12], [7, 10, 11, 8], [8, 0, 13, 11], [7, 11, 6, 17], [7, 12, 20, 10], [13, 19, 15, 17], [18, 17, 19, 26], [26, 25, 18, 27], [10, 0, 13, 9], [0, 28, 3, 2], [23, 20, 3, 8], [28, 31, 4, 29], [2, 3, 22, 0], [9, 26, 10, 11], [20, 27, 10, 14], [10, 5, 4, 2]]",4,0.38925039768218994,128,greedy_oracle,0.5,4608,4.0,124,0.3958033323287964,0,64 0 56 48,2283,0.9446588158607483,test,top_r_mean,0.0,0.5,1.0,1.0
0.05606657906263688,1.0,72,1.0,31,46.791600063443184,qasper,1.0,0.25,0.25,0.0,2002.04181:1329280df5ee9e902b2742bde4a97bc3e6573ff3,mean,0.39123630672926446,0.13100920617580414,"[[19, 18, 1, 0], [4, 23, 18, 13], [13, 20, 26, 31], [8, 30, 23, 3], [23, 8, 27, 25], [25, 27, 7, 20], [18, 29, 24, 25], [8, 18, 3, 0], [29, 14, 28, 27], [5, 1, 4, 18], [19, 25, 27, 9], [6, 14, 31, 29], [9, 28, 12, 18], [11, 5, 17, 28], [31, 20, 12, 2], [0, 28, 22, 18], [1, 8, 22, 27], [19, 15, 5, 26], [5, 21, 3, 9], [9, 5, 0, 26], [25, 7, 5, 11], [24, 28, 20, 22], [7, 14, 12, 13], [3, 16, 20, 9], [28, 7, 10, 15], [6, 28, 13, 2], [2, 10, 25, 3], [9, 15, 29, 10], [7, 17, 26, 16], [27, 9, 11, 24], [29, 4, 30, 10], [30, 8, 17, 20], [20, 13, 5, 1], [5, 19, 0, 3], [3, 15, 31, 6], [26, 25, 4, 28], [19, 25, 11, 3], [19, 28, 21, 7], [27, 19, 20, 14], [6, 13, 3, 23], [6, 19, 15, 10], [18, 30, 29, 11], [31, 13, 5, 8], [6, 29, 28, 2], [22, 5, 1, 13], [22, 10, 2, 1], [0, 22, 3, 8], [9, 10, 13, 22], [19, 6, 14, 5], [20, 6, 9, 28], [11, 26, 0, 24], [10, 13, 31, 0], [27, 7, 19, 21], [23, 30, 25, 13], [2, 25, 23, 13], [27, 21, 12, 11], [31, 22, 2, 30], [17, 18, 20, 30], [28, 23, 30, 29], [10, 28, 4, 18], [23, 5, 10, 2], [0, 18, 5, 26], [17, 18, 5, 21], [14, 28, 21, 17], [18, 27, 15, 28], [7, 14, 19, 3], [8, 25, 30, 18], [25, 12, 0, 18], [17, 16, 6, 1], [19, 21, 4, 1], [28, 2, 4, 12], [3, 0, 1, 9]]",4,1.2490001916885376,128,random,1.0,4608,4.0,124,1.3238303661346436,11,0 49 48 45,2283,0.5549874305725098,test,top_r_mean,1.0,0.5,0.5,0.25
0.05606657906263688,0.0,72,0.0,31,40.759800001978874,qasper,1.0,0.0,0.0,0.0,2002.04181:1329280df5ee9e902b2742bde4a97bc3e6573ff3,mean,0.36932707355242567,0.134486585855484,"[[3, 28, 7, 17], [28, 3, 8, 10], [12, 27, 2, 31], [0, 14, 13, 30], [0, 4, 28, 9], [26, 10, 5, 31], [22, 23, 0, 10], [11, 20, 3, 27], [8, 10, 11, 15], [25, 5, 10, 13], [13, 15, 2, 18], [13, 12, 29, 23], [17, 4, 1, 0], [4, 1, 7, 9], [14, 28, 8, 24], [9, 13, 8, 6], [0, 5, 1, 10], [1, 2, 23, 13], [9, 3, 25, 5], [24, 10, 23, 20], [25, 1, 20, 7], [13, 17, 9, 1], [6, 27, 26, 13], [20, 28, 14, 13], [1, 5, 2, 9], [11, 16, 4, 28], [25, 19, 7, 8], [27, 18, 25, 2], [30, 6, 18, 31], [3, 10, 16, 14], [4, 11, 28, 23], [30, 20, 10, 5], [1, 26, 16, 28], [9, 25, 17, 6], [25, 26, 17, 6], [5, 3, 10, 23], [18, 3, 17, 9], [9, 23, 13, 18], [5, 21, 7, 8], [3, 31, 16, 30], [30, 3, 27, 12], [7, 5, 27, 17], [10, 2, 8, 20], [3, 9, 4, 12], [30, 27, 28, 10], [17, 1, 0, 23], [31, 0, 22, 15], [6, 4, 1, 3], [11, 26, 10, 4], [18, 23, 11, 20], [24, 30, 12, 28], [28, 17, 0, 27], [18, 24, 23, 7], [26, 29, 23, 31], [11, 2, 5, 7], [24, 29, 11, 0], [17, 21, 9, 26], [21, 26, 19, 20], [27, 29, 11, 0], [24, 5, 19, 3], [12, 8, 24, 5], [6, 4, 25, 14], [3, 20, 29, 30], [4, 7, 19, 27], [23, 17, 14, 29], [15, 6, 21, 27], [24, 17, 8, 15], [2, 14, 15, 18], [11, 29, 21, 26], [6, 8, 1, 10], [11, 13, 2, 31], [5, 6, 7, 8]]",4,1.256734848022461,128,random,0.0,4608,4.0,124,1.3333951234817505,23,16 8 56 24,2283,0.5145347118377686,test,top_r_mean,0.0,0.0,0.25,0.625
0.05606657906263688,1.0,72,1.0,31,46.906499890610576,qasper,1.0,0.25,0.25,0.0,2002.04181:1329280df5ee9e902b2742bde4a97bc3e6573ff3,mean,0.36306729264475746,0.13049471378326416,"[[1, 30, 22, 0], [14, 19, 2, 23], [26, 30, 18, 4], [1, 10, 28, 18], [22, 14, 26, 29], [13, 25, 1, 18], [30, 6, 5, 14], [13, 3, 0, 19], [29, 23, 11, 28], [24, 25, 8, 5], [29, 10, 5, 28], [7, 12, 29, 13], [4, 8, 15, 29], [13, 4, 11, 31], [2, 10, 4, 17], [8, 14, 30, 13], [26, 9, 13, 12], [15, 20, 8, 27], [4, 31, 25, 8], [9, 29, 12, 1], [11, 19, 31, 5], [5, 12, 27, 19], [13, 7, 6, 25], [1, 15, 29, 20], [4, 11, 30, 2], [28, 17, 7, 9], [17, 30, 3, 11], [31, 28, 19, 10], [5, 25, 16, 6], [8, 0, 14, 26], [12, 16, 9, 2], [10, 11, 4, 21], [7, 18, 1, 19], [21, 30, 31, 5], [21, 8, 24, 2], [30, 11, 12, 24], [31, 12, 11, 14], [2, 24, 6, 30], [24, 28, 5, 3], [1, 31, 23, 12], [18, 0, 2, 14], [31, 5, 1, 11], [14, 9, 31, 13], [18, 16, 20, 15], [20, 4, 6, 23], [31, 28, 25, 21], [0, 25, 5, 31], [28, 11, 2, 4], [18, 1, 14, 9], [5, 24, 3, 29], [22, 15, 10, 24], [27, 30, 2, 25], [6, 11, 15, 17], [25, 11, 0, 2], [7, 18, 16, 14], [19, 11, 23, 5], [9, 22, 25, 17], [25, 1, 5, 26], [12, 8, 5, 17], [6, 21, 0, 4], [3, 12, 9, 17], [12, 2, 4, 18], [18, 23, 27, 11], [25, 28, 13, 12], [6, 5, 8, 4], [18, 10, 28, 27], [26, 19, 27, 3], [22, 17, 24, 1], [11, 19, 26, 6], [3, 27, 10, 11], [0, 20, 8, 19], [7, 3, 9, 1]]",4,1.2554458379745483,128,random,0.5,4608,4.0,124,1.330155849456787,37,40 0 45 38,2283,0.5173966288566589,test,top_r_mean,0.0,0.5,0.25,0.25
0.05606657906263688,1.0,72,1.0,31,42.92149981483817,qasper,1.0,0.25,0.25,0.0,2002.04181:1329280df5ee9e902b2742bde4a97bc3e6573ff3,mean,0.4217527386541471,0.10361714661121368,"[[26, 4, 7, 25], [10, 12, 18, 4], [15, 21, 27, 11], [16, 12, 15, 1], [4, 3, 21, 2], [13, 29, 31, 10], [29, 4, 15, 31], [31, 22, 2, 20], [20, 8, 13, 17], [14, 9, 17, 2], [15, 25, 16, 19], [11, 18, 3, 7], [3, 16, 5, 21], [23, 24, 28, 14], [4, 0, 8, 27], [29, 7, 30, 11], [27, 10, 29, 28], [15, 12, 22, 20], [2, 7, 3, 23], [25, 18, 20, 4], [14, 5, 8, 21], [13, 28, 30, 26], [25, 29, 31, 7], [29, 8, 4, 30], [24, 18, 13, 21], [16, 24, 23, 8], [20, 4, 28, 8], [7, 16, 8, 11], [9, 25, 6, 4], [18, 2, 26, 4], [14, 0, 18, 10], [18, 13, 30, 25], [26, 12, 1, 16], [11, 10, 14, 2], [18, 30, 3, 27], [24, 4, 17, 20], [30, 9, 4, 19], [1, 31, 22, 13], [21, 6, 10, 9], [7, 4, 28, 31], [28, 30, 29, 7], [21, 4, 2, 29], [3, 2, 1, 23], [22, 4, 28, 8], [19, 22, 2, 18], [25, 13, 16, 22], [13, 2, 10, 29], [8, 11, 25, 12], [20, 18, 16, 27], [16, 12, 22, 15], [0, 16, 13, 3], [27, 23, 21, 1], [17, 19, 13, 3], [15, 5, 6, 0], [29, 17, 22, 6], [8, 31, 15, 30], [15, 6, 3, 27], [17, 1, 22, 13], [23, 22, 0, 6], [15, 20, 3, 19], [0, 14, 28, 2], [30, 26, 31, 23], [25, 8, 7, 31], [23, 31, 0, 24], [1, 18, 6, 20], [0, 20, 15, 12], [8, 31, 5, 30], [3, 5, 15, 28], [16, 24, 4, 31], [14, 18, 11, 2], [22, 16, 19, 27], [0, 8, 3, 2]]",4,1.2925821542739868,128,random,0.5,4608,4.0,124,1.3558377027511597,53,48 0 40 56,2283,0.5954402685165405,test,top_r_mean,0.0,0.5,0.75,0.5
0.05606657906263688,1.0,72,1.0,31,51.57339992001653,qasper,1.0,0.5,0.5,0.0,2002.04181:1329280df5ee9e902b2742bde4a97bc3e6573ff3,mean,0.4647887323943662,0.09291988611221313,"[[7, 14, 6, 9], [15, 28, 31, 9], [29, 6, 31, 25], [8, 31, 7, 13], [20, 2, 5, 30], [14, 8, 5, 22], [17, 21, 5, 19], [19, 14, 20, 29], [3, 25, 14, 5], [8, 16, 0, 7], [5, 24, 14, 15], [12, 13, 22, 2], [12, 18, 0, 29], [21, 2, 4, 28], [26, 24, 22, 30], [14, 15, 19, 22], [1, 14, 19, 9], [24, 31, 7, 8], [20, 13, 10, 29], [27, 16, 11, 14], [26, 18, 23, 8], [5, 2, 3, 14], [10, 11, 5, 16], [14, 11, 27, 31], [2, 1, 9, 11], [3, 24, 21, 15], [21, 0, 2, 27], [23, 5, 24, 25], [22, 25, 7, 9], [12, 24, 17, 26], [8, 30, 7, 9], [12, 21, 17, 30], [2, 16, 0, 1], [0, 29, 13, 4], [6, 21, 1, 11], [16, 13, 2, 1], [28, 14, 20, 18], [14, 2, 16, 17], [14, 17, 15, 6], [16, 18, 27, 22], [3, 20, 13, 10], [27, 26, 22, 8], [30, 8, 22, 17], [18, 22, 10, 26], [5, 22, 27, 10], [10, 23, 5, 9], [8, 4, 11, 28], [10, 9, 30, 15], [19, 5, 28, 12], [23, 17, 10, 28], [25, 1, 4, 3], [7, 29, 12, 9], [16, 11, 29, 7], [4, 0, 16, 30], [15, 3, 27, 26], [18, 2, 19, 1], [16, 27, 1, 2], [27, 20, 25, 8], [2, 17, 19, 20], [26, 31, 28, 7], [5, 31, 7, 6], [20, 24, 2, 22], [28, 8, 13, 4], [12, 4, 27, 23], [24, 10, 17, 12], [26, 15, 17, 3], [9, 11, 20, 3], [1, 30, 20, 29], [3, 30, 15, 6], [27, 21, 5, 25], [24, 21, 18, 22], [1, 6, 9, 10]]",4,1.2305771112442017,128,random,0.5,4608,4.0,124,1.291128158569336,71,32 3 64 0,2283,0.6447038650512695,test,top_r_mean,0.0,0.0,0.5,0.5
0.05606657906263688,0.0,72,0.0,31,47.62069997377694,qasper,1.0,0.0,0.0,0.0,2002.04181:1329280df5ee9e902b2742bde4a97bc3e6573ff3,mean,0.38341158059467917,0.12513889372348785,"[[24, 25, 26, 27, 28, 29, 30, 31], [24, 25, 26, 27, 28, 29, 30, 31], [24, 25, 26, 27, 28, 29, 30, 31], [24, 25, 26, 27, 28, 29, 30, 31], [24, 25, 26, 27, 28, 29, 30, 31], [24, 25, 26, 27, 28, 29, 30, 31], [24, 25, 26, 27, 28, 29, 30, 31], [24, 25, 26, 27, 28, 29, 30, 31], [24, 25, 26, 27, 28, 29, 30, 31], [24, 25, 26, 27, 28, 29, 30, 31], [24, 25, 26, 27, 28, 29, 30, 31], [24, 25, 26, 27, 28, 29, 30, 31], [24, 25, 26, 27, 28, 29, 30, 31], [24, 25, 26, 27, 28, 29, 30, 31], [24, 25, 26, 27, 28, 29, 30, 31], [24, 25, 26, 27, 28, 29, 30, 31], [24, 25, 26, 27, 28, 29, 30, 31], [24, 25, 26, 27, 28, 29, 30, 31], [24, 25, 26, 27, 28, 29, 30, 31], [24, 25, 26, 27, 28, 29, 30, 31], [24, 25, 26, 27, 28, 29, 30, 31], [24, 25, 26, 27, 28, 29, 30, 31], [24, 25, 26, 27, 28, 29, 30, 31], [24, 25, 26, 27, 28, 29, 30, 31], [24, 25, 26, 27, 28, 29, 30, 31], [24, 25, 26, 27, 28, 29, 30, 31], [24, 25, 26, 27, 28, 29, 30, 31], [24, 25, 26, 27, 28, 29, 30, 31], [24, 25, 26, 27, 28, 29, 30, 31], [24, 25, 26, 27, 28, 29, 30, 31], [24, 25, 26, 27, 28, 29, 30, 31], [24, 25, 26, 27, 28, 29, 30, 31], [24, 25, 26, 27, 28, 29, 30, 31], [24, 25, 26, 27, 28, 29, 30, 31], [24, 25, 26, 27, 28, 29, 30, 31], [24, 25, 26, 27, 28, 29, 30, 31], [24, 25, 26, 27, 28, 29, 30, 31], [24, 25, 26, 27, 28, 29, 30, 31], [24, 25, 26, 27, 28, 29, 30, 31], [24, 25, 26, 27, 28, 29, 30, 31], [24, 25, 26, 27, 28, 29, 30, 31], [24, 25, 26, 27, 28, 29, 30, 31], [24, 25, 26, 27, 28, 29, 30, 31], [24, 25, 26, 27, 28, 29, 30, 31], [24, 25, 26, 27, 28, 29, 30, 31], [24, 25, 26, 27, 28, 29, 30, 31], [24, 25, 26, 27, 28, 29, 30, 31], [24, 25, 26, 27, 28, 29, 30, 31], [24, 25, 26, 27, 28, 29, 30, 31], [24, 25, 26, 27, 28, 29, 30, 31], [24, 25, 26, 27, 28, 29, 30, 31], [24, 25, 26, 27, 28, 29, 30, 31], [24, 25, 26, 27, 28, 29, 30, 31], [24, 25, 26, 27, 28, 29, 30, 31], [24, 25, 26, 27, 28, 29, 30, 31], [24, 25, 26, 27, 28, 29, 30, 31], [24, 25, 26, 27, 28, 29, 30, 31], [24, 25, 26, 27, 28, 29, 30, 31], [24, 25, 26, 27, 28, 29, 30, 31], [24, 25, 26, 27, 28, 29, 30, 31], [24, 25, 26, 27, 28, 29, 30, 31], [24, 25, 26, 27, 28, 29, 30, 31], [24, 25, 26, 27, 28, 29, 30, 31], [24, 25, 26, 27, 28, 29, 30, 31], [24, 25, 26, 27, 28, 29, 30, 31], [24, 25, 26, 27, 28, 29, 30, 31], [24, 25, 26, 27, 28, 29, 30, 31], [24, 25, 26, 27, 28, 29, 30, 31], [24, 25, 26, 27, 28, 29, 30, 31], [24, 25, 26, 27, 28, 29, 30, 31], [24, 25, 26, 27, 28, 29, 30, 31], [3, 4, 5, 6, 7, 8, 9, 10]]",8,0.7106735706329346,128,last,0.0,9216,4.0,124,0.8195165395736694,0,56 67 37 16,2283,0.552543580532074,test,top_r_mean,0.0,0.5,0.25,0.25
0.05606657906263688,1.0,72,1.0,31,55.50600006245077,qasper,1.0,0.25,0.25,0.0,2002.04181:1329280df5ee9e902b2742bde4a97bc3e6573ff3,mean,0.5845070422535211,0.021260889247059822,"[[20, 0, 1, 6, 2, 17, 15, 28], [23, 17, 27, 18, 4, 0, 29, 14], [15, 24, 23, 1, 3, 17, 13, 22], [8, 27, 19, 30, 0, 26, 31, 3], [13, 18, 0, 17, 15, 29, 30, 19], [1, 24, 14, 6, 2, 27, 18, 13], [1, 14, 3, 28, 18, 26, 21, 11], [5, 31, 27, 11, 2, 25, 10, 7], [9, 0, 19, 25, 5, 13, 29, 20], [24, 13, 7, 8, 12, 31, 0, 14], [9, 22, 0, 4, 31, 3, 23, 15], [10, 0, 6, 2, 29, 17, 25, 14], [20, 6, 8, 15, 11, 22, 18, 25], [2, 4, 31, 21, 9, 29, 18, 5], [9, 21, 17, 23, 0, 7, 28, 26], [15, 20, 25, 5, 0, 31, 14, 23], [5, 0, 8, 20, 15, 13, 10, 23], [3, 29, 20, 13, 9, 2, 21, 0], [30, 22, 25, 6, 23, 0, 18, 7], [27, 1, 18, 21, 30, 5, 20, 12], [18, 6, 0, 29, 31, 10, 9, 22], [12, 16, 18, 1, 19, 15, 0, 14], [8, 30, 31, 24, 12, 22, 16, 0], [9, 22, 29, 15, 2, 17, 27, 14], [28, 0, 3, 7, 30, 4, 29, 24], [25, 2, 7, 6, 17, 24, 9, 27], [16, 30, 29, 8, 10, 24, 21, 23], [25, 27, 6, 30, 1, 5, 24, 12], [7, 29, 3, 10, 30, 13, 22, 18], [7, 31, 4, 5, 6, 28, 27, 3], [29, 7, 4, 6, 25, 1, 8, 22], [19, 30, 2, 4, 16, 29, 17, 7], [21, 0, 4, 26, 17, 11, 16, 19], [3, 20, 30, 29, 8, 7, 25, 1], [16, 12, 7, 19, 14, 23, 15, 1], [6, 22, 17, 2, 29, 10, 25, 16], [0, 4, 19, 14, 1, 8, 30, 6], [30, 23, 27, 5, 12, 18, 0, 11], [25, 8, 27, 22, 0, 13, 31, 29], [27, 1, 22, 8, 2, 26, 4, 23], [16, 0, 22, 26, 4, 15, 21, 30], [14, 18, 22, 8, 24, 1, 10, 21], [27, 28, 14, 29, 8, 13, 11, 5], [28, 16, 2, 21, 12, 23, 19, 15], [2, 31, 7, 30, 24, 22, 18, 4], [31, 11, 0, 18, 12, 23, 2, 14], [10, 5, 20, 22, 24, 17, 6, 29], [27, 16, 9, 7, 4, 6, 15, 13], [5, 0, 11, 9, 2, 8, 10, 4], [21, 29, 7, 25, 1, 10, 12, 4], [19, 31, 15, 23, 6, 29, 14, 28], [3, 14, 9, 21, 30, 15, 27, 7], [11, 27, 22, 28, 25, 13, 24, 3], [3, 21, 27, 30, 22, 28, 11, 14], [16, 13, 28, 9, 29, 24, 14, 4], [30, 17, 26, 10, 18, 22, 20, 23], [14, 0, 16, 22, 4, 31, 17, 3], [19, 22, 4, 21, 3, 15, 29, 1], [17, 9, 4, 8, 31, 27, 5, 1], [11, 0, 9, 10, 12, 5, 6, 4], [2, 9, 8, 14, 7, 11, 13, 10], [19, 14, 5, 18, 16, 4, 24, 11], [13, 22, 24, 11, 29, 17, 8, 0], [19, 30, 5, 23, 25, 13, 4, 6], [28, 0, 15, 11, 24, 9, 18, 16], [6, 25, 8, 26, 18, 0, 10, 16], [3, 7, 17, 24, 14, 22, 5, 23], [17, 11, 21, 14, 28, 5, 26, 9], [12, 4, 15, 20, 26, 1, 10, 5], [10, 30, 28, 19, 31, 27, 18, 15], [27, 22, 12, 4, 15, 5, 11, 3], [2, 7, 8, 0, 9, 10, 6, 1]]",8,0.7106559872627258,128,farthest,1.0,9216,4.0,124,0.7437536716461182,0,0 64 16 56,2283,0.7694063186645508,test,top_r_mean,1.0,0.5,0.75,1.0
0.05606657906263688,1.0,72,1.0,31,49.94369996711612,qasper,1.0,0.25,0.25,0.0,2002.04181:1329280df5ee9e902b2742bde4a97bc3e6573ff3,mean,0.8881064162754304,0.0008618896827101707,"[[16, 0, 5, 15, 1, 3, 10, 14], [15, 13, 11, 21, 25, 16, 2, 20], [0, 12, 5, 27, 22, 15, 14, 4], [31, 6, 9, 8, 3, 12, 7, 2], [1, 3, 6, 13, 4, 31, 0, 12], [13, 19, 21, 20, 5, 3, 29, 1], [17, 16, 31, 25, 23, 0, 18, 30], [3, 2, 29, 8, 5, 26, 4, 20], [7, 0, 4, 3, 12, 16, 20, 15], [24, 4, 11, 1, 14, 6, 19, 3], [4, 5, 24, 9, 8, 6, 14, 11], [8, 10, 26, 7, 4, 13, 27, 20], [12, 13, 29, 20, 15, 21, 14, 16], [25, 22, 7, 13, 20, 29, 3, 28], [25, 4, 19, 29, 1, 2, 10, 28], [13, 15, 8, 9, 10, 31, 27, 29], [16, 0, 15, 25, 30, 17, 1, 24], [2, 3, 23, 27, 7, 26, 25, 4], [4, 9, 15, 14, 26, 28, 6, 30], [30, 31, 0, 4, 8, 3, 20, 5], [2, 5, 3, 1, 19, 12, 4, 7], [0, 2, 10, 8, 13, 6, 3, 7], [1, 10, 14, 15, 5, 17, 23, 3], [31, 28, 30, 17, 14, 6, 21, 0], [20, 0, 5, 21, 2, 25, 6, 1], [30, 3, 31, 25, 14, 0, 19, 22], [23, 25, 20, 28, 26, 27, 31, 30], [20, 23, 5, 14, 21, 8, 2, 13], [22, 26, 24, 7, 23, 15, 5, 12], [28, 29, 8, 30, 0, 20, 6, 18], [3, 26, 24, 6, 0, 2, 5, 1], [7, 26, 6, 29, 9, 0, 27, 10], [13, 0, 1, 10, 15, 7, 2, 18], [29, 31, 0, 18, 30, 19, 3, 28], [0, 16, 17, 22, 25, 1, 15, 26], [25, 21, 26, 24, 8, 19, 20, 5], [7, 6, 27, 26, 10, 0, 25, 31], [25, 30, 31, 2, 9, 12, 21, 10], [3, 24, 22, 7, 4, 25, 23, 17], [24, 25, 27, 9, 28, 26, 0, 8], [25, 0, 1, 7, 8, 29, 20, 31], [10, 11, 0, 20, 12, 21, 30, 26], [13, 15, 16, 20, 27, 0, 25, 18], [15, 20, 8, 23, 18, 25, 17, 14], [30, 18, 24, 5, 31, 11, 23, 27], [2, 31, 20, 21, 27, 22, 4, 17], [10, 11, 30, 3, 13, 23, 16, 8], [14, 4, 5, 31, 2, 15, 17, 13], [17, 0, 15, 6, 18, 3, 5, 31], [2, 28, 6, 3, 15, 11, 27, 18], [29, 1, 30, 5, 13, 20, 0, 11], [1, 20, 5, 3, 0, 19, 11, 23], [22, 23, 25, 24, 12, 0, 10, 31], [17, 19, 3, 8, 26, 24, 4, 12], [29, 30, 31, 8, 12, 0, 6, 13], [16, 4, 5, 28, 13, 9, 6, 20], [11, 0, 27, 12, 1, 26, 21, 13], [7, 10, 11, 8, 1, 25, 20, 5], [8, 0, 13, 11, 19, 2, 29, 21], [7, 11, 6, 17, 4, 9, 16, 21], [7, 12, 20, 10, 19, 11, 4, 23], [13, 19, 15, 17, 26, 0, 16, 18], [18, 17, 19, 26, 31, 20, 29, 21], [26, 25, 18, 27, 29, 0, 2, 28], [10, 0, 13, 9, 4, 1, 21, 25], [0, 28, 3, 2, 20, 7, 4, 30], [23, 20, 3, 8, 28, 27, 25, 12], [28, 31, 4, 29, 3, 1, 30, 7], [2, 3, 22, 0, 17, 27, 16, 1], [9, 26, 10, 11, 25, 22, 31, 17], [20, 27, 10, 14, 30, 21, 13, 16], [10, 5, 4, 2, 8, 6, 0, 9]]",8,0.13514116406440735,128,greedy_oracle,1.0,9216,4.0,124,0.14157266914844513,0,0 56 64 48,2283,0.9772976040840149,test,top_r_mean,1.0,1.0,1.0,1.0
0.05606657906263688,1.0,72,1.0,31,48.3967000618577,qasper,1.0,0.25,0.25,0.0,2002.04181:1329280df5ee9e902b2742bde4a97bc3e6573ff3,mean,0.5273865414710485,0.09098869562149048,"[[19, 18, 1, 0, 17, 4, 11, 2], [4, 23, 18, 13, 6, 25, 16, 2], [13, 20, 26, 31, 3, 9, 19, 24], [8, 30, 23, 3, 2, 6, 19, 29], [23, 8, 27, 25, 11, 9, 1, 14], [25, 27, 7, 20, 21, 26, 23, 24], [18, 29, 24, 25, 17, 22, 2, 9], [8, 18, 3, 0, 24, 16, 12, 27], [29, 14, 28, 27, 20, 13, 25, 16], [5, 1, 4, 18, 22, 23, 24, 15], [19, 25, 27, 9, 30, 6, 26, 2], [6, 14, 31, 29, 1, 23, 5, 8], [9, 28, 12, 18, 19, 26, 23, 7], [11, 5, 17, 28, 10, 1, 9, 18], [31, 20, 12, 2, 22, 13, 6, 11], [0, 28, 22, 18, 27, 2, 9, 6], [1, 8, 22, 27, 4, 24, 2, 10], [19, 15, 5, 26, 20, 31, 1, 27], [5, 21, 3, 9, 2, 6, 31, 30], [9, 5, 0, 26, 19, 22, 18, 3], [25, 7, 5, 11, 12, 21, 6, 4], [24, 28, 20, 22, 5, 1, 14, 26], [7, 14, 12, 13, 0, 18, 24, 23], [3, 16, 20, 9, 19, 10, 2, 4], [28, 7, 10, 15, 23, 12, 5, 21], [6, 28, 13, 2, 30, 31, 27, 24], [2, 10, 25, 3, 29, 24, 21, 7], [9, 15, 29, 10, 13, 25, 3, 21], [7, 17, 26, 16, 13, 27, 10, 19], [27, 9, 11, 24, 22, 18, 25, 29], [29, 4, 30, 10, 6, 31, 7, 9], [30, 8, 17, 20, 27, 6, 3, 12], [20, 13, 5, 1, 18, 21, 17, 10], [5, 19, 0, 3, 16, 23, 7, 20], [3, 15, 31, 6, 21, 18, 10, 5], [26, 25, 4, 28, 0, 17, 19, 18], [19, 25, 11, 3, 14, 6, 27, 9], [19, 28, 21, 7, 12, 8, 25, 30], [27, 19, 20, 14, 29, 8, 18, 0], [6, 13, 3, 23, 18, 0, 11, 22], [6, 19, 15, 10, 12, 16, 23, 2], [18, 30, 29, 11, 15, 26, 17, 10], [31, 13, 5, 8, 4, 28, 30, 27], [6, 29, 28, 2, 25, 22, 24, 4], [22, 5, 1, 13, 6, 4, 11, 15], [22, 10, 2, 1, 31, 7, 21, 17], [0, 22, 3, 8, 12, 30, 28, 11], [9, 10, 13, 22, 25, 20, 7, 0], [19, 6, 14, 5, 9, 29, 4, 17], [20, 6, 9, 28, 19, 0, 27, 23], [11, 26, 0, 24, 30, 10, 2, 27], [10, 13, 31, 0, 28, 20, 25, 3], [27, 7, 19, 21, 20, 2, 28, 5], [23, 30, 25, 13, 29, 22, 4, 10], [2, 25, 23, 13, 29, 9, 20, 27], [27, 21, 12, 11, 7, 30, 16, 28], [31, 22, 2, 30, 13, 20, 23, 5], [17, 18, 20, 30, 14, 9, 15, 12], [28, 23, 30, 29, 15, 6, 16, 20], [10, 28, 4, 18, 26, 31, 25, 27], [23, 5, 10, 2, 6, 27, 31, 25], [0, 18, 5, 26, 11, 23, 14, 29], [17, 18, 5, 21, 31, 28, 15, 12], [14, 28, 21, 17, 1, 2, 31, 22], [18, 27, 15, 28, 12, 3, 25, 8], [7, 14, 19, 3, 1, 16, 23, 28], [8, 25, 30, 18, 19, 11, 12, 9], [25, 12, 0, 18, 13, 30, 16, 11], [17, 16, 6, 1, 8, 23, 7, 22], [19, 21, 4, 1, 20, 31, 25, 15], [28, 2, 4, 12, 26, 11, 5, 8], [3, 0, 1, 9, 6, 7, 2, 4]]",8,0.7031394243240356,128,random,1.0,9216,4.0,124,0.7855336666107178,11,0 48 45 37,2283,0.7179561257362366,test,top_r_mean,1.0,0.5,0.5,0.375
0.05606657906263688,1.0,72,1.0,31,50.93109980225563,qasper,1.0,0.25,0.25,0.0,2002.04181:1329280df5ee9e902b2742bde4a97bc3e6573ff3,mean,0.5422535211267606,0.08798660337924957,"[[3, 28, 7, 17, 12, 16, 10, 29], [28, 3, 8, 10, 21, 7, 29, 5], [12, 27, 2, 31, 14, 5, 10, 17], [0, 14, 13, 30, 29, 9, 22, 16], [0, 4, 28, 9, 1, 14, 26, 5], [26, 10, 5, 31, 2, 21, 11, 8], [22, 23, 0, 10, 17, 6, 26, 13], [11, 20, 3, 27, 5, 28, 1, 25], [8, 10, 11, 15, 20, 23, 28, 3], [25, 5, 10, 13, 29, 6, 12, 18], [13, 15, 2, 18, 5, 17, 3, 11], [13, 12, 29, 23, 14, 2, 11, 4], [17, 4, 1, 0, 18, 13, 14, 5], [4, 1, 7, 9, 30, 0, 5, 16], [14, 28, 8, 24, 7, 21, 11, 17], [9, 13, 8, 6, 29, 27, 20, 25], [0, 5, 1, 10, 29, 11, 30, 25], [1, 2, 23, 13, 4, 9, 27, 19], [9, 3, 25, 5, 17, 24, 4, 30], [24, 10, 23, 20, 0, 1, 14, 18], [25, 1, 20, 7, 18, 22, 10, 26], [13, 17, 9, 1, 30, 16, 19, 24], [6, 27, 26, 13, 24, 12, 25, 4], [20, 28, 14, 13, 2, 1, 12, 22], [1, 5, 2, 9, 16, 7, 19, 15], [11, 16, 4, 28, 14, 17, 22, 3], [25, 19, 7, 8, 31, 23, 11, 29], [27, 18, 25, 2, 24, 19, 29, 15], [30, 6, 18, 31, 2, 22, 3, 5], [3, 10, 16, 14, 25, 22, 24, 12], [4, 11, 28, 23, 7, 14, 30, 17], [30, 20, 10, 5, 8, 31, 17, 23], [1, 26, 16, 28, 8, 21, 29, 20], [9, 25, 17, 6, 11, 16, 28, 4], [25, 26, 17, 6, 14, 4, 12, 21], [5, 3, 10, 23, 21, 7, 2, 20], [18, 3, 17, 9, 16, 28, 10, 21], [9, 23, 13, 18, 15, 12, 2, 29], [5, 21, 7, 8, 20, 27, 6, 30], [3, 31, 16, 30, 18, 13, 2, 5], [30, 3, 27, 12, 4, 15, 5, 8], [7, 5, 27, 17, 0, 18, 13, 24], [10, 2, 8, 20, 27, 9, 31, 24], [3, 9, 4, 12, 29, 22, 13, 30], [30, 27, 28, 10, 31, 7, 11, 19], [17, 1, 0, 23, 25, 22, 27, 8], [31, 0, 22, 15, 12, 19, 10, 28], [6, 4, 1, 3, 24, 14, 28, 20], [11, 26, 10, 4, 27, 6, 23, 7], [18, 23, 11, 20, 0, 3, 16, 13], [24, 30, 12, 28, 16, 5, 29, 9], [28, 17, 0, 27, 4, 13, 10, 24], [18, 24, 23, 7, 19, 20, 21, 5], [26, 29, 23, 31, 2, 25, 30, 27], [11, 2, 5, 7, 28, 0, 14, 13], [24, 29, 11, 0, 21, 27, 22, 4], [17, 21, 9, 26, 20, 27, 24, 0], [21, 26, 19, 20, 3, 25, 11, 9], [27, 29, 11, 0, 10, 14, 28, 17], [24, 5, 19, 3, 14, 23, 13, 2], [12, 8, 24, 5, 1, 31, 29, 17], [6, 4, 25, 14, 19, 27, 7, 17], [3, 20, 29, 30, 17, 1, 14, 12], [4, 7, 19, 27, 9, 8, 25, 14], [23, 17, 14, 29, 26, 18, 15, 22], [15, 6, 21, 27, 2, 29, 24, 25], [24, 17, 8, 15, 20, 1, 29, 26], [2, 14, 15, 18, 17, 3, 16, 20], [11, 29, 21, 26, 25, 22, 12, 9], [6, 8, 1, 10, 26, 30, 12, 3], [11, 13, 2, 31, 9, 20, 25, 23], [5, 6, 7, 8, 10, 9, 1, 2]]",8,0.679302990436554,128,random,0.3333333333333333,9216,4.0,124,0.7589423060417175,23,56 16 0 8,2283,0.7263168096542358,test,top_r_mean,0.0,0.5,0.5,0.625
0.05606657906263688,1.0,72,1.0,31,50.431299954652786,qasper,1.0,0.25,0.25,0.0,2002.04181:1329280df5ee9e902b2742bde4a97bc3e6573ff3,mean,0.5923317683881064,0.075039803981781,"[[1, 30, 22, 0, 25, 9, 23, 24], [14, 19, 2, 23, 10, 20, 30, 9], [26, 30, 18, 4, 5, 14, 8, 31], [1, 10, 28, 18, 9, 23, 17, 14], [22, 14, 26, 29, 30, 12, 28, 7], [13, 25, 1, 18, 17, 29, 0, 7], [30, 6, 5, 14, 24, 10, 26, 1], [13, 3, 0, 19, 9, 10, 23, 18], [29, 23, 11, 28, 27, 6, 3, 26], [24, 25, 8, 5, 22, 0, 13, 15], [29, 10, 5, 28, 19, 30, 27, 22], [7, 12, 29, 13, 6, 9, 0, 15], [4, 8, 15, 29, 18, 3, 2, 25], [13, 4, 11, 31, 22, 15, 0, 20], [2, 10, 4, 17, 12, 15, 21, 16], [8, 14, 30, 13, 15, 31, 28, 7], [26, 9, 13, 12, 6, 5, 18, 31], [15, 20, 8, 27, 1, 21, 26, 28], [4, 31, 25, 8, 11, 16, 24, 29], [9, 29, 12, 1, 15, 13, 27, 28], [11, 19, 31, 5, 3, 30, 29, 7], [5, 12, 27, 19, 2, 4, 14, 1], [13, 7, 6, 25, 30, 10, 3, 8], [1, 15, 29, 20, 5, 22, 9, 30], [4, 11, 30, 2, 31, 1, 12, 22], [28, 17, 7, 9, 22, 4, 11, 25], [17, 30, 3, 11, 20, 23, 19, 21], [31, 28, 19, 10, 8, 21, 20, 30], [5, 25, 16, 6, 14, 21, 29, 2], [8, 0, 14, 26, 3, 19, 25, 11], [12, 16, 9, 2, 31, 15, 14, 26], [10, 11, 4, 21, 5, 27, 22, 1], [7, 18, 1, 19, 4, 11, 10, 16], [21, 30, 31, 5, 19, 14, 20, 28], [21, 8, 24, 2, 17, 5, 13, 15], [30, 11, 12, 24, 2, 7, 19, 0], [31, 12, 11, 14, 28, 27, 6, 26], [2, 24, 6, 30, 18, 21, 20, 1], [24, 28, 5, 3, 29, 13, 16, 1], [1, 31, 23, 12, 24, 11, 20, 8], [18, 0, 2, 14, 9, 10, 6, 5], [31, 5, 1, 11, 15, 29, 21, 19], [14, 9, 31, 13, 15, 2, 4, 12], [18, 16, 20, 15, 24, 4, 30, 17], [20, 4, 6, 23, 12, 11, 13, 14], [31, 28, 25, 21, 4, 16, 11, 0], [0, 25, 5, 31, 16, 4, 6, 28], [28, 11, 2, 4, 14, 5, 26, 29], [18, 1, 14, 9, 11, 16, 0, 7], [5, 24, 3, 29, 21, 30, 14, 23], [22, 15, 10, 24, 23, 6, 1, 18], [27, 30, 2, 25, 16, 8, 18, 26], [6, 11, 15, 17, 9, 18, 27, 21], [25, 11, 0, 2, 19, 10, 31, 8], [7, 18, 16, 14, 29, 22, 17, 26], [19, 11, 23, 5, 21, 29, 17, 9], [9, 22, 25, 17, 31, 24, 28, 16], [25, 1, 5, 26, 24, 27, 10, 15], [12, 8, 5, 17, 26, 22, 24, 11], [6, 21, 0, 4, 10, 30, 22, 14], [3, 12, 9, 17, 21, 1, 27, 26], [12, 2, 4, 18, 26, 13, 5, 24], [18, 23, 27, 11, 5, 30, 7, 21], [25, 28, 13, 12, 23, 7, 4, 26], [6, 5, 8, 4, 1, 24, 2, 20], [18, 10, 28, 27, 5, 7, 23, 30], [26, 19, 27, 3, 13, 25, 7, 23], [22, 17, 24, 1, 14, 23, 15, 27], [11, 19, 26, 6, 30, 3, 16, 24], [3, 27, 10, 11, 7, 12, 2, 30], [0, 20, 8, 19, 23, 10, 4, 28], [7, 3, 9, 1, 8, 4, 10, 0]]",8,0.640272319316864,128,random,0.5,9216,4.0,124,0.70965975522995,37,48 0 40 53,2283,0.7731364965438843,test,top_r_mean,0.0,0.5,0.5,0.5
0.05606657906263688,0.0,72,0.0,31,46.0812000092119,qasper,1.0,0.0,0.0,0.0,2002.04181:1329280df5ee9e902b2742bde4a97bc3e6573ff3,mean,0.5954616588419406,0.0641859769821167,"[[26, 4, 7, 25, 6, 18, 5, 31], [10, 12, 18, 4, 3, 14, 23, 26], [15, 21, 27, 11, 29, 25, 8, 31], [16, 12, 15, 1, 3, 20, 29, 13], [4, 3, 21, 2, 15, 12, 25, 11], [13, 29, 31, 10, 0, 8, 6, 4], [29, 4, 15, 31, 6, 30, 20, 25], [31, 22, 2, 20, 26, 17, 3, 28], [20, 8, 13, 17, 4, 7, 15, 16], [14, 9, 17, 2, 15, 18, 20, 7], [15, 25, 16, 19, 5, 18, 6, 30], [11, 18, 3, 7, 26, 9, 20, 2], [3, 16, 5, 21, 19, 9, 2, 24], [23, 24, 28, 14, 20, 22, 16, 15], [4, 0, 8, 27, 19, 22, 15, 13], [29, 7, 30, 11, 27, 24, 1, 20], [27, 10, 29, 28, 7, 0, 30, 1], [15, 12, 22, 20, 27, 2, 28, 18], [2, 7, 3, 23, 10, 30, 16, 21], [25, 18, 20, 4, 23, 10, 3, 27], [14, 5, 8, 21, 2, 12, 24, 0], [13, 28, 30, 26, 17, 25, 8, 24], [25, 29, 31, 7, 10, 2, 6, 11], [29, 8, 4, 30, 28, 16, 2, 26], [24, 18, 13, 21, 22, 14, 7, 11], [16, 24, 23, 8, 3, 15, 30, 0], [20, 4, 28, 8, 15, 9, 13, 12], [7, 16, 8, 11, 0, 25, 19, 15], [9, 25, 6, 4, 3, 8, 17, 13], [18, 2, 26, 4, 11, 1, 5, 7], [14, 0, 18, 10, 3, 29, 5, 6], [18, 13, 30, 25, 17, 14, 20, 27], [26, 12, 1, 16, 13, 7, 25, 24], [11, 10, 14, 2, 27, 18, 12, 28], [18, 30, 3, 27, 6, 12, 14, 22], [24, 4, 17, 20, 29, 2, 30, 5], [30, 9, 4, 19, 16, 13, 31, 26], [1, 31, 22, 13, 12, 25, 7, 17], [21, 6, 10, 9, 22, 30, 15, 5], [7, 4, 28, 31, 10, 20, 0, 11], [28, 30, 29, 7, 24, 0, 4, 12], [21, 4, 2, 29, 5, 26, 23, 8], [3, 2, 1, 23, 31, 9, 4, 20], [22, 4, 28, 8, 13, 6, 15, 20], [19, 22, 2, 18, 3, 30, 10, 24], [25, 13, 16, 22, 17, 24, 29, 12], [13, 2, 10, 29, 21, 23, 25, 14], [8, 11, 25, 12, 23, 2, 16, 4], [20, 18, 16, 27, 21, 31, 0, 7], [16, 12, 22, 15, 9, 8, 26, 1], [0, 16, 13, 3, 29, 2, 11, 7], [27, 23, 21, 1, 28, 9, 2, 11], [17, 19, 13, 3, 8, 20, 23, 30], [15, 5, 6, 0, 19, 31, 11, 30], [29, 17, 22, 6, 15, 18, 25, 1], [8, 31, 15, 30, 3, 23, 21, 18], [15, 6, 3, 27, 13, 8, 26, 18], [17, 1, 22, 13, 28, 20, 10, 12], [23, 22, 0, 6, 20, 9, 16, 21], [15, 20, 3, 19, 1, 26, 13, 5], [0, 14, 28, 2, 17, 5, 20, 30], [30, 26, 31, 23, 2, 21, 7, 28], [25, 8, 7, 31, 4, 18, 13, 0], [23, 31, 0, 24, 12, 30, 3, 27], [1, 18, 6, 20, 2, 14, 16, 8], [0, 20, 15, 12, 30, 11, 23, 6], [8, 31, 5, 30, 15, 21, 23, 14], [3, 5, 15, 28, 25, 9, 1, 4], [16, 24, 4, 31, 3, 28, 10, 26], [14, 18, 11, 2, 13, 1, 27, 23], [22, 16, 19, 27, 24, 23, 28, 14], [0, 8, 3, 2, 1, 4, 5, 9]]",8,0.6354450583457947,128,random,0.0,9216,4.0,124,0.6966413855552673,53,48 40 16 56,2283,0.7928484082221985,test,top_r_mean,0.0,0.0,0.5,0.75
0.05606657906263688,0.0,72,0.0,31,55.53800007328391,qasper,1.0,0.0,0.0,0.0,2002.04181:1329280df5ee9e902b2742bde4a97bc3e6573ff3,mean,0.5805946791862285,0.0766497254371643,"[[7, 14, 6, 9, 12, 26, 31, 29], [15, 28, 31, 9, 22, 7, 11, 5], [29, 6, 31, 25, 14, 26, 8, 22], [8, 31, 7, 13, 10, 9, 12, 26], [20, 2, 5, 30, 10, 19, 17, 6], [14, 8, 5, 22, 12, 16, 25, 13], [17, 21, 5, 19, 16, 10, 11, 27], [19, 14, 20, 29, 11, 6, 9, 27], [3, 25, 14, 5, 8, 18, 13, 20], [8, 16, 0, 7, 13, 15, 14, 12], [5, 24, 14, 15, 2, 8, 16, 19], [12, 13, 22, 2, 23, 11, 8, 30], [12, 18, 0, 29, 1, 6, 21, 19], [21, 2, 4, 28, 29, 18, 25, 6], [26, 24, 22, 30, 12, 18, 0, 13], [14, 15, 19, 22, 5, 0, 2, 18], [1, 14, 19, 9, 25, 31, 29, 20], [24, 31, 7, 8, 25, 9, 21, 22], [20, 13, 10, 29, 23, 21, 18, 25], [27, 16, 11, 14, 2, 21, 23, 8], [26, 18, 23, 8, 17, 25, 20, 1], [5, 2, 3, 14, 22, 8, 25, 20], [10, 11, 5, 16, 31, 19, 30, 17], [14, 11, 27, 31, 5, 16, 2, 6], [2, 1, 9, 11, 16, 7, 27, 22], [3, 24, 21, 15, 11, 30, 19, 13], [21, 0, 2, 27, 9, 28, 8, 23], [23, 5, 24, 25, 12, 27, 7, 18], [22, 25, 7, 9, 3, 14, 1, 18], [12, 24, 17, 26, 6, 29, 30, 31], [8, 30, 7, 9, 23, 26, 6, 29], [12, 21, 17, 30, 31, 9, 27, 20], [2, 16, 0, 1, 27, 21, 25, 9], [0, 29, 13, 4, 2, 20, 6, 1], [6, 21, 1, 11, 2, 23, 8, 19], [16, 13, 2, 1, 23, 3, 0, 9], [28, 14, 20, 18, 30, 3, 25, 5], [14, 2, 16, 17, 15, 23, 5, 10], [14, 17, 15, 6, 31, 25, 13, 3], [16, 18, 27, 22, 31, 29, 15, 20], [3, 20, 13, 10, 18, 23, 11, 2], [27, 26, 22, 8, 7, 6, 18, 24], [30, 8, 22, 17, 29, 6, 11, 1], [18, 22, 10, 26, 28, 31, 5, 27], [5, 22, 27, 10, 20, 7, 8, 1], [10, 23, 5, 9, 26, 3, 2, 15], [8, 4, 11, 28, 17, 9, 23, 20], [10, 9, 30, 15, 7, 24, 29, 25], [19, 5, 28, 12, 8, 0, 23, 1], [23, 17, 10, 28, 20, 22, 19, 25], [25, 1, 4, 3, 26, 11, 23, 5], [7, 29, 12, 9, 26, 22, 3, 25], [16, 11, 29, 7, 27, 19, 9, 4], [4, 0, 16, 30, 27, 23, 26, 5], [15, 3, 27, 26, 10, 30, 31, 25], [18, 2, 19, 1, 26, 0, 22, 25], [16, 27, 1, 2, 19, 17, 4, 18], [27, 20, 25, 8, 16, 30, 29, 12], [2, 17, 19, 20, 21, 16, 1, 22], [26, 31, 28, 7, 30, 4, 8, 27], [5, 31, 7, 6, 27, 9, 13, 4], [20, 24, 2, 22, 13, 5, 15, 11], [28, 8, 13, 4, 14, 12, 30, 5], [12, 4, 27, 23, 11, 15, 16, 3], [24, 10, 17, 12, 3, 15, 19, 16], [26, 15, 17, 3, 10, 6, 8, 14], [9, 11, 20, 3, 31, 6, 1, 17], [1, 30, 20, 29, 13, 9, 16, 0], [3, 30, 15, 6, 31, 24, 29, 9], [27, 21, 5, 25, 26, 3, 18, 16], [24, 21, 18, 22, 13, 7, 16, 2], [1, 6, 9, 10, 5, 3, 8, 7]]",8,0.6835241317749023,128,random,0.0,9216,4.0,124,0.7494956851005554,71,48 32 56 64,2283,0.7696958184242249,test,top_r_mean,0.0,0.0,0.75,0.625
0.05901337021668972,0.0,68,0.0,31,0.04449998959898949,qasper,0.6666666666666666,0.0,0.0,0.0,1703.04001:4e1a67f8dc68b55a5ce18e6cd385ae9ab90d891f,mean,1.0,0.0,,0,0.0,128,full_k,0.0,34703,4.0,124,0.0,0,24 56 64 48,2169,1.0,test,top_r_mean,1.0,1.0,1.0,1.0
0.05901337021668972,0.0,68,0.0,31,3.956899978220463,qasper,0.6666666666666666,0.0,0.0,0.0,1703.04001:4e1a67f8dc68b55a5ce18e6cd385ae9ab90d891f,mean,0.62071992976295,0.06618404388427734,,1,1.2366602420806885,128,mean,0.0,1088,4.0,124,1.2708370685577393,0,24 64 56 32,2169,0.7937168478965759,test,top_r_mean,1.0,0.5,0.75,0.875
0.05901337021668972,0.0,68,0.0,31,42.380400002002716,qasper,0.6666666666666666,0.0,0.0,0.0,1703.04001:4e1a67f8dc68b55a5ce18e6cd385ae9ab90d891f,mean,0.23266022827041263,0.219396710395813,"[[24], [24], [24], [24], [24], [24], [24], [24], [24], [24], [24], [24], [24], [24], [24], [24], [24], [24], [24], [24], [24], [24], [24], [24], [24], [24], [24], [24], [24], [24], [24], [24], [24], [24], [24], [24], [24], [24], [24], [24], [24], [24], [24], [24], [24], [24], [24], [24], [24], [24], [24], [24], [24], [24], [24], [24], [24], [24], [24], [24], [24], [24], [24], [24], [24], [24], [24], [17]]",1,1.3683637380599976,128,last,0.0,1088,4.0,124,1.5276706218719482,0,62 24 66 20,2169,0.3406878709793091,test,top_r_mean,0.0,0.5,0.25,0.375
0.05901337021668972,0.0,68,0.0,31,37.86600008606911,qasper,0.6666666666666666,0.0,0.0,0.0,1703.04001:4e1a67f8dc68b55a5ce18e6cd385ae9ab90d891f,mean,0.35030728709394204,0.09376470744609833,"[[5], [12], [7], [23], [4], [0], [4], [28], [25], [18], [16], [30], [0], [23], [2], [17], [13], [1], [2], [31], [17], [7], [26], [19], [7], [7], [0], [11], [20], [20], [26], [28], [30], [28], [10], [23], [16], [10], [23], [12], [25], [22], [25], [3], [3], [14], [21], [6], [14], [22], [5], [31], [19], [18], [10], [6], [15], [8], [0], [18], [10], [24], [5], [8], [31], [26], [3], [22]]",1,0.8796936273574829,128,farthest,0.0,1088,4.0,124,0.9584855437278748,0,56 64 33 18,2169,0.4985303580760956,test,top_r_mean,0.0,0.5,0.5,0.5
0.05901337021668972,0.0,68,0.0,31,43.55009994469583,qasper,0.6666666666666666,0.0,0.0,0.0,1703.04001:4e1a67f8dc68b55a5ce18e6cd385ae9ab90d891f,mean,0.6084284460052678,0.08706452697515488,"[[1], [12], [3], [10], [19], [17], [17], [10], [5], [25], [23], [27], [13], [5], [14], [23], [1], [30], [23], [8], [19], [21], [10], [4], [24], [2], [27], [11], [27], [4], [6], [6], [11], [10], [3], [4], [26], [12], [17], [3], [1], [12], [0], [7], [1], [21], [18], [17], [6], [23], [25], [0], [15], [0], [0], [25], [9], [2], [11], [2], [29], [28], [24], [2], [7], [27], [5], [24]]",1,0.36405912041664124,128,greedy_oracle,0.0,1088,4.0,124,0.4883718192577362,0,62 30 57 34,2169,0.8142154216766357,test,top_r_mean,0.0,0.0,0.0,0.375
0.05901337021668972,0.0,68,0.0,31,41.43620003014803,qasper,0.6666666666666666,0.0,0.0,0.0,1703.04001:4e1a67f8dc68b55a5ce18e6cd385ae9ab90d891f,mean,0.1360842844600527,0.17595651745796204,"[[26], [3], [31], [21], [30], [15], [14], [7], [17], [9], [28], [24], [7], [5], [12], [9], [18], [4], [16], [18], [11], [19], [22], [9], [12], [11], [14], [24], [14], [2], [9], [7], [4], [19], [23], [31], [18], [20], [22], [31], [7], [19], [16], [2], [30], [21], [14], [3], [4], [27], [17], [18], [9], [11], [13], [9], [9], [7], [9], [0], [23], [3], [15], [17], [27], [31], [10], [17]]",1,1.1396887302398682,128,random,0.0,1088,4.0,124,1.2630491256713867,11,56 64 30 13,2169,0.19235026836395264,test,top_r_mean,0.0,0.5,0.5,0.25
0.05901337021668972,0.0,68,0.0,31,40.21180002018809,qasper,0.6666666666666666,0.0,0.0,0.0,1703.04001:4e1a67f8dc68b55a5ce18e6cd385ae9ab90d891f,mean,0.14135206321334504,0.19808495044708252,"[[23], [24], [20], [16], [23], [23], [0], [14], [22], [9], [29], [12], [12], [6], [18], [11], [21], [3], [30], [17], [7], [13], [1], [21], [28], [7], [31], [27], [8], [17], [16], [13], [1], [0], [3], [24], [20], [13], [30], [23], [12], [21], [26], [29], [11], [22], [24], [30], [24], [5], [30], [7], [26], [15], [4], [26], [15], [1], [24], [9], [1], [22], [21], [28], [1], [23], [31], [3]]",1,1.23382568359375,128,random,0.0,1088,4.0,124,1.3995245695114136,23,34 56 24 37,2169,0.21292515099048615,test,top_r_mean,0.0,0.5,0.5,0.375
0.05901337021668972,0.0,68,0.0,31,39.09770003519952,qasper,0.6666666666666666,0.0,0.0,0.0,1703.04001:4e1a67f8dc68b55a5ce18e6cd385ae9ab90d891f,mean,0.2835820895522388,0.22820626199245453,"[[25], [6], [0], [18], [13], [9], [20], [24], [8], [22], [17], [0], [0], [30], [6], [13], [8], [30], [21], [16], [27], [8], [8], [30], [8], [28], [2], [12], [20], [28], [15], [1], [8], [23], [5], [26], [25], [31], [14], [30], [7], [11], [22], [26], [7], [16], [7], [17], [1], [12], [19], [2], [31], [5], [16], [23], [25], [28], [24], [14], [0], [8], [5], [6], [20], [24], [23], [20]]",1,1.3553681373596191,128,random,0.0,1088,4.0,124,1.547866940498352,37,48 51 34 17,2169,0.42745351791381836,test,top_r_mean,0.0,0.0,0.25,0.25
0.05901337021668972,0.0,68,0.0,31,45.91340012848377,qasper,0.6666666666666666,0.0,0.0,0.0,1703.04001:4e1a67f8dc68b55a5ce18e6cd385ae9ab90d891f,mean,0.31957857769973663,0.20768305659294128,"[[4], [30], [17], [30], [17], [2], [0], [14], [20], [2], [25], [27], [4], [29], [27], [27], [12], [0], [23], [4], [25], [0], [30], [27], [8], [5], [0], [8], [4], [21], [30], [4], [27], [20], [9], [3], [11], [1], [9], [18], [20], [1], [7], [31], [24], [15], [31], [12], [3], [21], [2], [27], [7], [6], [27], [8], [3], [28], [15], [28], [8], [22], [29], [2], [10], [29], [5], [22]]",1,1.190242052078247,128,random,0.0,1088,4.0,124,1.3554476499557495,53,66 11 18 62,2169,0.4592892527580261,test,top_r_mean,0.0,0.0,0.0,0.125
0.05901337021668972,0.0,68,0.0,31,54.052599938586354,qasper,0.6666666666666666,0.0,0.0,0.0,1703.04001:4e1a67f8dc68b55a5ce18e6cd385ae9ab90d891f,mean,0.31431079894644426,0.18643063306808472,"[[19], [30], [12], [25], [23], [3], [19], [23], [19], [7], [24], [17], [31], [28], [15], [21], [29], [11], [29], [20], [7], [28], [24], [20], [25], [29], [12], [4], [0], [2], [21], [2], [17], [5], [23], [10], [13], [17], [26], [16], [2], [0], [17], [22], [7], [28], [8], [7], [14], [26], [0], [12], [17], [23], [10], [4], [5], [18], [21], [1], [9], [20], [18], [1], [16], [8], [0], [12]]",1,1.1676241159439087,128,random,0.0,1088,4.0,124,1.3041069507598877,71,42 30 17 48,2169,0.46287745237350464,test,top_r_mean,0.0,0.0,0.25,0.25
0.05901337021668972,0.0,68,0.0,31,38.458900060504675,qasper,0.6666666666666666,0.0,0.0,0.0,1703.04001:4e1a67f8dc68b55a5ce18e6cd385ae9ab90d891f,mean,0.2844600526777875,0.15570755302906036,"[[24, 25], [24, 25], [24, 25], [24, 25], [24, 25], [24, 25], [24, 25], [24, 25], [24, 25], [24, 25], [24, 25], [24, 25], [24, 25], [24, 25], [24, 25], [24, 25], [24, 25], [24, 25], [24, 25], [24, 25], [24, 25], [24, 25], [24, 25], [24, 25], [24, 25], [24, 25], [24, 25], [24, 25], [24, 25], [24, 25], [24, 25], [24, 25], [24, 25], [24, 25], [24, 25], [24, 25], [24, 25], [24, 25], [24, 25], [24, 25], [24, 25], [24, 25], [24, 25], [24, 25], [24, 25], [24, 25], [24, 25], [24, 25], [24, 25], [24, 25], [24, 25], [24, 25], [24, 25], [24, 25], [24, 25], [24, 25], [24, 25], [24, 25], [24, 25], [24, 25], [24, 25], [24, 25], [24, 25], [24, 25], [24, 25], [24, 25], [24, 25], [17, 18]]",2,1.3299673795700073,128,last,0.0,2176,4.0,124,1.4374758005142212,0,62 24 40 32,2169,0.42050614953041077,test,top_r_mean,0.0,0.5,0.25,0.5
0.05901337021668972,0.0,68,0.0,31,44.65700010769069,qasper,0.6666666666666666,0.0,0.0,0.0,1703.04001:4e1a67f8dc68b55a5ce18e6cd385ae9ab90d891f,mean,0.48375768217734855,0.4398881196975708,"[[5, 0], [12, 26], [7, 1], [23, 11], [4, 24], [0, 27], [4, 28], [28, 8], [25, 0], [18, 16], [16, 24], [30, 6], [0, 14], [23, 13], [2, 9], [17, 19], [13, 0], [1, 25], [2, 12], [31, 6], [17, 31], [7, 17], [26, 7], [19, 30], [7, 0], [7, 30], [0, 4], [11, 29], [20, 5], [20, 9], [26, 23], [28, 8], [30, 0], [28, 25], [10, 14], [23, 2], [16, 13], [10, 31], [23, 0], [12, 22], [25, 0], [22, 13], [25, 5], [3, 17], [3, 28], [14, 5], [21, 17], [6, 21], [14, 0], [22, 15], [5, 28], [31, 11], [19, 22], [18, 5], [10, 29], [6, 30], [15, 0], [8, 15], [0, 5], [18, 14], [10, 2], [24, 16], [5, 2], [8, 24], [31, 0], [26, 29], [3, 30], [22, 3]]",2,1.313924789428711,128,farthest,0.0,2176,4.0,124,1.4204686880111694,0,56 64 48 40,2169,0.6485475897789001,test,top_r_mean,0.0,0.5,0.75,1.0
0.05901337021668972,1.0,68,1.0,31,42.08050016313791,qasper,0.6666666666666666,0.25,0.16666666666666666,0.0,1703.04001:4e1a67f8dc68b55a5ce18e6cd385ae9ab90d891f,mean,0.7682177348551361,0.1101423054933548,"[[1, 0], [12, 21], [3, 27], [10, 6], [19, 21], [17, 19], [17, 4], [10, 5], [5, 0], [25, 30], [23, 26], [27, 26], [13, 27], [5, 6], [14, 18], [23, 24], [1, 0], [30, 11], [23, 2], [8, 5], [19, 13], [21, 20], [10, 9], [4, 5], [24, 0], [2, 8], [27, 28], [11, 23], [27, 0], [4, 16], [6, 9], [6, 28], [11, 0], [10, 23], [3, 6], [4, 23], [26, 28], [12, 13], [17, 20], [3, 13], [1, 0], [12, 26], [0, 17], [7, 1], [1, 21], [21, 26], [18, 12], [17, 0], [6, 0], [23, 18], [25, 31], [0, 1], [15, 30], [0, 17], [0, 17], [25, 26], [9, 0], [2, 5], [11, 28], [2, 11], [29, 4], [28, 4], [24, 29], [2, 4], [7, 0], [27, 10], [5, 6], [24, 14]]",2,0.3608388900756836,128,greedy_oracle,0.25,2176,4.0,124,0.38818198442459106,0,64 56 24 0,2169,0.9257549047470093,test,top_r_mean,0.0,0.5,0.75,1.0
0.05901337021668972,1.0,68,1.0,31,52.796600153669715,qasper,0.6666666666666666,0.25,0.16666666666666666,0.0,1703.04001:4e1a67f8dc68b55a5ce18e6cd385ae9ab90d891f,mean,0.3871817383669886,0.10332685708999634,"[[26, 0], [3, 7], [31, 21], [21, 15], [30, 20], [15, 26], [14, 2], [7, 13], [17, 5], [9, 30], [28, 25], [24, 19], [7, 22], [5, 1], [12, 24], [9, 17], [18, 31], [4, 28], [16, 18], [18, 21], [11, 31], [19, 18], [22, 2], [9, 6], [12, 5], [11, 31], [14, 13], [24, 14], [14, 1], [2, 28], [9, 19], [7, 5], [4, 19], [19, 31], [23, 25], [31, 26], [18, 25], [20, 4], [22, 2], [31, 11], [7, 22], [19, 10], [16, 20], [2, 1], [30, 8], [21, 2], [14, 15], [3, 15], [4, 31], [27, 3], [17, 13], [18, 22], [9, 4], [11, 20], [13, 29], [9, 2], [9, 31], [7, 28], [9, 5], [0, 16], [23, 28], [3, 2], [15, 27], [17, 0], [27, 30], [31, 4], [10, 24], [17, 22]]",2,1.1592613458633423,128,random,1.0,2176,4.0,124,1.2338361740112305,11,0 56 30 64,2169,0.5499866008758545,test,top_r_mean,0.0,0.5,0.5,0.5
0.05901337021668972,0.0,68,0.0,31,38.9803999569267,qasper,0.6666666666666666,0.0,0.0,0.0,1703.04001:4e1a67f8dc68b55a5ce18e6cd385ae9ab90d891f,mean,0.20983318700614575,0.1615227609872818,"[[23, 13], [24, 17], [20, 19], [16, 11], [23, 22], [23, 18], [0, 24], [14, 10], [22, 5], [9, 20], [29, 27], [12, 23], [12, 15], [6, 22], [18, 8], [11, 24], [21, 6], [3, 26], [30, 0], [17, 0], [7, 30], [13, 21], [1, 4], [21, 16], [28, 13], [7, 12], [31, 5], [27, 0], [8, 18], [17, 19], [16, 9], [13, 25], [1, 8], [0, 18], [3, 7], [24, 3], [20, 10], [13, 27], [30, 24], [23, 25], [12, 18], [21, 13], [26, 27], [29, 23], [11, 8], [22, 14], [24, 13], [30, 11], [24, 5], [5, 31], [30, 26], [7, 18], [26, 14], [15, 16], [4, 16], [26, 20], [15, 1], [1, 30], [24, 8], [9, 20], [1, 10], [22, 0], [21, 17], [28, 29], [1, 3], [23, 6], [31, 11], [3, 4]]",2,1.2087783813476562,128,random,0.0,2176,4.0,124,1.3211557865142822,23,34 56 7 10,2169,0.3149215877056122,test,top_r_mean,0.0,0.5,0.25,0.375
0.05901337021668972,1.0,68,1.0,31,44.83479983173311,qasper,0.6666666666666666,0.25,0.16666666666666666,0.0,1703.04001:4e1a67f8dc68b55a5ce18e6cd385ae9ab90d891f,mean,0.35908691834942935,0.1158069595694542,"[[25, 0], [6, 23], [0, 24], [18, 1], [13, 31], [9, 26], [20, 24], [24, 1], [8, 1], [22, 5], [17, 9], [0, 28], [0, 23], [30, 29], [6, 31], [13, 10], [8, 16], [30, 10], [21, 19], [16, 5], [27, 12], [8, 15], [8, 21], [30, 3], [8, 3], [28, 0], [2, 22], [12, 16], [20, 5], [28, 17], [15, 1], [1, 8], [8, 22], [23, 27], [5, 12], [26, 29], [25, 11], [31, 3], [14, 22], [30, 31], [7, 3], [11, 21], [22, 19], [26, 15], [7, 27], [16, 26], [7, 16], [17, 30], [1, 15], [12, 21], [19, 29], [2, 24], [31, 6], [5, 13], [16, 15], [23, 30], [25, 15], [28, 31], [24, 3], [14, 10], [0, 6], [8, 6], [5, 2], [6, 27], [20, 31], [24, 26], [23, 3], [20, 23]]",2,1.2835599184036255,128,random,1.0,2176,4.0,124,1.3611773252487183,37,0 56 33 51,2169,0.5198687314987183,test,top_r_mean,0.0,0.5,0.25,0.375
0.05901337021668972,0.0,68,0.0,31,40.66659999080002,qasper,0.6666666666666666,0.0,0.0,0.0,1703.04001:4e1a67f8dc68b55a5ce18e6cd385ae9ab90d891f,mean,0.34591747146619845,0.11318705976009369,"[[4, 31], [30, 2], [17, 29], [30, 24], [17, 8], [2, 18], [0, 6], [14, 22], [20, 13], [2, 31], [25, 19], [27, 21], [4, 23], [29, 21], [27, 22], [27, 12], [12, 28], [0, 15], [23, 30], [4, 1], [25, 24], [0, 7], [30, 19], [27, 9], [8, 29], [5, 17], [0, 5], [8, 17], [4, 24], [21, 16], [30, 20], [4, 20], [27, 15], [20, 9], [9, 17], [3, 28], [11, 1], [1, 9], [9, 22], [18, 26], [20, 5], [1, 16], [7, 20], [31, 13], [24, 31], [15, 30], [31, 17], [12, 3], [3, 11], [21, 20], [2, 11], [27, 8], [7, 25], [6, 13], [27, 13], [8, 17], [3, 25], [28, 15], [15, 26], [28, 6], [8, 7], [22, 2], [29, 6], [2, 14], [10, 2], [29, 26], [5, 25], [22, 20]]",2,1.1818971633911133,128,random,0.0,2176,4.0,124,1.2613574266433716,53,66 48 18 34,2169,0.5103638172149658,test,top_r_mean,0.0,0.0,0.25,0.375
0.05901337021668972,0.0,68,0.0,31,41.3434999063611,qasper,0.6666666666666666,0.0,0.0,0.0,1703.04001:4e1a67f8dc68b55a5ce18e6cd385ae9ab90d891f,mean,0.30114135206321335,0.1673782616853714,"[[19, 18], [30, 17], [12, 27], [25, 22], [23, 2], [3, 28], [19, 15], [23, 14], [19, 31], [7, 0], [24, 22], [17, 14], [31, 10], [28, 2], [15, 14], [21, 23], [29, 6], [11, 14], [29, 7], [20, 25], [7, 8], [28, 5], [24, 9], [20, 17], [25, 14], [29, 3], [12, 9], [4, 6], [0, 8], [2, 23], [21, 30], [2, 20], [17, 7], [5, 1], [23, 30], [10, 25], [13, 15], [17, 27], [26, 21], [16, 6], [2, 27], [0, 4], [17, 31], [22, 0], [7, 6], [28, 4], [8, 6], [7, 27], [14, 10], [26, 23], [0, 19], [12, 0], [17, 9], [23, 16], [10, 11], [4, 0], [5, 11], [18, 30], [21, 10], [1, 27], [9, 17], [20, 24], [18, 5], [1, 13], [16, 30], [8, 25], [0, 28], [12, 5]]",2,1.2231566905975342,128,random,0.0,2176,4.0,124,1.336467981338501,71,51 30 48 56,2169,0.45169296860694885,test,top_r_mean,0.0,0.0,0.5,0.25
0.05901337021668972,0.0,68,0.0,31,41.28700005821884,qasper,0.6666666666666666,0.0,0.0,0.0,1703.04001:4e1a67f8dc68b55a5ce18e6cd385ae9ab90d891f,mean,0.3362598770851624,0.13660094141960144,"[[24, 25, 26, 27], [24, 25, 26, 27], [24, 25, 26, 27], [24, 25, 26, 27], [24, 25, 26, 27], [24, 25, 26, 27], [24, 25, 26, 27], [24, 25, 26, 27], [24, 25, 26, 27], [24, 25, 26, 27], [24, 25, 26, 27], [24, 25, 26, 27], [24, 25, 26, 27], [24, 25, 26, 27], [24, 25, 26, 27], [24, 25, 26, 27], [24, 25, 26, 27], [24, 25, 26, 27], [24, 25, 26, 27], [24, 25, 26, 27], [24, 25, 26, 27], [24, 25, 26, 27], [24, 25, 26, 27], [24, 25, 26, 27], [24, 25, 26, 27], [24, 25, 26, 27], [24, 25, 26, 27], [24, 25, 26, 27], [24, 25, 26, 27], [24, 25, 26, 27], [24, 25, 26, 27], [24, 25, 26, 27], [24, 25, 26, 27], [24, 25, 26, 27], [24, 25, 26, 27], [24, 25, 26, 27], [24, 25, 26, 27], [24, 25, 26, 27], [24, 25, 26, 27], [24, 25, 26, 27], [24, 25, 26, 27], [24, 25, 26, 27], [24, 25, 26, 27], [24, 25, 26, 27], [24, 25, 26, 27], [24, 25, 26, 27], [24, 25, 26, 27], [24, 25, 26, 27], [24, 25, 26, 27], [24, 25, 26, 27], [24, 25, 26, 27], [24, 25, 26, 27], [24, 25, 26, 27], [24, 25, 26, 27], [24, 25, 26, 27], [24, 25, 26, 27], [24, 25, 26, 27], [24, 25, 26, 27], [24, 25, 26, 27], [24, 25, 26, 27], [24, 25, 26, 27], [24, 25, 26, 27], [24, 25, 26, 27], [24, 25, 26, 27], [24, 25, 26, 27], [24, 25, 26, 27], [24, 25, 26, 27], [17, 18, 19, 20]]",4,1.2549155950546265,128,last,0.0,4352,4.0,124,1.3412542343139648,0,24 62 40 64,2169,0.47833719849586487,test,top_r_mean,1.0,0.5,0.5,0.5
0.05901337021668972,0.0,68,0.0,31,41.93930001929402,qasper,0.6666666666666666,0.0,0.0,0.0,1703.04001:4e1a67f8dc68b55a5ce18e6cd385ae9ab90d891f,mean,0.4618086040386304,0.06908230483531952,"[[5, 0, 3, 27], [12, 26, 9, 0], [7, 1, 24, 2], [23, 11, 17, 3], [4, 24, 11, 28], [0, 27, 17, 18], [4, 28, 22, 9], [28, 8, 21, 24], [25, 0, 30, 1], [18, 16, 26, 22], [16, 24, 8, 21], [30, 6, 4, 26], [0, 14, 9, 30], [23, 13, 24, 8], [2, 9, 26, 28], [17, 19, 15, 26], [13, 0, 17, 21], [1, 25, 13, 26], [2, 12, 9, 0], [31, 6, 7, 5], [17, 31, 3, 20], [7, 17, 5, 27], [26, 7, 4, 8], [19, 30, 7, 17], [7, 0, 24, 1], [7, 30, 29, 19], [0, 4, 26, 1], [11, 29, 30, 19], [20, 5, 9, 30], [20, 9, 1, 16], [26, 23, 22, 3], [28, 8, 4, 10], [30, 0, 13, 12], [28, 25, 8, 0], [10, 14, 8, 18], [23, 2, 8, 11], [16, 13, 4, 27], [10, 31, 17, 23], [23, 0, 31, 5], [12, 22, 1, 5], [25, 0, 30, 24], [22, 13, 28, 17], [25, 5, 0, 12], [3, 17, 12, 18], [3, 28, 9, 11], [14, 5, 13, 28], [21, 17, 1, 13], [6, 21, 27, 9], [14, 0, 21, 20], [22, 15, 19, 24], [5, 28, 25, 27], [31, 11, 0, 4], [19, 22, 9, 28], [18, 5, 8, 4], [10, 29, 28, 1], [6, 30, 22, 12], [15, 0, 22, 10], [8, 15, 2, 10], [0, 5, 11, 9], [18, 14, 8, 2], [10, 2, 1, 28], [24, 16, 28, 6], [5, 2, 27, 30], [8, 24, 18, 22], [31, 0, 23, 30], [26, 29, 19, 17], [3, 30, 20, 24], [22, 3, 9, 2]]",4,1.4499448537826538,128,farthest,0.0,4352,4.0,124,1.4979987144470215,0,24 64 40 8,2169,0.6398442983627319,test,top_r_mean,1.0,0.5,0.5,0.875
0.05901337021668972,1.0,68,1.0,31,49.89699996076524,qasper,0.6666666666666666,0.25,0.16666666666666666,0.0,1703.04001:4e1a67f8dc68b55a5ce18e6cd385ae9ab90d891f,mean,0.8182616330114135,0.002608281560242176,"[[1, 0, 30, 29], [12, 21, 3, 6], [3, 27, 28, 7], [10, 6, 5, 12], [19, 21, 27, 23], [17, 19, 21, 20], [17, 4, 1, 19], [10, 5, 6, 31], [5, 0, 3, 2], [25, 30, 31, 29], [23, 26, 27, 4], [27, 26, 3, 30], [13, 27, 0, 26], [5, 6, 22, 7], [14, 18, 21, 24], [23, 24, 30, 0], [1, 0, 9, 28], [30, 11, 15, 28], [23, 2, 6, 27], [8, 5, 9, 4], [19, 13, 22, 21], [21, 20, 1, 24], [10, 9, 21, 26], [4, 5, 22, 11], [24, 0, 27, 1], [2, 8, 7, 17], [27, 28, 12, 29], [11, 23, 9, 25], [27, 0, 2, 7], [4, 16, 5, 14], [6, 9, 21, 26], [6, 28, 30, 22], [11, 0, 1, 25], [10, 23, 28, 15], [3, 6, 5, 9], [4, 23, 20, 22], [26, 28, 11, 27], [12, 13, 0, 3], [17, 20, 21, 12], [3, 13, 10, 8], [1, 0, 23, 5], [12, 26, 15, 25], [0, 17, 9, 11], [7, 1, 9, 3], [1, 21, 20, 3], [21, 26, 27, 29], [18, 12, 14, 29], [17, 0, 3, 4], [6, 0, 11, 1], [23, 18, 13, 14], [25, 31, 0, 6], [0, 1, 2, 22], [15, 30, 5, 6], [0, 17, 18, 16], [0, 17, 3, 26], [25, 26, 10, 7], [9, 0, 4, 15], [2, 5, 8, 4], [11, 28, 13, 31], [2, 11, 3, 0], [29, 4, 5, 30], [28, 4, 9, 23], [24, 29, 31, 28], [2, 4, 10, 9], [7, 0, 28, 25], [27, 10, 0, 11], [5, 6, 19, 27], [24, 14, 16, 21]]",4,0.40439704060554504,128,greedy_oracle,0.25,4352,4.0,124,0.4110282063484192,0,64 24 56 0,2169,0.9501470327377319,test,top_r_mean,0.0,0.5,0.75,1.0
0.05901337021668972,1.0,68,1.0,31,56.65889987722039,qasper,0.6666666666666666,0.25,0.16666666666666666,0.0,1703.04001:4e1a67f8dc68b55a5ce18e6cd385ae9ab90d891f,mean,0.3617208077260755,0.09467631578445435,"[[26, 0, 22, 3], [3, 7, 0, 11], [31, 21, 4, 1], [21, 15, 22, 8], [30, 20, 7, 29], [15, 26, 12, 21], [14, 2, 28, 12], [7, 13, 25, 11], [17, 5, 19, 25], [9, 30, 2, 17], [28, 25, 29, 27], [24, 19, 10, 2], [7, 22, 6, 10], [5, 1, 12, 6], [12, 24, 16, 5], [9, 17, 14, 21], [18, 31, 22, 15], [4, 28, 23, 1], [16, 18, 5, 14], [18, 21, 22, 13], [11, 31, 25, 23], [19, 18, 3, 4], [22, 2, 15, 28], [9, 6, 25, 20], [12, 5, 23, 30], [11, 31, 7, 23], [14, 13, 8, 10], [24, 14, 3, 31], [14, 1, 21, 22], [2, 28, 1, 18], [9, 19, 25, 3], [7, 5, 18, 4], [4, 19, 10, 7], [19, 31, 9, 21], [23, 25, 21, 3], [31, 26, 21, 4], [18, 25, 12, 16], [20, 4, 21, 26], [22, 2, 21, 29], [31, 11, 0, 9], [7, 22, 24, 11], [19, 10, 5, 2], [16, 20, 15, 31], [2, 1, 13, 30], [30, 8, 18, 0], [21, 2, 20, 27], [14, 15, 20, 7], [3, 15, 1, 4], [4, 31, 19, 11], [27, 3, 0, 2], [17, 13, 16, 28], [18, 22, 19, 3], [9, 4, 14, 22], [11, 20, 22, 10], [13, 29, 19, 23], [9, 2, 7, 28], [9, 31, 18, 21], [7, 28, 24, 0], [9, 5, 16, 28], [0, 16, 20, 8], [23, 28, 26, 22], [3, 2, 21, 9], [15, 27, 13, 28], [17, 0, 1, 4], [27, 30, 6, 20], [31, 4, 26, 12], [10, 24, 27, 8], [17, 22, 18, 11]]",4,1.2157315015792847,128,random,1.0,4352,4.0,124,1.2732383012771606,11,0 13 64 63,2169,0.5230370163917542,test,top_r_mean,0.0,0.0,0.25,0.375
0.05901337021668972,0.0,68,0.0,31,42.815899942070246,qasper,0.6666666666666666,0.0,0.0,0.0,1703.04001:4e1a67f8dc68b55a5ce18e6cd385ae9ab90d891f,mean,0.3678665496049166,0.10154245793819427,"[[23, 13, 12, 30], [24, 17, 28, 2], [20, 19, 23, 6], [16, 11, 29, 17], [23, 22, 1, 5], [23, 18, 27, 17], [0, 24, 29, 3], [14, 10, 3, 13], [22, 5, 17, 24], [9, 20, 31, 27], [29, 27, 26, 15], [12, 23, 17, 9], [12, 15, 21, 26], [6, 22, 16, 23], [18, 8, 5, 26], [11, 24, 25, 6], [21, 6, 5, 15], [3, 26, 6, 28], [30, 0, 20, 28], [17, 0, 20, 26], [7, 30, 29, 27], [13, 21, 4, 16], [1, 4, 6, 12], [21, 16, 28, 14], [28, 13, 18, 14], [7, 12, 17, 9], [31, 5, 16, 25], [27, 0, 7, 9], [8, 18, 10, 24], [17, 19, 6, 5], [16, 9, 8, 18], [13, 25, 20, 19], [1, 8, 15, 5], [0, 18, 31, 28], [3, 7, 12, 21], [24, 3, 17, 8], [20, 10, 9, 19], [13, 27, 29, 10], [30, 24, 10, 14], [23, 25, 11, 24], [12, 18, 1, 25], [21, 13, 10, 24], [26, 27, 2, 19], [29, 23, 27, 3], [11, 8, 5, 25], [22, 14, 9, 8], [24, 13, 17, 28], [30, 11, 12, 1], [24, 5, 10, 1], [5, 31, 3, 1], [30, 26, 11, 13], [7, 18, 19, 17], [26, 14, 15, 24], [15, 16, 6, 30], [4, 16, 6, 17], [26, 20, 13, 5], [15, 1, 12, 5], [1, 30, 15, 14], [24, 8, 14, 18], [9, 20, 26, 12], [1, 10, 18, 25], [22, 0, 9, 26], [21, 17, 3, 16], [28, 29, 21, 2], [1, 3, 12, 14], [23, 6, 1, 7], [31, 11, 23, 4], [3, 4, 17, 7]]",4,1.2319424152374268,128,random,0.0,4352,4.0,124,1.2974493503570557,23,34 56 48 30,2169,0.513837456703186,test,top_r_mean,0.0,0.5,0.5,0.5
0.05901337021668972,1.0,68,1.0,31,43.5118000023067,qasper,0.6666666666666666,0.25,0.16666666666666666,0.0,1703.04001:4e1a67f8dc68b55a5ce18e6cd385ae9ab90d891f,mean,0.3933274802458297,0.09409580379724503,"[[25, 0, 17, 10], [6, 23, 26, 28], [0, 24, 30, 16], [18, 1, 16, 19], [13, 31, 8, 30], [9, 26, 3, 20], [20, 24, 16, 15], [24, 1, 11, 31], [8, 1, 25, 22], [22, 5, 0, 25], [17, 9, 7, 8], [0, 28, 19, 17], [0, 23, 17, 26], [30, 29, 1, 7], [6, 31, 4, 19], [13, 10, 8, 22], [8, 16, 14, 10], [30, 10, 9, 12], [21, 19, 17, 0], [16, 5, 14, 21], [27, 12, 4, 2], [8, 15, 17, 12], [8, 21, 27, 15], [30, 3, 21, 23], [8, 3, 22, 27], [28, 0, 6, 20], [2, 22, 27, 16], [12, 16, 11, 9], [20, 5, 6, 11], [28, 17, 13, 30], [15, 1, 20, 0], [1, 8, 9, 25], [8, 22, 13, 0], [23, 27, 24, 15], [5, 12, 15, 27], [26, 29, 2, 27], [25, 11, 17, 21], [31, 3, 22, 6], [14, 22, 13, 12], [30, 31, 6, 8], [7, 3, 25, 14], [11, 21, 13, 24], [22, 19, 11, 2], [26, 15, 7, 27], [7, 27, 0, 8], [16, 26, 23, 17], [7, 16, 10, 17], [17, 30, 21, 4], [1, 15, 28, 2], [12, 21, 3, 19], [19, 29, 1, 31], [2, 24, 0, 11], [31, 6, 13, 30], [5, 13, 23, 26], [16, 15, 13, 8], [23, 30, 19, 14], [25, 15, 21, 18], [28, 31, 0, 12], [24, 3, 26, 22], [14, 10, 28, 1], [0, 6, 15, 25], [8, 6, 22, 23], [5, 2, 29, 26], [6, 27, 20, 19], [20, 31, 15, 22], [24, 26, 10, 18], [23, 3, 19, 29], [20, 23, 3, 2]]",4,1.2608847618103027,128,random,0.5,4352,4.0,124,1.318977952003479,37,32 0 51 39,2169,0.564988374710083,test,top_r_mean,0.0,0.0,0.0,0.5
0.05901337021668972,0.0,68,0.0,31,42.698000092059374,qasper,0.6666666666666666,0.0,0.0,0.0,1703.04001:4e1a67f8dc68b55a5ce18e6cd385ae9ab90d891f,mean,0.3994732221246708,0.08555975556373596,"[[4, 31, 15, 5], [30, 2, 23, 19], [17, 29, 25, 30], [30, 24, 27, 29], [17, 8, 7, 4], [2, 18, 0, 11], [0, 6, 20, 2], [14, 22, 26, 27], [20, 13, 8, 6], [2, 31, 17, 20], [25, 19, 16, 6], [27, 21, 19, 13], [4, 23, 10, 0], [29, 21, 27, 14], [27, 22, 1, 7], [27, 12, 2, 9], [12, 28, 22, 18], [0, 15, 2, 25], [23, 30, 9, 20], [4, 1, 25, 2], [25, 24, 10, 19], [0, 7, 6, 2], [30, 19, 18, 21], [27, 9, 11, 20], [8, 29, 31, 22], [5, 17, 6, 28], [0, 5, 10, 18], [8, 17, 30, 15], [4, 24, 17, 10], [21, 16, 28, 13], [30, 20, 13, 31], [4, 20, 22, 10], [27, 15, 16, 14], [20, 9, 21, 15], [9, 17, 25, 13], [3, 28, 13, 7], [11, 1, 27, 20], [1, 9, 27, 5], [9, 22, 20, 23], [18, 26, 3, 12], [20, 5, 7, 28], [1, 16, 31, 28], [7, 20, 30, 0], [31, 13, 10, 22], [24, 31, 22, 12], [15, 30, 21, 25], [31, 17, 6, 20], [12, 3, 8, 30], [3, 11, 31, 28], [21, 20, 2, 25], [2, 11, 25, 30], [27, 8, 11, 0], [7, 25, 1, 17], [6, 13, 27, 7], [27, 13, 24, 16], [8, 17, 10, 4], [3, 25, 5, 13], [28, 15, 4, 13], [15, 26, 14, 23], [28, 6, 23, 22], [8, 7, 20, 22], [22, 2, 13, 31], [29, 6, 0, 9], [2, 14, 16, 6], [10, 2, 8, 30], [29, 26, 25, 28], [5, 25, 6, 3], [22, 20, 8, 10]]",4,1.2068811655044556,128,random,0.0,4352,4.0,124,1.2621465921401978,53,66 34 56 64,2169,0.5566286444664001,test,top_r_mean,0.0,0.0,0.5,0.5
0.05901337021668972,0.0,68,0.0,31,40.03399983048439,qasper,0.6666666666666666,0.0,0.0,0.0,1703.04001:4e1a67f8dc68b55a5ce18e6cd385ae9ab90d891f,mean,0.3169446883230904,0.14968770742416382,"[[19, 18, 24, 25], [30, 17, 23, 21], [12, 27, 0, 1], [25, 22, 10, 27], [23, 2, 26, 20], [3, 28, 19, 29], [19, 15, 18, 25], [23, 14, 19, 16], [19, 31, 24, 15], [7, 0, 26, 22], [24, 22, 12, 21], [17, 14, 29, 18], [31, 10, 26, 4], [28, 2, 29, 6], [15, 14, 1, 4], [21, 23, 26, 6], [29, 6, 17, 3], [11, 14, 15, 23], [29, 7, 14, 26], [20, 25, 15, 18], [7, 8, 14, 2], [28, 5, 22, 8], [24, 9, 27, 10], [20, 17, 14, 9], [25, 14, 12, 13], [29, 3, 22, 10], [12, 9, 16, 28], [4, 6, 1, 13], [0, 8, 10, 6], [2, 23, 26, 3], [21, 30, 9, 19], [2, 20, 12, 10], [17, 7, 8, 25], [5, 1, 22, 11], [23, 30, 27, 20], [10, 25, 19, 17], [13, 15, 9, 28], [17, 27, 29, 28], [26, 21, 19, 4], [16, 6, 1, 15], [2, 27, 28, 5], [0, 4, 26, 30], [17, 31, 3, 18], [22, 0, 27, 21], [7, 6, 14, 5], [28, 4, 25, 15], [8, 6, 27, 28], [7, 27, 22, 6], [14, 10, 16, 5], [26, 23, 10, 22], [0, 19, 2, 7], [12, 0, 28, 1], [17, 9, 14, 0], [23, 16, 0, 27], [10, 11, 17, 18], [4, 0, 7, 22], [5, 11, 26, 12], [18, 30, 15, 17], [21, 10, 31, 22], [1, 27, 28, 30], [9, 17, 22, 30], [20, 24, 31, 15], [18, 5, 3, 1], [1, 13, 18, 10], [16, 30, 17, 19], [8, 25, 12, 0], [0, 28, 19, 15], [12, 5, 4, 8]]",4,1.2275619506835938,128,random,0.0,4352,4.0,124,1.324505090713501,71,30 32 56 17,2169,0.4538305997848511,test,top_r_mean,0.0,0.0,0.25,0.375
0.05901337021668972,0.0,68,0.0,31,50.845300080254674,qasper,0.6666666666666666,0.0,0.0,0.0,1703.04001:4e1a67f8dc68b55a5ce18e6cd385ae9ab90d891f,mean,0.44073748902546095,0.09225217252969742,"[[24, 25, 26, 27, 28, 29, 30, 31], [24, 25, 26, 27, 28, 29, 30, 31], [24, 25, 26, 27, 28, 29, 30, 31], [24, 25, 26, 27, 28, 29, 30, 31], [24, 25, 26, 27, 28, 29, 30, 31], [24, 25, 26, 27, 28, 29, 30, 31], [24, 25, 26, 27, 28, 29, 30, 31], [24, 25, 26, 27, 28, 29, 30, 31], [24, 25, 26, 27, 28, 29, 30, 31], [24, 25, 26, 27, 28, 29, 30, 31], [24, 25, 26, 27, 28, 29, 30, 31], [24, 25, 26, 27, 28, 29, 30, 31], [24, 25, 26, 27, 28, 29, 30, 31], [24, 25, 26, 27, 28, 29, 30, 31], [24, 25, 26, 27, 28, 29, 30, 31], [24, 25, 26, 27, 28, 29, 30, 31], [24, 25, 26, 27, 28, 29, 30, 31], [24, 25, 26, 27, 28, 29, 30, 31], [24, 25, 26, 27, 28, 29, 30, 31], [24, 25, 26, 27, 28, 29, 30, 31], [24, 25, 26, 27, 28, 29, 30, 31], [24, 25, 26, 27, 28, 29, 30, 31], [24, 25, 26, 27, 28, 29, 30, 31], [24, 25, 26, 27, 28, 29, 30, 31], [24, 25, 26, 27, 28, 29, 30, 31], [24, 25, 26, 27, 28, 29, 30, 31], [24, 25, 26, 27, 28, 29, 30, 31], [24, 25, 26, 27, 28, 29, 30, 31], [24, 25, 26, 27, 28, 29, 30, 31], [24, 25, 26, 27, 28, 29, 30, 31], [24, 25, 26, 27, 28, 29, 30, 31], [24, 25, 26, 27, 28, 29, 30, 31], [24, 25, 26, 27, 28, 29, 30, 31], [24, 25, 26, 27, 28, 29, 30, 31], [24, 25, 26, 27, 28, 29, 30, 31], [24, 25, 26, 27, 28, 29, 30, 31], [24, 25, 26, 27, 28, 29, 30, 31], [24, 25, 26, 27, 28, 29, 30, 31], [24, 25, 26, 27, 28, 29, 30, 31], [24, 25, 26, 27, 28, 29, 30, 31], [24, 25, 26, 27, 28, 29, 30, 31], [24, 25, 26, 27, 28, 29, 30, 31], [24, 25, 26, 27, 28, 29, 30, 31], [24, 25, 26, 27, 28, 29, 30, 31], [24, 25, 26, 27, 28, 29, 30, 31], [24, 25, 26, 27, 28, 29, 30, 31], [24, 25, 26, 27, 28, 29, 30, 31], [24, 25, 26, 27, 28, 29, 30, 31], [24, 25, 26, 27, 28, 29, 30, 31], [24, 25, 26, 27, 28, 29, 30, 31], [24, 25, 26, 27, 28, 29, 30, 31], [24, 25, 26, 27, 28, 29, 30, 31], [24, 25, 26, 27, 28, 29, 30, 31], [24, 25, 26, 27, 28, 29, 30, 31], [24, 25, 26, 27, 28, 29, 30, 31], [24, 25, 26, 27, 28, 29, 30, 31], [24, 25, 26, 27, 28, 29, 30, 31], [24, 25, 26, 27, 28, 29, 30, 31], [24, 25, 26, 27, 28, 29, 30, 31], [24, 25, 26, 27, 28, 29, 30, 31], [24, 25, 26, 27, 28, 29, 30, 31], [24, 25, 26, 27, 28, 29, 30, 31], [24, 25, 26, 27, 28, 29, 30, 31], [24, 25, 26, 27, 28, 29, 30, 31], [24, 25, 26, 27, 28, 29, 30, 31], [24, 25, 26, 27, 28, 29, 30, 31], [24, 25, 26, 27, 28, 29, 30, 31], [17, 18, 19, 20, 21, 22, 23, 24]]",8,0.7232917547225952,128,last,0.0,8704,4.0,124,0.8100371956825256,0,24 62 64 36,2169,0.634920060634613,test,top_r_mean,1.0,0.5,0.5,0.375
0.05901337021668972,0.0,68,0.0,31,54.292399901896715,qasper,0.6666666666666666,0.0,0.0,0.0,1703.04001:4e1a67f8dc68b55a5ce18e6cd385ae9ab90d891f,mean,0.6470588235294118,0.019026678055524826,"[[5, 0, 3, 27, 13, 7, 24, 25], [12, 26, 9, 0, 30, 10, 31, 22], [7, 1, 24, 2, 9, 4, 13, 29], [23, 11, 17, 3, 14, 10, 9, 2], [4, 24, 11, 28, 6, 19, 0, 14], [0, 27, 17, 18, 15, 29, 24, 30], [4, 28, 22, 9, 14, 0, 25, 10], [28, 8, 21, 24, 7, 19, 13, 30], [25, 0, 30, 1, 29, 17, 19, 27], [18, 16, 26, 22, 25, 8, 29, 31], [16, 24, 8, 21, 23, 12, 27, 7], [30, 6, 4, 26, 20, 25, 9, 12], [0, 14, 9, 30, 8, 21, 2, 16], [23, 13, 24, 8, 5, 30, 18, 14], [2, 9, 26, 28, 12, 16, 27, 14], [17, 19, 15, 26, 25, 6, 22, 28], [13, 0, 17, 21, 25, 2, 10, 18], [1, 25, 13, 26, 21, 18, 30, 11], [2, 12, 9, 0, 20, 4, 10, 1], [31, 6, 7, 5, 17, 20, 19, 15], [17, 31, 3, 20, 29, 13, 6, 28], [7, 17, 5, 27, 28, 14, 15, 0], [26, 7, 4, 8, 5, 0, 17, 14], [19, 30, 7, 17, 26, 31, 13, 10], [7, 0, 24, 1, 25, 2, 21, 15], [7, 30, 29, 19, 25, 4, 0, 5], [0, 4, 26, 1, 13, 15, 24, 9], [11, 29, 30, 19, 27, 7, 15, 31], [20, 5, 9, 30, 22, 2, 16, 0], [20, 9, 1, 16, 0, 31, 26, 10], [26, 23, 22, 3, 7, 25, 0, 11], [28, 8, 4, 10, 16, 25, 12, 18], [30, 0, 13, 12, 6, 9, 7, 15], [28, 25, 8, 0, 16, 21, 26, 29], [10, 14, 8, 18, 1, 27, 24, 3], [23, 2, 8, 11, 15, 21, 20, 16], [16, 13, 4, 27, 14, 9, 26, 24], [10, 31, 17, 23, 30, 15, 14, 29], [23, 0, 31, 5, 17, 18, 13, 2], [12, 22, 1, 5, 17, 11, 9, 0], [25, 0, 30, 24, 16, 29, 2, 7], [22, 13, 28, 17, 4, 27, 31, 12], [25, 5, 0, 12, 3, 2, 10, 1], [3, 17, 12, 18, 14, 20, 8, 29], [3, 28, 9, 11, 16, 0, 2, 19], [14, 5, 13, 28, 30, 2, 4, 0], [21, 17, 1, 13, 11, 10, 16, 28], [6, 21, 27, 9, 1, 0, 18, 10], [14, 0, 21, 20, 28, 15, 17, 29], [22, 15, 19, 24, 11, 21, 16, 7], [5, 28, 25, 27, 14, 10, 30, 24], [31, 11, 0, 4, 15, 25, 23, 10], [19, 22, 9, 28, 23, 1, 7, 31], [18, 5, 8, 4, 7, 14, 11, 3], [10, 29, 28, 1, 27, 8, 9, 21], [6, 30, 22, 12, 0, 11, 27, 24], [15, 0, 22, 10, 21, 23, 29, 17], [8, 15, 2, 10, 23, 1, 14, 27], [0, 5, 11, 9, 1, 7, 25, 20], [18, 14, 8, 2, 4, 1, 7, 15], [10, 2, 1, 28, 4, 19, 15, 20], [24, 16, 28, 6, 20, 2, 11, 25], [5, 2, 27, 30, 9, 24, 17, 25], [8, 24, 18, 22, 1, 5, 30, 25], [31, 0, 23, 30, 3, 25, 1, 5], [26, 29, 19, 17, 6, 9, 28, 20], [3, 30, 20, 24, 29, 10, 5, 14], [22, 3, 9, 2, 10, 1, 19, 14]]",8,0.6554990410804749,128,farthest,0.0,8704,4.0,124,0.6784561276435852,0,24 64 56 40,2169,0.8296751379966736,test,top_r_mean,1.0,0.5,0.75,0.875
0.05901337021668972,1.0,68,1.0,31,48.827300081029534,qasper,0.6666666666666666,0.25,0.16666666666666666,0.0,1703.04001:4e1a67f8dc68b55a5ce18e6cd385ae9ab90d891f,mean,0.8955223880597015,0.000999222043901682,"[[1, 0, 30, 29, 2, 5, 4, 10], [12, 21, 3, 6, 4, 0, 28, 8], [3, 27, 28, 7, 5, 16, 4, 31], [10, 6, 5, 12, 3, 11, 7, 13], [19, 21, 27, 23, 20, 31, 24, 2], [17, 19, 21, 20, 25, 23, 6, 27], [17, 4, 1, 19, 23, 24, 8, 20], [10, 5, 6, 31, 11, 12, 13, 21], [5, 0, 3, 2, 8, 1, 26, 23], [25, 30, 31, 29, 28, 4, 19, 27], [23, 26, 27, 4, 29, 3, 24, 6], [27, 26, 3, 30, 9, 8, 28, 6], [13, 27, 0, 26, 15, 2, 23, 20], [5, 6, 22, 7, 28, 10, 9, 29], [14, 18, 21, 24, 4, 15, 23, 5], [23, 24, 30, 0, 22, 21, 1, 27], [1, 0, 9, 28, 16, 12, 18, 23], [30, 11, 15, 28, 31, 24, 0, 4], [23, 2, 6, 27, 31, 28, 11, 30], [8, 5, 9, 4, 3, 19, 17, 0], [19, 13, 22, 21, 24, 15, 16, 23], [21, 20, 1, 24, 22, 19, 23, 11], [10, 9, 21, 26, 29, 11, 13, 15], [4, 5, 22, 11, 12, 15, 20, 10], [24, 0, 27, 1, 4, 28, 6, 26], [2, 8, 7, 17, 5, 9, 15, 19], [27, 28, 12, 29, 3, 6, 9, 25], [11, 23, 9, 25, 28, 5, 2, 22], [27, 0, 2, 7, 26, 12, 4, 31], [4, 16, 5, 14, 15, 25, 0, 11], [6, 9, 21, 26, 8, 19, 11, 7], [6, 28, 30, 22, 18, 11, 14, 19], [11, 0, 1, 25, 29, 17, 2, 22], [10, 23, 28, 15, 6, 31, 27, 8], [3, 6, 5, 9, 30, 10, 7, 26], [4, 23, 20, 22, 9, 10, 0, 14], [26, 28, 11, 27, 15, 29, 30, 9], [12, 13, 0, 3, 16, 26, 1, 5], [17, 20, 21, 12, 18, 27, 19, 5], [3, 13, 10, 8, 30, 22, 21, 19], [1, 0, 23, 5, 25, 24, 21, 26], [12, 26, 15, 25, 30, 19, 27, 13], [0, 17, 9, 11, 5, 1, 30, 22], [7, 1, 9, 3, 23, 21, 2, 8], [1, 21, 20, 3, 8, 2, 30, 31], [21, 26, 27, 29, 1, 30, 25, 16], [18, 12, 14, 29, 11, 20, 15, 24], [17, 0, 3, 4, 5, 8, 2, 11], [6, 0, 11, 1, 14, 2, 31, 7], [23, 18, 13, 14, 15, 4, 0, 25], [25, 31, 0, 6, 30, 1, 26, 5], [0, 1, 2, 22, 3, 13, 4, 24], [15, 30, 5, 6, 16, 12, 31, 8], [0, 17, 18, 16, 9, 20, 1, 3], [0, 17, 3, 26, 9, 11, 2, 24], [25, 26, 10, 7, 24, 23, 2, 28], [9, 0, 4, 15, 2, 6, 25, 8], [2, 5, 8, 4, 9, 12, 29, 7], [11, 28, 13, 31, 9, 29, 12, 2], [2, 11, 3, 0, 6, 4, 19, 10], [29, 4, 5, 30, 27, 31, 11, 23], [28, 4, 9, 23, 14, 31, 5, 12], [24, 29, 31, 28, 26, 6, 25, 7], [2, 4, 10, 9, 3, 0, 22, 6], [7, 0, 28, 25, 27, 19, 31, 9], [27, 10, 0, 11, 6, 5, 12, 31], [5, 6, 19, 27, 1, 24, 8, 20], [24, 14, 16, 21, 15, 23, 22, 19]]",8,0.13267551362514496,128,greedy_oracle,0.25,8704,4.0,124,0.1392277330160141,0,24 56 64 0,2169,0.9792724847793579,test,top_r_mean,1.0,1.0,0.75,1.0
0.05901337021668972,1.0,68,1.0,31,40.97680002450943,qasper,0.6666666666666666,0.25,0.16666666666666666,0.0,1703.04001:4e1a67f8dc68b55a5ce18e6cd385ae9ab90d891f,mean,0.6154521510096576,0.07357916235923767,"[[26, 0, 22, 3, 16, 25, 19, 12], [3, 7, 0, 11, 5, 28, 18, 23], [31, 21, 4, 1, 0, 17, 23, 19], [21, 15, 22, 8, 9, 1, 18, 13], [30, 20, 7, 29, 5, 11, 19, 31], [15, 26, 12, 21, 17, 20, 18, 23], [14, 2, 28, 12, 24, 19, 31, 7], [7, 13, 25, 11, 19, 17, 2, 14], [17, 5, 19, 25, 4, 31, 20, 13], [9, 30, 2, 17, 16, 24, 13, 5], [28, 25, 29, 27, 6, 12, 26, 22], [24, 19, 10, 2, 4, 18, 9, 11], [7, 22, 6, 10, 2, 17, 26, 27], [5, 1, 12, 6, 19, 17, 3, 20], [12, 24, 16, 5, 15, 3, 22, 13], [9, 17, 14, 21, 30, 20, 22, 3], [18, 31, 22, 15, 14, 13, 3, 7], [4, 28, 23, 1, 9, 10, 25, 11], [16, 18, 5, 14, 22, 0, 30, 2], [18, 21, 22, 13, 6, 11, 0, 3], [11, 31, 25, 23, 29, 27, 19, 13], [19, 18, 3, 4, 23, 21, 26, 28], [22, 2, 15, 28, 19, 12, 6, 29], [9, 6, 25, 20, 16, 22, 3, 10], [12, 5, 23, 30, 7, 29, 25, 10], [11, 31, 7, 23, 13, 8, 0, 30], [14, 13, 8, 10, 0, 21, 28, 25], [24, 14, 3, 31, 27, 18, 11, 29], [14, 1, 21, 22, 10, 4, 11, 7], [2, 28, 1, 18, 16, 6, 24, 7], [9, 19, 25, 3, 20, 31, 7, 24], [7, 5, 18, 4, 10, 1, 8, 6], [4, 19, 10, 7, 11, 25, 21, 14], [19, 31, 9, 21, 16, 29, 20, 4], [23, 25, 21, 3, 19, 7, 4, 6], [31, 26, 21, 4, 0, 19, 8, 27], [18, 25, 12, 16, 31, 1, 0, 21], [20, 4, 21, 26, 25, 11, 15, 29], [22, 2, 21, 29, 31, 6, 23, 28], [31, 11, 0, 9, 23, 3, 28, 6], [7, 22, 24, 11, 15, 9, 5, 21], [19, 10, 5, 2, 12, 30, 28, 6], [16, 20, 15, 31, 11, 14, 1, 0], [2, 1, 13, 30, 15, 28, 17, 27], [30, 8, 18, 0, 31, 15, 23, 6], [21, 2, 20, 27, 9, 14, 17, 4], [14, 15, 20, 7, 1, 17, 10, 9], [3, 15, 1, 4, 11, 13, 12, 7], [4, 31, 19, 11, 22, 20, 25, 10], [27, 3, 0, 2, 4, 31, 15, 17], [17, 13, 16, 28, 11, 4, 21, 27], [18, 22, 19, 3, 13, 12, 9, 26], [9, 4, 14, 22, 1, 24, 31, 17], [11, 20, 22, 10, 15, 3, 7, 9], [13, 29, 19, 23, 12, 14, 17, 22], [9, 2, 7, 28, 29, 30, 5, 25], [9, 31, 18, 21, 29, 16, 12, 5], [7, 28, 24, 0, 13, 22, 11, 1], [9, 5, 16, 28, 19, 24, 15, 13], [0, 16, 20, 8, 5, 22, 25, 4], [23, 28, 26, 22, 17, 10, 5, 24], [3, 2, 21, 9, 19, 22, 27, 18], [15, 27, 13, 28, 21, 20, 5, 2], [17, 0, 1, 4, 12, 30, 13, 26], [27, 30, 6, 20, 25, 3, 15, 9], [31, 4, 26, 12, 13, 22, 10, 24], [10, 24, 27, 8, 31, 17, 16, 2], [17, 22, 18, 11, 3, 15, 5, 13]]",8,0.6860179901123047,128,random,1.0,8704,4.0,124,0.7537778615951538,11,0 34 64 32,2169,0.803794264793396,test,top_r_mean,0.0,0.0,0.25,0.5
0.05901337021668972,0.0,68,0.0,31,43.09280007146299,qasper,0.6666666666666666,0.0,0.0,0.0,1703.04001:4e1a67f8dc68b55a5ce18e6cd385ae9ab90d891f,mean,0.5250219490781387,0.07227098941802979,"[[23, 13, 12, 30, 19, 14, 8, 1], [24, 17, 28, 2, 13, 1, 20, 9], [20, 19, 23, 6, 13, 21, 27, 8], [16, 11, 29, 17, 2, 13, 23, 30], [23, 22, 1, 5, 17, 26, 31, 27], [23, 18, 27, 17, 24, 12, 7, 11], [0, 24, 29, 3, 28, 9, 14, 23], [14, 10, 3, 13, 4, 31, 20, 29], [22, 5, 17, 24, 28, 14, 30, 3], [9, 20, 31, 27, 12, 23, 3, 14], [29, 27, 26, 15, 24, 28, 30, 2], [12, 23, 17, 9, 18, 10, 25, 13], [12, 15, 21, 26, 14, 25, 6, 19], [6, 22, 16, 23, 30, 19, 7, 3], [18, 8, 5, 26, 9, 10, 22, 28], [11, 24, 25, 6, 22, 9, 10, 27], [21, 6, 5, 15, 3, 8, 31, 2], [3, 26, 6, 28, 14, 25, 21, 20], [30, 0, 20, 28, 23, 8, 27, 31], [17, 0, 20, 26, 5, 3, 27, 12], [7, 30, 29, 27, 31, 28, 18, 13], [13, 21, 4, 16, 24, 2, 20, 30], [1, 4, 6, 12, 8, 20, 14, 31], [21, 16, 28, 14, 10, 11, 29, 13], [28, 13, 18, 14, 23, 31, 21, 24], [7, 12, 17, 9, 10, 14, 16, 22], [31, 5, 16, 25, 0, 10, 13, 11], [27, 0, 7, 9, 24, 6, 22, 30], [8, 18, 10, 24, 23, 30, 21, 12], [17, 19, 6, 5, 8, 18, 24, 21], [16, 9, 8, 18, 24, 31, 22, 5], [13, 25, 20, 19, 22, 29, 2, 7], [1, 8, 15, 5, 24, 12, 6, 25], [0, 18, 31, 28, 11, 5, 26, 4], [3, 7, 12, 21, 26, 2, 1, 0], [24, 3, 17, 8, 26, 2, 13, 9], [20, 10, 9, 19, 21, 5, 11, 31], [13, 27, 29, 10, 26, 5, 11, 9], [30, 24, 10, 14, 3, 29, 13, 4], [23, 25, 11, 24, 5, 26, 21, 17], [12, 18, 1, 25, 17, 5, 30, 26], [21, 13, 10, 24, 23, 8, 31, 7], [26, 27, 2, 19, 22, 28, 3, 12], [29, 23, 27, 3, 0, 7, 8, 15], [11, 8, 5, 25, 20, 10, 16, 30], [22, 14, 9, 8, 28, 19, 0, 24], [24, 13, 17, 28, 27, 21, 0, 8], [30, 11, 12, 1, 8, 24, 9, 17], [24, 5, 10, 1, 4, 9, 16, 8], [5, 31, 3, 1, 9, 27, 13, 20], [30, 26, 11, 13, 31, 23, 1, 25], [7, 18, 19, 17, 8, 13, 21, 14], [26, 14, 15, 24, 29, 31, 10, 23], [15, 16, 6, 30, 29, 19, 4, 31], [4, 16, 6, 17, 29, 22, 20, 11], [26, 20, 13, 5, 7, 30, 21, 27], [15, 1, 12, 5, 13, 17, 20, 0], [1, 30, 15, 14, 31, 4, 7, 13], [24, 8, 14, 18, 16, 20, 28, 7], [9, 20, 26, 12, 6, 7, 1, 31], [1, 10, 18, 25, 29, 27, 14, 16], [22, 0, 9, 26, 19, 3, 31, 30], [21, 17, 3, 16, 30, 22, 4, 25], [28, 29, 21, 2, 12, 19, 6, 22], [1, 3, 12, 14, 11, 2, 29, 30], [23, 6, 1, 7, 25, 16, 10, 13], [31, 11, 23, 4, 27, 8, 5, 9], [3, 4, 17, 7, 11, 19, 16, 24]]",8,0.6769644618034363,128,random,0.0,8704,4.0,124,0.7448961138725281,23,56 24 18 50,2169,0.6980952620506287,test,top_r_mean,0.0,1.0,0.5,0.5
0.05901337021668972,1.0,68,1.0,31,45.09659996256232,qasper,0.6666666666666666,0.25,0.16666666666666666,0.0,1703.04001:4e1a67f8dc68b55a5ce18e6cd385ae9ab90d891f,mean,0.5943810359964882,0.06384584307670593,"[[25, 0, 17, 10, 18, 26, 16, 30], [6, 23, 26, 28, 24, 30, 0, 4], [0, 24, 30, 16, 18, 25, 27, 13], [18, 1, 16, 19, 31, 30, 28, 23], [13, 31, 8, 30, 27, 20, 4, 14], [9, 26, 3, 20, 8, 18, 4, 5], [20, 24, 16, 15, 30, 0, 28, 25], [24, 1, 11, 31, 5, 29, 28, 21], [8, 1, 25, 22, 27, 7, 28, 24], [22, 5, 0, 25, 9, 7, 14, 11], [17, 9, 7, 8, 6, 22, 20, 18], [0, 28, 19, 17, 22, 9, 21, 20], [0, 23, 17, 26, 20, 6, 13, 2], [30, 29, 1, 7, 28, 11, 12, 20], [6, 31, 4, 19, 30, 14, 29, 9], [13, 10, 8, 22, 1, 27, 5, 4], [8, 16, 14, 10, 19, 1, 20, 22], [30, 10, 9, 12, 16, 4, 19, 24], [21, 19, 17, 0, 20, 10, 13, 11], [16, 5, 14, 21, 23, 24, 27, 13], [27, 12, 4, 2, 15, 3, 21, 14], [8, 15, 17, 12, 0, 22, 5, 27], [8, 21, 27, 15, 6, 13, 17, 5], [30, 3, 21, 23, 20, 13, 24, 12], [8, 3, 22, 27, 4, 17, 6, 30], [28, 0, 6, 20, 29, 25, 22, 14], [2, 22, 27, 16, 1, 9, 21, 5], [12, 16, 11, 9, 21, 18, 7, 26], [20, 5, 6, 11, 23, 25, 1, 4], [28, 17, 13, 30, 5, 27, 22, 26], [15, 1, 20, 0, 18, 30, 4, 22], [1, 8, 9, 25, 23, 26, 20, 27], [8, 22, 13, 0, 19, 4, 23, 24], [23, 27, 24, 15, 26, 3, 1, 2], [5, 12, 15, 27, 1, 7, 14, 2], [26, 29, 2, 27, 6, 16, 24, 12], [25, 11, 17, 21, 8, 12, 19, 30], [31, 3, 22, 6, 19, 2, 27, 11], [14, 22, 13, 12, 6, 8, 5, 23], [30, 31, 6, 8, 3, 24, 22, 0], [7, 3, 25, 14, 16, 1, 9, 22], [11, 21, 13, 24, 9, 22, 20, 31], [22, 19, 11, 2, 31, 14, 27, 4], [26, 15, 7, 27, 31, 20, 1, 16], [7, 27, 0, 8, 29, 31, 4, 28], [16, 26, 23, 17, 14, 21, 19, 4], [7, 16, 10, 17, 1, 5, 13, 23], [17, 30, 21, 4, 7, 24, 13, 31], [1, 15, 28, 2, 13, 10, 16, 24], [12, 21, 3, 19, 9, 4, 22, 1], [19, 29, 1, 31, 22, 21, 0, 6], [2, 24, 0, 11, 15, 9, 25, 13], [31, 6, 13, 30, 7, 1, 20, 0], [5, 13, 23, 26, 29, 8, 31, 2], [16, 15, 13, 8, 31, 0, 3, 18], [23, 30, 19, 14, 10, 12, 9, 6], [25, 15, 21, 18, 5, 8, 17, 30], [28, 31, 0, 12, 27, 13, 25, 1], [24, 3, 26, 22, 29, 12, 20, 6], [14, 10, 28, 1, 18, 19, 7, 5], [0, 6, 15, 25, 3, 16, 5, 4], [8, 6, 22, 23, 20, 19, 15, 27], [5, 2, 29, 26, 21, 22, 12, 30], [6, 27, 20, 19, 2, 17, 15, 0], [20, 31, 15, 22, 3, 7, 21, 14], [24, 26, 10, 18, 8, 17, 12, 13], [23, 3, 19, 29, 0, 5, 28, 18], [20, 23, 3, 2, 13, 21, 0, 4]]",8,0.6822243928909302,128,random,0.5,8704,4.0,124,0.7411330342292786,37,32 0 39 64,2169,0.7775318026542664,test,top_r_mean,0.0,0.0,0.25,0.75
0.05901337021668972,0.0,68,0.0,31,49.580799881368876,qasper,0.6666666666666666,0.0,0.0,0.0,1703.04001:4e1a67f8dc68b55a5ce18e6cd385ae9ab90d891f,mean,0.5548726953467954,0.06863754242658615,"[[4, 31, 15, 5, 14, 2, 28, 8], [30, 2, 23, 19, 1, 16, 24, 25], [17, 29, 25, 30, 8, 24, 22, 31], [30, 24, 27, 29, 18, 28, 17, 10], [17, 8, 7, 4, 24, 13, 5, 2], [2, 18, 0, 11, 21, 15, 31, 5], [0, 6, 20, 2, 15, 7, 1, 13], [14, 22, 26, 27, 0, 8, 30, 15], [20, 13, 8, 6, 24, 14, 1, 22], [2, 31, 17, 20, 25, 13, 27, 11], [25, 19, 16, 6, 8, 26, 28, 1], [27, 21, 19, 13, 23, 31, 22, 6], [4, 23, 10, 0, 22, 30, 6, 16], [29, 21, 27, 14, 31, 20, 25, 1], [27, 22, 1, 7, 6, 24, 9, 23], [27, 12, 2, 9, 20, 23, 22, 5], [12, 28, 22, 18, 14, 17, 26, 16], [0, 15, 2, 25, 27, 5, 1, 28], [23, 30, 9, 20, 0, 14, 21, 3], [4, 1, 25, 2, 15, 6, 9, 21], [25, 24, 10, 19, 11, 30, 1, 3], [0, 7, 6, 2, 27, 22, 25, 3], [30, 19, 18, 21, 0, 13, 6, 14], [27, 9, 11, 20, 17, 28, 22, 16], [8, 29, 31, 22, 25, 5, 1, 28], [5, 17, 6, 28, 21, 15, 19, 4], [0, 5, 10, 18, 3, 2, 1, 4], [8, 17, 30, 15, 6, 21, 13, 9], [4, 24, 17, 10, 18, 13, 7, 25], [21, 16, 28, 13, 15, 4, 27, 14], [30, 20, 13, 31, 19, 16, 8, 0], [4, 20, 22, 10, 8, 1, 2, 25], [27, 15, 16, 14, 4, 7, 2, 12], [20, 9, 21, 15, 30, 26, 28, 7], [9, 17, 25, 13, 27, 0, 20, 18], [3, 28, 13, 7, 16, 14, 10, 20], [11, 1, 27, 20, 0, 29, 26, 15], [1, 9, 27, 5, 10, 3, 11, 17], [9, 22, 20, 23, 2, 3, 24, 30], [18, 26, 3, 12, 23, 16, 22, 28], [20, 5, 7, 28, 16, 10, 23, 18], [1, 16, 31, 28, 4, 12, 21, 13], [7, 20, 30, 0, 24, 5, 31, 11], [31, 13, 10, 22, 11, 25, 1, 20], [24, 31, 22, 12, 20, 14, 9, 27], [15, 30, 21, 25, 12, 24, 2, 19], [31, 17, 6, 20, 25, 4, 11, 28], [12, 3, 8, 30, 14, 10, 26, 15], [3, 11, 31, 28, 14, 25, 2, 23], [21, 20, 2, 25, 0, 13, 4, 18], [2, 11, 25, 30, 15, 8, 19, 28], [27, 8, 11, 0, 17, 22, 5, 31], [7, 25, 1, 17, 10, 26, 11, 20], [6, 13, 27, 7, 14, 8, 2, 3], [27, 13, 24, 16, 22, 14, 5, 29], [8, 17, 10, 4, 14, 7, 26, 9], [3, 25, 5, 13, 27, 2, 26, 30], [28, 15, 4, 13, 23, 0, 12, 29], [15, 26, 14, 23, 10, 0, 12, 3], [28, 6, 23, 22, 8, 13, 14, 25], [8, 7, 20, 22, 11, 28, 5, 1], [22, 2, 13, 31, 4, 3, 24, 15], [29, 6, 0, 9, 4, 5, 3, 10], [2, 14, 16, 6, 10, 30, 26, 24], [10, 2, 8, 30, 25, 7, 28, 13], [29, 26, 25, 28, 31, 15, 6, 4], [5, 25, 6, 3, 8, 9, 0, 15], [22, 20, 8, 10, 11, 6, 5, 14]]",8,0.6899885535240173,128,random,0.0,8704,4.0,124,0.7551787495613098,53,64 48 56 24,2169,0.7501240372657776,test,top_r_mean,0.0,0.0,1.0,0.625
0.05901337021668972,0.0,68,0.0,31,46.08370014466345,qasper,0.6666666666666666,0.0,0.0,0.0,1703.04001:4e1a67f8dc68b55a5ce18e6cd385ae9ab90d891f,mean,0.46444249341527655,0.10364046692848206,"[[19, 18, 24, 25, 8, 22, 11, 4], [30, 17, 23, 21, 2, 10, 18, 26], [12, 27, 0, 1, 22, 26, 19, 20], [25, 22, 10, 27, 4, 5, 24, 30], [23, 2, 26, 20, 10, 1, 3, 30], [3, 28, 19, 29, 12, 11, 0, 23], [19, 15, 18, 25, 21, 0, 10, 23], [23, 14, 19, 16, 28, 6, 17, 8], [19, 31, 24, 15, 1, 27, 8, 3], [7, 0, 26, 22, 2, 1, 19, 30], [24, 22, 12, 21, 9, 8, 11, 18], [17, 14, 29, 18, 20, 1, 28, 3], [31, 10, 26, 4, 17, 0, 14, 13], [28, 2, 29, 6, 25, 5, 21, 18], [15, 14, 1, 4, 9, 22, 17, 26], [21, 23, 26, 6, 9, 24, 8, 22], [29, 6, 17, 3, 14, 25, 9, 15], [11, 14, 15, 23, 26, 29, 5, 30], [29, 7, 14, 26, 17, 5, 23, 19], [20, 25, 15, 18, 24, 23, 29, 8], [7, 8, 14, 2, 13, 30, 26, 16], [28, 5, 22, 8, 26, 30, 10, 18], [24, 9, 27, 10, 20, 2, 17, 26], [20, 17, 14, 9, 3, 0, 21, 31], [25, 14, 12, 13, 7, 24, 19, 29], [29, 3, 22, 10, 5, 15, 2, 6], [12, 9, 16, 28, 11, 27, 2, 19], [4, 6, 1, 13, 19, 20, 0, 11], [0, 8, 10, 6, 28, 5, 27, 20], [2, 23, 26, 3, 29, 4, 28, 30], [21, 30, 9, 19, 0, 12, 22, 23], [2, 20, 12, 10, 9, 26, 19, 18], [17, 7, 8, 25, 16, 14, 4, 6], [5, 1, 22, 11, 19, 30, 28, 16], [23, 30, 27, 20, 13, 0, 12, 25], [10, 25, 19, 17, 0, 16, 4, 5], [13, 15, 9, 28, 22, 30, 29, 1], [17, 27, 29, 28, 26, 15, 1, 11], [26, 21, 19, 4, 20, 17, 29, 23], [16, 6, 1, 15, 3, 19, 31, 21], [2, 27, 28, 5, 22, 30, 23, 12], [0, 4, 26, 30, 1, 21, 22, 14], [17, 31, 3, 18, 22, 24, 23, 19], [22, 0, 27, 21, 17, 23, 26, 15], [7, 6, 14, 5, 9, 28, 13, 30], [28, 4, 25, 15, 7, 1, 10, 30], [8, 6, 27, 28, 22, 30, 26, 15], [7, 27, 22, 6, 2, 1, 23, 0], [14, 10, 16, 5, 6, 11, 19, 25], [26, 23, 10, 22, 24, 14, 9, 18], [0, 19, 2, 7, 3, 27, 24, 14], [12, 0, 28, 1, 14, 11, 5, 6], [17, 9, 14, 0, 24, 22, 19, 6], [23, 16, 0, 27, 10, 29, 14, 12], [10, 11, 17, 18, 29, 2, 12, 27], [4, 0, 7, 22, 2, 14, 31, 24], [5, 11, 26, 12, 21, 6, 19, 2], [18, 30, 15, 17, 28, 3, 0, 24], [21, 10, 31, 22, 29, 28, 7, 14], [1, 27, 28, 30, 10, 3, 11, 20], [9, 17, 22, 30, 11, 4, 26, 7], [20, 24, 31, 15, 9, 2, 12, 13], [18, 5, 3, 1, 10, 4, 7, 13], [1, 13, 18, 10, 24, 7, 2, 30], [16, 30, 17, 19, 9, 26, 6, 1], [8, 25, 12, 0, 30, 27, 17, 26], [0, 28, 19, 15, 10, 24, 6, 21], [12, 5, 4, 8, 19, 16, 24, 21]]",8,0.6638057231903076,128,random,0.0,8704,4.0,124,0.7632317543029785,71,48 17 39 56,2169,0.6351490616798401,test,top_r_mean,0.0,0.0,0.5,0.375
0.024859195960380658,1.0,161,1.0,31,0.03809994086623192,qasper,0.8,0.25,0.2,0.0,2002.03407:b5608076d91450b0d295ad14c3e3a90d7e168d0e,mean,1.0,0.0,,0,0.0,128,full_k,1.0,82384,4.0,124,0.0,0,0 104 128 80,5149,1.0,test,top_r_mean,1.0,1.0,1.0,1.0
0.024859195960380658,0.0,161,0.0,31,7.9552000388503075,qasper,0.8,0.0,0.0,0.0,2002.03407:b5608076d91450b0d295ad14c3e3a90d7e168d0e,mean,0.6029503105590062,0.06991450488567352,,1,1.1702642440795898,128,mean,0.0,2576,4.0,124,1.208545207977295,0,104 8 112 48,5149,0.7867638468742371,test,top_r_mean,0.0,0.5,0.25,0.375
0.024859195960380658,1.0,161,1.0,31,121.0914000403136,qasper,0.8,0.25,0.2,0.0,2002.03407:b5608076d91450b0d295ad14c3e3a90d7e168d0e,mean,0.19503105590062111,0.21012534201145172,"[[24], [24], [24], [24], [24], [24], [24], [24], [24], [24], [24], [24], [24], [24], [24], [24], [24], [24], [24], [24], [24], [24], [24], [24], [24], [24], [24], [24], [24], [24], [24], [24], [24], [24], [24], [24], [24], [24], [24], [24], [24], [24], [24], [24], [24], [24], [24], [24], [24], [24], [24], [24], [24], [24], [24], [24], [24], [24], [24], [24], [24], [24], [24], [24], [24], [24], [24], [24], [24], [24], [24], [24], [24], [24], [24], [24], [24], [24], [24], [24], [24], [24], [24], [24], [24], [24], [24], [24], [24], [24], [24], [24], [24], [24], [24], [24], [24], [24], [24], [24], [24], [24], [24], [24], [24], [24], [24], [24], [24], [24], [24], [24], [24], [24], [24], [24], [24], [24], [24], [24], [24], [24], [24], [24], [24], [24], [24], [24], [24], [24], [24], [24], [24], [24], [24], [24], [24], [24], [24], [24], [24], [24], [24], [24], [24], [24], [24], [24], [24], [24], [24], [24], [24], [24], [24], [24], [24], [24], [24], [24], [21]]",1,1.2644404172897339,128,last,0.3333333333333333,2576,4.0,124,1.403067946434021,0,77 55 4 42,5149,0.2870370149612427,test,top_r_mean,0.0,0.0,0.0,0.0
0.024859195960380658,0.0,161,0.0,31,99.42880016751587,qasper,0.8,0.0,0.0,0.0,2002.03407:b5608076d91450b0d295ad14c3e3a90d7e168d0e,mean,0.40372670807453415,0.10735230147838593,"[[16], [9], [25], [20], [24], [11], [13], [4], [13], [12], [6], [21], [25], [15], [23], [6], [26], [30], [28], [27], [4], [15], [28], [7], [5], [5], [23], [8], [18], [7], [23], [19], [19], [4], [30], [11], [10], [22], [8], [16], [28], [9], [20], [13], [15], [15], [18], [4], [29], [3], [23], [2], [21], [18], [4], [1], [12], [22], [30], [5], [3], [29], [20], [13], [29], [17], [12], [10], [1], [19], [21], [31], [19], [17], [16], [9], [5], [10], [11], [29], [27], [22], [26], [26], [6], [21], [18], [23], [5], [29], [6], [26], [13], [19], [29], [31], [14], [27], [10], [6], [13], [15], [24], [14], [2], [30], [8], [9], [21], [13], [27], [0], [12], [18], [11], [0], [29], [22], [14], [6], [9], [3], [16], [23], [12], [7], [6], [7], [30], [21], [9], [16], [9], [16], [1], [25], [3], [19], [18], [29], [26], [18], [13], [30], [14], [12], [6], [0], [11], [18], [3], [16], [11], [11], [12], [16], [30], [14], [11], [7], [21]]",1,0.8773542046546936,128,farthest,0.0,2576,4.0,124,0.964115560054779,0,104 120 112 81,5149,0.5629400014877319,test,top_r_mean,0.0,0.5,0.25,0.25
0.024859195960380658,1.0,161,1.0,31,116.81709997355938,qasper,0.8,0.25,0.2,0.0,2002.03407:b5608076d91450b0d295ad14c3e3a90d7e168d0e,mean,0.6897515527950311,0.07338479161262512,"[[12], [19], [9], [23], [15], [6], [7], [28], [26], [10], [27], [7], [21], [17], [23], [29], [2], [8], [26], [16], [19], [10], [17], [27], [19], [5], [7], [25], [15], [6], [6], [15], [2], [26], [13], [5], [27], [1], [15], [30], [7], [27], [17], [21], [9], [15], [4], [2], [16], [0], [3], [25], [4], [17], [17], [17], [8], [13], [10], [22], [7], [3], [23], [6], [2], [6], [9], [26], [16], [3], [1], [13], [14], [16], [13], [2], [26], [24], [10], [7], [25], [11], [4], [22], [0], [27], [25], [18], [12], [8], [10], [10], [8], [3], [14], [4], [8], [7], [16], [17], [26], [8], [29], [18], [14], [11], [5], [11], [5], [3], [14], [8], [11], [1], [28], [26], [21], [15], [19], [22], [12], [23], [6], [18], [1], [11], [18], [2], [12], [2], [18], [3], [28], [24], [19], [26], [19], [27], [6], [26], [22], [18], [26], [0], [5], [26], [14], [12], [31], [2], [26], [21], [8], [13], [17], [9], [25], [10], [20], [2], [2]]",1,0.39123064279556274,128,greedy_oracle,0.3333333333333333,2576,4.0,124,0.49278098344802856,0,88 43 4 94,5149,0.878329873085022,test,top_r_mean,0.0,0.0,0.0,0.25
0.024859195960380658,0.0,161,0.0,31,99.1756001021713,qasper,0.8,0.0,0.0,0.0,2002.03407:b5608076d91450b0d295ad14c3e3a90d7e168d0e,mean,0.19021739130434784,0.2573258578777313,"[[14], [29], [11], [14], [25], [24], [9], [8], [13], [12], [8], [10], [21], [30], [14], [15], [24], [11], [25], [15], [9], [0], [21], [31], [16], [15], [17], [15], [23], [24], [18], [15], [28], [0], [17], [24], [11], [23], [10], [4], [10], [3], [30], [2], [9], [2], [9], [22], [13], [7], [6], [10], [1], [19], [27], [28], [18], [8], [31], [17], [8], [25], [30], [12], [5], [31], [8], [3], [30], [5], [18], [16], [6], [26], [27], [14], [15], [27], [15], [18], [19], [20], [8], [21], [27], [23], [13], [29], [22], [31], [7], [19], [27], [30], [30], [7], [24], [20], [29], [1], [12], [25], [0], [8], [19], [5], [21], [28], [29], [6], [13], [0], [23], [30], [26], [30], [11], [27], [7], [16], [5], [16], [29], [9], [4], [18], [21], [9], [19], [4], [25], [27], [26], [25], [7], [25], [28], [27], [0], [7], [18], [6], [27], [29], [8], [11], [7], [25], [23], [23], [29], [3], [26], [18], [28], [11], [10], [27], [13], [24], [17]]",1,1.167087197303772,128,random,0.0,2576,4.0,124,1.3432406187057495,11,57 55 44 137,5149,0.2639492452144623,test,top_r_mean,0.0,0.0,0.0,0.125
0.024859195960380658,0.0,161,0.0,31,101.76640003919601,qasper,0.8,0.0,0.0,0.0,2002.03407:b5608076d91450b0d295ad14c3e3a90d7e168d0e,mean,0.2796583850931677,0.1515554040670395,"[[16], [21], [19], [8], [26], [24], [7], [23], [17], [28], [22], [20], [23], [29], [27], [28], [2], [16], [2], [20], [4], [29], [22], [5], [16], [1], [3], [9], [17], [28], [3], [22], [26], [10], [13], [10], [1], [23], [4], [2], [9], [1], [13], [30], [3], [8], [17], [6], [3], [6], [19], [7], [19], [16], [6], [28], [18], [8], [11], [3], [29], [17], [23], [26], [4], [5], [9], [29], [2], [23], [3], [21], [7], [10], [22], [21], [4], [6], [20], [9], [6], [31], [18], [26], [3], [12], [21], [5], [5], [25], [10], [1], [14], [29], [3], [15], [1], [31], [22], [17], [26], [11], [24], [25], [14], [16], [3], [6], [25], [8], [14], [20], [7], [28], [31], [7], [24], [25], [31], [10], [16], [10], [10], [9], [26], [29], [15], [28], [18], [21], [10], [31], [29], [20], [12], [27], [30], [10], [21], [7], [9], [19], [17], [8], [4], [11], [6], [0], [0], [0], [12], [3], [20], [17], [13], [24], [28], [21], [13], [4], [12]]",1,1.1201869249343872,128,random,0.0,2576,4.0,124,1.2456331253051758,23,104 57 55 90,5149,0.4109586775302887,test,top_r_mean,0.0,0.5,0.25,0.125
0.024859195960380658,0.0,161,0.0,31,106.95750010199845,qasper,0.8,0.0,0.0,0.0,2002.03407:b5608076d91450b0d295ad14c3e3a90d7e168d0e,mean,0.21754658385093167,0.7924289107322693,"[[16], [11], [22], [4], [12], [15], [18], [17], [4], [12], [14], [21], [21], [16], [7], [31], [26], [24], [11], [8], [17], [24], [4], [20], [29], [25], [5], [18], [10], [3], [18], [11], [14], [28], [3], [30], [15], [11], [12], [5], [0], [30], [20], [16], [18], [27], [23], [1], [16], [16], [1], [8], [28], [1], [19], [1], [25], [9], [30], [5], [8], [26], [21], [30], [0], [17], [30], [13], [6], [6], [13], [1], [3], [1], [12], [26], [18], [8], [7], [29], [19], [11], [20], [20], [1], [14], [22], [18], [23], [30], [17], [16], [26], [25], [7], [18], [1], [25], [15], [18], [17], [10], [3], [1], [17], [28], [25], [27], [2], [20], [12], [5], [27], [6], [21], [31], [12], [16], [21], [11], [6], [4], [3], [15], [8], [24], [3], [21], [1], [16], [11], [21], [3], [4], [14], [21], [7], [22], [2], [31], [26], [11], [4], [13], [16], [25], [27], [14], [3], [25], [20], [22], [27], [22], [1], [28], [28], [17], [13], [24], [13]]",1,1.195989727973938,128,random,0.0,2576,4.0,124,1.3411262035369873,37,64 40 81 48,5149,0.30797961354255676,test,top_r_mean,0.0,0.0,0.0,0.125
0.024859195960380658,0.0,161,0.0,31,96.00479993969202,qasper,0.8,0.0,0.0,0.0,2002.03407:b5608076d91450b0d295ad14c3e3a90d7e168d0e,mean,0.1468944099378882,0.2620401978492737,"[[30], [5], [9], [1], [22], [28], [15], [1], [14], [16], [21], [7], [28], [5], [23], [9], [10], [5], [20], [9], [13], [9], [0], [21], [20], [15], [10], [17], [2], [14], [9], [15], [23], [5], [24], [1], [2], [16], [17], [14], [1], [26], [16], [0], [3], [30], [27], [11], [16], [14], [15], [21], [16], [3], [10], [4], [8], [29], [21], [11], [10], [17], [18], [4], [1], [23], [13], [6], [29], [27], [28], [12], [11], [31], [29], [13], [5], [18], [27], [23], [28], [10], [22], [18], [19], [31], [0], [23], [8], [14], [5], [10], [3], [25], [29], [25], [24], [3], [31], [4], [8], [25], [13], [17], [13], [28], [16], [1], [11], [3], [23], [2], [16], [30], [2], [31], [14], [19], [19], [23], [1], [1], [0], [1], [9], [17], [18], [23], [26], [11], [31], [30], [14], [1], [18], [2], [20], [20], [4], [1], [20], [29], [15], [18], [30], [24], [24], [9], [30], [16], [10], [5], [17], [17], [24], [7], [15], [22], [28], [21], [8]]",1,1.2308777570724487,128,random,0.0,2576,4.0,124,1.4223781824111938,53,48 56 25 40,5149,0.21075741946697235,test,top_r_mean,0.0,0.0,0.0,0.125
0.024859195960380658,0.0,161,0.0,31,97.0003001857549,qasper,0.8,0.0,0.0,0.0,2002.03407:b5608076d91450b0d295ad14c3e3a90d7e168d0e,mean,0.26925465838509316,0.17924709618091583,"[[3], [24], [13], [14], [20], [30], [23], [30], [15], [17], [19], [28], [6], [4], [14], [3], [29], [16], [10], [2], [1], [19], [25], [25], [1], [24], [2], [23], [22], [29], [18], [8], [5], [18], [25], [21], [6], [19], [6], [3], [6], [16], [23], [23], [0], [5], [14], [2], [6], [29], [24], [15], [16], [5], [10], [11], [3], [24], [4], [28], [3], [28], [11], [22], [24], [12], [13], [16], [4], [3], [6], [23], [9], [31], [2], [3], [25], [20], [26], [9], [25], [7], [18], [10], [28], [13], [25], [25], [1], [10], [5], [19], [11], [30], [16], [12], [24], [6], [2], [12], [14], [11], [4], [0], [25], [13], [4], [0], [22], [11], [23], [14], [31], [9], [11], [4], [24], [29], [16], [27], [4], [29], [2], [16], [21], [2], [8], [7], [12], [16], [8], [4], [19], [2], [22], [29], [20], [24], [19], [31], [31], [3], [20], [30], [25], [28], [29], [14], [23], [4], [9], [23], [22], [9], [17], [12], [26], [8], [18], [15], [5]]",1,1.1726412773132324,128,random,0.0,2576,4.0,124,1.3299754858016968,71,128 80 43 154,5149,0.38903841376304626,test,top_r_mean,0.0,0.0,0.5,0.25
0.024859195960380658,0.0,161,0.0,31,107.80919995158911,qasper,0.8,0.0,0.0,0.0,2002.03407:b5608076d91450b0d295ad14c3e3a90d7e168d0e,mean,0.19937888198757764,0.17940321564674377,"[[24, 25], [24, 25], [24, 25], [24, 25], [24, 25], [24, 25], [24, 25], [24, 25], [24, 25], [24, 25], [24, 25], [24, 25], [24, 25], [24, 25], [24, 25], [24, 25], [24, 25], [24, 25], [24, 25], [24, 25], [24, 25], [24, 25], [24, 25], [24, 25], [24, 25], [24, 25], [24, 25], [24, 25], [24, 25], [24, 25], [24, 25], [24, 25], [24, 25], [24, 25], [24, 25], [24, 25], [24, 25], [24, 25], [24, 25], [24, 25], [24, 25], [24, 25], [24, 25], [24, 25], [24, 25], [24, 25], [24, 25], [24, 25], [24, 25], [24, 25], [24, 25], [24, 25], [24, 25], [24, 25], [24, 25], [24, 25], [24, 25], [24, 25], [24, 25], [24, 25], [24, 25], [24, 25], [24, 25], [24, 25], [24, 25], [24, 25], [24, 25], [24, 25], [24, 25], [24, 25], [24, 25], [24, 25], [24, 25], [24, 25], [24, 25], [24, 25], [24, 25], [24, 25], [24, 25], [24, 25], [24, 25], [24, 25], [24, 25], [24, 25], [24, 25], [24, 25], [24, 25], [24, 25], [24, 25], [24, 25], [24, 25], [24, 25], [24, 25], [24, 25], [24, 25], [24, 25], [24, 25], [24, 25], [24, 25], [24, 25], [24, 25], [24, 25], [24, 25], [24, 25], [24, 25], [24, 25], [24, 25], [24, 25], [24, 25], [24, 25], [24, 25], [24, 25], [24, 25], [24, 25], [24, 25], [24, 25], [24, 25], [24, 25], [24, 25], [24, 25], [24, 25], [24, 25], [24, 25], [24, 25], [24, 25], [24, 25], [24, 25], [24, 25], [24, 25], [24, 25], [24, 25], [24, 25], [24, 25], [24, 25], [24, 25], [24, 25], [24, 25], [24, 25], [24, 25], [24, 25], [24, 25], [24, 25], [24, 25], [24, 25], [24, 25], [24, 25], [24, 25], [24, 25], [24, 25], [24, 25], [24, 25], [24, 25], [24, 25], [24, 25], [24, 25], [24, 25], [24, 25], [24, 25], [24, 25], [24, 25], [21, 22]]",2,1.2517547607421875,128,last,0.0,5152,4.0,124,1.3744213581085205,0,42 77 121 44,5149,0.30070164799690247,test,top_r_mean,0.0,0.0,0.0,0.125
0.024859195960380658,0.0,161,0.0,31,109.37219997867942,qasper,0.8,0.0,0.0,0.0,2002.03407:b5608076d91450b0d295ad14c3e3a90d7e168d0e,mean,0.4248447204968944,0.4225527048110962,"[[16, 0], [9, 31], [25, 4], [20, 29], [24, 6], [11, 25], [13, 2], [4, 11], [13, 0], [12, 0], [6, 15], [21, 9], [25, 6], [15, 19], [23, 9], [6, 31], [26, 0], [30, 9], [28, 11], [27, 18], [4, 17], [15, 19], [28, 30], [7, 21], [5, 0], [5, 24], [23, 3], [8, 6], [18, 29], [7, 22], [23, 13], [19, 10], [19, 0], [4, 15], [30, 24], [11, 7], [10, 30], [22, 16], [8, 15], [16, 18], [28, 0], [9, 21], [20, 7], [13, 7], [15, 21], [15, 27], [18, 29], [4, 13], [29, 0], [3, 25], [23, 19], [2, 16], [21, 15], [18, 3], [4, 27], [1, 26], [12, 0], [22, 0], [30, 21], [5, 27], [3, 28], [29, 3], [20, 18], [13, 22], [29, 0], [17, 15], [12, 1], [10, 23], [1, 7], [19, 25], [21, 12], [31, 6], [19, 0], [17, 10], [16, 30], [9, 29], [5, 9], [10, 23], [11, 29], [29, 5], [27, 0], [22, 28], [26, 6], [26, 1], [6, 21], [21, 20], [18, 6], [23, 16], [5, 0], [29, 15], [6, 13], [26, 21], [13, 30], [19, 15], [29, 22], [31, 6], [14, 0], [27, 9], [10, 16], [6, 20], [13, 8], [15, 23], [24, 0], [14, 22], [2, 0], [30, 22], [8, 21], [9, 25], [21, 9], [13, 24], [27, 4], [0, 17], [12, 0], [18, 13], [11, 7], [0, 23], [29, 13], [22, 31], [14, 22], [6, 17], [9, 0], [3, 16], [16, 24], [23, 13], [12, 2], [7, 13], [6, 16], [7, 25], [30, 0], [21, 0], [9, 15], [16, 1], [9, 24], [16, 29], [1, 7], [25, 9], [3, 0], [19, 10], [18, 7], [29, 20], [26, 23], [18, 12], [13, 27], [30, 4], [14, 0], [12, 30], [6, 20], [0, 31], [11, 1], [18, 25], [3, 10], [16, 5], [11, 0], [11, 23], [12, 0], [16, 24], [30, 22], [14, 3], [11, 31], [7, 9], [21, 0]]",2,1.2986505031585693,128,farthest,0.0,5152,4.0,124,1.3992048501968384,0,104 120 112 88,5149,0.5815879106521606,test,top_r_mean,0.0,0.5,0.25,0.375
0.024859195960380658,0.0,161,0.0,31,99.23000005073845,qasper,0.8,0.0,0.0,0.0,2002.03407:b5608076d91450b0d295ad14c3e3a90d7e168d0e,mean,0.7888198757763976,0.11583219468593597,"[[12, 0], [19, 17], [9, 10], [23, 16], [15, 16], [6, 8], [7, 30], [28, 2], [26, 0], [10, 12], [27, 30], [7, 1], [21, 2], [17, 13], [23, 4], [29, 26], [2, 0], [8, 15], [26, 28], [16, 21], [19, 22], [10, 15], [17, 9], [27, 4], [19, 0], [5, 15], [7, 8], [25, 22], [15, 16], [6, 18], [6, 17], [15, 25], [2, 0], [26, 8], [13, 27], [5, 12], [27, 28], [1, 17], [15, 5], [30, 29], [7, 0], [27, 30], [17, 2], [21, 5], [9, 14], [15, 9], [4, 6], [2, 27], [16, 0], [0, 7], [3, 2], [25, 24], [4, 5], [17, 30], [17, 9], [17, 28], [8, 0], [13, 8], [10, 11], [22, 17], [7, 15], [3, 8], [23, 20], [6, 30], [2, 0], [6, 2], [9, 24], [26, 27], [16, 6], [3, 18], [1, 14], [13, 14], [14, 0], [16, 31], [13, 0], [2, 0], [26, 27], [24, 10], [10, 9], [7, 17], [25, 0], [11, 22], [4, 14], [22, 26], [0, 6], [27, 10], [25, 13], [18, 19], [12, 0], [8, 17], [10, 9], [10, 11], [8, 9], [3, 2], [14, 16], [4, 3], [8, 0], [7, 17], [16, 29], [17, 11], [26, 25], [8, 21], [29, 6], [18, 31], [14, 0], [11, 16], [5, 0], [11, 12], [5, 7], [3, 4], [14, 19], [8, 19], [11, 0], [1, 10], [28, 1], [26, 17], [21, 22], [15, 14], [19, 12], [22, 21], [12, 0], [23, 26], [6, 7], [18, 1], [1, 4], [11, 27], [18, 4], [2, 11], [12, 0], [2, 1], [18, 28], [3, 10], [28, 22], [24, 7], [19, 11], [26, 14], [19, 0], [27, 12], [6, 27], [26, 27], [22, 24], [18, 16], [26, 30], [0, 27], [5, 0], [26, 4], [14, 17], [12, 11], [31, 28], [2, 0], [26, 0], [21, 22], [8, 0], [13, 17], [17, 14], [9, 30], [25, 29], [10, 13], [20, 21], [2, 16], [2, 0]]",2,0.3792431354522705,128,greedy_oracle,0.0,5152,4.0,124,0.4024588167667389,0,88 128 96 136,5149,0.9369967579841614,test,top_r_mean,0.0,0.0,0.25,0.5
0.024859195960380658,1.0,161,1.0,31,98.26569980941713,qasper,0.8,0.25,0.2,0.0,2002.03407:b5608076d91450b0d295ad14c3e3a90d7e168d0e,mean,0.24906832298136647,0.18331278860569,"[[14, 2], [29, 16], [11, 22], [14, 8], [25, 26], [24, 29], [9, 10], [8, 11], [13, 25], [12, 7], [8, 17], [10, 1], [21, 28], [30, 1], [14, 8], [15, 5], [24, 29], [11, 1], [25, 23], [15, 1], [9, 17], [0, 20], [21, 6], [31, 22], [16, 2], [15, 29], [17, 11], [15, 5], [23, 18], [24, 28], [18, 3], [15, 30], [28, 25], [0, 3], [17, 7], [24, 16], [11, 29], [23, 13], [10, 9], [4, 11], [10, 12], [3, 25], [30, 0], [2, 7], [9, 7], [2, 13], [9, 15], [22, 31], [13, 26], [7, 22], [6, 16], [10, 27], [1, 11], [19, 28], [27, 19], [28, 9], [18, 29], [8, 19], [31, 3], [17, 25], [8, 2], [25, 0], [30, 15], [12, 13], [5, 14], [31, 16], [8, 25], [3, 6], [30, 7], [5, 30], [18, 0], [16, 19], [6, 10], [26, 2], [27, 20], [14, 18], [15, 21], [27, 3], [15, 3], [18, 24], [19, 2], [20, 17], [8, 6], [21, 12], [27, 15], [23, 7], [13, 5], [29, 14], [22, 30], [31, 13], [7, 19], [19, 5], [27, 30], [30, 23], [30, 31], [7, 19], [24, 4], [20, 19], [29, 27], [1, 20], [12, 24], [25, 14], [0, 18], [8, 0], [19, 18], [5, 18], [21, 25], [28, 11], [29, 19], [6, 27], [13, 28], [0, 20], [23, 10], [30, 6], [26, 5], [30, 27], [11, 23], [27, 25], [7, 14], [16, 11], [5, 28], [16, 10], [29, 26], [9, 21], [4, 30], [18, 5], [21, 5], [9, 14], [19, 7], [4, 21], [25, 26], [27, 11], [26, 25], [25, 2], [7, 2], [25, 9], [28, 17], [27, 29], [0, 15], [7, 30], [18, 2], [6, 5], [27, 0], [29, 31], [8, 29], [11, 2], [7, 9], [25, 31], [23, 29], [23, 15], [29, 13], [3, 23], [26, 14], [18, 19], [28, 17], [11, 0], [10, 11], [27, 9], [13, 3], [24, 23], [17, 11]]",2,1.1863855123519897,128,random,0.5,5152,4.0,124,1.3048036098480225,11,137 0 97 44,5149,0.35093167424201965,test,top_r_mean,0.0,0.5,0.25,0.125
0.024859195960380658,0.0,161,0.0,31,109.32020004838705,qasper,0.8,0.0,0.0,0.0,2002.03407:b5608076d91450b0d295ad14c3e3a90d7e168d0e,mean,0.2816770186335404,0.12492003291845322,"[[16, 10], [21, 4], [19, 26], [8, 14], [26, 6], [24, 23], [7, 28], [23, 19], [17, 27], [28, 31], [22, 26], [20, 1], [23, 19], [29, 9], [27, 22], [28, 4], [2, 21], [16, 20], [2, 4], [20, 2], [4, 30], [29, 24], [22, 4], [5, 15], [16, 28], [1, 4], [3, 5], [9, 15], [17, 9], [28, 21], [3, 22], [22, 30], [26, 30], [10, 20], [13, 2], [10, 18], [1, 11], [23, 3], [4, 27], [2, 31], [9, 1], [1, 14], [13, 4], [30, 25], [3, 7], [8, 12], [17, 26], [6, 30], [3, 24], [6, 14], [19, 24], [7, 24], [19, 5], [16, 24], [6, 25], [28, 0], [18, 22], [8, 9], [11, 5], [3, 21], [29, 31], [17, 14], [23, 11], [26, 31], [4, 5], [5, 21], [9, 11], [29, 4], [2, 0], [23, 17], [3, 11], [21, 29], [7, 8], [10, 11], [22, 5], [21, 10], [4, 0], [6, 29], [20, 7], [9, 17], [6, 9], [31, 4], [18, 3], [26, 11], [3, 6], [12, 16], [21, 8], [5, 3], [5, 28], [25, 13], [10, 8], [1, 3], [14, 26], [29, 12], [3, 17], [15, 24], [1, 29], [31, 18], [22, 24], [17, 28], [26, 3], [11, 23], [24, 14], [25, 8], [14, 6], [16, 10], [3, 12], [6, 1], [25, 19], [8, 14], [14, 5], [20, 7], [7, 24], [28, 1], [31, 0], [7, 16], [24, 16], [25, 7], [31, 21], [10, 24], [16, 21], [10, 21], [10, 3], [9, 5], [26, 10], [29, 25], [15, 31], [28, 7], [18, 25], [21, 22], [10, 11], [31, 11], [29, 0], [20, 10], [12, 11], [27, 30], [30, 25], [10, 23], [21, 15], [7, 12], [9, 14], [19, 18], [17, 10], [8, 23], [4, 10], [11, 15], [6, 5], [0, 21], [0, 15], [0, 8], [12, 5], [3, 10], [20, 25], [17, 23], [13, 1], [24, 30], [28, 20], [21, 11], [13, 18], [4, 15], [12, 4]]",2,1.1589622497558594,128,random,0.0,5152,4.0,124,1.2454270124435425,23,104 55 57 16,5149,0.4095151424407959,test,top_r_mean,0.0,0.5,0.25,0.25
0.024859195960380658,0.0,161,0.0,31,108.5143000818789,qasper,0.8,0.0,0.0,0.0,2002.03407:b5608076d91450b0d295ad14c3e3a90d7e168d0e,mean,0.3389751552795031,0.18794727325439453,"[[16, 6], [11, 26], [22, 7], [4, 27], [12, 27], [15, 25], [18, 27], [17, 7], [4, 27], [12, 23], [14, 22], [21, 9], [21, 6], [16, 26], [7, 19], [31, 2], [26, 19], [24, 26], [11, 19], [8, 9], [17, 7], [24, 13], [4, 13], [20, 13], [29, 0], [25, 21], [5, 12], [18, 25], [10, 0], [3, 16], [18, 26], [11, 19], [14, 1], [28, 17], [3, 15], [30, 31], [15, 31], [11, 19], [12, 5], [5, 13], [0, 3], [30, 27], [20, 3], [16, 9], [18, 27], [27, 8], [23, 7], [1, 6], [16, 25], [16, 19], [1, 15], [8, 3], [28, 9], [1, 19], [19, 26], [1, 2], [25, 30], [9, 2], [30, 4], [5, 23], [8, 26], [26, 5], [21, 7], [30, 24], [0, 26], [17, 7], [30, 16], [13, 17], [6, 11], [6, 8], [13, 14], [1, 0], [3, 30], [1, 31], [12, 23], [26, 9], [18, 0], [8, 0], [7, 18], [29, 20], [19, 25], [11, 18], [20, 26], [20, 22], [1, 9], [14, 3], [22, 24], [18, 12], [23, 30], [30, 20], [17, 30], [16, 29], [26, 27], [25, 20], [7, 20], [18, 8], [1, 2], [25, 15], [15, 29], [18, 4], [17, 7], [10, 16], [3, 14], [1, 11], [17, 15], [28, 27], [25, 22], [27, 20], [2, 8], [20, 15], [12, 9], [5, 23], [27, 12], [6, 22], [21, 25], [31, 18], [12, 6], [16, 23], [21, 3], [11, 5], [6, 11], [4, 30], [3, 31], [15, 11], [8, 18], [24, 9], [3, 14], [21, 13], [1, 30], [16, 3], [11, 17], [21, 18], [3, 10], [4, 27], [14, 9], [21, 31], [7, 27], [22, 17], [2, 18], [31, 16], [26, 30], [11, 7], [4, 20], [13, 26], [16, 7], [25, 12], [27, 11], [14, 31], [3, 20], [25, 29], [20, 11], [22, 26], [27, 0], [22, 28], [1, 20], [28, 0], [28, 22], [17, 20], [13, 8], [24, 4], [13, 26]]",2,1.1321722269058228,128,random,0.0,5152,4.0,124,1.2244200706481934,37,40 152 64 24,5149,0.4834253489971161,test,top_r_mean,0.0,0.0,0.0,0.25
0.024859195960380658,0.0,161,0.0,31,97.45529992505908,qasper,0.8,0.0,0.0,0.0,2002.03407:b5608076d91450b0d295ad14c3e3a90d7e168d0e,mean,0.24006211180124223,0.18483629822731018,"[[30, 18], [5, 22], [9, 25], [1, 14], [22, 8], [28, 14], [15, 14], [1, 11], [14, 3], [16, 8], [21, 0], [7, 17], [28, 9], [5, 25], [23, 31], [9, 26], [10, 9], [5, 8], [20, 16], [9, 17], [13, 11], [9, 5], [0, 13], [21, 3], [20, 27], [15, 31], [10, 3], [17, 28], [2, 7], [14, 30], [9, 22], [15, 14], [23, 22], [5, 21], [24, 22], [1, 2], [2, 20], [16, 29], [17, 3], [14, 19], [1, 5], [26, 21], [16, 6], [0, 25], [3, 28], [30, 28], [27, 21], [11, 6], [16, 10], [14, 7], [15, 14], [21, 12], [16, 14], [3, 0], [10, 19], [4, 0], [8, 26], [29, 6], [21, 13], [11, 16], [10, 9], [17, 14], [18, 29], [4, 1], [1, 21], [23, 10], [13, 7], [6, 11], [29, 4], [27, 7], [28, 16], [12, 25], [11, 26], [31, 27], [29, 28], [13, 5], [5, 7], [18, 26], [27, 11], [23, 1], [28, 31], [10, 29], [22, 3], [18, 22], [19, 17], [31, 7], [0, 20], [23, 13], [8, 0], [14, 22], [5, 30], [10, 18], [3, 8], [25, 0], [29, 1], [25, 24], [24, 29], [3, 4], [31, 11], [4, 10], [8, 14], [25, 29], [13, 9], [17, 10], [13, 24], [28, 19], [16, 10], [1, 26], [11, 0], [3, 12], [23, 5], [2, 1], [16, 17], [30, 1], [2, 8], [31, 5], [14, 3], [19, 18], [19, 20], [23, 26], [1, 31], [1, 13], [0, 23], [1, 19], [9, 5], [17, 18], [18, 13], [23, 8], [26, 30], [11, 21], [31, 15], [30, 7], [14, 27], [1, 17], [18, 8], [2, 8], [20, 14], [20, 12], [4, 10], [1, 17], [20, 22], [29, 15], [15, 27], [18, 9], [30, 28], [24, 2], [24, 13], [9, 31], [30, 0], [16, 5], [10, 25], [5, 13], [17, 23], [17, 29], [24, 9], [7, 2], [15, 2], [22, 25], [28, 24], [21, 29], [8, 10]]",2,1.200796365737915,128,random,0.0,5152,4.0,124,1.3205735683441162,53,88 48 25 17,5149,0.34495338797569275,test,top_r_mean,0.0,0.0,0.0,0.0
0.024859195960380658,0.0,161,0.0,31,99.90540007129312,qasper,0.8,0.0,0.0,0.0,2002.03407:b5608076d91450b0d295ad14c3e3a90d7e168d0e,mean,0.23881987577639752,0.14948011934757233,"[[3, 16], [24, 13], [13, 16], [14, 29], [20, 29], [30, 11], [23, 4], [30, 27], [15, 14], [17, 27], [19, 24], [28, 16], [6, 1], [4, 27], [14, 17], [3, 31], [29, 1], [16, 15], [10, 12], [2, 23], [1, 9], [19, 12], [25, 22], [25, 6], [1, 13], [24, 23], [2, 19], [23, 2], [22, 16], [29, 24], [18, 8], [8, 17], [5, 21], [18, 28], [25, 15], [21, 7], [6, 12], [19, 14], [6, 17], [3, 14], [6, 20], [16, 12], [23, 29], [23, 25], [0, 27], [5, 1], [14, 19], [2, 1], [6, 21], [29, 26], [24, 1], [15, 23], [16, 27], [5, 0], [10, 28], [11, 9], [3, 11], [24, 15], [4, 23], [28, 12], [3, 19], [28, 0], [11, 0], [22, 3], [24, 23], [12, 1], [13, 4], [16, 22], [4, 21], [3, 1], [6, 20], [23, 20], [9, 11], [31, 2], [2, 29], [3, 0], [25, 16], [20, 1], [26, 6], [9, 19], [25, 31], [7, 23], [18, 26], [10, 8], [28, 18], [13, 11], [25, 22], [25, 22], [1, 20], [10, 19], [5, 3], [19, 2], [11, 31], [30, 25], [16, 26], [12, 0], [24, 19], [6, 25], [2, 19], [12, 3], [14, 6], [11, 1], [4, 14], [0, 2], [25, 16], [13, 4], [4, 27], [0, 27], [22, 2], [11, 9], [23, 14], [14, 7], [31, 2], [9, 17], [11, 29], [4, 19], [24, 7], [29, 25], [16, 24], [27, 20], [4, 2], [29, 27], [2, 6], [16, 0], [21, 4], [2, 14], [8, 13], [7, 8], [12, 3], [16, 27], [8, 18], [4, 11], [19, 12], [2, 3], [22, 25], [29, 4], [20, 16], [24, 31], [19, 4], [31, 27], [31, 19], [3, 28], [20, 22], [30, 29], [25, 2], [28, 13], [29, 16], [14, 29], [23, 15], [4, 3], [9, 0], [23, 6], [22, 2], [9, 28], [17, 18], [12, 20], [26, 21], [8, 22], [18, 1], [15, 6], [5, 14]]",2,1.1653680801391602,128,random,0.0,5152,4.0,124,1.2691800594329834,71,44 43 110 56,5149,0.35266274213790894,test,top_r_mean,0.0,0.0,0.0,0.25
0.024859195960380658,0.0,161,0.0,31,110.88769999332726,qasper,0.8,0.0,0.0,0.0,2002.03407:b5608076d91450b0d295ad14c3e3a90d7e168d0e,mean,0.22593167701863354,0.17586424946784973,"[[24, 25, 26, 27], [24, 25, 26, 27], [24, 25, 26, 27], [24, 25, 26, 27], [24, 25, 26, 27], [24, 25, 26, 27], [24, 25, 26, 27], [24, 25, 26, 27], [24, 25, 26, 27], [24, 25, 26, 27], [24, 25, 26, 27], [24, 25, 26, 27], [24, 25, 26, 27], [24, 25, 26, 27], [24, 25, 26, 27], [24, 25, 26, 27], [24, 25, 26, 27], [24, 25, 26, 27], [24, 25, 26, 27], [24, 25, 26, 27], [24, 25, 26, 27], [24, 25, 26, 27], [24, 25, 26, 27], [24, 25, 26, 27], [24, 25, 26, 27], [24, 25, 26, 27], [24, 25, 26, 27], [24, 25, 26, 27], [24, 25, 26, 27], [24, 25, 26, 27], [24, 25, 26, 27], [24, 25, 26, 27], [24, 25, 26, 27], [24, 25, 26, 27], [24, 25, 26, 27], [24, 25, 26, 27], [24, 25, 26, 27], [24, 25, 26, 27], [24, 25, 26, 27], [24, 25, 26, 27], [24, 25, 26, 27], [24, 25, 26, 27], [24, 25, 26, 27], [24, 25, 26, 27], [24, 25, 26, 27], [24, 25, 26, 27], [24, 25, 26, 27], [24, 25, 26, 27], [24, 25, 26, 27], [24, 25, 26, 27], [24, 25, 26, 27], [24, 25, 26, 27], [24, 25, 26, 27], [24, 25, 26, 27], [24, 25, 26, 27], [24, 25, 26, 27], [24, 25, 26, 27], [24, 25, 26, 27], [24, 25, 26, 27], [24, 25, 26, 27], [24, 25, 26, 27], [24, 25, 26, 27], [24, 25, 26, 27], [24, 25, 26, 27], [24, 25, 26, 27], [24, 25, 26, 27], [24, 25, 26, 27], [24, 25, 26, 27], [24, 25, 26, 27], [24, 25, 26, 27], [24, 25, 26, 27], [24, 25, 26, 27], [24, 25, 26, 27], [24, 25, 26, 27], [24, 25, 26, 27], [24, 25, 26, 27], [24, 25, 26, 27], [24, 25, 26, 27], [24, 25, 26, 27], [24, 25, 26, 27], [24, 25, 26, 27], [24, 25, 26, 27], [24, 25, 26, 27], [24, 25, 26, 27], [24, 25, 26, 27], [24, 25, 26, 27], [24, 25, 26, 27], [24, 25, 26, 27], [24, 25, 26, 27], [24, 25, 26, 27], [24, 25, 26, 27], [24, 25, 26, 27], [24, 25, 26, 27], [24, 25, 26, 27], [24, 25, 26, 27], [24, 25, 26, 27], [24, 25, 26, 27], [24, 25, 26, 27], [24, 25, 26, 27], [24, 25, 26, 27], [24, 25, 26, 27], [24, 25, 26, 27], [24, 25, 26, 27], [24, 25, 26, 27], [24, 25, 26, 27], [24, 25, 26, 27], [24, 25, 26, 27], [24, 25, 26, 27], [24, 25, 26, 27], [24, 25, 26, 27], [24, 25, 26, 27], [24, 25, 26, 27], [24, 25, 26, 27], [24, 25, 26, 27], [24, 25, 26, 27], [24, 25, 26, 27], [24, 25, 26, 27], [24, 25, 26, 27], [24, 25, 26, 27], [24, 25, 26, 27], [24, 25, 26, 27], [24, 25, 26, 27], [24, 25, 26, 27], [24, 25, 26, 27], [24, 25, 26, 27], [24, 25, 26, 27], [24, 25, 26, 27], [24, 25, 26, 27], [24, 25, 26, 27], [24, 25, 26, 27], [24, 25, 26, 27], [24, 25, 26, 27], [24, 25, 26, 27], [24, 25, 26, 27], [24, 25, 26, 27], [24, 25, 26, 27], [24, 25, 26, 27], [24, 25, 26, 27], [24, 25, 26, 27], [24, 25, 26, 27], [24, 25, 26, 27], [24, 25, 26, 27], [24, 25, 26, 27], [24, 25, 26, 27], [24, 25, 26, 27], [24, 25, 26, 27], [24, 25, 26, 27], [24, 25, 26, 27], [24, 25, 26, 27], [24, 25, 26, 27], [24, 25, 26, 27], [24, 25, 26, 27], [24, 25, 26, 27], [24, 25, 26, 27], [24, 25, 26, 27], [24, 25, 26, 27], [24, 25, 26, 27], [24, 25, 26, 27], [24, 25, 26, 27], [24, 25, 26, 27], [21, 22, 23, 24]]",4,1.2138102054595947,128,last,0.0,10304,4.0,124,1.3255424499511719,0,121 44 77 67,5149,0.32820624113082886,test,top_r_mean,0.0,0.0,0.0,0.0
0.024859195960380658,0.0,161,0.0,31,112.74009989574552,qasper,0.8,0.0,0.0,0.0,2002.03407:b5608076d91450b0d295ad14c3e3a90d7e168d0e,mean,0.42049689440993787,0.056704081594944,"[[16, 0, 21, 20], [9, 31, 7, 30], [25, 4, 8, 17], [20, 29, 24, 2], [24, 6, 15, 18], [11, 25, 27, 16], [13, 2, 31, 23], [4, 11, 12, 20], [13, 0, 9, 8], [12, 0, 31, 30], [6, 15, 26, 27], [21, 9, 8, 14], [25, 6, 11, 8], [15, 19, 20, 3], [23, 9, 8, 25], [6, 31, 27, 24], [26, 0, 11, 12], [30, 9, 13, 8], [28, 11, 23, 20], [27, 18, 31, 26], [4, 17, 29, 0], [15, 19, 6, 0], [28, 30, 14, 0], [7, 21, 5, 0], [5, 0, 1, 23], [5, 24, 13, 0], [23, 3, 5, 15], [8, 6, 16, 11], [18, 29, 23, 12], [7, 22, 13, 16], [23, 13, 12, 3], [19, 10, 27, 1], [19, 0, 15, 4], [4, 15, 0, 9], [30, 24, 17, 29], [11, 7, 3, 9], [10, 30, 15, 29], [22, 16, 1, 15], [8, 15, 30, 27], [16, 18, 9, 4], [28, 0, 8, 15], [9, 21, 27, 0], [20, 7, 12, 4], [13, 7, 6, 11], [15, 21, 13, 29], [15, 27, 26, 4], [18, 29, 31, 28], [4, 13, 16, 30], [29, 0, 13, 3], [3, 25, 26, 16], [23, 19, 8, 30], [2, 16, 29, 22], [21, 15, 4, 2], [18, 3, 12, 10], [4, 27, 0, 19], [1, 26, 5, 18], [12, 0, 28, 24], [22, 0, 1, 9], [30, 21, 27, 8], [5, 27, 15, 17], [3, 28, 6, 10], [29, 3, 14, 4], [20, 18, 6, 16], [13, 22, 5, 26], [29, 0, 1, 13], [17, 15, 30, 27], [12, 1, 28, 6], [10, 23, 16, 3], [1, 7, 23, 27], [19, 25, 15, 26], [21, 12, 5, 3], [31, 6, 12, 27], [19, 0, 30, 6], [17, 10, 15, 4], [16, 30, 12, 24], [9, 29, 31, 16], [5, 9, 2, 28], [10, 23, 9, 25], [11, 29, 13, 3], [29, 5, 15, 1], [27, 0, 30, 16], [22, 28, 13, 12], [26, 6, 13, 22], [26, 1, 25, 6], [6, 21, 2, 12], [21, 20, 30, 16], [18, 6, 8, 20], [23, 16, 6, 31], [5, 0, 7, 19], [29, 15, 1, 9], [6, 13, 12, 28], [26, 21, 8, 20], [13, 30, 27, 6], [19, 15, 27, 12], [29, 22, 24, 7], [31, 6, 13, 30], [14, 0, 25, 20], [27, 9, 3, 18], [10, 16, 24, 6], [6, 20, 0, 15], [13, 8, 0, 22], [15, 23, 27, 31], [24, 0, 3, 18], [14, 22, 19, 6], [2, 0, 29, 11], [30, 22, 21, 27], [8, 21, 27, 18], [9, 25, 20, 6], [21, 9, 0, 3], [13, 24, 1, 22], [27, 4, 16, 0], [0, 17, 27, 11], [12, 0, 1, 8], [18, 13, 6, 24], [11, 7, 2, 17], [0, 23, 28, 11], [29, 13, 10, 3], [22, 31, 9, 10], [14, 22, 17, 21], [6, 17, 27, 8], [9, 0, 26, 1], [3, 16, 23, 8], [16, 24, 21, 5], [23, 13, 31, 3], [12, 2, 16, 29], [7, 13, 31, 24], [6, 16, 17, 14], [7, 25, 15, 30], [30, 0, 20, 4], [21, 0, 7, 6], [9, 15, 21, 17], [16, 1, 5, 2], [9, 24, 22, 29], [16, 29, 23, 24], [1, 7, 25, 8], [25, 9, 22, 4], [3, 0, 17, 28], [19, 10, 2, 4], [18, 7, 0, 1], [29, 20, 26, 6], [26, 23, 6, 22], [18, 12, 1, 8], [13, 27, 26, 0], [30, 4, 29, 10], [14, 0, 11, 23], [12, 30, 1, 29], [6, 20, 15, 3], [0, 31, 13, 3], [11, 1, 28, 2], [18, 25, 5, 20], [3, 10, 15, 2], [16, 5, 23, 27], [11, 0, 17, 16], [11, 23, 1, 31], [12, 0, 23, 31], [16, 24, 8, 29], [30, 22, 8, 26], [14, 3, 2, 20], [11, 31, 24, 20], [7, 9, 18, 19], [21, 0, 23, 4]]",4,1.4361484050750732,128,farthest,0.0,10304,4.0,124,1.4793314933776855,0,112 64 104 56,5149,0.5828847885131836,test,top_r_mean,0.0,0.0,0.25,0.375
0.024859195960380658,1.0,161,1.0,31,104.3134001083672,qasper,0.8,0.25,0.2,0.0,2002.03407:b5608076d91450b0d295ad14c3e3a90d7e168d0e,mean,0.8038819875776397,0.002720016986131668,"[[12, 0, 7, 25], [19, 17, 0, 2], [9, 10, 28, 13], [23, 16, 17, 12], [15, 16, 24, 9], [6, 8, 12, 11], [7, 30, 12, 8], [28, 2, 27, 1], [26, 0, 12, 28], [10, 12, 8, 1], [27, 30, 29, 28], [7, 1, 0, 18], [21, 2, 3, 14], [17, 13, 22, 15], [23, 4, 13, 17], [29, 26, 11, 0], [2, 0, 7, 5], [8, 15, 22, 23], [26, 28, 29, 7], [16, 21, 29, 8], [19, 22, 16, 4], [10, 15, 13, 11], [17, 9, 18, 20], [27, 4, 6, 7], [19, 0, 12, 18], [5, 15, 0, 3], [7, 8, 6, 9], [25, 22, 28, 10], [15, 16, 8, 24], [6, 18, 29, 13], [6, 17, 31, 10], [15, 25, 16, 19], [2, 0, 6, 9], [26, 8, 4, 20], [13, 27, 16, 9], [5, 12, 2, 26], [27, 28, 26, 21], [1, 17, 7, 30], [15, 5, 25, 20], [30, 29, 4, 28], [7, 0, 3, 2], [27, 30, 28, 29], [17, 2, 24, 3], [21, 5, 29, 23], [9, 14, 27, 15], [15, 9, 0, 1], [4, 6, 21, 15], [2, 27, 28, 26], [16, 0, 1, 10], [0, 7, 29, 28], [3, 2, 12, 21], [25, 24, 23, 29], [4, 5, 7, 20], [17, 30, 18, 26], [17, 9, 3, 28], [17, 28, 19, 24], [8, 0, 21, 1], [13, 8, 14, 12], [10, 11, 2, 30], [22, 17, 19, 8], [7, 15, 8, 13], [3, 8, 9, 21], [23, 20, 4, 5], [6, 30, 1, 16], [2, 0, 16, 12], [6, 2, 12, 9], [9, 24, 7, 12], [26, 27, 25, 23], [16, 6, 28, 22], [3, 18, 30, 27], [1, 14, 23, 2], [13, 14, 10, 12], [14, 0, 3, 26], [16, 31, 14, 6], [13, 0, 15, 14], [2, 0, 18, 1], [26, 27, 29, 22], [24, 10, 31, 27], [10, 9, 5, 2], [7, 17, 20, 12], [25, 0, 15, 21], [11, 22, 21, 16], [4, 14, 31, 16], [22, 26, 23, 9], [0, 6, 28, 15], [27, 10, 17, 28], [25, 13, 3, 14], [18, 19, 21, 22], [12, 0, 15, 2], [8, 17, 29, 24], [10, 9, 15, 30], [10, 11, 4, 2], [8, 9, 10, 29], [3, 2, 4, 11], [14, 16, 20, 2], [4, 3, 25, 24], [8, 0, 2, 9], [7, 17, 8, 20], [16, 29, 21, 30], [17, 11, 6, 14], [26, 25, 13, 11], [8, 21, 29, 22], [29, 6, 4, 5], [18, 31, 1, 2], [14, 0, 2, 4], [11, 16, 0, 12], [5, 0, 1, 15], [11, 12, 23, 2], [5, 7, 12, 21], [3, 4, 5, 7], [14, 19, 13, 24], [8, 19, 14, 20], [11, 0, 12, 13], [1, 10, 11, 0], [28, 1, 29, 19], [26, 17, 18, 25], [21, 22, 29, 6], [15, 14, 20, 9], [19, 12, 20, 5], [22, 21, 20, 30], [12, 0, 3, 13], [23, 26, 2, 27], [6, 7, 1, 19], [18, 1, 2, 4], [1, 4, 18, 21], [11, 27, 16, 29], [18, 4, 24, 19], [2, 11, 15, 5], [12, 0, 14, 1], [2, 1, 3, 8], [18, 28, 17, 27], [3, 10, 4, 8], [28, 22, 26, 27], [24, 7, 0, 6], [19, 11, 18, 5], [26, 14, 19, 20], [19, 0, 4, 10], [27, 12, 28, 29], [6, 27, 31, 9], [26, 27, 30, 29], [22, 24, 0, 1], [18, 16, 4, 10], [26, 30, 31, 29], [0, 27, 26, 30], [5, 0, 14, 26], [26, 4, 11, 12], [14, 17, 3, 25], [12, 11, 0, 30], [31, 28, 9, 11], [2, 0, 16, 8], [26, 0, 20, 4], [21, 22, 26, 25], [8, 0, 9, 10], [13, 17, 2, 30], [17, 14, 7, 26], [9, 30, 28, 14], [25, 29, 28, 30], [10, 13, 11, 4], [20, 21, 22, 26], [2, 16, 29, 3], [2, 0, 3, 5]]",4,0.4029989242553711,128,greedy_oracle,0.25,10304,4.0,124,0.40976861119270325,0,128 104 80 0,5149,0.9445852637290955,test,top_r_mean,0.0,0.5,1.0,0.75
0.024859195960380658,1.0,161,1.0,31,101.66569985449314,qasper,0.8,0.25,0.2,0.0,2002.03407:b5608076d91450b0d295ad14c3e3a90d7e168d0e,mean,0.3190993788819876,0.11992868781089783,"[[14, 2, 25, 9], [29, 16, 8, 11], [11, 22, 25, 17], [14, 8, 23, 20], [25, 26, 30, 18], [24, 29, 11, 1], [9, 10, 17, 23], [8, 11, 22, 25], [13, 25, 4, 7], [12, 7, 8, 2], [8, 17, 6, 27], [10, 1, 12, 0], [21, 28, 26, 22], [30, 1, 20, 22], [14, 8, 27, 21], [15, 5, 27, 14], [24, 29, 5, 18], [11, 1, 24, 7], [25, 23, 28, 3], [15, 1, 6, 26], [9, 17, 12, 26], [0, 20, 27, 23], [21, 6, 20, 2], [31, 22, 7, 5], [16, 2, 29, 17], [15, 29, 5, 17], [17, 11, 20, 27], [15, 5, 8, 27], [23, 18, 4, 19], [24, 28, 10, 6], [18, 3, 24, 21], [15, 30, 18, 23], [28, 25, 1, 27], [0, 3, 7, 30], [17, 7, 15, 12], [24, 16, 5, 23], [11, 29, 27, 13], [23, 13, 21, 22], [10, 9, 24, 19], [4, 11, 28, 10], [10, 12, 4, 22], [3, 25, 16, 2], [30, 0, 31, 7], [2, 7, 22, 25], [9, 7, 30, 1], [2, 13, 11, 17], [9, 15, 26, 30], [22, 31, 12, 20], [13, 26, 9, 17], [7, 22, 26, 12], [6, 16, 5, 31], [10, 27, 23, 31], [1, 11, 27, 5], [19, 28, 30, 27], [27, 19, 23, 12], [28, 9, 2, 20], [18, 29, 6, 27], [8, 19, 14, 23], [31, 3, 23, 1], [17, 25, 15, 27], [8, 2, 26, 19], [25, 0, 22, 2], [30, 15, 31, 22], [12, 13, 6, 0], [5, 14, 15, 0], [31, 16, 7, 1], [8, 25, 3, 17], [3, 6, 26, 30], [30, 7, 15, 25], [5, 30, 14, 6], [18, 0, 8, 4], [16, 19, 2, 30], [6, 10, 23, 24], [26, 2, 11, 17], [27, 20, 11, 31], [14, 18, 16, 27], [15, 21, 31, 19], [27, 3, 9, 21], [15, 3, 29, 25], [18, 24, 4, 31], [19, 2, 17, 8], [20, 17, 10, 9], [8, 6, 4, 31], [21, 12, 19, 18], [27, 15, 7, 26], [23, 7, 11, 12], [13, 5, 25, 31], [29, 14, 21, 8], [22, 30, 0, 27], [31, 13, 22, 26], [7, 19, 3, 5], [19, 5, 23, 26], [27, 30, 8, 15], [30, 23, 21, 20], [30, 31, 27, 17], [7, 19, 11, 27], [24, 4, 0, 22], [20, 19, 21, 28], [29, 27, 22, 4], [1, 20, 9, 7], [12, 24, 0, 5], [25, 14, 18, 0], [0, 18, 19, 14], [8, 0, 2, 3], [19, 18, 11, 15], [5, 18, 23, 2], [21, 25, 30, 26], [28, 11, 16, 24], [29, 19, 3, 15], [6, 27, 14, 25], [13, 28, 22, 25], [0, 20, 3, 8], [23, 10, 16, 12], [30, 6, 1, 10], [26, 5, 2, 19], [30, 27, 2, 10], [11, 23, 0, 31], [27, 25, 7, 0], [7, 14, 31, 1], [16, 11, 25, 31], [5, 28, 26, 12], [16, 10, 15, 7], [29, 26, 7, 19], [9, 21, 16, 28], [4, 30, 26, 31], [18, 5, 17, 27], [21, 5, 9, 12], [9, 14, 16, 3], [19, 7, 28, 30], [4, 21, 3, 23], [25, 26, 15, 28], [27, 11, 26, 9], [26, 25, 31, 2], [25, 2, 0, 14], [7, 2, 5, 15], [25, 9, 12, 18], [28, 17, 30, 23], [27, 29, 14, 1], [0, 15, 3, 24], [7, 30, 19, 20], [18, 2, 0, 25], [6, 5, 12, 26], [27, 0, 17, 26], [29, 31, 12, 15], [8, 29, 14, 2], [11, 2, 12, 28], [7, 9, 6, 20], [25, 31, 16, 15], [23, 29, 26, 16], [23, 15, 25, 10], [29, 13, 2, 7], [3, 23, 31, 12], [26, 14, 5, 21], [18, 19, 1, 13], [28, 17, 29, 11], [11, 0, 1, 8], [10, 11, 28, 18], [27, 9, 10, 31], [13, 3, 10, 30], [24, 23, 20, 2], [17, 11, 20, 26]]",4,1.1488486528396606,128,random,0.3333333333333333,10304,4.0,124,1.221503734588623,11,64 88 0 96,5149,0.4400160610675812,test,top_r_mean,0.0,0.0,0.25,0.25
0.024276558555059235,1.0,161,1.0,31,121.64769996888936,qasper,0.78125,0.25,0.2,0.0,2002.03407:b5608076d91450b0d295ad14c3e3a90d7e168d0e,mean,0.3712732919254658,0.10086549818515778,"[[16, 10, 22, 0], [21, 4, 30, 13], [19, 26, 9, 6], [8, 14, 1, 3], [26, 6, 2, 18], [24, 23, 28, 20], [7, 28, 26, 21], [23, 19, 8, 20], [17, 27, 7, 8], [28, 31, 21, 14], [22, 26, 12, 23], [20, 1, 8, 30], [23, 19, 0, 12], [29, 9, 13, 15], [27, 22, 6, 28], [28, 4, 20, 10], [2, 21, 28, 27], [16, 20, 31, 7], [2, 4, 16, 14], [20, 2, 10, 14], [4, 30, 1, 23], [29, 24, 25, 9], [22, 4, 29, 15], [5, 15, 2, 19], [16, 28, 31, 1], [1, 4, 22, 25], [3, 5, 7, 27], [9, 15, 18, 3], [17, 9, 18, 7], [28, 21, 1, 15], [3, 22, 29, 26], [22, 30, 24, 13], [26, 30, 23, 4], [10, 20, 24, 16], [13, 2, 29, 5], [10, 18, 16, 14], [1, 11, 21, 19], [23, 3, 18, 11], [4, 27, 18, 25], [2, 31, 18, 29], [9, 1, 21, 20], [1, 14, 21, 9], [13, 4, 30, 29], [30, 25, 10, 12], [3, 7, 15, 12], [8, 12, 29, 10], [17, 26, 27, 14], [6, 30, 8, 19], [3, 24, 27, 15], [6, 14, 17, 28], [19, 24, 30, 2], [7, 24, 28, 16], [19, 5, 24, 14], [16, 24, 19, 27], [6, 25, 13, 24], [28, 0, 6, 1], [18, 22, 9, 12], [8, 9, 31, 20], [11, 5, 29, 12], [3, 21, 27, 8], [29, 31, 17, 7], [17, 14, 9, 5], [23, 11, 6, 17], [26, 31, 6, 15], [4, 5, 20, 8], [5, 21, 22, 17], [9, 11, 14, 13], [29, 4, 27, 12], [2, 0, 14, 17], [23, 17, 18, 3], [3, 11, 15, 25], [21, 29, 5, 15], [7, 8, 6, 0], [10, 11, 16, 8], [22, 5, 30, 18], [21, 10, 28, 8], [4, 0, 1, 31], [6, 29, 3, 18], [20, 7, 1, 21], [9, 17, 20, 1], [6, 9, 2, 20], [31, 4, 17, 23], [18, 3, 19, 21], [26, 11, 8, 25], [3, 6, 4, 20], [12, 16, 27, 28], [21, 8, 0, 6], [5, 3, 15, 1], [5, 28, 12, 9], [25, 13, 7, 2], [10, 8, 21, 30], [1, 3, 30, 26], [14, 26, 18, 13], [29, 12, 31, 6], [3, 17, 7, 6], [15, 24, 3, 14], [1, 29, 31, 30], [31, 18, 29, 7], [22, 24, 3, 27], [17, 28, 8, 10], [26, 3, 2, 1], [11, 23, 2, 12], [24, 14, 29, 4], [25, 8, 29, 5], [14, 6, 25, 17], [16, 10, 20, 4], [3, 12, 19, 5], [6, 1, 29, 30], [25, 19, 8, 13], [8, 14, 19, 23], [14, 5, 15, 22], [20, 7, 5, 9], [7, 24, 26, 2], [28, 1, 20, 17], [31, 0, 25, 12], [7, 16, 6, 15], [24, 16, 20, 25], [25, 7, 4, 26], [31, 21, 10, 26], [10, 24, 22, 8], [16, 21, 15, 1], [10, 21, 17, 29], [10, 3, 31, 14], [9, 5, 29, 2], [26, 10, 9, 2], [29, 25, 11, 24], [15, 31, 21, 1], [28, 7, 16, 18], [18, 25, 15, 23], [21, 22, 5, 20], [10, 11, 6, 31], [31, 11, 30, 28], [29, 0, 7, 14], [20, 10, 23, 25], [12, 11, 23, 5], [27, 30, 1, 17], [30, 25, 21, 15], [10, 23, 3, 29], [21, 15, 31, 13], [7, 12, 23, 18], [9, 14, 12, 30], [19, 18, 12, 2], [17, 10, 7, 18], [8, 23, 2, 9], [4, 10, 14, 26], [11, 15, 4, 24], [6, 5, 15, 19], [0, 21, 28, 10], [0, 15, 30, 13], [0, 8, 11, 21], [12, 5, 22, 29], [3, 10, 24, 28], [20, 25, 7, 13], [17, 23, 19, 7], [13, 1, 14, 8], [24, 30, 21, 11], [28, 20, 11, 0], [21, 11, 5, 3], [13, 18, 14, 8], [4, 15, 27, 22], [12, 4, 0, 10]]",4,1.1684370040893555,125,random,1.0,10304,4.0,124,1.2327656745910645,23,0 160 72 104,5149,0.5207815766334534,test,top_r_mean,1.0,0.5,0.5,0.25
0.024859195960380658,0.0,161,0.0,31,106.60779988393188,qasper,0.8,0.0,0.0,0.0,2002.03407:b5608076d91450b0d295ad14c3e3a90d7e168d0e,mean,0.3675465838509317,0.09620335698127747,"[[16, 6, 11, 4], [11, 26, 30, 12], [22, 7, 20, 11], [4, 27, 13, 3], [12, 27, 20, 23], [15, 25, 10, 28], [18, 27, 25, 1], [17, 7, 16, 3], [4, 27, 21, 20], [12, 23, 0, 7], [14, 22, 3, 16], [21, 9, 26, 19], [21, 6, 24, 30], [16, 26, 9, 1], [7, 19, 1, 31], [31, 2, 26, 27], [26, 19, 30, 8], [24, 26, 23, 14], [11, 19, 12, 8], [8, 9, 3, 17], [17, 7, 27, 4], [24, 13, 9, 27], [4, 13, 5, 14], [20, 13, 16, 9], [29, 0, 3, 16], [25, 21, 2, 5], [5, 12, 3, 19], [18, 25, 19, 22], [10, 0, 7, 6], [3, 16, 13, 30], [18, 26, 8, 30], [11, 19, 14, 25], [14, 1, 29, 4], [28, 17, 26, 9], [3, 15, 25, 27], [30, 31, 7, 22], [15, 31, 1, 8], [11, 19, 31, 6], [12, 5, 21, 8], [5, 13, 21, 18], [0, 3, 2, 19], [30, 27, 3, 12], [20, 3, 22, 1], [16, 9, 8, 7], [18, 27, 2, 1], [27, 8, 0, 11], [23, 7, 31, 28], [1, 6, 31, 4], [16, 25, 17, 6], [16, 19, 30, 10], [1, 15, 5, 31], [8, 3, 26, 18], [28, 9, 2, 3], [1, 19, 23, 26], [19, 26, 16, 9], [1, 2, 8, 19], [25, 30, 3, 4], [9, 2, 1, 13], [30, 4, 22, 27], [5, 23, 14, 1], [8, 26, 19, 15], [26, 5, 19, 9], [21, 7, 28, 6], [30, 24, 19, 28], [0, 26, 11, 3], [17, 7, 28, 19], [30, 16, 9, 14], [13, 17, 27, 8], [6, 11, 0, 25], [6, 8, 28, 2], [13, 14, 19, 12], [1, 0, 12, 11], [3, 30, 24, 18], [1, 31, 13, 10], [12, 23, 19, 22], [26, 9, 23, 2], [18, 0, 17, 10], [8, 0, 18, 13], [7, 18, 26, 6], [29, 20, 4, 18], [19, 25, 23, 2], [11, 18, 24, 19], [20, 26, 6, 13], [20, 22, 7, 5], [1, 9, 27, 8], [14, 3, 6, 20], [22, 24, 30, 2], [18, 12, 19, 15], [23, 30, 15, 3], [30, 20, 0, 10], [17, 30, 10, 23], [16, 29, 24, 5], [26, 27, 6, 30], [25, 20, 16, 1], [7, 20, 17, 11], [18, 8, 19, 16], [1, 2, 19, 4], [25, 15, 5, 10], [15, 29, 0, 5], [18, 4, 24, 29], [17, 7, 6, 15], [10, 16, 9, 22], [3, 14, 28, 13], [1, 11, 15, 7], [17, 15, 24, 0], [28, 27, 1, 23], [25, 22, 16, 31], [27, 20, 17, 24], [2, 8, 14, 30], [20, 15, 2, 17], [12, 9, 6, 14], [5, 23, 6, 26], [27, 12, 18, 3], [6, 22, 28, 2], [21, 25, 9, 19], [31, 18, 22, 9], [12, 6, 31, 28], [16, 23, 15, 13], [21, 3, 23, 10], [11, 5, 31, 28], [6, 11, 17, 13], [4, 30, 1, 22], [3, 31, 11, 24], [15, 11, 30, 22], [8, 18, 15, 16], [24, 9, 10, 4], [3, 14, 5, 11], [21, 13, 2, 23], [1, 30, 28, 22], [16, 3, 8, 7], [11, 17, 25, 0], [21, 18, 24, 9], [3, 10, 8, 18], [4, 27, 2, 13], [14, 9, 5, 30], [21, 31, 10, 3], [7, 27, 28, 18], [22, 17, 12, 24], [2, 18, 21, 26], [31, 16, 27, 22], [26, 30, 29, 8], [11, 7, 3, 31], [4, 20, 29, 12], [13, 26, 9, 30], [16, 7, 18, 22], [25, 12, 31, 22], [27, 11, 16, 9], [14, 31, 18, 24], [3, 20, 9, 0], [25, 29, 15, 31], [20, 11, 23, 21], [22, 26, 19, 1], [27, 0, 4, 16], [22, 28, 17, 2], [1, 20, 24, 17], [28, 0, 25, 19], [28, 22, 20, 15], [17, 20, 9, 26], [13, 8, 31, 21], [24, 4, 26, 14], [13, 26, 6, 28]]",4,1.1728830337524414,128,random,0.0,10304,4.0,124,1.2342615127563477,37,40 104 64 24,5149,0.5160627961158752,test,top_r_mean,0.0,0.5,0.25,0.25
0.024859195960380658,0.0,161,0.0,31,107.54769993945956,qasper,0.8,0.0,0.0,0.0,2002.03407:b5608076d91450b0d295ad14c3e3a90d7e168d0e,mean,0.2653726708074534,0.15775659680366516,"[[30, 18, 26, 20], [5, 22, 15, 29], [9, 25, 24, 11], [1, 14, 30, 17], [22, 8, 11, 19], [28, 14, 4, 13], [15, 14, 17, 19], [1, 11, 2, 4], [14, 3, 15, 29], [16, 8, 4, 27], [21, 0, 7, 13], [7, 17, 6, 27], [28, 9, 1, 16], [5, 25, 0, 29], [23, 31, 11, 6], [9, 26, 12, 8], [10, 9, 11, 23], [5, 8, 2, 6], [20, 16, 12, 30], [9, 17, 29, 11], [13, 11, 23, 18], [9, 5, 4, 22], [0, 13, 27, 16], [21, 3, 29, 18], [20, 27, 11, 10], [15, 31, 18, 30], [10, 3, 29, 17], [17, 28, 31, 23], [2, 7, 28, 22], [14, 30, 22, 2], [9, 22, 31, 24], [15, 14, 4, 0], [23, 22, 15, 26], [5, 21, 12, 31], [24, 22, 6, 21], [1, 2, 10, 23], [2, 20, 29, 25], [16, 29, 9, 23], [17, 3, 10, 26], [14, 19, 20, 18], [1, 5, 11, 22], [26, 21, 5, 29], [16, 6, 21, 13], [0, 25, 13, 31], [3, 28, 30, 26], [30, 28, 17, 29], [27, 21, 13, 25], [11, 6, 15, 1], [16, 10, 3, 30], [14, 7, 15, 10], [15, 14, 9, 6], [21, 12, 5, 13], [16, 14, 24, 3], [3, 0, 5, 27], [10, 19, 1, 8], [4, 0, 13, 16], [8, 26, 20, 12], [29, 6, 26, 9], [21, 13, 3, 2], [11, 16, 13, 9], [10, 9, 4, 2], [17, 14, 0, 29], [18, 29, 23, 14], [4, 1, 22, 13], [1, 21, 16, 23], [23, 10, 6, 3], [13, 7, 24, 4], [6, 11, 18, 21], [29, 4, 14, 6], [27, 7, 23, 26], [28, 16, 29, 10], [12, 25, 21, 0], [11, 26, 10, 14], [31, 27, 15, 11], [29, 28, 20, 30], [13, 5, 12, 0], [5, 7, 6, 1], [18, 26, 3, 16], [27, 11, 22, 19], [23, 1, 22, 4], [28, 31, 30, 9], [10, 29, 16, 15], [22, 3, 6, 26], [18, 22, 25, 19], [19, 17, 0, 23], [31, 7, 1, 15], [0, 20, 25, 1], [23, 13, 31, 5], [8, 0, 4, 15], [14, 22, 2, 4], [5, 30, 17, 20], [10, 18, 4, 7], [3, 8, 19, 2], [25, 0, 8, 27], [29, 1, 8, 27], [25, 24, 1, 23], [24, 29, 25, 1], [3, 4, 2, 27], [31, 11, 6, 22], [4, 10, 31, 8], [8, 14, 0, 11], [25, 29, 7, 2], [13, 9, 21, 8], [17, 10, 9, 30], [13, 24, 21, 17], [28, 19, 8, 0], [16, 10, 17, 23], [1, 26, 9, 3], [11, 0, 6, 3], [3, 12, 27, 9], [23, 5, 15, 20], [2, 1, 29, 12], [16, 17, 27, 20], [30, 1, 19, 22], [2, 8, 20, 16], [31, 5, 15, 25], [14, 3, 20, 31], [19, 18, 11, 31], [19, 20, 2, 25], [23, 26, 21, 2], [1, 31, 11, 25], [1, 13, 0, 8], [0, 23, 18, 6], [1, 19, 29, 21], [9, 5, 8, 14], [17, 18, 12, 5], [18, 13, 23, 27], [23, 8, 0, 14], [26, 30, 27, 23], [11, 21, 26, 18], [31, 15, 10, 0], [30, 7, 25, 4], [14, 27, 19, 16], [1, 17, 0, 16], [18, 8, 27, 13], [2, 8, 27, 28], [20, 14, 17, 4], [20, 12, 0, 30], [4, 10, 16, 18], [1, 17, 21, 23], [20, 22, 11, 0], [29, 15, 30, 8], [15, 27, 0, 31], [18, 9, 13, 24], [30, 28, 9, 23], [24, 2, 31, 25], [24, 13, 1, 2], [9, 31, 30, 18], [30, 0, 29, 6], [16, 5, 3, 20], [10, 25, 21, 23], [5, 13, 12, 22], [17, 23, 25, 12], [17, 29, 19, 16], [24, 9, 29, 16], [7, 2, 28, 16], [15, 2, 11, 8], [22, 25, 26, 23], [28, 24, 29, 0], [21, 29, 3, 1], [8, 10, 15, 28]]",4,1.2372539043426514,128,random,0.0,10304,4.0,124,1.3329886198043823,53,88 25 72 46,5149,0.3615338206291199,test,top_r_mean,0.0,0.0,0.0,0.0
0.024859195960380658,0.0,161,0.0,31,101.39409988187253,qasper,0.8,0.0,0.0,0.0,2002.03407:b5608076d91450b0d295ad14c3e3a90d7e168d0e,mean,0.3,0.13762585818767548,"[[3, 16, 10, 15], [24, 13, 0, 7], [13, 16, 17, 9], [14, 29, 25, 23], [20, 29, 2, 10], [30, 11, 14, 5], [23, 4, 24, 17], [30, 27, 31, 18], [15, 14, 18, 1], [17, 27, 24, 15], [19, 24, 8, 9], [28, 16, 6, 24], [6, 1, 15, 26], [4, 27, 6, 19], [14, 17, 7, 19], [3, 31, 0, 12], [29, 1, 8, 31], [16, 15, 25, 29], [10, 12, 31, 2], [2, 23, 6, 0], [1, 9, 30, 20], [19, 12, 24, 18], [25, 22, 24, 0], [25, 6, 30, 14], [1, 13, 15, 4], [24, 23, 5, 4], [2, 19, 3, 27], [23, 2, 16, 28], [22, 16, 4, 12], [29, 24, 19, 2], [18, 8, 1, 12], [8, 17, 7, 30], [5, 21, 24, 13], [18, 28, 22, 19], [25, 15, 6, 17], [21, 7, 11, 16], [6, 12, 13, 1], [19, 14, 30, 13], [6, 17, 3, 19], [3, 14, 28, 12], [6, 20, 15, 11], [16, 12, 31, 19], [23, 29, 25, 0], [23, 25, 31, 0], [0, 27, 30, 1], [5, 1, 23, 31], [14, 19, 15, 6], [2, 1, 18, 31], [6, 21, 26, 13], [29, 26, 2, 11], [24, 1, 23, 16], [15, 23, 3, 12], [16, 27, 11, 1], [5, 0, 19, 31], [10, 28, 20, 26], [11, 9, 12, 0], [3, 11, 25, 18], [24, 15, 14, 21], [4, 23, 5, 28], [28, 12, 13, 5], [3, 19, 1, 24], [28, 0, 7, 5], [11, 0, 13, 18], [22, 3, 13, 28], [24, 23, 28, 8], [12, 1, 30, 23], [13, 4, 11, 18], [16, 22, 26, 24], [4, 21, 28, 2], [3, 1, 2, 23], [6, 20, 8, 29], [23, 20, 5, 13], [9, 11, 19, 0], [31, 2, 10, 9], [2, 29, 24, 23], [3, 0, 10, 30], [25, 16, 21, 15], [20, 1, 17, 25], [26, 6, 22, 3], [9, 19, 8, 25], [25, 31, 7, 30], [7, 23, 4, 18], [18, 26, 16, 13], [10, 8, 13, 19], [28, 18, 2, 7], [13, 11, 23, 10], [25, 22, 15, 27], [25, 22, 3, 21], [1, 20, 24, 7], [10, 19, 11, 30], [5, 3, 1, 29], [19, 2, 3, 6], [11, 31, 17, 13], [30, 25, 16, 2], [16, 26, 1, 6], [12, 0, 1, 17], [24, 19, 15, 1], [6, 25, 23, 0], [2, 19, 6, 31], [12, 3, 19, 0], [14, 6, 21, 8], [11, 1, 23, 7], [4, 14, 21, 23], [0, 2, 7, 14], [25, 16, 26, 0], [13, 4, 17, 18], [4, 27, 15, 25], [0, 27, 14, 10], [22, 2, 23, 19], [11, 9, 13, 4], [23, 14, 16, 7], [14, 7, 8, 3], [31, 2, 3, 18], [9, 17, 22, 27], [11, 29, 7, 20], [4, 19, 30, 24], [24, 7, 13, 28], [29, 25, 20, 21], [16, 24, 4, 31], [27, 20, 22, 25], [4, 2, 1, 21], [29, 27, 13, 26], [2, 6, 15, 1], [16, 0, 22, 20], [21, 4, 13, 17], [2, 14, 29, 25], [8, 13, 10, 25], [7, 8, 4, 1], [12, 3, 11, 2], [16, 27, 17, 26], [8, 18, 5, 29], [4, 11, 30, 28], [19, 12, 11, 22], [2, 3, 17, 28], [22, 25, 26, 6], [29, 4, 13, 0], [20, 16, 31, 11], [24, 31, 16, 9], [19, 4, 25, 0], [31, 27, 4, 23], [31, 19, 18, 24], [3, 28, 9, 13], [20, 22, 23, 11], [30, 29, 23, 20], [25, 2, 22, 14], [28, 13, 7, 26], [29, 16, 18, 2], [14, 29, 21, 0], [23, 15, 27, 6], [4, 3, 1, 16], [9, 0, 2, 10], [23, 6, 22, 26], [22, 2, 21, 15], [9, 28, 22, 21], [17, 18, 16, 30], [12, 20, 2, 25], [26, 21, 31, 29], [8, 22, 2, 23], [18, 1, 19, 24], [15, 6, 18, 3], [5, 14, 10, 15]]",4,1.1729882955551147,128,random,0.0,10304,4.0,124,1.2575255632400513,71,72 104 46 121,5149,0.43069353699684143,test,top_r_mean,0.0,0.5,0.25,0.25
0.024859195960380658,0.0,161,0.0,31,114.83899992890656,qasper,0.8,0.0,0.0,0.0,2002.03407:b5608076d91450b0d295ad14c3e3a90d7e168d0e,mean,0.35341614906832297,0.1331513375043869,"[[24, 25, 26, 27, 28, 29, 30, 31], [24, 25, 26, 27, 28, 29, 30, 31], [24, 25, 26, 27, 28, 29, 30, 31], [24, 25, 26, 27, 28, 29, 30, 31], [24, 25, 26, 27, 28, 29, 30, 31], [24, 25, 26, 27, 28, 29, 30, 31], [24, 25, 26, 27, 28, 29, 30, 31], [24, 25, 26, 27, 28, 29, 30, 31], [24, 25, 26, 27, 28, 29, 30, 31], [24, 25, 26, 27, 28, 29, 30, 31], [24, 25, 26, 27, 28, 29, 30, 31], [24, 25, 26, 27, 28, 29, 30, 31], [24, 25, 26, 27, 28, 29, 30, 31], [24, 25, 26, 27, 28, 29, 30, 31], [24, 25, 26, 27, 28, 29, 30, 31], [24, 25, 26, 27, 28, 29, 30, 31], [24, 25, 26, 27, 28, 29, 30, 31], [24, 25, 26, 27, 28, 29, 30, 31], [24, 25, 26, 27, 28, 29, 30, 31], [24, 25, 26, 27, 28, 29, 30, 31], [24, 25, 26, 27, 28, 29, 30, 31], [24, 25, 26, 27, 28, 29, 30, 31], [24, 25, 26, 27, 28, 29, 30, 31], [24, 25, 26, 27, 28, 29, 30, 31], [24, 25, 26, 27, 28, 29, 30, 31], [24, 25, 26, 27, 28, 29, 30, 31], [24, 25, 26, 27, 28, 29, 30, 31], [24, 25, 26, 27, 28, 29, 30, 31], [24, 25, 26, 27, 28, 29, 30, 31], [24, 25, 26, 27, 28, 29, 30, 31], [24, 25, 26, 27, 28, 29, 30, 31], [24, 25, 26, 27, 28, 29, 30, 31], [24, 25, 26, 27, 28, 29, 30, 31], [24, 25, 26, 27, 28, 29, 30, 31], [24, 25, 26, 27, 28, 29, 30, 31], [24, 25, 26, 27, 28, 29, 30, 31], [24, 25, 26, 27, 28, 29, 30, 31], [24, 25, 26, 27, 28, 29, 30, 31], [24, 25, 26, 27, 28, 29, 30, 31], [24, 25, 26, 27, 28, 29, 30, 31], [24, 25, 26, 27, 28, 29, 30, 31], [24, 25, 26, 27, 28, 29, 30, 31], [24, 25, 26, 27, 28, 29, 30, 31], [24, 25, 26, 27, 28, 29, 30, 31], [24, 25, 26, 27, 28, 29, 30, 31], [24, 25, 26, 27, 28, 29, 30, 31], [24, 25, 26, 27, 28, 29, 30, 31], [24, 25, 26, 27, 28, 29, 30, 31], [24, 25, 26, 27, 28, 29, 30, 31], [24, 25, 26, 27, 28, 29, 30, 31], [24, 25, 26, 27, 28, 29, 30, 31], [24, 25, 26, 27, 28, 29, 30, 31], [24, 25, 26, 27, 28, 29, 30, 31], [24, 25, 26, 27, 28, 29, 30, 31], [24, 25, 26, 27, 28, 29, 30, 31], [24, 25, 26, 27, 28, 29, 30, 31], [24, 25, 26, 27, 28, 29, 30, 31], [24, 25, 26, 27, 28, 29, 30, 31], [24, 25, 26, 27, 28, 29, 30, 31], [24, 25, 26, 27, 28, 29, 30, 31], [24, 25, 26, 27, 28, 29, 30, 31], [24, 25, 26, 27, 28, 29, 30, 31], [24, 25, 26, 27, 28, 29, 30, 31], [24, 25, 26, 27, 28, 29, 30, 31], [24, 25, 26, 27, 28, 29, 30, 31], [24, 25, 26, 27, 28, 29, 30, 31], [24, 25, 26, 27, 28, 29, 30, 31], [24, 25, 26, 27, 28, 29, 30, 31], [24, 25, 26, 27, 28, 29, 30, 31], [24, 25, 26, 27, 28, 29, 30, 31], [24, 25, 26, 27, 28, 29, 30, 31], [24, 25, 26, 27, 28, 29, 30, 31], [24, 25, 26, 27, 28, 29, 30, 31], [24, 25, 26, 27, 28, 29, 30, 31], [24, 25, 26, 27, 28, 29, 30, 31], [24, 25, 26, 27, 28, 29, 30, 31], [24, 25, 26, 27, 28, 29, 30, 31], [24, 25, 26, 27, 28, 29, 30, 31], [24, 25, 26, 27, 28, 29, 30, 31], [24, 25, 26, 27, 28, 29, 30, 31], [24, 25, 26, 27, 28, 29, 30, 31], [24, 25, 26, 27, 28, 29, 30, 31], [24, 25, 26, 27, 28, 29, 30, 31], [24, 25, 26, 27, 28, 29, 30, 31], [24, 25, 26, 27, 28, 29, 30, 31], [24, 25, 26, 27, 28, 29, 30, 31], [24, 25, 26, 27, 28, 29, 30, 31], [24, 25, 26, 27, 28, 29, 30, 31], [24, 25, 26, 27, 28, 29, 30, 31], [24, 25, 26, 27, 28, 29, 30, 31], [24, 25, 26, 27, 28, 29, 30, 31], [24, 25, 26, 27, 28, 29, 30, 31], [24, 25, 26, 27, 28, 29, 30, 31], [24, 25, 26, 27, 28, 29, 30, 31], [24, 25, 26, 27, 28, 29, 30, 31], [24, 25, 26, 27, 28, 29, 30, 31], [24, 25, 26, 27, 28, 29, 30, 31], [24, 25, 26, 27, 28, 29, 30, 31], [24, 25, 26, 27, 28, 29, 30, 31], [24, 25, 26, 27, 28, 29, 30, 31], [24, 25, 26, 27, 28, 29, 30, 31], [24, 25, 26, 27, 28, 29, 30, 31], [24, 25, 26, 27, 28, 29, 30, 31], [24, 25, 26, 27, 28, 29, 30, 31], [24, 25, 26, 27, 28, 29, 30, 31], [24, 25, 26, 27, 28, 29, 30, 31], [24, 25, 26, 27, 28, 29, 30, 31], [24, 25, 26, 27, 28, 29, 30, 31], [24, 25, 26, 27, 28, 29, 30, 31], [24, 25, 26, 27, 28, 29, 30, 31], [24, 25, 26, 27, 28, 29, 30, 31], [24, 25, 26, 27, 28, 29, 30, 31], [24, 25, 26, 27, 28, 29, 30, 31], [24, 25, 26, 27, 28, 29, 30, 31], [24, 25, 26, 27, 28, 29, 30, 31], [24, 25, 26, 27, 28, 29, 30, 31], [24, 25, 26, 27, 28, 29, 30, 31], [24, 25, 26, 27, 28, 29, 30, 31], [24, 25, 26, 27, 28, 29, 30, 31], [24, 25, 26, 27, 28, 29, 30, 31], [24, 25, 26, 27, 28, 29, 30, 31], [24, 25, 26, 27, 28, 29, 30, 31], [24, 25, 26, 27, 28, 29, 30, 31], [24, 25, 26, 27, 28, 29, 30, 31], [24, 25, 26, 27, 28, 29, 30, 31], [24, 25, 26, 27, 28, 29, 30, 31], [24, 25, 26, 27, 28, 29, 30, 31], [24, 25, 26, 27, 28, 29, 30, 31], [24, 25, 26, 27, 28, 29, 30, 31], [24, 25, 26, 27, 28, 29, 30, 31], [24, 25, 26, 27, 28, 29, 30, 31], [24, 25, 26, 27, 28, 29, 30, 31], [24, 25, 26, 27, 28, 29, 30, 31], [24, 25, 26, 27, 28, 29, 30, 31], [24, 25, 26, 27, 28, 29, 30, 31], [24, 25, 26, 27, 28, 29, 30, 31], [24, 25, 26, 27, 28, 29, 30, 31], [24, 25, 26, 27, 28, 29, 30, 31], [24, 25, 26, 27, 28, 29, 30, 31], [24, 25, 26, 27, 28, 29, 30, 31], [24, 25, 26, 27, 28, 29, 30, 31], [24, 25, 26, 27, 28, 29, 30, 31], [24, 25, 26, 27, 28, 29, 30, 31], [24, 25, 26, 27, 28, 29, 30, 31], [24, 25, 26, 27, 28, 29, 30, 31], [24, 25, 26, 27, 28, 29, 30, 31], [24, 25, 26, 27, 28, 29, 30, 31], [24, 25, 26, 27, 28, 29, 30, 31], [24, 25, 26, 27, 28, 29, 30, 31], [24, 25, 26, 27, 28, 29, 30, 31], [24, 25, 26, 27, 28, 29, 30, 31], [24, 25, 26, 27, 28, 29, 30, 31], [24, 25, 26, 27, 28, 29, 30, 31], [24, 25, 26, 27, 28, 29, 30, 31], [24, 25, 26, 27, 28, 29, 30, 31], [24, 25, 26, 27, 28, 29, 30, 31], [24, 25, 26, 27, 28, 29, 30, 31], [24, 25, 26, 27, 28, 29, 30, 31], [24, 25, 26, 27, 28, 29, 30, 31], [24, 25, 26, 27, 28, 29, 30, 31], [21, 22, 23, 24, 25, 26, 27, 28]]",8,0.7096814513206482,128,last,0.0,20608,4.0,124,0.8275836110115051,0,142 8 139 77,5149,0.49306991696357727,test,top_r_mean,0.0,0.0,0.0,0.0
0.024859195960380658,0.0,161,0.0,31,126.25460000708699,qasper,0.8,0.0,0.0,0.0,2002.03407:b5608076d91450b0d295ad14c3e3a90d7e168d0e,mean,0.5840062111801242,0.017514755949378014,"[[16, 0, 21, 20, 23, 4, 8, 22], [9, 31, 7, 30, 22, 25, 8, 1], [25, 4, 8, 17, 12, 1, 10, 29], [20, 29, 24, 2, 19, 31, 23, 0], [24, 6, 15, 18, 14, 31, 20, 17], [11, 25, 27, 16, 10, 2, 0, 24], [13, 2, 31, 23, 7, 29, 5, 10], [4, 11, 12, 20, 27, 10, 31, 6], [13, 0, 9, 8, 24, 7, 1, 5], [12, 0, 31, 30, 6, 4, 11, 9], [6, 15, 26, 27, 4, 11, 22, 16], [21, 9, 8, 14, 3, 2, 4, 19], [25, 6, 11, 8, 5, 0, 19, 21], [15, 19, 20, 3, 6, 28, 11, 25], [23, 9, 8, 25, 1, 28, 5, 3], [6, 31, 27, 24, 12, 8, 18, 9], [26, 0, 11, 12, 10, 1, 4, 3], [30, 9, 13, 8, 3, 6, 10, 27], [28, 11, 23, 20, 12, 15, 1, 24], [27, 18, 31, 26, 9, 21, 5, 13], [4, 17, 29, 0, 15, 25, 10, 12], [15, 19, 6, 0, 12, 29, 7, 25], [28, 30, 14, 0, 24, 16, 25, 8], [7, 21, 5, 0, 14, 23, 26, 28], [5, 0, 1, 23, 15, 14, 30, 20], [5, 24, 13, 0, 4, 1, 11, 25], [23, 3, 5, 15, 4, 6, 11, 7], [8, 6, 16, 11, 23, 31, 26, 15], [18, 29, 23, 12, 22, 3, 8, 5], [7, 22, 13, 16, 5, 14, 25, 31], [23, 13, 12, 3, 19, 6, 25, 15], [19, 10, 27, 1, 7, 2, 26, 4], [19, 0, 15, 4, 31, 1, 2, 11], [4, 15, 0, 9, 18, 22, 27, 10], [30, 24, 17, 29, 23, 13, 20, 11], [11, 7, 3, 9, 30, 26, 13, 4], [10, 30, 15, 29, 20, 18, 7, 9], [22, 16, 1, 15, 21, 30, 28, 12], [8, 15, 30, 27, 14, 0, 3, 17], [16, 18, 9, 4, 11, 17, 31, 23], [28, 0, 8, 15, 5, 2, 26, 9], [9, 21, 27, 0, 30, 22, 11, 14], [20, 7, 12, 4, 22, 27, 8, 5], [13, 7, 6, 11, 10, 30, 19, 21], [15, 21, 13, 29, 2, 6, 4, 30], [15, 27, 26, 4, 29, 30, 14, 20], [18, 29, 31, 28, 8, 16, 24, 1], [4, 13, 16, 30, 25, 18, 9, 12], [29, 0, 13, 3, 30, 14, 7, 25], [3, 25, 26, 16, 21, 31, 28, 2], [23, 19, 8, 30, 13, 29, 18, 9], [2, 16, 29, 22, 31, 25, 11, 23], [21, 15, 4, 2, 12, 16, 31, 17], [18, 3, 12, 10, 0, 2, 5, 27], [4, 27, 0, 19, 16, 6, 8, 10], [1, 26, 5, 18, 11, 25, 7, 29], [12, 0, 28, 24, 30, 19, 9, 26], [22, 0, 1, 9, 31, 8, 21, 26], [30, 21, 27, 8, 25, 7, 22, 14], [5, 27, 15, 17, 25, 28, 14, 30], [3, 28, 6, 10, 25, 18, 23, 9], [29, 3, 14, 4, 6, 7, 21, 9], [20, 18, 6, 16, 13, 28, 5, 26], [13, 22, 5, 26, 28, 14, 29, 21], [29, 0, 1, 13, 14, 26, 20, 11], [17, 15, 30, 27, 3, 22, 2, 1], [12, 1, 28, 6, 11, 19, 27, 0], [10, 23, 16, 3, 21, 27, 12, 1], [1, 7, 23, 27, 16, 8, 10, 9], [19, 25, 15, 26, 22, 24, 14, 30], [21, 12, 5, 3, 14, 10, 16, 8], [31, 6, 12, 27, 2, 17, 10, 29], [19, 0, 30, 6, 13, 12, 10, 31], [17, 10, 15, 4, 14, 0, 20, 11], [16, 30, 12, 24, 3, 4, 13, 11], [9, 29, 31, 16, 27, 7, 14, 19], [5, 9, 2, 28, 23, 26, 20, 17], [10, 23, 9, 25, 4, 16, 30, 15], [11, 29, 13, 3, 1, 25, 12, 0], [29, 5, 15, 1, 9, 22, 8, 7], [27, 0, 30, 16, 17, 23, 29, 14], [22, 28, 13, 12, 29, 19, 17, 15], [26, 6, 13, 22, 23, 5, 15, 1], [26, 1, 25, 6, 14, 19, 5, 3], [6, 21, 2, 12, 22, 8, 29, 5], [21, 20, 30, 16, 2, 6, 22, 31], [18, 6, 8, 20, 30, 2, 22, 25], [23, 16, 6, 31, 2, 9, 0, 18], [5, 0, 7, 19, 27, 1, 8, 20], [29, 15, 1, 9, 16, 22, 12, 5], [6, 13, 12, 28, 30, 10, 3, 29], [26, 21, 8, 20, 16, 11, 0, 15], [13, 30, 27, 6, 8, 19, 3, 5], [19, 15, 27, 12, 21, 28, 2, 5], [29, 22, 24, 7, 25, 21, 1, 8], [31, 6, 13, 30, 16, 20, 17, 12], [14, 0, 25, 20, 11, 24, 8, 4], [27, 9, 3, 18, 31, 7, 6, 10], [10, 16, 24, 6, 5, 19, 17, 31], [6, 20, 0, 15, 31, 8, 24, 16], [13, 8, 0, 22, 31, 3, 9, 6], [15, 23, 27, 31, 7, 8, 5, 9], [24, 0, 3, 18, 2, 16, 21, 12], [14, 22, 19, 6, 7, 13, 18, 8], [2, 0, 29, 11, 14, 22, 27, 15], [30, 22, 21, 27, 11, 10, 12, 5], [8, 21, 27, 18, 0, 13, 3, 22], [9, 25, 20, 6, 16, 7, 24, 30], [21, 9, 0, 3, 28, 16, 2, 30], [13, 24, 1, 22, 9, 3, 27, 8], [27, 4, 16, 0, 12, 18, 6, 11], [0, 17, 27, 11, 8, 29, 25, 18], [12, 0, 1, 8, 6, 30, 21, 24], [18, 13, 6, 24, 26, 4, 10, 20], [11, 7, 2, 17, 28, 10, 21, 27], [0, 23, 28, 11, 7, 17, 16, 29], [29, 13, 10, 3, 20, 31, 18, 19], [22, 31, 9, 10, 18, 8, 21, 27], [14, 22, 17, 21, 30, 31, 27, 24], [6, 17, 27, 8, 21, 11, 1, 19], [9, 0, 26, 1, 21, 31, 24, 14], [3, 16, 23, 8, 1, 30, 17, 28], [16, 24, 21, 5, 27, 13, 23, 9], [23, 13, 31, 3, 19, 14, 9, 30], [12, 2, 16, 29, 3, 10, 30, 15], [7, 13, 31, 24, 11, 21, 5, 28], [6, 16, 17, 14, 3, 28, 13, 5], [7, 25, 15, 30, 20, 6, 1, 0], [30, 0, 20, 4, 13, 12, 7, 15], [21, 0, 7, 6, 27, 26, 12, 17], [9, 15, 21, 17, 14, 31, 24, 26], [16, 1, 5, 2, 4, 0, 18, 9], [9, 24, 22, 29, 15, 30, 19, 16], [16, 29, 23, 24, 28, 3, 30, 13], [1, 7, 25, 8, 19, 31, 26, 21], [25, 9, 22, 4, 18, 10, 19, 24], [3, 0, 17, 28, 19, 6, 1, 7], [19, 10, 2, 4, 27, 21, 5, 11], [18, 7, 0, 1, 27, 4, 23, 3], [29, 20, 26, 6, 19, 24, 22, 31], [26, 23, 6, 22, 13, 20, 5, 15], [18, 12, 1, 8, 16, 23, 0, 3], [13, 27, 26, 0, 28, 25, 21, 2], [30, 4, 29, 10, 5, 3, 17, 24], [14, 0, 11, 23, 2, 9, 4, 6], [12, 30, 1, 29, 31, 2, 9, 27], [6, 20, 15, 3, 23, 11, 27, 25], [0, 31, 13, 3, 26, 16, 14, 28], [11, 1, 28, 2, 27, 14, 31, 20], [18, 25, 5, 20, 4, 30, 14, 24], [3, 10, 15, 2, 7, 24, 14, 22], [16, 5, 23, 27, 14, 29, 21, 31], [11, 0, 17, 16, 2, 19, 9, 8], [11, 23, 1, 31, 20, 25, 22, 28], [12, 0, 23, 31, 5, 6, 30, 8], [16, 24, 8, 29, 3, 21, 12, 23], [30, 22, 8, 26, 0, 16, 3, 25], [14, 3, 2, 20, 6, 12, 8, 1], [11, 31, 24, 20, 29, 5, 28, 27], [7, 9, 18, 19, 13, 10, 17, 25], [21, 0, 23, 4, 27, 17, 1, 13]]",8,0.6444317698478699,128,farthest,0.0,20608,4.0,124,0.6715031266212463,0,128 104 96 152,5149,0.7553571462631226,test,top_r_mean,0.0,0.5,0.5,0.625
0.024859195960380658,1.0,161,1.0,31,120.88380008935928,qasper,0.8,0.25,0.2,0.0,2002.03407:b5608076d91450b0d295ad14c3e3a90d7e168d0e,mean,0.8881987577639752,0.0009360508993268013,"[[12, 0, 7, 25, 10, 2, 13, 3], [19, 17, 0, 2, 18, 29, 22, 30], [9, 10, 28, 13, 14, 11, 19, 3], [23, 16, 17, 12, 8, 20, 27, 18], [15, 16, 24, 9, 29, 23, 3, 2], [6, 8, 12, 11, 9, 18, 1, 10], [7, 30, 12, 8, 26, 11, 10, 23], [28, 2, 27, 1, 10, 3, 6, 9], [26, 0, 12, 28, 1, 18, 2, 15], [10, 12, 8, 1, 4, 13, 17, 6], [27, 30, 29, 28, 1, 31, 14, 2], [7, 1, 0, 18, 2, 21, 15, 6], [21, 2, 3, 14, 4, 10, 25, 1], [17, 13, 22, 15, 9, 8, 20, 14], [23, 4, 13, 17, 30, 15, 18, 2], [29, 26, 11, 0, 16, 7, 3, 18], [2, 0, 7, 5, 6, 3, 19, 1], [8, 15, 22, 23, 21, 27, 7, 20], [26, 28, 29, 7, 19, 8, 17, 10], [16, 21, 29, 8, 27, 24, 30, 23], [19, 22, 16, 4, 20, 12, 1, 9], [10, 15, 13, 11, 1, 25, 14, 12], [17, 9, 18, 20, 11, 29, 31, 12], [27, 4, 6, 7, 11, 26, 2, 5], [19, 0, 12, 18, 2, 7, 22, 23], [5, 15, 0, 3, 31, 19, 1, 26], [7, 8, 6, 9, 2, 11, 12, 14], [25, 22, 28, 10, 12, 21, 26, 1], [15, 16, 8, 24, 10, 5, 14, 9], [6, 18, 29, 13, 17, 31, 5, 26], [6, 17, 31, 10, 24, 9, 23, 20], [15, 25, 16, 19, 0, 17, 20, 26], [2, 0, 6, 9, 30, 3, 4, 21], [26, 8, 4, 20, 1, 30, 27, 11], [13, 27, 16, 9, 31, 4, 8, 3], [5, 12, 2, 26, 31, 27, 22, 28], [27, 28, 26, 21, 22, 23, 17, 9], [1, 17, 7, 30, 2, 4, 12, 18], [15, 5, 25, 20, 17, 30, 24, 1], [30, 29, 4, 28, 14, 26, 13, 27], [7, 0, 3, 2, 10, 1, 29, 19], [27, 30, 28, 29, 21, 18, 19, 31], [17, 2, 24, 3, 25, 16, 21, 0], [21, 5, 29, 23, 26, 22, 12, 31], [9, 14, 27, 15, 10, 20, 28, 25], [15, 9, 0, 1, 22, 25, 7, 6], [4, 6, 21, 15, 7, 19, 5, 11], [2, 27, 28, 26, 23, 29, 8, 22], [16, 0, 1, 10, 11, 2, 18, 12], [0, 7, 29, 28, 4, 5, 2, 1], [3, 2, 12, 21, 17, 16, 27, 0], [25, 24, 23, 29, 19, 30, 15, 27], [4, 5, 7, 20, 6, 28, 31, 14], [17, 30, 18, 26, 20, 12, 19, 10], [17, 9, 3, 28, 8, 26, 0, 19], [17, 28, 19, 24, 20, 21, 30, 5], [8, 0, 21, 1, 2, 6, 10, 4], [13, 8, 14, 12, 18, 10, 30, 9], [10, 11, 2, 30, 20, 0, 13, 6], [22, 17, 19, 8, 23, 11, 3, 15], [7, 15, 8, 13, 25, 2, 0, 14], [3, 8, 9, 21, 5, 22, 11, 28], [23, 20, 4, 5, 12, 19, 13, 7], [6, 30, 1, 16, 17, 31, 7, 20], [2, 0, 16, 12, 30, 3, 18, 21], [6, 2, 12, 9, 4, 20, 29, 18], [9, 24, 7, 12, 4, 11, 10, 0], [26, 27, 25, 23, 9, 29, 24, 2], [16, 6, 28, 22, 1, 29, 0, 17], [3, 18, 30, 27, 16, 7, 5, 31], [1, 14, 23, 2, 18, 22, 17, 25], [13, 14, 10, 12, 16, 20, 23, 19], [14, 0, 3, 26, 2, 17, 5, 12], [16, 31, 14, 6, 26, 27, 15, 7], [13, 0, 15, 14, 11, 29, 1, 5], [2, 0, 18, 1, 16, 17, 23, 15], [26, 27, 29, 22, 30, 5, 18, 28], [24, 10, 31, 27, 20, 5, 6, 23], [10, 9, 5, 2, 16, 11, 4, 29], [7, 17, 20, 12, 0, 13, 19, 10], [25, 0, 15, 21, 2, 18, 6, 3], [11, 22, 21, 16, 23, 30, 27, 5], [4, 14, 31, 16, 9, 26, 29, 7], [22, 26, 23, 9, 10, 27, 13, 12], [0, 6, 28, 15, 17, 11, 7, 1], [27, 10, 17, 28, 6, 0, 16, 12], [25, 13, 3, 14, 19, 28, 30, 1], [18, 19, 21, 22, 8, 25, 20, 30], [12, 0, 15, 2, 1, 13, 14, 29], [8, 17, 29, 24, 13, 4, 9, 11], [10, 9, 15, 30, 16, 11, 5, 19], [10, 11, 4, 2, 0, 1, 14, 30], [8, 9, 10, 29, 30, 3, 6, 12], [3, 2, 4, 11, 7, 15, 10, 18], [14, 16, 20, 2, 15, 0, 21, 31], [4, 3, 25, 24, 9, 19, 20, 29], [8, 0, 2, 9, 7, 14, 16, 1], [7, 17, 8, 20, 15, 21, 18, 0], [16, 29, 21, 30, 22, 20, 9, 12], [17, 11, 6, 14, 23, 28, 5, 29], [26, 25, 13, 11, 10, 22, 12, 27], [8, 21, 29, 22, 0, 1, 26, 16], [29, 6, 4, 5, 11, 18, 30, 14], [18, 31, 1, 2, 4, 26, 19, 12], [14, 0, 2, 4, 5, 1, 17, 9], [11, 16, 0, 12, 18, 14, 15, 28], [5, 0, 1, 15, 2, 9, 28, 25], [11, 12, 23, 2, 9, 8, 19, 3], [5, 7, 12, 21, 14, 4, 11, 15], [3, 4, 5, 7, 14, 0, 6, 29], [14, 19, 13, 24, 15, 20, 23, 11], [8, 19, 14, 20, 28, 22, 21, 25], [11, 0, 12, 13, 26, 5, 4, 19], [1, 10, 11, 0, 29, 4, 15, 7], [28, 1, 29, 19, 12, 5, 2, 10], [26, 17, 18, 25, 15, 19, 30, 13], [21, 22, 29, 6, 19, 0, 20, 26], [15, 14, 20, 9, 3, 13, 16, 7], [19, 12, 20, 5, 27, 1, 4, 26], [22, 21, 20, 30, 0, 16, 29, 2], [12, 0, 3, 13, 9, 4, 5, 20], [23, 26, 2, 27, 24, 28, 29, 11], [6, 7, 1, 19, 13, 10, 20, 21], [18, 1, 2, 4, 8, 17, 31, 19], [1, 4, 18, 21, 0, 3, 22, 5], [11, 27, 16, 29, 20, 31, 28, 17], [18, 4, 24, 19, 9, 27, 1, 15], [2, 11, 15, 5, 16, 20, 0, 19], [12, 0, 14, 1, 13, 15, 16, 31], [2, 1, 3, 8, 10, 30, 0, 13], [18, 28, 17, 27, 29, 19, 30, 25], [3, 10, 4, 8, 26, 6, 0, 11], [28, 22, 26, 27, 29, 3, 23, 31], [24, 7, 0, 6, 2, 27, 15, 18], [19, 11, 18, 5, 20, 30, 2, 27], [26, 14, 19, 20, 7, 17, 27, 15], [19, 0, 4, 10, 26, 5, 20, 30], [27, 12, 28, 29, 13, 31, 0, 6], [6, 27, 31, 9, 18, 17, 22, 7], [26, 27, 30, 29, 14, 0, 2, 25], [22, 24, 0, 1, 27, 19, 5, 23], [18, 16, 4, 10, 5, 6, 26, 22], [26, 30, 31, 29, 28, 24, 27, 21], [0, 27, 26, 30, 31, 11, 2, 4], [5, 0, 14, 26, 1, 13, 20, 8], [26, 4, 11, 12, 27, 0, 24, 31], [14, 17, 3, 25, 16, 31, 7, 19], [12, 11, 0, 30, 16, 14, 1, 26], [31, 28, 9, 11, 4, 30, 2, 23], [2, 0, 16, 8, 1, 6, 17, 12], [26, 0, 20, 4, 27, 25, 6, 21], [21, 22, 26, 25, 17, 30, 18, 23], [8, 0, 9, 10, 24, 1, 21, 15], [13, 17, 2, 30, 14, 0, 29, 5], [17, 14, 7, 26, 18, 27, 19, 5], [9, 30, 28, 14, 23, 6, 7, 17], [25, 29, 28, 30, 3, 9, 26, 11], [10, 13, 11, 4, 12, 23, 14, 1], [20, 21, 22, 26, 23, 18, 25, 12], [2, 16, 29, 3, 30, 7, 17, 14], [2, 0, 3, 5, 10, 14, 16, 7]]",8,0.13910448551177979,128,greedy_oracle,0.3333333333333333,20608,4.0,124,0.14536592364311218,0,104 128 0 80,5149,0.9811909794807434,test,top_r_mean,0.0,0.5,1.0,0.875
0.024859195960380658,0.0,161,0.0,31,119.33479993604124,qasper,0.8,0.0,0.0,0.0,2002.03407:b5608076d91450b0d295ad14c3e3a90d7e168d0e,mean,0.5760869565217391,0.07062144577503204,"[[14, 2, 25, 9, 4, 31, 20, 22], [29, 16, 8, 11, 21, 1, 15, 6], [11, 22, 25, 17, 1, 5, 29, 18], [14, 8, 23, 20, 27, 7, 21, 0], [25, 26, 30, 18, 19, 11, 20, 10], [24, 29, 11, 1, 15, 17, 6, 20], [9, 10, 17, 23, 22, 14, 6, 4], [8, 11, 22, 25, 26, 29, 23, 10], [13, 25, 4, 7, 8, 5, 10, 14], [12, 7, 8, 2, 9, 11, 29, 15], [8, 17, 6, 27, 22, 15, 16, 26], [10, 1, 12, 0, 31, 17, 18, 22], [21, 28, 26, 22, 23, 13, 8, 24], [30, 1, 20, 22, 10, 12, 17, 2], [14, 8, 27, 21, 20, 1, 2, 29], [15, 5, 27, 14, 26, 7, 29, 0], [24, 29, 5, 18, 0, 13, 17, 25], [11, 1, 24, 7, 8, 17, 22, 6], [25, 23, 28, 3, 12, 18, 26, 7], [15, 1, 6, 26, 23, 19, 8, 7], [9, 17, 12, 26, 1, 18, 23, 30], [0, 20, 27, 23, 24, 9, 14, 6], [21, 6, 20, 2, 25, 9, 14, 1], [31, 22, 7, 5, 14, 28, 6, 13], [16, 2, 29, 17, 20, 26, 30, 3], [15, 29, 5, 17, 13, 9, 31, 14], [17, 11, 20, 27, 1, 3, 19, 16], [15, 5, 8, 27, 21, 30, 11, 12], [23, 18, 4, 19, 27, 24, 25, 14], [24, 28, 10, 6, 31, 16, 30, 9], [18, 3, 24, 21, 11, 9, 16, 4], [15, 30, 18, 23, 0, 4, 14, 2], [28, 25, 1, 27, 7, 10, 21, 2], [0, 3, 7, 30, 16, 10, 8, 21], [17, 7, 15, 12, 8, 2, 11, 10], [24, 16, 5, 23, 26, 28, 4, 31], [11, 29, 27, 13, 18, 5, 10, 0], [23, 13, 21, 22, 24, 7, 17, 8], [10, 9, 24, 19, 30, 21, 27, 3], [4, 11, 28, 10, 31, 2, 1, 0], [10, 12, 4, 22, 11, 3, 31, 20], [3, 25, 16, 2, 18, 1, 28, 9], [30, 0, 31, 7, 27, 14, 20, 5], [2, 7, 22, 25, 21, 19, 31, 5], [9, 7, 30, 1, 31, 17, 16, 5], [2, 13, 11, 17, 28, 9, 1, 29], [9, 15, 26, 30, 4, 19, 6, 1], [22, 31, 12, 20, 0, 21, 17, 15], [13, 26, 9, 17, 27, 19, 11, 7], [7, 22, 26, 12, 1, 21, 11, 17], [6, 16, 5, 31, 7, 10, 21, 30], [10, 27, 23, 31, 26, 25, 13, 12], [1, 11, 27, 5, 23, 20, 9, 26], [19, 28, 30, 27, 22, 11, 2, 9], [27, 19, 23, 12, 1, 21, 6, 4], [28, 9, 2, 20, 31, 13, 24, 0], [18, 29, 6, 27, 1, 8, 5, 13], [8, 19, 14, 23, 13, 16, 29, 30], [31, 3, 23, 1, 5, 11, 24, 7], [17, 25, 15, 27, 30, 23, 4, 22], [8, 2, 26, 19, 7, 1, 29, 20], [25, 0, 22, 2, 21, 6, 3, 17], [30, 15, 31, 22, 13, 10, 23, 21], [12, 13, 6, 0, 28, 20, 2, 19], [5, 14, 15, 0, 23, 7, 1, 10], [31, 16, 7, 1, 26, 28, 27, 2], [8, 25, 3, 17, 24, 6, 28, 16], [3, 6, 26, 30, 25, 20, 15, 22], [30, 7, 15, 25, 0, 12, 19, 29], [5, 30, 14, 6, 22, 21, 8, 19], [18, 0, 8, 4, 11, 27, 22, 3], [16, 19, 2, 30, 15, 4, 17, 9], [6, 10, 23, 24, 19, 0, 22, 12], [26, 2, 11, 17, 18, 8, 24, 3], [27, 20, 11, 31, 10, 16, 28, 29], [14, 18, 16, 27, 13, 20, 22, 24], [15, 21, 31, 19, 13, 1, 9, 14], [27, 3, 9, 21, 20, 2, 1, 15], [15, 3, 29, 25, 7, 2, 17, 11], [18, 24, 4, 31, 2, 3, 12, 17], [19, 2, 17, 8, 7, 20, 14, 5], [20, 17, 10, 9, 5, 30, 12, 28], [8, 6, 4, 31, 14, 16, 28, 10], [21, 12, 19, 18, 1, 27, 8, 31], [27, 15, 7, 26, 31, 0, 16, 24], [23, 7, 11, 12, 2, 21, 18, 8], [13, 5, 25, 31, 12, 11, 20, 10], [29, 14, 21, 8, 24, 12, 7, 13], [22, 30, 0, 27, 18, 21, 26, 20], [31, 13, 22, 26, 30, 29, 4, 28], [7, 19, 3, 5, 27, 17, 10, 22], [19, 5, 23, 26, 16, 31, 10, 11], [27, 30, 8, 15, 29, 28, 24, 5], [30, 23, 21, 20, 7, 16, 4, 28], [30, 31, 27, 17, 21, 9, 6, 3], [7, 19, 11, 27, 14, 22, 18, 23], [24, 4, 0, 22, 1, 27, 25, 11], [20, 19, 21, 28, 27, 31, 2, 18], [29, 27, 22, 4, 1, 15, 13, 28], [1, 20, 9, 7, 5, 2, 30, 11], [12, 24, 0, 5, 15, 10, 18, 9], [25, 14, 18, 0, 27, 22, 20, 1], [0, 18, 19, 14, 8, 31, 17, 2], [8, 0, 2, 3, 9, 7, 6, 17], [19, 18, 11, 15, 4, 5, 24, 30], [5, 18, 23, 2, 1, 24, 20, 12], [21, 25, 30, 26, 27, 31, 1, 16], [28, 11, 16, 24, 14, 22, 21, 8], [29, 19, 3, 15, 27, 6, 13, 11], [6, 27, 14, 25, 19, 23, 8, 30], [13, 28, 22, 25, 30, 11, 18, 12], [0, 20, 3, 8, 26, 2, 23, 10], [23, 10, 16, 12, 18, 8, 14, 27], [30, 6, 1, 10, 26, 7, 20, 0], [26, 5, 2, 19, 18, 22, 1, 6], [30, 27, 2, 10, 15, 18, 31, 4], [11, 23, 0, 31, 27, 16, 19, 26], [27, 25, 7, 0, 23, 10, 11, 4], [7, 14, 31, 1, 28, 5, 10, 26], [16, 11, 25, 31, 17, 22, 1, 13], [5, 28, 26, 12, 7, 23, 8, 4], [16, 10, 15, 7, 14, 17, 18, 3], [29, 26, 7, 19, 13, 28, 11, 24], [9, 21, 16, 28, 1, 15, 18, 23], [4, 30, 26, 31, 9, 8, 2, 5], [18, 5, 17, 27, 22, 10, 29, 23], [21, 5, 9, 12, 2, 10, 11, 19], [9, 14, 16, 3, 7, 19, 0, 24], [19, 7, 28, 30, 27, 14, 4, 5], [4, 21, 3, 23, 13, 6, 7, 0], [25, 26, 15, 28, 14, 0, 23, 29], [27, 11, 26, 9, 3, 7, 6, 5], [26, 25, 31, 2, 14, 13, 15, 29], [25, 2, 0, 14, 6, 26, 11, 9], [7, 2, 5, 15, 0, 31, 30, 26], [25, 9, 12, 18, 5, 0, 7, 13], [28, 17, 30, 23, 20, 18, 27, 26], [27, 29, 14, 1, 11, 25, 19, 17], [0, 15, 3, 24, 10, 31, 12, 30], [7, 30, 19, 20, 10, 4, 6, 15], [18, 2, 0, 25, 12, 28, 6, 16], [6, 5, 12, 26, 22, 14, 27, 21], [27, 0, 17, 26, 8, 28, 7, 12], [29, 31, 12, 15, 7, 16, 30, 25], [8, 29, 14, 2, 19, 0, 4, 16], [11, 2, 12, 28, 16, 23, 31, 6], [7, 9, 6, 20, 24, 5, 16, 11], [25, 31, 16, 15, 29, 21, 30, 20], [23, 29, 26, 16, 0, 28, 18, 30], [23, 15, 25, 10, 8, 31, 9, 6], [29, 13, 2, 7, 28, 23, 10, 6], [3, 23, 31, 12, 27, 21, 1, 18], [26, 14, 5, 21, 2, 3, 6, 0], [18, 19, 1, 13, 8, 6, 25, 12], [28, 17, 29, 11, 9, 2, 15, 27], [11, 0, 1, 8, 3, 9, 2, 6], [10, 11, 28, 18, 3, 8, 27, 6], [27, 9, 10, 31, 15, 30, 22, 19], [13, 3, 10, 30, 29, 27, 1, 7], [24, 23, 20, 2, 6, 0, 7, 17], [17, 11, 20, 26, 1, 18, 5, 10]]",8,0.5959848761558533,128,random,0.0,20608,4.0,124,0.6655545830726624,11,152 72 144 64,5149,0.7513083219528198,test,top_r_mean,0.0,0.0,0.0,0.125
0.024859195960380658,1.0,161,1.0,31,109.95850013568997,qasper,0.8,0.25,0.2,0.0,2002.03407:b5608076d91450b0d295ad14c3e3a90d7e168d0e,mean,0.562888198757764,0.0569627545773983,"[[16, 10, 22, 0, 26, 7, 21, 20], [21, 4, 30, 13, 23, 28, 29, 11], [19, 26, 9, 6, 23, 0, 20, 24], [8, 14, 1, 3, 21, 27, 6, 19], [26, 6, 2, 18, 24, 20, 22, 17], [24, 23, 28, 20, 10, 11, 30, 21], [7, 28, 26, 21, 27, 13, 20, 30], [23, 19, 8, 20, 17, 18, 15, 31], [17, 27, 7, 8, 30, 10, 28, 1], [28, 31, 21, 14, 18, 2, 13, 3], [22, 26, 12, 23, 19, 6, 25, 14], [20, 1, 8, 30, 22, 25, 4, 24], [23, 19, 0, 12, 17, 14, 31, 15], [29, 9, 13, 15, 1, 30, 2, 19], [27, 22, 6, 28, 24, 16, 17, 14], [28, 4, 20, 10, 22, 15, 23, 26], [2, 21, 28, 27, 16, 17, 26, 0], [16, 20, 31, 7, 13, 8, 14, 9], [2, 4, 16, 14, 27, 6, 22, 21], [20, 2, 10, 14, 0, 26, 21, 5], [4, 30, 1, 23, 20, 25, 12, 28], [29, 24, 25, 9, 0, 22, 1, 19], [22, 4, 29, 15, 12, 1, 16, 8], [5, 15, 2, 19, 0, 30, 22, 1], [16, 28, 31, 1, 26, 5, 14, 8], [1, 4, 22, 25, 8, 2, 20, 13], [3, 5, 7, 27, 26, 9, 22, 31], [9, 15, 18, 3, 16, 4, 29, 24], [17, 9, 18, 7, 13, 12, 4, 30], [28, 21, 1, 15, 0, 14, 23, 16], [3, 22, 29, 26, 24, 0, 27, 5], [22, 30, 24, 13, 26, 12, 21, 6], [26, 30, 23, 4, 11, 16, 19, 5], [10, 20, 24, 16, 26, 13, 25, 14], [13, 2, 29, 5, 22, 28, 7, 1], [10, 18, 16, 14, 17, 20, 4, 22], [1, 11, 21, 19, 3, 12, 5, 16], [23, 3, 18, 11, 5, 4, 25, 12], [4, 27, 18, 25, 17, 0, 19, 14], [2, 31, 18, 29, 1, 25, 9, 6], [9, 1, 21, 20, 0, 16, 14, 15], [1, 14, 21, 9, 30, 10, 25, 15], [13, 4, 30, 29, 19, 18, 22, 14], [30, 25, 10, 12, 18, 22, 5, 0], [3, 7, 15, 12, 6, 17, 22, 24], [8, 12, 29, 10, 3, 31, 21, 19], [17, 26, 27, 14, 12, 29, 2, 6], [6, 30, 8, 19, 0, 21, 20, 22], [3, 24, 27, 15, 19, 5, 7, 4], [6, 14, 17, 28, 5, 8, 31, 21], [19, 24, 30, 2, 20, 22, 13, 0], [7, 24, 28, 16, 9, 31, 18, 14], [19, 5, 24, 14, 12, 21, 31, 8], [16, 24, 19, 27, 10, 20, 5, 18], [6, 25, 13, 24, 4, 30, 31, 1], [28, 0, 6, 1, 2, 9, 30, 5], [18, 22, 9, 12, 21, 28, 15, 25], [8, 9, 31, 20, 12, 19, 26, 30], [11, 5, 29, 12, 6, 30, 16, 2], [3, 21, 27, 8, 26, 0, 28, 9], [29, 31, 17, 7, 23, 5, 27, 24], [17, 14, 9, 5, 20, 12, 23, 22], [23, 11, 6, 17, 12, 16, 22, 26], [26, 31, 6, 15, 14, 18, 10, 7], [4, 5, 20, 8, 11, 18, 12, 2], [5, 21, 22, 17, 25, 4, 1, 23], [9, 11, 14, 13, 27, 30, 7, 24], [29, 4, 27, 12, 31, 11, 17, 18], [2, 0, 14, 17, 13, 27, 18, 29], [23, 17, 18, 3, 9, 21, 20, 7], [3, 11, 15, 25, 19, 23, 10, 27], [21, 29, 5, 15, 14, 27, 2, 20], [7, 8, 6, 0, 27, 13, 21, 30], [10, 11, 16, 8, 5, 0, 3, 20], [22, 5, 30, 18, 11, 2, 7, 12], [21, 10, 28, 8, 9, 19, 12, 13], [4, 0, 1, 31, 23, 13, 18, 6], [6, 29, 3, 18, 15, 14, 23, 16], [20, 7, 1, 21, 19, 18, 9, 8], [9, 17, 20, 1, 10, 13, 15, 3], [6, 9, 2, 20, 11, 25, 7, 10], [31, 4, 17, 23, 26, 16, 21, 9], [18, 3, 19, 21, 23, 8, 24, 17], [26, 11, 8, 25, 15, 6, 28, 1], [3, 6, 4, 20, 18, 13, 16, 17], [12, 16, 27, 28, 6, 18, 1, 15], [21, 8, 0, 6, 17, 11, 12, 5], [5, 3, 15, 1, 24, 19, 6, 7], [5, 28, 12, 9, 2, 20, 26, 0], [25, 13, 7, 2, 12, 29, 31, 8], [10, 8, 21, 30, 16, 9, 13, 6], [1, 3, 30, 26, 13, 12, 7, 15], [14, 26, 18, 13, 1, 9, 25, 10], [29, 12, 31, 6, 28, 24, 15, 25], [3, 17, 7, 6, 28, 14, 2, 13], [15, 24, 3, 14, 17, 19, 20, 23], [1, 29, 31, 30, 11, 7, 19, 27], [31, 18, 29, 7, 30, 23, 9, 24], [22, 24, 3, 27, 10, 5, 19, 25], [17, 28, 8, 10, 14, 7, 21, 16], [26, 3, 2, 1, 30, 9, 16, 17], [11, 23, 2, 12, 31, 10, 7, 25], [24, 14, 29, 4, 3, 21, 16, 26], [25, 8, 29, 5, 14, 2, 16, 21], [14, 6, 25, 17, 3, 7, 0, 12], [16, 10, 20, 4, 9, 7, 31, 8], [3, 12, 19, 5, 11, 31, 13, 4], [6, 1, 29, 30, 13, 22, 15, 18], [25, 19, 8, 13, 5, 16, 3, 2], [8, 14, 19, 23, 15, 28, 30, 1], [14, 5, 15, 22, 4, 8, 28, 9], [20, 7, 5, 9, 2, 3, 15, 14], [7, 24, 26, 2, 14, 20, 18, 17], [28, 1, 20, 17, 23, 0, 8, 5], [31, 0, 25, 12, 30, 14, 18, 7], [7, 16, 6, 15, 0, 27, 2, 14], [24, 16, 20, 25, 6, 4, 2, 1], [25, 7, 4, 26, 21, 6, 20, 23], [31, 21, 10, 26, 30, 7, 29, 3], [10, 24, 22, 8, 1, 26, 30, 19], [16, 21, 15, 1, 3, 9, 0, 8], [10, 21, 17, 29, 30, 12, 9, 16], [10, 3, 31, 14, 4, 16, 11, 29], [9, 5, 29, 2, 14, 27, 26, 1], [26, 10, 9, 2, 19, 24, 31, 27], [29, 25, 11, 24, 23, 13, 26, 3], [15, 31, 21, 1, 24, 27, 4, 3], [28, 7, 16, 18, 9, 20, 15, 23], [18, 25, 15, 23, 6, 8, 7, 14], [21, 22, 5, 20, 30, 23, 18, 24], [10, 11, 6, 31, 21, 12, 25, 16], [31, 11, 30, 28, 6, 25, 27, 14], [29, 0, 7, 14, 31, 6, 4, 26], [20, 10, 23, 25, 3, 7, 24, 15], [12, 11, 23, 5, 27, 3, 1, 2], [27, 30, 1, 17, 23, 5, 8, 24], [30, 25, 21, 15, 5, 11, 20, 14], [10, 23, 3, 29, 2, 14, 13, 8], [21, 15, 31, 13, 30, 3, 16, 7], [7, 12, 23, 18, 19, 28, 0, 25], [9, 14, 12, 30, 25, 3, 28, 5], [19, 18, 12, 2, 30, 27, 15, 13], [17, 10, 7, 18, 24, 11, 29, 26], [8, 23, 2, 9, 28, 20, 21, 4], [4, 10, 14, 26, 28, 17, 1, 29], [11, 15, 4, 24, 10, 25, 12, 1], [6, 5, 15, 19, 23, 13, 14, 16], [0, 21, 28, 10, 6, 22, 9, 15], [0, 15, 30, 13, 14, 5, 22, 31], [0, 8, 11, 21, 30, 18, 28, 10], [12, 5, 22, 29, 18, 19, 3, 15], [3, 10, 24, 28, 23, 26, 25, 14], [20, 25, 7, 13, 31, 22, 19, 0], [17, 23, 19, 7, 31, 5, 3, 27], [13, 1, 14, 8, 28, 25, 22, 20], [24, 30, 21, 11, 2, 16, 13, 12], [28, 20, 11, 0, 16, 8, 4, 21], [21, 11, 5, 3, 16, 24, 17, 10], [13, 18, 14, 8, 11, 7, 4, 28], [4, 15, 27, 22, 30, 31, 17, 23], [12, 4, 0, 10, 25, 18, 14, 20]]",8,0.6128594875335693,128,random,0.25,20608,4.0,124,0.6691474914550781,23,88 104 120 0,5149,0.7437801361083984,test,top_r_mean,0.0,0.5,0.5,0.25
0.024859195960380658,0.0,161,0.0,31,103.77689986489713,qasper,0.8,0.0,0.0,0.0,2002.03407:b5608076d91450b0d295ad14c3e3a90d7e168d0e,mean,0.5346273291925466,0.07846583425998688,"[[16, 6, 11, 4, 15, 7, 20, 19], [11, 26, 30, 12, 15, 19, 5, 24], [22, 7, 20, 11, 3, 31, 10, 26], [4, 27, 13, 3, 8, 11, 30, 5], [12, 27, 20, 23, 25, 9, 19, 16], [15, 25, 10, 28, 29, 23, 17, 14], [18, 27, 25, 1, 8, 22, 15, 10], [17, 7, 16, 3, 28, 21, 23, 19], [4, 27, 21, 20, 29, 19, 13, 11], [12, 23, 0, 7, 27, 30, 28, 5], [14, 22, 3, 16, 17, 26, 1, 7], [21, 9, 26, 19, 29, 15, 1, 31], [21, 6, 24, 30, 8, 1, 2, 28], [16, 26, 9, 1, 7, 19, 0, 6], [7, 19, 1, 31, 11, 24, 8, 16], [31, 2, 26, 27, 5, 17, 24, 7], [26, 19, 30, 8, 17, 28, 6, 20], [24, 26, 23, 14, 9, 7, 3, 17], [11, 19, 12, 8, 13, 31, 10, 16], [8, 9, 3, 17, 18, 20, 1, 16], [17, 7, 27, 4, 14, 11, 21, 5], [24, 13, 9, 27, 4, 7, 31, 8], [4, 13, 5, 14, 23, 2, 27, 8], [20, 13, 16, 9, 12, 24, 18, 1], [29, 0, 3, 16, 24, 27, 28, 4], [25, 21, 2, 5, 12, 6, 23, 29], [5, 12, 3, 19, 14, 10, 31, 7], [18, 25, 19, 22, 21, 8, 16, 27], [10, 0, 7, 6, 26, 3, 27, 18], [3, 16, 13, 30, 4, 6, 11, 24], [18, 26, 8, 30, 2, 0, 15, 21], [11, 19, 14, 25, 3, 5, 10, 29], [14, 1, 29, 4, 21, 7, 26, 8], [28, 17, 26, 9, 12, 5, 20, 31], [3, 15, 25, 27, 19, 18, 14, 12], [30, 31, 7, 22, 5, 29, 28, 26], [15, 31, 1, 8, 22, 12, 9, 21], [11, 19, 31, 6, 23, 21, 4, 20], [12, 5, 21, 8, 7, 17, 3, 0], [5, 13, 21, 18, 6, 25, 20, 27], [0, 3, 2, 19, 8, 17, 18, 10], [30, 27, 3, 12, 25, 19, 4, 8], [20, 3, 22, 1, 16, 2, 4, 0], [16, 9, 8, 7, 5, 20, 22, 31], [18, 27, 2, 1, 16, 26, 24, 19], [27, 8, 0, 11, 1, 6, 15, 20], [23, 7, 31, 28, 8, 16, 30, 10], [1, 6, 31, 4, 21, 17, 20, 24], [16, 25, 17, 6, 30, 28, 9, 15], [16, 19, 30, 10, 9, 4, 20, 15], [1, 15, 5, 31, 8, 9, 29, 18], [8, 3, 26, 18, 13, 19, 2, 31], [28, 9, 2, 3, 19, 31, 7, 27], [1, 19, 23, 26, 22, 14, 18, 15], [19, 26, 16, 9, 8, 1, 10, 11], [1, 2, 8, 19, 16, 24, 14, 7], [25, 30, 3, 4, 1, 19, 18, 21], [9, 2, 1, 13, 5, 16, 7, 6], [30, 4, 22, 27, 13, 0, 28, 3], [5, 23, 14, 1, 9, 2, 8, 6], [8, 26, 19, 15, 31, 16, 9, 25], [26, 5, 19, 9, 29, 8, 1, 17], [21, 7, 28, 6, 9, 8, 26, 5], [30, 24, 19, 28, 22, 21, 27, 3], [0, 26, 11, 3, 23, 4, 2, 6], [17, 7, 28, 19, 9, 3, 12, 31], [30, 16, 9, 14, 11, 26, 15, 12], [13, 17, 27, 8, 15, 5, 2, 0], [6, 11, 0, 25, 31, 23, 26, 29], [6, 8, 28, 2, 29, 26, 27, 5], [13, 14, 19, 12, 9, 25, 10, 0], [1, 0, 12, 11, 29, 6, 10, 28], [3, 30, 24, 18, 17, 9, 13, 12], [1, 31, 13, 10, 17, 0, 29, 7], [12, 23, 19, 22, 4, 18, 9, 21], [26, 9, 23, 2, 10, 27, 6, 28], [18, 0, 17, 10, 15, 1, 29, 4], [8, 0, 18, 13, 20, 11, 2, 1], [7, 18, 26, 6, 28, 2, 29, 5], [29, 20, 4, 18, 17, 19, 13, 2], [19, 25, 23, 2, 16, 11, 24, 1], [11, 18, 24, 19, 1, 17, 28, 8], [20, 26, 6, 13, 29, 30, 8, 12], [20, 22, 7, 5, 23, 26, 8, 0], [1, 9, 27, 8, 20, 16, 14, 17], [14, 3, 6, 20, 8, 23, 21, 0], [22, 24, 30, 2, 6, 7, 5, 23], [18, 12, 19, 15, 4, 7, 22, 14], [23, 30, 15, 3, 19, 13, 28, 4], [30, 20, 0, 10, 25, 21, 3, 7], [17, 30, 10, 23, 15, 6, 12, 7], [16, 29, 24, 5, 15, 13, 6, 21], [26, 27, 6, 30, 16, 29, 15, 28], [25, 20, 16, 1, 12, 3, 7, 15], [7, 20, 17, 11, 5, 22, 23, 9], [18, 8, 19, 16, 21, 23, 20, 29], [1, 2, 19, 4, 3, 17, 30, 29], [25, 15, 5, 10, 14, 7, 30, 16], [15, 29, 0, 5, 13, 28, 25, 23], [18, 4, 24, 29, 13, 1, 28, 9], [17, 7, 6, 15, 19, 1, 12, 27], [10, 16, 9, 22, 30, 3, 29, 12], [3, 14, 28, 13, 26, 11, 8, 2], [1, 11, 15, 7, 9, 2, 5, 16], [17, 15, 24, 0, 20, 8, 25, 19], [28, 27, 1, 23, 22, 15, 3, 24], [25, 22, 16, 31, 7, 4, 1, 28], [27, 20, 17, 24, 9, 13, 4, 21], [2, 8, 14, 30, 10, 20, 12, 9], [20, 15, 2, 17, 28, 12, 21, 16], [12, 9, 6, 14, 3, 31, 23, 18], [5, 23, 6, 26, 0, 17, 15, 14], [27, 12, 18, 3, 31, 22, 9, 29], [6, 22, 28, 2, 23, 20, 3, 10], [21, 25, 9, 19, 0, 14, 22, 3], [31, 18, 22, 9, 1, 17, 14, 21], [12, 6, 31, 28, 8, 19, 29, 16], [16, 23, 15, 13, 26, 9, 4, 28], [21, 3, 23, 10, 15, 13, 20, 11], [11, 5, 31, 28, 13, 23, 29, 3], [6, 11, 17, 13, 27, 21, 2, 30], [4, 30, 1, 22, 10, 17, 25, 21], [3, 31, 11, 24, 27, 12, 2, 16], [15, 11, 30, 22, 28, 23, 26, 14], [8, 18, 15, 16, 5, 25, 21, 27], [24, 9, 10, 4, 13, 22, 16, 27], [3, 14, 5, 11, 26, 2, 12, 19], [21, 13, 2, 23, 26, 4, 14, 29], [1, 30, 28, 22, 7, 18, 29, 3], [16, 3, 8, 7, 1, 4, 23, 15], [11, 17, 25, 0, 15, 10, 12, 6], [21, 18, 24, 9, 6, 15, 4, 5], [3, 10, 8, 18, 14, 7, 29, 31], [4, 27, 2, 13, 14, 0, 9, 31], [14, 9, 5, 30, 8, 20, 6, 11], [21, 31, 10, 3, 24, 30, 14, 16], [7, 27, 28, 18, 16, 17, 6, 25], [22, 17, 12, 24, 7, 8, 28, 27], [2, 18, 21, 26, 9, 11, 29, 23], [31, 16, 27, 22, 21, 5, 25, 10], [26, 30, 29, 8, 1, 20, 5, 9], [11, 7, 3, 31, 2, 10, 27, 19], [4, 20, 29, 12, 3, 15, 24, 7], [13, 26, 9, 30, 17, 1, 3, 24], [16, 7, 18, 22, 6, 29, 28, 11], [25, 12, 31, 22, 19, 11, 24, 2], [27, 11, 16, 9, 8, 23, 4, 24], [14, 31, 18, 24, 4, 3, 29, 8], [3, 20, 9, 0, 25, 29, 21, 7], [25, 29, 15, 31, 2, 20, 8, 18], [20, 11, 23, 21, 8, 10, 27, 12], [22, 26, 19, 1, 4, 9, 20, 23], [27, 0, 4, 16, 9, 17, 21, 12], [22, 28, 17, 2, 21, 7, 27, 30], [1, 20, 24, 17, 25, 13, 16, 28], [28, 0, 25, 19, 21, 12, 3, 17], [28, 22, 20, 15, 17, 2, 13, 7], [17, 20, 9, 26, 21, 2, 25, 23], [13, 8, 31, 21, 29, 19, 4, 30], [24, 4, 26, 14, 7, 9, 22, 28], [13, 26, 6, 28, 27, 3, 8, 22]]",8,0.6375323534011841,128,random,0.0,20608,4.0,124,0.7115511894226074,37,40 104 64 152,5149,0.7152978777885437,test,top_r_mean,0.0,0.5,0.25,0.25
0.024276558555059235,0.0,161,0.0,31,110.12189998291433,qasper,0.78125,0.0,0.0,0.0,2002.03407:b5608076d91450b0d295ad14c3e3a90d7e168d0e,mean,0.537888198757764,0.08227185159921646,"[[30, 18, 26, 20, 21, 8, 4, 27], [5, 22, 15, 29, 18, 6, 19, 25], [9, 25, 24, 11, 3, 20, 12, 5], [1, 14, 30, 17, 12, 18, 15, 10], [22, 8, 11, 19, 23, 10, 1, 17], [28, 14, 4, 13, 1, 27, 10, 16], [15, 14, 17, 19, 23, 27, 20, 31], [1, 11, 2, 4, 19, 24, 13, 17], [14, 3, 15, 29, 23, 5, 25, 27], [16, 8, 4, 27, 31, 11, 1, 25], [21, 0, 7, 13, 30, 24, 23, 14], [7, 17, 6, 27, 19, 15, 14, 2], [28, 9, 1, 16, 8, 29, 13, 20], [5, 25, 0, 29, 10, 18, 31, 26], [23, 31, 11, 6, 12, 16, 10, 27], [9, 26, 12, 8, 4, 18, 14, 29], [10, 9, 11, 23, 13, 15, 16, 8], [5, 8, 2, 6, 21, 17, 19, 0], [20, 16, 12, 30, 31, 14, 17, 3], [9, 17, 29, 11, 15, 10, 4, 8], [13, 11, 23, 18, 19, 25, 28, 2], [9, 5, 4, 22, 16, 27, 18, 17], [0, 13, 27, 16, 29, 26, 22, 11], [21, 3, 29, 18, 12, 24, 16, 30], [20, 27, 11, 10, 18, 2, 31, 13], [15, 31, 18, 30, 5, 9, 25, 21], [10, 3, 29, 17, 11, 7, 31, 12], [17, 28, 31, 23, 22, 20, 18, 6], [2, 7, 28, 22, 24, 31, 30, 18], [14, 30, 22, 2, 17, 31, 16, 6], [9, 22, 31, 24, 17, 20, 7, 1], [15, 14, 4, 0, 21, 1, 16, 17], [23, 22, 15, 26, 9, 20, 4, 31], [5, 21, 12, 31, 8, 22, 23, 24], [24, 22, 6, 21, 18, 31, 23, 5], [1, 2, 10, 23, 16, 4, 8, 13], [2, 20, 29, 25, 7, 3, 16, 15], [16, 29, 9, 23, 13, 1, 7, 15], [17, 3, 10, 26, 23, 20, 8, 18], [14, 19, 20, 18, 3, 0, 2, 26], [1, 5, 11, 22, 30, 4, 2, 17], [26, 21, 5, 29, 6, 1, 18, 14], [16, 6, 21, 13, 20, 14, 22, 10], [0, 25, 13, 31, 16, 1, 24, 29], [3, 28, 30, 26, 4, 25, 27, 0], [30, 28, 17, 29, 14, 18, 7, 25], [27, 21, 13, 25, 0, 29, 11, 3], [11, 6, 15, 1, 31, 20, 14, 18], [16, 10, 3, 30, 28, 25, 9, 20], [14, 7, 15, 10, 3, 30, 6, 31], [15, 14, 9, 6, 11, 5, 20, 19], [21, 12, 5, 13, 9, 27, 18, 7], [16, 14, 24, 3, 25, 20, 15, 4], [3, 0, 5, 27, 7, 6, 16, 26], [10, 19, 1, 8, 4, 5, 2, 26], [4, 0, 13, 16, 7, 5, 15, 10], [8, 26, 20, 12, 19, 11, 18, 25], [29, 6, 26, 9, 10, 7, 27, 0], [21, 13, 3, 2, 27, 8, 9, 25], [11, 16, 13, 9, 10, 1, 4, 0], [10, 9, 4, 2, 16, 6, 13, 30], [17, 14, 0, 29, 4, 28, 7, 8], [18, 29, 23, 14, 1, 8, 27, 26], [4, 1, 22, 13, 14, 30, 21, 8], [1, 21, 16, 23, 15, 24, 19, 9], [23, 10, 6, 3, 22, 28, 20, 19], [13, 7, 24, 4, 8, 20, 6, 27], [6, 11, 18, 21, 5, 1, 3, 7], [29, 4, 14, 6, 3, 30, 16, 13], [27, 7, 23, 26, 10, 17, 19, 16], [28, 16, 29, 10, 11, 27, 7, 12], [12, 25, 21, 0, 18, 5, 1, 27], [11, 26, 10, 14, 24, 29, 28, 25], [31, 27, 15, 11, 28, 4, 20, 25], [29, 28, 20, 30, 4, 10, 25, 26], [13, 5, 12, 0, 29, 14, 27, 7], [5, 7, 6, 1, 15, 17, 9, 2], [18, 26, 3, 16, 27, 28, 9, 25], [27, 11, 22, 19, 9, 18, 0, 12], [23, 1, 22, 4, 26, 8, 12, 9], [28, 31, 30, 9, 24, 17, 1, 7], [10, 29, 16, 15, 8, 13, 4, 28], [22, 3, 6, 26, 19, 31, 2, 0], [18, 22, 25, 19, 16, 7, 26, 2], [19, 17, 0, 23, 29, 18, 2, 3], [31, 7, 1, 15, 25, 0, 28, 12], [0, 20, 25, 1, 26, 11, 19, 12], [23, 13, 31, 5, 21, 24, 18, 2], [8, 0, 4, 15, 16, 3, 9, 28], [14, 22, 2, 4, 18, 9, 15, 6], [5, 30, 17, 20, 9, 23, 21, 0], [10, 18, 4, 7, 3, 21, 20, 31], [3, 8, 19, 2, 5, 17, 14, 15], [25, 0, 8, 27, 14, 11, 26, 10], [29, 1, 8, 27, 4, 28, 2, 31], [25, 24, 1, 23, 21, 6, 31, 0], [24, 29, 25, 1, 20, 2, 27, 17], [3, 4, 2, 27, 20, 13, 28, 29], [31, 11, 6, 22, 30, 26, 29, 24], [4, 10, 31, 8, 15, 27, 12, 26], [8, 14, 0, 11, 21, 5, 6, 30], [25, 29, 7, 2, 20, 17, 8, 30], [13, 9, 21, 8, 11, 18, 26, 17], [17, 10, 9, 30, 24, 29, 22, 27], [13, 24, 21, 17, 22, 18, 26, 9], [28, 19, 8, 0, 31, 27, 4, 17], [16, 10, 17, 23, 27, 22, 24, 12], [1, 26, 9, 3, 2, 0, 4, 25], [11, 0, 6, 3, 29, 21, 17, 10], [3, 12, 27, 9, 0, 8, 6, 2], [23, 5, 15, 20, 21, 18, 30, 11], [2, 1, 29, 12, 14, 4, 7, 15], [16, 17, 27, 20, 26, 19, 11, 21], [30, 1, 19, 22, 6, 28, 18, 9], [2, 8, 20, 16, 4, 14, 7, 0], [31, 5, 15, 25, 18, 6, 26, 14], [14, 3, 20, 31, 27, 23, 8, 9], [19, 18, 11, 31, 27, 30, 7, 2], [19, 20, 2, 25, 27, 1, 21, 28], [23, 26, 21, 2, 3, 17, 18, 12], [1, 31, 11, 25, 7, 9, 22, 2], [1, 13, 0, 8, 12, 26, 31, 4], [0, 23, 18, 6, 29, 9, 3, 7], [1, 19, 29, 21, 13, 22, 25, 28], [9, 5, 8, 14, 31, 23, 3, 1], [17, 18, 12, 5, 13, 9, 15, 21], [18, 13, 23, 27, 16, 31, 5, 12], [23, 8, 0, 14, 27, 26, 17, 29], [26, 30, 27, 23, 15, 17, 0, 24], [11, 21, 26, 18, 17, 23, 31, 0], [31, 15, 10, 0, 2, 26, 16, 21], [30, 7, 25, 4, 2, 27, 17, 10], [14, 27, 19, 16, 4, 10, 20, 5], [1, 17, 0, 16, 2, 21, 9, 8], [18, 8, 27, 13, 29, 30, 5, 26], [2, 8, 27, 28, 26, 30, 14, 16], [20, 14, 17, 4, 21, 24, 11, 8], [20, 12, 0, 30, 15, 8, 11, 9], [4, 10, 16, 18, 11, 8, 27, 26], [1, 17, 21, 23, 11, 3, 26, 30], [20, 22, 11, 0, 15, 16, 5, 13], [29, 15, 30, 8, 5, 2, 24, 23], [15, 27, 0, 31, 21, 20, 1, 26], [18, 9, 13, 24, 12, 11, 17, 27], [30, 28, 9, 23, 16, 3, 24, 22], [24, 2, 31, 25, 29, 11, 30, 26], [24, 13, 1, 2, 10, 4, 14, 5], [9, 31, 30, 18, 2, 8, 3, 0], [30, 0, 29, 6, 9, 24, 15, 20], [16, 5, 3, 20, 31, 17, 27, 21], [10, 25, 21, 23, 24, 2, 0, 31], [5, 13, 12, 22, 21, 18, 10, 3], [17, 23, 25, 12, 28, 31, 19, 11], [17, 29, 19, 16, 9, 10, 24, 18], [24, 9, 29, 16, 31, 22, 18, 7], [7, 2, 28, 16, 30, 6, 26, 19], [15, 2, 11, 8, 12, 18, 14, 24], [22, 25, 26, 23, 0, 17, 15, 19], [28, 24, 29, 0, 4, 15, 26, 25], [21, 29, 3, 1, 6, 11, 8, 22], [8, 10, 15, 28, 23, 6, 0, 9]]",8,0.6702390313148499,125,random,0.0,20608,4.0,124,0.7459084987640381,53,88 160 128 112,5149,0.725963294506073,test,top_r_mean,0.0,0.0,0.25,0.375
0.024859195960380658,0.0,161,0.0,31,116.44229991361499,qasper,0.8,0.0,0.0,0.0,2002.03407:b5608076d91450b0d295ad14c3e3a90d7e168d0e,mean,0.5413043478260869,0.08314470946788788,"[[3, 16, 10, 15, 7, 22, 17, 11], [24, 13, 0, 7, 17, 29, 31, 22], [13, 16, 17, 9, 1, 0, 28, 15], [14, 29, 25, 23, 20, 7, 27, 17], [20, 29, 2, 10, 7, 3, 4, 15], [30, 11, 14, 5, 24, 20, 15, 22], [23, 4, 24, 17, 6, 26, 20, 3], [30, 27, 31, 18, 21, 26, 1, 23], [15, 14, 18, 1, 5, 11, 8, 26], [17, 27, 24, 15, 13, 1, 0, 9], [19, 24, 8, 9, 20, 30, 10, 2], [28, 16, 6, 24, 5, 4, 3, 1], [6, 1, 15, 26, 31, 18, 10, 12], [4, 27, 6, 19, 21, 16, 20, 26], [14, 17, 7, 19, 2, 18, 6, 10], [3, 31, 0, 12, 2, 4, 23, 30], [29, 1, 8, 31, 0, 25, 21, 17], [16, 15, 25, 29, 1, 22, 4, 19], [10, 12, 31, 2, 16, 9, 23, 26], [2, 23, 6, 0, 27, 17, 14, 22], [1, 9, 30, 20, 25, 22, 29, 6], [19, 12, 24, 18, 31, 23, 5, 20], [25, 22, 24, 0, 30, 28, 15, 14], [25, 6, 30, 14, 22, 11, 12, 5], [1, 13, 15, 4, 16, 6, 14, 2], [24, 23, 5, 4, 20, 27, 2, 8], [2, 19, 3, 27, 4, 29, 23, 0], [23, 2, 16, 28, 12, 6, 20, 24], [22, 16, 4, 12, 15, 1, 13, 8], [29, 24, 19, 2, 26, 31, 7, 9], [18, 8, 1, 12, 3, 17, 15, 22], [8, 17, 7, 30, 28, 11, 9, 22], [5, 21, 24, 13, 1, 14, 6, 4], [18, 28, 22, 19, 14, 30, 26, 16], [25, 15, 6, 17, 10, 23, 2, 24], [21, 7, 11, 16, 17, 6, 31, 18], [6, 12, 13, 1, 27, 0, 25, 23], [19, 14, 30, 13, 5, 18, 4, 16], [6, 17, 3, 19, 25, 8, 4, 18], [3, 14, 28, 12, 2, 16, 7, 23], [6, 20, 15, 11, 23, 22, 31, 16], [16, 12, 31, 19, 21, 28, 30, 4], [23, 29, 25, 0, 13, 7, 24, 27], [23, 25, 31, 0, 9, 24, 19, 12], [0, 27, 30, 1, 11, 22, 24, 16], [5, 1, 23, 31, 11, 14, 27, 7], [14, 19, 15, 6, 31, 17, 30, 16], [2, 1, 18, 31, 6, 8, 9, 28], [6, 21, 26, 13, 5, 28, 16, 19], [29, 26, 2, 11, 9, 23, 15, 0], [24, 1, 23, 16, 8, 17, 21, 15], [15, 23, 3, 12, 31, 0, 25, 14], [16, 27, 11, 1, 25, 18, 13, 26], [5, 0, 19, 31, 18, 21, 26, 12], [10, 28, 20, 26, 6, 0, 16, 19], [11, 9, 12, 0, 26, 5, 2, 7], [3, 11, 25, 18, 19, 29, 12, 30], [24, 15, 14, 21, 29, 10, 11, 13], [4, 23, 5, 28, 31, 27, 20, 19], [28, 12, 13, 5, 20, 3, 19, 0], [3, 19, 1, 24, 0, 21, 6, 29], [28, 0, 7, 5, 2, 8, 20, 16], [11, 0, 13, 18, 1, 8, 12, 5], [22, 3, 13, 28, 6, 1, 18, 19], [24, 23, 28, 8, 31, 20, 12, 6], [12, 1, 30, 23, 7, 17, 25, 15], [13, 4, 11, 18, 20, 21, 25, 1], [16, 22, 26, 24, 19, 27, 0, 21], [4, 21, 28, 2, 30, 12, 14, 18], [3, 1, 2, 23, 16, 25, 14, 24], [6, 20, 8, 29, 3, 11, 5, 26], [23, 20, 5, 13, 10, 9, 15, 16], [9, 11, 19, 0, 28, 18, 24, 7], [31, 2, 10, 9, 15, 11, 1, 5], [2, 29, 24, 23, 7, 30, 13, 0], [3, 0, 10, 30, 23, 18, 29, 31], [25, 16, 21, 15, 10, 7, 26, 28], [20, 1, 17, 25, 28, 15, 6, 24], [26, 6, 22, 3, 20, 5, 10, 18], [9, 19, 8, 25, 23, 14, 11, 26], [25, 31, 7, 30, 16, 3, 29, 15], [7, 23, 4, 18, 21, 0, 5, 15], [18, 26, 16, 13, 15, 19, 2, 9], [10, 8, 13, 19, 26, 30, 1, 15], [28, 18, 2, 7, 21, 5, 15, 24], [13, 11, 23, 10, 0, 4, 29, 2], [25, 22, 15, 27, 10, 9, 0, 16], [25, 22, 3, 21, 11, 16, 7, 10], [1, 20, 24, 7, 11, 26, 12, 15], [10, 19, 11, 30, 5, 20, 4, 7], [5, 3, 1, 29, 0, 10, 28, 27], [19, 2, 3, 6, 25, 4, 7, 0], [11, 31, 17, 13, 5, 12, 24, 16], [30, 25, 16, 2, 18, 15, 0, 13], [16, 26, 1, 6, 18, 14, 2, 25], [12, 0, 1, 17, 29, 2, 27, 30], [24, 19, 15, 1, 14, 27, 25, 22], [6, 25, 23, 0, 29, 19, 12, 16], [2, 19, 6, 31, 18, 11, 17, 29], [12, 3, 19, 0, 25, 2, 11, 15], [14, 6, 21, 8, 16, 30, 12, 11], [11, 1, 23, 7, 2, 3, 5, 6], [4, 14, 21, 23, 15, 9, 30, 16], [0, 2, 7, 14, 10, 6, 25, 18], [25, 16, 26, 0, 30, 15, 13, 14], [13, 4, 17, 18, 21, 25, 27, 0], [4, 27, 15, 25, 9, 3, 17, 26], [0, 27, 14, 10, 1, 8, 18, 24], [22, 2, 23, 19, 16, 18, 25, 5], [11, 9, 13, 4, 22, 28, 24, 7], [23, 14, 16, 7, 9, 24, 18, 28], [14, 7, 8, 3, 0, 28, 9, 12], [31, 2, 3, 18, 27, 8, 20, 6], [9, 17, 22, 27, 14, 19, 21, 24], [11, 29, 7, 20, 8, 5, 12, 10], [4, 19, 30, 24, 28, 18, 10, 11], [24, 7, 13, 28, 20, 6, 8, 1], [29, 25, 20, 21, 6, 30, 15, 14], [16, 24, 4, 31, 25, 29, 15, 12], [27, 20, 22, 25, 2, 8, 5, 6], [4, 2, 1, 21, 5, 16, 19, 27], [29, 27, 13, 26, 25, 20, 28, 15], [2, 6, 15, 1, 19, 0, 5, 30], [16, 0, 22, 20, 19, 6, 7, 12], [21, 4, 13, 17, 26, 3, 20, 8], [2, 14, 29, 25, 26, 10, 24, 7], [8, 13, 10, 25, 31, 16, 0, 30], [7, 8, 4, 1, 5, 31, 2, 12], [12, 3, 11, 2, 13, 29, 28, 20], [16, 27, 17, 26, 21, 11, 15, 3], [8, 18, 5, 29, 4, 25, 2, 21], [4, 11, 30, 28, 27, 14, 10, 18], [19, 12, 11, 22, 31, 24, 25, 26], [2, 3, 17, 28, 13, 31, 11, 6], [22, 25, 26, 6, 18, 19, 17, 9], [29, 4, 13, 0, 2, 31, 10, 18], [20, 16, 31, 11, 18, 19, 10, 21], [24, 31, 16, 9, 14, 30, 4, 8], [19, 4, 25, 0, 7, 8, 16, 24], [31, 27, 4, 23, 15, 6, 3, 20], [31, 19, 18, 24, 13, 30, 3, 28], [3, 28, 9, 13, 21, 27, 5, 25], [20, 22, 23, 11, 6, 13, 27, 12], [30, 29, 23, 20, 2, 3, 11, 8], [25, 2, 22, 14, 1, 19, 30, 23], [28, 13, 7, 26, 19, 30, 16, 25], [29, 16, 18, 2, 13, 17, 22, 12], [14, 29, 21, 0, 3, 7, 25, 20], [23, 15, 27, 6, 30, 25, 1, 2], [4, 3, 1, 16, 29, 23, 24, 5], [9, 0, 2, 10, 27, 28, 31, 21], [23, 6, 22, 26, 25, 10, 0, 11], [22, 2, 21, 15, 17, 12, 7, 29], [9, 28, 22, 21, 0, 27, 8, 30], [17, 18, 16, 30, 12, 29, 22, 5], [12, 20, 2, 25, 14, 22, 4, 1], [26, 21, 31, 29, 5, 28, 30, 19], [8, 22, 2, 23, 11, 3, 20, 6], [18, 1, 19, 24, 31, 20, 8, 26], [15, 6, 18, 3, 1, 26, 20, 11], [5, 14, 10, 15, 28, 13, 16, 25]]",8,0.6287567019462585,128,random,0.0,20608,4.0,124,0.7075260281562805,71,104 72 16 117,5149,0.7329192161560059,test,top_r_mean,0.0,0.5,0.25,0.125
0.02124128775307003,1.0,189,1.0,31,0.042899977415800095,qasper,0.5,0.25,0.125,0.0,1611.03599:e330e162ec29722f5ec9f83853d129c9e0693d65,mean,1.0,0.0,,0,0.0,128,full_k,0.5,96415,4.0,124,0.0,0,104 0 120 168,6026,1.0,test,top_r_mean,1.0,1.0,1.0,1.0
0.02124128775307003,0.0,189,0.0,31,9.050099877640605,qasper,0.5,0.0,0.0,0.0,1611.03599:e330e162ec29722f5ec9f83853d129c9e0693d65,mean,0.6047506473038388,0.06625044345855713,,1,1.1630314588546753,128,mean,0.0,3024,4.0,124,1.1997160911560059,0,104 88 32 120,6026,0.7835617661476135,test,top_r_mean,1.0,0.5,0.5,0.5
0.02124128775307003,0.0,189,0.0,31,130.2372000645846,qasper,0.5,0.0,0.0,0.0,1611.03599:e330e162ec29722f5ec9f83853d129c9e0693d65,mean,0.24642575706405492,0.2496441751718521,"[[24], [24], [24], [24], [24], [24], [24], [24], [24], [24], [24], [24], [24], [24], [24], [24], [24], [24], [24], [24], [24], [24], [24], [24], [24], [24], [24], [24], [24], [24], [24], [24], [24], [24], [24], [24], [24], [24], [24], [24], [24], [24], [24], [24], [24], [24], [24], [24], [24], [24], [24], [24], [24], [24], [24], [24], [24], [24], [24], [24], [24], [24], [24], [24], [24], [24], [24], [24], [24], [24], [24], [24], [24], [24], [24], [24], [24], [24], [24], [24], [24], [24], [24], [24], [24], [24], [24], [24], [24], [24], [24], [24], [24], [24], [24], [24], [24], [24], [24], [24], [24], [24], [24], [24], [24], [24], [24], [24], [24], [24], [24], [24], [24], [24], [24], [24], [24], [24], [24], [24], [24], [24], [24], [24], [24], [24], [24], [24], [24], [24], [24], [24], [24], [24], [24], [24], [24], [24], [24], [24], [24], [24], [24], [24], [24], [24], [24], [24], [24], [24], [24], [24], [24], [24], [24], [24], [24], [24], [24], [24], [24], [24], [24], [24], [24], [24], [24], [24], [24], [24], [24], [24], [24], [24], [24], [24], [24], [24], [24], [24], [24], [24], [24], [24], [24], [24], [24], [24], [2]]",1,1.1934736967086792,128,last,0.0,3024,4.0,124,1.3879194259643555,0,18 90 113 141,6026,0.3629748225212097,test,top_r_mean,0.0,0.0,0.0,0.125
0.02124128775307003,1.0,189,1.0,31,129.53019980341196,qasper,0.5,0.25,0.125,0.0,1611.03599:e330e162ec29722f5ec9f83853d129c9e0693d65,mean,0.33468422830124955,0.11361655592918396,"[[29], [20], [12], [16], [17], [12], [9], [13], [13], [7], [6], [19], [8], [20], [25], [22], [27], [14], [28], [0], [24], [6], [24], [6], [11], [13], [11], [19], [1], [14], [0], [17], [8], [24], [8], [16], [4], [16], [23], [7], [5], [6], [19], [16], [19], [21], [14], [24], [19], [25], [8], [10], [25], [11], [13], [17], [23], [9], [20], [8], [10], [25], [8], [2], [24], [24], [11], [14], [3], [11], [1], [16], [22], [20], [25], [21], [5], [26], [30], [25], [12], [11], [4], [7], [25], [25], [1], [13], [28], [20], [10], [17], [23], [31], [4], [18], [4], [22], [31], [4], [12], [15], [6], [0], [6], [23], [22], [29], [11], [6], [10], [21], [21], [12], [23], [26], [14], [11], [15], [15], [27], [20], [16], [13], [12], [2], [19], [17], [28], [3], [2], [26], [24], [14], [26], [23], [19], [23], [11], [28], [3], [21], [26], [7], [9], [26], [22], [15], [31], [12], [12], [9], [4], [23], [4], [23], [0], [14], [30], [15], [12], [28], [24], [13], [10], [23], [17], [22], [17], [11], [8], [14], [10], [6], [18], [28], [18], [26], [23], [26], [25], [26], [2], [11], [19], [14], [2], [12], [4]]",1,0.856153666973114,128,farthest,0.25,3024,4.0,124,0.9478864073753357,0,92 8 104 7,6026,0.48207756876945496,test,top_r_mean,0.0,0.0,0.25,0.25
0.02124128775307003,1.0,189,1.0,31,131.24900008551776,qasper,0.5,0.25,0.125,0.0,1611.03599:e330e162ec29722f5ec9f83853d129c9e0693d65,mean,0.6891815827986041,0.07930883765220642,"[[22], [24], [16], [21], [10], [12], [16], [12], [7], [10], [2], [29], [18], [1], [6], [22], [3], [0], [22], [11], [23], [6], [15], [30], [27], [8], [5], [28], [4], [5], [27], [17], [6], [9], [3], [16], [19], [11], [30], [26], [5], [6], [13], [27], [5], [21], [13], [22], [5], [4], [31], [10], [6], [16], [8], [14], [12], [15], [10], [2], [12], [28], [0], [12], [12], [30], [7], [10], [9], [12], [20], [5], [10], [31], [0], [26], [24], [24], [8], [29], [2], [13], [25], [15], [5], [8], [31], [13], [3], [7], [24], [26], [23], [28], [7], [8], [22], [24], [9], [15], [12], [12], [17], [0], [14], [21], [0], [0], [1], [26], [1], [0], [6], [24], [15], [18], [10], [0], [20], [31], [17], [12], [27], [21], [30], [5], [1], [17], [2], [9], [21], [3], [29], [21], [23], [17], [7], [29], [16], [14], [21], [24], [17], [7], [1], [6], [1], [1], [17], [20], [8], [25], [29], [16], [31], [2], [4], [16], [13], [6], [2], [3], [13], [9], [0], [24], [29], [15], [13], [24], [23], [28], [27], [6], [13], [20], [1], [5], [19], [21], [4], [23], [16], [14], [10], [0], [31], [6], [7]]",1,0.4278620779514313,128,greedy_oracle,0.25,3024,4.0,124,0.5275236964225769,0,111 104 179 2,6026,0.8701079487800598,test,top_r_mean,0.0,0.5,0.25,0.25
0.02124128775307003,1.0,189,1.0,31,122.8940999135375,qasper,0.5,0.25,0.125,0.0,1611.03599:e330e162ec29722f5ec9f83853d129c9e0693d65,mean,0.1956546211865361,0.21653352677822113,"[[6], [8], [18], [19], [12], [26], [18], [27], [26], [5], [8], [13], [3], [1], [15], [9], [24], [25], [31], [30], [18], [7], [2], [25], [11], [30], [13], [24], [9], [6], [22], [27], [24], [16], [18], [10], [19], [8], [12], [30], [5], [25], [23], [31], [23], [28], [14], [10], [18], [8], [11], [6], [25], [21], [7], [10], [18], [28], [23], [24], [14], [1], [18], [14], [6], [4], [10], [18], [2], [25], [5], [7], [21], [12], [14], [21], [16], [0], [5], [27], [20], [24], [5], [29], [19], [20], [3], [25], [25], [19], [9], [28], [29], [4], [12], [24], [27], [20], [11], [17], [25], [31], [21], [25], [20], [20], [3], [13], [18], [22], [12], [7], [15], [15], [3], [13], [19], [1], [17], [23], [2], [9], [4], [2], [10], [17], [13], [4], [31], [27], [6], [22], [7], [5], [23], [19], [29], [28], [9], [14], [13], [25], [1], [24], [22], [30], [9], [17], [1], [24], [13], [13], [25], [0], [4], [9], [1], [21], [6], [19], [18], [24], [26], [24], [25], [26], [2], [11], [29], [8], [15], [0], [25], [28], [14], [10], [16], [1], [13], [8], [17], [0], [24], [28], [1], [14], [18], [23], [2]]",1,1.1872763633728027,128,random,0.25,3024,4.0,124,1.3465821743011475,11,178 40 134 0,6026,0.2840399146080017,test,top_r_mean,0.0,0.0,0.25,0.125
0.02124128775307003,1.0,189,1.0,31,110.30939989723265,qasper,0.5,0.25,0.125,0.0,1611.03599:e330e162ec29722f5ec9f83853d129c9e0693d65,mean,0.184172013959248,0.19177883863449097,"[[1], [22], [26], [12], [20], [21], [10], [22], [2], [26], [11], [24], [24], [30], [9], [24], [22], [25], [6], [25], [16], [1], [4], [8], [1], [26], [16], [14], [21], [30], [12], [30], [22], [11], [28], [10], [23], [9], [19], [14], [20], [18], [1], [29], [18], [11], [0], [15], [31], [20], [15], [10], [28], [8], [9], [10], [6], [29], [15], [17], [23], [1], [4], [19], [5], [0], [16], [11], [7], [28], [11], [25], [19], [23], [3], [0], [7], [2], [15], [14], [19], [9], [12], [1], [3], [1], [6], [5], [9], [4], [13], [5], [24], [11], [20], [18], [24], [13], [29], [18], [24], [6], [25], [27], [6], [25], [11], [3], [4], [23], [29], [24], [31], [16], [0], [31], [28], [21], [7], [20], [27], [31], [11], [26], [10], [20], [19], [15], [20], [9], [19], [10], [25], [26], [17], [31], [16], [15], [21], [0], [15], [13], [27], [19], [1], [22], [15], [7], [7], [12], [10], [25], [26], [4], [30], [23], [12], [5], [13], [14], [1], [31], [11], [26], [20], [22], [17], [25], [11], [13], [10], [1], [10], [29], [13], [21], [16], [25], [26], [22], [28], [30], [17], [20], [30], [1], [17], [19], [3]]",1,1.2404412031173706,128,random,1.0,3024,4.0,124,1.3872545957565308,23,0 104 174 160,6026,0.2741374969482422,test,top_r_mean,0.0,1.0,0.5,0.25
0.02124128775307003,1.0,189,1.0,31,130.5782999843359,qasper,0.5,0.25,0.125,0.0,1611.03599:e330e162ec29722f5ec9f83853d129c9e0693d65,mean,0.31318248339524934,0.15102964639663696,"[[10], [7], [6], [10], [6], [28], [11], [21], [21], [9], [30], [15], [24], [5], [10], [26], [16], [28], [31], [21], [11], [25], [21], [31], [27], [8], [9], [22], [23], [25], [29], [5], [2], [29], [14], [17], [1], [26], [12], [10], [21], [25], [30], [19], [15], [19], [14], [21], [30], [23], [21], [15], [20], [15], [24], [19], [11], [31], [13], [31], [27], [0], [24], [15], [19], [27], [7], [0], [8], [0], [29], [16], [12], [21], [6], [9], [2], [16], [14], [26], [4], [8], [0], [30], [16], [16], [10], [3], [4], [19], [7], [0], [14], [31], [26], [5], [10], [24], [8], [4], [24], [4], [25], [9], [13], [3], [1], [24], [13], [29], [30], [29], [30], [24], [11], [2], [26], [19], [24], [20], [16], [5], [4], [26], [25], [28], [27], [21], [12], [12], [9], [28], [22], [15], [17], [1], [6], [6], [12], [13], [19], [26], [3], [4], [1], [4], [23], [29], [11], [4], [19], [18], [19], [24], [9], [18], [28], [5], [1], [29], [30], [8], [21], [21], [21], [11], [3], [20], [4], [26], [8], [21], [3], [13], [4], [27], [14], [26], [23], [31], [16], [0], [7], [18], [1], [29], [12], [29], [1]]",1,1.1480077505111694,128,random,0.5,3024,4.0,124,1.2711673974990845,37,113 0 25 136,6026,0.4523916244506836,test,top_r_mean,0.0,0.5,0.25,0.375
0.02124128775307003,1.0,189,1.0,31,125.94519997946918,qasper,0.5,0.25,0.125,0.0,1611.03599:e330e162ec29722f5ec9f83853d129c9e0693d65,mean,0.23798266351457842,0.1866021305322647,"[[18], [20], [18], [11], [20], [20], [19], [7], [26], [1], [0], [6], [7], [14], [22], [6], [31], [5], [27], [20], [21], [18], [1], [29], [22], [31], [3], [19], [21], [0], [4], [4], [20], [25], [23], [28], [1], [9], [5], [18], [23], [9], [9], [31], [1], [27], [1], [12], [30], [31], [29], [24], [16], [21], [9], [24], [24], [9], [8], [28], [7], [21], [13], [25], [15], [2], [31], [27], [29], [10], [13], [6], [22], [14], [10], [29], [4], [28], [8], [10], [15], [6], [17], [21], [9], [27], [16], [25], [18], [17], [27], [18], [27], [10], [23], [27], [28], [19], [10], [15], [8], [18], [10], [20], [2], [9], [19], [9], [7], [26], [31], [17], [14], [4], [30], [18], [10], [6], [31], [22], [26], [27], [23], [1], [23], [7], [9], [5], [16], [3], [2], [17], [31], [20], [18], [22], [25], [3], [12], [12], [16], [8], [11], [16], [17], [13], [29], [7], [21], [20], [20], [26], [28], [10], [25], [20], [2], [20], [2], [3], [12], [24], [6], [13], [0], [18], [20], [29], [12], [12], [21], [12], [7], [16], [29], [0], [28], [25], [1], [4], [11], [18], [8], [12], [8], [19], [22], [21], [8]]",1,1.1585382223129272,128,random,0.25,3024,4.0,124,1.3068102598190308,53,96 14 104 0,6026,0.34332817792892456,test,top_r_mean,0.0,0.0,0.5,0.375
0.02124128775307003,0.0,189,0.0,31,107.92690003290772,qasper,0.5,0.0,0.0,0.0,1611.03599:e330e162ec29722f5ec9f83853d129c9e0693d65,mean,0.2215467747382641,0.5607177019119263,"[[21], [1], [11], [18], [29], [19], [24], [27], [30], [21], [1], [17], [19], [18], [0], [23], [12], [5], [9], [14], [20], [10], [20], [2], [22], [0], [23], [20], [27], [11], [2], [15], [9], [10], [22], [21], [20], [13], [15], [11], [30], [16], [15], [23], [30], [0], [23], [19], [27], [11], [1], [5], [0], [16], [27], [30], [23], [16], [29], [10], [25], [16], [28], [27], [5], [19], [18], [12], [3], [22], [3], [12], [10], [8], [4], [5], [31], [15], [26], [21], [12], [31], [18], [16], [22], [7], [7], [15], [10], [6], [30], [29], [14], [26], [9], [14], [19], [15], [8], [14], [21], [8], [19], [17], [7], [0], [0], [4], [16], [17], [3], [26], [10], [28], [26], [2], [26], [7], [29], [9], [22], [10], [22], [19], [6], [25], [24], [31], [21], [4], [15], [19], [4], [29], [3], [16], [31], [21], [30], [16], [16], [22], [26], [3], [23], [1], [21], [4], [18], [26], [0], [26], [17], [21], [25], [17], [21], [17], [0], [17], [12], [0], [20], [2], [6], [23], [25], [14], [11], [12], [9], [1], [4], [31], [16], [18], [0], [17], [11], [8], [25], [29], [29], [9], [29], [11], [4], [6], [2]]",1,1.245445728302002,128,random,0.0,3024,4.0,124,1.4057260751724243,71,176 167 106 72,6026,0.3228567838668823,test,top_r_mean,0.0,0.0,0.0,0.0
0.02124128775307003,1.0,189,1.0,31,120.6992999650538,qasper,0.5,0.25,0.125,0.0,1611.03599:e330e162ec29722f5ec9f83853d129c9e0693d65,mean,0.2692783969379714,0.202737957239151,"[[24, 25], [24, 25], [24, 25], [24, 25], [24, 25], [24, 25], [24, 25], [24, 25], [24, 25], [24, 25], [24, 25], [24, 25], [24, 25], [24, 25], [24, 25], [24, 25], [24, 25], [24, 25], [24, 25], [24, 25], [24, 25], [24, 25], [24, 25], [24, 25], [24, 25], [24, 25], [24, 25], [24, 25], [24, 25], [24, 25], [24, 25], [24, 25], [24, 25], [24, 25], [24, 25], [24, 25], [24, 25], [24, 25], [24, 25], [24, 25], [24, 25], [24, 25], [24, 25], [24, 25], [24, 25], [24, 25], [24, 25], [24, 25], [24, 25], [24, 25], [24, 25], [24, 25], [24, 25], [24, 25], [24, 25], [24, 25], [24, 25], [24, 25], [24, 25], [24, 25], [24, 25], [24, 25], [24, 25], [24, 25], [24, 25], [24, 25], [24, 25], [24, 25], [24, 25], [24, 25], [24, 25], [24, 25], [24, 25], [24, 25], [24, 25], [24, 25], [24, 25], [24, 25], [24, 25], [24, 25], [24, 25], [24, 25], [24, 25], [24, 25], [24, 25], [24, 25], [24, 25], [24, 25], [24, 25], [24, 25], [24, 25], [24, 25], [24, 25], [24, 25], [24, 25], [24, 25], [24, 25], [24, 25], [24, 25], [24, 25], [24, 25], [24, 25], [24, 25], [24, 25], [24, 25], [24, 25], [24, 25], [24, 25], [24, 25], [24, 25], [24, 25], [24, 25], [24, 25], [24, 25], [24, 25], [24, 25], [24, 25], [24, 25], [24, 25], [24, 25], [24, 25], [24, 25], [24, 25], [24, 25], [24, 25], [24, 25], [24, 25], [24, 25], [24, 25], [24, 25], [24, 25], [24, 25], [24, 25], [24, 25], [24, 25], [24, 25], [24, 25], [24, 25], [24, 25], [24, 25], [24, 25], [24, 25], [24, 25], [24, 25], [24, 25], [24, 25], [24, 25], [24, 25], [24, 25], [24, 25], [24, 25], [24, 25], [24, 25], [24, 25], [24, 25], [24, 25], [24, 25], [24, 25], [24, 25], [24, 25], [24, 25], [24, 25], [24, 25], [24, 25], [24, 25], [24, 25], [24, 25], [24, 25], [24, 25], [24, 25], [24, 25], [24, 25], [24, 25], [24, 25], [24, 25], [24, 25], [24, 25], [24, 25], [24, 25], [24, 25], [24, 25], [24, 25], [24, 25], [24, 25], [24, 25], [24, 25], [24, 25], [24, 25], [2, 3]]",2,1.1937553882598877,128,last,0.25,6048,4.0,124,1.3347512483596802,0,18 141 97 3,6026,0.3906361758708954,test,top_r_mean,0.0,0.0,0.0,0.125
0.02124128775307003,0.0,189,0.0,31,126.60179985687137,qasper,0.5,0.0,0.0,0.0,1611.03599:e330e162ec29722f5ec9f83853d129c9e0693d65,mean,0.3336710570753124,0.4305773377418518,"[[29, 0], [20, 29], [12, 18], [16, 14], [17, 1], [12, 21], [9, 21], [13, 28], [13, 0], [7, 31], [6, 26], [19, 2], [8, 2], [20, 11], [25, 26], [22, 0], [27, 0], [14, 8], [28, 16], [0, 19], [24, 27], [6, 25], [24, 4], [6, 26], [11, 0], [13, 31], [11, 19], [19, 4], [1, 13], [14, 22], [0, 28], [17, 14], [8, 0], [24, 9], [8, 26], [16, 1], [4, 14], [16, 13], [23, 12], [7, 19], [5, 0], [6, 19], [19, 11], [16, 15], [19, 6], [21, 1], [14, 21], [24, 30], [19, 0], [25, 12], [8, 4], [10, 1], [25, 15], [11, 24], [13, 22], [17, 26], [23, 0], [9, 20], [20, 12], [8, 12], [10, 2], [25, 20], [8, 23], [2, 20], [24, 0], [24, 17], [11, 8], [14, 0], [3, 29], [11, 25], [1, 18], [16, 30], [22, 0], [20, 7], [25, 1], [21, 9], [5, 14], [26, 7], [30, 26], [25, 11], [12, 0], [11, 31], [4, 2], [7, 9], [25, 15], [25, 14], [1, 24], [13, 10], [28, 0], [20, 7], [10, 29], [17, 29], [23, 27], [31, 23], [4, 16], [18, 10], [4, 0], [22, 4], [31, 13], [4, 8], [12, 10], [15, 31], [6, 26], [0, 6], [6, 0], [23, 30], [22, 11], [29, 13], [11, 12], [6, 28], [10, 31], [21, 28], [21, 0], [12, 24], [23, 17], [26, 19], [14, 29], [11, 17], [15, 24], [15, 4], [27, 0], [20, 10], [16, 31], [13, 30], [12, 27], [2, 0], [19, 24], [17, 14], [28, 0], [3, 23], [2, 14], [26, 4], [24, 30], [14, 20], [26, 16], [23, 13], [19, 0], [23, 1], [11, 13], [28, 5], [3, 22], [21, 24], [26, 2], [7, 10], [9, 0], [26, 31], [22, 14], [15, 11], [31, 24], [12, 25], [12, 29], [9, 7], [4, 0], [23, 18], [4, 31], [23, 13], [0, 27], [14, 18], [30, 12], [15, 21], [12, 0], [28, 29], [24, 30], [13, 6], [10, 15], [23, 10], [17, 24], [22, 14], [17, 0], [11, 7], [8, 29], [14, 1], [10, 29], [6, 15], [18, 24], [28, 2], [18, 0], [26, 24], [23, 6], [26, 0], [25, 8], [26, 18], [2, 30], [11, 22], [19, 0], [14, 10], [2, 23], [12, 24], [4, 9]]",2,1.2768770456314087,128,farthest,0.0,6048,4.0,124,1.3971834182739258,0,8 104 40 160,6026,0.46859878301620483,test,top_r_mean,0.0,0.5,0.25,0.5
0.02124128775307003,0.0,189,0.0,31,119.83829992823303,qasper,0.5,0.0,0.0,0.0,1611.03599:e330e162ec29722f5ec9f83853d129c9e0693d65,mean,0.7840819542947203,0.12289505451917648,"[[22, 0], [24, 11], [16, 15], [21, 2], [10, 24], [12, 9], [16, 9], [12, 13], [7, 0], [10, 30], [2, 6], [29, 15], [18, 21], [1, 13], [6, 22], [22, 7], [3, 0], [0, 24], [22, 24], [11, 27], [23, 24], [6, 0], [15, 14], [30, 29], [27, 0], [8, 7], [5, 7], [28, 0], [4, 16], [5, 2], [27, 14], [17, 26], [6, 0], [9, 11], [3, 14], [16, 17], [19, 21], [11, 6], [30, 31], [26, 28], [5, 0], [6, 2], [13, 20], [27, 30], [5, 7], [21, 19], [13, 4], [22, 17], [5, 0], [4, 5], [31, 20], [10, 3], [6, 5], [16, 19], [8, 16], [14, 11], [12, 0], [15, 18], [10, 30], [2, 26], [12, 11], [28, 13], [0, 9], [12, 2], [12, 0], [30, 29], [7, 9], [10, 24], [9, 19], [12, 28], [20, 2], [5, 6], [10, 0], [31, 10], [0, 12], [26, 18], [24, 23], [24, 19], [8, 9], [29, 13], [2, 0], [13, 18], [25, 9], [15, 29], [5, 6], [8, 23], [31, 15], [13, 1], [3, 0], [7, 11], [24, 27], [26, 18], [23, 17], [28, 26], [7, 29], [8, 9], [22, 0], [24, 25], [9, 8], [15, 14], [12, 31], [12, 19], [17, 30], [0, 17], [14, 0], [21, 0], [0, 12], [0, 1], [1, 9], [26, 31], [1, 26], [0, 1], [6, 0], [24, 9], [15, 21], [18, 16], [10, 20], [0, 23], [20, 22], [31, 27], [17, 0], [12, 14], [27, 14], [21, 7], [30, 28], [5, 3], [1, 3], [17, 7], [2, 0], [9, 22], [21, 24], [3, 6], [29, 10], [21, 20], [23, 22], [17, 15], [7, 0], [29, 28], [16, 3], [14, 16], [21, 18], [24, 25], [17, 9], [7, 23], [1, 0], [6, 16], [1, 13], [1, 0], [17, 27], [20, 18], [8, 10], [25, 26], [29, 0], [16, 12], [31, 10], [2, 6], [4, 20], [16, 14], [13, 30], [6, 23], [2, 0], [3, 8], [13, 8], [9, 0], [0, 20], [24, 6], [29, 15], [15, 14], [13, 0], [24, 27], [23, 21], [28, 8], [27, 28], [6, 12], [13, 18], [20, 28], [1, 0], [5, 20], [19, 13], [21, 26], [4, 21], [23, 0], [16, 4], [14, 17], [10, 0], [0, 31], [31, 2], [6, 7], [7, 9]]",2,0.4047444462776184,128,greedy_oracle,0.0,6048,4.0,124,0.42507651448249817,0,104 96 112 120,6026,0.9301037192344666,test,top_r_mean,1.0,0.5,0.5,0.625
0.02124128775307003,0.0,189,0.0,31,129.3426000047475,qasper,0.5,0.0,0.0,0.0,1611.03599:e330e162ec29722f5ec9f83853d129c9e0693d65,mean,0.24541258583811776,0.16853761672973633,"[[6, 8], [8, 24], [18, 5], [19, 0], [12, 28], [26, 17], [18, 25], [27, 14], [26, 16], [5, 31], [8, 24], [13, 26], [3, 10], [1, 18], [15, 0], [9, 16], [24, 13], [25, 0], [31, 1], [30, 2], [18, 16], [7, 2], [2, 26], [25, 1], [11, 2], [30, 7], [13, 20], [24, 30], [9, 3], [6, 20], [22, 2], [27, 22], [24, 27], [16, 20], [18, 8], [10, 17], [19, 25], [8, 29], [12, 1], [30, 16], [5, 15], [25, 5], [23, 24], [31, 1], [23, 11], [28, 1], [14, 5], [10, 5], [18, 16], [8, 18], [11, 5], [6, 20], [25, 16], [21, 16], [7, 20], [10, 21], [18, 22], [28, 10], [23, 3], [24, 23], [14, 10], [1, 21], [18, 11], [14, 18], [6, 26], [4, 6], [10, 28], [18, 19], [2, 10], [25, 30], [5, 16], [7, 12], [21, 4], [12, 7], [14, 25], [21, 18], [16, 19], [0, 8], [5, 18], [27, 9], [20, 30], [24, 12], [5, 11], [29, 9], [19, 30], [20, 23], [3, 12], [25, 9], [25, 19], [19, 5], [9, 6], [28, 12], [29, 14], [4, 19], [12, 25], [24, 23], [27, 28], [20, 7], [11, 3], [17, 5], [25, 17], [31, 16], [21, 1], [25, 30], [20, 21], [20, 22], [3, 10], [13, 21], [18, 8], [22, 12], [12, 23], [7, 9], [15, 5], [15, 5], [3, 24], [13, 24], [19, 28], [1, 5], [17, 18], [23, 22], [2, 21], [9, 3], [4, 27], [2, 9], [10, 4], [17, 28], [13, 12], [4, 19], [31, 10], [27, 1], [6, 9], [22, 9], [7, 15], [5, 21], [23, 28], [19, 2], [29, 14], [28, 1], [9, 24], [14, 2], [13, 29], [25, 16], [1, 2], [24, 10], [22, 24], [30, 8], [9, 28], [17, 12], [1, 18], [24, 28], [13, 26], [13, 7], [25, 2], [0, 5], [4, 30], [9, 8], [1, 6], [21, 22], [6, 9], [19, 26], [18, 21], [24, 26], [26, 14], [24, 3], [25, 23], [26, 18], [2, 22], [11, 27], [29, 4], [8, 18], [15, 27], [0, 27], [25, 13], [28, 26], [14, 4], [10, 14], [16, 12], [1, 12], [13, 7], [8, 0], [17, 4], [0, 15], [24, 0], [28, 23], [1, 2], [14, 30], [18, 21], [23, 7], [2, 3]]",2,1.2006888389587402,128,random,0.0,6048,4.0,124,1.3084763288497925,11,162 96 161 184,6026,0.3540109395980835,test,top_r_mean,0.0,0.0,0.0,0.375
0.02124128775307003,0.0,189,0.0,31,132.07420008257031,qasper,0.5,0.0,0.0,0.0,1611.03599:e330e162ec29722f5ec9f83853d129c9e0693d65,mean,0.2791849600360239,0.1260196417570114,"[[1, 12], [22, 30], [26, 6], [12, 24], [20, 8], [21, 12], [10, 26], [22, 6], [2, 19], [26, 13], [11, 19], [24, 16], [24, 25], [30, 3], [9, 28], [24, 18], [22, 23], [25, 12], [6, 11], [25, 6], [16, 15], [1, 5], [4, 1], [8, 25], [1, 4], [26, 1], [16, 20], [14, 3], [21, 0], [30, 24], [12, 11], [30, 26], [22, 28], [11, 22], [28, 13], [10, 15], [23, 25], [9, 10], [19, 1], [14, 19], [20, 2], [18, 24], [1, 9], [29, 31], [18, 3], [11, 27], [0, 10], [15, 18], [31, 9], [20, 26], [15, 2], [10, 5], [28, 24], [8, 22], [9, 8], [10, 15], [6, 3], [29, 3], [15, 30], [17, 25], [23, 25], [1, 6], [4, 21], [19, 14], [5, 1], [0, 9], [16, 21], [11, 14], [7, 27], [28, 6], [11, 20], [25, 3], [19, 17], [23, 11], [3, 21], [0, 7], [7, 24], [2, 12], [15, 3], [14, 29], [19, 17], [9, 30], [12, 29], [1, 30], [3, 7], [1, 30], [6, 0], [5, 19], [9, 19], [4, 30], [13, 25], [5, 16], [24, 26], [11, 28], [20, 21], [18, 23], [24, 30], [13, 22], [29, 11], [18, 27], [24, 10], [6, 20], [25, 21], [27, 25], [6, 7], [25, 4], [11, 22], [3, 24], [4, 26], [23, 1], [29, 30], [24, 10], [31, 7], [16, 6], [0, 8], [31, 12], [28, 18], [21, 17], [7, 22], [20, 29], [27, 1], [31, 19], [11, 9], [26, 3], [10, 28], [20, 5], [19, 1], [15, 24], [20, 1], [9, 23], [19, 2], [10, 19], [25, 4], [26, 6], [17, 8], [31, 24], [16, 5], [15, 3], [21, 13], [0, 11], [15, 22], [13, 22], [27, 15], [19, 9], [1, 7], [22, 0], [15, 13], [7, 28], [7, 16], [12, 28], [10, 26], [25, 2], [26, 31], [4, 31], [30, 4], [23, 12], [12, 1], [5, 15], [13, 24], [14, 27], [1, 6], [31, 16], [11, 10], [26, 28], [20, 31], [22, 3], [17, 15], [25, 5], [11, 9], [13, 16], [10, 27], [1, 27], [10, 13], [29, 5], [13, 6], [21, 23], [16, 6], [25, 31], [26, 16], [22, 24], [28, 12], [30, 2], [17, 22], [20, 7], [30, 22], [1, 23], [17, 12], [19, 27], [3, 6]]",2,1.1774241924285889,128,random,0.0,6048,4.0,124,1.2626826763153076,23,144 48 64 120,6026,0.40626922249794006,test,top_r_mean,0.0,0.0,0.25,0.125
0.02124128775307003,1.0,189,1.0,31,123.46839997917414,qasper,0.5,0.25,0.125,0.0,1611.03599:e330e162ec29722f5ec9f83853d129c9e0693d65,mean,0.34155127772149046,0.10883971303701401,"[[10, 22], [7, 22], [6, 0], [10, 12], [6, 1], [28, 5], [11, 28], [21, 18], [21, 28], [9, 18], [30, 7], [15, 29], [24, 1], [5, 23], [10, 17], [26, 25], [16, 18], [28, 15], [31, 18], [21, 12], [11, 19], [25, 11], [21, 2], [31, 18], [27, 24], [8, 13], [9, 29], [22, 18], [23, 31], [25, 5], [29, 13], [5, 19], [2, 14], [29, 25], [14, 6], [17, 2], [1, 5], [26, 2], [12, 24], [10, 31], [21, 10], [25, 9], [30, 0], [19, 29], [15, 11], [19, 21], [14, 22], [21, 25], [30, 17], [23, 14], [21, 8], [15, 4], [20, 4], [15, 2], [24, 29], [19, 6], [11, 31], [31, 29], [13, 30], [31, 10], [27, 7], [0, 26], [24, 22], [15, 4], [19, 12], [27, 26], [7, 0], [0, 9], [8, 4], [0, 27], [29, 26], [16, 26], [12, 7], [21, 17], [6, 1], [9, 23], [2, 11], [16, 10], [14, 27], [26, 5], [4, 11], [8, 17], [0, 8], [30, 16], [16, 12], [16, 1], [10, 17], [3, 19], [4, 25], [19, 0], [7, 29], [0, 6], [14, 3], [31, 26], [26, 25], [5, 9], [10, 6], [24, 26], [8, 31], [4, 16], [24, 17], [4, 28], [25, 14], [9, 7], [13, 3], [3, 5], [1, 2], [24, 31], [13, 23], [29, 8], [30, 25], [29, 31], [30, 11], [24, 17], [11, 20], [2, 13], [26, 5], [19, 24], [24, 27], [20, 19], [16, 12], [5, 6], [4, 2], [26, 29], [25, 8], [28, 27], [27, 5], [21, 27], [12, 14], [12, 20], [9, 31], [28, 22], [22, 3], [15, 22], [17, 15], [1, 30], [6, 11], [6, 21], [12, 26], [13, 2], [19, 12], [26, 29], [3, 25], [4, 15], [1, 6], [4, 16], [23, 25], [29, 10], [11, 21], [4, 21], [19, 10], [18, 11], [19, 3], [24, 0], [9, 8], [18, 0], [28, 13], [5, 30], [1, 14], [29, 4], [30, 18], [8, 15], [21, 7], [21, 28], [21, 5], [11, 1], [3, 31], [20, 24], [4, 1], [26, 1], [8, 18], [21, 20], [3, 17], [13, 2], [4, 31], [27, 15], [14, 11], [26, 9], [23, 30], [31, 4], [16, 25], [0, 21], [7, 12], [18, 10], [1, 16], [29, 24], [12, 26], [29, 0], [1, 8]]",2,1.135822057723999,128,random,1.0,6048,4.0,124,1.2114322185516357,37,0 88 162 168,6026,0.49221813678741455,test,top_r_mean,0.0,0.5,0.5,0.375
0.02124128775307003,1.0,189,1.0,31,118.33279998973012,qasper,0.5,0.25,0.125,0.0,1611.03599:e330e162ec29722f5ec9f83853d129c9e0693d65,mean,0.25599459642012834,0.13646367192268372,"[[18, 6], [20, 14], [18, 13], [11, 8], [20, 12], [20, 6], [19, 21], [7, 30], [26, 21], [1, 7], [0, 13], [6, 3], [7, 9], [14, 23], [22, 25], [6, 13], [31, 19], [5, 22], [27, 16], [20, 6], [21, 28], [18, 5], [1, 28], [29, 7], [22, 18], [31, 24], [3, 23], [19, 23], [21, 8], [0, 1], [4, 27], [4, 13], [20, 13], [25, 20], [23, 19], [28, 29], [1, 9], [9, 27], [5, 12], [18, 9], [23, 25], [9, 10], [9, 4], [31, 14], [1, 4], [27, 0], [1, 2], [12, 9], [30, 22], [31, 30], [29, 20], [24, 30], [16, 20], [21, 22], [9, 25], [24, 12], [24, 31], [9, 24], [8, 17], [28, 9], [7, 15], [21, 25], [13, 1], [25, 16], [15, 23], [2, 16], [31, 12], [27, 7], [29, 0], [10, 11], [13, 23], [6, 21], [22, 27], [14, 13], [10, 24], [29, 4], [4, 2], [28, 2], [8, 29], [10, 17], [15, 1], [6, 15], [17, 6], [21, 30], [9, 31], [27, 5], [16, 13], [25, 26], [18, 22], [17, 7], [27, 10], [18, 20], [27, 26], [10, 0], [23, 17], [27, 5], [28, 13], [19, 0], [10, 7], [15, 29], [8, 16], [18, 19], [10, 0], [20, 24], [2, 17], [9, 6], [19, 28], [9, 31], [7, 3], [26, 29], [31, 28], [17, 22], [14, 26], [4, 29], [30, 17], [18, 23], [10, 26], [6, 25], [31, 2], [22, 28], [26, 2], [27, 6], [23, 21], [1, 20], [23, 11], [7, 29], [9, 23], [5, 27], [16, 2], [3, 13], [2, 28], [17, 31], [31, 19], [20, 26], [18, 25], [22, 6], [25, 16], [3, 9], [12, 13], [12, 9], [16, 19], [8, 16], [11, 15], [16, 1], [17, 13], [13, 6], [29, 31], [7, 28], [21, 23], [20, 13], [20, 10], [26, 3], [28, 26], [10, 24], [25, 5], [20, 5], [2, 19], [20, 29], [2, 30], [3, 12], [12, 6], [24, 0], [6, 25], [13, 3], [0, 16], [18, 22], [20, 23], [29, 21], [12, 31], [12, 14], [21, 22], [12, 26], [7, 23], [16, 31], [29, 31], [0, 27], [28, 12], [25, 7], [1, 8], [4, 22], [11, 30], [18, 24], [8, 17], [12, 19], [8, 17], [19, 25], [22, 7], [21, 7], [8, 5]]",2,1.19174063205719,128,random,0.3333333333333333,6048,4.0,124,1.2848411798477173,53,104 14 0 80,6026,0.3707744777202606,test,top_r_mean,1.0,0.5,0.5,0.25
0.02124128775307003,0.0,189,0.0,31,119.30490005761385,qasper,0.5,0.0,0.0,0.0,1611.03599:e330e162ec29722f5ec9f83853d129c9e0693d65,mean,0.28380051784307103,0.16674986481666565,"[[21, 30], [1, 20], [11, 27], [18, 20], [29, 23], [19, 20], [24, 7], [27, 12], [30, 12], [21, 6], [1, 15], [17, 0], [19, 14], [18, 1], [0, 5], [23, 14], [12, 13], [5, 3], [9, 12], [14, 28], [20, 23], [10, 25], [20, 8], [2, 23], [22, 15], [0, 29], [23, 19], [20, 5], [27, 28], [11, 13], [2, 29], [15, 31], [9, 2], [10, 20], [22, 2], [21, 30], [20, 7], [13, 8], [15, 16], [11, 20], [30, 0], [16, 7], [15, 7], [23, 15], [30, 25], [0, 10], [23, 9], [19, 11], [27, 22], [11, 27], [1, 8], [5, 29], [0, 11], [16, 24], [27, 22], [30, 27], [23, 27], [16, 19], [29, 25], [10, 28], [25, 1], [16, 6], [28, 31], [27, 28], [5, 9], [19, 4], [18, 9], [12, 3], [3, 8], [22, 16], [3, 7], [12, 13], [10, 31], [8, 17], [4, 12], [5, 2], [31, 0], [15, 4], [26, 0], [21, 8], [12, 7], [31, 10], [18, 22], [16, 12], [22, 15], [7, 20], [7, 13], [15, 21], [10, 6], [6, 24], [30, 10], [29, 7], [14, 11], [26, 21], [9, 2], [14, 23], [19, 11], [15, 29], [8, 25], [14, 10], [21, 15], [8, 17], [19, 4], [17, 14], [7, 19], [0, 23], [0, 15], [4, 27], [16, 24], [17, 26], [3, 28], [26, 29], [10, 19], [28, 1], [26, 16], [2, 17], [26, 20], [7, 29], [29, 1], [9, 8], [22, 23], [10, 3], [22, 25], [19, 22], [6, 24], [25, 22], [24, 23], [31, 17], [21, 14], [4, 14], [15, 2], [19, 31], [4, 11], [29, 30], [3, 11], [16, 30], [31, 4], [21, 10], [30, 19], [16, 11], [16, 18], [22, 7], [26, 29], [3, 15], [23, 11], [1, 12], [21, 8], [4, 20], [18, 14], [26, 6], [0, 17], [26, 24], [17, 13], [21, 9], [25, 10], [17, 31], [21, 7], [17, 27], [0, 19], [17, 0], [12, 18], [0, 26], [20, 9], [2, 24], [6, 21], [23, 26], [25, 11], [14, 4], [11, 21], [12, 22], [9, 18], [1, 5], [4, 14], [31, 7], [16, 14], [18, 9], [0, 8], [17, 14], [11, 9], [8, 5], [25, 28], [29, 0], [29, 8], [9, 8], [29, 13], [11, 2], [4, 5], [6, 24], [2, 3]]",2,1.1844611167907715,128,random,0.0,6048,4.0,124,1.2847084999084473,71,40 176 88 105,6026,0.40279421210289,test,top_r_mean,0.0,0.0,0.0,0.0
0.02124128775307003,0.0,189,0.0,31,112.22260002978146,qasper,0.5,0.0,0.0,0.0,1611.03599:e330e162ec29722f5ec9f83853d129c9e0693d65,mean,0.29933580997410786,0.1563073992729187,"[[24, 25, 26, 27], [24, 25, 26, 27], [24, 25, 26, 27], [24, 25, 26, 27], [24, 25, 26, 27], [24, 25, 26, 27], [24, 25, 26, 27], [24, 25, 26, 27], [24, 25, 26, 27], [24, 25, 26, 27], [24, 25, 26, 27], [24, 25, 26, 27], [24, 25, 26, 27], [24, 25, 26, 27], [24, 25, 26, 27], [24, 25, 26, 27], [24, 25, 26, 27], [24, 25, 26, 27], [24, 25, 26, 27], [24, 25, 26, 27], [24, 25, 26, 27], [24, 25, 26, 27], [24, 25, 26, 27], [24, 25, 26, 27], [24, 25, 26, 27], [24, 25, 26, 27], [24, 25, 26, 27], [24, 25, 26, 27], [24, 25, 26, 27], [24, 25, 26, 27], [24, 25, 26, 27], [24, 25, 26, 27], [24, 25, 26, 27], [24, 25, 26, 27], [24, 25, 26, 27], [24, 25, 26, 27], [24, 25, 26, 27], [24, 25, 26, 27], [24, 25, 26, 27], [24, 25, 26, 27], [24, 25, 26, 27], [24, 25, 26, 27], [24, 25, 26, 27], [24, 25, 26, 27], [24, 25, 26, 27], [24, 25, 26, 27], [24, 25, 26, 27], [24, 25, 26, 27], [24, 25, 26, 27], [24, 25, 26, 27], [24, 25, 26, 27], [24, 25, 26, 27], [24, 25, 26, 27], [24, 25, 26, 27], [24, 25, 26, 27], [24, 25, 26, 27], [24, 25, 26, 27], [24, 25, 26, 27], [24, 25, 26, 27], [24, 25, 26, 27], [24, 25, 26, 27], [24, 25, 26, 27], [24, 25, 26, 27], [24, 25, 26, 27], [24, 25, 26, 27], [24, 25, 26, 27], [24, 25, 26, 27], [24, 25, 26, 27], [24, 25, 26, 27], [24, 25, 26, 27], [24, 25, 26, 27], [24, 25, 26, 27], [24, 25, 26, 27], [24, 25, 26, 27], [24, 25, 26, 27], [24, 25, 26, 27], [24, 25, 26, 27], [24, 25, 26, 27], [24, 25, 26, 27], [24, 25, 26, 27], [24, 25, 26, 27], [24, 25, 26, 27], [24, 25, 26, 27], [24, 25, 26, 27], [24, 25, 26, 27], [24, 25, 26, 27], [24, 25, 26, 27], [24, 25, 26, 27], [24, 25, 26, 27], [24, 25, 26, 27], [24, 25, 26, 27], [24, 25, 26, 27], [24, 25, 26, 27], [24, 25, 26, 27], [24, 25, 26, 27], [24, 25, 26, 27], [24, 25, 26, 27], [24, 25, 26, 27], [24, 25, 26, 27], [24, 25, 26, 27], [24, 25, 26, 27], [24, 25, 26, 27], [24, 25, 26, 27], [24, 25, 26, 27], [24, 25, 26, 27], [24, 25, 26, 27], [24, 25, 26, 27], [24, 25, 26, 27], [24, 25, 26, 27], [24, 25, 26, 27], [24, 25, 26, 27], [24, 25, 26, 27], [24, 25, 26, 27], [24, 25, 26, 27], [24, 25, 26, 27], [24, 25, 26, 27], [24, 25, 26, 27], [24, 25, 26, 27], [24, 25, 26, 27], [24, 25, 26, 27], [24, 25, 26, 27], [24, 25, 26, 27], [24, 25, 26, 27], [24, 25, 26, 27], [24, 25, 26, 27], [24, 25, 26, 27], [24, 25, 26, 27], [24, 25, 26, 27], [24, 25, 26, 27], [24, 25, 26, 27], [24, 25, 26, 27], [24, 25, 26, 27], [24, 25, 26, 27], [24, 25, 26, 27], [24, 25, 26, 27], [24, 25, 26, 27], [24, 25, 26, 27], [24, 25, 26, 27], [24, 25, 26, 27], [24, 25, 26, 27], [24, 25, 26, 27], [24, 25, 26, 27], [24, 25, 26, 27], [24, 25, 26, 27], [24, 25, 26, 27], [24, 25, 26, 27], [24, 25, 26, 27], [24, 25, 26, 27], [24, 25, 26, 27], [24, 25, 26, 27], [24, 25, 26, 27], [24, 25, 26, 27], [24, 25, 26, 27], [24, 25, 26, 27], [24, 25, 26, 27], [24, 25, 26, 27], [24, 25, 26, 27], [24, 25, 26, 27], [24, 25, 26, 27], [24, 25, 26, 27], [24, 25, 26, 27], [24, 25, 26, 27], [24, 25, 26, 27], [24, 25, 26, 27], [24, 25, 26, 27], [24, 25, 26, 27], [24, 25, 26, 27], [24, 25, 26, 27], [24, 25, 26, 27], [24, 25, 26, 27], [24, 25, 26, 27], [24, 25, 26, 27], [24, 25, 26, 27], [24, 25, 26, 27], [24, 25, 26, 27], [24, 25, 26, 27], [24, 25, 26, 27], [24, 25, 26, 27], [24, 25, 26, 27], [24, 25, 26, 27], [24, 25, 26, 27], [24, 25, 26, 27], [24, 25, 26, 27], [24, 25, 26, 27], [24, 25, 26, 27], [24, 25, 26, 27], [24, 25, 26, 27], [24, 25, 26, 27], [2, 3, 4, 5]]",4,1.1923450231552124,128,last,0.0,12096,4.0,124,1.294554352760315,0,90 18 141 161,6026,0.4293855130672455,test,top_r_mean,0.0,0.0,0.0,0.125
0.02124128775307003,0.0,189,0.0,31,111.31449998356402,qasper,0.5,0.0,0.0,0.0,1611.03599:e330e162ec29722f5ec9f83853d129c9e0693d65,mean,0.370145221209051,0.09896314144134521,"[[29, 0, 16, 20], [20, 29, 9, 0], [12, 18, 0, 27], [16, 14, 3, 29], [17, 1, 2, 27], [12, 21, 10, 8], [9, 21, 13, 12], [13, 28, 9, 18], [13, 0, 12, 27], [7, 31, 10, 27], [6, 26, 11, 20], [19, 2, 11, 28], [8, 2, 0, 16], [20, 11, 12, 9], [25, 26, 9, 20], [22, 0, 10, 21], [27, 0, 21, 20], [14, 8, 21, 4], [28, 16, 27, 31], [0, 19, 18, 25], [24, 27, 21, 10], [6, 25, 20, 24], [24, 4, 25, 7], [6, 26, 13, 27], [11, 0, 25, 7], [13, 31, 0, 20], [11, 19, 18, 28], [19, 4, 1, 3], [1, 13, 21, 26], [14, 22, 31, 3], [0, 28, 18, 9], [17, 14, 9, 1], [8, 0, 12, 5], [24, 9, 17, 2], [8, 26, 24, 29], [16, 1, 0, 25], [4, 14, 29, 11], [16, 13, 20, 21], [23, 12, 8, 28], [7, 19, 30, 5], [5, 0, 24, 7], [6, 19, 29, 31], [19, 11, 9, 3], [16, 15, 31, 5], [19, 6, 2, 16], [21, 1, 24, 15], [14, 21, 0, 31], [24, 30, 9, 6], [19, 0, 1, 29], [25, 12, 10, 29], [8, 4, 5, 13], [10, 1, 26, 8], [25, 15, 28, 1], [11, 24, 4, 26], [13, 22, 3, 10], [17, 26, 29, 10], [23, 0, 15, 10], [9, 20, 15, 14], [20, 12, 29, 27], [8, 12, 3, 25], [10, 2, 30, 7], [25, 20, 30, 10], [8, 23, 25, 21], [2, 20, 13, 11], [24, 0, 3, 23], [24, 17, 16, 29], [11, 8, 19, 15], [14, 0, 4, 30], [3, 29, 13, 25], [11, 25, 13, 26], [1, 18, 16, 7], [16, 30, 14, 31], [22, 0, 5, 29], [20, 7, 0, 27], [25, 1, 10, 3], [21, 9, 24, 25], [5, 14, 2, 21], [26, 7, 8, 18], [30, 26, 11, 10], [25, 11, 22, 10], [12, 0, 3, 20], [11, 31, 4, 13], [4, 2, 25, 30], [7, 9, 11, 19], [25, 15, 3, 10], [25, 14, 9, 0], [1, 24, 19, 16], [13, 10, 12, 5], [28, 0, 7, 20], [20, 7, 6, 4], [10, 29, 6, 23], [17, 29, 6, 12], [23, 27, 19, 10], [31, 23, 12, 0], [4, 16, 25, 6], [18, 10, 3, 25], [4, 0, 7, 13], [22, 4, 12, 11], [31, 13, 28, 23], [4, 8, 30, 11], [12, 10, 30, 13], [15, 31, 8, 30], [6, 26, 13, 9], [0, 6, 3, 8], [6, 0, 19, 29], [23, 30, 19, 22], [22, 11, 13, 3], [29, 13, 17, 8], [11, 12, 5, 15], [6, 28, 24, 26], [10, 31, 30, 9], [21, 28, 13, 3], [21, 0, 3, 9], [12, 24, 7, 19], [23, 17, 10, 1], [26, 19, 6, 4], [14, 29, 6, 3], [11, 17, 2, 14], [15, 24, 28, 26], [15, 4, 29, 7], [27, 0, 21, 2], [20, 10, 24, 15], [16, 31, 0, 2], [13, 30, 11, 23], [12, 27, 9, 1], [2, 0, 19, 31], [19, 24, 2, 9], [17, 14, 8, 3], [28, 0, 4, 14], [3, 23, 11, 28], [2, 14, 8, 22], [26, 4, 5, 18], [24, 30, 15, 31], [14, 20, 30, 1], [26, 16, 11, 27], [23, 13, 31, 7], [19, 0, 3, 14], [23, 1, 8, 26], [11, 13, 5, 8], [28, 5, 19, 14], [3, 22, 9, 13], [21, 24, 31, 6], [26, 2, 15, 3], [7, 10, 9, 19], [9, 0, 26, 4], [26, 31, 9, 5], [22, 14, 10, 29], [15, 11, 7, 5], [31, 24, 6, 21], [12, 25, 5, 23], [12, 29, 7, 28], [9, 7, 1, 29], [4, 0, 30, 25], [23, 18, 25, 0], [4, 31, 11, 29], [23, 13, 0, 14], [0, 27, 20, 8], [14, 18, 9, 25], [30, 12, 10, 4], [15, 21, 2, 18], [12, 0, 31, 18], [28, 29, 15, 3], [24, 30, 27, 20], [13, 6, 14, 10], [10, 15, 31, 4], [23, 10, 7, 15], [17, 24, 26, 1], [22, 14, 5, 2], [17, 0, 12, 30], [11, 7, 20, 29], [8, 29, 26, 21], [14, 1, 18, 5], [10, 29, 14, 27], [6, 15, 19, 3], [18, 24, 8, 9], [28, 2, 1, 24], [18, 0, 28, 15], [26, 24, 17, 25], [23, 6, 17, 22], [26, 0, 22, 25], [25, 8, 12, 24], [26, 18, 12, 20], [2, 30, 27, 26], [11, 22, 15, 14], [19, 0, 24, 12], [14, 10, 16, 13], [2, 23, 31, 28], [12, 24, 22, 3], [4, 9, 6, 2]]",4,1.419043779373169,128,farthest,0.0,12096,4.0,124,1.4910067319869995,0,168 8 104 80,6026,0.5130788087844849,test,top_r_mean,0.0,0.0,0.5,0.375
0.02124128775307003,0.0,189,0.0,31,133.25050007551908,qasper,0.5,0.0,0.0,0.0,1611.03599:e330e162ec29722f5ec9f83853d129c9e0693d65,mean,0.8303501069458517,0.0028877602890133858,"[[22, 0, 23, 1], [24, 11, 12, 25], [16, 15, 23, 21], [21, 2, 24, 25], [10, 24, 3, 4], [12, 9, 27, 4], [16, 9, 14, 10], [12, 13, 24, 17], [7, 0, 13, 9], [10, 30, 16, 26], [2, 6, 3, 0], [29, 15, 30, 18], [18, 21, 24, 12], [1, 13, 15, 21], [6, 22, 5, 25], [22, 7, 11, 9], [3, 0, 4, 5], [0, 24, 1, 2], [22, 24, 28, 25], [11, 27, 29, 30], [23, 24, 20, 0], [6, 0, 21, 31], [15, 14, 27, 9], [30, 29, 14, 12], [27, 0, 31, 1], [8, 7, 17, 1], [5, 7, 8, 9], [28, 0, 3, 31], [4, 16, 18, 1], [5, 2, 0, 30], [27, 14, 12, 25], [17, 26, 0, 5], [6, 0, 9, 7], [9, 11, 12, 16], [3, 14, 22, 9], [16, 17, 29, 2], [19, 21, 18, 20], [11, 6, 1, 29], [30, 31, 14, 20], [26, 28, 6, 21], [5, 0, 23, 11], [6, 2, 0, 8], [13, 20, 28, 17], [27, 30, 16, 7], [5, 7, 8, 1], [21, 19, 20, 6], [13, 4, 12, 10], [22, 17, 29, 3], [5, 0, 25, 3], [4, 5, 7, 21], [31, 20, 25, 11], [10, 3, 4, 11], [6, 5, 23, 11], [16, 19, 3, 8], [8, 16, 15, 11], [14, 11, 25, 1], [12, 0, 21, 13], [15, 18, 23, 17], [10, 30, 13, 31], [2, 26, 0, 23], [12, 11, 4, 5], [28, 13, 11, 8], [0, 9, 10, 26], [12, 2, 14, 18], [12, 0, 6, 13], [30, 29, 31, 4], [7, 9, 27, 0], [10, 24, 9, 27], [9, 19, 1, 18], [12, 28, 2, 1], [20, 2, 10, 1], [5, 6, 3, 7], [10, 0, 9, 11], [31, 10, 14, 19], [0, 12, 5, 10], [26, 18, 19, 10], [24, 23, 7, 30], [24, 19, 29, 18], [8, 9, 1, 0], [29, 13, 21, 31], [2, 0, 10, 1], [13, 18, 7, 14], [25, 9, 29, 26], [15, 29, 7, 16], [5, 6, 1, 8], [8, 23, 17, 24], [31, 15, 29, 30], [13, 1, 22, 26], [3, 0, 5, 4], [7, 11, 8, 10], [24, 27, 26, 28], [26, 18, 14, 24], [23, 17, 25, 18], [28, 26, 17, 20], [7, 29, 18, 28], [8, 9, 11, 14], [22, 0, 1, 28], [24, 25, 30, 9], [9, 8, 10, 31], [15, 14, 19, 23], [12, 31, 4, 23], [12, 19, 7, 25], [17, 30, 2, 3], [0, 17, 16, 30], [14, 0, 29, 1], [21, 0, 1, 7], [0, 12, 7, 14], [0, 1, 24, 23], [1, 9, 6, 27], [26, 31, 27, 30], [1, 26, 30, 20], [0, 1, 18, 6], [6, 0, 20, 1], [24, 9, 26, 31], [15, 21, 16, 20], [18, 16, 26, 17], [10, 20, 9, 31], [0, 23, 20, 5], [20, 22, 21, 23], [31, 27, 2, 23], [17, 0, 8, 23], [12, 14, 20, 7], [27, 14, 18, 19], [21, 7, 22, 8], [30, 28, 31, 7], [5, 3, 1, 12], [1, 3, 11, 6], [17, 7, 16, 4], [2, 0, 1, 22], [9, 22, 12, 17], [21, 24, 25, 12], [3, 6, 9, 12], [29, 10, 7, 18], [21, 20, 27, 26], [23, 22, 24, 26], [17, 15, 23, 22], [7, 0, 6, 26], [29, 28, 0, 30], [16, 3, 11, 17], [14, 16, 15, 17], [21, 18, 19, 31], [24, 25, 30, 29], [17, 9, 14, 1], [7, 23, 8, 22], [1, 0, 6, 7], [6, 16, 7, 15], [1, 13, 5, 17], [1, 0, 10, 14], [17, 27, 16, 18], [20, 18, 21, 31], [8, 10, 1, 31], [25, 26, 9, 27], [29, 0, 28, 3], [16, 12, 3, 17], [31, 10, 9, 13], [2, 6, 18, 20], [4, 20, 23, 15], [16, 14, 24, 15], [13, 30, 28, 16], [6, 23, 2, 29], [2, 0, 1, 3], [3, 8, 24, 21], [13, 8, 14, 7], [9, 0, 20, 19], [0, 20, 21, 3], [24, 6, 26, 23], [29, 15, 31, 21], [15, 14, 16, 26], [13, 0, 16, 8], [24, 27, 26, 31], [23, 21, 12, 24], [28, 8, 16, 0], [27, 28, 8, 0], [6, 12, 27, 9], [13, 18, 22, 19], [20, 28, 30, 16], [1, 0, 12, 13], [5, 20, 29, 3], [19, 13, 25, 20], [21, 26, 1, 27], [4, 21, 22, 5], [23, 0, 22, 26], [16, 4, 29, 3], [14, 17, 26, 16], [10, 0, 2, 3], [0, 31, 19, 4], [31, 2, 11, 1], [6, 7, 1, 0], [7, 9, 8, 5]]",4,0.4372361898422241,128,greedy_oracle,0.0,12096,4.0,124,0.44341692328453064,0,104 112 120 96,6026,0.9562346339225769,test,top_r_mean,1.0,0.5,0.5,0.875
0.02124128775307003,0.0,189,0.0,31,167.13079996407032,qasper,0.5,0.0,0.0,0.0,1611.03599:e330e162ec29722f5ec9f83853d129c9e0693d65,mean,0.34335247101204547,0.12465032190084457,"[[6, 8, 14, 13], [8, 24, 13, 18], [18, 5, 4, 12], [19, 0, 21, 14], [12, 28, 26, 3], [26, 17, 10, 7], [18, 25, 5, 8], [27, 14, 3, 12], [26, 16, 31, 17], [5, 31, 9, 19], [8, 24, 15, 11], [13, 26, 24, 9], [3, 10, 28, 15], [1, 18, 22, 16], [15, 0, 18, 19], [9, 16, 20, 19], [24, 13, 0, 31], [25, 0, 6, 26], [31, 1, 7, 12], [30, 2, 26, 23], [18, 16, 19, 22], [7, 2, 15, 29], [2, 26, 0, 4], [25, 1, 19, 15], [11, 2, 27, 23], [30, 7, 10, 2], [13, 20, 18, 21], [24, 30, 16, 17], [9, 3, 25, 12], [6, 20, 5, 16], [22, 2, 6, 15], [27, 22, 5, 17], [24, 27, 3, 1], [16, 20, 15, 25], [18, 8, 30, 4], [10, 17, 25, 11], [19, 25, 0, 22], [8, 29, 23, 5], [12, 1, 18, 15], [30, 16, 13, 18], [5, 15, 9, 8], [25, 5, 12, 16], [23, 24, 20, 25], [31, 1, 29, 19], [23, 11, 12, 29], [28, 1, 5, 24], [14, 5, 19, 13], [10, 5, 21, 11], [18, 16, 17, 31], [8, 18, 25, 17], [11, 5, 31, 6], [6, 20, 18, 9], [25, 16, 4, 30], [21, 16, 27, 5], [7, 20, 27, 29], [10, 21, 30, 29], [18, 22, 20, 4], [28, 10, 29, 0], [23, 3, 24, 30], [24, 23, 22, 4], [14, 10, 7, 8], [1, 21, 5, 2], [18, 11, 31, 14], [14, 18, 20, 17], [6, 26, 12, 28], [4, 6, 20, 11], [10, 28, 30, 3], [18, 19, 16, 2], [2, 10, 0, 4], [25, 30, 4, 29], [5, 16, 25, 21], [7, 12, 31, 25], [21, 4, 15, 18], [12, 7, 13, 26], [14, 25, 7, 16], [21, 18, 1, 17], [16, 19, 31, 26], [0, 8, 18, 28], [5, 18, 3, 8], [27, 9, 4, 14], [20, 30, 2, 17], [24, 12, 26, 22], [5, 11, 7, 18], [29, 9, 14, 27], [19, 30, 24, 8], [20, 23, 24, 29], [3, 12, 23, 14], [25, 9, 0, 18], [25, 19, 23, 31], [19, 5, 24, 26], [9, 6, 4, 17], [28, 12, 19, 9], [29, 14, 12, 8], [4, 19, 3, 31], [12, 25, 19, 16], [24, 23, 21, 12], [27, 28, 6, 2], [20, 7, 25, 14], [11, 3, 4, 1], [17, 5, 30, 19], [25, 17, 29, 27], [31, 16, 22, 17], [21, 1, 20, 10], [25, 30, 2, 12], [20, 21, 18, 6], [20, 22, 16, 7], [3, 10, 2, 23], [13, 21, 16, 12], [18, 8, 10, 31], [22, 12, 27, 9], [12, 23, 15, 24], [7, 9, 0, 5], [15, 5, 22, 23], [15, 5, 27, 18], [3, 24, 16, 23], [13, 24, 7, 31], [19, 28, 23, 7], [1, 5, 11, 13], [17, 18, 29, 19], [23, 22, 4, 28], [2, 21, 6, 23], [9, 3, 30, 28], [4, 27, 12, 21], [2, 9, 17, 13], [10, 4, 29, 25], [17, 28, 23, 31], [13, 12, 16, 11], [4, 19, 15, 30], [31, 10, 15, 5], [27, 1, 24, 23], [6, 9, 2, 7], [22, 9, 3, 11], [7, 15, 31, 26], [5, 21, 24, 7], [23, 28, 7, 26], [19, 2, 24, 23], [29, 14, 26, 19], [28, 1, 13, 31], [9, 24, 14, 17], [14, 2, 21, 9], [13, 29, 4, 6], [25, 16, 19, 17], [1, 2, 29, 28], [24, 10, 6, 26], [22, 24, 14, 11], [30, 8, 15, 1], [9, 28, 22, 31], [17, 12, 1, 2], [1, 18, 30, 22], [24, 28, 22, 17], [13, 26, 17, 22], [13, 7, 0, 24], [25, 2, 12, 30], [0, 5, 27, 31], [4, 30, 6, 15], [9, 8, 7, 15], [1, 6, 24, 9], [21, 22, 20, 0], [6, 9, 23, 0], [19, 26, 4, 29], [18, 21, 31, 11], [24, 26, 13, 15], [26, 14, 9, 2], [24, 3, 18, 8], [25, 23, 30, 20], [26, 18, 22, 13], [2, 22, 21, 8], [11, 27, 14, 29], [29, 4, 1, 3], [8, 18, 16, 30], [15, 27, 26, 6], [0, 27, 31, 30], [25, 13, 20, 17], [28, 26, 2, 8], [14, 4, 24, 20], [10, 14, 18, 8], [16, 12, 27, 9], [1, 12, 21, 17], [13, 7, 15, 30], [8, 0, 20, 19], [17, 4, 16, 31], [0, 15, 1, 21], [24, 0, 13, 4], [28, 23, 16, 9], [1, 2, 14, 20], [14, 30, 16, 28], [18, 21, 4, 8], [23, 7, 22, 24], [2, 3, 5, 4]]",4,1.1946932077407837,128,random,0.0,12096,4.0,124,1.269911766052246,11,16 111 42 162,6026,0.4965996742248535,test,top_r_mean,0.0,0.0,0.0,0.125
0.02124128775307003,0.0,189,0.0,31,149.08220013603568,qasper,0.5,0.0,0.0,0.0,1611.03599:e330e162ec29722f5ec9f83853d129c9e0693d65,mean,0.35843746482044353,0.11246753484010696,"[[1, 12, 30, 27], [22, 30, 13, 14], [26, 6, 3, 5], [12, 24, 14, 17], [20, 8, 19, 13], [21, 12, 3, 13], [10, 26, 12, 16], [22, 6, 8, 26], [2, 19, 10, 14], [26, 13, 1, 10], [11, 19, 5, 24], [24, 16, 11, 13], [24, 25, 21, 26], [30, 3, 17, 23], [9, 28, 11, 3], [24, 18, 4, 13], [22, 23, 27, 6], [25, 12, 22, 17], [6, 11, 5, 21], [25, 6, 13, 2], [16, 15, 29, 21], [1, 5, 15, 3], [4, 1, 31, 11], [8, 25, 4, 6], [1, 4, 29, 7], [26, 1, 25, 19], [16, 20, 8, 17], [14, 3, 17, 20], [21, 0, 22, 13], [30, 24, 17, 19], [12, 11, 21, 14], [30, 26, 12, 13], [22, 28, 12, 30], [11, 22, 4, 9], [28, 13, 7, 4], [10, 15, 3, 9], [23, 25, 10, 3], [9, 10, 22, 6], [19, 1, 29, 7], [14, 19, 6, 9], [20, 2, 1, 28], [18, 24, 26, 16], [1, 9, 20, 0], [29, 31, 24, 28], [18, 3, 19, 28], [11, 27, 7, 22], [0, 10, 14, 2], [15, 18, 25, 2], [31, 9, 29, 22], [20, 26, 18, 12], [15, 2, 20, 16], [10, 5, 4, 21], [28, 24, 11, 18], [8, 22, 16, 17], [9, 8, 2, 11], [10, 15, 30, 13], [6, 3, 15, 1], [29, 3, 20, 17], [15, 30, 3, 24], [17, 25, 31, 20], [23, 25, 10, 6], [1, 6, 12, 10], [4, 21, 11, 9], [19, 14, 9, 7], [5, 1, 15, 30], [0, 9, 15, 12], [16, 21, 9, 20], [11, 14, 19, 26], [7, 27, 12, 15], [28, 6, 5, 30], [11, 20, 7, 19], [25, 3, 19, 0], [19, 17, 20, 28], [23, 11, 4, 19], [3, 21, 5, 0], [0, 7, 3, 10], [7, 24, 5, 18], [2, 12, 5, 16], [15, 3, 27, 23], [14, 29, 19, 24], [19, 17, 26, 1], [9, 30, 24, 28], [12, 29, 26, 8], [1, 30, 20, 8], [3, 7, 6, 27], [1, 30, 2, 12], [6, 0, 28, 17], [5, 19, 22, 29], [9, 19, 16, 17], [4, 30, 10, 24], [13, 25, 21, 10], [5, 16, 21, 31], [24, 26, 23, 15], [11, 28, 26, 5], [20, 21, 25, 2], [18, 23, 17, 11], [24, 30, 11, 9], [13, 22, 30, 12], [29, 11, 2, 0], [18, 27, 8, 0], [24, 10, 2, 1], [6, 20, 21, 9], [25, 21, 24, 28], [27, 25, 29, 23], [6, 7, 22, 20], [25, 4, 27, 21], [11, 22, 6, 28], [3, 24, 1, 20], [4, 26, 24, 9], [23, 1, 24, 21], [29, 30, 23, 22], [24, 10, 14, 28], [31, 7, 24, 30], [16, 6, 11, 2], [0, 8, 25, 6], [31, 12, 10, 24], [28, 18, 26, 12], [21, 17, 0, 23], [7, 22, 2, 1], [20, 29, 21, 25], [27, 1, 10, 2], [31, 19, 22, 20], [11, 9, 5, 30], [26, 3, 4, 13], [10, 28, 15, 0], [20, 5, 15, 31], [19, 1, 11, 29], [15, 24, 9, 1], [20, 1, 13, 11], [9, 23, 26, 17], [19, 2, 21, 30], [10, 19, 11, 31], [25, 4, 21, 12], [26, 6, 11, 17], [17, 8, 13, 12], [31, 24, 25, 10], [16, 5, 15, 0], [15, 3, 20, 4], [21, 13, 3, 1], [0, 11, 24, 12], [15, 22, 6, 13], [13, 22, 28, 8], [27, 15, 9, 4], [19, 9, 6, 8], [1, 7, 21, 17], [22, 0, 13, 1], [15, 13, 12, 1], [7, 28, 10, 4], [7, 16, 17, 31], [12, 28, 16, 19], [10, 26, 30, 28], [25, 2, 20, 30], [26, 31, 20, 6], [4, 31, 14, 6], [30, 4, 17, 28], [23, 12, 17, 15], [12, 1, 8, 23], [5, 15, 8, 25], [13, 24, 17, 31], [14, 27, 11, 7], [1, 6, 26, 27], [31, 16, 4, 5], [11, 10, 21, 15], [26, 28, 20, 25], [20, 31, 23, 2], [22, 3, 31, 14], [17, 15, 7, 28], [25, 5, 16, 1], [11, 9, 16, 1], [13, 16, 14, 28], [10, 27, 29, 12], [1, 27, 3, 31], [10, 13, 26, 14], [29, 5, 10, 1], [13, 6, 28, 21], [21, 23, 25, 28], [16, 6, 0, 21], [25, 31, 30, 10], [26, 16, 21, 31], [22, 24, 4, 25], [28, 12, 27, 6], [30, 2, 18, 19], [17, 22, 11, 15], [20, 7, 1, 23], [30, 22, 11, 15], [1, 23, 24, 20], [17, 12, 19, 5], [19, 27, 21, 31], [3, 6, 9, 2]]",4,1.1614853143692017,128,random,0.0,12096,4.0,124,1.231926679611206,23,176 136 105 74,6026,0.5111147165298462,test,top_r_mean,0.0,0.0,0.0,0.375
0.02124128775307003,1.0,189,1.0,31,145.30860004015267,qasper,0.5,0.25,0.125,0.0,1611.03599:e330e162ec29722f5ec9f83853d129c9e0693d65,mean,0.38883260159855904,0.1002829521894455,"[[10, 22, 4, 14], [7, 22, 30, 29], [6, 0, 12, 26], [10, 12, 8, 0], [6, 1, 16, 8], [28, 5, 12, 16], [11, 28, 3, 15], [21, 18, 22, 7], [21, 28, 22, 2], [9, 18, 14, 16], [30, 7, 11, 0], [15, 29, 11, 4], [24, 1, 27, 28], [5, 23, 21, 16], [10, 17, 2, 26], [26, 25, 0, 1], [16, 18, 7, 17], [28, 15, 20, 16], [31, 18, 8, 1], [21, 12, 6, 17], [11, 19, 2, 21], [25, 11, 16, 31], [21, 2, 14, 28], [31, 18, 12, 15], [27, 24, 7, 19], [8, 13, 29, 3], [9, 29, 31, 12], [22, 18, 19, 29], [23, 31, 9, 10], [25, 5, 0, 20], [29, 13, 9, 11], [5, 19, 23, 20], [2, 14, 22, 24], [29, 25, 0, 17], [14, 6, 4, 10], [17, 2, 28, 0], [1, 5, 17, 21], [26, 2, 4, 14], [12, 24, 27, 16], [10, 31, 29, 25], [21, 10, 26, 4], [25, 9, 18, 22], [30, 0, 24, 1], [19, 29, 26, 3], [15, 11, 22, 8], [19, 21, 14, 3], [14, 22, 17, 1], [21, 25, 8, 14], [30, 17, 20, 7], [23, 14, 12, 7], [21, 8, 30, 26], [15, 4, 3, 31], [20, 4, 22, 14], [15, 2, 27, 25], [24, 29, 5, 6], [19, 6, 22, 0], [11, 31, 9, 21], [31, 29, 10, 0], [13, 30, 23, 26], [31, 10, 30, 0], [27, 7, 5, 18], [0, 26, 16, 12], [24, 22, 1, 2], [15, 4, 3, 30], [19, 12, 17, 11], [27, 26, 21, 1], [7, 0, 27, 24], [0, 9, 17, 22], [8, 4, 19, 13], [0, 27, 25, 21], [29, 26, 3, 24], [16, 26, 23, 19], [12, 7, 8, 5], [21, 17, 26, 4], [6, 1, 18, 28], [9, 23, 25, 20], [2, 11, 15, 26], [16, 10, 17, 18], [14, 27, 2, 7], [26, 5, 23, 1], [4, 11, 1, 19], [8, 17, 20, 24], [0, 8, 17, 9], [30, 16, 0, 23], [16, 12, 31, 22], [16, 1, 4, 25], [10, 17, 20, 11], [3, 19, 8, 1], [4, 25, 7, 9], [19, 0, 13, 11], [7, 29, 20, 2], [0, 6, 4, 30], [14, 3, 8, 31], [31, 26, 3, 6], [26, 25, 29, 17], [5, 9, 18, 30], [10, 6, 21, 1], [24, 26, 28, 17], [8, 31, 23, 3], [4, 16, 22, 8], [24, 17, 0, 22], [4, 28, 27, 19], [25, 14, 27, 22], [9, 7, 8, 12], [13, 3, 20, 17], [3, 5, 24, 27], [1, 2, 12, 27], [24, 31, 16, 17], [13, 23, 26, 19], [29, 8, 10, 23], [30, 25, 27, 15], [29, 31, 6, 13], [30, 11, 14, 8], [24, 17, 27, 26], [11, 20, 1, 16], [2, 13, 30, 10], [26, 5, 23, 25], [19, 24, 9, 17], [24, 27, 13, 31], [20, 19, 14, 8], [16, 12, 31, 30], [5, 6, 3, 8], [4, 2, 31, 16], [26, 29, 18, 23], [25, 8, 7, 4], [28, 27, 8, 7], [27, 5, 4, 14], [21, 27, 30, 18], [12, 14, 27, 26], [12, 20, 11, 6], [9, 31, 30, 14], [28, 22, 16, 23], [22, 3, 19, 28], [15, 22, 9, 11], [17, 15, 12, 19], [1, 30, 0, 26], [6, 11, 13, 28], [6, 21, 20, 16], [12, 26, 29, 2], [13, 2, 28, 17], [19, 12, 6, 9], [26, 29, 18, 17], [3, 25, 8, 24], [4, 15, 23, 20], [1, 6, 11, 12], [4, 16, 5, 9], [23, 25, 20, 2], [29, 10, 7, 3], [11, 21, 6, 9], [4, 21, 22, 6], [19, 10, 26, 30], [18, 11, 31, 25], [19, 3, 29, 17], [24, 0, 26, 7], [9, 8, 19, 23], [18, 0, 31, 6], [28, 13, 19, 12], [5, 30, 26, 22], [1, 14, 16, 31], [29, 4, 25, 21], [30, 18, 17, 6], [8, 15, 17, 7], [21, 7, 0, 4], [21, 28, 6, 31], [21, 5, 22, 26], [11, 1, 14, 15], [3, 31, 25, 12], [20, 24, 5, 27], [4, 1, 7, 10], [26, 1, 22, 16], [8, 18, 26, 2], [21, 20, 0, 26], [3, 17, 31, 26], [13, 2, 10, 17], [4, 31, 7, 15], [27, 15, 20, 14], [14, 11, 22, 6], [26, 9, 10, 0], [23, 30, 21, 19], [31, 4, 1, 18], [16, 25, 7, 11], [0, 21, 18, 10], [7, 12, 29, 22], [18, 10, 15, 5], [1, 16, 2, 29], [29, 24, 4, 16], [12, 26, 11, 13], [29, 0, 18, 10], [1, 8, 5, 3]]",4,1.1661518812179565,128,random,1.0,12096,4.0,124,1.2295782566070557,37,0 178 168 162,6026,0.542117714881897,test,top_r_mean,0.0,0.5,0.5,0.375
0.02124128775307003,0.0,189,0.0,31,138.30200000666082,qasper,0.5,0.0,0.0,0.0,1611.03599:e330e162ec29722f5ec9f83853d129c9e0693d65,mean,0.3035010694585163,0.10968779027462006,"[[18, 6, 12, 1], [20, 14, 10, 21], [18, 13, 9, 29], [11, 8, 4, 25], [20, 12, 1, 16], [20, 6, 5, 10], [19, 21, 24, 4], [7, 30, 24, 4], [26, 21, 27, 15], [1, 7, 4, 15], [0, 13, 9, 24], [6, 3, 31, 4], [7, 9, 4, 31], [14, 23, 29, 1], [22, 25, 11, 16], [6, 13, 28, 10], [31, 19, 18, 30], [5, 22, 26, 7], [27, 16, 25, 26], [20, 6, 19, 21], [21, 28, 8, 22], [18, 5, 12, 23], [1, 28, 4, 15], [29, 7, 31, 19], [22, 18, 8, 20], [31, 24, 25, 30], [3, 23, 14, 26], [19, 23, 0, 20], [21, 8, 20, 23], [0, 1, 19, 29], [4, 27, 25, 31], [4, 13, 24, 5], [20, 13, 12, 2], [25, 20, 30, 13], [23, 19, 5, 8], [28, 29, 27, 8], [1, 9, 20, 28], [9, 27, 2, 10], [5, 12, 14, 16], [18, 9, 8, 20], [23, 25, 22, 30], [9, 10, 20, 1], [9, 4, 15, 14], [31, 14, 15, 8], [1, 4, 8, 2], [27, 0, 4, 9], [1, 2, 5, 22], [12, 9, 24, 4], [30, 22, 29, 14], [31, 30, 7, 0], [29, 20, 27, 1], [24, 30, 22, 31], [16, 20, 19, 0], [21, 22, 15, 31], [9, 25, 29, 2], [24, 12, 27, 15], [24, 31, 17, 16], [9, 24, 2, 14], [8, 17, 2, 28], [28, 9, 13, 31], [7, 15, 23, 20], [21, 25, 10, 8], [13, 1, 11, 3], [25, 16, 8, 14], [15, 23, 0, 1], [2, 16, 30, 0], [31, 12, 10, 25], [27, 7, 0, 30], [29, 0, 19, 26], [10, 11, 17, 2], [13, 23, 22, 6], [6, 21, 12, 9], [22, 27, 31, 29], [14, 13, 0, 25], [10, 24, 0, 15], [29, 4, 15, 14], [4, 2, 25, 30], [28, 2, 27, 31], [8, 29, 11, 18], [10, 17, 9, 30], [15, 1, 0, 9], [6, 15, 5, 14], [17, 6, 21, 23], [21, 30, 9, 17], [9, 31, 25, 22], [27, 5, 6, 13], [16, 13, 24, 22], [25, 26, 28, 4], [18, 22, 5, 0], [17, 7, 28, 11], [27, 10, 12, 30], [18, 20, 29, 4], [27, 26, 13, 25], [10, 0, 2, 8], [23, 17, 31, 2], [27, 5, 29, 9], [28, 13, 10, 14], [19, 0, 23, 18], [10, 7, 27, 1], [15, 29, 1, 23], [8, 16, 18, 10], [18, 19, 30, 14], [10, 0, 19, 6], [20, 24, 12, 14], [2, 17, 21, 9], [9, 6, 12, 1], [19, 28, 14, 11], [9, 31, 11, 24], [7, 3, 30, 22], [26, 29, 1, 25], [31, 28, 6, 11], [17, 22, 29, 15], [14, 26, 28, 20], [4, 29, 1, 7], [30, 17, 4, 19], [18, 23, 12, 10], [10, 26, 4, 14], [6, 25, 10, 4], [31, 2, 30, 6], [22, 28, 27, 14], [26, 2, 15, 5], [27, 6, 4, 7], [23, 21, 1, 2], [1, 20, 9, 23], [23, 11, 1, 20], [7, 29, 12, 31], [9, 23, 26, 7], [5, 27, 30, 17], [16, 2, 26, 25], [3, 13, 7, 22], [2, 28, 4, 20], [17, 31, 24, 0], [31, 19, 11, 16], [20, 26, 25, 29], [18, 25, 5, 6], [22, 6, 3, 24], [25, 16, 5, 10], [3, 9, 4, 22], [12, 13, 3, 6], [12, 9, 11, 15], [16, 19, 1, 25], [8, 16, 18, 26], [11, 15, 26, 21], [16, 1, 31, 24], [17, 13, 8, 1], [13, 6, 9, 24], [29, 31, 5, 16], [7, 28, 25, 15], [21, 23, 22, 13], [20, 13, 18, 10], [20, 10, 22, 3], [26, 3, 31, 17], [28, 26, 10, 27], [10, 24, 9, 30], [25, 5, 12, 11], [20, 5, 0, 11], [2, 19, 27, 1], [20, 29, 9, 11], [2, 30, 10, 17], [3, 12, 18, 4], [12, 6, 5, 24], [24, 0, 13, 30], [6, 25, 30, 24], [13, 3, 16, 2], [0, 16, 1, 21], [18, 22, 5, 4], [20, 23, 28, 6], [29, 21, 8, 22], [12, 31, 17, 7], [12, 14, 8, 4], [21, 22, 12, 16], [12, 26, 28, 9], [7, 23, 27, 5], [16, 31, 10, 21], [29, 31, 11, 2], [0, 27, 11, 23], [28, 12, 15, 21], [25, 7, 15, 3], [1, 8, 12, 11], [4, 22, 10, 16], [11, 30, 4, 16], [18, 24, 29, 22], [8, 17, 23, 5], [12, 19, 8, 6], [8, 17, 15, 29], [19, 25, 27, 24], [22, 7, 8, 15], [21, 7, 1, 22], [8, 5, 2, 4]]",4,1.1504696607589722,128,random,0.0,12096,4.0,124,1.214634895324707,53,80 88 64 90,6026,0.43923643231391907,test,top_r_mean,0.0,0.0,0.0,0.25
0.02124128775307003,0.0,189,0.0,31,143.47929996438324,qasper,0.5,0.0,0.0,0.0,1611.03599:e330e162ec29722f5ec9f83853d129c9e0693d65,mean,0.3732973094675222,0.09546419978141785,"[[21, 30, 17, 3], [1, 20, 31, 27], [11, 27, 12, 14], [18, 20, 17, 22], [29, 23, 21, 15], [19, 20, 31, 16], [24, 7, 25, 13], [27, 12, 17, 13], [30, 12, 21, 10], [21, 6, 12, 25], [1, 15, 3, 4], [17, 0, 13, 7], [19, 14, 20, 5], [18, 1, 29, 21], [0, 5, 6, 10], [23, 14, 19, 24], [12, 13, 11, 14], [5, 3, 26, 13], [9, 12, 3, 28], [14, 28, 6, 20], [20, 23, 5, 28], [10, 25, 7, 19], [20, 8, 9, 10], [2, 23, 24, 5], [22, 15, 19, 23], [0, 29, 16, 22], [23, 19, 18, 7], [20, 5, 21, 25], [27, 28, 16, 6], [11, 13, 12, 31], [2, 29, 4, 20], [15, 31, 8, 27], [9, 2, 16, 5], [10, 20, 14, 6], [22, 2, 8, 0], [21, 30, 9, 5], [20, 7, 27, 24], [13, 8, 9, 16], [15, 16, 1, 3], [11, 20, 2, 27], [30, 0, 1, 8], [16, 7, 31, 15], [15, 7, 27, 25], [23, 15, 8, 22], [30, 25, 0, 5], [0, 10, 21, 24], [23, 9, 4, 17], [19, 11, 29, 28], [27, 22, 23, 20], [11, 27, 30, 25], [1, 8, 26, 24], [5, 29, 3, 10], [0, 11, 1, 24], [16, 24, 13, 27], [27, 22, 2, 21], [30, 27, 28, 12], [23, 27, 30, 3], [16, 19, 1, 0], [29, 25, 23, 13], [10, 28, 13, 30], [25, 1, 0, 27], [16, 6, 15, 14], [28, 31, 12, 3], [27, 28, 30, 31], [5, 9, 2, 23], [19, 4, 18, 1], [18, 9, 8, 20], [12, 3, 25, 23], [3, 8, 2, 23], [22, 16, 5, 2], [3, 7, 5, 16], [12, 13, 9, 19], [10, 31, 26, 9], [8, 17, 27, 2], [4, 12, 17, 28], [5, 2, 8, 27], [31, 0, 6, 9], [15, 4, 28, 9], [26, 0, 16, 31], [21, 8, 20, 4], [12, 7, 6, 30], [31, 10, 6, 25], [18, 22, 12, 8], [16, 12, 24, 22], [22, 15, 25, 20], [7, 20, 29, 1], [7, 13, 12, 25], [15, 21, 4, 0], [10, 6, 15, 11], [6, 24, 29, 4], [30, 10, 6, 1], [29, 7, 26, 10], [14, 11, 4, 7], [26, 21, 16, 10], [9, 2, 26, 24], [14, 23, 20, 9], [19, 11, 6, 15], [15, 29, 14, 22], [8, 25, 1, 2], [14, 10, 8, 1], [21, 15, 8, 31], [8, 17, 21, 19], [19, 4, 30, 21], [17, 14, 13, 7], [7, 19, 18, 15], [0, 23, 29, 11], [0, 15, 7, 30], [4, 27, 2, 14], [16, 24, 14, 23], [17, 26, 24, 7], [3, 28, 10, 18], [26, 29, 15, 0], [10, 19, 25, 23], [28, 1, 23, 6], [26, 16, 19, 20], [2, 17, 9, 27], [26, 20, 22, 3], [7, 29, 22, 16], [29, 1, 13, 25], [9, 8, 12, 24], [22, 23, 19, 13], [10, 3, 22, 13], [22, 25, 11, 29], [19, 22, 24, 14], [6, 24, 5, 8], [25, 22, 23, 2], [24, 23, 17, 6], [31, 17, 16, 18], [21, 14, 7, 28], [4, 14, 9, 16], [15, 2, 5, 1], [19, 31, 25, 11], [4, 11, 2, 25], [29, 30, 17, 21], [3, 11, 16, 19], [16, 30, 9, 31], [31, 4, 23, 2], [21, 10, 25, 20], [30, 19, 11, 7], [16, 11, 4, 0], [16, 18, 19, 10], [22, 7, 13, 4], [26, 29, 17, 12], [3, 15, 23, 0], [23, 11, 5, 12], [1, 12, 27, 7], [21, 8, 6, 23], [4, 20, 21, 29], [18, 14, 25, 13], [26, 6, 29, 13], [0, 17, 8, 23], [26, 24, 18, 25], [17, 13, 0, 18], [21, 9, 17, 25], [25, 10, 12, 18], [17, 31, 30, 23], [21, 7, 11, 17], [17, 27, 25, 24], [0, 19, 30, 23], [17, 0, 3, 28], [12, 18, 23, 19], [0, 26, 23, 7], [20, 9, 21, 25], [2, 24, 27, 7], [6, 21, 9, 11], [23, 26, 7, 21], [25, 11, 12, 23], [14, 4, 9, 3], [11, 21, 24, 3], [12, 22, 7, 23], [9, 18, 5, 30], [1, 5, 9, 29], [4, 14, 0, 5], [31, 7, 11, 2], [16, 14, 0, 17], [18, 9, 15, 5], [0, 8, 27, 2], [17, 14, 6, 16], [11, 9, 14, 27], [8, 5, 2, 25], [25, 28, 14, 27], [29, 0, 22, 27], [29, 8, 31, 14], [9, 8, 12, 20], [29, 13, 16, 25], [11, 2, 14, 9], [4, 5, 11, 7], [6, 24, 20, 1], [2, 3, 9, 5]]",4,1.1662065982818604,128,random,0.0,12096,4.0,124,1.227782130241394,71,176 40 152 88,6026,0.5310705900192261,test,top_r_mean,0.0,0.0,0.0,0.25
0.02124128775307003,0.0,189,0.0,31,124.53139992430806,qasper,0.5,0.0,0.0,0.0,1611.03599:e330e162ec29722f5ec9f83853d129c9e0693d65,mean,0.38286614882359565,0.11963063478469849,"[[24, 25, 26, 27, 28, 29, 30, 31], [24, 25, 26, 27, 28, 29, 30, 31], [24, 25, 26, 27, 28, 29, 30, 31], [24, 25, 26, 27, 28, 29, 30, 31], [24, 25, 26, 27, 28, 29, 30, 31], [24, 25, 26, 27, 28, 29, 30, 31], [24, 25, 26, 27, 28, 29, 30, 31], [24, 25, 26, 27, 28, 29, 30, 31], [24, 25, 26, 27, 28, 29, 30, 31], [24, 25, 26, 27, 28, 29, 30, 31], [24, 25, 26, 27, 28, 29, 30, 31], [24, 25, 26, 27, 28, 29, 30, 31], [24, 25, 26, 27, 28, 29, 30, 31], [24, 25, 26, 27, 28, 29, 30, 31], [24, 25, 26, 27, 28, 29, 30, 31], [24, 25, 26, 27, 28, 29, 30, 31], [24, 25, 26, 27, 28, 29, 30, 31], [24, 25, 26, 27, 28, 29, 30, 31], [24, 25, 26, 27, 28, 29, 30, 31], [24, 25, 26, 27, 28, 29, 30, 31], [24, 25, 26, 27, 28, 29, 30, 31], [24, 25, 26, 27, 28, 29, 30, 31], [24, 25, 26, 27, 28, 29, 30, 31], [24, 25, 26, 27, 28, 29, 30, 31], [24, 25, 26, 27, 28, 29, 30, 31], [24, 25, 26, 27, 28, 29, 30, 31], [24, 25, 26, 27, 28, 29, 30, 31], [24, 25, 26, 27, 28, 29, 30, 31], [24, 25, 26, 27, 28, 29, 30, 31], [24, 25, 26, 27, 28, 29, 30, 31], [24, 25, 26, 27, 28, 29, 30, 31], [24, 25, 26, 27, 28, 29, 30, 31], [24, 25, 26, 27, 28, 29, 30, 31], [24, 25, 26, 27, 28, 29, 30, 31], [24, 25, 26, 27, 28, 29, 30, 31], [24, 25, 26, 27, 28, 29, 30, 31], [24, 25, 26, 27, 28, 29, 30, 31], [24, 25, 26, 27, 28, 29, 30, 31], [24, 25, 26, 27, 28, 29, 30, 31], [24, 25, 26, 27, 28, 29, 30, 31], [24, 25, 26, 27, 28, 29, 30, 31], [24, 25, 26, 27, 28, 29, 30, 31], [24, 25, 26, 27, 28, 29, 30, 31], [24, 25, 26, 27, 28, 29, 30, 31], [24, 25, 26, 27, 28, 29, 30, 31], [24, 25, 26, 27, 28, 29, 30, 31], [24, 25, 26, 27, 28, 29, 30, 31], [24, 25, 26, 27, 28, 29, 30, 31], [24, 25, 26, 27, 28, 29, 30, 31], [24, 25, 26, 27, 28, 29, 30, 31], [24, 25, 26, 27, 28, 29, 30, 31], [24, 25, 26, 27, 28, 29, 30, 31], [24, 25, 26, 27, 28, 29, 30, 31], [24, 25, 26, 27, 28, 29, 30, 31], [24, 25, 26, 27, 28, 29, 30, 31], [24, 25, 26, 27, 28, 29, 30, 31], [24, 25, 26, 27, 28, 29, 30, 31], [24, 25, 26, 27, 28, 29, 30, 31], [24, 25, 26, 27, 28, 29, 30, 31], [24, 25, 26, 27, 28, 29, 30, 31], [24, 25, 26, 27, 28, 29, 30, 31], [24, 25, 26, 27, 28, 29, 30, 31], [24, 25, 26, 27, 28, 29, 30, 31], [24, 25, 26, 27, 28, 29, 30, 31], [24, 25, 26, 27, 28, 29, 30, 31], [24, 25, 26, 27, 28, 29, 30, 31], [24, 25, 26, 27, 28, 29, 30, 31], [24, 25, 26, 27, 28, 29, 30, 31], [24, 25, 26, 27, 28, 29, 30, 31], [24, 25, 26, 27, 28, 29, 30, 31], [24, 25, 26, 27, 28, 29, 30, 31], [24, 25, 26, 27, 28, 29, 30, 31], [24, 25, 26, 27, 28, 29, 30, 31], [24, 25, 26, 27, 28, 29, 30, 31], [24, 25, 26, 27, 28, 29, 30, 31], [24, 25, 26, 27, 28, 29, 30, 31], [24, 25, 26, 27, 28, 29, 30, 31], [24, 25, 26, 27, 28, 29, 30, 31], [24, 25, 26, 27, 28, 29, 30, 31], [24, 25, 26, 27, 28, 29, 30, 31], [24, 25, 26, 27, 28, 29, 30, 31], [24, 25, 26, 27, 28, 29, 30, 31], [24, 25, 26, 27, 28, 29, 30, 31], [24, 25, 26, 27, 28, 29, 30, 31], [24, 25, 26, 27, 28, 29, 30, 31], [24, 25, 26, 27, 28, 29, 30, 31], [24, 25, 26, 27, 28, 29, 30, 31], [24, 25, 26, 27, 28, 29, 30, 31], [24, 25, 26, 27, 28, 29, 30, 31], [24, 25, 26, 27, 28, 29, 30, 31], [24, 25, 26, 27, 28, 29, 30, 31], [24, 25, 26, 27, 28, 29, 30, 31], [24, 25, 26, 27, 28, 29, 30, 31], [24, 25, 26, 27, 28, 29, 30, 31], [24, 25, 26, 27, 28, 29, 30, 31], [24, 25, 26, 27, 28, 29, 30, 31], [24, 25, 26, 27, 28, 29, 30, 31], [24, 25, 26, 27, 28, 29, 30, 31], [24, 25, 26, 27, 28, 29, 30, 31], [24, 25, 26, 27, 28, 29, 30, 31], [24, 25, 26, 27, 28, 29, 30, 31], [24, 25, 26, 27, 28, 29, 30, 31], [24, 25, 26, 27, 28, 29, 30, 31], [24, 25, 26, 27, 28, 29, 30, 31], [24, 25, 26, 27, 28, 29, 30, 31], [24, 25, 26, 27, 28, 29, 30, 31], [24, 25, 26, 27, 28, 29, 30, 31], [24, 25, 26, 27, 28, 29, 30, 31], [24, 25, 26, 27, 28, 29, 30, 31], [24, 25, 26, 27, 28, 29, 30, 31], [24, 25, 26, 27, 28, 29, 30, 31], [24, 25, 26, 27, 28, 29, 30, 31], [24, 25, 26, 27, 28, 29, 30, 31], [24, 25, 26, 27, 28, 29, 30, 31], [24, 25, 26, 27, 28, 29, 30, 31], [24, 25, 26, 27, 28, 29, 30, 31], [24, 25, 26, 27, 28, 29, 30, 31], [24, 25, 26, 27, 28, 29, 30, 31], [24, 25, 26, 27, 28, 29, 30, 31], [24, 25, 26, 27, 28, 29, 30, 31], [24, 25, 26, 27, 28, 29, 30, 31], [24, 25, 26, 27, 28, 29, 30, 31], [24, 25, 26, 27, 28, 29, 30, 31], [24, 25, 26, 27, 28, 29, 30, 31], [24, 25, 26, 27, 28, 29, 30, 31], [24, 25, 26, 27, 28, 29, 30, 31], [24, 25, 26, 27, 28, 29, 30, 31], [24, 25, 26, 27, 28, 29, 30, 31], [24, 25, 26, 27, 28, 29, 30, 31], [24, 25, 26, 27, 28, 29, 30, 31], [24, 25, 26, 27, 28, 29, 30, 31], [24, 25, 26, 27, 28, 29, 30, 31], [24, 25, 26, 27, 28, 29, 30, 31], [24, 25, 26, 27, 28, 29, 30, 31], [24, 25, 26, 27, 28, 29, 30, 31], [24, 25, 26, 27, 28, 29, 30, 31], [24, 25, 26, 27, 28, 29, 30, 31], [24, 25, 26, 27, 28, 29, 30, 31], [24, 25, 26, 27, 28, 29, 30, 31], [24, 25, 26, 27, 28, 29, 30, 31], [24, 25, 26, 27, 28, 29, 30, 31], [24, 25, 26, 27, 28, 29, 30, 31], [24, 25, 26, 27, 28, 29, 30, 31], [24, 25, 26, 27, 28, 29, 30, 31], [24, 25, 26, 27, 28, 29, 30, 31], [24, 25, 26, 27, 28, 29, 30, 31], [24, 25, 26, 27, 28, 29, 30, 31], [24, 25, 26, 27, 28, 29, 30, 31], [24, 25, 26, 27, 28, 29, 30, 31], [24, 25, 26, 27, 28, 29, 30, 31], [24, 25, 26, 27, 28, 29, 30, 31], [24, 25, 26, 27, 28, 29, 30, 31], [24, 25, 26, 27, 28, 29, 30, 31], [24, 25, 26, 27, 28, 29, 30, 31], [24, 25, 26, 27, 28, 29, 30, 31], [24, 25, 26, 27, 28, 29, 30, 31], [24, 25, 26, 27, 28, 29, 30, 31], [24, 25, 26, 27, 28, 29, 30, 31], [24, 25, 26, 27, 28, 29, 30, 31], [24, 25, 26, 27, 28, 29, 30, 31], [24, 25, 26, 27, 28, 29, 30, 31], [24, 25, 26, 27, 28, 29, 30, 31], [24, 25, 26, 27, 28, 29, 30, 31], [24, 25, 26, 27, 28, 29, 30, 31], [24, 25, 26, 27, 28, 29, 30, 31], [24, 25, 26, 27, 28, 29, 30, 31], [24, 25, 26, 27, 28, 29, 30, 31], [24, 25, 26, 27, 28, 29, 30, 31], [24, 25, 26, 27, 28, 29, 30, 31], [24, 25, 26, 27, 28, 29, 30, 31], [24, 25, 26, 27, 28, 29, 30, 31], [24, 25, 26, 27, 28, 29, 30, 31], [24, 25, 26, 27, 28, 29, 30, 31], [24, 25, 26, 27, 28, 29, 30, 31], [24, 25, 26, 27, 28, 29, 30, 31], [24, 25, 26, 27, 28, 29, 30, 31], [24, 25, 26, 27, 28, 29, 30, 31], [24, 25, 26, 27, 28, 29, 30, 31], [24, 25, 26, 27, 28, 29, 30, 31], [24, 25, 26, 27, 28, 29, 30, 31], [24, 25, 26, 27, 28, 29, 30, 31], [24, 25, 26, 27, 28, 29, 30, 31], [24, 25, 26, 27, 28, 29, 30, 31], [24, 25, 26, 27, 28, 29, 30, 31], [24, 25, 26, 27, 28, 29, 30, 31], [24, 25, 26, 27, 28, 29, 30, 31], [24, 25, 26, 27, 28, 29, 30, 31], [24, 25, 26, 27, 28, 29, 30, 31], [2, 3, 4, 5, 6, 7, 8, 9]]",8,0.7150294184684753,128,last,0.0,24192,4.0,124,0.8250638246536255,0,104 90 82 141,6026,0.5390480160713196,test,top_r_mean,1.0,0.5,0.25,0.25
0.02124128775307003,0.0,189,0.0,31,142.94239995069802,qasper,0.5,0.0,0.0,0.0,1611.03599:e330e162ec29722f5ec9f83853d129c9e0693d65,mean,0.6125182933693571,0.01773396134376526,"[[29, 0, 16, 20, 9, 5, 11, 18], [20, 29, 9, 0, 24, 23, 31, 3], [12, 18, 0, 27, 15, 31, 23, 10], [16, 14, 3, 29, 23, 9, 10, 18], [17, 1, 2, 27, 14, 24, 0, 8], [12, 21, 10, 8, 0, 16, 28, 30], [9, 21, 13, 12, 17, 20, 0, 6], [13, 28, 9, 18, 10, 30, 14, 12], [13, 0, 12, 27, 17, 14, 9, 29], [7, 31, 10, 27, 11, 21, 13, 17], [6, 26, 11, 20, 24, 27, 14, 19], [19, 2, 11, 28, 3, 29, 1, 5], [8, 2, 0, 16, 28, 17, 18, 22], [20, 11, 12, 9, 22, 28, 0, 30], [25, 26, 9, 20, 4, 18, 31, 5], [22, 0, 10, 21, 6, 20, 15, 2], [27, 0, 21, 20, 26, 2, 6, 17], [14, 8, 21, 4, 13, 17, 12, 15], [28, 16, 27, 31, 13, 22, 8, 11], [0, 19, 18, 25, 26, 6, 2, 20], [24, 27, 21, 10, 26, 9, 4, 16], [6, 25, 20, 24, 26, 4, 21, 2], [24, 4, 25, 7, 5, 1, 22, 3], [6, 26, 13, 27, 24, 29, 25, 16], [11, 0, 25, 7, 26, 21, 13, 27], [13, 31, 0, 20, 19, 2, 7, 30], [11, 19, 18, 28, 16, 26, 3, 5], [19, 4, 1, 3, 23, 0, 2, 5], [1, 13, 21, 26, 8, 31, 0, 20], [14, 22, 31, 3, 13, 9, 0, 30], [0, 28, 18, 9, 13, 21, 11, 7], [17, 14, 9, 1, 31, 13, 11, 20], [8, 0, 12, 5, 3, 26, 2, 18], [24, 9, 17, 2, 13, 26, 28, 10], [8, 26, 24, 29, 25, 0, 12, 31], [16, 1, 0, 25, 30, 18, 12, 19], [4, 14, 29, 11, 23, 28, 18, 1], [16, 13, 20, 21, 8, 0, 31, 12], [23, 12, 8, 28, 30, 0, 1, 18], [7, 19, 30, 5, 10, 21, 0, 12], [5, 0, 24, 7, 20, 26, 6, 3], [6, 19, 29, 31, 16, 18, 27, 21], [19, 11, 9, 3, 18, 0, 16, 6], [16, 15, 31, 5, 27, 4, 10, 12], [19, 6, 2, 16, 29, 0, 9, 4], [21, 1, 24, 15, 3, 30, 7, 23], [14, 21, 0, 31, 27, 22, 7, 29], [24, 30, 9, 6, 19, 26, 31, 1], [19, 0, 1, 29, 18, 17, 15, 16], [25, 12, 10, 29, 11, 4, 31, 6], [8, 4, 5, 13, 1, 24, 18, 7], [10, 1, 26, 8, 2, 23, 30, 19], [25, 15, 28, 1, 5, 10, 17, 26], [11, 24, 4, 26, 15, 13, 31, 16], [13, 22, 3, 10, 12, 23, 5, 28], [17, 26, 29, 10, 23, 3, 30, 15], [23, 0, 15, 10, 5, 18, 2, 22], [9, 20, 15, 14, 31, 6, 12, 23], [20, 12, 29, 27, 25, 30, 9, 1], [8, 12, 3, 25, 13, 15, 18, 31], [10, 2, 30, 7, 0, 27, 22, 3], [25, 20, 30, 10, 23, 4, 8, 11], [8, 23, 25, 21, 4, 31, 12, 30], [2, 20, 13, 11, 0, 12, 29, 30], [24, 0, 3, 23, 21, 5, 12, 11], [24, 17, 16, 29, 18, 11, 1, 28], [11, 8, 19, 15, 16, 21, 5, 31], [14, 0, 4, 30, 7, 26, 21, 15], [3, 29, 13, 25, 31, 22, 6, 23], [11, 25, 13, 26, 2, 27, 3, 0], [1, 18, 16, 7, 30, 15, 6, 24], [16, 30, 14, 31, 6, 28, 26, 27], [22, 0, 5, 29, 6, 9, 4, 1], [20, 7, 0, 27, 31, 6, 21, 30], [25, 1, 10, 3, 23, 7, 21, 9], [21, 9, 24, 25, 23, 16, 0, 18], [5, 14, 2, 21, 27, 18, 12, 9], [26, 7, 8, 18, 23, 21, 2, 0], [30, 26, 11, 10, 28, 2, 22, 12], [25, 11, 22, 10, 5, 20, 28, 16], [12, 0, 3, 20, 4, 10, 29, 2], [11, 31, 4, 13, 25, 20, 14, 30], [4, 2, 25, 30, 18, 19, 24, 11], [7, 9, 11, 19, 27, 2, 10, 8], [25, 15, 3, 10, 0, 14, 27, 30], [25, 14, 9, 0, 23, 22, 6, 20], [1, 24, 19, 16, 10, 31, 26, 2], [13, 10, 12, 5, 29, 21, 27, 3], [28, 0, 7, 20, 21, 16, 27, 2], [20, 7, 6, 4, 31, 14, 28, 9], [10, 29, 6, 23, 25, 24, 20, 30], [17, 29, 6, 12, 15, 30, 9, 28], [23, 27, 19, 10, 26, 17, 13, 28], [31, 23, 12, 0, 11, 14, 22, 26], [4, 16, 25, 6, 26, 0, 2, 29], [18, 10, 3, 25, 11, 16, 8, 13], [4, 0, 7, 13, 17, 16, 6, 25], [22, 4, 12, 11, 28, 3, 19, 5], [31, 13, 28, 23, 12, 20, 6, 22], [4, 8, 30, 11, 27, 13, 7, 14], [12, 10, 30, 13, 31, 3, 9, 11], [15, 31, 8, 30, 12, 0, 2, 23], [6, 26, 13, 9, 30, 12, 14, 10], [0, 6, 3, 8, 21, 12, 24, 13], [6, 0, 19, 29, 18, 20, 30, 12], [23, 30, 19, 22, 16, 14, 12, 10], [22, 11, 13, 3, 27, 16, 5, 24], [29, 13, 17, 8, 21, 12, 0, 10], [11, 12, 5, 15, 26, 2, 9, 16], [6, 28, 24, 26, 9, 19, 8, 5], [10, 31, 30, 9, 27, 14, 19, 7], [21, 28, 13, 3, 0, 26, 27, 20], [21, 0, 3, 9, 4, 14, 29, 16], [12, 24, 7, 19, 29, 10, 8, 23], [23, 17, 10, 1, 8, 22, 29, 13], [26, 19, 6, 4, 22, 15, 29, 25], [14, 29, 6, 3, 7, 19, 26, 0], [11, 17, 2, 14, 6, 26, 20, 21], [15, 24, 28, 26, 21, 29, 0, 20], [15, 4, 29, 7, 0, 20, 31, 11], [27, 0, 21, 2, 6, 22, 5, 26], [20, 10, 24, 15, 12, 18, 6, 30], [16, 31, 0, 2, 30, 7, 23, 14], [13, 30, 11, 23, 4, 6, 26, 29], [12, 27, 9, 1, 13, 28, 31, 23], [2, 0, 19, 31, 18, 11, 13, 20], [19, 24, 2, 9, 17, 0, 20, 5], [17, 14, 8, 3, 1, 9, 5, 24], [28, 0, 4, 14, 10, 21, 8, 1], [3, 23, 11, 28, 30, 24, 17, 27], [2, 14, 8, 22, 1, 23, 4, 16], [26, 4, 5, 18, 29, 20, 16, 7], [24, 30, 15, 31, 1, 16, 23, 22], [14, 20, 30, 1, 28, 23, 12, 18], [26, 16, 11, 27, 12, 13, 15, 20], [23, 13, 31, 7, 12, 27, 15, 22], [19, 0, 3, 14, 8, 9, 5, 17], [23, 1, 8, 26, 18, 28, 20, 2], [11, 13, 5, 8, 0, 16, 20, 1], [28, 5, 19, 14, 23, 3, 11, 0], [3, 22, 9, 13, 7, 11, 25, 31], [21, 24, 31, 6, 28, 18, 15, 20], [26, 2, 15, 3, 31, 8, 30, 5], [7, 10, 9, 19, 14, 30, 15, 6], [9, 0, 26, 4, 21, 14, 1, 11], [26, 31, 9, 5, 6, 18, 24, 8], [22, 14, 10, 29, 0, 2, 27, 1], [15, 11, 7, 5, 28, 2, 9, 26], [31, 24, 6, 21, 12, 14, 25, 19], [12, 25, 5, 23, 22, 27, 17, 11], [12, 29, 7, 28, 24, 23, 8, 26], [9, 7, 1, 29, 6, 22, 3, 26], [4, 0, 30, 25, 8, 28, 22, 31], [23, 18, 25, 0, 10, 1, 4, 15], [4, 31, 11, 29, 17, 7, 0, 3], [23, 13, 0, 14, 31, 4, 16, 5], [0, 27, 20, 8, 22, 30, 26, 19], [14, 18, 9, 25, 21, 6, 17, 2], [30, 12, 10, 4, 24, 26, 11, 0], [15, 21, 2, 18, 4, 7, 14, 28], [12, 0, 31, 18, 6, 9, 1, 25], [28, 29, 15, 3, 1, 13, 9, 17], [24, 30, 27, 20, 7, 10, 4, 29], [13, 6, 14, 10, 8, 21, 9, 26], [10, 15, 31, 4, 0, 20, 5, 16], [23, 10, 7, 15, 13, 14, 1, 29], [17, 24, 26, 1, 10, 23, 2, 14], [22, 14, 5, 2, 12, 19, 11, 9], [17, 0, 12, 30, 14, 6, 28, 1], [11, 7, 20, 29, 23, 28, 0, 15], [8, 29, 26, 21, 22, 18, 12, 6], [14, 1, 18, 5, 3, 12, 25, 0], [10, 29, 14, 27, 15, 13, 1, 3], [6, 15, 19, 3, 21, 13, 17, 5], [18, 24, 8, 9, 14, 17, 0, 3], [28, 2, 1, 24, 27, 16, 12, 0], [18, 0, 28, 15, 2, 8, 12, 16], [26, 24, 17, 25, 4, 14, 18, 21], [23, 6, 17, 22, 13, 28, 2, 18], [26, 0, 22, 25, 15, 5, 18, 14], [25, 8, 12, 24, 0, 15, 19, 2], [26, 18, 12, 20, 17, 24, 6, 16], [2, 30, 27, 26, 31, 6, 16, 0], [11, 22, 15, 14, 18, 2, 25, 20], [19, 0, 24, 12, 7, 1, 10, 5], [14, 10, 16, 13, 31, 6, 30, 20], [2, 23, 31, 28, 15, 5, 22, 10], [12, 24, 22, 3, 28, 20, 29, 1], [4, 9, 6, 2, 0, 1, 7, 8]]",8,0.6133072972297668,128,farthest,0.0,24192,4.0,124,0.6405361890792847,0,104 80 184 168,6026,0.7922696471214294,test,top_r_mean,1.0,0.5,0.5,0.5
0.02124128775307003,1.0,189,1.0,31,146.57970005646348,qasper,0.5,0.25,0.125,0.0,1611.03599:e330e162ec29722f5ec9f83853d129c9e0693d65,mean,0.9012720927614545,0.000987204723060131,"[[22, 0, 23, 1, 18, 3, 9, 2], [24, 11, 12, 25, 6, 13, 0, 8], [16, 15, 23, 21, 17, 19, 20, 24], [21, 2, 24, 25, 0, 23, 22, 13], [10, 24, 3, 4, 11, 19, 25, 28], [12, 9, 27, 4, 29, 13, 30, 16], [16, 9, 14, 10, 7, 29, 12, 23], [12, 13, 24, 17, 16, 14, 23, 19], [7, 0, 13, 9, 10, 26, 20, 25], [10, 30, 16, 26, 27, 11, 1, 14], [2, 6, 3, 0, 16, 15, 14, 30], [29, 15, 30, 18, 16, 21, 7, 1], [18, 21, 24, 12, 22, 23, 13, 26], [1, 13, 15, 21, 7, 27, 2, 24], [6, 22, 5, 25, 7, 10, 28, 13], [22, 7, 11, 9, 15, 6, 29, 12], [3, 0, 4, 5, 27, 11, 17, 2], [0, 24, 1, 2, 6, 8, 7, 22], [22, 24, 28, 25, 23, 0, 26, 13], [11, 27, 29, 30, 17, 18, 15, 31], [23, 24, 20, 0, 22, 14, 2, 13], [6, 0, 21, 31, 1, 10, 2, 22], [15, 14, 27, 9, 12, 29, 10, 17], [30, 29, 14, 12, 31, 7, 27, 11], [27, 0, 31, 1, 3, 15, 2, 13], [8, 7, 17, 1, 11, 4, 0, 3], [5, 7, 8, 9, 12, 22, 21, 29], [28, 0, 3, 31, 4, 6, 5, 7], [4, 16, 18, 1, 5, 31, 12, 17], [5, 2, 0, 30, 24, 21, 1, 3], [27, 14, 12, 25, 8, 30, 26, 4], [17, 26, 0, 5, 12, 18, 21, 15], [6, 0, 9, 7, 10, 1, 11, 12], [9, 11, 12, 16, 15, 23, 14, 13], [3, 14, 22, 9, 5, 7, 8, 11], [16, 17, 29, 2, 15, 19, 30, 7], [19, 21, 18, 20, 6, 3, 10, 7], [11, 6, 1, 29, 9, 24, 7, 27], [30, 31, 14, 20, 19, 5, 26, 24], [26, 28, 6, 21, 9, 11, 30, 7], [5, 0, 23, 11, 12, 25, 2, 16], [6, 2, 0, 8, 4, 5, 17, 7], [13, 20, 28, 17, 15, 24, 18, 1], [27, 30, 16, 7, 0, 29, 2, 31], [5, 7, 8, 1, 11, 3, 2, 0], [21, 19, 20, 6, 27, 28, 13, 4], [13, 4, 12, 10, 15, 16, 0, 11], [22, 17, 29, 3, 13, 31, 24, 7], [5, 0, 25, 3, 4, 22, 9, 11], [4, 5, 7, 21, 8, 9, 22, 15], [31, 20, 25, 11, 9, 29, 21, 12], [10, 3, 4, 11, 20, 21, 5, 23], [6, 5, 23, 11, 7, 24, 18, 2], [16, 19, 3, 8, 23, 30, 4, 20], [8, 16, 15, 11, 31, 14, 7, 10], [14, 11, 25, 1, 17, 2, 10, 13], [12, 0, 21, 13, 2, 1, 17, 8], [15, 18, 23, 17, 11, 1, 20, 22], [10, 30, 13, 31, 21, 15, 11, 0], [2, 26, 0, 23, 9, 3, 27, 5], [12, 11, 4, 5, 10, 6, 1, 26], [28, 13, 11, 8, 29, 12, 20, 7], [0, 9, 10, 26, 4, 14, 1, 23], [12, 2, 14, 18, 13, 3, 31, 17], [12, 0, 6, 13, 5, 7, 10, 2], [30, 29, 31, 4, 0, 5, 16, 8], [7, 9, 27, 0, 24, 30, 8, 25], [10, 24, 9, 27, 28, 21, 26, 22], [9, 19, 1, 18, 13, 17, 28, 0], [12, 28, 2, 1, 29, 7, 18, 22], [20, 2, 10, 1, 21, 11, 26, 14], [5, 6, 3, 7, 8, 9, 21, 30], [10, 0, 9, 11, 18, 15, 26, 5], [31, 10, 14, 19, 15, 11, 12, 0], [0, 12, 5, 10, 1, 6, 8, 16], [26, 18, 19, 10, 4, 9, 15, 11], [24, 23, 7, 30, 21, 19, 5, 31], [24, 19, 29, 18, 25, 23, 4, 2], [8, 9, 1, 0, 16, 12, 10, 11], [29, 13, 21, 31, 26, 12, 28, 15], [2, 0, 10, 1, 3, 9, 4, 20], [13, 18, 7, 14, 17, 19, 30, 20], [25, 9, 29, 26, 28, 23, 30, 19], [15, 29, 7, 16, 1, 5, 12, 0], [5, 6, 1, 8, 26, 10, 22, 13], [8, 23, 17, 24, 19, 9, 14, 18], [31, 15, 29, 30, 16, 13, 23, 12], [13, 1, 22, 26, 11, 2, 14, 27], [3, 0, 5, 4, 11, 24, 12, 6], [7, 11, 8, 10, 16, 14, 6, 13], [24, 27, 26, 28, 10, 5, 16, 25], [26, 18, 14, 24, 27, 28, 2, 19], [23, 17, 25, 18, 22, 5, 24, 7], [28, 26, 17, 20, 31, 22, 16, 9], [7, 29, 18, 28, 8, 0, 6, 25], [8, 9, 11, 14, 19, 12, 30, 27], [22, 0, 1, 28, 29, 10, 2, 3], [24, 25, 30, 9, 27, 29, 8, 3], [9, 8, 10, 31, 27, 11, 5, 21], [15, 14, 19, 23, 17, 24, 26, 16], [12, 31, 4, 23, 15, 25, 17, 24], [12, 19, 7, 25, 13, 26, 2, 8], [17, 30, 2, 3, 5, 4, 27, 31], [0, 17, 16, 30, 14, 8, 15, 28], [14, 0, 29, 1, 16, 15, 30, 12], [21, 0, 1, 7, 23, 24, 27, 10], [0, 12, 7, 14, 1, 15, 5, 13], [0, 1, 24, 23, 25, 19, 2, 7], [1, 9, 6, 27, 0, 7, 2, 30], [26, 31, 27, 30, 2, 25, 8, 19], [1, 26, 30, 20, 0, 2, 31, 25], [0, 1, 18, 6, 31, 7, 16, 5], [6, 0, 20, 1, 5, 8, 17, 12], [24, 9, 26, 31, 12, 27, 16, 11], [15, 21, 16, 20, 24, 6, 3, 13], [18, 16, 26, 17, 24, 21, 23, 25], [10, 20, 9, 31, 13, 22, 19, 23], [0, 23, 20, 5, 2, 10, 13, 27], [20, 22, 21, 23, 6, 16, 25, 13], [31, 27, 2, 23, 1, 7, 18, 9], [17, 0, 8, 23, 19, 7, 31, 26], [12, 14, 20, 7, 4, 13, 17, 19], [27, 14, 18, 19, 10, 28, 9, 2], [21, 7, 22, 8, 5, 9, 6, 2], [30, 28, 31, 7, 11, 22, 8, 23], [5, 3, 1, 12, 22, 8, 2, 27], [1, 3, 11, 6, 10, 4, 17, 15], [17, 7, 16, 4, 11, 28, 1, 18], [2, 0, 1, 22, 12, 5, 26, 13], [9, 22, 12, 17, 27, 2, 0, 21], [21, 24, 25, 12, 13, 11, 2, 3], [3, 6, 9, 12, 23, 20, 7, 24], [29, 10, 7, 18, 5, 14, 11, 25], [21, 20, 27, 26, 25, 10, 24, 23], [23, 22, 24, 26, 0, 25, 8, 1], [17, 15, 23, 22, 11, 18, 12, 29], [7, 0, 6, 26, 27, 2, 19, 20], [29, 28, 0, 30, 31, 23, 4, 2], [16, 3, 11, 17, 20, 21, 25, 5], [14, 16, 15, 17, 27, 8, 18, 23], [21, 18, 19, 31, 29, 23, 1, 7], [24, 25, 30, 29, 14, 12, 27, 11], [17, 9, 14, 1, 11, 15, 4, 3], [7, 23, 8, 22, 11, 6, 3, 2], [1, 0, 6, 7, 13, 4, 15, 3], [6, 16, 7, 15, 26, 8, 27, 29], [1, 13, 5, 17, 9, 3, 8, 24], [1, 0, 10, 14, 25, 16, 6, 22], [17, 27, 16, 18, 6, 21, 19, 22], [20, 18, 21, 31, 24, 19, 14, 5], [8, 10, 1, 31, 12, 27, 30, 23], [25, 26, 9, 27, 19, 8, 30, 20], [29, 0, 28, 3, 1, 2, 5, 9], [16, 12, 3, 17, 9, 7, 4, 0], [31, 10, 9, 13, 28, 26, 25, 7], [2, 6, 18, 20, 26, 0, 25, 31], [4, 20, 23, 15, 24, 1, 3, 16], [16, 14, 24, 15, 11, 20, 17, 1], [13, 30, 28, 16, 11, 21, 7, 31], [6, 23, 2, 29, 7, 0, 9, 18], [2, 0, 1, 3, 12, 11, 13, 4], [3, 8, 24, 21, 4, 10, 6, 16], [13, 8, 14, 7, 16, 9, 26, 21], [9, 0, 20, 19, 12, 4, 28, 10], [0, 20, 21, 3, 26, 18, 1, 19], [24, 6, 26, 23, 28, 25, 27, 17], [29, 15, 31, 21, 27, 28, 11, 10], [15, 14, 16, 26, 2, 3, 29, 31], [13, 0, 16, 8, 5, 4, 2, 18], [24, 27, 26, 31, 28, 17, 18, 10], [23, 21, 12, 24, 25, 0, 3, 2], [28, 8, 16, 0, 22, 7, 29, 23], [27, 28, 8, 0, 31, 6, 10, 20], [6, 12, 27, 9, 2, 4, 26, 30], [13, 18, 22, 19, 12, 26, 8, 23], [20, 28, 30, 16, 13, 24, 27, 18], [1, 0, 12, 13, 14, 24, 4, 10], [5, 20, 29, 3, 2, 4, 26, 21], [19, 13, 25, 20, 21, 26, 15, 16], [21, 26, 1, 27, 22, 20, 31, 7], [4, 21, 22, 5, 29, 14, 27, 17], [23, 0, 22, 26, 25, 2, 6, 21], [16, 4, 29, 3, 30, 5, 31, 14], [14, 17, 26, 16, 18, 15, 22, 21], [10, 0, 2, 3, 13, 1, 11, 12], [0, 31, 19, 4, 3, 5, 28, 2], [31, 2, 11, 1, 13, 4, 0, 5], [6, 7, 1, 0, 8, 5, 3, 14], [7, 9, 8, 5, 2, 0, 4, 1]]",8,0.15085245668888092,128,greedy_oracle,0.5,24192,4.0,124,0.15696242451667786,0,104 0 112 120,6026,0.9852734804153442,test,top_r_mean,1.0,1.0,0.75,0.875
0.02124128775307003,0.0,189,0.0,31,131.11259997822344,qasper,0.5,0.0,0.0,0.0,1611.03599:e330e162ec29722f5ec9f83853d129c9e0693d65,mean,0.6217494089834515,0.07768082618713379,"[[6, 8, 14, 13, 11, 5, 4, 1], [8, 24, 13, 18, 10, 9, 0, 22], [18, 5, 4, 12, 22, 10, 20, 17], [19, 0, 21, 14, 3, 18, 2, 16], [12, 28, 26, 3, 15, 2, 23, 1], [26, 17, 10, 7, 0, 3, 4, 27], [18, 25, 5, 8, 30, 1, 14, 22], [27, 14, 3, 12, 22, 19, 29, 21], [26, 16, 31, 17, 27, 22, 19, 15], [5, 31, 9, 19, 7, 30, 8, 4], [8, 24, 15, 11, 20, 29, 9, 14], [13, 26, 24, 9, 28, 20, 10, 3], [3, 10, 28, 15, 29, 27, 17, 31], [1, 18, 22, 16, 4, 25, 14, 11], [15, 0, 18, 19, 10, 21, 29, 12], [9, 16, 20, 19, 30, 27, 22, 2], [24, 13, 0, 31, 4, 7, 9, 19], [25, 0, 6, 26, 28, 8, 11, 10], [31, 1, 7, 12, 28, 27, 9, 17], [30, 2, 26, 23, 28, 13, 10, 3], [18, 16, 19, 22, 20, 27, 8, 12], [7, 2, 15, 29, 22, 24, 23, 18], [2, 26, 0, 4, 22, 14, 10, 13], [25, 1, 19, 15, 21, 28, 10, 13], [11, 2, 27, 23, 20, 14, 25, 7], [30, 7, 10, 2, 29, 21, 17, 26], [13, 20, 18, 21, 6, 0, 2, 25], [24, 30, 16, 17, 7, 1, 29, 22], [9, 3, 25, 12, 28, 2, 15, 20], [6, 20, 5, 16, 24, 21, 15, 7], [22, 2, 6, 15, 23, 0, 21, 1], [27, 22, 5, 17, 16, 24, 18, 28], [24, 27, 3, 1, 19, 7, 2, 26], [16, 20, 15, 25, 7, 22, 23, 29], [18, 8, 30, 4, 20, 29, 22, 14], [10, 17, 25, 11, 24, 1, 9, 26], [19, 25, 0, 22, 15, 27, 16, 7], [8, 29, 23, 5, 22, 2, 25, 1], [12, 1, 18, 15, 26, 10, 23, 24], [30, 16, 13, 18, 14, 6, 22, 21], [5, 15, 9, 8, 2, 20, 4, 24], [25, 5, 12, 16, 27, 28, 2, 23], [23, 24, 20, 25, 0, 2, 17, 18], [31, 1, 29, 19, 22, 15, 6, 17], [23, 11, 12, 29, 27, 19, 7, 0], [28, 1, 5, 24, 17, 13, 18, 23], [14, 5, 19, 13, 25, 23, 20, 18], [10, 5, 21, 11, 3, 25, 19, 29], [18, 16, 17, 31, 22, 1, 20, 24], [8, 18, 25, 17, 7, 11, 2, 4], [11, 5, 31, 6, 21, 26, 23, 14], [6, 20, 18, 9, 0, 28, 25, 27], [25, 16, 4, 30, 0, 21, 27, 26], [21, 16, 27, 5, 20, 28, 8, 4], [7, 20, 27, 29, 16, 9, 12, 23], [10, 21, 30, 29, 18, 16, 7, 11], [18, 22, 20, 4, 16, 31, 19, 23], [28, 10, 29, 0, 7, 12, 23, 19], [23, 3, 24, 30, 19, 26, 18, 28], [24, 23, 22, 4, 6, 0, 3, 20], [14, 10, 7, 8, 22, 19, 2, 6], [1, 21, 5, 2, 10, 14, 17, 28], [18, 11, 31, 14, 4, 15, 22, 9], [14, 18, 20, 17, 11, 0, 15, 8], [6, 26, 12, 28, 15, 25, 8, 9], [4, 6, 20, 11, 17, 31, 9, 7], [10, 28, 30, 3, 16, 13, 21, 15], [18, 19, 16, 2, 14, 6, 3, 27], [2, 10, 0, 4, 15, 1, 6, 20], [25, 30, 4, 29, 1, 19, 6, 15], [5, 16, 25, 21, 11, 9, 7, 13], [7, 12, 31, 25, 28, 4, 14, 22], [21, 4, 15, 18, 29, 7, 30, 2], [12, 7, 13, 26, 19, 28, 14, 1], [14, 25, 7, 16, 10, 4, 11, 1], [21, 18, 1, 17, 26, 11, 29, 5], [16, 19, 31, 26, 1, 7, 17, 10], [0, 8, 18, 28, 17, 30, 19, 9], [5, 18, 3, 8, 2, 24, 15, 27], [27, 9, 4, 14, 10, 20, 2, 24], [20, 30, 2, 17, 0, 27, 29, 15], [24, 12, 26, 22, 31, 9, 19, 7], [5, 11, 7, 18, 26, 15, 20, 4], [29, 9, 14, 27, 5, 21, 17, 10], [19, 30, 24, 8, 17, 25, 15, 0], [20, 23, 24, 29, 3, 28, 13, 30], [3, 12, 23, 14, 25, 29, 7, 16], [25, 9, 0, 18, 21, 14, 4, 2], [25, 19, 23, 31, 28, 12, 6, 24], [19, 5, 24, 26, 9, 8, 10, 20], [9, 6, 4, 17, 7, 11, 3, 28], [28, 12, 19, 9, 21, 10, 15, 31], [29, 14, 12, 8, 22, 17, 19, 2], [4, 19, 3, 31, 12, 15, 17, 1], [12, 25, 19, 16, 28, 0, 24, 3], [24, 23, 21, 12, 0, 18, 7, 25], [27, 28, 6, 2, 7, 19, 4, 15], [20, 7, 25, 14, 27, 3, 26, 17], [11, 3, 4, 1, 14, 8, 9, 18], [17, 5, 30, 19, 6, 28, 12, 11], [25, 17, 29, 27, 31, 28, 6, 23], [31, 16, 22, 17, 11, 25, 15, 24], [21, 1, 20, 10, 25, 13, 24, 22], [25, 30, 2, 12, 0, 17, 26, 27], [20, 21, 18, 6, 30, 2, 9, 1], [20, 22, 16, 7, 2, 6, 5, 25], [3, 10, 2, 23, 27, 15, 6, 28], [13, 21, 16, 12, 0, 22, 15, 14], [18, 8, 10, 31, 9, 19, 3, 0], [22, 12, 27, 9, 16, 11, 2, 30], [12, 23, 15, 24, 9, 26, 21, 27], [7, 9, 0, 5, 22, 10, 19, 8], [15, 5, 22, 23, 27, 30, 0, 13], [15, 5, 27, 18, 3, 20, 16, 0], [3, 24, 16, 23, 15, 30, 4, 13], [13, 24, 7, 31, 10, 12, 6, 9], [19, 28, 23, 7, 0, 6, 14, 18], [1, 5, 11, 13, 10, 16, 8, 21], [17, 18, 29, 19, 1, 5, 7, 24], [23, 22, 4, 28, 3, 5, 13, 31], [2, 21, 6, 23, 26, 12, 9, 16], [9, 3, 30, 28, 26, 4, 17, 13], [4, 27, 12, 21, 23, 13, 6, 29], [2, 9, 17, 13, 28, 8, 20, 10], [10, 4, 29, 25, 20, 18, 3, 24], [17, 28, 23, 31, 11, 25, 8, 16], [13, 12, 16, 11, 9, 30, 26, 2], [4, 19, 15, 30, 21, 23, 24, 5], [31, 10, 15, 5, 7, 27, 26, 2], [27, 1, 24, 23, 5, 19, 4, 22], [6, 9, 2, 7, 15, 10, 3, 26], [22, 9, 3, 11, 15, 10, 27, 31], [7, 15, 31, 26, 2, 1, 20, 21], [5, 21, 24, 7, 0, 10, 30, 23], [23, 28, 7, 26, 31, 29, 4, 6], [19, 2, 24, 23, 15, 12, 27, 5], [29, 14, 26, 19, 24, 15, 27, 10], [28, 1, 13, 31, 11, 17, 27, 25], [9, 24, 14, 17, 12, 13, 25, 26], [14, 2, 21, 9, 15, 5, 20, 19], [13, 29, 4, 6, 25, 20, 26, 22], [25, 16, 19, 17, 13, 18, 9, 15], [1, 2, 29, 28, 18, 23, 6, 16], [24, 10, 6, 26, 14, 12, 20, 16], [22, 24, 14, 11, 29, 27, 8, 21], [30, 8, 15, 1, 5, 13, 6, 10], [9, 28, 22, 31, 6, 18, 4, 15], [17, 12, 1, 2, 24, 20, 30, 5], [1, 18, 30, 22, 5, 29, 26, 3], [24, 28, 22, 17, 23, 7, 14, 27], [13, 26, 17, 22, 7, 3, 4, 20], [13, 7, 0, 24, 15, 14, 1, 17], [25, 2, 12, 30, 7, 10, 18, 17], [0, 5, 27, 31, 28, 15, 12, 16], [4, 30, 6, 15, 3, 18, 13, 5], [9, 8, 7, 15, 0, 2, 3, 11], [1, 6, 24, 9, 11, 4, 18, 25], [21, 22, 20, 0, 8, 3, 10, 4], [6, 9, 23, 0, 20, 28, 17, 31], [19, 26, 4, 29, 1, 17, 27, 13], [18, 21, 31, 11, 3, 7, 10, 4], [24, 26, 13, 15, 0, 2, 22, 9], [26, 14, 9, 2, 17, 11, 29, 5], [24, 3, 18, 8, 16, 21, 1, 28], [25, 23, 30, 20, 11, 8, 19, 29], [26, 18, 22, 13, 20, 28, 24, 6], [2, 22, 21, 8, 28, 17, 31, 9], [11, 27, 14, 29, 31, 2, 17, 16], [29, 4, 1, 3, 12, 10, 2, 27], [8, 18, 16, 30, 1, 7, 24, 21], [15, 27, 26, 6, 22, 23, 14, 25], [0, 27, 31, 30, 28, 11, 6, 4], [25, 13, 20, 17, 30, 8, 26, 19], [28, 26, 2, 8, 17, 30, 13, 12], [14, 4, 24, 20, 7, 13, 21, 0], [10, 14, 18, 8, 4, 19, 25, 20], [16, 12, 27, 9, 19, 20, 17, 0], [1, 12, 21, 17, 0, 18, 5, 6], [13, 7, 15, 30, 27, 28, 18, 4], [8, 0, 20, 19, 15, 21, 13, 27], [17, 4, 16, 31, 6, 14, 2, 29], [0, 15, 1, 21, 8, 28, 29, 9], [24, 0, 13, 4, 21, 30, 23, 8], [28, 23, 16, 9, 1, 19, 22, 24], [1, 2, 14, 20, 24, 5, 26, 15], [14, 30, 16, 28, 22, 8, 5, 21], [18, 21, 4, 8, 1, 27, 13, 23], [23, 7, 22, 24, 9, 21, 6, 27], [2, 3, 5, 4, 1, 6, 0, 9]]",8,0.6379844546318054,128,random,0.0,24192,4.0,124,0.710963249206543,11,176 80 112 16,6026,0.8167262673377991,test,top_r_mean,0.0,0.0,0.0,0.375
0.02124128775307003,0.0,189,0.0,31,141.3747000042349,qasper,0.5,0.0,0.0,0.0,1611.03599:e330e162ec29722f5ec9f83853d129c9e0693d65,mean,0.5861758414949905,0.06904534995555878,"[[1, 12, 30, 27, 5, 15, 18, 25], [22, 30, 13, 14, 28, 19, 27, 29], [26, 6, 3, 5, 25, 7, 12, 27], [12, 24, 14, 17, 27, 7, 21, 6], [20, 8, 19, 13, 5, 1, 21, 24], [21, 12, 3, 13, 8, 15, 18, 22], [10, 26, 12, 16, 13, 1, 7, 0], [22, 6, 8, 26, 1, 4, 7, 20], [2, 19, 10, 14, 9, 28, 3, 13], [26, 13, 1, 10, 9, 25, 6, 0], [11, 19, 5, 24, 12, 16, 31, 23], [24, 16, 11, 13, 6, 5, 20, 28], [24, 25, 21, 26, 27, 1, 14, 31], [30, 3, 17, 23, 6, 27, 25, 28], [9, 28, 11, 3, 16, 6, 31, 0], [24, 18, 4, 13, 22, 12, 27, 0], [22, 23, 27, 6, 28, 13, 9, 15], [25, 12, 22, 17, 10, 24, 18, 20], [6, 11, 5, 21, 22, 31, 8, 9], [25, 6, 13, 2, 28, 22, 17, 24], [16, 15, 29, 21, 23, 22, 1, 28], [1, 5, 15, 3, 22, 16, 24, 26], [4, 1, 31, 11, 12, 9, 27, 3], [8, 25, 4, 6, 5, 29, 3, 15], [1, 4, 29, 7, 18, 6, 16, 17], [26, 1, 25, 19, 3, 24, 18, 16], [16, 20, 8, 17, 11, 0, 7, 14], [14, 3, 17, 20, 13, 28, 5, 18], [21, 0, 22, 13, 1, 28, 5, 16], [30, 24, 17, 19, 20, 5, 0, 18], [12, 11, 21, 14, 31, 4, 5, 30], [30, 26, 12, 13, 18, 20, 2, 31], [22, 28, 12, 30, 17, 23, 6, 27], [11, 22, 4, 9, 27, 5, 10, 20], [28, 13, 7, 4, 24, 21, 9, 2], [10, 15, 3, 9, 5, 20, 0, 14], [23, 25, 10, 3, 28, 1, 26, 8], [9, 10, 22, 6, 12, 27, 8, 2], [19, 1, 29, 7, 11, 13, 8, 23], [14, 19, 6, 9, 26, 29, 20, 21], [20, 2, 1, 28, 10, 3, 25, 12], [18, 24, 26, 16, 19, 25, 5, 8], [1, 9, 20, 0, 27, 17, 10, 18], [29, 31, 24, 28, 22, 15, 18, 23], [18, 3, 19, 28, 8, 17, 30, 11], [11, 27, 7, 22, 3, 19, 8, 21], [0, 10, 14, 2, 20, 30, 15, 28], [15, 18, 25, 2, 21, 10, 12, 5], [31, 9, 29, 22, 14, 17, 16, 6], [20, 26, 18, 12, 10, 14, 17, 23], [15, 2, 20, 16, 4, 23, 5, 3], [10, 5, 4, 21, 19, 9, 18, 11], [28, 24, 11, 18, 5, 29, 1, 3], [8, 22, 16, 17, 4, 25, 24, 21], [9, 8, 2, 11, 20, 4, 15, 29], [10, 15, 30, 13, 16, 29, 22, 31], [6, 3, 15, 1, 29, 28, 4, 31], [29, 3, 20, 17, 7, 31, 30, 23], [15, 30, 3, 24, 9, 13, 6, 22], [17, 25, 31, 20, 12, 4, 3, 15], [23, 25, 10, 6, 31, 24, 20, 3], [1, 6, 12, 10, 26, 27, 9, 13], [4, 21, 11, 9, 5, 22, 23, 15], [19, 14, 9, 7, 28, 11, 13, 26], [5, 1, 15, 30, 29, 2, 23, 19], [0, 9, 15, 12, 22, 21, 2, 29], [16, 21, 9, 20, 7, 27, 1, 0], [11, 14, 19, 26, 2, 22, 30, 1], [7, 27, 12, 15, 18, 17, 21, 5], [28, 6, 5, 30, 27, 23, 16, 14], [11, 20, 7, 19, 29, 24, 28, 12], [25, 3, 19, 0, 11, 5, 7, 14], [19, 17, 20, 28, 6, 15, 18, 0], [23, 11, 4, 19, 27, 17, 29, 2], [3, 21, 5, 0, 27, 19, 24, 30], [0, 7, 3, 10, 27, 12, 24, 17], [7, 24, 5, 18, 8, 2, 30, 21], [2, 12, 5, 16, 6, 21, 28, 31], [15, 3, 27, 23, 16, 29, 10, 6], [14, 29, 19, 24, 12, 16, 9, 13], [19, 17, 26, 1, 11, 21, 30, 12], [9, 30, 24, 28, 11, 21, 17, 8], [12, 29, 26, 8, 16, 2, 1, 0], [1, 30, 20, 8, 29, 18, 15, 23], [3, 7, 6, 27, 16, 18, 12, 23], [1, 30, 2, 12, 21, 26, 8, 15], [6, 0, 28, 17, 25, 11, 16, 14], [5, 19, 22, 29, 28, 6, 13, 4], [9, 19, 16, 17, 6, 22, 0, 13], [4, 30, 10, 24, 13, 2, 3, 15], [13, 25, 21, 10, 15, 5, 31, 19], [5, 16, 21, 31, 0, 25, 29, 26], [24, 26, 23, 15, 28, 7, 3, 4], [11, 28, 26, 5, 15, 13, 7, 9], [20, 21, 25, 2, 0, 19, 23, 27], [18, 23, 17, 11, 9, 25, 21, 8], [24, 30, 11, 9, 4, 22, 29, 23], [13, 22, 30, 12, 20, 3, 24, 15], [29, 11, 2, 0, 19, 30, 4, 23], [18, 27, 8, 0, 28, 2, 5, 24], [24, 10, 2, 1, 13, 25, 14, 19], [6, 20, 21, 9, 3, 26, 25, 23], [25, 21, 24, 28, 15, 2, 14, 23], [27, 25, 29, 23, 30, 24, 31, 9], [6, 7, 22, 20, 18, 29, 27, 15], [25, 4, 27, 21, 29, 30, 23, 24], [11, 22, 6, 28, 24, 26, 16, 10], [3, 24, 1, 20, 7, 13, 29, 5], [4, 26, 24, 9, 5, 17, 25, 13], [23, 1, 24, 21, 10, 16, 9, 28], [29, 30, 23, 22, 5, 19, 3, 12], [24, 10, 14, 28, 11, 21, 3, 13], [31, 7, 24, 30, 22, 18, 28, 0], [16, 6, 11, 2, 3, 7, 9, 21], [0, 8, 25, 6, 29, 13, 10, 9], [31, 12, 10, 24, 28, 16, 9, 2], [28, 18, 26, 12, 8, 31, 13, 27], [21, 17, 0, 23, 28, 30, 16, 27], [7, 22, 2, 1, 24, 29, 13, 25], [20, 29, 21, 25, 2, 12, 3, 14], [27, 1, 10, 2, 22, 26, 21, 15], [31, 19, 22, 20, 4, 16, 25, 9], [11, 9, 5, 30, 22, 6, 23, 3], [26, 3, 4, 13, 15, 16, 24, 9], [10, 28, 15, 0, 22, 9, 12, 7], [20, 5, 15, 31, 28, 2, 9, 23], [19, 1, 11, 29, 22, 20, 30, 31], [15, 24, 9, 1, 16, 10, 17, 5], [20, 1, 13, 11, 29, 19, 22, 23], [9, 23, 26, 17, 29, 12, 24, 31], [19, 2, 21, 30, 4, 9, 16, 25], [10, 19, 11, 31, 1, 27, 29, 15], [25, 4, 21, 12, 9, 11, 15, 10], [26, 6, 11, 17, 13, 12, 25, 20], [17, 8, 13, 12, 7, 9, 29, 20], [31, 24, 25, 10, 19, 14, 16, 4], [16, 5, 15, 0, 23, 6, 2, 14], [15, 3, 20, 4, 31, 9, 29, 2], [21, 13, 3, 1, 16, 23, 2, 0], [0, 11, 24, 12, 26, 3, 28, 14], [15, 22, 6, 13, 28, 20, 21, 1], [13, 22, 28, 8, 24, 14, 7, 6], [27, 15, 9, 4, 20, 3, 21, 2], [19, 9, 6, 8, 22, 11, 15, 30], [1, 7, 21, 17, 29, 9, 0, 24], [22, 0, 13, 1, 8, 18, 30, 31], [15, 13, 12, 1, 27, 31, 28, 24], [7, 28, 10, 4, 18, 19, 6, 0], [7, 16, 17, 31, 11, 4, 25, 0], [12, 28, 16, 19, 25, 22, 10, 5], [10, 26, 30, 28, 3, 20, 1, 15], [25, 2, 20, 30, 8, 16, 22, 4], [26, 31, 20, 6, 1, 12, 28, 29], [4, 31, 14, 6, 1, 11, 23, 28], [30, 4, 17, 28, 0, 12, 2, 25], [23, 12, 17, 15, 9, 30, 3, 7], [12, 1, 8, 23, 5, 29, 24, 19], [5, 15, 8, 25, 29, 16, 21, 19], [13, 24, 17, 31, 19, 16, 23, 29], [14, 27, 11, 7, 26, 16, 4, 21], [1, 6, 26, 27, 5, 2, 21, 14], [31, 16, 4, 5, 17, 2, 1, 29], [11, 10, 21, 15, 20, 23, 19, 22], [26, 28, 20, 25, 19, 11, 4, 16], [20, 31, 23, 2, 27, 0, 17, 7], [22, 3, 31, 14, 16, 0, 7, 30], [17, 15, 7, 28, 5, 2, 1, 13], [25, 5, 16, 1, 29, 28, 26, 0], [11, 9, 16, 1, 26, 21, 22, 31], [13, 16, 14, 28, 3, 10, 19, 27], [10, 27, 29, 12, 28, 15, 0, 6], [1, 27, 3, 31, 29, 0, 24, 10], [10, 13, 26, 14, 6, 8, 16, 11], [29, 5, 10, 1, 19, 18, 22, 31], [13, 6, 28, 21, 12, 23, 7, 27], [21, 23, 25, 28, 31, 0, 8, 9], [16, 6, 0, 21, 26, 11, 2, 31], [25, 31, 30, 10, 2, 18, 5, 24], [26, 16, 21, 31, 29, 23, 4, 0], [22, 24, 4, 25, 12, 29, 2, 18], [28, 12, 27, 6, 16, 13, 9, 22], [30, 2, 18, 19, 6, 5, 17, 10], [17, 22, 11, 15, 23, 4, 3, 28], [20, 7, 1, 23, 14, 18, 13, 8], [30, 22, 11, 15, 24, 2, 4, 29], [1, 23, 24, 20, 9, 19, 17, 30], [17, 12, 19, 5, 30, 29, 16, 3], [19, 27, 21, 31, 6, 15, 29, 22], [3, 6, 9, 2, 1, 0, 5, 8]]",8,0.6228312253952026,128,random,0.0,24192,4.0,124,0.6898596882820129,23,136 72 88 144,6026,0.7754403948783875,test,top_r_mean,0.0,0.0,0.0,0.5
0.02124128775307003,0.0,189,0.0,31,137.09640013985336,qasper,0.5,0.0,0.0,0.0,1611.03599:e330e162ec29722f5ec9f83853d129c9e0693d65,mean,0.5939434875605089,0.07401826977729797,"[[10, 22, 4, 14, 13, 26, 16, 20], [7, 22, 30, 29, 31, 21, 27, 17], [6, 0, 12, 26, 3, 17, 5, 24], [10, 12, 8, 0, 2, 30, 15, 18], [6, 1, 16, 8, 15, 21, 24, 12], [28, 5, 12, 16, 20, 13, 29, 31], [11, 28, 3, 15, 8, 25, 24, 9], [21, 18, 22, 7, 0, 26, 6, 3], [21, 28, 22, 2, 4, 14, 29, 27], [9, 18, 14, 16, 13, 23, 3, 20], [30, 7, 11, 0, 24, 16, 3, 26], [15, 29, 11, 4, 27, 16, 6, 21], [24, 1, 27, 28, 4, 30, 9, 10], [5, 23, 21, 16, 12, 10, 11, 31], [10, 17, 2, 26, 29, 19, 25, 23], [26, 25, 0, 1, 6, 24, 22, 18], [16, 18, 7, 17, 6, 27, 22, 24], [28, 15, 20, 16, 2, 31, 18, 30], [31, 18, 8, 1, 10, 13, 21, 29], [21, 12, 6, 17, 9, 29, 18, 19], [11, 19, 2, 21, 29, 31, 5, 13], [25, 11, 16, 31, 22, 7, 10, 27], [21, 2, 14, 28, 25, 30, 29, 24], [31, 18, 12, 15, 7, 17, 21, 29], [27, 24, 7, 19, 15, 13, 5, 8], [8, 13, 29, 3, 30, 15, 1, 2], [9, 29, 31, 12, 30, 20, 0, 23], [22, 18, 19, 29, 7, 30, 25, 28], [23, 31, 9, 10, 26, 15, 7, 0], [25, 5, 0, 20, 6, 16, 19, 24], [29, 13, 9, 11, 31, 2, 21, 12], [5, 19, 23, 20, 26, 12, 21, 8], [2, 14, 22, 24, 4, 12, 27, 0], [29, 25, 0, 17, 22, 27, 21, 16], [14, 6, 4, 10, 25, 30, 15, 21], [17, 2, 28, 0, 12, 14, 13, 10], [1, 5, 17, 21, 24, 15, 20, 8], [26, 2, 4, 14, 8, 24, 3, 30], [12, 24, 27, 16, 20, 18, 2, 10], [10, 31, 29, 25, 20, 22, 12, 14], [21, 10, 26, 4, 19, 25, 29, 27], [25, 9, 18, 22, 31, 4, 5, 10], [30, 0, 24, 1, 13, 27, 11, 21], [19, 29, 26, 3, 1, 16, 6, 21], [15, 11, 22, 8, 23, 4, 14, 28], [19, 21, 14, 3, 27, 4, 12, 2], [14, 22, 17, 1, 18, 23, 11, 25], [21, 25, 8, 14, 0, 12, 4, 11], [30, 17, 20, 7, 19, 5, 24, 23], [23, 14, 12, 7, 4, 26, 25, 31], [21, 8, 30, 26, 29, 5, 13, 7], [15, 4, 3, 31, 26, 2, 13, 22], [20, 4, 22, 14, 9, 8, 3, 24], [15, 2, 27, 25, 28, 14, 5, 30], [24, 29, 5, 6, 17, 14, 12, 23], [19, 6, 22, 0, 20, 21, 30, 2], [11, 31, 9, 21, 15, 6, 8, 25], [31, 29, 10, 0, 26, 5, 2, 11], [13, 30, 23, 26, 29, 8, 10, 11], [31, 10, 30, 0, 4, 3, 8, 2], [27, 7, 5, 18, 25, 2, 28, 12], [0, 26, 16, 12, 25, 5, 29, 13], [24, 22, 1, 2, 13, 10, 15, 16], [15, 4, 3, 30, 25, 16, 6, 10], [19, 12, 17, 11, 28, 3, 30, 2], [27, 26, 21, 1, 5, 2, 15, 0], [7, 0, 27, 24, 30, 17, 8, 1], [0, 9, 17, 22, 2, 18, 4, 11], [8, 4, 19, 13, 3, 0, 5, 26], [0, 27, 25, 21, 12, 18, 17, 8], [29, 26, 3, 24, 12, 25, 14, 4], [16, 26, 23, 19, 20, 7, 28, 5], [12, 7, 8, 5, 30, 3, 13, 15], [21, 17, 26, 4, 23, 29, 6, 27], [6, 1, 18, 28, 20, 9, 16, 22], [9, 23, 25, 20, 24, 15, 6, 19], [2, 11, 15, 26, 1, 21, 7, 8], [16, 10, 17, 18, 15, 19, 26, 3], [14, 27, 2, 7, 11, 25, 10, 1], [26, 5, 23, 1, 29, 19, 21, 6], [4, 11, 1, 19, 16, 14, 0, 2], [8, 17, 20, 24, 3, 30, 1, 21], [0, 8, 17, 9, 5, 30, 28, 27], [30, 16, 0, 23, 20, 10, 4, 26], [16, 12, 31, 22, 0, 7, 4, 8], [16, 1, 4, 25, 9, 28, 2, 13], [10, 17, 20, 11, 0, 9, 3, 25], [3, 19, 8, 1, 20, 14, 30, 24], [4, 25, 7, 9, 11, 19, 27, 3], [19, 0, 13, 11, 17, 12, 30, 20], [7, 29, 20, 2, 14, 17, 24, 16], [0, 6, 4, 30, 7, 15, 16, 3], [14, 3, 8, 31, 23, 18, 12, 19], [31, 26, 3, 6, 4, 23, 27, 13], [26, 25, 29, 17, 4, 1, 27, 3], [5, 9, 18, 30, 8, 6, 2, 14], [10, 6, 21, 1, 25, 31, 23, 27], [24, 26, 28, 17, 8, 7, 27, 30], [8, 31, 23, 3, 5, 9, 4, 29], [4, 16, 22, 8, 30, 27, 17, 7], [24, 17, 0, 22, 29, 4, 19, 7], [4, 28, 27, 19, 6, 17, 15, 29], [25, 14, 27, 22, 10, 12, 31, 6], [9, 7, 8, 12, 6, 14, 26, 3], [13, 3, 20, 17, 14, 4, 26, 1], [3, 5, 24, 27, 13, 28, 11, 19], [1, 2, 12, 27, 3, 8, 23, 29], [24, 31, 16, 17, 4, 20, 5, 18], [13, 23, 26, 19, 22, 31, 5, 8], [29, 8, 10, 23, 1, 11, 12, 0], [30, 25, 27, 15, 13, 28, 0, 21], [29, 31, 6, 13, 10, 23, 16, 9], [30, 11, 14, 8, 6, 29, 19, 13], [24, 17, 27, 26, 19, 4, 5, 6], [11, 20, 1, 16, 23, 5, 7, 18], [2, 13, 30, 10, 24, 21, 25, 19], [26, 5, 23, 25, 20, 24, 12, 18], [19, 24, 9, 17, 0, 1, 13, 4], [24, 27, 13, 31, 22, 15, 1, 6], [20, 19, 14, 8, 2, 11, 13, 23], [16, 12, 31, 30, 29, 1, 27, 13], [5, 6, 3, 8, 26, 25, 1, 21], [4, 2, 31, 16, 24, 14, 20, 8], [26, 29, 18, 23, 15, 12, 5, 3], [25, 8, 7, 4, 20, 19, 3, 18], [28, 27, 8, 7, 1, 9, 31, 2], [27, 5, 4, 14, 23, 9, 22, 12], [21, 27, 30, 18, 7, 2, 20, 23], [12, 14, 27, 26, 16, 17, 29, 15], [12, 20, 11, 6, 30, 24, 5, 27], [9, 31, 30, 14, 16, 26, 21, 10], [28, 22, 16, 23, 7, 12, 0, 2], [22, 3, 19, 28, 27, 26, 23, 24], [15, 22, 9, 11, 13, 8, 25, 3], [17, 15, 12, 19, 25, 2, 29, 4], [1, 30, 0, 26, 22, 5, 9, 28], [6, 11, 13, 28, 15, 19, 9, 10], [6, 21, 20, 16, 3, 5, 0, 18], [12, 26, 29, 2, 23, 30, 27, 16], [13, 2, 28, 17, 30, 11, 26, 7], [19, 12, 6, 9, 21, 27, 26, 31], [26, 29, 18, 17, 24, 5, 12, 14], [3, 25, 8, 24, 2, 31, 6, 12], [4, 15, 23, 20, 29, 22, 10, 1], [1, 6, 11, 12, 18, 4, 9, 31], [4, 16, 5, 9, 14, 11, 10, 8], [23, 25, 20, 2, 31, 28, 8, 24], [29, 10, 7, 3, 9, 8, 15, 16], [11, 21, 6, 9, 30, 22, 7, 10], [4, 21, 22, 6, 8, 3, 27, 13], [19, 10, 26, 30, 3, 21, 9, 1], [18, 11, 31, 25, 30, 6, 2, 10], [19, 3, 29, 17, 9, 22, 31, 30], [24, 0, 26, 7, 30, 29, 2, 1], [9, 8, 19, 23, 25, 15, 26, 3], [18, 0, 31, 6, 7, 26, 12, 10], [28, 13, 19, 12, 27, 14, 2, 23], [5, 30, 26, 22, 11, 12, 7, 6], [1, 14, 16, 31, 24, 5, 15, 9], [29, 4, 25, 21, 16, 17, 8, 24], [30, 18, 17, 6, 0, 8, 10, 14], [8, 15, 17, 7, 27, 19, 9, 14], [21, 7, 0, 4, 18, 20, 13, 9], [21, 28, 6, 31, 13, 15, 22, 9], [21, 5, 22, 26, 8, 6, 31, 18], [11, 1, 14, 15, 10, 8, 9, 24], [3, 31, 25, 12, 20, 21, 15, 27], [20, 24, 5, 27, 21, 23, 15, 30], [4, 1, 7, 10, 17, 0, 13, 20], [26, 1, 22, 16, 23, 11, 3, 27], [8, 18, 26, 2, 0, 29, 3, 5], [21, 20, 0, 26, 27, 13, 12, 11], [3, 17, 31, 26, 2, 4, 18, 11], [13, 2, 10, 17, 23, 12, 7, 14], [4, 31, 7, 15, 3, 28, 26, 10], [27, 15, 20, 14, 23, 17, 13, 6], [14, 11, 22, 6, 21, 5, 30, 2], [26, 9, 10, 0, 11, 27, 31, 22], [23, 30, 21, 19, 2, 11, 12, 4], [31, 4, 1, 18, 22, 26, 17, 7], [16, 25, 7, 11, 27, 2, 0, 4], [0, 21, 18, 10, 27, 11, 16, 1], [7, 12, 29, 22, 15, 25, 27, 26], [18, 10, 15, 5, 19, 7, 25, 24], [1, 16, 2, 29, 19, 0, 12, 18], [29, 24, 4, 16, 28, 6, 20, 13], [12, 26, 11, 13, 17, 25, 3, 29], [29, 0, 18, 10, 31, 20, 22, 19], [1, 8, 5, 3, 0, 4, 6, 2]]",8,0.627632200717926,128,random,0.0,24192,4.0,124,0.6978834867477417,37,168 80 184 32,6026,0.7783732414245605,test,top_r_mean,0.0,0.0,0.25,0.25
0.02124128775307003,0.0,189,0.0,31,139.94250004179776,qasper,0.5,0.0,0.0,0.0,1611.03599:e330e162ec29722f5ec9f83853d129c9e0693d65,mean,0.6006979624000901,0.0766998678445816,"[[18, 6, 12, 1, 13, 9, 8, 27], [20, 14, 10, 21, 0, 30, 25, 18], [18, 13, 9, 29, 22, 10, 16, 23], [11, 8, 4, 25, 30, 10, 29, 15], [20, 12, 1, 16, 23, 15, 31, 0], [20, 6, 5, 10, 13, 28, 12, 2], [19, 21, 24, 4, 23, 28, 29, 18], [7, 30, 24, 4, 16, 31, 19, 21], [26, 21, 27, 15, 6, 11, 24, 28], [1, 7, 4, 15, 22, 30, 28, 25], [0, 13, 9, 24, 20, 30, 28, 21], [6, 3, 31, 4, 20, 19, 12, 1], [7, 9, 4, 31, 5, 20, 23, 22], [14, 23, 29, 1, 24, 0, 28, 7], [22, 25, 11, 16, 30, 29, 23, 9], [6, 13, 28, 10, 18, 8, 21, 27], [31, 19, 18, 30, 29, 15, 25, 2], [5, 22, 26, 7, 11, 8, 10, 4], [27, 16, 25, 26, 13, 0, 8, 30], [20, 6, 19, 21, 31, 25, 26, 13], [21, 28, 8, 22, 31, 29, 3, 10], [18, 5, 12, 23, 14, 16, 17, 29], [1, 28, 4, 15, 22, 11, 8, 26], [29, 7, 31, 19, 12, 16, 0, 20], [22, 18, 8, 20, 11, 10, 19, 12], [31, 24, 25, 30, 12, 20, 15, 26], [3, 23, 14, 26, 12, 0, 21, 20], [19, 23, 0, 20, 27, 30, 5, 24], [21, 8, 20, 23, 1, 7, 25, 14], [0, 1, 19, 29, 12, 9, 20, 27], [4, 27, 25, 31, 12, 29, 5, 6], [4, 13, 24, 5, 16, 17, 28, 6], [20, 13, 12, 2, 5, 26, 25, 18], [25, 20, 30, 13, 26, 23, 31, 3], [23, 19, 5, 8, 6, 24, 14, 18], [28, 29, 27, 8, 30, 18, 11, 20], [1, 9, 20, 28, 25, 29, 6, 19], [9, 27, 2, 10, 11, 28, 16, 3], [5, 12, 14, 16, 22, 10, 23, 29], [18, 9, 8, 20, 21, 10, 5, 30], [23, 25, 22, 30, 20, 9, 27, 2], [9, 10, 20, 1, 15, 23, 17, 0], [9, 4, 15, 14, 29, 23, 25, 19], [31, 14, 15, 8, 20, 30, 7, 12], [1, 4, 8, 2, 15, 29, 13, 30], [27, 0, 4, 9, 18, 25, 13, 17], [1, 2, 5, 22, 25, 8, 20, 27], [12, 9, 24, 4, 14, 26, 10, 22], [30, 22, 29, 14, 7, 19, 0, 10], [31, 30, 7, 0, 6, 3, 24, 14], [29, 20, 27, 1, 18, 12, 23, 13], [24, 30, 22, 31, 16, 8, 21, 13], [16, 20, 19, 0, 22, 11, 1, 8], [21, 22, 15, 31, 16, 6, 26, 28], [9, 25, 29, 2, 16, 6, 18, 22], [24, 12, 27, 15, 18, 22, 16, 31], [24, 31, 17, 16, 27, 29, 15, 22], [9, 24, 2, 14, 4, 28, 21, 10], [8, 17, 2, 28, 22, 6, 18, 31], [28, 9, 13, 31, 22, 27, 16, 6], [7, 15, 23, 20, 10, 26, 30, 16], [21, 25, 10, 8, 24, 27, 0, 20], [13, 1, 11, 3, 31, 29, 12, 23], [25, 16, 8, 14, 1, 23, 6, 27], [15, 23, 0, 1, 12, 28, 17, 9], [2, 16, 30, 0, 23, 9, 17, 8], [31, 12, 10, 25, 15, 21, 22, 1], [27, 7, 0, 30, 13, 9, 5, 22], [29, 0, 19, 26, 28, 10, 24, 4], [10, 11, 17, 2, 18, 26, 23, 20], [13, 23, 22, 6, 21, 14, 8, 0], [6, 21, 12, 9, 18, 30, 4, 2], [22, 27, 31, 29, 14, 3, 11, 8], [14, 13, 0, 25, 16, 29, 9, 24], [10, 24, 0, 15, 25, 18, 20, 17], [29, 4, 15, 14, 12, 6, 13, 0], [4, 2, 25, 30, 20, 18, 19, 1], [28, 2, 27, 31, 25, 12, 26, 8], [8, 29, 11, 18, 17, 12, 4, 22], [10, 17, 9, 30, 20, 5, 3, 1], [15, 1, 0, 9, 6, 12, 18, 3], [6, 15, 5, 14, 10, 28, 3, 25], [17, 6, 21, 23, 18, 1, 20, 16], [21, 30, 9, 17, 8, 29, 18, 6], [9, 31, 25, 22, 18, 10, 20, 8], [27, 5, 6, 13, 25, 20, 8, 2], [16, 13, 24, 22, 18, 7, 10, 8], [25, 26, 28, 4, 6, 27, 17, 9], [18, 22, 5, 0, 12, 30, 10, 29], [17, 7, 28, 11, 15, 30, 9, 18], [27, 10, 12, 30, 13, 25, 23, 28], [18, 20, 29, 4, 28, 13, 31, 11], [27, 26, 13, 25, 2, 11, 12, 20], [10, 0, 2, 8, 23, 29, 12, 15], [23, 17, 31, 2, 4, 10, 12, 25], [27, 5, 29, 9, 30, 28, 22, 18], [28, 13, 10, 14, 9, 31, 24, 5], [19, 0, 23, 18, 24, 5, 26, 11], [10, 7, 27, 1, 21, 15, 12, 31], [15, 29, 1, 23, 9, 27, 12, 28], [8, 16, 18, 10, 0, 31, 23, 17], [18, 19, 30, 14, 15, 6, 21, 3], [10, 0, 19, 6, 29, 25, 18, 27], [20, 24, 12, 14, 9, 4, 23, 11], [2, 17, 21, 9, 13, 26, 0, 18], [9, 6, 12, 1, 3, 14, 10, 17], [19, 28, 14, 11, 0, 16, 26, 27], [9, 31, 11, 24, 23, 19, 20, 16], [7, 3, 30, 22, 8, 17, 27, 19], [26, 29, 1, 25, 28, 14, 11, 30], [31, 28, 6, 11, 22, 30, 24, 7], [17, 22, 29, 15, 20, 19, 4, 31], [14, 26, 28, 20, 24, 23, 4, 11], [4, 29, 1, 7, 20, 8, 15, 10], [30, 17, 4, 19, 20, 27, 1, 29], [18, 23, 12, 10, 9, 28, 2, 3], [10, 26, 4, 14, 27, 30, 19, 1], [6, 25, 10, 4, 29, 7, 17, 3], [31, 2, 30, 6, 26, 0, 16, 20], [22, 28, 27, 14, 15, 4, 2, 3], [26, 2, 15, 5, 17, 9, 4, 21], [27, 6, 4, 7, 3, 0, 24, 11], [23, 21, 1, 2, 3, 4, 19, 12], [1, 20, 9, 23, 12, 17, 18, 25], [23, 11, 1, 20, 28, 9, 4, 3], [7, 29, 12, 31, 30, 24, 20, 8], [9, 23, 26, 7, 10, 15, 4, 14], [5, 27, 30, 17, 14, 1, 7, 10], [16, 2, 26, 25, 20, 31, 28, 15], [3, 13, 7, 22, 19, 15, 4, 24], [2, 28, 4, 20, 15, 5, 30, 26], [17, 31, 24, 0, 23, 9, 27, 25], [31, 19, 11, 16, 17, 10, 27, 7], [20, 26, 25, 29, 15, 19, 7, 18], [18, 25, 5, 6, 24, 21, 19, 26], [22, 6, 3, 24, 0, 26, 9, 2], [25, 16, 5, 10, 19, 1, 27, 23], [3, 9, 4, 22, 24, 19, 8, 13], [12, 13, 3, 6, 18, 7, 14, 16], [12, 9, 11, 15, 19, 25, 23, 0], [16, 19, 1, 25, 18, 27, 7, 14], [8, 16, 18, 26, 14, 19, 1, 28], [11, 15, 26, 21, 20, 16, 31, 0], [16, 1, 31, 24, 27, 20, 13, 22], [17, 13, 8, 1, 0, 4, 5, 15], [13, 6, 9, 24, 7, 15, 1, 30], [29, 31, 5, 16, 17, 18, 23, 27], [7, 28, 25, 15, 24, 4, 16, 29], [21, 23, 22, 13, 24, 1, 3, 17], [20, 13, 18, 10, 31, 0, 14, 26], [20, 10, 22, 3, 27, 0, 28, 2], [26, 3, 31, 17, 20, 22, 5, 29], [28, 26, 10, 27, 14, 24, 1, 15], [10, 24, 9, 30, 0, 3, 14, 16], [25, 5, 12, 11, 23, 8, 30, 27], [20, 5, 0, 11, 16, 22, 29, 30], [2, 19, 27, 1, 7, 8, 17, 31], [20, 29, 9, 11, 21, 15, 10, 12], [2, 30, 10, 17, 4, 23, 24, 31], [3, 12, 18, 4, 28, 30, 1, 15], [12, 6, 5, 24, 21, 29, 2, 1], [24, 0, 13, 30, 15, 16, 3, 11], [6, 25, 30, 24, 26, 28, 18, 4], [13, 3, 16, 2, 31, 17, 1, 26], [0, 16, 1, 21, 5, 15, 23, 8], [18, 22, 5, 4, 16, 9, 19, 17], [20, 23, 28, 6, 18, 2, 1, 27], [29, 21, 8, 22, 24, 18, 26, 28], [12, 31, 17, 7, 28, 11, 3, 15], [12, 14, 8, 4, 29, 3, 21, 11], [21, 22, 12, 16, 10, 11, 15, 31], [12, 26, 28, 9, 25, 4, 17, 13], [7, 23, 27, 5, 2, 12, 11, 1], [16, 31, 10, 21, 23, 26, 24, 8], [29, 31, 11, 2, 8, 0, 5, 16], [0, 27, 11, 23, 24, 18, 4, 10], [28, 12, 15, 21, 27, 7, 8, 29], [25, 7, 15, 3, 2, 29, 19, 12], [1, 8, 12, 11, 28, 2, 13, 4], [4, 22, 10, 16, 8, 21, 9, 13], [11, 30, 4, 16, 15, 3, 5, 6], [18, 24, 29, 22, 5, 1, 3, 13], [8, 17, 23, 5, 27, 9, 20, 1], [12, 19, 8, 6, 4, 16, 7, 28], [8, 17, 15, 29, 4, 2, 13, 27], [19, 25, 27, 24, 30, 23, 0, 12], [22, 7, 8, 15, 11, 1, 19, 31], [21, 7, 1, 22, 23, 8, 6, 5], [8, 5, 2, 4, 9, 6, 0, 7]]",8,0.6278425455093384,128,random,0.0,24192,4.0,124,0.7004514932632446,53,104 80 88 48,6026,0.7887626886367798,test,top_r_mean,1.0,0.5,0.25,0.25
0.02124128775307003,0.0,189,0.0,31,139.0717001631856,qasper,0.5,0.0,0.0,0.0,1611.03599:e330e162ec29722f5ec9f83853d129c9e0693d65,mean,0.6134188900146347,0.0707898885011673,"[[21, 30, 17, 3, 25, 5, 7, 14], [1, 20, 31, 27, 15, 6, 26, 5], [11, 27, 12, 14, 7, 20, 8, 18], [18, 20, 17, 22, 16, 7, 27, 13], [29, 23, 21, 15, 28, 9, 5, 8], [19, 20, 31, 16, 4, 21, 28, 8], [24, 7, 25, 13, 10, 9, 14, 6], [27, 12, 17, 13, 11, 9, 28, 4], [30, 12, 21, 10, 4, 7, 1, 27], [21, 6, 12, 25, 19, 15, 11, 13], [1, 15, 3, 4, 5, 23, 24, 21], [17, 0, 13, 7, 27, 26, 29, 21], [19, 14, 20, 5, 7, 29, 24, 9], [18, 1, 29, 21, 15, 10, 28, 6], [0, 5, 6, 10, 25, 27, 14, 26], [23, 14, 19, 24, 16, 8, 20, 10], [12, 13, 11, 14, 9, 28, 29, 26], [5, 3, 26, 13, 24, 22, 2, 9], [9, 12, 3, 28, 24, 30, 5, 31], [14, 28, 6, 20, 9, 31, 4, 26], [20, 23, 5, 28, 29, 15, 3, 25], [10, 25, 7, 19, 2, 5, 6, 8], [20, 8, 9, 10, 1, 22, 12, 24], [2, 23, 24, 5, 3, 21, 11, 10], [22, 15, 19, 23, 20, 24, 31, 27], [0, 29, 16, 22, 14, 9, 26, 3], [23, 19, 18, 7, 1, 6, 12, 8], [20, 5, 21, 25, 30, 0, 14, 8], [27, 28, 16, 6, 13, 9, 15, 19], [11, 13, 12, 31, 16, 21, 7, 28], [2, 29, 4, 20, 31, 30, 10, 19], [15, 31, 8, 27, 23, 20, 25, 7], [9, 2, 16, 5, 1, 26, 17, 3], [10, 20, 14, 6, 19, 21, 22, 30], [22, 2, 8, 0, 29, 16, 11, 20], [21, 30, 9, 5, 6, 20, 12, 22], [20, 7, 27, 24, 5, 15, 14, 11], [13, 8, 9, 16, 14, 24, 28, 26], [15, 16, 1, 3, 27, 8, 12, 26], [11, 20, 2, 27, 13, 23, 28, 10], [30, 0, 1, 8, 14, 19, 15, 16], [16, 7, 31, 15, 21, 3, 2, 5], [15, 7, 27, 25, 23, 20, 10, 11], [23, 15, 8, 22, 28, 19, 30, 27], [30, 25, 0, 5, 29, 12, 2, 11], [0, 10, 21, 24, 2, 26, 12, 18], [23, 9, 4, 17, 22, 25, 16, 14], [19, 11, 29, 28, 4, 30, 9, 10], [27, 22, 23, 20, 12, 18, 26, 17], [11, 27, 30, 25, 13, 16, 18, 21], [1, 8, 26, 24, 22, 29, 0, 9], [5, 29, 3, 10, 28, 31, 23, 6], [0, 11, 1, 24, 17, 18, 7, 30], [16, 24, 13, 27, 7, 3, 11, 10], [27, 22, 2, 21, 10, 29, 7, 17], [30, 27, 28, 12, 29, 3, 23, 5], [23, 27, 30, 3, 16, 20, 6, 11], [16, 19, 1, 0, 15, 7, 10, 28], [29, 25, 23, 13, 16, 30, 8, 22], [10, 28, 13, 30, 12, 14, 0, 2], [25, 1, 0, 27, 20, 4, 30, 14], [16, 6, 15, 14, 27, 28, 22, 23], [28, 31, 12, 3, 4, 25, 26, 27], [27, 28, 30, 31, 0, 14, 3, 12], [5, 9, 2, 23, 21, 0, 26, 19], [19, 4, 18, 1, 28, 24, 0, 30], [18, 9, 8, 20, 6, 29, 31, 17], [12, 3, 25, 23, 4, 11, 8, 28], [3, 8, 2, 23, 17, 7, 27, 21], [22, 16, 5, 2, 28, 1, 17, 19], [3, 7, 5, 16, 27, 11, 23, 26], [12, 13, 9, 19, 20, 29, 21, 4], [10, 31, 26, 9, 13, 4, 15, 3], [8, 17, 27, 2, 20, 25, 10, 22], [4, 12, 17, 28, 14, 25, 0, 7], [5, 2, 8, 27, 7, 20, 24, 26], [31, 0, 6, 9, 24, 8, 26, 3], [15, 4, 28, 9, 22, 1, 8, 5], [26, 0, 16, 31, 4, 22, 25, 8], [21, 8, 20, 4, 17, 5, 15, 31], [12, 7, 6, 30, 18, 9, 2, 21], [31, 10, 6, 25, 20, 12, 0, 26], [18, 22, 12, 8, 7, 10, 3, 21], [16, 12, 24, 22, 20, 3, 14, 31], [22, 15, 25, 20, 8, 9, 0, 30], [7, 20, 29, 1, 17, 31, 5, 3], [7, 13, 12, 25, 17, 30, 19, 5], [15, 21, 4, 0, 13, 8, 9, 5], [10, 6, 15, 11, 25, 30, 29, 23], [6, 24, 29, 4, 27, 2, 8, 1], [30, 10, 6, 1, 4, 7, 0, 20], [29, 7, 26, 10, 13, 31, 23, 25], [14, 11, 4, 7, 20, 16, 5, 26], [26, 21, 16, 10, 30, 29, 14, 5], [9, 2, 26, 24, 21, 17, 16, 31], [14, 23, 20, 9, 21, 4, 12, 24], [19, 11, 6, 15, 4, 7, 21, 26], [15, 29, 14, 22, 0, 1, 24, 5], [8, 25, 1, 2, 31, 17, 30, 3], [14, 10, 8, 1, 23, 18, 12, 24], [21, 15, 8, 31, 13, 10, 23, 27], [8, 17, 21, 19, 12, 5, 23, 6], [19, 4, 30, 21, 6, 16, 2, 26], [17, 14, 13, 7, 6, 5, 26, 10], [7, 19, 18, 15, 29, 3, 14, 13], [0, 23, 29, 11, 5, 12, 9, 21], [0, 15, 7, 30, 17, 9, 1, 12], [4, 27, 2, 14, 8, 26, 0, 15], [16, 24, 14, 23, 27, 17, 6, 0], [17, 26, 24, 7, 9, 0, 16, 21], [3, 28, 10, 18, 25, 6, 23, 29], [26, 29, 15, 0, 12, 21, 14, 30], [10, 19, 25, 23, 28, 5, 7, 9], [28, 1, 23, 6, 31, 16, 5, 20], [26, 16, 19, 20, 25, 6, 11, 14], [2, 17, 9, 27, 20, 22, 5, 6], [26, 20, 22, 3, 5, 9, 12, 7], [7, 29, 22, 16, 26, 6, 18, 0], [29, 1, 13, 25, 16, 6, 26, 17], [9, 8, 12, 24, 14, 13, 10, 2], [22, 23, 19, 13, 4, 2, 0, 3], [10, 3, 22, 13, 15, 12, 21, 4], [22, 25, 11, 29, 30, 12, 13, 15], [19, 22, 24, 14, 30, 27, 18, 6], [6, 24, 5, 8, 18, 21, 16, 9], [25, 22, 23, 2, 10, 30, 20, 15], [24, 23, 17, 6, 1, 9, 21, 20], [31, 17, 16, 18, 12, 7, 4, 2], [21, 14, 7, 28, 0, 8, 30, 6], [4, 14, 9, 16, 24, 7, 11, 21], [15, 2, 5, 1, 21, 9, 13, 14], [19, 31, 25, 11, 6, 0, 12, 9], [4, 11, 2, 25, 3, 31, 17, 27], [29, 30, 17, 21, 27, 16, 18, 4], [3, 11, 16, 19, 28, 15, 0, 13], [16, 30, 9, 31, 5, 2, 14, 8], [31, 4, 23, 2, 17, 19, 6, 7], [21, 10, 25, 20, 23, 30, 8, 14], [30, 19, 11, 7, 31, 25, 3, 0], [16, 11, 4, 0, 14, 23, 12, 9], [16, 18, 19, 10, 31, 14, 11, 9], [22, 7, 13, 4, 1, 24, 17, 29], [26, 29, 17, 12, 5, 27, 1, 14], [3, 15, 23, 0, 9, 28, 19, 1], [23, 11, 5, 12, 18, 21, 7, 6], [1, 12, 27, 7, 22, 16, 25, 4], [21, 8, 6, 23, 18, 7, 20, 22], [4, 20, 21, 29, 11, 0, 31, 24], [18, 14, 25, 13, 29, 23, 3, 21], [26, 6, 29, 13, 27, 28, 18, 7], [0, 17, 8, 23, 20, 4, 18, 3], [26, 24, 18, 25, 8, 30, 3, 10], [17, 13, 0, 18, 20, 5, 9, 27], [21, 9, 17, 25, 29, 28, 30, 1], [25, 10, 12, 18, 14, 24, 2, 27], [17, 31, 30, 23, 8, 20, 3, 27], [21, 7, 11, 17, 26, 24, 23, 18], [17, 27, 25, 24, 22, 23, 14, 19], [0, 19, 30, 23, 21, 8, 16, 12], [17, 0, 3, 28, 25, 29, 14, 20], [12, 18, 23, 19, 8, 24, 7, 21], [0, 26, 23, 7, 2, 13, 3, 29], [20, 9, 21, 25, 12, 3, 28, 31], [2, 24, 27, 7, 14, 29, 21, 9], [6, 21, 9, 11, 24, 17, 20, 19], [23, 26, 7, 21, 11, 5, 12, 19], [25, 11, 12, 23, 1, 20, 30, 24], [14, 4, 9, 3, 27, 17, 21, 23], [11, 21, 24, 3, 2, 6, 19, 15], [12, 22, 7, 23, 14, 28, 2, 10], [9, 18, 5, 30, 7, 14, 13, 0], [1, 5, 9, 29, 3, 8, 14, 22], [4, 14, 0, 5, 3, 15, 28, 26], [31, 7, 11, 2, 13, 18, 23, 22], [16, 14, 0, 17, 1, 31, 21, 30], [18, 9, 15, 5, 21, 23, 2, 30], [0, 8, 27, 2, 26, 17, 30, 11], [17, 14, 6, 16, 12, 8, 9, 20], [11, 9, 14, 27, 13, 26, 20, 12], [8, 5, 2, 25, 13, 18, 17, 30], [25, 28, 14, 27, 0, 15, 29, 22], [29, 0, 22, 27, 11, 1, 18, 19], [29, 8, 31, 14, 3, 4, 9, 6], [9, 8, 12, 20, 30, 4, 23, 26], [29, 13, 16, 25, 8, 19, 26, 4], [11, 2, 14, 9, 24, 3, 28, 27], [4, 5, 11, 7, 10, 1, 6, 17], [6, 24, 20, 1, 13, 2, 0, 18], [2, 3, 9, 5, 1, 4, 0, 8]]",8,0.6165714859962463,128,random,0.0,24192,4.0,124,0.685539960861206,71,120 64 128 152,6026,0.7868714332580566,test,top_r_mean,0.0,0.0,0.25,0.25
0.023555391976444608,0.0,170,0.0,31,0.038899946957826614,qasper,0.8,0.0,0.0,0.0,2004.04721:664b3eadc12c8dde309e8bbd59e9af961a433cde,mean,1.0,0.0,,0,0.0,128,full_k,0.0,86944,4.0,124,0.0,0,80 8 128 32,5434,1.0,test,top_r_mean,1.0,1.0,1.0,1.0
0.023555391976444608,0.0,170,0.0,31,8.163999998942018,qasper,0.8,0.0,0.0,0.0,2004.04721:664b3eadc12c8dde309e8bbd59e9af961a433cde,mean,0.5771667246780369,0.06403783708810806,,1,1.2142913341522217,128,mean,0.0,2720,4.0,124,1.2499463558197021,0,128 24 80 32,5434,0.7525295615196228,test,top_r_mean,0.0,0.0,0.75,0.75
0.023555391976444608,0.0,170,0.0,31,122.85519996657968,qasper,0.8,0.0,0.0,0.0,2004.04721:664b3eadc12c8dde309e8bbd59e9af961a433cde,mean,0.193734772015315,0.24430476129055023,"[[24], [24], [24], [24], [24], [24], [24], [24], [24], [24], [24], [24], [24], [24], [24], [24], [24], [24], [24], [24], [24], [24], [24], [24], [24], [24], [24], [24], [24], [24], [24], [24], [24], [24], [24], [24], [24], [24], [24], [24], [24], [24], [24], [24], [24], [24], [24], [24], [24], [24], [24], [24], [24], [24], [24], [24], [24], [24], [24], [24], [24], [24], [24], [24], [24], [24], [24], [24], [24], [24], [24], [24], [24], [24], [24], [24], [24], [24], [24], [24], [24], [24], [24], [24], [24], [24], [24], [24], [24], [24], [24], [24], [24], [24], [24], [24], [24], [24], [24], [24], [24], [24], [24], [24], [24], [24], [24], [24], [24], [24], [24], [24], [24], [24], [24], [24], [24], [24], [24], [24], [24], [24], [24], [24], [24], [24], [24], [24], [24], [24], [24], [24], [24], [24], [24], [24], [24], [24], [24], [24], [24], [24], [24], [24], [24], [24], [24], [24], [24], [24], [24], [24], [24], [24], [24], [24], [24], [24], [24], [24], [24], [24], [24], [24], [24], [24], [24], [24], [24], [18]]",1,1.227160096168518,128,last,0.0,2720,4.0,124,1.4338475465774536,0,155 37 9 129,5434,0.29083481431007385,test,top_r_mean,0.0,0.0,0.0,0.125
0.023555391976444608,0.0,170,0.0,31,103.63569995388389,qasper,0.8,0.0,0.0,0.0,2004.04721:664b3eadc12c8dde309e8bbd59e9af961a433cde,mean,0.4144100243647755,0.1008949726819992,"[[23], [10], [22], [18], [13], [1], [5], [27], [25], [26], [16], [6], [11], [13], [28], [6], [22], [22], [22], [27], [20], [21], [2], [11], [3], [14], [23], [7], [18], [8], [8], [6], [19], [18], [2], [10], [4], [5], [3], [19], [22], [2], [6], [4], [20], [25], [11], [12], [22], [17], [14], [7], [18], [23], [20], [7], [21], [12], [4], [2], [10], [7], [27], [12], [21], [26], [3], [5], [18], [24], [20], [5], [19], [11], [26], [13], [29], [5], [12], [10], [20], [25], [24], [25], [7], [9], [8], [26], [23], [27], [28], [23], [11], [23], [11], [19], [7], [14], [28], [13], [20], [6], [22], [7], [9], [7], [9], [7], [10], [12], [0], [21], [24], [24], [26], [19], [5], [17], [13], [0], [26], [21], [5], [14], [14], [16], [18], [16], [24], [0], [3], [26], [26], [31], [15], [10], [4], [12], [27], [30], [16], [13], [24], [1], [29], [13], [29], [13], [17], [18], [25], [20], [26], [27], [2], [12], [13], [1], [15], [20], [13], [28], [17], [1], [18], [4], [1], [16], [20], [2]]",1,0.8736048340797424,128,farthest,0.0,2720,4.0,124,0.9590752124786377,0,96 32 75 136,5434,0.5723475217819214,test,top_r_mean,0.0,0.0,0.25,0.125
0.023555391976444608,1.0,170,1.0,31,98.33599999547005,qasper,0.8,0.25,0.2,0.0,2004.04721:664b3eadc12c8dde309e8bbd59e9af961a433cde,mean,0.5919248172641838,0.08222430944442749,"[[2], [1], [2], [6], [11], [29], [27], [4], [16], [24], [13], [24], [31], [19], [24], [12], [2], [8], [6], [2], [23], [17], [3], [10], [19], [7], [31], [2], [3], [7], [25], [8], [17], [31], [21], [16], [25], [24], [30], [4], [7], [1], [5], [30], [0], [26], [7], [9], [13], [1], [10], [4], [10], [4], [6], [3], [12], [23], [7], [7], [4], [23], [11], [19], [31], [0], [28], [2], [26], [30], [7], [1], [19], [7], [1], [8], [18], [9], [25], [7], [7], [12], [15], [22], [4], [16], [4], [25], [10], [14], [20], [15], [17], [28], [1], [23], [7], [7], [5], [9], [10], [26], [0], [16], [7], [3], [19], [24], [28], [18], [30], [2], [10], [4], [22], [3], [17], [4], [15], [15], [4], [17], [21], [16], [31], [7], [2], [5], [3], [24], [21], [15], [8], [19], [4], [17], [4], [8], [3], [15], [30], [17], [2], [0], [17], [21], [22], [9], [28], [25], [23], [12], [19], [22], [19], [24], [20], [7], [10], [16], [9], [15], [23], [21], [7], [13], [31], [0], [28], [25]]",1,0.3697982728481293,128,greedy_oracle,0.25,2720,4.0,124,0.4778498709201813,0,83 131 141 4,5434,0.7933866381645203,test,top_r_mean,0.0,0.0,0.0,0.0
0.023555391976444608,0.0,170,0.0,31,113.37799998000264,qasper,0.8,0.0,0.0,0.0,2004.04721:664b3eadc12c8dde309e8bbd59e9af961a433cde,mean,0.25443786982248523,0.2132708579301834,"[[14], [14], [29], [13], [19], [27], [11], [1], [1], [16], [25], [13], [18], [29], [2], [1], [10], [7], [19], [13], [5], [2], [14], [28], [16], [16], [1], [30], [6], [21], [6], [19], [22], [16], [16], [23], [30], [2], [13], [9], [27], [0], [31], [9], [3], [16], [25], [28], [2], [15], [30], [22], [25], [16], [9], [9], [27], [0], [28], [28], [19], [29], [8], [27], [2], [27], [26], [12], [29], [21], [11], [26], [18], [14], [16], [10], [28], [29], [25], [28], [31], [17], [28], [24], [4], [9], [22], [2], [5], [5], [15], [17], [20], [24], [1], [2], [13], [11], [25], [31], [16], [27], [5], [6], [20], [10], [23], [11], [26], [16], [3], [4], [8], [17], [9], [2], [9], [7], [19], [22], [2], [18], [18], [28], [28], [24], [25], [4], [23], [5], [18], [15], [26], [3], [16], [3], [28], [4], [6], [23], [0], [22], [4], [15], [14], [3], [4], [7], [20], [15], [0], [31], [13], [16], [17], [17], [22], [29], [25], [25], [3], [9], [1], [16], [26], [9], [6], [30], [24], [24]]",1,1.2539061307907104,128,random,0.0,2720,4.0,124,1.4441076517105103,11,131 128 121 92,5434,0.37358954548835754,test,top_r_mean,0.0,0.0,0.25,0.125
0.023555391976444608,0.0,170,0.0,31,118.1845001410693,qasper,0.8,0.0,0.0,0.0,2004.04721:664b3eadc12c8dde309e8bbd59e9af961a433cde,mean,0.19958231813435434,0.5960725545883179,"[[16], [16], [21], [3], [13], [22], [12], [16], [1], [26], [16], [0], [21], [28], [27], [3], [16], [23], [26], [24], [2], [31], [26], [24], [1], [22], [5], [1], [16], [10], [31], [3], [19], [27], [31], [0], [1], [9], [12], [0], [0], [19], [22], [27], [17], [7], [11], [8], [6], [30], [2], [25], [16], [3], [8], [18], [5], [28], [17], [16], [13], [12], [3], [3], [28], [10], [29], [26], [24], [15], [30], [2], [22], [12], [28], [23], [4], [15], [13], [3], [21], [6], [24], [10], [10], [21], [0], [29], [21], [25], [21], [21], [16], [11], [28], [3], [25], [5], [23], [29], [6], [17], [27], [24], [9], [9], [20], [8], [16], [13], [6], [6], [27], [10], [30], [5], [0], [3], [19], [0], [24], [18], [13], [28], [4], [30], [0], [4], [26], [19], [10], [11], [26], [1], [1], [26], [30], [1], [14], [0], [8], [14], [26], [23], [14], [20], [17], [2], [23], [26], [4], [15], [2], [24], [8], [10], [3], [8], [7], [28], [1], [10], [16], [9], [14], [29], [3], [6], [21], [23]]",1,1.2792326211929321,128,random,0.0,2720,4.0,124,1.4533439874649048,23,40 32 121 106,5434,0.28153833746910095,test,top_r_mean,0.0,0.0,0.25,0.375
0.023555391976444608,1.0,170,1.0,31,114.14379999041557,qasper,0.8,0.25,0.2,0.0,2004.04721:664b3eadc12c8dde309e8bbd59e9af961a433cde,mean,0.16630699617124955,0.1902196705341339,"[[10], [17], [31], [27], [11], [23], [19], [2], [11], [7], [11], [5], [17], [24], [28], [14], [31], [18], [15], [17], [13], [17], [20], [7], [27], [17], [14], [16], [25], [11], [22], [9], [15], [6], [15], [19], [20], [21], [19], [10], [30], [11], [12], [18], [18], [17], [2], [7], [20], [28], [27], [4], [7], [19], [8], [20], [30], [18], [12], [22], [27], [18], [26], [4], [5], [7], [5], [29], [22], [2], [20], [26], [2], [28], [6], [7], [25], [28], [18], [24], [14], [5], [24], [26], [28], [20], [28], [4], [24], [11], [0], [6], [11], [20], [8], [11], [27], [30], [13], [19], [13], [27], [1], [31], [1], [15], [6], [12], [5], [16], [22], [27], [21], [18], [14], [17], [12], [20], [9], [15], [29], [2], [16], [14], [17], [4], [8], [15], [18], [14], [20], [17], [25], [8], [30], [7], [22], [12], [0], [23], [7], [10], [16], [25], [28], [13], [9], [31], [26], [1], [4], [16], [5], [16], [14], [2], [30], [13], [27], [11], [24], [23], [13], [12], [31], [22], [13], [18], [24], [19]]",1,1.2639713287353516,128,random,1.0,2720,4.0,124,1.4028314352035522,37,4 83 51 21,5434,0.2515067756175995,test,top_r_mean,0.0,0.0,0.0,0.0
0.023555391976444608,0.0,170,0.0,31,114.88750018179417,qasper,0.8,0.0,0.0,0.0,2004.04721:664b3eadc12c8dde309e8bbd59e9af961a433cde,mean,0.1814827706230421,0.23695595562458038,"[[30], [12], [27], [6], [30], [6], [0], [23], [16], [26], [27], [20], [14], [22], [29], [17], [16], [29], [28], [16], [16], [6], [29], [22], [21], [10], [18], [20], [21], [1], [14], [9], [23], [10], [25], [7], [9], [22], [20], [31], [6], [17], [26], [10], [2], [21], [16], [31], [8], [29], [31], [1], [23], [5], [2], [18], [30], [10], [7], [24], [20], [11], [29], [12], [8], [27], [5], [26], [14], [30], [7], [7], [28], [4], [25], [19], [12], [21], [4], [6], [21], [23], [25], [2], [28], [6], [13], [28], [2], [23], [1], [25], [16], [6], [8], [3], [18], [24], [29], [7], [23], [9], [24], [25], [11], [7], [9], [23], [7], [15], [20], [24], [15], [16], [2], [29], [12], [31], [21], [2], [28], [26], [2], [13], [12], [13], [28], [19], [27], [19], [15], [27], [13], [26], [13], [26], [27], [13], [11], [29], [6], [15], [5], [5], [25], [13], [4], [31], [5], [20], [24], [30], [20], [13], [17], [16], [23], [14], [5], [6], [21], [0], [13], [30], [6], [13], [14], [5], [24], [1]]",1,1.2506223917007446,128,random,0.0,2720,4.0,124,1.4308212995529175,53,8 69 70 165,5434,0.2430407851934433,test,top_r_mean,0.0,0.5,0.25,0.125
0.023555391976444608,1.0,170,1.0,31,117.20039998181164,qasper,0.8,0.25,0.2,0.0,2004.04721:664b3eadc12c8dde309e8bbd59e9af961a433cde,mean,0.18538113470240167,0.8320770263671875,"[[13], [1], [20], [25], [30], [19], [30], [25], [0], [27], [29], [4], [7], [4], [25], [5], [13], [5], [30], [10], [5], [6], [7], [24], [15], [11], [9], [31], [4], [26], [14], [17], [13], [10], [15], [5], [4], [17], [10], [13], [23], [29], [22], [3], [5], [14], [7], [18], [6], [13], [23], [17], [7], [8], [29], [23], [7], [4], [21], [30], [26], [4], [5], [23], [29], [30], [9], [14], [4], [15], [8], [27], [29], [29], [5], [1], [25], [26], [20], [18], [16], [25], [0], [11], [9], [12], [2], [29], [30], [18], [2], [23], [16], [5], [25], [20], [14], [0], [6], [31], [5], [24], [24], [15], [28], [21], [25], [5], [1], [8], [15], [30], [0], [21], [10], [9], [26], [5], [23], [23], [31], [20], [11], [8], [24], [26], [3], [13], [24], [4], [4], [18], [20], [29], [18], [25], [16], [30], [20], [1], [25], [27], [28], [30], [22], [12], [9], [18], [10], [3], [0], [11], [14], [19], [23], [31], [14], [16], [0], [28], [22], [7], [20], [26], [3], [25], [0], [9], [23], [12]]",1,1.2831918001174927,128,random,0.3333333333333333,2720,4.0,124,1.4703421592712402,71,8 112 1 96,5434,0.26717838644981384,test,top_r_mean,0.0,0.5,0.25,0.25
0.023555391976444608,0.0,170,0.0,31,121.70050013810396,qasper,0.8,0.0,0.0,0.0,2004.04721:664b3eadc12c8dde309e8bbd59e9af961a433cde,mean,0.22603550295857988,0.19400529563426971,"[[24, 25], [24, 25], [24, 25], [24, 25], [24, 25], [24, 25], [24, 25], [24, 25], [24, 25], [24, 25], [24, 25], [24, 25], [24, 25], [24, 25], [24, 25], [24, 25], [24, 25], [24, 25], [24, 25], [24, 25], [24, 25], [24, 25], [24, 25], [24, 25], [24, 25], [24, 25], [24, 25], [24, 25], [24, 25], [24, 25], [24, 25], [24, 25], [24, 25], [24, 25], [24, 25], [24, 25], [24, 25], [24, 25], [24, 25], [24, 25], [24, 25], [24, 25], [24, 25], [24, 25], [24, 25], [24, 25], [24, 25], [24, 25], [24, 25], [24, 25], [24, 25], [24, 25], [24, 25], [24, 25], [24, 25], [24, 25], [24, 25], [24, 25], [24, 25], [24, 25], [24, 25], [24, 25], [24, 25], [24, 25], [24, 25], [24, 25], [24, 25], [24, 25], [24, 25], [24, 25], [24, 25], [24, 25], [24, 25], [24, 25], [24, 25], [24, 25], [24, 25], [24, 25], [24, 25], [24, 25], [24, 25], [24, 25], [24, 25], [24, 25], [24, 25], [24, 25], [24, 25], [24, 25], [24, 25], [24, 25], [24, 25], [24, 25], [24, 25], [24, 25], [24, 25], [24, 25], [24, 25], [24, 25], [24, 25], [24, 25], [24, 25], [24, 25], [24, 25], [24, 25], [24, 25], [24, 25], [24, 25], [24, 25], [24, 25], [24, 25], [24, 25], [24, 25], [24, 25], [24, 25], [24, 25], [24, 25], [24, 25], [24, 25], [24, 25], [24, 25], [24, 25], [24, 25], [24, 25], [24, 25], [24, 25], [24, 25], [24, 25], [24, 25], [24, 25], [24, 25], [24, 25], [24, 25], [24, 25], [24, 25], [24, 25], [24, 25], [24, 25], [24, 25], [24, 25], [24, 25], [24, 25], [24, 25], [24, 25], [24, 25], [24, 25], [24, 25], [24, 25], [24, 25], [24, 25], [24, 25], [24, 25], [24, 25], [24, 25], [24, 25], [24, 25], [24, 25], [24, 25], [24, 25], [24, 25], [24, 25], [24, 25], [24, 25], [24, 25], [24, 25], [24, 25], [24, 25], [24, 25], [24, 25], [24, 25], [18, 19]]",2,1.1886098384857178,128,last,0.0,5440,4.0,124,1.3304424285888672,0,155 9 37 147,5434,0.33660152554512024,test,top_r_mean,0.0,0.0,0.0,0.0
0.023555391976444608,0.0,170,0.0,31,111.49519984610379,qasper,0.8,0.0,0.0,0.0,2004.04721:664b3eadc12c8dde309e8bbd59e9af961a433cde,mean,0.3610859728506787,0.48442399501800537,"[[23, 0], [10, 18], [22, 15], [18, 20], [13, 11], [1, 27], [5, 21], [27, 15], [25, 0], [26, 1], [16, 10], [6, 14], [11, 24], [13, 29], [28, 15], [6, 15], [22, 0], [22, 6], [22, 3], [27, 21], [20, 29], [21, 27], [2, 27], [11, 8], [3, 0], [14, 31], [23, 10], [7, 11], [18, 14], [8, 17], [8, 10], [6, 19], [19, 0], [18, 27], [2, 26], [10, 25], [4, 23], [5, 30], [3, 11], [19, 1], [22, 0], [2, 7], [6, 27], [4, 12], [20, 7], [25, 28], [11, 29], [12, 21], [22, 0], [17, 11], [14, 1], [7, 27], [18, 27], [23, 31], [20, 21], [7, 19], [21, 0], [12, 8], [4, 24], [2, 13], [10, 15], [7, 21], [27, 31], [12, 17], [21, 0], [26, 14], [3, 10], [5, 1], [18, 22], [24, 30], [20, 18], [5, 10], [19, 0], [11, 4], [26, 21], [13, 8], [29, 7], [5, 30], [12, 4], [10, 24], [20, 0], [25, 7], [24, 18], [25, 19], [7, 21], [9, 28], [8, 5], [26, 19], [23, 0], [27, 26], [28, 17], [23, 1], [11, 26], [23, 20], [11, 6], [19, 15], [7, 0], [14, 25], [28, 0], [13, 18], [20, 25], [6, 15], [22, 6], [7, 22], [9, 0], [7, 24], [9, 31], [7, 6], [10, 21], [12, 7], [0, 23], [21, 9], [24, 0], [24, 26], [26, 13], [19, 5], [5, 1], [17, 31], [13, 24], [0, 24], [26, 0], [21, 31], [5, 17], [14, 19], [14, 11], [16, 8], [18, 1], [16, 10], [24, 0], [0, 7], [3, 15], [26, 11], [26, 24], [31, 3], [15, 8], [10, 31], [4, 0], [12, 22], [27, 18], [30, 16], [16, 23], [13, 0], [24, 9], [1, 27], [29, 0], [13, 22], [29, 4], [13, 19], [17, 29], [18, 26], [25, 9], [20, 15], [26, 0], [27, 16], [2, 12], [12, 0], [13, 3], [1, 21], [15, 22], [20, 14], [13, 0], [28, 13], [17, 8], [1, 4], [18, 5], [4, 18], [1, 28], [16, 30], [20, 0], [2, 5]]",2,1.3804852962493896,128,farthest,0.0,5440,4.0,124,1.505314826965332,0,96 32 136 72,5434,0.5011632442474365,test,top_r_mean,0.0,0.0,0.25,0.375
0.023555391976444608,0.0,170,0.0,31,107.46380011551082,qasper,0.8,0.0,0.0,0.0,2004.04721:664b3eadc12c8dde309e8bbd59e9af961a433cde,mean,0.73783501566307,0.12000422179698944,"[[2, 0], [1, 4], [2, 3], [6, 19], [11, 12], [29, 31], [27, 24], [4, 23], [16, 0], [24, 25], [13, 14], [24, 18], [31, 8], [19, 0], [24, 10], [12, 20], [2, 0], [8, 9], [6, 10], [2, 19], [23, 24], [17, 16], [3, 1], [10, 14], [19, 0], [7, 2], [31, 12], [2, 5], [3, 4], [7, 8], [25, 31], [8, 7], [17, 0], [31, 13], [21, 23], [16, 17], [25, 28], [24, 25], [30, 1], [4, 6], [7, 0], [1, 2], [5, 6], [30, 31], [0, 3], [26, 25], [7, 28], [9, 10], [13, 0], [1, 6], [10, 13], [4, 20], [10, 11], [4, 25], [6, 17], [3, 24], [12, 0], [23, 24], [7, 1], [7, 16], [4, 23], [23, 26], [11, 20], [19, 26], [31, 0], [0, 6], [28, 31], [2, 3], [26, 27], [30, 31], [7, 11], [1, 2], [19, 0], [7, 15], [1, 18], [8, 17], [18, 24], [9, 10], [25, 26], [7, 23], [7, 0], [12, 3], [15, 22], [22, 25], [4, 16], [16, 15], [4, 18], [25, 12], [10, 0], [14, 0], [20, 22], [15, 16], [17, 29], [28, 29], [1, 13], [23, 17], [7, 0], [7, 14], [5, 9], [9, 10], [10, 3], [26, 27], [0, 13], [16, 19], [7, 0], [3, 4], [19, 9], [24, 7], [28, 29], [18, 0], [30, 23], [2, 3], [10, 0], [4, 19], [22, 16], [3, 9], [17, 25], [4, 8], [15, 11], [15, 6], [4, 0], [17, 16], [21, 25], [16, 0], [31, 8], [7, 16], [2, 11], [5, 16], [3, 0], [24, 28], [21, 1], [15, 16], [8, 12], [19, 24], [4, 10], [17, 19], [4, 0], [8, 31], [3, 31], [15, 14], [30, 29], [17, 18], [2, 5], [0, 21], [17, 0], [21, 23], [22, 3], [9, 25], [28, 25], [25, 24], [23, 24], [12, 0], [19, 0], [22, 8], [19, 24], [24, 25], [20, 19], [7, 0], [10, 0], [16, 17], [9, 0], [15, 20], [23, 25], [21, 26], [7, 29], [13, 14], [31, 5], [0, 1], [28, 0], [25, 0]]",2,0.3721666932106018,128,greedy_oracle,0.0,5440,4.0,124,0.4062349498271942,0,80 112 8 32,5434,0.8995829224586487,test,top_r_mean,1.0,0.5,0.75,0.625
0.023555391976444608,0.0,170,0.0,31,120.55799993686378,qasper,0.8,0.0,0.0,0.0,2004.04721:664b3eadc12c8dde309e8bbd59e9af961a433cde,mean,0.2799164636268709,0.1290794163942337,"[[14, 17], [14, 7], [29, 17], [13, 19], [19, 30], [27, 15], [11, 22], [1, 22], [1, 18], [16, 5], [25, 21], [13, 21], [18, 5], [29, 21], [2, 1], [1, 19], [10, 29], [7, 2], [19, 1], [13, 7], [5, 18], [2, 18], [14, 6], [28, 16], [16, 3], [16, 28], [1, 20], [30, 23], [6, 20], [21, 0], [6, 4], [19, 8], [22, 13], [16, 3], [16, 7], [23, 4], [30, 6], [2, 25], [13, 9], [9, 6], [27, 25], [0, 30], [31, 13], [9, 6], [3, 11], [16, 12], [25, 21], [28, 13], [2, 13], [15, 12], [30, 13], [22, 12], [25, 21], [16, 4], [9, 27], [9, 22], [27, 9], [0, 14], [28, 25], [28, 7], [19, 14], [29, 27], [8, 22], [27, 11], [2, 24], [27, 9], [26, 0], [12, 14], [29, 18], [21, 6], [11, 14], [26, 0], [18, 30], [14, 2], [16, 7], [10, 30], [28, 15], [29, 24], [25, 22], [28, 11], [31, 17], [17, 10], [28, 17], [24, 4], [4, 21], [9, 27], [22, 4], [2, 28], [5, 31], [5, 1], [15, 17], [17, 6], [20, 6], [24, 26], [1, 24], [2, 20], [13, 28], [11, 28], [25, 21], [31, 12], [16, 6], [27, 18], [5, 4], [6, 21], [20, 19], [10, 30], [23, 14], [11, 20], [26, 24], [16, 3], [3, 25], [4, 31], [8, 19], [17, 9], [9, 5], [2, 3], [9, 15], [7, 16], [19, 4], [22, 25], [2, 9], [18, 6], [18, 19], [28, 3], [28, 13], [24, 10], [25, 20], [4, 26], [23, 13], [5, 8], [18, 13], [15, 17], [26, 22], [3, 29], [16, 5], [3, 31], [28, 13], [4, 19], [6, 26], [23, 10], [0, 6], [22, 4], [4, 30], [15, 11], [14, 7], [3, 26], [4, 10], [7, 8], [20, 14], [15, 22], [0, 26], [31, 8], [13, 21], [16, 31], [17, 31], [17, 5], [22, 6], [29, 21], [25, 30], [25, 5], [3, 2], [9, 6], [1, 5], [16, 7], [26, 4], [9, 16], [6, 15], [30, 13], [24, 11], [24, 23]]",2,1.2057820558547974,128,random,0.0,5440,4.0,124,1.301750659942627,11,128 131 48 75,5434,0.4042879343032837,test,top_r_mean,0.0,0.0,0.25,0.25
0.023555391976444608,0.0,170,0.0,31,114.46810001507401,qasper,0.8,0.0,0.0,0.0,2004.04721:664b3eadc12c8dde309e8bbd59e9af961a433cde,mean,0.23480682213713888,0.18727268278598785,"[[16, 24], [16, 3], [21, 28], [3, 27], [13, 29], [22, 19], [12, 0], [16, 12], [1, 7], [26, 31], [16, 8], [0, 12], [21, 5], [28, 24], [27, 30], [3, 7], [16, 25], [23, 8], [26, 1], [24, 0], [2, 14], [31, 12], [26, 27], [24, 3], [1, 15], [22, 17], [5, 6], [1, 23], [16, 10], [10, 23], [31, 13], [3, 0], [19, 16], [27, 0], [31, 15], [0, 2], [1, 20], [9, 3], [12, 8], [0, 19], [0, 17], [19, 21], [22, 28], [27, 7], [17, 15], [7, 5], [11, 24], [8, 21], [6, 22], [30, 13], [2, 9], [25, 30], [16, 28], [3, 0], [8, 22], [18, 20], [5, 25], [28, 31], [17, 30], [16, 20], [13, 20], [12, 27], [3, 27], [3, 18], [28, 20], [10, 29], [29, 18], [26, 20], [24, 9], [15, 11], [30, 25], [2, 24], [22, 27], [12, 27], [28, 13], [23, 11], [4, 19], [15, 18], [13, 28], [3, 1], [21, 1], [6, 20], [24, 27], [10, 4], [10, 19], [21, 23], [0, 24], [29, 10], [21, 8], [25, 10], [21, 13], [21, 10], [16, 13], [11, 29], [28, 14], [3, 11], [25, 19], [5, 9], [23, 15], [29, 8], [6, 4], [17, 24], [27, 19], [24, 10], [9, 22], [9, 3], [20, 11], [8, 10], [16, 20], [13, 5], [6, 17], [6, 24], [27, 26], [10, 29], [30, 6], [5, 23], [0, 19], [3, 26], [19, 2], [0, 12], [24, 31], [18, 15], [13, 30], [28, 26], [4, 23], [30, 17], [0, 1], [4, 23], [26, 20], [19, 18], [10, 6], [11, 4], [26, 20], [1, 25], [1, 16], [26, 1], [30, 14], [1, 12], [14, 0], [0, 4], [8, 5], [14, 6], [26, 10], [23, 7], [14, 10], [20, 18], [17, 6], [2, 3], [23, 1], [26, 5], [4, 11], [15, 21], [2, 23], [24, 10], [8, 15], [10, 18], [3, 31], [8, 23], [7, 18], [28, 31], [1, 4], [10, 2], [16, 12], [9, 10], [14, 16], [29, 17], [3, 4], [6, 29], [21, 14], [23, 6]]",2,1.2738021612167358,128,random,0.0,5440,4.0,124,1.3886325359344482,23,40 80 106 104,5434,0.3244374394416809,test,top_r_mean,0.0,0.5,0.25,0.25
0.023555391976444608,0.0,170,0.0,31,114.67669997364283,qasper,0.8,0.0,0.0,0.0,2004.04721:664b3eadc12c8dde309e8bbd59e9af961a433cde,mean,0.28659937347720155,0.15949256718158722,"[[10, 12], [17, 29], [31, 0], [27, 22], [11, 22], [23, 7], [19, 18], [2, 29], [11, 28], [7, 27], [11, 3], [5, 9], [17, 7], [24, 17], [28, 24], [14, 25], [31, 5], [18, 28], [15, 31], [17, 10], [13, 5], [17, 15], [20, 31], [7, 13], [27, 14], [17, 18], [14, 21], [16, 7], [25, 17], [11, 31], [22, 28], [9, 5], [15, 3], [6, 28], [15, 20], [19, 18], [20, 24], [21, 7], [19, 26], [10, 24], [30, 16], [11, 4], [12, 25], [18, 25], [18, 1], [17, 24], [2, 17], [7, 17], [20, 9], [28, 29], [27, 2], [4, 13], [7, 18], [19, 3], [8, 25], [20, 21], [30, 18], [18, 10], [12, 13], [22, 31], [27, 4], [18, 28], [26, 13], [4, 9], [5, 18], [7, 5], [5, 10], [29, 24], [22, 23], [2, 1], [20, 2], [26, 0], [2, 7], [28, 16], [6, 20], [7, 5], [25, 8], [28, 18], [18, 31], [24, 3], [14, 23], [5, 17], [24, 21], [26, 18], [28, 17], [20, 6], [28, 14], [4, 30], [24, 31], [11, 8], [0, 15], [6, 26], [11, 4], [20, 18], [8, 29], [11, 25], [27, 5], [30, 1], [13, 7], [19, 15], [13, 27], [27, 1], [1, 29], [31, 26], [1, 26], [15, 25], [6, 5], [12, 5], [5, 14], [16, 26], [22, 21], [27, 1], [21, 1], [18, 30], [14, 16], [17, 28], [12, 18], [20, 23], [9, 28], [15, 22], [29, 26], [2, 19], [16, 25], [14, 17], [17, 21], [4, 23], [8, 23], [15, 14], [18, 17], [14, 11], [20, 24], [17, 4], [25, 29], [8, 29], [30, 18], [7, 2], [22, 14], [12, 0], [0, 26], [23, 3], [7, 0], [10, 14], [16, 20], [25, 22], [28, 31], [13, 3], [9, 29], [31, 4], [26, 25], [1, 31], [4, 25], [16, 22], [5, 30], [16, 24], [14, 24], [2, 19], [30, 14], [13, 27], [27, 23], [11, 28], [24, 0], [23, 25], [13, 11], [12, 11], [31, 3], [22, 20], [13, 31], [18, 11], [24, 27], [19, 11]]",2,1.241432785987854,128,random,0.0,5440,4.0,124,1.3306753635406494,37,160 72 70 152,5434,0.42263662815093994,test,top_r_mean,0.0,0.0,0.0,0.0
0.023555391976444608,0.0,170,0.0,31,120.07439997978508,qasper,0.8,0.0,0.0,0.0,2004.04721:664b3eadc12c8dde309e8bbd59e9af961a433cde,mean,0.21893491124260356,0.15522387623786926,"[[30, 6], [12, 28], [27, 12], [6, 0], [30, 20], [6, 16], [0, 10], [23, 12], [16, 15], [26, 17], [27, 7], [20, 6], [14, 31], [22, 2], [29, 19], [17, 25], [16, 30], [29, 8], [28, 18], [16, 1], [16, 0], [6, 18], [29, 9], [22, 13], [21, 16], [10, 28], [18, 12], [20, 16], [21, 26], [1, 21], [14, 29], [9, 14], [23, 31], [10, 26], [25, 23], [7, 30], [9, 20], [22, 4], [20, 27], [31, 11], [6, 5], [17, 11], [26, 13], [10, 17], [2, 18], [21, 17], [16, 22], [31, 22], [8, 12], [29, 10], [31, 2], [1, 9], [23, 30], [5, 13], [2, 18], [18, 29], [30, 2], [10, 20], [7, 13], [24, 7], [20, 2], [11, 25], [29, 1], [12, 10], [8, 28], [27, 28], [5, 14], [26, 27], [14, 17], [30, 13], [7, 4], [7, 10], [28, 11], [4, 15], [25, 24], [19, 30], [12, 11], [21, 20], [4, 30], [6, 20], [21, 2], [23, 10], [25, 20], [2, 30], [28, 23], [6, 11], [13, 9], [28, 18], [2, 21], [23, 27], [1, 23], [25, 6], [16, 18], [6, 9], [8, 2], [3, 20], [18, 4], [24, 25], [29, 18], [7, 6], [23, 30], [9, 3], [24, 27], [25, 9], [11, 7], [7, 16], [9, 25], [23, 1], [7, 8], [15, 1], [20, 18], [24, 1], [15, 17], [16, 13], [2, 12], [29, 20], [12, 7], [31, 29], [21, 26], [2, 17], [28, 12], [26, 9], [2, 11], [13, 22], [12, 1], [13, 0], [28, 15], [19, 26], [27, 13], [19, 21], [15, 23], [27, 17], [13, 29], [26, 30], [13, 27], [26, 3], [27, 14], [13, 19], [11, 24], [29, 9], [6, 22], [15, 31], [5, 3], [5, 9], [25, 14], [13, 7], [4, 1], [31, 1], [5, 17], [20, 7], [24, 28], [30, 13], [20, 5], [13, 5], [17, 10], [16, 31], [23, 4], [14, 10], [5, 11], [6, 1], [21, 1], [0, 10], [13, 7], [30, 0], [6, 17], [13, 10], [14, 10], [5, 14], [24, 15], [1, 23]]",2,1.222519040107727,128,random,0.0,5440,4.0,124,1.3346545696258545,53,8 70 142 80,5434,0.3134702444076538,test,top_r_mean,0.0,0.5,0.5,0.25
0.023555391976444608,0.0,170,0.0,31,126.73070002347231,qasper,0.8,0.0,0.0,0.0,2004.04721:664b3eadc12c8dde309e8bbd59e9af961a433cde,mean,0.2558301427079708,0.20963983237743378,"[[13, 30], [1, 12], [20, 26], [25, 17], [30, 7], [19, 4], [30, 17], [25, 21], [0, 8], [27, 14], [29, 8], [4, 5], [7, 1], [4, 23], [25, 29], [5, 10], [13, 12], [5, 22], [30, 3], [10, 4], [5, 2], [6, 26], [7, 9], [24, 1], [15, 24], [11, 12], [9, 8], [31, 26], [4, 0], [26, 9], [14, 23], [17, 9], [13, 28], [10, 13], [15, 1], [5, 16], [4, 25], [17, 21], [10, 19], [13, 26], [23, 12], [29, 1], [22, 8], [3, 15], [5, 0], [14, 8], [7, 13], [18, 12], [6, 12], [13, 3], [23, 7], [17, 10], [7, 18], [8, 16], [29, 10], [23, 3], [7, 28], [4, 29], [21, 2], [30, 1], [26, 10], [4, 24], [5, 26], [23, 8], [29, 23], [30, 0], [9, 14], [14, 21], [4, 21], [15, 2], [8, 28], [27, 5], [29, 4], [29, 26], [5, 15], [1, 4], [25, 10], [26, 30], [20, 9], [18, 9], [16, 31], [25, 29], [0, 7], [11, 5], [9, 12], [12, 26], [2, 26], [29, 15], [30, 22], [18, 10], [2, 13], [23, 27], [16, 17], [5, 18], [25, 5], [20, 24], [14, 20], [0, 23], [6, 10], [31, 15], [5, 0], [24, 28], [24, 20], [15, 31], [28, 17], [21, 4], [25, 26], [5, 14], [1, 7], [8, 6], [15, 21], [30, 13], [0, 17], [21, 30], [10, 6], [9, 25], [26, 7], [5, 19], [23, 4], [23, 25], [31, 19], [20, 31], [11, 24], [8, 19], [24, 0], [26, 23], [3, 28], [13, 31], [24, 27], [4, 0], [4, 11], [18, 2], [20, 11], [29, 26], [18, 27], [25, 28], [16, 26], [30, 8], [20, 15], [1, 12], [25, 22], [27, 31], [28, 24], [30, 10], [22, 14], [12, 1], [9, 21], [18, 11], [10, 23], [3, 9], [0, 3], [11, 28], [14, 30], [19, 5], [23, 16], [31, 13], [14, 12], [16, 21], [0, 3], [28, 21], [22, 6], [7, 20], [20, 18], [26, 3], [3, 12], [25, 7], [0, 1], [9, 24], [23, 18], [12, 16]]",2,1.260248064994812,128,random,0.0,5440,4.0,124,1.3810031414031982,71,8 112 137 96,5434,0.3639657497406006,test,top_r_mean,0.0,0.5,0.25,0.25
0.023555391976444608,0.0,170,0.0,31,109.45810005068779,qasper,0.8,0.0,0.0,0.0,2004.04721:664b3eadc12c8dde309e8bbd59e9af961a433cde,mean,0.23550295857988165,0.15972501039505005,"[[24, 25, 26, 27], [24, 25, 26, 27], [24, 25, 26, 27], [24, 25, 26, 27], [24, 25, 26, 27], [24, 25, 26, 27], [24, 25, 26, 27], [24, 25, 26, 27], [24, 25, 26, 27], [24, 25, 26, 27], [24, 25, 26, 27], [24, 25, 26, 27], [24, 25, 26, 27], [24, 25, 26, 27], [24, 25, 26, 27], [24, 25, 26, 27], [24, 25, 26, 27], [24, 25, 26, 27], [24, 25, 26, 27], [24, 25, 26, 27], [24, 25, 26, 27], [24, 25, 26, 27], [24, 25, 26, 27], [24, 25, 26, 27], [24, 25, 26, 27], [24, 25, 26, 27], [24, 25, 26, 27], [24, 25, 26, 27], [24, 25, 26, 27], [24, 25, 26, 27], [24, 25, 26, 27], [24, 25, 26, 27], [24, 25, 26, 27], [24, 25, 26, 27], [24, 25, 26, 27], [24, 25, 26, 27], [24, 25, 26, 27], [24, 25, 26, 27], [24, 25, 26, 27], [24, 25, 26, 27], [24, 25, 26, 27], [24, 25, 26, 27], [24, 25, 26, 27], [24, 25, 26, 27], [24, 25, 26, 27], [24, 25, 26, 27], [24, 25, 26, 27], [24, 25, 26, 27], [24, 25, 26, 27], [24, 25, 26, 27], [24, 25, 26, 27], [24, 25, 26, 27], [24, 25, 26, 27], [24, 25, 26, 27], [24, 25, 26, 27], [24, 25, 26, 27], [24, 25, 26, 27], [24, 25, 26, 27], [24, 25, 26, 27], [24, 25, 26, 27], [24, 25, 26, 27], [24, 25, 26, 27], [24, 25, 26, 27], [24, 25, 26, 27], [24, 25, 26, 27], [24, 25, 26, 27], [24, 25, 26, 27], [24, 25, 26, 27], [24, 25, 26, 27], [24, 25, 26, 27], [24, 25, 26, 27], [24, 25, 26, 27], [24, 25, 26, 27], [24, 25, 26, 27], [24, 25, 26, 27], [24, 25, 26, 27], [24, 25, 26, 27], [24, 25, 26, 27], [24, 25, 26, 27], [24, 25, 26, 27], [24, 25, 26, 27], [24, 25, 26, 27], [24, 25, 26, 27], [24, 25, 26, 27], [24, 25, 26, 27], [24, 25, 26, 27], [24, 25, 26, 27], [24, 25, 26, 27], [24, 25, 26, 27], [24, 25, 26, 27], [24, 25, 26, 27], [24, 25, 26, 27], [24, 25, 26, 27], [24, 25, 26, 27], [24, 25, 26, 27], [24, 25, 26, 27], [24, 25, 26, 27], [24, 25, 26, 27], [24, 25, 26, 27], [24, 25, 26, 27], [24, 25, 26, 27], [24, 25, 26, 27], [24, 25, 26, 27], [24, 25, 26, 27], [24, 25, 26, 27], [24, 25, 26, 27], [24, 25, 26, 27], [24, 25, 26, 27], [24, 25, 26, 27], [24, 25, 26, 27], [24, 25, 26, 27], [24, 25, 26, 27], [24, 25, 26, 27], [24, 25, 26, 27], [24, 25, 26, 27], [24, 25, 26, 27], [24, 25, 26, 27], [24, 25, 26, 27], [24, 25, 26, 27], [24, 25, 26, 27], [24, 25, 26, 27], [24, 25, 26, 27], [24, 25, 26, 27], [24, 25, 26, 27], [24, 25, 26, 27], [24, 25, 26, 27], [24, 25, 26, 27], [24, 25, 26, 27], [24, 25, 26, 27], [24, 25, 26, 27], [24, 25, 26, 27], [24, 25, 26, 27], [24, 25, 26, 27], [24, 25, 26, 27], [24, 25, 26, 27], [24, 25, 26, 27], [24, 25, 26, 27], [24, 25, 26, 27], [24, 25, 26, 27], [24, 25, 26, 27], [24, 25, 26, 27], [24, 25, 26, 27], [24, 25, 26, 27], [24, 25, 26, 27], [24, 25, 26, 27], [24, 25, 26, 27], [24, 25, 26, 27], [24, 25, 26, 27], [24, 25, 26, 27], [24, 25, 26, 27], [24, 25, 26, 27], [24, 25, 26, 27], [24, 25, 26, 27], [24, 25, 26, 27], [24, 25, 26, 27], [24, 25, 26, 27], [24, 25, 26, 27], [24, 25, 26, 27], [24, 25, 26, 27], [24, 25, 26, 27], [24, 25, 26, 27], [24, 25, 26, 27], [24, 25, 26, 27], [24, 25, 26, 27], [24, 25, 26, 27], [24, 25, 26, 27], [24, 25, 26, 27], [24, 25, 26, 27], [24, 25, 26, 27], [18, 19, 20, 21]]",4,1.2235081195831299,128,last,0.0,10880,4.0,124,1.3276571035385132,0,155 147 83 131,5434,0.3388535678386688,test,top_r_mean,0.0,0.0,0.0,0.0
0.023555391976444608,0.0,170,0.0,31,108.18830016069114,qasper,0.8,0.0,0.0,0.0,2004.04721:664b3eadc12c8dde309e8bbd59e9af961a433cde,mean,0.3982596588931431,0.09814734756946564,"[[23, 0, 29, 4], [10, 18, 27, 14], [22, 15, 16, 5], [18, 20, 0, 29], [13, 11, 30, 24], [1, 27, 31, 28], [5, 21, 16, 2], [27, 15, 21, 24], [25, 0, 29, 1], [26, 1, 15, 22], [16, 10, 27, 23], [6, 14, 23, 25], [11, 24, 23, 6], [13, 29, 21, 20], [28, 15, 19, 27], [6, 15, 16, 5], [22, 0, 24, 21], [22, 6, 14, 8], [22, 3, 2, 20], [27, 21, 18, 4], [20, 29, 23, 3], [21, 27, 22, 13], [2, 27, 31, 29], [11, 8, 5, 1], [3, 0, 11, 23], [14, 31, 22, 11], [23, 10, 0, 1], [7, 11, 15, 14], [18, 14, 7, 3], [8, 17, 23, 16], [8, 10, 11, 2], [6, 19, 3, 12], [19, 0, 22, 17], [18, 27, 14, 9], [2, 26, 1, 16], [10, 25, 20, 19], [4, 23, 19, 31], [5, 30, 12, 2], [3, 11, 10, 23], [19, 1, 15, 17], [22, 0, 11, 17], [2, 7, 23, 27], [6, 27, 7, 31], [4, 12, 11, 1], [20, 7, 25, 19], [25, 28, 9, 19], [11, 29, 8, 0], [12, 21, 7, 5], [22, 0, 5, 15], [17, 11, 15, 14], [14, 1, 7, 12], [7, 27, 3, 5], [18, 27, 23, 26], [23, 31, 0, 6], [20, 21, 12, 7], [7, 19, 1, 25], [21, 0, 5, 17], [12, 8, 21, 24], [4, 24, 9, 31], [2, 13, 17, 30], [10, 15, 2, 24], [7, 21, 25, 26], [27, 31, 15, 9], [12, 17, 1, 22], [21, 0, 11, 14], [26, 14, 3, 2], [3, 10, 2, 17], [5, 1, 26, 29], [18, 22, 27, 29], [24, 30, 5, 19], [20, 18, 25, 5], [5, 10, 4, 12], [19, 0, 11, 13], [11, 4, 19, 0], [26, 21, 9, 12], [13, 8, 18, 3], [29, 7, 6, 1], [5, 30, 23, 29], [12, 4, 14, 11], [10, 24, 21, 29], [20, 0, 12, 11], [25, 7, 5, 20], [24, 18, 15, 27], [25, 19, 31, 20], [7, 21, 0, 26], [9, 28, 26, 16], [8, 5, 2, 0], [26, 19, 15, 23], [23, 0, 30, 28], [27, 26, 23, 25], [28, 17, 9, 7], [23, 1, 16, 5], [11, 26, 17, 18], [23, 20, 19, 7], [11, 6, 25, 28], [19, 15, 25, 10], [7, 0, 3, 6], [14, 25, 31, 9], [28, 0, 24, 2], [13, 18, 24, 9], [20, 25, 15, 2], [6, 15, 12, 14], [22, 6, 9, 5], [7, 22, 28, 18], [9, 0, 31, 30], [7, 24, 25, 13], [9, 31, 2, 19], [7, 6, 17, 0], [10, 21, 29, 12], [12, 7, 15, 29], [0, 23, 13, 28], [21, 9, 4, 14], [24, 0, 3, 1], [24, 26, 30, 6], [26, 13, 1, 25], [19, 5, 18, 8], [5, 1, 2, 29], [17, 31, 19, 16], [13, 24, 30, 27], [0, 24, 7, 5], [26, 0, 21, 29], [21, 31, 30, 19], [5, 17, 16, 4], [14, 19, 28, 5], [14, 11, 5, 2], [16, 8, 3, 5], [18, 1, 16, 9], [16, 10, 3, 0], [24, 0, 26, 3], [0, 7, 29, 8], [3, 15, 0, 7], [26, 11, 3, 4], [26, 24, 4, 15], [31, 3, 13, 2], [15, 8, 29, 12], [10, 31, 1, 24], [4, 0, 1, 19], [12, 22, 6, 25], [27, 18, 10, 7], [30, 16, 23, 19], [16, 23, 31, 24], [13, 0, 15, 1], [24, 9, 23, 28], [1, 27, 23, 20], [29, 0, 7, 6], [13, 22, 12, 10], [29, 4, 25, 17], [13, 19, 8, 18], [17, 29, 0, 25], [18, 26, 8, 24], [25, 9, 1, 0], [20, 15, 12, 8], [26, 0, 11, 8], [27, 16, 12, 26], [2, 12, 17, 4], [12, 0, 31, 22], [13, 3, 11, 17], [1, 21, 26, 22], [15, 22, 30, 20], [20, 14, 0, 16], [13, 0, 26, 1], [28, 13, 11, 27], [17, 8, 2, 1], [1, 4, 28, 12], [18, 5, 7, 6], [4, 18, 22, 27], [1, 28, 24, 31], [16, 30, 11, 1], [20, 0, 2, 1], [2, 5, 11, 25]]",4,1.5928642749786377,128,farthest,0.0,10880,4.0,124,1.6571784019470215,0,32 160 24 136,5434,0.5578043460845947,test,top_r_mean,0.0,0.0,0.25,0.625
0.023555391976444608,0.0,170,0.0,31,110.73209997266531,qasper,0.8,0.0,0.0,0.0,2004.04721:664b3eadc12c8dde309e8bbd59e9af961a433cde,mean,0.799234249912983,0.0033917883411049843,"[[2, 0, 6, 1], [1, 4, 7, 3], [2, 3, 9, 8], [6, 19, 18, 16], [11, 12, 28, 29], [29, 31, 9, 1], [27, 24, 3, 2], [4, 23, 25, 24], [16, 0, 22, 6], [24, 25, 26, 29], [13, 14, 1, 17], [24, 18, 21, 0], [31, 8, 11, 1], [19, 0, 26, 24], [24, 10, 2, 25], [12, 20, 4, 0], [2, 0, 4, 14], [8, 9, 10, 18], [6, 10, 9, 8], [2, 19, 7, 24], [23, 24, 30, 29], [17, 16, 26, 18], [3, 1, 0, 17], [10, 14, 11, 28], [19, 0, 22, 25], [7, 2, 21, 3], [31, 12, 13, 23], [2, 5, 7, 6], [3, 4, 11, 23], [7, 8, 9, 10], [25, 31, 30, 29], [8, 7, 6, 23], [17, 0, 18, 19], [31, 13, 0, 5], [21, 23, 25, 22], [16, 17, 2, 23], [25, 28, 2, 30], [24, 25, 29, 26], [30, 1, 0, 18], [4, 6, 7, 20], [7, 0, 9, 16], [1, 2, 3, 6], [5, 6, 9, 13], [30, 31, 29, 3], [0, 3, 30, 29], [26, 25, 23, 8], [7, 28, 27, 3], [9, 10, 27, 23], [13, 0, 1, 14], [1, 6, 13, 20], [10, 13, 14, 15], [4, 20, 14, 8], [10, 11, 15, 0], [4, 25, 16, 29], [6, 17, 9, 18], [3, 24, 23, 22], [12, 0, 16, 3], [23, 24, 28, 0], [7, 1, 10, 8], [7, 16, 20, 1], [4, 23, 14, 6], [23, 26, 3, 24], [11, 20, 9, 10], [19, 26, 20, 28], [31, 0, 2, 18], [0, 6, 8, 16], [28, 31, 0, 30], [2, 3, 1, 0], [26, 27, 28, 13], [30, 31, 9, 7], [7, 11, 2, 1], [1, 2, 17, 8], [19, 0, 6, 2], [7, 15, 16, 11], [1, 18, 26, 8], [8, 17, 30, 12], [18, 24, 22, 23], [9, 10, 2, 1], [25, 26, 21, 10], [7, 23, 12, 14], [7, 0, 4, 9], [12, 3, 14, 23], [15, 22, 23, 16], [22, 25, 26, 7], [4, 16, 29, 23], [16, 15, 18, 17], [4, 18, 19, 6], [25, 12, 13, 3], [10, 0, 18, 14], [14, 0, 29, 17], [20, 22, 11, 25], [15, 16, 18, 19], [17, 29, 20, 21], [28, 29, 0, 1], [1, 13, 2, 8], [23, 17, 26, 27], [7, 0, 15, 16], [7, 14, 8, 3], [5, 9, 23, 4], [9, 10, 30, 31], [10, 3, 12, 0], [26, 27, 28, 0], [0, 13, 26, 22], [16, 19, 17, 24], [7, 0, 8, 9], [3, 4, 6, 18], [19, 9, 23, 7], [24, 7, 28, 9], [28, 29, 10, 30], [18, 0, 12, 17], [30, 23, 31, 25], [2, 3, 6, 18], [10, 0, 15, 11], [4, 19, 20, 21], [22, 16, 23, 26], [3, 9, 26, 13], [17, 25, 24, 23], [4, 8, 5, 13], [15, 11, 18, 2], [15, 6, 7, 13], [4, 0, 2, 8], [17, 16, 18, 0], [21, 25, 2, 31], [16, 0, 29, 18], [31, 8, 14, 1], [7, 16, 29, 13], [2, 11, 5, 4], [5, 16, 12, 18], [3, 0, 23, 13], [24, 28, 13, 1], [21, 1, 13, 2], [15, 16, 26, 27], [8, 12, 17, 18], [19, 24, 6, 0], [4, 10, 3, 28], [17, 19, 8, 18], [4, 0, 17, 2], [8, 31, 9, 15], [3, 31, 8, 1], [15, 14, 30, 31], [30, 29, 9, 16], [17, 18, 24, 25], [2, 5, 28, 3], [0, 21, 1, 11], [17, 0, 5, 21], [21, 23, 24, 22], [22, 3, 29, 30], [9, 25, 8, 27], [28, 25, 27, 10], [25, 24, 11, 27], [23, 24, 26, 25], [12, 0, 16, 13], [19, 0, 20, 18], [22, 8, 10, 29], [19, 24, 16, 25], [24, 25, 27, 28], [20, 19, 1, 22], [7, 0, 28, 6], [10, 0, 11, 28], [16, 17, 3, 30], [9, 0, 2, 11], [15, 20, 19, 31], [23, 25, 7, 31], [21, 26, 1, 27], [7, 29, 17, 4], [13, 14, 15, 30], [31, 5, 11, 1], [0, 1, 5, 9], [28, 0, 3, 26], [25, 0, 19, 18]]",4,0.4153072237968445,128,greedy_oracle,0.0,10880,4.0,124,0.4231148064136505,0,48 80 32 128,5434,0.937523603439331,test,top_r_mean,0.0,0.5,0.75,0.625
0.023555391976444608,0.0,170,0.0,31,111.21000000275671,qasper,0.8,0.0,0.0,0.0,2004.04721:664b3eadc12c8dde309e8bbd59e9af961a433cde,mean,0.33226592412112776,0.1093950867652893,"[[14, 17, 16, 19], [14, 7, 31, 8], [29, 17, 14, 8], [13, 19, 10, 9], [19, 30, 11, 29], [27, 15, 0, 21], [11, 22, 28, 12], [1, 22, 12, 17], [1, 18, 26, 2], [16, 5, 13, 1], [25, 21, 6, 15], [13, 21, 1, 11], [18, 5, 1, 27], [29, 21, 10, 5], [2, 1, 17, 23], [1, 19, 18, 3], [10, 29, 30, 5], [7, 2, 17, 5], [19, 1, 0, 28], [13, 7, 5, 4], [5, 18, 17, 11], [2, 18, 23, 0], [14, 6, 2, 27], [28, 16, 21, 17], [16, 3, 6, 5], [16, 28, 14, 27], [1, 20, 2, 0], [30, 23, 25, 3], [6, 20, 4, 17], [21, 0, 8, 18], [6, 4, 29, 5], [19, 8, 31, 23], [22, 13, 31, 19], [16, 3, 12, 21], [16, 7, 2, 8], [23, 4, 15, 6], [30, 6, 22, 20], [2, 25, 8, 24], [13, 9, 21, 15], [9, 6, 26, 3], [27, 25, 24, 13], [0, 30, 19, 27], [31, 13, 30, 28], [9, 6, 27, 4], [3, 11, 22, 7], [16, 12, 23, 24], [25, 21, 9, 23], [28, 13, 12, 27], [2, 13, 5, 15], [15, 12, 23, 11], [30, 13, 26, 19], [22, 12, 31, 29], [25, 21, 17, 8], [16, 4, 26, 19], [9, 27, 8, 3], [9, 22, 12, 3], [27, 9, 4, 28], [0, 14, 26, 22], [28, 25, 15, 18], [28, 7, 1, 21], [19, 14, 22, 17], [29, 27, 16, 11], [8, 22, 7, 14], [27, 11, 0, 16], [2, 24, 4, 13], [27, 9, 12, 30], [26, 0, 22, 13], [12, 14, 9, 6], [29, 18, 24, 26], [21, 6, 24, 14], [11, 14, 8, 2], [26, 0, 10, 16], [18, 30, 25, 20], [14, 2, 12, 10], [16, 7, 28, 19], [10, 30, 14, 15], [28, 15, 20, 31], [29, 24, 8, 21], [25, 22, 15, 11], [28, 11, 16, 24], [31, 17, 16, 24], [17, 10, 20, 28], [28, 17, 11, 9], [24, 4, 30, 15], [4, 21, 16, 5], [9, 27, 8, 7], [22, 4, 5, 11], [2, 28, 10, 30], [5, 31, 25, 4], [5, 1, 10, 24], [15, 17, 28, 25], [17, 6, 21, 27], [20, 6, 24, 10], [24, 26, 23, 25], [1, 24, 6, 9], [2, 20, 1, 31], [13, 28, 10, 24], [11, 28, 5, 24], [25, 21, 3, 23], [31, 12, 7, 13], [16, 6, 10, 21], [27, 18, 20, 14], [5, 4, 18, 17], [6, 21, 15, 5], [20, 19, 21, 17], [10, 30, 31, 23], [23, 14, 31, 16], [11, 20, 22, 19], [26, 24, 15, 22], [16, 3, 1, 6], [3, 25, 15, 29], [4, 31, 13, 26], [8, 19, 13, 23], [17, 9, 7, 11], [9, 5, 6, 22], [2, 3, 18, 16], [9, 15, 18, 11], [7, 16, 30, 15], [19, 4, 14, 5], [22, 25, 8, 15], [2, 9, 1, 6], [18, 6, 28, 3], [18, 19, 21, 24], [28, 3, 25, 24], [28, 13, 11, 7], [24, 10, 18, 13], [25, 20, 2, 8], [4, 26, 5, 31], [23, 13, 20, 16], [5, 8, 0, 28], [18, 13, 2, 30], [15, 17, 31, 14], [26, 22, 27, 0], [3, 29, 31, 22], [16, 5, 19, 22], [3, 31, 18, 2], [28, 13, 30, 21], [4, 19, 16, 22], [6, 26, 9, 1], [23, 10, 22, 15], [0, 6, 19, 31], [22, 4, 28, 19], [4, 30, 31, 10], [15, 11, 19, 10], [14, 7, 20, 27], [3, 26, 22, 6], [4, 10, 12, 13], [7, 8, 28, 2], [20, 14, 23, 0], [15, 22, 7, 11], [0, 26, 3, 25], [31, 8, 28, 19], [13, 21, 17, 7], [16, 31, 7, 6], [17, 31, 15, 10], [17, 5, 22, 14], [22, 6, 7, 31], [29, 21, 15, 4], [25, 30, 0, 26], [25, 5, 27, 12], [3, 2, 23, 4], [9, 6, 30, 4], [1, 5, 0, 26], [16, 7, 24, 5], [26, 4, 30, 5], [9, 16, 19, 29], [6, 15, 28, 31], [30, 13, 10, 20], [24, 11, 12, 15], [24, 23, 14, 21]]",4,1.2120115756988525,128,random,0.0,10880,4.0,124,1.2797282934188843,11,128 70 75 120,5434,0.48132461309432983,test,top_r_mean,0.0,0.0,0.25,0.125
0.023555391976444608,1.0,170,1.0,31,104.0068999864161,qasper,0.8,0.25,0.2,0.0,2004.04721:664b3eadc12c8dde309e8bbd59e9af961a433cde,mean,0.3695788374521406,0.11735564470291138,"[[16, 24, 0, 19], [16, 3, 28, 14], [21, 28, 23, 13], [3, 27, 20, 26], [13, 29, 21, 2], [22, 19, 30, 16], [12, 0, 30, 22], [16, 12, 3, 2], [1, 7, 12, 29], [26, 31, 2, 9], [16, 8, 4, 10], [0, 12, 29, 8], [21, 5, 27, 12], [28, 24, 9, 26], [27, 30, 9, 5], [3, 7, 9, 8], [16, 25, 10, 19], [23, 8, 30, 31], [26, 1, 23, 12], [24, 0, 13, 5], [2, 14, 29, 31], [31, 12, 29, 20], [26, 27, 31, 8], [24, 3, 27, 1], [1, 15, 28, 27], [22, 17, 27, 30], [5, 6, 30, 7], [1, 23, 0, 29], [16, 10, 7, 28], [10, 23, 26, 11], [31, 13, 23, 14], [3, 0, 29, 10], [19, 16, 14, 4], [27, 0, 16, 1], [31, 15, 19, 17], [0, 2, 12, 18], [1, 20, 11, 9], [9, 3, 24, 11], [12, 8, 0, 23], [0, 19, 6, 24], [0, 17, 29, 11], [19, 21, 12, 16], [22, 28, 5, 3], [27, 7, 8, 18], [17, 15, 13, 23], [7, 5, 10, 27], [11, 24, 19, 25], [8, 21, 0, 7], [6, 22, 20, 7], [30, 13, 22, 1], [2, 9, 24, 3], [25, 30, 20, 26], [16, 28, 7, 5], [3, 0, 17, 23], [8, 22, 11, 17], [18, 20, 28, 25], [5, 25, 27, 0], [28, 31, 14, 2], [17, 30, 21, 7], [16, 20, 28, 7], [13, 20, 12, 8], [12, 27, 11, 16], [3, 27, 23, 22], [3, 18, 13, 28], [28, 20, 17, 4], [10, 29, 11, 19], [29, 18, 17, 21], [26, 20, 7, 25], [24, 9, 13, 3], [15, 11, 28, 14], [30, 25, 7, 2], [2, 24, 10, 26], [22, 27, 31, 14], [12, 27, 25, 31], [28, 13, 19, 10], [23, 11, 20, 27], [4, 19, 26, 28], [15, 18, 22, 23], [13, 28, 18, 15], [3, 1, 7, 10], [21, 1, 17, 20], [6, 20, 0, 31], [24, 27, 25, 31], [10, 4, 25, 26], [10, 19, 29, 14], [21, 23, 15, 27], [0, 24, 3, 8], [29, 10, 21, 23], [21, 8, 13, 23], [25, 10, 16, 21], [21, 13, 10, 19], [21, 10, 27, 9], [16, 13, 27, 1], [11, 29, 2, 20], [28, 14, 4, 19], [3, 11, 13, 15], [25, 19, 27, 8], [5, 9, 20, 24], [23, 15, 27, 4], [29, 8, 20, 21], [6, 4, 0, 5], [17, 24, 11, 12], [27, 19, 6, 29], [24, 10, 20, 2], [9, 22, 25, 3], [9, 3, 6, 11], [20, 11, 19, 24], [8, 10, 20, 6], [16, 20, 6, 28], [13, 5, 3, 23], [6, 17, 25, 5], [6, 24, 25, 31], [27, 26, 9, 1], [10, 29, 22, 20], [30, 6, 23, 20], [5, 23, 25, 19], [0, 19, 5, 2], [3, 26, 15, 9], [19, 2, 20, 9], [0, 12, 18, 8], [24, 31, 17, 26], [18, 15, 22, 26], [13, 30, 28, 12], [28, 26, 24, 2], [4, 23, 17, 26], [30, 17, 7, 23], [0, 1, 16, 26], [4, 23, 31, 14], [26, 20, 27, 0], [19, 18, 0, 2], [10, 6, 31, 12], [11, 4, 5, 20], [26, 20, 16, 28], [1, 25, 3, 4], [1, 16, 31, 8], [26, 1, 0, 2], [30, 14, 6, 4], [1, 12, 18, 16], [14, 0, 10, 24], [0, 4, 24, 27], [8, 5, 7, 31], [14, 6, 22, 28], [26, 10, 30, 21], [23, 7, 8, 14], [14, 10, 2, 29], [20, 18, 26, 21], [17, 6, 11, 20], [2, 3, 4, 13], [23, 1, 16, 7], [26, 5, 22, 27], [4, 11, 24, 12], [15, 21, 23, 1], [2, 23, 30, 26], [24, 10, 12, 23], [8, 15, 3, 25], [10, 18, 7, 29], [3, 31, 1, 19], [8, 23, 30, 21], [7, 18, 3, 30], [28, 31, 24, 13], [1, 4, 11, 0], [10, 2, 17, 30], [16, 12, 29, 26], [9, 10, 6, 28], [14, 16, 7, 2], [29, 17, 10, 12], [3, 4, 12, 16], [6, 29, 23, 20], [21, 14, 25, 31], [23, 6, 14, 4]]",4,1.2386339902877808,128,random,0.5,10880,4.0,124,1.3117923736572266,23,160 0 128 56,5434,0.5070523619651794,test,top_r_mean,0.0,0.0,0.25,0.375
0.023555391976444608,0.0,170,0.0,31,105.11930007487535,qasper,0.8,0.0,0.0,0.0,2004.04721:664b3eadc12c8dde309e8bbd59e9af961a433cde,mean,0.36540201879568396,0.09019174426794052,"[[10, 12, 17, 20], [17, 29, 13, 10], [31, 0, 18, 7], [27, 22, 7, 26], [11, 22, 24, 1], [23, 7, 12, 17], [19, 18, 13, 0], [2, 29, 6, 13], [11, 28, 26, 30], [7, 27, 4, 11], [11, 3, 1, 15], [5, 9, 26, 16], [17, 7, 14, 19], [24, 17, 19, 29], [28, 24, 23, 6], [14, 25, 23, 17], [31, 5, 7, 29], [18, 28, 29, 0], [15, 31, 16, 7], [17, 10, 26, 2], [13, 5, 1, 14], [17, 15, 9, 1], [20, 31, 14, 12], [7, 13, 22, 29], [27, 14, 22, 10], [17, 18, 9, 13], [14, 21, 17, 24], [16, 7, 31, 5], [25, 17, 2, 8], [11, 31, 17, 4], [22, 28, 1, 2], [9, 5, 4, 18], [15, 3, 7, 8], [6, 28, 13, 9], [15, 20, 29, 4], [19, 18, 24, 31], [20, 24, 10, 0], [21, 7, 26, 30], [19, 26, 8, 6], [10, 24, 29, 1], [30, 16, 6, 9], [11, 4, 19, 0], [12, 25, 31, 22], [18, 25, 16, 1], [18, 1, 24, 30], [17, 24, 25, 3], [2, 17, 24, 22], [7, 17, 8, 29], [20, 9, 16, 27], [28, 29, 17, 26], [27, 2, 18, 16], [4, 13, 19, 9], [7, 18, 3, 23], [19, 3, 9, 7], [8, 25, 4, 13], [20, 21, 2, 6], [30, 18, 21, 12], [18, 10, 7, 1], [12, 13, 4, 28], [22, 31, 9, 18], [27, 4, 16, 11], [18, 28, 27, 4], [26, 13, 22, 6], [4, 9, 6, 19], [5, 18, 19, 21], [7, 5, 15, 29], [5, 10, 14, 27], [29, 24, 3, 22], [22, 23, 6, 3], [2, 1, 22, 8], [20, 2, 15, 23], [26, 0, 2, 29], [2, 7, 6, 4], [28, 16, 10, 11], [6, 20, 3, 14], [7, 5, 18, 9], [25, 8, 7, 29], [28, 18, 22, 2], [18, 31, 6, 10], [24, 3, 23, 2], [14, 23, 13, 20], [5, 17, 1, 3], [24, 21, 9, 6], [26, 18, 4, 21], [28, 17, 9, 31], [20, 6, 21, 8], [28, 14, 26, 29], [4, 30, 21, 22], [24, 31, 19, 23], [11, 8, 5, 16], [0, 15, 17, 25], [6, 26, 21, 18], [11, 4, 18, 14], [20, 18, 7, 31], [8, 29, 30, 6], [11, 25, 30, 1], [27, 5, 8, 19], [30, 1, 18, 24], [13, 7, 21, 4], [19, 15, 6, 13], [13, 27, 5, 10], [27, 1, 11, 19], [1, 29, 18, 7], [31, 26, 29, 20], [1, 26, 28, 0], [15, 25, 1, 2], [6, 5, 16, 4], [12, 5, 8, 26], [5, 14, 25, 7], [16, 26, 17, 14], [22, 21, 24, 18], [27, 1, 3, 11], [21, 1, 31, 10], [18, 30, 1, 23], [14, 16, 26, 10], [17, 28, 25, 31], [12, 18, 28, 30], [20, 23, 30, 10], [9, 28, 13, 3], [15, 22, 11, 12], [29, 26, 25, 3], [2, 19, 3, 30], [16, 25, 24, 10], [14, 17, 6, 0], [17, 21, 24, 2], [4, 23, 14, 18], [8, 23, 6, 15], [15, 14, 2, 17], [18, 17, 8, 22], [14, 11, 1, 29], [20, 24, 7, 11], [17, 4, 15, 5], [25, 29, 13, 19], [8, 29, 21, 15], [30, 18, 31, 29], [7, 2, 9, 15], [22, 14, 9, 21], [12, 0, 29, 22], [0, 26, 27, 6], [23, 3, 4, 27], [7, 0, 23, 24], [10, 14, 25, 0], [16, 20, 26, 24], [25, 22, 6, 13], [28, 31, 13, 4], [13, 3, 19, 1], [9, 29, 17, 2], [31, 4, 16, 29], [26, 25, 24, 10], [1, 31, 23, 2], [4, 25, 2, 0], [16, 22, 7, 10], [5, 30, 15, 25], [16, 24, 14, 1], [14, 24, 21, 4], [2, 19, 13, 16], [30, 14, 12, 3], [13, 27, 19, 5], [27, 23, 31, 28], [11, 28, 21, 24], [24, 0, 21, 8], [23, 25, 28, 26], [13, 11, 27, 1], [12, 11, 22, 6], [31, 3, 15, 21], [22, 20, 8, 13], [13, 31, 19, 23], [18, 11, 1, 8], [24, 27, 22, 8], [19, 11, 9, 6]]",4,1.233040690422058,128,random,0.0,10880,4.0,124,1.288832664489746,37,104 160 88 72,5434,0.5206355452537537,test,top_r_mean,0.0,0.0,0.0,0.125
0.023555391976444608,0.0,170,0.0,31,104.01790007017553,qasper,0.8,0.0,0.0,0.0,2004.04721:664b3eadc12c8dde309e8bbd59e9af961a433cde,mean,0.3051166028541594,0.11196591705083847,"[[30, 6, 24, 13], [12, 28, 5, 27], [27, 12, 10, 5], [6, 0, 19, 24], [30, 20, 19, 13], [6, 16, 2, 12], [0, 10, 30, 31], [23, 12, 3, 20], [16, 15, 31, 3], [26, 17, 30, 27], [27, 7, 16, 6], [20, 6, 4, 18], [14, 31, 6, 19], [22, 2, 17, 31], [29, 19, 10, 24], [17, 25, 15, 20], [16, 30, 20, 29], [29, 8, 0, 25], [28, 18, 25, 23], [16, 1, 0, 29], [16, 0, 15, 14], [6, 18, 7, 11], [29, 9, 30, 19], [22, 13, 4, 21], [21, 16, 7, 12], [10, 28, 15, 8], [18, 12, 19, 20], [20, 16, 3, 2], [21, 26, 12, 1], [1, 21, 25, 12], [14, 29, 25, 16], [9, 14, 23, 7], [23, 31, 30, 19], [10, 26, 15, 14], [25, 23, 2, 24], [7, 30, 29, 22], [9, 20, 23, 1], [22, 4, 10, 12], [20, 27, 29, 28], [31, 11, 10, 8], [6, 5, 14, 16], [17, 11, 13, 7], [26, 13, 29, 3], [10, 17, 23, 20], [2, 18, 0, 3], [21, 17, 9, 7], [16, 22, 5, 30], [31, 22, 9, 6], [8, 12, 14, 28], [29, 10, 21, 2], [31, 2, 28, 1], [1, 9, 12, 7], [23, 30, 16, 10], [5, 13, 31, 15], [2, 18, 21, 4], [18, 29, 10, 25], [30, 2, 1, 17], [10, 20, 14, 6], [7, 13, 0, 11], [24, 7, 19, 12], [20, 2, 7, 3], [11, 25, 26, 16], [29, 1, 12, 17], [12, 10, 31, 28], [8, 28, 21, 9], [27, 28, 13, 5], [5, 14, 8, 17], [26, 27, 14, 7], [14, 17, 8, 22], [30, 13, 29, 7], [7, 4, 17, 1], [7, 10, 2, 14], [28, 11, 14, 21], [4, 15, 24, 20], [25, 24, 28, 31], [19, 30, 31, 18], [12, 11, 17, 22], [21, 20, 7, 10], [4, 30, 12, 2], [6, 20, 0, 2], [21, 2, 30, 8], [23, 10, 16, 25], [25, 20, 22, 5], [2, 30, 1, 16], [28, 23, 16, 9], [6, 11, 17, 5], [13, 9, 22, 11], [28, 18, 0, 16], [2, 21, 26, 18], [23, 27, 12, 21], [1, 23, 7, 25], [25, 6, 3, 18], [16, 18, 22, 15], [6, 9, 15, 5], [8, 2, 0, 9], [3, 20, 16, 17], [18, 4, 23, 30], [24, 25, 1, 4], [29, 18, 28, 7], [7, 6, 0, 26], [23, 30, 26, 20], [9, 3, 20, 6], [24, 27, 6, 3], [25, 9, 3, 19], [11, 7, 29, 10], [7, 16, 18, 17], [9, 25, 6, 1], [23, 1, 17, 26], [7, 8, 14, 2], [15, 1, 11, 25], [20, 18, 5, 9], [24, 1, 7, 14], [15, 17, 22, 31], [16, 13, 29, 2], [2, 12, 9, 25], [29, 20, 3, 1], [12, 7, 21, 2], [31, 29, 13, 27], [21, 26, 7, 24], [2, 17, 10, 18], [28, 12, 0, 21], [26, 9, 28, 31], [2, 11, 10, 4], [13, 22, 5, 27], [12, 1, 4, 19], [13, 0, 15, 2], [28, 15, 2, 22], [19, 26, 10, 2], [27, 13, 23, 29], [19, 21, 7, 23], [15, 23, 11, 21], [27, 17, 19, 24], [13, 29, 28, 25], [26, 30, 6, 29], [13, 27, 8, 21], [26, 3, 1, 17], [27, 14, 22, 31], [13, 19, 16, 12], [11, 24, 2, 6], [29, 9, 22, 18], [6, 22, 8, 30], [15, 31, 22, 20], [5, 3, 26, 0], [5, 9, 21, 30], [25, 14, 22, 30], [13, 7, 1, 11], [4, 1, 17, 15], [31, 1, 3, 26], [5, 17, 21, 19], [20, 7, 3, 22], [24, 28, 31, 20], [30, 13, 12, 14], [20, 5, 1, 25], [13, 5, 14, 26], [17, 10, 19, 2], [16, 31, 19, 5], [23, 4, 21, 7], [14, 10, 2, 25], [5, 11, 18, 8], [6, 1, 5, 7], [21, 1, 16, 18], [0, 10, 26, 30], [13, 7, 28, 9], [30, 0, 14, 9], [6, 17, 30, 3], [13, 10, 28, 8], [14, 10, 28, 11], [5, 14, 3, 29], [24, 15, 18, 28], [1, 23, 13, 12]]",4,1.214188575744629,128,random,0.0,10880,4.0,124,1.287431240081787,53,120 80 128 70,5434,0.43311047554016113,test,top_r_mean,0.0,0.5,0.5,0.5
0.023555391976444608,0.0,170,0.0,31,106.55949986539781,qasper,0.8,0.0,0.0,0.0,2004.04721:664b3eadc12c8dde309e8bbd59e9af961a433cde,mean,0.3300382875043509,0.10901570320129395,"[[13, 30, 9, 24], [1, 12, 3, 16], [20, 26, 31, 8], [25, 17, 21, 29], [30, 7, 11, 6], [19, 4, 10, 23], [30, 17, 1, 6], [25, 21, 27, 30], [0, 8, 1, 17], [27, 14, 2, 6], [29, 8, 5, 10], [4, 5, 23, 19], [7, 1, 19, 28], [4, 23, 12, 30], [25, 29, 7, 11], [5, 10, 13, 11], [13, 12, 8, 21], [5, 22, 1, 4], [30, 3, 17, 11], [10, 4, 29, 25], [5, 2, 17, 26], [6, 26, 20, 12], [7, 9, 14, 1], [24, 1, 6, 17], [15, 24, 2, 7], [11, 12, 21, 20], [9, 8, 21, 15], [31, 26, 22, 1], [4, 0, 24, 13], [26, 9, 1, 29], [14, 23, 6, 0], [17, 9, 23, 8], [13, 28, 22, 19], [10, 13, 2, 0], [15, 1, 13, 8], [5, 16, 17, 19], [4, 25, 26, 1], [17, 21, 4, 16], [10, 19, 29, 28], [13, 26, 18, 19], [23, 12, 14, 15], [29, 1, 22, 4], [22, 8, 28, 0], [3, 15, 25, 24], [5, 0, 13, 10], [14, 8, 4, 25], [7, 13, 26, 31], [18, 12, 22, 25], [6, 12, 26, 27], [13, 3, 0, 18], [23, 7, 4, 28], [17, 10, 18, 30], [7, 18, 27, 25], [8, 16, 17, 18], [29, 10, 16, 2], [23, 3, 20, 2], [7, 28, 0, 29], [4, 29, 12, 16], [21, 2, 9, 28], [30, 1, 3, 31], [26, 10, 1, 21], [4, 24, 9, 18], [5, 26, 23, 1], [23, 8, 12, 11], [29, 23, 12, 18], [30, 0, 23, 13], [9, 14, 15, 17], [14, 21, 24, 29], [4, 21, 8, 5], [15, 2, 3, 4], [8, 28, 11, 24], [27, 5, 2, 31], [29, 4, 21, 28], [29, 26, 23, 14], [5, 15, 0, 26], [1, 4, 7, 8], [25, 10, 26, 18], [26, 30, 16, 6], [20, 9, 15, 17], [18, 9, 8, 28], [16, 31, 21, 27], [25, 29, 20, 2], [0, 7, 2, 3], [11, 5, 8, 22], [9, 12, 27, 0], [12, 26, 0, 22], [2, 26, 15, 7], [29, 15, 13, 31], [30, 22, 18, 15], [18, 10, 22, 28], [2, 13, 4, 7], [23, 27, 18, 16], [16, 17, 6, 3], [5, 18, 20, 7], [25, 5, 12, 1], [20, 24, 30, 21], [14, 20, 1, 3], [0, 23, 3, 20], [6, 10, 14, 15], [31, 15, 12, 26], [5, 0, 16, 8], [24, 28, 20, 29], [24, 20, 28, 1], [15, 31, 12, 25], [28, 17, 4, 31], [21, 4, 19, 9], [25, 26, 16, 12], [5, 14, 1, 8], [1, 7, 0, 29], [8, 6, 26, 13], [15, 21, 8, 27], [30, 13, 4, 11], [0, 17, 23, 31], [21, 30, 11, 12], [10, 6, 21, 7], [9, 25, 24, 29], [26, 7, 4, 18], [5, 19, 30, 3], [23, 4, 26, 12], [23, 25, 30, 6], [31, 19, 13, 8], [20, 31, 4, 8], [11, 24, 10, 17], [8, 19, 20, 26], [24, 0, 4, 8], [26, 23, 11, 15], [3, 28, 10, 31], [13, 31, 5, 30], [24, 27, 31, 4], [4, 0, 18, 17], [4, 11, 15, 26], [18, 2, 0, 25], [20, 11, 26, 22], [29, 26, 8, 21], [18, 27, 19, 6], [25, 28, 10, 5], [16, 26, 31, 19], [30, 8, 22, 18], [20, 15, 19, 5], [1, 12, 5, 26], [25, 22, 17, 4], [27, 31, 18, 21], [28, 24, 26, 7], [30, 10, 19, 24], [22, 14, 23, 31], [12, 1, 27, 26], [9, 21, 5, 28], [18, 11, 22, 2], [10, 23, 28, 21], [3, 9, 20, 7], [0, 3, 27, 26], [11, 28, 29, 21], [14, 30, 19, 27], [19, 5, 25, 24], [23, 16, 31, 6], [31, 13, 17, 8], [14, 12, 26, 6], [16, 21, 25, 23], [0, 3, 13, 6], [28, 21, 2, 16], [22, 6, 31, 13], [7, 20, 18, 22], [20, 18, 23, 9], [26, 3, 0, 18], [3, 12, 19, 10], [25, 7, 13, 5], [0, 1, 12, 29], [9, 24, 17, 31], [23, 18, 3, 10], [12, 16, 17, 0]]",4,1.2130388021469116,128,random,0.0,10880,4.0,124,1.2816505432128906,71,112 8 56 83,5434,0.4675728678703308,test,top_r_mean,0.0,0.5,0.25,0.25
0.023555391976444608,0.0,170,0.0,31,115.07169995456934,qasper,0.8,0.0,0.0,0.0,2004.04721:664b3eadc12c8dde309e8bbd59e9af961a433cde,mean,0.29286460146188653,0.13255594670772552,"[[24, 25, 26, 27, 28, 29, 30, 31], [24, 25, 26, 27, 28, 29, 30, 31], [24, 25, 26, 27, 28, 29, 30, 31], [24, 25, 26, 27, 28, 29, 30, 31], [24, 25, 26, 27, 28, 29, 30, 31], [24, 25, 26, 27, 28, 29, 30, 31], [24, 25, 26, 27, 28, 29, 30, 31], [24, 25, 26, 27, 28, 29, 30, 31], [24, 25, 26, 27, 28, 29, 30, 31], [24, 25, 26, 27, 28, 29, 30, 31], [24, 25, 26, 27, 28, 29, 30, 31], [24, 25, 26, 27, 28, 29, 30, 31], [24, 25, 26, 27, 28, 29, 30, 31], [24, 25, 26, 27, 28, 29, 30, 31], [24, 25, 26, 27, 28, 29, 30, 31], [24, 25, 26, 27, 28, 29, 30, 31], [24, 25, 26, 27, 28, 29, 30, 31], [24, 25, 26, 27, 28, 29, 30, 31], [24, 25, 26, 27, 28, 29, 30, 31], [24, 25, 26, 27, 28, 29, 30, 31], [24, 25, 26, 27, 28, 29, 30, 31], [24, 25, 26, 27, 28, 29, 30, 31], [24, 25, 26, 27, 28, 29, 30, 31], [24, 25, 26, 27, 28, 29, 30, 31], [24, 25, 26, 27, 28, 29, 30, 31], [24, 25, 26, 27, 28, 29, 30, 31], [24, 25, 26, 27, 28, 29, 30, 31], [24, 25, 26, 27, 28, 29, 30, 31], [24, 25, 26, 27, 28, 29, 30, 31], [24, 25, 26, 27, 28, 29, 30, 31], [24, 25, 26, 27, 28, 29, 30, 31], [24, 25, 26, 27, 28, 29, 30, 31], [24, 25, 26, 27, 28, 29, 30, 31], [24, 25, 26, 27, 28, 29, 30, 31], [24, 25, 26, 27, 28, 29, 30, 31], [24, 25, 26, 27, 28, 29, 30, 31], [24, 25, 26, 27, 28, 29, 30, 31], [24, 25, 26, 27, 28, 29, 30, 31], [24, 25, 26, 27, 28, 29, 30, 31], [24, 25, 26, 27, 28, 29, 30, 31], [24, 25, 26, 27, 28, 29, 30, 31], [24, 25, 26, 27, 28, 29, 30, 31], [24, 25, 26, 27, 28, 29, 30, 31], [24, 25, 26, 27, 28, 29, 30, 31], [24, 25, 26, 27, 28, 29, 30, 31], [24, 25, 26, 27, 28, 29, 30, 31], [24, 25, 26, 27, 28, 29, 30, 31], [24, 25, 26, 27, 28, 29, 30, 31], [24, 25, 26, 27, 28, 29, 30, 31], [24, 25, 26, 27, 28, 29, 30, 31], [24, 25, 26, 27, 28, 29, 30, 31], [24, 25, 26, 27, 28, 29, 30, 31], [24, 25, 26, 27, 28, 29, 30, 31], [24, 25, 26, 27, 28, 29, 30, 31], [24, 25, 26, 27, 28, 29, 30, 31], [24, 25, 26, 27, 28, 29, 30, 31], [24, 25, 26, 27, 28, 29, 30, 31], [24, 25, 26, 27, 28, 29, 30, 31], [24, 25, 26, 27, 28, 29, 30, 31], [24, 25, 26, 27, 28, 29, 30, 31], [24, 25, 26, 27, 28, 29, 30, 31], [24, 25, 26, 27, 28, 29, 30, 31], [24, 25, 26, 27, 28, 29, 30, 31], [24, 25, 26, 27, 28, 29, 30, 31], [24, 25, 26, 27, 28, 29, 30, 31], [24, 25, 26, 27, 28, 29, 30, 31], [24, 25, 26, 27, 28, 29, 30, 31], [24, 25, 26, 27, 28, 29, 30, 31], [24, 25, 26, 27, 28, 29, 30, 31], [24, 25, 26, 27, 28, 29, 30, 31], [24, 25, 26, 27, 28, 29, 30, 31], [24, 25, 26, 27, 28, 29, 30, 31], [24, 25, 26, 27, 28, 29, 30, 31], [24, 25, 26, 27, 28, 29, 30, 31], [24, 25, 26, 27, 28, 29, 30, 31], [24, 25, 26, 27, 28, 29, 30, 31], [24, 25, 26, 27, 28, 29, 30, 31], [24, 25, 26, 27, 28, 29, 30, 31], [24, 25, 26, 27, 28, 29, 30, 31], [24, 25, 26, 27, 28, 29, 30, 31], [24, 25, 26, 27, 28, 29, 30, 31], [24, 25, 26, 27, 28, 29, 30, 31], [24, 25, 26, 27, 28, 29, 30, 31], [24, 25, 26, 27, 28, 29, 30, 31], [24, 25, 26, 27, 28, 29, 30, 31], [24, 25, 26, 27, 28, 29, 30, 31], [24, 25, 26, 27, 28, 29, 30, 31], [24, 25, 26, 27, 28, 29, 30, 31], [24, 25, 26, 27, 28, 29, 30, 31], [24, 25, 26, 27, 28, 29, 30, 31], [24, 25, 26, 27, 28, 29, 30, 31], [24, 25, 26, 27, 28, 29, 30, 31], [24, 25, 26, 27, 28, 29, 30, 31], [24, 25, 26, 27, 28, 29, 30, 31], [24, 25, 26, 27, 28, 29, 30, 31], [24, 25, 26, 27, 28, 29, 30, 31], [24, 25, 26, 27, 28, 29, 30, 31], [24, 25, 26, 27, 28, 29, 30, 31], [24, 25, 26, 27, 28, 29, 30, 31], [24, 25, 26, 27, 28, 29, 30, 31], [24, 25, 26, 27, 28, 29, 30, 31], [24, 25, 26, 27, 28, 29, 30, 31], [24, 25, 26, 27, 28, 29, 30, 31], [24, 25, 26, 27, 28, 29, 30, 31], [24, 25, 26, 27, 28, 29, 30, 31], [24, 25, 26, 27, 28, 29, 30, 31], [24, 25, 26, 27, 28, 29, 30, 31], [24, 25, 26, 27, 28, 29, 30, 31], [24, 25, 26, 27, 28, 29, 30, 31], [24, 25, 26, 27, 28, 29, 30, 31], [24, 25, 26, 27, 28, 29, 30, 31], [24, 25, 26, 27, 28, 29, 30, 31], [24, 25, 26, 27, 28, 29, 30, 31], [24, 25, 26, 27, 28, 29, 30, 31], [24, 25, 26, 27, 28, 29, 30, 31], [24, 25, 26, 27, 28, 29, 30, 31], [24, 25, 26, 27, 28, 29, 30, 31], [24, 25, 26, 27, 28, 29, 30, 31], [24, 25, 26, 27, 28, 29, 30, 31], [24, 25, 26, 27, 28, 29, 30, 31], [24, 25, 26, 27, 28, 29, 30, 31], [24, 25, 26, 27, 28, 29, 30, 31], [24, 25, 26, 27, 28, 29, 30, 31], [24, 25, 26, 27, 28, 29, 30, 31], [24, 25, 26, 27, 28, 29, 30, 31], [24, 25, 26, 27, 28, 29, 30, 31], [24, 25, 26, 27, 28, 29, 30, 31], [24, 25, 26, 27, 28, 29, 30, 31], [24, 25, 26, 27, 28, 29, 30, 31], [24, 25, 26, 27, 28, 29, 30, 31], [24, 25, 26, 27, 28, 29, 30, 31], [24, 25, 26, 27, 28, 29, 30, 31], [24, 25, 26, 27, 28, 29, 30, 31], [24, 25, 26, 27, 28, 29, 30, 31], [24, 25, 26, 27, 28, 29, 30, 31], [24, 25, 26, 27, 28, 29, 30, 31], [24, 25, 26, 27, 28, 29, 30, 31], [24, 25, 26, 27, 28, 29, 30, 31], [24, 25, 26, 27, 28, 29, 30, 31], [24, 25, 26, 27, 28, 29, 30, 31], [24, 25, 26, 27, 28, 29, 30, 31], [24, 25, 26, 27, 28, 29, 30, 31], [24, 25, 26, 27, 28, 29, 30, 31], [24, 25, 26, 27, 28, 29, 30, 31], [24, 25, 26, 27, 28, 29, 30, 31], [24, 25, 26, 27, 28, 29, 30, 31], [24, 25, 26, 27, 28, 29, 30, 31], [24, 25, 26, 27, 28, 29, 30, 31], [24, 25, 26, 27, 28, 29, 30, 31], [24, 25, 26, 27, 28, 29, 30, 31], [24, 25, 26, 27, 28, 29, 30, 31], [24, 25, 26, 27, 28, 29, 30, 31], [24, 25, 26, 27, 28, 29, 30, 31], [24, 25, 26, 27, 28, 29, 30, 31], [24, 25, 26, 27, 28, 29, 30, 31], [24, 25, 26, 27, 28, 29, 30, 31], [24, 25, 26, 27, 28, 29, 30, 31], [24, 25, 26, 27, 28, 29, 30, 31], [24, 25, 26, 27, 28, 29, 30, 31], [24, 25, 26, 27, 28, 29, 30, 31], [24, 25, 26, 27, 28, 29, 30, 31], [24, 25, 26, 27, 28, 29, 30, 31], [24, 25, 26, 27, 28, 29, 30, 31], [24, 25, 26, 27, 28, 29, 30, 31], [24, 25, 26, 27, 28, 29, 30, 31], [24, 25, 26, 27, 28, 29, 30, 31], [24, 25, 26, 27, 28, 29, 30, 31], [24, 25, 26, 27, 28, 29, 30, 31], [24, 25, 26, 27, 28, 29, 30, 31], [18, 19, 20, 21, 22, 23, 24, 25]]",8,0.7157383561134338,128,last,0.0,21760,4.0,124,0.8354029655456543,0,9 155 131 37,5434,0.40910717844963074,test,top_r_mean,0.0,0.0,0.0,0.0
0.023555391976444608,0.0,170,0.0,31,117.40879993885756,qasper,0.8,0.0,0.0,0.0,2004.04721:664b3eadc12c8dde309e8bbd59e9af961a433cde,mean,0.5821789070657849,0.02554575353860855,"[[23, 0, 29, 4, 28, 1, 19, 11], [10, 18, 27, 14, 17, 8, 22, 19], [22, 15, 16, 5, 21, 31, 1, 25], [18, 20, 0, 29, 6, 17, 3, 15], [13, 11, 30, 24, 18, 23, 6, 20], [1, 27, 31, 28, 17, 25, 29, 20], [5, 21, 16, 2, 20, 30, 8, 24], [27, 15, 21, 24, 4, 11, 23, 31], [25, 0, 29, 1, 23, 3, 16, 6], [26, 1, 15, 22, 0, 24, 17, 8], [16, 10, 27, 23, 29, 26, 30, 19], [6, 14, 23, 25, 18, 17, 21, 10], [11, 24, 23, 6, 31, 25, 9, 5], [13, 29, 21, 20, 2, 28, 19, 4], [28, 15, 19, 27, 30, 12, 8, 6], [6, 15, 16, 5, 0, 20, 12, 18], [22, 0, 24, 21, 9, 29, 20, 14], [22, 6, 14, 8, 5, 4, 1, 17], [22, 3, 2, 20, 15, 4, 6, 11], [27, 21, 18, 4, 19, 0, 12, 20], [20, 29, 23, 3, 26, 7, 10, 30], [21, 27, 22, 13, 23, 3, 16, 12], [2, 27, 31, 29, 11, 23, 24, 1], [11, 8, 5, 1, 9, 7, 29, 24], [3, 0, 11, 23, 28, 22, 12, 17], [14, 31, 22, 11, 6, 7, 28, 29], [23, 10, 0, 1, 16, 31, 19, 25], [7, 11, 15, 14, 26, 4, 9, 16], [18, 14, 7, 3, 28, 6, 2, 12], [8, 17, 23, 16, 6, 12, 13, 11], [8, 10, 11, 2, 13, 27, 25, 26], [6, 19, 3, 12, 18, 4, 29, 17], [19, 0, 22, 17, 9, 30, 11, 31], [18, 27, 14, 9, 10, 25, 6, 1], [2, 26, 1, 16, 19, 23, 20, 8], [10, 25, 20, 19, 3, 13, 21, 16], [4, 23, 19, 31, 22, 0, 25, 21], [5, 30, 12, 2, 0, 15, 24, 19], [3, 11, 10, 23, 19, 2, 4, 28], [19, 1, 15, 17, 3, 2, 28, 10], [22, 0, 11, 17, 19, 5, 10, 13], [2, 7, 23, 27, 4, 0, 8, 10], [6, 27, 7, 31, 15, 12, 22, 29], [4, 12, 11, 1, 16, 29, 26, 20], [20, 7, 25, 19, 27, 22, 31, 9], [25, 28, 9, 19, 5, 21, 1, 10], [11, 29, 8, 0, 18, 1, 26, 17], [12, 21, 7, 5, 18, 2, 8, 31], [22, 0, 5, 15, 13, 3, 29, 17], [17, 11, 15, 14, 13, 28, 10, 24], [14, 1, 7, 12, 26, 27, 11, 21], [7, 27, 3, 5, 2, 18, 22, 25], [18, 27, 23, 26, 31, 8, 10, 6], [23, 31, 0, 6, 27, 10, 2, 8], [20, 21, 12, 7, 10, 27, 31, 11], [7, 19, 1, 25, 27, 20, 11, 14], [21, 0, 5, 17, 4, 12, 20, 13], [12, 8, 21, 24, 6, 7, 23, 28], [4, 24, 9, 31, 3, 19, 17, 2], [2, 13, 17, 30, 12, 18, 7, 15], [10, 15, 2, 24, 3, 1, 16, 29], [7, 21, 25, 26, 29, 23, 20, 13], [27, 31, 15, 9, 12, 16, 6, 23], [12, 17, 1, 22, 23, 6, 26, 30], [21, 0, 11, 14, 13, 6, 20, 8], [26, 14, 3, 2, 6, 20, 9, 25], [3, 10, 2, 17, 21, 28, 26, 23], [5, 1, 26, 29, 16, 31, 20, 14], [18, 22, 27, 29, 0, 15, 1, 4], [24, 30, 5, 19, 16, 31, 21, 4], [20, 18, 25, 5, 28, 3, 12, 7], [5, 10, 4, 12, 15, 9, 2, 3], [19, 0, 11, 13, 14, 10, 7, 16], [11, 4, 19, 0, 7, 28, 22, 3], [26, 21, 9, 12, 31, 5, 23, 0], [13, 8, 18, 3, 31, 5, 29, 16], [29, 7, 6, 1, 13, 9, 11, 0], [5, 30, 23, 29, 10, 21, 13, 9], [12, 4, 14, 11, 7, 23, 8, 5], [10, 24, 21, 29, 3, 5, 20, 13], [20, 0, 12, 11, 19, 16, 3, 7], [25, 7, 5, 20, 12, 8, 28, 11], [24, 18, 15, 27, 23, 10, 28, 21], [25, 19, 31, 20, 23, 1, 15, 8], [7, 21, 0, 26, 2, 16, 14, 24], [9, 28, 26, 16, 20, 1, 5, 25], [8, 5, 2, 0, 30, 9, 16, 29], [26, 19, 15, 23, 12, 16, 21, 24], [23, 0, 30, 28, 8, 25, 29, 16], [27, 26, 23, 25, 6, 19, 31, 20], [28, 17, 9, 7, 13, 1, 6, 21], [23, 1, 16, 5, 20, 15, 24, 6], [11, 26, 17, 18, 27, 2, 10, 30], [23, 20, 19, 7, 17, 24, 28, 16], [11, 6, 25, 28, 3, 31, 22, 27], [19, 15, 25, 10, 5, 30, 21, 31], [7, 0, 3, 6, 18, 10, 2, 4], [14, 25, 31, 9, 1, 30, 16, 22], [28, 0, 24, 2, 18, 27, 3, 7], [13, 18, 24, 9, 31, 28, 6, 20], [20, 25, 15, 2, 23, 26, 13, 10], [6, 15, 12, 14, 11, 9, 26, 25], [22, 6, 9, 5, 12, 13, 25, 18], [7, 22, 28, 18, 21, 16, 1, 25], [9, 0, 31, 30, 8, 13, 27, 1], [7, 24, 25, 13, 31, 26, 1, 6], [9, 31, 2, 19, 13, 8, 30, 23], [7, 6, 17, 0, 11, 13, 24, 22], [10, 21, 29, 12, 28, 4, 24, 11], [12, 7, 15, 29, 8, 13, 1, 22], [0, 23, 13, 28, 16, 31, 18, 7], [21, 9, 4, 14, 16, 24, 26, 8], [24, 0, 3, 1, 2, 10, 16, 7], [24, 26, 30, 6, 20, 4, 31, 1], [26, 13, 1, 25, 31, 10, 22, 3], [19, 5, 18, 8, 2, 27, 3, 13], [5, 1, 2, 29, 18, 24, 7, 16], [17, 31, 19, 16, 2, 6, 15, 10], [13, 24, 30, 27, 16, 23, 8, 21], [0, 24, 7, 5, 19, 8, 6, 29], [26, 0, 21, 29, 17, 22, 4, 19], [21, 31, 30, 19, 14, 16, 2, 11], [5, 17, 16, 4, 3, 19, 28, 8], [14, 19, 28, 5, 9, 31, 3, 16], [14, 11, 5, 2, 20, 31, 6, 29], [16, 8, 3, 5, 31, 21, 14, 27], [18, 1, 16, 9, 23, 2, 28, 27], [16, 10, 3, 0, 5, 22, 13, 12], [24, 0, 26, 3, 18, 31, 1, 29], [0, 7, 29, 8, 24, 23, 15, 26], [3, 15, 0, 7, 8, 21, 20, 31], [26, 11, 3, 4, 21, 25, 13, 15], [26, 24, 4, 15, 19, 3, 22, 13], [31, 3, 13, 2, 20, 16, 12, 1], [15, 8, 29, 12, 25, 22, 6, 13], [10, 31, 1, 24, 17, 23, 7, 27], [4, 0, 1, 19, 10, 22, 30, 26], [12, 22, 6, 25, 8, 23, 4, 27], [27, 18, 10, 7, 28, 17, 14, 30], [30, 16, 23, 19, 13, 5, 20, 3], [16, 23, 31, 24, 13, 8, 5, 10], [13, 0, 15, 1, 5, 7, 17, 29], [24, 9, 23, 28, 22, 18, 13, 14], [1, 27, 23, 20, 21, 30, 31, 9], [29, 0, 7, 6, 31, 12, 13, 2], [13, 22, 12, 10, 6, 1, 17, 14], [29, 4, 25, 17, 28, 5, 16, 2], [13, 19, 8, 18, 10, 31, 0, 20], [17, 29, 0, 25, 2, 8, 28, 21], [18, 26, 8, 24, 31, 5, 25, 12], [25, 9, 1, 0, 17, 3, 20, 11], [20, 15, 12, 8, 24, 2, 0, 19], [26, 0, 11, 8, 22, 10, 23, 25], [27, 16, 12, 26, 17, 7, 1, 30], [2, 12, 17, 4, 10, 29, 19, 0], [12, 0, 31, 22, 24, 15, 23, 8], [13, 3, 11, 17, 2, 21, 4, 9], [1, 21, 26, 22, 11, 19, 25, 15], [15, 22, 30, 20, 26, 8, 17, 14], [20, 14, 0, 16, 31, 10, 18, 28], [13, 0, 26, 1, 24, 7, 16, 3], [28, 13, 11, 27, 15, 26, 17, 5], [17, 8, 2, 1, 23, 15, 4, 28], [1, 4, 28, 12, 18, 8, 5, 27], [18, 5, 7, 6, 3, 14, 26, 15], [4, 18, 22, 27, 13, 20, 26, 17], [1, 28, 24, 31, 29, 22, 6, 12], [16, 30, 11, 1, 29, 2, 12, 18], [20, 0, 2, 1, 4, 29, 30, 28], [2, 5, 11, 25, 16, 1, 21, 3]]",8,0.6390925645828247,128,farthest,0.0,21760,4.0,124,0.6794014573097229,0,32 80 8 48,5434,0.7531084418296814,test,top_r_mean,0.0,0.5,0.75,0.875
0.023555391976444608,0.0,170,0.0,31,110.83960020914674,qasper,0.8,0.0,0.0,0.0,2004.04721:664b3eadc12c8dde309e8bbd59e9af961a433cde,mean,0.8908458057779325,0.001092798076570034,"[[2, 0, 6, 1, 4, 24, 3, 13], [1, 4, 7, 3, 2, 20, 30, 21], [2, 3, 9, 8, 29, 30, 4, 25], [6, 19, 18, 16, 22, 31, 30, 11], [11, 12, 28, 29, 16, 18, 2, 19], [29, 31, 9, 1, 13, 16, 0, 26], [27, 24, 3, 2, 10, 0, 8, 15], [4, 23, 25, 24, 2, 5, 26, 10], [16, 0, 22, 6, 4, 19, 11, 17], [24, 25, 26, 29, 11, 4, 16, 30], [13, 14, 1, 17, 19, 31, 16, 5], [24, 18, 21, 0, 17, 2, 22, 25], [31, 8, 11, 1, 12, 30, 21, 0], [19, 0, 26, 24, 22, 6, 25, 23], [24, 10, 2, 25, 13, 26, 30, 1], [12, 20, 4, 0, 7, 24, 17, 1], [2, 0, 4, 14, 15, 7, 10, 11], [8, 9, 10, 18, 4, 12, 19, 15], [6, 10, 9, 8, 23, 11, 1, 20], [2, 19, 7, 24, 20, 13, 12, 0], [23, 24, 30, 29, 25, 10, 16, 4], [17, 16, 26, 18, 29, 4, 25, 3], [3, 1, 0, 17, 4, 29, 18, 13], [10, 14, 11, 28, 29, 31, 21, 19], [19, 0, 22, 25, 1, 4, 20, 13], [7, 2, 21, 3, 27, 13, 28, 16], [31, 12, 13, 23, 7, 1, 24, 30], [2, 5, 7, 6, 0, 12, 1, 30], [3, 4, 11, 23, 18, 9, 1, 26], [7, 8, 9, 10, 11, 13, 26, 5], [25, 31, 30, 29, 1, 20, 7, 4], [8, 7, 6, 23, 15, 9, 11, 4], [17, 0, 18, 19, 12, 3, 13, 5], [31, 13, 0, 5, 3, 23, 1, 8], [21, 23, 25, 22, 7, 15, 24, 27], [16, 17, 2, 23, 10, 28, 24, 8], [25, 28, 2, 30, 21, 10, 27, 0], [24, 25, 29, 26, 28, 11, 13, 27], [30, 1, 0, 18, 20, 26, 3, 10], [4, 6, 7, 20, 26, 30, 13, 23], [7, 0, 9, 16, 1, 20, 2, 21], [1, 2, 3, 6, 10, 18, 16, 24], [5, 6, 9, 13, 21, 11, 12, 16], [30, 31, 29, 3, 10, 6, 20, 9], [0, 3, 30, 29, 6, 1, 10, 2], [26, 25, 23, 8, 6, 5, 31, 1], [7, 28, 27, 3, 26, 4, 2, 16], [9, 10, 27, 23, 28, 21, 1, 15], [13, 0, 1, 14, 15, 19, 17, 20], [1, 6, 13, 20, 14, 23, 2, 21], [10, 13, 14, 15, 0, 18, 11, 20], [4, 20, 14, 8, 25, 30, 15, 5], [10, 11, 15, 0, 16, 13, 12, 4], [4, 25, 16, 29, 5, 18, 24, 15], [6, 17, 9, 18, 20, 1, 5, 22], [3, 24, 23, 22, 18, 10, 29, 19], [12, 0, 16, 3, 22, 2, 17, 14], [23, 24, 28, 0, 11, 19, 26, 3], [7, 1, 10, 8, 12, 22, 11, 18], [7, 16, 20, 1, 23, 19, 5, 28], [4, 23, 14, 6, 26, 24, 28, 11], [23, 26, 3, 24, 4, 15, 19, 14], [11, 20, 9, 10, 22, 8, 21, 5], [19, 26, 20, 28, 9, 12, 13, 10], [31, 0, 2, 18, 1, 3, 23, 19], [0, 6, 8, 16, 7, 17, 1, 14], [28, 31, 0, 30, 12, 1, 16, 20], [2, 3, 1, 0, 5, 4, 11, 13], [26, 27, 28, 13, 18, 31, 3, 4], [30, 31, 9, 7, 12, 28, 0, 14], [7, 11, 2, 1, 3, 14, 12, 8], [1, 2, 17, 8, 24, 0, 9, 6], [19, 0, 6, 2, 18, 1, 7, 20], [7, 15, 16, 11, 19, 10, 17, 25], [1, 18, 26, 8, 11, 28, 27, 9], [8, 17, 30, 12, 13, 2, 16, 9], [18, 24, 22, 23, 26, 31, 3, 21], [9, 10, 2, 1, 25, 13, 12, 3], [25, 26, 21, 10, 27, 12, 9, 29], [7, 23, 12, 14, 10, 9, 11, 20], [7, 0, 4, 9, 18, 21, 1, 25], [12, 3, 14, 23, 19, 20, 18, 25], [15, 22, 23, 16, 6, 12, 4, 25], [22, 25, 26, 7, 23, 27, 9, 14], [4, 16, 29, 23, 5, 20, 1, 10], [16, 15, 18, 17, 30, 24, 20, 27], [4, 18, 19, 6, 7, 23, 5, 29], [25, 12, 13, 3, 14, 28, 17, 6], [10, 0, 18, 14, 19, 23, 2, 11], [14, 0, 29, 17, 11, 12, 21, 2], [20, 22, 11, 25, 28, 4, 2, 5], [15, 16, 18, 19, 23, 17, 2, 6], [17, 29, 20, 21, 18, 25, 19, 31], [28, 29, 0, 1, 10, 6, 3, 16], [1, 13, 2, 8, 6, 22, 0, 27], [23, 17, 26, 27, 4, 24, 6, 21], [7, 0, 15, 16, 12, 17, 14, 27], [7, 14, 8, 3, 12, 15, 4, 28], [5, 9, 23, 4, 7, 11, 22, 15], [9, 10, 30, 31, 15, 12, 4, 13], [10, 3, 12, 0, 1, 11, 14, 27], [26, 27, 28, 0, 30, 5, 24, 2], [0, 13, 26, 22, 5, 2, 1, 18], [16, 19, 17, 24, 0, 23, 20, 26], [7, 0, 8, 9, 1, 5, 25, 22], [3, 4, 6, 18, 8, 10, 5, 27], [19, 9, 23, 7, 20, 28, 13, 8], [24, 7, 28, 9, 22, 1, 21, 30], [28, 29, 10, 30, 0, 11, 5, 19], [18, 0, 12, 17, 29, 9, 19, 30], [30, 23, 31, 25, 10, 24, 13, 20], [2, 3, 6, 18, 22, 29, 11, 5], [10, 0, 15, 11, 1, 13, 22, 12], [4, 19, 20, 21, 25, 7, 22, 15], [22, 16, 23, 26, 7, 24, 4, 27], [3, 9, 26, 13, 1, 18, 0, 29], [17, 25, 24, 23, 29, 14, 6, 26], [4, 8, 5, 13, 17, 9, 29, 6], [15, 11, 18, 2, 13, 27, 19, 3], [15, 6, 7, 13, 9, 31, 10, 1], [4, 0, 2, 8, 6, 1, 28, 24], [17, 16, 18, 0, 4, 22, 19, 26], [21, 25, 2, 31, 6, 30, 11, 24], [16, 0, 29, 18, 7, 8, 22, 17], [31, 8, 14, 1, 15, 28, 6, 22], [7, 16, 29, 13, 26, 2, 27, 20], [2, 11, 5, 4, 22, 30, 23, 1], [5, 16, 12, 18, 9, 28, 31, 19], [3, 0, 23, 13, 28, 8, 4, 11], [24, 28, 13, 1, 25, 31, 17, 6], [21, 1, 13, 2, 6, 9, 25, 8], [15, 16, 26, 27, 18, 28, 20, 25], [8, 12, 17, 18, 2, 20, 28, 19], [19, 24, 6, 0, 1, 22, 31, 23], [4, 10, 3, 28, 29, 1, 26, 18], [17, 19, 8, 18, 21, 20, 23, 27], [4, 0, 17, 2, 3, 7, 5, 14], [8, 31, 9, 15, 14, 26, 27, 3], [3, 31, 8, 1, 30, 22, 4, 12], [15, 14, 30, 31, 9, 12, 0, 26], [30, 29, 9, 16, 0, 22, 13, 17], [17, 18, 24, 25, 4, 29, 13, 20], [2, 5, 28, 3, 18, 1, 4, 16], [0, 21, 1, 11, 26, 14, 25, 23], [17, 0, 5, 21, 2, 29, 3, 9], [21, 23, 24, 22, 4, 30, 16, 25], [22, 3, 29, 30, 1, 21, 11, 23], [9, 25, 8, 27, 12, 13, 28, 10], [28, 25, 27, 10, 29, 11, 26, 21], [25, 24, 11, 27, 2, 12, 22, 28], [23, 24, 26, 25, 31, 15, 10, 2], [12, 0, 16, 13, 2, 6, 5, 15], [19, 0, 20, 18, 1, 26, 5, 10], [22, 8, 10, 29, 4, 26, 18, 11], [19, 24, 16, 25, 23, 27, 17, 20], [24, 25, 27, 28, 26, 3, 1, 2], [20, 19, 1, 22, 21, 8, 23, 4], [7, 0, 28, 6, 1, 8, 14, 21], [10, 0, 11, 28, 21, 29, 7, 8], [16, 17, 3, 30, 22, 28, 19, 27], [9, 0, 2, 11, 5, 1, 17, 15], [15, 20, 19, 31, 17, 29, 0, 9], [23, 25, 7, 31, 8, 14, 29, 26], [21, 26, 1, 27, 0, 11, 7, 17], [7, 29, 17, 4, 18, 26, 5, 9], [13, 14, 15, 30, 31, 21, 2, 6], [31, 5, 11, 1, 4, 2, 30, 18], [0, 1, 5, 9, 8, 4, 3, 10], [28, 0, 3, 26, 29, 31, 1, 30], [25, 0, 19, 18, 20, 23, 22, 24]]",8,0.1417866051197052,128,greedy_oracle,0.0,21760,4.0,124,0.14865094423294067,0,48 80 32 8,5434,0.9804055690765381,test,top_r_mean,0.0,0.5,0.75,0.875
0.023555391976444608,0.0,170,0.0,31,120.17960008233786,qasper,0.8,0.0,0.0,0.0,2004.04721:664b3eadc12c8dde309e8bbd59e9af961a433cde,mean,0.5101983988861817,0.08334041386842728,"[[14, 17, 16, 19, 30, 15, 4, 5], [14, 7, 31, 8, 10, 21, 18, 4], [29, 17, 14, 8, 25, 19, 3, 15], [13, 19, 10, 9, 16, 6, 8, 12], [19, 30, 11, 29, 17, 22, 2, 12], [27, 15, 0, 21, 14, 1, 26, 25], [11, 22, 28, 12, 1, 7, 30, 4], [1, 22, 12, 17, 16, 6, 18, 23], [1, 18, 26, 2, 29, 8, 7, 3], [16, 5, 13, 1, 9, 25, 12, 26], [25, 21, 6, 15, 10, 24, 4, 14], [13, 21, 1, 11, 23, 10, 17, 18], [18, 5, 1, 27, 4, 10, 13, 19], [29, 21, 10, 5, 31, 28, 25, 9], [2, 1, 17, 23, 28, 16, 26, 13], [1, 19, 18, 3, 24, 13, 4, 11], [10, 29, 30, 5, 23, 1, 7, 19], [7, 2, 17, 5, 23, 27, 16, 21], [19, 1, 0, 28, 22, 24, 31, 10], [13, 7, 5, 4, 23, 28, 12, 17], [5, 18, 17, 11, 16, 30, 22, 25], [2, 18, 23, 0, 13, 7, 10, 28], [14, 6, 2, 27, 15, 29, 8, 16], [28, 16, 21, 17, 19, 6, 12, 10], [16, 3, 6, 5, 27, 26, 31, 30], [16, 28, 14, 27, 24, 15, 25, 0], [1, 20, 2, 0, 14, 18, 21, 5], [30, 23, 25, 3, 6, 0, 28, 7], [6, 20, 4, 17, 13, 29, 22, 28], [21, 0, 8, 18, 12, 6, 16, 2], [6, 4, 29, 5, 25, 20, 30, 9], [19, 8, 31, 23, 1, 29, 11, 7], [22, 13, 31, 19, 20, 17, 26, 14], [16, 3, 12, 21, 19, 13, 29, 20], [16, 7, 2, 8, 27, 30, 19, 24], [23, 4, 15, 6, 14, 18, 22, 0], [30, 6, 22, 20, 19, 14, 29, 8], [2, 25, 8, 24, 19, 9, 22, 27], [13, 9, 21, 15, 27, 4, 23, 26], [9, 6, 26, 3, 8, 0, 11, 19], [27, 25, 24, 13, 4, 26, 19, 29], [0, 30, 19, 27, 1, 18, 2, 29], [31, 13, 30, 28, 7, 19, 23, 26], [9, 6, 27, 4, 16, 28, 30, 3], [3, 11, 22, 7, 30, 31, 16, 21], [16, 12, 23, 24, 0, 13, 17, 29], [25, 21, 9, 23, 19, 3, 18, 1], [28, 13, 12, 27, 11, 14, 17, 7], [2, 13, 5, 15, 16, 19, 30, 14], [15, 12, 23, 11, 29, 17, 22, 24], [30, 13, 26, 19, 9, 1, 20, 25], [22, 12, 31, 29, 18, 6, 8, 7], [25, 21, 17, 8, 5, 23, 9, 20], [16, 4, 26, 19, 14, 27, 23, 1], [9, 27, 8, 3, 19, 22, 16, 31], [9, 22, 12, 3, 13, 25, 6, 31], [27, 9, 4, 28, 19, 31, 5, 7], [0, 14, 26, 22, 28, 29, 7, 21], [28, 25, 15, 18, 17, 1, 21, 13], [28, 7, 1, 21, 17, 31, 15, 24], [19, 14, 22, 17, 1, 29, 4, 9], [29, 27, 16, 11, 9, 17, 6, 1], [8, 22, 7, 14, 18, 15, 6, 26], [27, 11, 0, 16, 28, 9, 21, 19], [2, 24, 4, 13, 17, 19, 18, 25], [27, 9, 12, 30, 3, 29, 18, 4], [26, 0, 22, 13, 8, 5, 29, 25], [12, 14, 9, 6, 15, 19, 18, 4], [29, 18, 24, 26, 31, 3, 15, 25], [21, 6, 24, 14, 5, 27, 9, 19], [11, 14, 8, 2, 6, 19, 17, 13], [26, 0, 10, 16, 24, 30, 29, 4], [18, 30, 25, 20, 21, 13, 17, 12], [14, 2, 12, 10, 28, 1, 25, 13], [16, 7, 28, 19, 30, 12, 25, 18], [10, 30, 14, 15, 23, 22, 31, 19], [28, 15, 20, 31, 21, 7, 19, 14], [29, 24, 8, 21, 13, 22, 1, 2], [25, 22, 15, 11, 14, 6, 21, 23], [28, 11, 16, 24, 5, 26, 23, 13], [31, 17, 16, 24, 18, 2, 6, 10], [17, 10, 20, 28, 2, 5, 22, 12], [28, 17, 11, 9, 6, 16, 26, 24], [24, 4, 30, 15, 9, 27, 23, 2], [4, 21, 16, 5, 0, 24, 28, 9], [9, 27, 8, 7, 18, 0, 23, 20], [22, 4, 5, 11, 18, 25, 3, 10], [2, 28, 10, 30, 25, 16, 20, 8], [5, 31, 25, 4, 7, 10, 19, 22], [5, 1, 10, 24, 12, 26, 31, 6], [15, 17, 28, 25, 5, 13, 22, 6], [17, 6, 21, 27, 16, 3, 25, 9], [20, 6, 24, 10, 25, 16, 17, 2], [24, 26, 23, 25, 1, 8, 16, 28], [1, 24, 6, 9, 12, 16, 15, 8], [2, 20, 1, 31, 10, 5, 24, 18], [13, 28, 10, 24, 12, 23, 22, 0], [11, 28, 5, 24, 9, 10, 15, 3], [25, 21, 3, 23, 6, 14, 31, 15], [31, 12, 7, 13, 16, 28, 24, 21], [16, 6, 10, 21, 31, 9, 0, 11], [27, 18, 20, 14, 9, 23, 25, 24], [5, 4, 18, 17, 28, 12, 23, 14], [6, 21, 15, 5, 8, 31, 7, 4], [20, 19, 21, 17, 31, 2, 12, 24], [10, 30, 31, 23, 21, 15, 0, 24], [23, 14, 31, 16, 7, 26, 22, 29], [11, 20, 22, 19, 27, 21, 2, 5], [26, 24, 15, 22, 9, 6, 2, 16], [16, 3, 1, 6, 18, 31, 13, 15], [3, 25, 15, 29, 16, 24, 12, 7], [4, 31, 13, 26, 14, 7, 24, 23], [8, 19, 13, 23, 21, 22, 25, 26], [17, 9, 7, 11, 26, 4, 19, 23], [9, 5, 6, 22, 8, 3, 31, 18], [2, 3, 18, 16, 26, 19, 31, 15], [9, 15, 18, 11, 23, 26, 2, 22], [7, 16, 30, 15, 14, 29, 25, 18], [19, 4, 14, 5, 21, 17, 30, 29], [22, 25, 8, 15, 28, 23, 29, 31], [2, 9, 1, 6, 10, 28, 24, 16], [18, 6, 28, 3, 9, 10, 22, 21], [18, 19, 21, 24, 3, 4, 22, 17], [28, 3, 25, 24, 21, 9, 30, 27], [28, 13, 11, 7, 0, 24, 26, 23], [24, 10, 18, 13, 4, 3, 25, 15], [25, 20, 2, 8, 15, 14, 5, 30], [4, 26, 5, 31, 17, 15, 9, 20], [23, 13, 20, 16, 9, 11, 29, 17], [5, 8, 0, 28, 1, 30, 19, 27], [18, 13, 2, 30, 21, 24, 11, 9], [15, 17, 31, 14, 11, 22, 6, 4], [26, 22, 27, 0, 1, 5, 8, 3], [3, 29, 31, 22, 24, 19, 1, 20], [16, 5, 19, 22, 10, 29, 21, 2], [3, 31, 18, 2, 30, 20, 1, 9], [28, 13, 30, 21, 1, 14, 27, 18], [4, 19, 16, 22, 31, 29, 1, 24], [6, 26, 9, 1, 31, 25, 27, 11], [23, 10, 22, 15, 5, 13, 24, 16], [0, 6, 19, 31, 14, 7, 21, 22], [22, 4, 28, 19, 27, 31, 8, 9], [4, 30, 31, 10, 13, 2, 29, 11], [15, 11, 19, 10, 3, 30, 31, 0], [14, 7, 20, 27, 15, 29, 13, 3], [3, 26, 22, 6, 30, 15, 17, 27], [4, 10, 12, 13, 29, 26, 3, 30], [7, 8, 28, 2, 12, 1, 25, 9], [20, 14, 23, 0, 29, 30, 16, 1], [15, 22, 7, 11, 5, 26, 24, 17], [0, 26, 3, 25, 14, 13, 28, 12], [31, 8, 28, 19, 18, 17, 27, 3], [13, 21, 17, 7, 5, 8, 9, 22], [16, 31, 7, 6, 0, 3, 5, 23], [17, 31, 15, 10, 7, 12, 1, 4], [17, 5, 22, 14, 13, 18, 25, 7], [22, 6, 7, 31, 17, 12, 19, 1], [29, 21, 15, 4, 20, 1, 9, 10], [25, 30, 0, 26, 9, 22, 21, 23], [25, 5, 27, 12, 15, 24, 10, 31], [3, 2, 23, 4, 22, 0, 31, 27], [9, 6, 30, 4, 8, 3, 5, 18], [1, 5, 0, 26, 7, 24, 15, 14], [16, 7, 24, 5, 14, 9, 26, 27], [26, 4, 30, 5, 29, 18, 10, 0], [9, 16, 19, 29, 6, 18, 4, 14], [6, 15, 28, 31, 20, 30, 4, 24], [30, 13, 10, 20, 14, 21, 24, 17], [24, 11, 12, 15, 18, 1, 29, 30], [24, 23, 14, 21, 11, 4, 12, 20]]",8,0.6455593705177307,128,random,0.0,21760,4.0,124,0.726797342300415,11,96 160 48 147,5434,0.6900458931922913,test,top_r_mean,0.0,0.0,0.0,0.5
0.023555391976444608,1.0,170,1.0,31,117.0004999730736,qasper,0.8,0.25,0.2,0.0,2004.04721:664b3eadc12c8dde309e8bbd59e9af961a433cde,mean,0.4898712147580926,0.07043692469596863,"[[16, 24, 0, 19, 9, 22, 20, 6], [16, 3, 28, 14, 22, 2, 1, 19], [21, 28, 23, 13, 11, 27, 31, 16], [3, 27, 20, 26, 17, 15, 18, 22], [13, 29, 21, 2, 11, 31, 25, 4], [22, 19, 30, 16, 4, 26, 31, 28], [12, 0, 30, 22, 31, 11, 6, 18], [16, 12, 3, 2, 1, 22, 8, 9], [1, 7, 12, 29, 24, 9, 3, 26], [26, 31, 2, 9, 24, 23, 30, 1], [16, 8, 4, 10, 22, 25, 3, 6], [0, 12, 29, 8, 19, 6, 4, 17], [21, 5, 27, 12, 0, 31, 22, 17], [28, 24, 9, 26, 19, 13, 2, 31], [27, 30, 9, 5, 0, 16, 1, 21], [3, 7, 9, 8, 10, 23, 21, 2], [16, 25, 10, 19, 29, 7, 26, 20], [23, 8, 30, 31, 25, 27, 9, 4], [26, 1, 23, 12, 16, 5, 17, 4], [24, 0, 13, 5, 15, 30, 29, 31], [2, 14, 29, 31, 0, 20, 22, 6], [31, 12, 29, 20, 14, 30, 11, 4], [26, 27, 31, 8, 15, 14, 4, 10], [24, 3, 27, 1, 26, 5, 31, 21], [1, 15, 28, 27, 16, 0, 14, 29], [22, 17, 27, 30, 10, 7, 29, 11], [5, 6, 30, 7, 0, 18, 16, 1], [1, 23, 0, 29, 10, 25, 30, 18], [16, 10, 7, 28, 24, 6, 13, 2], [10, 23, 26, 11, 14, 15, 0, 9], [31, 13, 23, 14, 25, 19, 26, 30], [3, 0, 29, 10, 22, 24, 28, 30], [19, 16, 14, 4, 9, 21, 27, 11], [27, 0, 16, 1, 19, 22, 8, 15], [31, 15, 19, 17, 25, 12, 22, 18], [0, 2, 12, 18, 11, 5, 28, 7], [1, 20, 11, 9, 23, 26, 22, 31], [9, 3, 24, 11, 15, 17, 7, 31], [12, 8, 0, 23, 21, 6, 14, 2], [0, 19, 6, 24, 28, 12, 10, 17], [0, 17, 29, 11, 16, 4, 24, 2], [19, 21, 12, 16, 23, 15, 30, 8], [22, 28, 5, 3, 31, 17, 24, 19], [27, 7, 8, 18, 2, 13, 22, 28], [17, 15, 13, 23, 12, 19, 16, 21], [7, 5, 10, 27, 16, 20, 22, 14], [11, 24, 19, 25, 7, 29, 9, 12], [8, 21, 0, 7, 6, 3, 28, 18], [6, 22, 20, 7, 30, 18, 2, 4], [30, 13, 22, 1, 18, 21, 11, 6], [2, 9, 24, 3, 28, 18, 20, 25], [25, 30, 20, 26, 19, 5, 18, 24], [16, 28, 7, 5, 9, 2, 21, 6], [3, 0, 17, 23, 21, 26, 5, 12], [8, 22, 11, 17, 2, 0, 19, 29], [18, 20, 28, 25, 8, 12, 9, 17], [5, 25, 27, 0, 24, 4, 28, 12], [28, 31, 14, 2, 18, 16, 3, 4], [17, 30, 21, 7, 26, 4, 9, 19], [16, 20, 28, 7, 25, 6, 22, 26], [13, 20, 12, 8, 17, 4, 24, 0], [12, 27, 11, 16, 30, 1, 8, 17], [3, 27, 23, 22, 9, 17, 14, 2], [3, 18, 13, 28, 12, 31, 6, 22], [28, 20, 17, 4, 29, 1, 22, 31], [10, 29, 11, 19, 2, 22, 15, 20], [29, 18, 17, 21, 3, 10, 19, 25], [26, 20, 7, 25, 8, 5, 13, 23], [24, 9, 13, 3, 18, 26, 25, 14], [15, 11, 28, 14, 16, 8, 5, 23], [30, 25, 7, 2, 15, 10, 28, 14], [2, 24, 10, 26, 0, 3, 1, 4], [22, 27, 31, 14, 2, 11, 23, 3], [12, 27, 25, 31, 5, 30, 9, 3], [28, 13, 19, 10, 15, 1, 20, 22], [23, 11, 20, 27, 18, 31, 12, 3], [4, 19, 26, 28, 22, 29, 9, 5], [15, 18, 22, 23, 19, 24, 5, 27], [13, 28, 18, 15, 1, 25, 24, 16], [3, 1, 7, 10, 28, 26, 0, 8], [21, 1, 17, 20, 8, 2, 3, 30], [6, 20, 0, 31, 11, 16, 27, 12], [24, 27, 25, 31, 12, 16, 30, 11], [10, 4, 25, 26, 16, 1, 23, 11], [10, 19, 29, 14, 7, 0, 24, 18], [21, 23, 15, 27, 8, 22, 0, 12], [0, 24, 3, 8, 22, 17, 25, 5], [29, 10, 21, 23, 20, 26, 18, 7], [21, 8, 13, 23, 10, 14, 31, 4], [25, 10, 16, 21, 22, 13, 6, 24], [21, 13, 10, 19, 17, 15, 14, 29], [21, 10, 27, 9, 11, 6, 14, 5], [16, 13, 27, 1, 4, 6, 22, 5], [11, 29, 2, 20, 4, 17, 14, 7], [28, 14, 4, 19, 31, 8, 18, 15], [3, 11, 13, 15, 23, 2, 1, 16], [25, 19, 27, 8, 10, 18, 15, 24], [5, 9, 20, 24, 7, 13, 10, 29], [23, 15, 27, 4, 11, 24, 5, 3], [29, 8, 20, 21, 23, 16, 24, 14], [6, 4, 0, 5, 19, 27, 25, 20], [17, 24, 11, 12, 2, 4, 15, 13], [27, 19, 6, 29, 12, 13, 15, 1], [24, 10, 20, 2, 12, 19, 17, 1], [9, 22, 25, 3, 21, 8, 24, 11], [9, 3, 6, 11, 8, 26, 2, 1], [20, 11, 19, 24, 7, 13, 28, 22], [8, 10, 20, 6, 0, 25, 12, 26], [16, 20, 6, 28, 9, 3, 0, 21], [13, 5, 3, 23, 14, 4, 31, 16], [6, 17, 25, 5, 2, 31, 27, 13], [6, 24, 25, 31, 17, 19, 7, 22], [27, 26, 9, 1, 12, 7, 21, 22], [10, 29, 22, 20, 5, 15, 21, 31], [30, 6, 23, 20, 14, 25, 7, 31], [5, 23, 25, 19, 21, 16, 30, 9], [0, 19, 5, 2, 11, 7, 3, 25], [3, 26, 15, 9, 2, 10, 23, 28], [19, 2, 20, 9, 23, 27, 3, 24], [0, 12, 18, 8, 25, 10, 24, 16], [24, 31, 17, 26, 20, 7, 9, 3], [18, 15, 22, 26, 28, 10, 17, 29], [13, 30, 28, 12, 20, 19, 6, 24], [28, 26, 24, 2, 29, 11, 20, 6], [4, 23, 17, 26, 8, 13, 21, 15], [30, 17, 7, 23, 6, 16, 2, 15], [0, 1, 16, 26, 29, 2, 30, 14], [4, 23, 31, 14, 29, 16, 6, 1], [26, 20, 27, 0, 7, 4, 23, 5], [19, 18, 0, 2, 26, 31, 14, 1], [10, 6, 31, 12, 4, 26, 28, 3], [11, 4, 5, 20, 21, 15, 22, 29], [26, 20, 16, 28, 12, 13, 22, 10], [1, 25, 3, 4, 11, 28, 21, 17], [1, 16, 31, 8, 3, 15, 13, 26], [26, 1, 0, 2, 23, 24, 4, 28], [30, 14, 6, 4, 19, 3, 24, 7], [1, 12, 18, 16, 5, 24, 0, 26], [14, 0, 10, 24, 4, 25, 23, 20], [0, 4, 24, 27, 13, 9, 23, 5], [8, 5, 7, 31, 3, 22, 26, 9], [14, 6, 22, 28, 12, 21, 0, 11], [26, 10, 30, 21, 12, 31, 1, 29], [23, 7, 8, 14, 25, 3, 30, 28], [14, 10, 2, 29, 20, 31, 17, 28], [20, 18, 26, 21, 11, 13, 29, 16], [17, 6, 11, 20, 15, 7, 1, 21], [2, 3, 4, 13, 29, 0, 9, 22], [23, 1, 16, 7, 21, 24, 27, 31], [26, 5, 22, 27, 18, 31, 13, 25], [4, 11, 24, 12, 17, 21, 8, 30], [15, 21, 23, 1, 7, 31, 16, 9], [2, 23, 30, 26, 1, 5, 20, 28], [24, 10, 12, 23, 2, 7, 6, 0], [8, 15, 3, 25, 0, 7, 18, 16], [10, 18, 7, 29, 2, 8, 25, 26], [3, 31, 1, 19, 26, 24, 10, 21], [8, 23, 30, 21, 26, 19, 15, 6], [7, 18, 3, 30, 1, 8, 15, 25], [28, 31, 24, 13, 4, 21, 19, 17], [1, 4, 11, 0, 19, 15, 18, 29], [10, 2, 17, 30, 25, 22, 3, 14], [16, 12, 29, 26, 23, 2, 5, 30], [9, 10, 6, 28, 12, 22, 11, 24], [14, 16, 7, 2, 25, 17, 30, 24], [29, 17, 10, 12, 18, 11, 6, 8], [3, 4, 12, 16, 11, 18, 8, 29], [6, 29, 23, 20, 0, 2, 17, 16], [21, 14, 25, 31, 20, 16, 10, 27], [23, 6, 14, 4, 5, 12, 11, 8]]",8,0.654585063457489,128,random,0.5,21760,4.0,124,0.7242215871810913,23,128 0 160 24,5434,0.6637514233589172,test,top_r_mean,0.0,0.0,0.25,0.375
0.023555391976444608,0.0,170,0.0,31,115.02319993451238,qasper,0.8,0.0,0.0,0.0,2004.04721:664b3eadc12c8dde309e8bbd59e9af961a433cde,mean,0.5399930386355726,0.06800738722085953,"[[10, 12, 17, 20, 25, 3, 19, 29], [17, 29, 13, 10, 20, 12, 19, 1], [31, 0, 18, 7, 20, 19, 1, 5], [27, 22, 7, 26, 4, 16, 15, 14], [11, 22, 24, 1, 28, 25, 0, 14], [23, 7, 12, 17, 22, 4, 26, 18], [19, 18, 13, 0, 24, 17, 31, 14], [2, 29, 6, 13, 20, 8, 12, 24], [11, 28, 26, 30, 12, 18, 4, 25], [7, 27, 4, 11, 17, 18, 14, 23], [11, 3, 1, 15, 31, 29, 22, 16], [5, 9, 26, 16, 22, 8, 28, 14], [17, 7, 14, 19, 23, 25, 22, 16], [24, 17, 19, 29, 20, 6, 21, 15], [28, 24, 23, 6, 16, 19, 8, 22], [14, 25, 23, 17, 31, 24, 12, 1], [31, 5, 7, 29, 15, 19, 30, 3], [18, 28, 29, 0, 10, 5, 4, 22], [15, 31, 16, 7, 6, 29, 11, 9], [17, 10, 26, 2, 28, 16, 3, 0], [13, 5, 1, 14, 18, 11, 24, 3], [17, 15, 9, 1, 11, 30, 10, 23], [20, 31, 14, 12, 24, 23, 21, 5], [7, 13, 22, 29, 17, 2, 10, 24], [27, 14, 22, 10, 2, 28, 3, 15], [17, 18, 9, 13, 12, 8, 21, 30], [14, 21, 17, 24, 30, 28, 5, 13], [16, 7, 31, 5, 26, 24, 9, 13], [25, 17, 2, 8, 30, 3, 11, 28], [11, 31, 17, 4, 19, 7, 6, 26], [22, 28, 1, 2, 6, 4, 13, 9], [9, 5, 4, 18, 31, 15, 26, 21], [15, 3, 7, 8, 0, 20, 6, 12], [6, 28, 13, 9, 5, 23, 3, 31], [15, 20, 29, 4, 12, 6, 7, 28], [19, 18, 24, 31, 14, 0, 22, 3], [20, 24, 10, 0, 2, 18, 5, 28], [21, 7, 26, 30, 2, 12, 15, 28], [19, 26, 8, 6, 13, 24, 28, 22], [10, 24, 29, 1, 16, 7, 27, 30], [30, 16, 6, 9, 27, 21, 12, 26], [11, 4, 19, 0, 29, 23, 20, 22], [12, 25, 31, 22, 27, 11, 17, 29], [18, 25, 16, 1, 6, 29, 8, 22], [18, 1, 24, 30, 16, 13, 10, 12], [17, 24, 25, 3, 20, 1, 10, 31], [2, 17, 24, 22, 9, 0, 28, 1], [7, 17, 8, 29, 31, 1, 2, 25], [20, 9, 16, 27, 25, 0, 10, 31], [28, 29, 17, 26, 1, 19, 10, 25], [27, 2, 18, 16, 29, 17, 4, 1], [4, 13, 19, 9, 29, 15, 31, 1], [7, 18, 3, 23, 1, 26, 16, 12], [19, 3, 9, 7, 1, 25, 4, 21], [8, 25, 4, 13, 3, 1, 20, 31], [20, 21, 2, 6, 5, 8, 25, 30], [30, 18, 21, 12, 16, 13, 14, 2], [18, 10, 7, 1, 6, 8, 24, 29], [12, 13, 4, 28, 21, 10, 6, 29], [22, 31, 9, 18, 14, 21, 0, 28], [27, 4, 16, 11, 18, 30, 28, 23], [18, 28, 27, 4, 7, 8, 10, 1], [26, 13, 22, 6, 8, 20, 27, 31], [4, 9, 6, 19, 21, 0, 30, 22], [5, 18, 19, 21, 7, 30, 9, 4], [7, 5, 15, 29, 0, 2, 25, 16], [5, 10, 14, 27, 13, 29, 9, 7], [29, 24, 3, 22, 25, 14, 15, 4], [22, 23, 6, 3, 16, 15, 13, 9], [2, 1, 22, 8, 21, 11, 23, 17], [20, 2, 15, 23, 13, 26, 5, 16], [26, 0, 2, 29, 6, 18, 27, 5], [2, 7, 6, 4, 12, 27, 5, 1], [28, 16, 10, 11, 18, 2, 30, 12], [6, 20, 3, 14, 11, 7, 8, 17], [7, 5, 18, 9, 14, 1, 12, 0], [25, 8, 7, 29, 13, 16, 12, 9], [28, 18, 22, 2, 9, 0, 10, 15], [18, 31, 6, 10, 4, 14, 12, 23], [24, 3, 23, 2, 22, 0, 25, 17], [14, 23, 13, 20, 27, 0, 25, 26], [5, 17, 1, 3, 27, 12, 25, 9], [24, 21, 9, 6, 27, 3, 28, 4], [26, 18, 4, 21, 24, 25, 13, 7], [28, 17, 9, 31, 21, 23, 16, 14], [20, 6, 21, 8, 26, 12, 29, 10], [28, 14, 26, 29, 24, 16, 10, 7], [4, 30, 21, 22, 12, 11, 19, 10], [24, 31, 19, 23, 4, 5, 13, 27], [11, 8, 5, 16, 17, 1, 19, 30], [0, 15, 17, 25, 2, 22, 10, 16], [6, 26, 21, 18, 14, 3, 10, 20], [11, 4, 18, 14, 21, 17, 31, 13], [20, 18, 7, 31, 8, 28, 29, 16], [8, 29, 30, 6, 18, 14, 25, 22], [11, 25, 30, 1, 6, 3, 2, 8], [27, 5, 8, 19, 21, 23, 14, 13], [30, 1, 18, 24, 14, 11, 8, 9], [13, 7, 21, 4, 12, 1, 8, 29], [19, 15, 6, 13, 27, 3, 24, 11], [13, 27, 5, 10, 9, 8, 12, 21], [27, 1, 11, 19, 29, 0, 7, 6], [1, 29, 18, 7, 30, 15, 13, 8], [31, 26, 29, 20, 17, 5, 30, 24], [1, 26, 28, 0, 6, 15, 13, 5], [15, 25, 1, 2, 23, 20, 28, 0], [6, 5, 16, 4, 11, 2, 21, 7], [12, 5, 8, 26, 25, 4, 27, 28], [5, 14, 25, 7, 27, 30, 28, 10], [16, 26, 17, 14, 21, 22, 9, 0], [22, 21, 24, 18, 13, 29, 0, 15], [27, 1, 3, 11, 17, 2, 13, 0], [21, 1, 31, 10, 24, 9, 3, 26], [18, 30, 1, 23, 16, 0, 4, 6], [14, 16, 26, 10, 7, 17, 4, 9], [17, 28, 25, 31, 0, 13, 22, 2], [12, 18, 28, 30, 20, 17, 1, 24], [20, 23, 30, 10, 19, 22, 26, 11], [9, 28, 13, 3, 20, 31, 5, 23], [15, 22, 11, 12, 3, 30, 17, 18], [29, 26, 25, 3, 18, 7, 21, 24], [2, 19, 3, 30, 31, 15, 20, 5], [16, 25, 24, 10, 21, 17, 12, 29], [14, 17, 6, 0, 2, 21, 18, 16], [17, 21, 24, 2, 4, 13, 23, 30], [4, 23, 14, 18, 27, 13, 21, 0], [8, 23, 6, 15, 3, 5, 10, 24], [15, 14, 2, 17, 19, 28, 8, 0], [18, 17, 8, 22, 12, 6, 28, 9], [14, 11, 1, 29, 26, 13, 5, 24], [20, 24, 7, 11, 16, 25, 3, 31], [17, 4, 15, 5, 26, 9, 18, 23], [25, 29, 13, 19, 27, 28, 3, 5], [8, 29, 21, 15, 0, 5, 11, 20], [30, 18, 31, 29, 17, 14, 0, 19], [7, 2, 9, 15, 12, 0, 18, 19], [22, 14, 9, 21, 4, 2, 26, 13], [12, 0, 29, 22, 30, 21, 5, 16], [0, 26, 27, 6, 21, 29, 22, 3], [23, 3, 4, 27, 30, 10, 24, 8], [7, 0, 23, 24, 6, 19, 22, 10], [10, 14, 25, 0, 15, 7, 31, 29], [16, 20, 26, 24, 19, 1, 8, 3], [25, 22, 6, 13, 10, 18, 17, 26], [28, 31, 13, 4, 18, 23, 8, 21], [13, 3, 19, 1, 2, 14, 6, 7], [9, 29, 17, 2, 25, 11, 1, 20], [31, 4, 16, 29, 12, 23, 10, 21], [26, 25, 24, 10, 2, 13, 29, 21], [1, 31, 23, 2, 10, 13, 26, 4], [4, 25, 2, 0, 13, 3, 31, 28], [16, 22, 7, 10, 9, 3, 28, 14], [5, 30, 15, 25, 24, 9, 11, 6], [16, 24, 14, 1, 29, 11, 0, 10], [14, 24, 21, 4, 11, 7, 25, 29], [2, 19, 13, 16, 28, 9, 12, 17], [30, 14, 12, 3, 13, 9, 4, 25], [13, 27, 19, 5, 18, 1, 12, 26], [27, 23, 31, 28, 16, 22, 11, 0], [11, 28, 21, 24, 8, 12, 29, 26], [24, 0, 21, 8, 19, 7, 25, 10], [23, 25, 28, 26, 30, 1, 7, 27], [13, 11, 27, 1, 30, 2, 14, 4], [12, 11, 22, 6, 5, 14, 31, 23], [31, 3, 15, 21, 2, 28, 7, 26], [22, 20, 8, 13, 4, 17, 5, 27], [13, 31, 19, 23, 27, 14, 10, 29], [18, 11, 1, 8, 13, 22, 20, 10], [24, 27, 22, 8, 2, 18, 15, 20], [19, 11, 9, 6, 2, 12, 20, 18]]",8,0.6397039294242859,128,random,0.0,21760,4.0,124,0.7086886167526245,37,32 80 104 48,5434,0.7234408855438232,test,top_r_mean,0.0,0.5,0.5,0.375
0.023555391976444608,0.0,170,0.0,31,134.78359999135137,qasper,0.8,0.0,0.0,0.0,2004.04721:664b3eadc12c8dde309e8bbd59e9af961a433cde,mean,0.5000348068221372,0.07042014598846436,"[[30, 6, 24, 13, 18, 20, 15, 2], [12, 28, 5, 27, 15, 22, 23, 31], [27, 12, 10, 5, 9, 26, 14, 31], [6, 0, 19, 24, 12, 10, 27, 30], [30, 20, 19, 13, 25, 6, 16, 1], [6, 16, 2, 12, 29, 15, 5, 8], [0, 10, 30, 31, 1, 3, 25, 5], [23, 12, 3, 20, 18, 9, 5, 24], [16, 15, 31, 3, 25, 14, 9, 30], [26, 17, 30, 27, 23, 29, 4, 9], [27, 7, 16, 6, 9, 29, 0, 11], [20, 6, 4, 18, 7, 31, 17, 27], [14, 31, 6, 19, 10, 12, 11, 28], [22, 2, 17, 31, 16, 12, 8, 13], [29, 19, 10, 24, 5, 14, 27, 22], [17, 25, 15, 20, 21, 8, 0, 26], [16, 30, 20, 29, 31, 0, 14, 11], [29, 8, 0, 25, 17, 24, 9, 15], [28, 18, 25, 23, 12, 0, 4, 26], [16, 1, 0, 29, 5, 28, 23, 6], [16, 0, 15, 14, 17, 11, 21, 30], [6, 18, 7, 11, 5, 17, 25, 31], [29, 9, 30, 19, 3, 6, 23, 7], [22, 13, 4, 21, 6, 16, 8, 5], [21, 16, 7, 12, 30, 3, 23, 26], [10, 28, 15, 8, 21, 11, 7, 20], [18, 12, 19, 20, 2, 29, 14, 8], [20, 16, 3, 2, 10, 0, 19, 26], [21, 26, 12, 1, 7, 30, 28, 11], [1, 21, 25, 12, 10, 20, 9, 7], [14, 29, 25, 16, 24, 2, 20, 11], [9, 14, 23, 7, 8, 0, 2, 1], [23, 31, 30, 19, 6, 0, 1, 3], [10, 26, 15, 14, 19, 27, 4, 23], [25, 23, 2, 24, 1, 31, 18, 3], [7, 30, 29, 22, 9, 10, 20, 1], [9, 20, 23, 1, 3, 0, 11, 22], [22, 4, 10, 12, 24, 30, 3, 14], [20, 27, 29, 28, 16, 4, 23, 8], [31, 11, 10, 8, 25, 4, 24, 22], [6, 5, 14, 16, 30, 8, 25, 4], [17, 11, 13, 7, 31, 20, 15, 30], [26, 13, 29, 3, 14, 19, 4, 18], [10, 17, 23, 20, 19, 0, 7, 24], [2, 18, 0, 3, 17, 1, 7, 23], [21, 17, 9, 7, 6, 22, 0, 29], [16, 22, 5, 30, 25, 10, 9, 12], [31, 22, 9, 6, 15, 16, 29, 4], [8, 12, 14, 28, 26, 10, 11, 6], [29, 10, 21, 2, 24, 6, 12, 19], [31, 2, 28, 1, 17, 18, 4, 16], [1, 9, 12, 7, 18, 3, 2, 29], [23, 30, 16, 10, 27, 25, 31, 8], [5, 13, 31, 15, 16, 1, 11, 9], [2, 18, 21, 4, 29, 30, 15, 25], [18, 29, 10, 25, 3, 8, 26, 22], [30, 2, 1, 17, 13, 23, 9, 20], [10, 20, 14, 6, 9, 30, 27, 23], [7, 13, 0, 11, 24, 19, 9, 20], [24, 7, 19, 12, 1, 10, 22, 18], [20, 2, 7, 3, 13, 22, 18, 26], [11, 25, 26, 16, 27, 14, 30, 21], [29, 1, 12, 17, 10, 4, 31, 27], [12, 10, 31, 28, 16, 30, 11, 27], [8, 28, 21, 9, 5, 12, 2, 4], [27, 28, 13, 5, 1, 26, 2, 19], [5, 14, 8, 17, 6, 7, 25, 4], [26, 27, 14, 7, 9, 11, 29, 18], [14, 17, 8, 22, 9, 0, 3, 19], [30, 13, 29, 7, 1, 26, 23, 15], [7, 4, 17, 1, 13, 11, 30, 2], [7, 10, 2, 14, 26, 3, 21, 28], [28, 11, 14, 21, 3, 6, 29, 25], [4, 15, 24, 20, 18, 28, 26, 22], [25, 24, 28, 31, 6, 15, 19, 30], [19, 30, 31, 18, 13, 26, 0, 25], [12, 11, 17, 22, 14, 9, 13, 28], [21, 20, 7, 10, 8, 12, 1, 16], [4, 30, 12, 2, 8, 9, 11, 18], [6, 20, 0, 2, 3, 14, 16, 9], [21, 2, 30, 8, 24, 11, 20, 22], [23, 10, 16, 25, 9, 27, 20, 24], [25, 20, 22, 5, 11, 1, 3, 31], [2, 30, 1, 16, 11, 17, 27, 18], [28, 23, 16, 9, 1, 25, 11, 14], [6, 11, 17, 5, 23, 9, 30, 15], [13, 9, 22, 11, 26, 7, 2, 27], [28, 18, 0, 16, 17, 11, 29, 14], [2, 21, 26, 18, 25, 31, 28, 10], [23, 27, 12, 21, 6, 17, 22, 8], [1, 23, 7, 25, 19, 11, 29, 22], [25, 6, 3, 18, 16, 20, 29, 22], [16, 18, 22, 15, 9, 12, 11, 5], [6, 9, 15, 5, 21, 19, 7, 24], [8, 2, 0, 9, 12, 16, 19, 30], [3, 20, 16, 17, 14, 25, 4, 31], [18, 4, 23, 30, 0, 14, 1, 9], [24, 25, 1, 4, 2, 29, 20, 6], [29, 18, 28, 7, 26, 4, 27, 6], [7, 6, 0, 26, 31, 5, 10, 23], [23, 30, 26, 20, 27, 25, 16, 14], [9, 3, 20, 6, 14, 8, 19, 16], [24, 27, 6, 3, 7, 23, 5, 31], [25, 9, 3, 19, 4, 12, 30, 26], [11, 7, 29, 10, 25, 12, 24, 20], [7, 16, 18, 17, 28, 11, 22, 10], [9, 25, 6, 1, 30, 14, 28, 2], [23, 1, 17, 26, 18, 0, 6, 21], [7, 8, 14, 2, 3, 16, 28, 15], [15, 1, 11, 25, 8, 9, 21, 7], [20, 18, 5, 9, 8, 2, 13, 6], [24, 1, 7, 14, 13, 3, 29, 21], [15, 17, 22, 31, 9, 2, 0, 4], [16, 13, 29, 2, 10, 12, 4, 1], [2, 12, 9, 25, 7, 24, 3, 31], [29, 20, 3, 1, 18, 15, 19, 0], [12, 7, 21, 2, 25, 0, 5, 20], [31, 29, 13, 27, 28, 3, 8, 19], [21, 26, 7, 24, 6, 11, 13, 10], [2, 17, 10, 18, 25, 28, 3, 27], [28, 12, 0, 21, 10, 23, 31, 17], [26, 9, 28, 31, 0, 18, 23, 10], [2, 11, 10, 4, 16, 8, 14, 9], [13, 22, 5, 27, 31, 10, 3, 25], [12, 1, 4, 19, 13, 3, 5, 23], [13, 0, 15, 2, 26, 11, 14, 31], [28, 15, 2, 22, 9, 4, 12, 31], [19, 26, 10, 2, 7, 24, 13, 31], [27, 13, 23, 29, 16, 18, 7, 26], [19, 21, 7, 23, 22, 27, 31, 17], [15, 23, 11, 21, 13, 27, 9, 24], [27, 17, 19, 24, 23, 21, 26, 30], [13, 29, 28, 25, 14, 16, 6, 20], [26, 30, 6, 29, 10, 25, 15, 14], [13, 27, 8, 21, 0, 25, 11, 26], [26, 3, 1, 17, 10, 22, 8, 28], [27, 14, 22, 31, 10, 3, 19, 8], [13, 19, 16, 12, 2, 30, 23, 11], [11, 24, 2, 6, 4, 10, 0, 15], [29, 9, 22, 18, 28, 30, 1, 7], [6, 22, 8, 30, 23, 17, 21, 1], [15, 31, 22, 20, 14, 16, 8, 2], [5, 3, 26, 0, 4, 28, 16, 19], [5, 9, 21, 30, 13, 27, 11, 7], [25, 14, 22, 30, 7, 19, 12, 20], [13, 7, 1, 11, 26, 15, 5, 21], [4, 1, 17, 15, 16, 25, 19, 3], [31, 1, 3, 26, 7, 4, 19, 22], [5, 17, 21, 19, 24, 1, 14, 8], [20, 7, 3, 22, 16, 5, 11, 18], [24, 28, 31, 20, 18, 15, 1, 16], [30, 13, 12, 14, 1, 10, 15, 17], [20, 5, 1, 25, 8, 16, 2, 23], [13, 5, 14, 26, 27, 25, 0, 1], [17, 10, 19, 2, 27, 14, 11, 9], [16, 31, 19, 5, 23, 18, 12, 20], [23, 4, 21, 7, 31, 24, 22, 27], [14, 10, 2, 25, 12, 21, 18, 16], [5, 11, 18, 8, 25, 13, 14, 3], [6, 1, 5, 7, 23, 29, 17, 4], [21, 1, 16, 18, 19, 10, 17, 4], [0, 10, 26, 30, 1, 4, 22, 24], [13, 7, 28, 9, 20, 17, 18, 22], [30, 0, 14, 9, 17, 3, 29, 19], [6, 17, 30, 3, 31, 25, 11, 2], [13, 10, 28, 8, 16, 14, 0, 5], [14, 10, 28, 11, 16, 12, 20, 4], [5, 14, 3, 29, 21, 1, 19, 15], [24, 15, 18, 28, 25, 23, 26, 1], [1, 23, 13, 12, 9, 24, 0, 21]]",8,0.6477185487747192,128,random,0.0,21760,4.0,124,0.7165326476097107,53,32 96 112 120,5434,0.6766384840011597,test,top_r_mean,0.0,0.0,0.25,0.25
0.023555391976444608,0.0,170,0.0,31,112.92449990287423,qasper,0.8,0.0,0.0,0.0,2004.04721:664b3eadc12c8dde309e8bbd59e9af961a433cde,mean,0.5388792203271842,0.07298000901937485,"[[13, 30, 9, 24, 3, 22, 31, 15], [1, 12, 3, 16, 6, 24, 31, 8], [20, 26, 31, 8, 22, 1, 30, 15], [25, 17, 21, 29, 28, 18, 9, 8], [30, 7, 11, 6, 10, 2, 26, 29], [19, 4, 10, 23, 6, 14, 3, 18], [30, 17, 1, 6, 23, 26, 11, 10], [25, 21, 27, 30, 29, 17, 9, 0], [0, 8, 1, 17, 28, 9, 12, 21], [27, 14, 2, 6, 26, 21, 7, 20], [29, 8, 5, 10, 0, 1, 19, 31], [4, 5, 23, 19, 11, 16, 12, 1], [7, 1, 19, 28, 8, 30, 17, 29], [4, 23, 12, 30, 28, 5, 13, 6], [25, 29, 7, 11, 6, 31, 3, 15], [5, 10, 13, 11, 12, 26, 7, 19], [13, 12, 8, 21, 23, 16, 18, 11], [5, 22, 1, 4, 30, 24, 14, 16], [30, 3, 17, 11, 10, 7, 19, 14], [10, 4, 29, 25, 21, 15, 27, 8], [5, 2, 17, 26, 4, 15, 19, 14], [6, 26, 20, 12, 14, 24, 27, 5], [7, 9, 14, 1, 25, 3, 21, 15], [24, 1, 6, 17, 18, 28, 12, 15], [15, 24, 2, 7, 22, 21, 27, 17], [11, 12, 21, 20, 7, 17, 24, 19], [9, 8, 21, 15, 1, 2, 18, 29], [31, 26, 22, 1, 4, 27, 30, 28], [4, 0, 24, 13, 21, 8, 17, 10], [26, 9, 1, 29, 3, 17, 24, 23], [14, 23, 6, 0, 16, 3, 4, 12], [17, 9, 23, 8, 28, 1, 21, 15], [13, 28, 22, 19, 30, 7, 5, 14], [10, 13, 2, 0, 19, 14, 3, 18], [15, 1, 13, 8, 4, 24, 10, 16], [5, 16, 17, 19, 10, 14, 2, 8], [4, 25, 26, 1, 17, 0, 22, 28], [17, 21, 4, 16, 8, 12, 28, 13], [10, 19, 29, 28, 17, 1, 22, 5], [13, 26, 18, 19, 11, 25, 16, 10], [23, 12, 14, 15, 1, 6, 18, 22], [29, 1, 22, 4, 10, 11, 8, 24], [22, 8, 28, 0, 5, 14, 24, 16], [3, 15, 25, 24, 20, 14, 1, 11], [5, 0, 13, 10, 20, 31, 9, 18], [14, 8, 4, 25, 27, 3, 0, 13], [7, 13, 26, 31, 10, 22, 3, 14], [18, 12, 22, 25, 8, 19, 0, 1], [6, 12, 26, 27, 9, 31, 0, 4], [13, 3, 0, 18, 22, 21, 9, 6], [23, 7, 4, 28, 5, 30, 24, 15], [17, 10, 18, 30, 4, 1, 21, 9], [7, 18, 27, 25, 30, 12, 21, 22], [8, 16, 17, 18, 6, 7, 0, 4], [29, 10, 16, 2, 23, 9, 19, 1], [23, 3, 20, 2, 6, 29, 0, 24], [7, 28, 0, 29, 26, 2, 12, 13], [4, 29, 12, 16, 22, 0, 18, 15], [21, 2, 9, 28, 14, 7, 30, 10], [30, 1, 3, 31, 20, 10, 23, 0], [26, 10, 1, 21, 28, 25, 31, 7], [4, 24, 9, 18, 26, 5, 0, 23], [5, 26, 23, 1, 4, 10, 9, 14], [23, 8, 12, 11, 2, 6, 18, 14], [29, 23, 12, 18, 24, 7, 26, 4], [30, 0, 23, 13, 22, 7, 28, 29], [9, 14, 15, 17, 13, 31, 30, 28], [14, 21, 24, 29, 8, 11, 4, 22], [4, 21, 8, 5, 19, 16, 2, 17], [15, 2, 3, 4, 9, 30, 0, 22], [8, 28, 11, 24, 16, 15, 1, 29], [27, 5, 2, 31, 6, 23, 14, 13], [29, 4, 21, 28, 15, 31, 16, 25], [29, 26, 23, 14, 27, 9, 4, 16], [5, 15, 0, 26, 24, 11, 9, 28], [1, 4, 7, 8, 9, 5, 31, 26], [25, 10, 26, 18, 12, 20, 19, 16], [26, 30, 16, 6, 10, 23, 31, 14], [20, 9, 15, 17, 6, 7, 16, 11], [18, 9, 8, 28, 5, 14, 3, 21], [16, 31, 21, 27, 4, 17, 22, 24], [25, 29, 20, 2, 13, 15, 3, 1], [0, 7, 2, 3, 28, 11, 1, 4], [11, 5, 8, 22, 27, 12, 2, 31], [9, 12, 27, 0, 1, 3, 23, 16], [12, 26, 0, 22, 6, 13, 20, 27], [2, 26, 15, 7, 13, 27, 25, 24], [29, 15, 13, 31, 24, 5, 4, 14], [30, 22, 18, 15, 27, 5, 21, 4], [18, 10, 22, 28, 12, 21, 1, 25], [2, 13, 4, 7, 22, 26, 14, 19], [23, 27, 18, 16, 22, 3, 25, 5], [16, 17, 6, 3, 21, 1, 31, 20], [5, 18, 20, 7, 22, 14, 0, 4], [25, 5, 12, 1, 26, 27, 13, 0], [20, 24, 30, 21, 22, 2, 15, 12], [14, 20, 1, 3, 24, 2, 15, 25], [0, 23, 3, 20, 12, 4, 1, 28], [6, 10, 14, 15, 4, 5, 11, 19], [31, 15, 12, 26, 24, 4, 3, 11], [5, 0, 16, 8, 20, 19, 17, 30], [24, 28, 20, 29, 31, 17, 5, 9], [24, 20, 28, 1, 19, 31, 25, 29], [15, 31, 12, 25, 24, 2, 26, 18], [28, 17, 4, 31, 22, 8, 19, 11], [21, 4, 19, 9, 5, 10, 22, 27], [25, 26, 16, 12, 2, 9, 5, 27], [5, 14, 1, 8, 15, 23, 6, 2], [1, 7, 0, 29, 5, 12, 15, 27], [8, 6, 26, 13, 19, 9, 22, 31], [15, 21, 8, 27, 23, 0, 17, 1], [30, 13, 4, 11, 18, 8, 15, 17], [0, 17, 23, 31, 15, 13, 6, 2], [21, 30, 11, 12, 2, 22, 20, 27], [10, 6, 21, 7, 13, 3, 1, 19], [9, 25, 24, 29, 30, 26, 23, 18], [26, 7, 4, 18, 3, 27, 6, 5], [5, 19, 30, 3, 6, 4, 9, 20], [23, 4, 26, 12, 19, 22, 1, 21], [23, 25, 30, 6, 7, 27, 20, 31], [31, 19, 13, 8, 11, 0, 20, 21], [20, 31, 4, 8, 7, 18, 9, 27], [11, 24, 10, 17, 9, 12, 29, 21], [8, 19, 20, 26, 13, 15, 10, 2], [24, 0, 4, 8, 22, 13, 21, 23], [26, 23, 11, 15, 30, 17, 3, 12], [3, 28, 10, 31, 18, 0, 6, 16], [13, 31, 5, 30, 2, 21, 28, 26], [24, 27, 31, 4, 28, 29, 16, 22], [4, 0, 18, 17, 22, 5, 8, 3], [4, 11, 15, 26, 16, 9, 0, 21], [18, 2, 0, 25, 14, 7, 8, 13], [20, 11, 26, 22, 0, 13, 24, 8], [29, 26, 8, 21, 27, 14, 13, 4], [18, 27, 19, 6, 8, 4, 15, 1], [25, 28, 10, 5, 27, 29, 9, 21], [16, 26, 31, 19, 23, 9, 29, 13], [30, 8, 22, 18, 2, 3, 29, 28], [20, 15, 19, 5, 18, 2, 21, 27], [1, 12, 5, 26, 8, 16, 15, 29], [25, 22, 17, 4, 7, 19, 26, 2], [27, 31, 18, 21, 1, 2, 0, 11], [28, 24, 26, 7, 13, 1, 19, 18], [30, 10, 19, 24, 3, 20, 11, 0], [22, 14, 23, 31, 28, 10, 20, 6], [12, 1, 27, 26, 14, 5, 28, 21], [9, 21, 5, 28, 11, 26, 16, 19], [18, 11, 22, 2, 20, 26, 8, 13], [10, 23, 28, 21, 2, 24, 31, 27], [3, 9, 20, 7, 29, 17, 28, 16], [0, 3, 27, 26, 6, 17, 30, 7], [11, 28, 29, 21, 24, 4, 3, 25], [14, 30, 19, 27, 18, 5, 0, 13], [19, 5, 25, 24, 16, 27, 3, 15], [23, 16, 31, 6, 13, 1, 22, 24], [31, 13, 17, 8, 21, 29, 10, 4], [14, 12, 26, 6, 13, 30, 0, 15], [16, 21, 25, 23, 2, 29, 0, 18], [0, 3, 13, 6, 18, 17, 27, 21], [28, 21, 2, 16, 20, 26, 18, 27], [22, 6, 31, 13, 5, 0, 26, 24], [7, 20, 18, 22, 23, 16, 6, 21], [20, 18, 23, 9, 22, 13, 15, 6], [26, 3, 0, 18, 17, 2, 12, 13], [3, 12, 19, 10, 13, 31, 22, 7], [25, 7, 13, 5, 18, 22, 2, 30], [0, 1, 12, 29, 22, 14, 16, 25], [9, 24, 17, 31, 12, 15, 5, 25], [23, 18, 3, 10, 2, 9, 27, 1], [12, 16, 17, 0, 19, 25, 15, 10]]",8,0.6251496076583862,128,random,0.0,21760,4.0,124,0.6986693739891052,71,152 112 56 160,5434,0.7037316560745239,test,top_r_mean,0.0,0.0,0.0,0.25
0.10517666392769104,1.0,39,0.0,31,24.109200108796358,hotpotqa,1.3195876288659794,0.25,0.25,0.0,5adc3aff5542996e685252eb,mean,0.3576248313090418,1.1821074485778809,"[[0], [0], [2], [6], [1], [11], [3], [1], [0], [4], [1], [0], [0], [1], [1], [0], [0], [8], [0], [1], [0], [0], [3], [10], [0], [0], [0], [1], [7], [0], [1], [0], [0], [0], [1], [2], [1], [1], [0]]",1,1.0916216373443604,128,learned,0.5,624,4.0,124,1.2911449670791626,11,24 16 0 32,1217,0.5004048943519592,test,top_r_mean,0.0,0.5,1.0,0.75
0.10517666392769104,1.0,39,0.0,31,29.50740000233054,hotpotqa,1.3195876288659794,0.25,0.25,0.0,5adc3aff5542996e685252eb,mean,0.398110661268556,1.2129637002944946,"[[0], [0], [2], [6], [1], [16], [3], [1], [0], [4], [1], [0], [0], [1], [1], [0], [0], [8], [0], [0], [0], [0], [3], [10], [0], [0], [0], [1], [7], [0], [0], [0], [0], [0], [1], [2], [1], [1], [0]]",1,1.1372246742248535,128,learned,0.5,624,4.0,124,1.3247212171554565,23,24 16 0 32,1217,0.5380566120147705,test,top_r_mean,0.0,0.5,1.0,0.75
0.10517666392769104,1.0,39,0.0,31,26.460800087079406,hotpotqa,1.3195876288659794,0.25,0.25,0.0,5adc3aff5542996e685252eb,mean,0.40350877192982454,1.2219239473342896,"[[0], [0], [2], [5], [1], [4], [3], [1], [0], [4], [1], [0], [0], [1], [1], [0], [0], [8], [0], [0], [0], [0], [3], [10], [0], [0], [0], [1], [7], [0], [0], [0], [0], [0], [1], [2], [1], [1], [0]]",1,1.1500142812728882,128,learned,0.5,624,4.0,124,1.3306649923324585,37,24 16 0 32,1217,0.5378541946411133,test,top_r_mean,0.0,0.5,1.0,0.75
0.10517666392769104,1.0,39,0.0,31,23.259100038558245,hotpotqa,1.3195876288659794,0.25,0.25,0.0,5adc3aff5542996e685252eb,mean,0.4008097165991903,1.231175422668457,"[[0], [0], [2], [5], [1], [4], [3], [1], [0], [4], [1], [0], [0], [1], [1], [0], [0], [8], [0], [0], [0], [0], [3], [8], [0], [0], [0], [1], [7], [0], [0], [0], [0], [0], [1], [2], [1], [1], [0]]",1,1.1606298685073853,128,learned,0.5,624,4.0,124,1.3450347185134888,53,24 16 0 32,1217,0.5297570824623108,test,top_r_mean,0.0,0.5,1.0,0.75
0.10517666392769104,1.0,39,0.0,31,26.247399859130383,hotpotqa,1.3195876288659794,0.25,0.25,0.0,5adc3aff5542996e685252eb,mean,0.3765182186234818,1.201108455657959,"[[0], [1], [2], [5], [1], [12], [3], [1], [0], [4], [1], [0], [0], [1], [1], [0], [0], [8], [0], [0], [0], [0], [3], [10], [0], [0], [0], [1], [7], [0], [1], [0], [0], [0], [1], [2], [1], [1], [0]]",1,1.1181749105453491,128,learned,0.5,624,4.0,124,1.307589054107666,71,24 16 0 32,1217,0.5060728788375854,test,top_r_mean,0.0,0.5,1.0,0.75
0.10517666392769104,1.0,39,0.0,31,24.78450001217425,hotpotqa,1.3195876288659794,0.25,0.25,0.0,5adc3aff5542996e685252eb,mean,0.3549257759784076,0.23043116927146912,"[[0, 1], [0, 1], [2, 6], [6, 22], [1, 3], [11, 21], [3, 6], [1, 2], [0, 1], [4, 5], [1, 2], [0, 1], [0, 4], [1, 2], [1, 2], [0, 2], [0, 2], [8, 9], [0, 5], [1, 2], [0, 2], [0, 1], [3, 8], [10, 11], [0, 1], [0, 1], [0, 2], [1, 2], [7, 8], [0, 2], [1, 9], [0, 1], [0, 1], [0, 7], [1, 5], [2, 4], [1, 2], [1, 5], [0]]",2,0.8732496500015259,128,learned,1.0,1248,4.0,124,0.9568702578544617,11,16 0 32 24,1217,0.4886639714241028,test,top_r_mean,1.0,1.0,1.0,0.75
0.10517666392769104,1.0,39,0.0,31,24.190499912947416,hotpotqa,1.3195876288659794,0.25,0.25,0.0,5adc3aff5542996e685252eb,mean,0.3522267206477733,0.2401856780052185,"[[0, 1], [0, 1], [2, 6], [6, 22], [1, 3], [16, 25], [3, 6], [1, 2], [0, 1], [4, 5], [1, 2], [0, 1], [0, 4], [1, 2], [1, 2], [0, 3], [0, 2], [8, 9], [0, 5], [0, 1], [0, 2], [0, 1], [3, 8], [10, 11], [0, 1], [0, 1], [0, 2], [1, 2], [7, 8], [0, 3], [0, 1], [0, 1], [0, 1], [0, 4], [1, 5], [2, 4], [1, 2], [1, 5], [0]]",2,0.8929983377456665,128,learned,1.0,1248,4.0,124,0.9859647750854492,23,16 0 32 24,1217,0.4815789461135864,test,top_r_mean,1.0,1.0,1.0,0.75
0.10517666392769104,1.0,39,0.0,31,21.848100004717708,hotpotqa,1.3195876288659794,0.25,0.25,0.0,5adc3aff5542996e685252eb,mean,0.3549257759784076,0.23072870075702667,"[[0, 1], [0, 1], [2, 6], [5, 6], [1, 3], [4, 11], [3, 6], [1, 2], [0, 1], [4, 5], [1, 2], [0, 1], [0, 4], [1, 2], [1, 2], [0, 2], [0, 2], [8, 9], [0, 5], [0, 1], [0, 2], [0, 1], [3, 8], [10, 11], [0, 1], [0, 1], [0, 2], [1, 2], [7, 8], [0, 2], [0, 1], [0, 1], [0, 1], [0, 1], [1, 5], [2, 4], [1, 2], [1, 5], [0]]",2,0.8733223080635071,128,learned,1.0,1248,4.0,124,0.9577748775482178,37,16 0 32 24,1217,0.47429147362709045,test,top_r_mean,1.0,1.0,1.0,0.75
0.10517666392769104,1.0,39,0.0,31,22.633400047197938,hotpotqa,1.3195876288659794,0.25,0.25,0.0,5adc3aff5542996e685252eb,mean,0.3549257759784076,0.22671151161193848,"[[0, 1], [0, 1], [2, 6], [5, 6], [1, 3], [4, 21], [3, 6], [1, 2], [0, 1], [4, 5], [1, 2], [0, 1], [0, 4], [1, 2], [1, 2], [0, 2], [0, 1], [8, 9], [0, 5], [0, 1], [0, 2], [0, 1], [3, 8], [8, 10], [0, 1], [0, 1], [0, 2], [1, 2], [7, 8], [0, 2], [0, 1], [0, 1], [0, 1], [0, 1], [1, 5], [2, 4], [1, 2], [1, 5], [0]]",2,0.8906548619270325,128,learned,0.25,1248,4.0,124,0.9904313683509827,53,0 32 24 16,1217,0.49311742186546326,test,top_r_mean,0.0,0.5,1.0,0.75
0.10517666392769104,1.0,39,0.0,31,25.641700020059943,hotpotqa,1.3195876288659794,0.25,0.25,0.0,5adc3aff5542996e685252eb,mean,0.3792172739541161,0.2338184416294098,"[[0, 1], [1, 2], [2, 6], [5, 6], [1, 3], [12, 21], [3, 6], [1, 2], [0, 1], [4, 5], [1, 2], [0, 1], [0, 4], [1, 2], [1, 2], [0, 2], [0, 2], [8, 9], [0, 5], [0, 1], [0, 2], [0, 1], [3, 8], [10, 11], [0, 1], [0, 1], [0, 2], [1, 2], [7, 8], [0, 2], [1, 9], [0, 1], [0, 1], [0, 4], [1, 5], [2, 4], [1, 2], [1, 5], [0]]",2,0.8872992992401123,128,learned,1.0,1248,4.0,124,0.9686561822891235,71,16 0 32 24,1217,0.5125505924224854,test,top_r_mean,1.0,1.0,1.0,0.75
0.10517666392769104,1.0,39,0.0,31,22.92050002142787,hotpotqa,1.3195876288659794,0.25,0.25,0.0,5adc3aff5542996e685252eb,mean,0.5330634278002699,0.03383839875459671,"[[0, 1, 5, 6], [0, 1, 2, 3], [2, 6, 11, 12], [6, 22, 24, 25], [1, 3, 4, 5], [11, 21, 25, 27], [3, 6, 7, 8], [1, 2, 7, 9], [0, 1, 2, 3], [4, 5, 6, 7], [1, 2, 6, 10], [0, 1, 11, 12], [0, 4, 5, 6], [1, 2, 5, 9], [1, 2, 13, 16], [0, 2, 3, 4], [0, 2, 3, 4], [8, 9, 10, 12], [0, 5, 6, 7], [1, 2, 6, 11], [0, 2, 3, 6], [0, 1, 8, 18], [3, 8, 9, 10], [10, 11, 12, 16], [0, 1, 2, 4], [0, 1, 9, 10], [0, 2, 3, 7], [1, 2, 3, 8], [7, 8, 9, 17], [0, 2, 3, 7], [1, 9, 13, 15], [0, 1, 2, 10], [0, 1, 7, 14], [0, 7, 8, 13], [1, 5, 6, 7], [2, 4, 6, 7], [1, 2, 3, 9], [1, 5, 6, 8], [0]]",4,0.8904247879981995,128,learned,1.0,2496,4.0,124,0.9357297420501709,11,16 0 24 32,1217,0.6973684430122375,test,top_r_mean,1.0,1.0,1.0,0.75
0.10517666392769104,1.0,39,0.0,31,23.81990011781454,hotpotqa,1.3195876288659794,0.25,0.25,0.0,5adc3aff5542996e685252eb,mean,0.38461538461538464,0.04619187116622925,"[[0, 1, 5, 6], [0, 1, 3, 6], [2, 6, 11, 12], [6, 22, 24, 25], [1, 3, 4, 5], [16, 25, 26, 27], [3, 6, 7, 8], [1, 2, 7, 9], [0, 1, 2, 8], [4, 5, 6, 7], [1, 2, 6, 10], [0, 1, 11, 12], [0, 4, 5, 6], [1, 2, 5, 9], [1, 2, 10, 16], [0, 3, 4, 11], [0, 2, 3, 4], [8, 9, 10, 12], [0, 5, 6, 7], [0, 1, 2, 6], [0, 2, 3, 6], [0, 1, 7, 17], [3, 8, 9, 10], [10, 11, 12, 16], [0, 1, 2, 4], [0, 1, 7, 8], [0, 2, 3, 7], [1, 2, 3, 8], [7, 8, 9, 21], [0, 3, 4, 7], [0, 1, 9, 13], [0, 1, 2, 10], [0, 1, 7, 14], [0, 4, 5, 6], [1, 5, 6, 7], [2, 4, 6, 8], [1, 2, 3, 9], [1, 5, 6, 8], [0]]",4,0.9179696440696716,128,learned,1.0,2496,4.0,124,0.9765623807907104,23,16 0 24 32,1217,0.5153846144676208,test,top_r_mean,1.0,1.0,1.0,0.75
0.10517666392769104,1.0,39,0.0,31,23.851499892771244,hotpotqa,1.3195876288659794,0.25,0.25,0.0,5adc3aff5542996e685252eb,mean,0.4089068825910931,0.04485970735549927,"[[0, 1, 5, 6], [0, 1, 2, 3], [2, 6, 11, 12], [5, 6, 22, 24], [1, 3, 4, 5], [4, 11, 21, 25], [3, 6, 7, 8], [1, 2, 7, 9], [0, 1, 2, 3], [4, 5, 6, 7], [1, 2, 6, 10], [0, 1, 11, 12], [0, 4, 5, 6], [1, 2, 5, 9], [1, 2, 8, 10], [0, 2, 3, 4], [0, 2, 3, 4], [8, 9, 10, 12], [0, 5, 6, 7], [0, 1, 2, 6], [0, 2, 3, 6], [0, 1, 7, 8], [3, 8, 9, 10], [10, 11, 12, 16], [0, 1, 2, 4], [0, 1, 7, 8], [0, 2, 3, 7], [1, 2, 3, 8], [7, 8, 9, 17], [0, 2, 3, 4], [0, 1, 6, 13], [0, 1, 2, 10], [0, 1, 7, 14], [0, 1, 4, 5], [1, 5, 6, 7], [2, 4, 6, 7], [1, 2, 3, 9], [1, 5, 6, 8], [0]]",4,0.9336312413215637,128,learned,1.0,2496,4.0,124,0.9882951378822327,37,16 0 24 32,1217,0.5392712354660034,test,top_r_mean,1.0,1.0,1.0,0.75
0.10517666392769104,1.0,39,0.0,31,27.521299896761775,hotpotqa,1.3195876288659794,0.25,0.25,0.0,5adc3aff5542996e685252eb,mean,0.4601889338731444,0.042363591492176056,"[[0, 1, 5, 6], [0, 1, 2, 3], [2, 6, 11, 12], [5, 6, 22, 24], [1, 3, 4, 5], [4, 21, 25, 27], [3, 6, 7, 8], [1, 2, 7, 9], [0, 1, 2, 3], [4, 5, 6, 7], [1, 2, 6, 10], [0, 1, 11, 14], [0, 4, 5, 6], [1, 2, 5, 9], [1, 2, 10, 13], [0, 2, 3, 4], [0, 1, 2, 3], [8, 9, 10, 12], [0, 5, 6, 7], [0, 1, 2, 6], [0, 2, 3, 7], [0, 1, 7, 8], [3, 8, 9, 10], [8, 10, 11, 12], [0, 1, 2, 4], [0, 1, 9, 10], [0, 2, 3, 7], [1, 2, 3, 8], [7, 8, 9, 17], [0, 2, 3, 4], [0, 1, 6, 13], [0, 1, 2, 10], [0, 1, 7, 14], [0, 1, 4, 5], [1, 5, 6, 7], [2, 4, 6, 7], [1, 2, 3, 9], [1, 5, 6, 8], [0]]",4,0.9207575917243958,128,learned,0.5,2496,4.0,124,0.9773285984992981,53,0 16 24 32,1217,0.6206477284431458,test,top_r_mean,0.0,1.0,1.0,0.75
0.10517666392769104,1.0,39,0.0,31,25.749299908056855,hotpotqa,1.3195876288659794,0.25,0.25,0.0,5adc3aff5542996e685252eb,mean,0.47638326585695007,0.03644251078367233,"[[0, 1, 5, 6], [1, 2, 3, 6], [2, 6, 11, 12], [5, 6, 22, 24], [1, 3, 4, 5], [12, 21, 25, 27], [3, 6, 7, 8], [1, 2, 7, 9], [0, 1, 2, 3], [4, 5, 6, 7], [1, 2, 6, 10], [0, 1, 11, 14], [0, 4, 5, 6], [1, 2, 5, 9], [1, 2, 13, 16], [0, 2, 3, 4], [0, 2, 3, 4], [8, 9, 10, 12], [0, 5, 6, 7], [0, 1, 2, 6], [0, 2, 3, 7], [0, 1, 7, 18], [3, 8, 9, 10], [10, 11, 12, 16], [0, 1, 2, 4], [0, 1, 9, 10], [0, 2, 3, 7], [1, 2, 3, 8], [7, 8, 9, 21], [0, 2, 3, 7], [1, 9, 13, 15], [0, 1, 2, 10], [0, 1, 7, 14], [0, 4, 7, 8], [1, 5, 6, 7], [2, 4, 6, 8], [1, 2, 3, 9], [1, 5, 6, 8], [0]]",4,0.8893454074859619,128,learned,1.0,2496,4.0,124,0.9385453462600708,71,16 0 24 32,1217,0.6443319916725159,test,top_r_mean,1.0,1.0,1.0,0.75
0.10517666392769104,1.0,39,0.0,31,27.367900125682354,hotpotqa,1.3195876288659794,0.25,0.25,0.0,5adc3aff5542996e685252eb,mean,0.6680161943319838,0.011049501597881317,"[[0, 1, 5, 6, 7, 12, 17, 22], [0, 1, 2, 3, 6, 23, 27, 28], [2, 6, 11, 12, 17, 19, 21, 31], [6, 22, 24, 25, 26, 27, 28, 29], [1, 3, 4, 5, 10, 11, 12, 20], [11, 21, 25, 27, 28, 29, 30, 31], [3, 6, 7, 8, 14, 15, 16, 21], [1, 2, 7, 9, 10, 11, 12, 29], [0, 1, 2, 3, 9, 10, 21, 28], [4, 5, 6, 7, 8, 14, 16, 24], [1, 2, 6, 10, 17, 20, 23, 31], [0, 1, 11, 12, 14, 20, 22, 28], [0, 4, 5, 6, 12, 15, 17, 31], [1, 2, 5, 9, 10, 11, 13, 23], [1, 2, 13, 16, 27, 28, 29, 31], [0, 2, 3, 4, 9, 11, 12, 23], [0, 2, 3, 4, 5, 7, 8, 15], [8, 9, 10, 12, 14, 15, 17, 28], [0, 5, 6, 7, 8, 18, 23, 29], [1, 2, 6, 11, 16, 19, 23, 31], [0, 2, 3, 6, 7, 8, 10, 16], [0, 1, 8, 18, 21, 23, 24, 25], [3, 8, 9, 10, 12, 13, 17, 30], [10, 11, 12, 16, 18, 19, 20, 31], [0, 1, 2, 4, 7, 12, 15, 16], [0, 1, 9, 10, 12, 13, 24, 27], [0, 2, 3, 7, 13, 14, 19, 23], [1, 2, 3, 8, 10, 11, 16, 18], [7, 8, 9, 17, 21, 24, 26, 29], [0, 2, 3, 7, 8, 17, 19, 20], [1, 9, 13, 15, 16, 19, 22, 25], [0, 1, 2, 10, 16, 19, 25, 31], [0, 1, 7, 14, 16, 18, 19, 29], [0, 7, 8, 13, 14, 21, 28, 29], [1, 5, 6, 7, 8, 9, 10, 14], [2, 4, 6, 7, 8, 9, 15, 28], [1, 2, 3, 9, 11, 12, 25, 26], [1, 5, 6, 8, 9, 10, 11, 16], [0]]",8,0.3972070515155792,128,learned,1.0,4992,4.0,124,0.4273347854614258,11,16 0 24 8,1217,0.8190283179283142,test,top_r_mean,1.0,1.0,0.75,0.875
0.10517666392769104,1.0,39,0.0,31,23.234899854287505,hotpotqa,1.3195876288659794,0.25,0.25,0.0,5adc3aff5542996e685252eb,mean,0.5546558704453441,0.016010286286473274,"[[0, 1, 5, 6, 7, 12, 17, 21], [0, 1, 3, 6, 20, 23, 24, 27], [2, 6, 11, 12, 19, 21, 25, 31], [6, 22, 24, 25, 26, 27, 28, 29], [1, 3, 4, 5, 10, 11, 12, 20], [16, 25, 26, 27, 28, 29, 30, 31], [3, 6, 7, 8, 14, 15, 16, 21], [1, 2, 7, 9, 10, 11, 12, 29], [0, 1, 2, 8, 9, 10, 20, 21], [4, 5, 6, 7, 8, 14, 16, 26], [1, 2, 6, 10, 17, 20, 23, 31], [0, 1, 11, 12, 14, 20, 22, 28], [0, 4, 5, 6, 15, 17, 21, 31], [1, 2, 5, 9, 10, 11, 13, 23], [1, 2, 10, 16, 27, 28, 29, 31], [0, 3, 4, 11, 12, 23, 26, 27], [0, 2, 3, 4, 5, 7, 8, 15], [8, 9, 10, 12, 14, 15, 17, 28], [0, 5, 6, 7, 8, 16, 23, 29], [0, 1, 2, 6, 11, 16, 23, 31], [0, 2, 3, 6, 7, 8, 10, 16], [0, 1, 7, 17, 18, 21, 23, 25], [3, 8, 9, 10, 11, 12, 13, 30], [10, 11, 12, 16, 18, 20, 29, 31], [0, 1, 2, 4, 6, 7, 12, 16], [0, 1, 7, 8, 10, 12, 13, 24], [0, 2, 3, 7, 13, 14, 17, 23], [1, 2, 3, 8, 10, 11, 16, 18], [7, 8, 9, 21, 23, 24, 26, 29], [0, 3, 4, 7, 8, 17, 19, 20], [0, 1, 9, 13, 15, 16, 19, 22], [0, 1, 2, 10, 16, 18, 19, 25], [0, 1, 7, 14, 16, 18, 22, 29], [0, 4, 5, 6, 7, 8, 14, 28], [1, 5, 6, 7, 8, 9, 10, 14], [2, 4, 6, 8, 15, 20, 27, 28], [1, 2, 3, 9, 11, 12, 25, 26], [1, 5, 6, 8, 9, 11, 16, 29], [0]]",8,0.43168729543685913,128,learned,0.5,4992,4.0,124,0.4708557426929474,23,0 16 24 32,1217,0.7117408514022827,test,top_r_mean,0.0,1.0,1.0,0.75
0.10517666392769104,1.0,39,0.0,31,23.81270006299019,hotpotqa,1.3195876288659794,0.25,0.25,0.0,5adc3aff5542996e685252eb,mean,0.5843454790823212,0.01334621012210846,"[[0, 1, 5, 6, 7, 8, 12, 17], [0, 1, 2, 3, 6, 23, 24, 27], [2, 6, 11, 12, 19, 21, 23, 31], [5, 6, 22, 24, 25, 26, 28, 29], [1, 3, 4, 5, 10, 11, 12, 20], [4, 11, 21, 25, 27, 28, 29, 31], [3, 6, 7, 8, 14, 16, 21, 24], [1, 2, 7, 9, 10, 11, 12, 29], [0, 1, 2, 3, 9, 10, 20, 21], [4, 5, 6, 7, 8, 16, 24, 26], [1, 2, 6, 10, 17, 20, 23, 31], [0, 1, 11, 12, 14, 20, 22, 28], [0, 4, 5, 6, 12, 15, 17, 31], [1, 2, 5, 9, 10, 11, 13, 23], [1, 2, 8, 10, 13, 16, 28, 29], [0, 2, 3, 4, 9, 11, 23, 27], [0, 2, 3, 4, 5, 7, 8, 15], [8, 9, 10, 12, 14, 15, 17, 28], [0, 5, 6, 7, 8, 16, 23, 29], [0, 1, 2, 6, 11, 16, 19, 31], [0, 2, 3, 6, 7, 8, 10, 16], [0, 1, 7, 8, 17, 18, 21, 23], [3, 8, 9, 10, 12, 13, 17, 30], [10, 11, 12, 16, 18, 19, 20, 31], [0, 1, 2, 4, 7, 12, 15, 16], [0, 1, 7, 8, 9, 10, 13, 24], [0, 2, 3, 7, 13, 14, 19, 23], [1, 2, 3, 8, 10, 11, 16, 18], [7, 8, 9, 17, 21, 24, 26, 29], [0, 2, 3, 4, 7, 8, 19, 20], [0, 1, 6, 13, 15, 16, 19, 22], [0, 1, 2, 10, 16, 18, 19, 25], [0, 1, 7, 14, 16, 18, 22, 29], [0, 1, 4, 5, 7, 8, 14, 28], [1, 5, 6, 7, 8, 9, 10, 14], [2, 4, 6, 7, 8, 9, 15, 28], [1, 2, 3, 9, 11, 12, 25, 26], [1, 5, 6, 8, 9, 10, 11, 16], [0]]",8,0.4236835539340973,128,learned,1.0,4992,4.0,124,0.4570649564266205,37,16 0 24 8,1217,0.741295576095581,test,top_r_mean,1.0,1.0,0.75,0.75
0.10517666392769104,1.0,39,0.0,31,29.58060009405017,hotpotqa,1.3195876288659794,0.25,0.25,0.0,5adc3aff5542996e685252eb,mean,0.573549257759784,0.015570251271128654,"[[0, 1, 5, 6, 7, 12, 17, 22], [0, 1, 2, 3, 6, 23, 27, 28], [2, 6, 11, 12, 17, 19, 21, 31], [5, 6, 22, 24, 25, 26, 28, 29], [1, 3, 4, 5, 10, 11, 12, 20], [4, 21, 25, 27, 28, 29, 30, 31], [3, 6, 7, 8, 14, 15, 16, 21], [1, 2, 7, 9, 10, 11, 12, 29], [0, 1, 2, 3, 9, 10, 21, 28], [4, 5, 6, 7, 8, 14, 16, 24], [1, 2, 6, 10, 17, 20, 23, 31], [0, 1, 11, 14, 20, 22, 26, 28], [0, 4, 5, 6, 12, 15, 17, 31], [1, 2, 5, 9, 10, 11, 13, 23], [1, 2, 10, 13, 16, 28, 29, 31], [0, 2, 3, 4, 9, 11, 12, 23], [0, 1, 2, 3, 4, 5, 8, 15], [8, 9, 10, 12, 14, 15, 17, 28], [0, 5, 6, 7, 8, 16, 23, 29], [0, 1, 2, 6, 11, 16, 19, 31], [0, 2, 3, 7, 8, 9, 10, 16], [0, 1, 7, 8, 17, 18, 21, 23], [3, 8, 9, 10, 12, 13, 17, 22], [8, 10, 11, 12, 16, 18, 20, 31], [0, 1, 2, 4, 7, 12, 15, 16], [0, 1, 9, 10, 12, 13, 24, 27], [0, 2, 3, 7, 13, 14, 19, 23], [1, 2, 3, 8, 10, 11, 16, 18], [7, 8, 9, 17, 21, 24, 26, 29], [0, 2, 3, 4, 7, 8, 19, 20], [0, 1, 6, 13, 15, 16, 19, 22], [0, 1, 2, 10, 16, 19, 25, 31], [0, 1, 7, 14, 16, 18, 19, 29], [0, 1, 4, 5, 8, 14, 28, 29], [1, 5, 6, 7, 8, 9, 10, 14], [2, 4, 6, 7, 8, 9, 15, 28], [1, 2, 3, 9, 11, 12, 25, 26], [1, 5, 6, 8, 9, 10, 11, 16], [0]]",8,0.4207312762737274,128,learned,1.0,4992,4.0,124,0.46098771691322327,53,16 0 24 8,1217,0.7210526466369629,test,top_r_mean,1.0,1.0,0.75,0.875
0.10517666392769104,1.0,39,0.0,31,24.51630006544292,hotpotqa,1.3195876288659794,0.25,0.25,0.0,5adc3aff5542996e685252eb,mean,0.6167341430499326,0.012671662494540215,"[[0, 1, 5, 6, 7, 12, 17, 22], [1, 2, 3, 6, 20, 23, 24, 27], [2, 6, 11, 12, 17, 19, 21, 31], [5, 6, 22, 24, 25, 26, 28, 29], [1, 3, 4, 5, 10, 11, 12, 20], [12, 21, 25, 27, 28, 29, 30, 31], [3, 6, 7, 8, 14, 15, 16, 21], [1, 2, 7, 9, 10, 11, 12, 29], [0, 1, 2, 3, 9, 10, 21, 28], [4, 5, 6, 7, 8, 16, 24, 26], [1, 2, 6, 10, 17, 20, 23, 31], [0, 1, 11, 14, 20, 22, 26, 28], [0, 4, 5, 6, 12, 15, 17, 31], [1, 2, 5, 9, 10, 11, 13, 23], [1, 2, 13, 16, 27, 28, 29, 31], [0, 2, 3, 4, 11, 12, 23, 27], [0, 2, 3, 4, 5, 7, 8, 15], [8, 9, 10, 12, 14, 15, 17, 31], [0, 5, 6, 7, 8, 16, 23, 29], [0, 1, 2, 6, 11, 16, 19, 31], [0, 2, 3, 7, 8, 10, 16, 31], [0, 1, 7, 18, 21, 23, 24, 25], [3, 8, 9, 10, 12, 13, 17, 30], [10, 11, 12, 16, 18, 19, 20, 31], [0, 1, 2, 4, 7, 12, 15, 16], [0, 1, 9, 10, 12, 13, 24, 27], [0, 2, 3, 7, 13, 14, 18, 23], [1, 2, 3, 8, 10, 11, 16, 18], [7, 8, 9, 21, 23, 24, 26, 29], [0, 2, 3, 7, 8, 17, 19, 20], [1, 9, 13, 15, 16, 18, 19, 22], [0, 1, 2, 10, 16, 19, 25, 31], [0, 1, 7, 14, 16, 18, 22, 29], [0, 4, 7, 8, 13, 14, 28, 29], [1, 5, 6, 7, 8, 9, 10, 14], [2, 4, 6, 8, 15, 20, 27, 28], [1, 2, 3, 9, 11, 12, 25, 26], [1, 5, 6, 8, 9, 11, 16, 21], [0]]",8,0.40698155760765076,128,learned,1.0,4992,4.0,124,0.4407193958759308,71,16 0 24 8,1217,0.768623411655426,test,top_r_mean,1.0,1.0,0.75,0.875
0.1007081038552321,1.0,40,0.0,31,22.37880020402372,hotpotqa,1.0,0.25,0.25,0.0,5ab56db7554299494045efc6,mean,0.39487179487179486,1.2170034646987915,"[[0], [2], [1], [1], [3], [0], [0], [1], [0], [0], [0], [2], [0], [1], [7], [2], [0], [1], [1], [0], [9], [1], [3], [0], [0], [5], [2], [0], [1], [11], [8], [1], [0], [4], [0], [0], [0], [1], [0], [0]]",1,1.146457314491272,128,learned,0.3333333333333333,640,4.0,124,1.3326478004455566,11,24 8 0 16,1271,0.5517823100090027,test,top_r_mean,0.0,0.5,0.75,0.75
0.1007081038552321,1.0,40,0.0,31,29.737700009718537,hotpotqa,1.0,0.25,0.25,0.0,5ab56db7554299494045efc6,mean,0.37435897435897436,1.2386304140090942,"[[0], [2], [1], [1], [3], [0], [0], [1], [0], [0], [0], [2], [0], [1], [0], [2], [0], [1], [0], [0], [0], [1], [2], [0], [0], [5], [2], [0], [1], [0], [4], [1], [0], [4], [0], [0], [0], [1], [0], [0]]",1,1.166704535484314,128,learned,0.3333333333333333,640,4.0,124,1.3533554077148438,23,24 8 0 16,1271,0.513696014881134,test,top_r_mean,0.0,0.5,0.75,0.875
0.1007081038552321,1.0,40,0.0,31,36.15700011141598,hotpotqa,1.0,0.25,0.25,0.0,5ab56db7554299494045efc6,mean,0.35384615384615387,1.2434552907943726,"[[0], [2], [1], [1], [3], [0], [0], [1], [0], [0], [0], [2], [0], [1], [0], [2], [0], [1], [0], [0], [1], [1], [0], [0], [0], [5], [2], [0], [1], [0], [4], [1], [0], [4], [0], [0], [0], [1], [0], [0]]",1,1.1726306676864624,128,learned,0.3333333333333333,640,4.0,124,1.357789397239685,37,24 8 0 16,1271,0.49211999773979187,test,top_r_mean,0.0,0.5,0.75,0.875
0.1007081038552321,1.0,40,0.0,31,31.296300003305078,hotpotqa,1.0,0.25,0.25,0.0,5ab56db7554299494045efc6,mean,0.3435897435897436,1.2573590278625488,"[[0], [2], [1], [1], [3], [0], [0], [1], [0], [0], [0], [2], [0], [1], [0], [2], [0], [1], [0], [0], [1], [1], [2], [0], [0], [5], [2], [0], [1], [3], [4], [1], [0], [4], [0], [0], [0], [1], [0], [0]]",1,1.1907678842544556,128,learned,0.3333333333333333,640,4.0,124,1.3707492351531982,53,24 8 0 16,1271,0.4765477776527405,test,top_r_mean,0.0,0.5,0.75,0.875
0.1007081038552321,1.0,40,0.0,31,30.70309991016984,hotpotqa,1.0,0.25,0.25,0.0,5ab56db7554299494045efc6,mean,0.382051282051282,1.2647432088851929,"[[0], [2], [1], [1], [3], [0], [0], [1], [0], [0], [0], [2], [0], [1], [0], [2], [0], [1], [1], [0], [1], [1], [2], [0], [0], [5], [2], [0], [1], [3], [7], [2], [0], [4], [0], [0], [0], [1], [0], [0]]",1,1.2086238861083984,128,learned,0.3333333333333333,640,4.0,124,1.379761815071106,71,24 8 0 16,1271,0.51969975233078,test,top_r_mean,0.0,0.5,0.75,0.875
0.1007081038552321,1.0,40,0.0,31,29.520999873057008,hotpotqa,1.0,0.25,0.25,0.0,5ab56db7554299494045efc6,mean,0.4846153846153846,0.2318393886089325,"[[0, 1], [2, 4], [1, 3], [1, 4], [3, 4], [0, 1], [0, 4], [1, 5], [0, 1], [0, 1], [0, 2], [2, 8], [0, 1], [1, 2], [7, 13], [2, 3], [0, 3], [1, 2], [1, 2], [0, 1], [9, 12], [1, 3], [3, 4], [0, 13], [0, 1], [5, 6], [2, 3], [0, 1], [1, 5], [11, 14], [8, 10], [1, 2], [0, 3], [4, 5], [0, 1], [0, 6], [0, 2], [1, 9], [0, 2], [0, 1]]",2,0.9358753561973572,128,learned,1.0,1280,4.0,124,1.0508805513381958,11,0 16 8 24,1271,0.6701688170433044,test,top_r_mean,1.0,0.5,0.75,0.75
0.1007081038552321,1.0,40,0.0,31,42.401199927553535,hotpotqa,1.0,0.25,0.25,0.0,5ab56db7554299494045efc6,mean,0.4205128205128205,0.2805166244506836,"[[0, 1], [2, 4], [1, 3], [1, 4], [3, 4], [0, 1], [0, 4], [1, 3], [0, 1], [0, 1], [0, 1], [2, 8], [0, 1], [1, 2], [0, 7], [2, 3], [0, 1], [1, 2], [0, 1], [0, 1], [0, 9], [1, 3], [2, 3], [0, 13], [0, 1], [5, 6], [2, 3], [0, 1], [1, 2], [0, 14], [4, 7], [1, 2], [0, 1], [4, 5], [0, 1], [0, 1], [0, 2], [1, 9], [0, 2], [0, 1]]",2,0.9820257425308228,128,learned,1.0,1280,4.0,124,1.0996413230895996,23,0 16 32 8,1271,0.5891181230545044,test,top_r_mean,1.0,0.5,0.75,0.75
0.1007081038552321,1.0,40,0.0,31,46.75149987451732,hotpotqa,1.0,0.25,0.25,0.0,5ab56db7554299494045efc6,mean,0.4230769230769231,0.28571683168411255,"[[0, 1], [2, 4], [1, 3], [1, 4], [3, 4], [0, 1], [0, 4], [1, 5], [0, 1], [0, 1], [0, 1], [2, 8], [0, 1], [1, 2], [0, 2], [2, 3], [0, 1], [1, 2], [0, 1], [0, 1], [1, 9], [1, 3], [0, 2], [0, 7], [0, 1], [5, 6], [2, 3], [0, 1], [1, 2], [0, 3], [4, 8], [1, 2], [0, 1], [4, 5], [0, 1], [0, 6], [0, 2], [1, 9], [0, 2], [0, 1]]",2,0.9995531439781189,128,learned,1.0,1280,4.0,124,1.1103663444519043,37,0 16 32 8,1271,0.5924952626228333,test,top_r_mean,1.0,0.5,0.75,0.75
0.1007081038552321,1.0,40,0.0,31,33.29099994152784,hotpotqa,1.0,0.25,0.25,0.0,5ab56db7554299494045efc6,mean,0.44871794871794873,0.27933767437934875,"[[0, 1], [2, 4], [1, 3], [1, 4], [3, 4], [0, 1], [0, 4], [1, 5], [0, 1], [0, 1], [0, 2], [2, 8], [0, 1], [1, 2], [0, 2], [2, 3], [0, 1], [1, 2], [0, 1], [0, 1], [1, 9], [1, 3], [2, 3], [0, 7], [0, 1], [5, 6], [2, 3], [0, 1], [1, 2], [3, 11], [4, 8], [1, 2], [0, 1], [4, 5], [0, 1], [0, 6], [0, 2], [1, 8], [0, 1], [0, 1]]",2,0.986444890499115,128,learned,1.0,1280,4.0,124,1.0963908433914185,53,0 16 32 8,1271,0.6166978478431702,test,top_r_mean,1.0,0.5,0.75,0.75
0.1007081038552321,0.0,40,0.0,31,28.613399947062135,hotpotqa,1.0,0.0,0.0,0.0,5ab56db7554299494045efc6,mean,0.4230769230769231,0.24573272466659546,"[[0, 5], [2, 4], [1, 3], [1, 4], [3, 4], [0, 1], [0, 4], [1, 5], [0, 1], [0, 1], [0, 2], [2, 8], [0, 1], [1, 2], [0, 7], [2, 3], [0, 1], [1, 2], [1, 2], [0, 1], [1, 9], [1, 3], [2, 3], [0, 7], [0, 1], [5, 6], [2, 3], [0, 1], [1, 3], [3, 14], [7, 8], [2, 5], [0, 1], [4, 5], [0, 1], [0, 7], [0, 2], [1, 9], [0, 2], [0, 1]]",2,0.9807443022727966,128,learned,0.0,1280,4.0,124,1.0877549648284912,71,16 32 8 24,1271,0.5943713784217834,test,top_r_mean,0.0,0.0,0.75,0.75
0.1007081038552321,1.0,40,0.0,31,26.248399866744876,hotpotqa,1.0,0.25,0.25,0.0,5ab56db7554299494045efc6,mean,0.6025641025641025,0.0348297655582428,"[[0, 1, 5, 7], [2, 4, 6, 8], [1, 3, 10, 11], [1, 4, 10, 11], [3, 4, 5, 7], [0, 1, 7, 8], [0, 4, 5, 8], [1, 5, 9, 10], [0, 1, 2, 8], [0, 1, 7, 8], [0, 2, 4, 8], [2, 8, 9, 10], [0, 1, 2, 7], [1, 2, 7, 9], [7, 13, 14, 19], [2, 3, 8, 13], [0, 3, 4, 11], [1, 2, 4, 6], [1, 2, 3, 4], [0, 1, 2, 5], [9, 12, 16, 19], [1, 3, 7, 13], [3, 4, 6, 9], [0, 13, 18, 19], [0, 1, 2, 3], [5, 6, 7, 8], [2, 3, 4, 14], [0, 1, 8, 20], [1, 5, 6, 7], [11, 14, 18, 20], [8, 10, 12, 14], [1, 2, 7, 10], [0, 3, 4, 5], [4, 5, 6, 7], [0, 1, 2, 3], [0, 6, 7, 9], [0, 2, 8, 18], [1, 9, 10, 12], [0, 2, 4, 6], [0, 1, 2, 9]]",4,0.936495304107666,128,learned,0.3333333333333333,2560,4.0,124,0.9757083654403687,11,24 16 0 8,1271,0.7771106362342834,test,top_r_mean,0.0,0.5,0.75,0.875
0.1007081038552321,1.0,40,0.0,31,24.97059991583228,hotpotqa,1.0,0.25,0.25,0.0,5ab56db7554299494045efc6,mean,0.47692307692307695,0.051561228930950165,"[[0, 1, 5, 7], [2, 4, 6, 8], [1, 3, 10, 11], [1, 4, 10, 11], [3, 4, 5, 14], [0, 1, 7, 8], [0, 4, 5, 8], [1, 3, 9, 17], [0, 1, 2, 8], [0, 1, 7, 8], [0, 1, 2, 4], [2, 8, 10, 11], [0, 1, 2, 7], [1, 2, 3, 7], [0, 7, 14, 19], [2, 3, 8, 11], [0, 1, 3, 4], [1, 2, 3, 4], [0, 1, 2, 3], [0, 1, 2, 4], [0, 9, 12, 16], [1, 3, 5, 7], [2, 3, 4, 8], [0, 13, 18, 19], [0, 1, 2, 3], [5, 6, 7, 8], [2, 3, 4, 14], [0, 1, 8, 23], [1, 2, 3, 5], [0, 14, 18, 20], [4, 7, 12, 18], [1, 2, 5, 6], [0, 1, 3, 5], [4, 5, 6, 8], [0, 1, 2, 12], [0, 1, 6, 7], [0, 2, 3, 8], [1, 9, 10, 12], [0, 2, 3, 4], [0, 1, 2, 4]]",4,0.9842700958251953,128,learned,0.3333333333333333,2560,4.0,124,1.0418851375579834,23,24 16 0 8,1271,0.6463413834571838,test,top_r_mean,0.0,0.5,0.75,0.875
0.1007081038552321,1.0,40,0.0,31,37.67939982935786,hotpotqa,1.0,0.25,0.25,0.0,5ab56db7554299494045efc6,mean,0.5256410256410257,0.03854887932538986,"[[0, 1, 5, 7], [2, 4, 6, 8], [1, 3, 10, 11], [1, 4, 10, 11], [3, 4, 5, 7], [0, 1, 7, 8], [0, 4, 5, 7], [1, 5, 9, 10], [0, 1, 2, 8], [0, 1, 7, 8], [0, 1, 2, 4], [2, 8, 9, 10], [0, 1, 2, 7], [1, 2, 7, 9], [0, 2, 5, 7], [2, 3, 8, 11], [0, 1, 3, 4], [1, 2, 3, 4], [0, 1, 2, 3], [0, 1, 2, 5], [1, 9, 12, 16], [1, 3, 5, 7], [0, 2, 3, 4], [0, 7, 18, 19], [0, 1, 2, 3], [5, 6, 7, 8], [2, 3, 4, 7], [0, 1, 7, 8], [1, 2, 3, 5], [0, 3, 11, 14], [4, 8, 10, 12], [1, 2, 5, 7], [0, 1, 3, 4], [4, 5, 6, 8], [0, 1, 2, 12], [0, 6, 7, 9], [0, 2, 8, 10], [1, 9, 10, 12], [0, 2, 3, 4], [0, 1, 2, 9]]",4,0.9738931655883789,128,learned,0.3333333333333333,2560,4.0,124,1.0148226022720337,37,24 16 0 8,1271,0.7105064392089844,test,top_r_mean,0.0,0.5,0.75,0.75
0.1007081038552321,1.0,40,0.0,31,35.281999967992306,hotpotqa,1.0,0.25,0.25,0.0,5ab56db7554299494045efc6,mean,0.5051282051282051,0.04211641103029251,"[[0, 1, 5, 7], [2, 4, 6, 8], [1, 3, 5, 10], [1, 4, 10, 11], [3, 4, 5, 7], [0, 1, 7, 8], [0, 4, 5, 7], [1, 5, 9, 10], [0, 1, 2, 8], [0, 1, 7, 8], [0, 2, 4, 8], [2, 8, 9, 10], [0, 1, 2, 7], [1, 2, 7, 9], [0, 2, 7, 14], [2, 3, 8, 13], [0, 1, 3, 4], [1, 2, 3, 4], [0, 1, 2, 3], [0, 1, 2, 5], [1, 9, 12, 16], [1, 3, 5, 7], [2, 3, 4, 8], [0, 7, 18, 19], [0, 1, 2, 3], [5, 6, 7, 8], [2, 3, 4, 7], [0, 1, 8, 20], [1, 2, 3, 5], [3, 11, 14, 18], [4, 8, 10, 12], [1, 2, 5, 7], [0, 1, 3, 5], [4, 5, 6, 7], [0, 1, 2, 12], [0, 6, 7, 9], [0, 2, 3, 8], [1, 8, 9, 12], [0, 1, 2, 3], [0, 1, 2, 9]]",4,0.9660835266113281,128,learned,0.3333333333333333,2560,4.0,124,1.0131016969680786,53,24 16 0 8,1271,0.6714820861816406,test,top_r_mean,0.0,0.5,0.75,0.75
0.1007081038552321,1.0,40,0.0,31,29.77150003425777,hotpotqa,1.0,0.25,0.25,0.0,5ab56db7554299494045efc6,mean,0.5743589743589743,0.029557153582572937,"[[0, 5, 7, 8], [2, 4, 6, 8], [1, 3, 5, 10], [1, 4, 10, 11], [3, 4, 5, 7], [0, 1, 7, 8], [0, 4, 5, 8], [1, 5, 9, 10], [0, 1, 2, 8], [0, 1, 7, 8], [0, 2, 4, 8], [2, 8, 9, 10], [0, 1, 2, 7], [1, 2, 7, 9], [0, 7, 8, 14], [2, 3, 8, 13], [0, 1, 3, 11], [1, 2, 4, 6], [1, 2, 3, 4], [0, 1, 2, 5], [1, 9, 12, 16], [1, 3, 7, 13], [2, 3, 4, 9], [0, 7, 18, 19], [0, 1, 2, 3], [5, 6, 7, 8], [2, 3, 4, 7], [0, 1, 8, 20], [1, 3, 5, 6], [3, 14, 18, 20], [7, 8, 10, 12], [2, 5, 7, 10], [0, 1, 3, 7], [4, 5, 6, 7], [0, 1, 2, 12], [0, 7, 9, 17], [0, 2, 8, 9], [1, 9, 10, 12], [0, 2, 4, 6], [0, 1, 2, 9]]",4,0.9311797022819519,128,learned,0.3333333333333333,2560,4.0,124,0.9669263958930969,71,24 16 0 8,1271,0.7512193918228149,test,top_r_mean,0.0,0.5,0.75,0.75
0.1007081038552321,1.0,40,0.0,31,40.93179991468787,hotpotqa,1.0,0.25,0.25,0.0,5ab56db7554299494045efc6,mean,0.7410256410256411,0.006721296813338995,"[[0, 1, 5, 7, 10, 14, 19, 25], [2, 4, 6, 8, 16, 18, 23, 25], [1, 3, 10, 11, 12, 13, 14, 24], [1, 4, 10, 11, 12, 26, 29, 30], [3, 4, 5, 7, 15, 16, 27, 30], [0, 1, 7, 8, 12, 17, 21, 29], [0, 4, 5, 8, 9, 16, 22, 28], [1, 5, 9, 10, 17, 18, 19, 20], [0, 1, 2, 8, 10, 12, 13, 17], [0, 1, 7, 8, 9, 20, 30, 31], [0, 2, 4, 8, 14, 15, 25, 26], [2, 8, 9, 10, 17, 23, 24, 30], [0, 1, 2, 7, 9, 15, 22, 24], [1, 2, 7, 9, 15, 17, 28, 30], [7, 13, 14, 19, 21, 25, 29, 30], [2, 3, 8, 13, 25, 26, 27, 28], [0, 3, 4, 11, 17, 19, 25, 27], [1, 2, 4, 6, 7, 8, 15, 23], [1, 2, 3, 4, 5, 6, 12, 23], [0, 1, 2, 5, 6, 7, 18, 28], [9, 12, 16, 19, 22, 26, 28, 29], [1, 3, 7, 13, 15, 21, 27, 28], [3, 4, 6, 9, 15, 25, 30, 31], [0, 13, 18, 19, 20, 21, 23, 27], [0, 1, 2, 3, 7, 12, 13, 19], [5, 6, 7, 8, 10, 16, 17, 20], [2, 3, 4, 14, 18, 21, 22, 28], [0, 1, 8, 20, 23, 26, 27, 31], [1, 5, 6, 7, 11, 12, 15, 23], [11, 14, 18, 20, 23, 25, 27, 31], [8, 10, 12, 14, 18, 19, 26, 27], [1, 2, 7, 10, 16, 17, 18, 30], [0, 3, 4, 5, 7, 13, 18, 29], [4, 5, 6, 7, 8, 9, 15, 27], [0, 1, 2, 3, 12, 18, 22, 25], [0, 6, 7, 9, 17, 24, 27, 29], [0, 2, 8, 18, 22, 29, 30, 31], [1, 9, 10, 12, 13, 16, 25, 26], [0, 2, 4, 6, 7, 8, 15, 16], [0, 1, 2, 9, 13, 14, 17, 22]]",8,0.3593764007091522,128,learned,0.5,5120,4.0,124,0.3784337043762207,11,24 0 32 16,1271,0.8819886445999146,test,top_r_mean,0.0,1.0,0.75,1.0
0.1007081038552321,1.0,40,0.0,31,31.75510000437498,hotpotqa,1.0,0.25,0.25,0.0,5ab56db7554299494045efc6,mean,0.6307692307692307,0.01138235442340374,"[[0, 1, 5, 7, 8, 14, 19, 25], [2, 4, 6, 8, 16, 18, 23, 25], [1, 3, 10, 11, 12, 13, 14, 24], [1, 4, 10, 11, 12, 19, 26, 29], [3, 4, 5, 14, 15, 16, 27, 30], [0, 1, 7, 8, 12, 17, 21, 29], [0, 4, 5, 8, 9, 12, 16, 28], [1, 3, 9, 17, 18, 19, 20, 21], [0, 1, 2, 8, 10, 12, 13, 17], [0, 1, 7, 8, 9, 28, 30, 31], [0, 1, 2, 4, 8, 14, 15, 26], [2, 8, 10, 11, 17, 23, 24, 30], [0, 1, 2, 7, 15, 22, 23, 24], [1, 2, 3, 7, 15, 17, 28, 30], [0, 7, 14, 19, 21, 25, 29, 30], [2, 3, 8, 11, 13, 25, 27, 28], [0, 1, 3, 4, 11, 17, 19, 27], [1, 2, 3, 4, 6, 7, 8, 23], [0, 1, 2, 3, 4, 6, 23, 31], [0, 1, 2, 4, 5, 6, 7, 18], [0, 9, 12, 16, 19, 22, 26, 29], [1, 3, 5, 7, 13, 15, 21, 27], [2, 3, 4, 8, 9, 15, 30, 31], [0, 13, 18, 19, 20, 21, 22, 23], [0, 1, 2, 3, 7, 13, 19, 31], [5, 6, 7, 8, 10, 16, 17, 20], [2, 3, 4, 14, 18, 21, 22, 28], [0, 1, 8, 23, 26, 27, 28, 31], [1, 2, 3, 5, 6, 7, 12, 15], [0, 14, 18, 20, 23, 25, 27, 31], [4, 7, 12, 18, 19, 25, 26, 27], [1, 2, 5, 6, 10, 16, 17, 18], [0, 1, 3, 5, 7, 13, 18, 29], [4, 5, 6, 8, 9, 15, 23, 27], [0, 1, 2, 12, 18, 19, 22, 25], [0, 1, 6, 7, 9, 17, 27, 29], [0, 2, 3, 8, 10, 18, 22, 29], [1, 9, 10, 12, 13, 16, 25, 26], [0, 2, 3, 4, 6, 7, 8, 16], [0, 1, 2, 4, 9, 13, 14, 17]]",8,0.4033898413181305,128,learned,0.5,5120,4.0,124,0.43365517258644104,23,24 0 32 16,1271,0.7769230008125305,test,top_r_mean,0.0,1.0,0.75,1.0
0.1007081038552321,1.0,40,0.0,31,34.49160000309348,hotpotqa,1.0,0.25,0.25,0.0,5ab56db7554299494045efc6,mean,0.7025641025641025,0.008158756420016289,"[[0, 1, 5, 7, 10, 14, 19, 25], [2, 4, 6, 8, 16, 18, 23, 25], [1, 3, 10, 11, 12, 13, 14, 24], [1, 4, 10, 11, 12, 26, 29, 30], [3, 4, 5, 7, 15, 16, 27, 30], [0, 1, 7, 8, 12, 17, 21, 29], [0, 4, 5, 7, 8, 9, 12, 16], [1, 5, 9, 10, 17, 18, 19, 20], [0, 1, 2, 8, 10, 12, 13, 17], [0, 1, 7, 8, 9, 20, 30, 31], [0, 1, 2, 4, 8, 14, 15, 26], [2, 8, 9, 10, 11, 17, 23, 30], [0, 1, 2, 7, 9, 15, 22, 24], [1, 2, 7, 9, 15, 17, 28, 30], [0, 2, 5, 7, 14, 19, 20, 21], [2, 3, 8, 11, 13, 25, 27, 28], [0, 1, 3, 4, 11, 17, 19, 27], [1, 2, 3, 4, 6, 7, 8, 23], [0, 1, 2, 3, 4, 5, 6, 23], [0, 1, 2, 5, 6, 7, 18, 28], [1, 9, 12, 16, 19, 22, 26, 29], [1, 3, 5, 7, 13, 15, 21, 27], [0, 2, 3, 4, 8, 9, 15, 30], [0, 7, 18, 19, 20, 21, 23, 27], [0, 1, 2, 3, 7, 11, 13, 19], [5, 6, 7, 8, 10, 16, 17, 20], [2, 3, 4, 7, 14, 18, 22, 28], [0, 1, 7, 8, 20, 23, 27, 31], [1, 2, 3, 5, 6, 7, 12, 15], [0, 3, 11, 14, 18, 20, 23, 27], [4, 8, 10, 12, 18, 19, 26, 27], [1, 2, 5, 7, 10, 17, 18, 30], [0, 1, 3, 4, 5, 13, 18, 29], [4, 5, 6, 8, 9, 15, 23, 27], [0, 1, 2, 12, 18, 19, 22, 25], [0, 6, 7, 9, 14, 17, 24, 29], [0, 2, 8, 10, 18, 22, 29, 31], [1, 9, 10, 12, 13, 16, 25, 26], [0, 2, 3, 4, 6, 7, 8, 16], [0, 1, 2, 9, 13, 14, 17, 22]]",8,0.3696308135986328,128,learned,0.5,5120,4.0,124,0.39332064986228943,37,24 0 32 16,1271,0.8651030659675598,test,top_r_mean,0.0,1.0,0.75,1.0
0.1007081038552321,1.0,40,0.0,31,25.239800103008747,hotpotqa,1.0,0.25,0.25,0.0,5ab56db7554299494045efc6,mean,0.6974358974358974,0.007462677545845509,"[[0, 1, 5, 7, 10, 14, 19, 25], [2, 4, 6, 8, 16, 18, 23, 25], [1, 3, 5, 10, 11, 12, 13, 24], [1, 4, 10, 11, 12, 26, 29, 30], [3, 4, 5, 7, 15, 16, 27, 30], [0, 1, 7, 8, 12, 17, 21, 29], [0, 4, 5, 7, 8, 9, 16, 28], [1, 5, 9, 10, 17, 18, 19, 20], [0, 1, 2, 8, 10, 12, 13, 17], [0, 1, 7, 8, 9, 20, 30, 31], [0, 2, 4, 8, 14, 15, 25, 26], [2, 8, 9, 10, 11, 17, 23, 30], [0, 1, 2, 7, 9, 15, 22, 24], [1, 2, 7, 9, 15, 17, 28, 30], [0, 2, 7, 14, 19, 20, 21, 30], [2, 3, 8, 13, 25, 26, 27, 28], [0, 1, 3, 4, 11, 19, 25, 27], [1, 2, 3, 4, 6, 7, 8, 23], [0, 1, 2, 3, 4, 5, 6, 23], [0, 1, 2, 5, 6, 7, 18, 19], [1, 9, 12, 16, 19, 22, 26, 29], [1, 3, 5, 7, 13, 15, 21, 27], [2, 3, 4, 8, 9, 15, 30, 31], [0, 7, 18, 19, 20, 21, 23, 27], [0, 1, 2, 3, 7, 13, 19, 31], [5, 6, 7, 8, 10, 16, 17, 20], [2, 3, 4, 7, 14, 18, 22, 28], [0, 1, 8, 20, 23, 26, 27, 31], [1, 2, 3, 5, 6, 7, 12, 15], [3, 11, 14, 18, 20, 23, 25, 27], [4, 8, 10, 12, 18, 19, 26, 27], [1, 2, 5, 7, 10, 17, 18, 30], [0, 1, 3, 5, 7, 13, 18, 29], [4, 5, 6, 7, 8, 9, 15, 27], [0, 1, 2, 12, 18, 19, 22, 25], [0, 6, 7, 9, 14, 17, 24, 29], [0, 2, 3, 8, 10, 18, 22, 29], [1, 8, 9, 12, 13, 16, 25, 26], [0, 1, 2, 3, 4, 6, 7, 16], [0, 1, 2, 9, 13, 14, 17, 22]]",8,0.3683403432369232,128,learned,0.3333333333333333,5120,4.0,124,0.39026331901550293,53,24 32 0 16,1271,0.8681049942970276,test,top_r_mean,0.0,0.5,0.75,0.875
0.1007081038552321,1.0,40,0.0,31,30.386399943381548,hotpotqa,1.0,0.25,0.25,0.0,5ab56db7554299494045efc6,mean,0.7410256410256411,0.006914129480719566,"[[0, 5, 7, 8, 10, 14, 19, 25], [2, 4, 6, 8, 16, 18, 23, 25], [1, 3, 5, 10, 11, 12, 13, 24], [1, 4, 10, 11, 12, 26, 29, 30], [3, 4, 5, 7, 9, 15, 16, 27], [0, 1, 7, 8, 12, 17, 21, 29], [0, 4, 5, 8, 9, 13, 16, 28], [1, 5, 9, 10, 12, 18, 19, 20], [0, 1, 2, 8, 10, 12, 13, 17], [0, 1, 7, 8, 9, 20, 30, 31], [0, 2, 4, 8, 14, 15, 25, 26], [2, 8, 9, 10, 11, 17, 23, 30], [0, 1, 2, 7, 9, 11, 15, 22], [1, 2, 7, 9, 15, 17, 28, 30], [0, 7, 8, 14, 19, 21, 29, 30], [2, 3, 8, 13, 25, 26, 27, 28], [0, 1, 3, 11, 17, 19, 25, 27], [1, 2, 4, 6, 7, 8, 23, 31], [1, 2, 3, 4, 5, 6, 23, 31], [0, 1, 2, 5, 6, 7, 18, 28], [1, 9, 12, 16, 19, 22, 26, 29], [1, 3, 7, 13, 15, 21, 27, 28], [2, 3, 4, 9, 15, 19, 30, 31], [0, 7, 18, 19, 20, 21, 23, 27], [0, 1, 2, 3, 7, 12, 13, 19], [5, 6, 7, 8, 10, 16, 17, 20], [2, 3, 4, 7, 14, 18, 22, 28], [0, 1, 8, 20, 23, 26, 27, 31], [1, 3, 5, 6, 7, 11, 12, 15], [3, 14, 18, 20, 23, 25, 27, 31], [7, 8, 10, 12, 18, 19, 26, 27], [2, 5, 7, 10, 16, 17, 18, 30], [0, 1, 3, 7, 13, 18, 19, 29], [4, 5, 6, 7, 8, 9, 15, 27], [0, 1, 2, 12, 18, 19, 22, 25], [0, 7, 9, 17, 24, 27, 28, 29], [0, 2, 8, 9, 10, 18, 22, 29], [1, 9, 10, 12, 13, 16, 25, 26], [0, 2, 4, 6, 7, 8, 15, 16], [0, 1, 2, 9, 13, 14, 17, 22]]",8,0.3645527958869934,128,learned,0.3333333333333333,5120,4.0,124,0.38330310583114624,71,24 32 0 16,1271,0.8911818861961365,test,top_r_mean,0.0,0.5,0.75,0.875
0.08371484630477437,0.0,48,0.0,31,26.19019988924265,hotpotqa,1.3333333333333333,0.0,0.0,0.0,5ab2b863554299295394685a,mean,0.12943262411347517,1.1033796072006226,"[[0], [16], [1], [7], [0], [4], [1], [0], [0], [3], [5], [0], [2], [0], [1], [0], [0], [0], [1], [3], [2], [2], [1], [1], [0], [3], [2], [1], [0], [2], [2], [2], [0], [2], [0], [5], [3], [5], [0], [5], [0], [2], [0], [1], [4], [5], [3], [4]]",1,1.2317527532577515,128,learned,0.0,768,4.0,124,1.4009721279144287,11,40 16 8 0,1529,0.21439428627490997,test,top_r_mean,1.0,0.5,0.5,0.75
0.08371484630477437,0.0,48,0.0,31,34.68460007570684,hotpotqa,1.3333333333333333,0.0,0.0,0.0,5ab2b863554299295394685a,mean,0.18262411347517732,1.0735729932785034,"[[0], [7], [0], [7], [0], [0], [1], [0], [0], [3], [5], [0], [2], [0], [0], [0], [0], [0], [1], [3], [0], [2], [1], [2], [0], [3], [2], [1], [0], [0], [2], [1], [0], [2], [0], [5], [0], [5], [0], [5], [0], [2], [1], [1], [4], [5], [0], [4]]",1,1.1986933946609497,128,learned,0.0,768,4.0,124,1.3672354221343994,23,40 16 8 0,1529,0.277789831161499,test,top_r_mean,1.0,0.5,0.5,0.75
0.08371484630477437,0.0,48,0.0,31,30.00369993969798,hotpotqa,1.3333333333333333,0.0,0.0,0.0,5ab2b863554299295394685a,mean,0.14361702127659576,1.0897467136383057,"[[0], [4], [0], [5], [0], [0], [1], [0], [0], [3], [5], [0], [2], [0], [0], [0], [0], [0], [1], [3], [0], [2], [1], [1], [0], [3], [2], [1], [0], [0], [2], [1], [0], [2], [0], [5], [3], [5], [0], [5], [0], [2], [0], [1], [4], [5], [0], [4]]",1,1.2152169942855835,128,learned,0.0,768,4.0,124,1.382074236869812,37,40 16 8 0,1529,0.22557532787322998,test,top_r_mean,1.0,0.5,0.5,0.75
0.08371484630477437,0.0,48,0.0,31,25.823900010436773,hotpotqa,1.3333333333333333,0.0,0.0,0.0,5ab2b863554299295394685a,mean,0.21099290780141844,1.0468041896820068,"[[0], [4], [0], [0], [0], [0], [1], [0], [0], [3], [5], [0], [2], [0], [0], [0], [0], [0], [1], [3], [0], [2], [1], [1], [0], [3], [2], [1], [0], [0], [2], [2], [0], [2], [0], [1], [0], [4], [0], [5], [0], [2], [0], [1], [4], [5], [0], [4]]",1,1.1636011600494385,128,learned,0.0,768,4.0,124,1.3360075950622559,53,40 16 8 0,1529,0.3165436387062073,test,top_r_mean,1.0,0.5,0.5,0.75
0.08371484630477437,0.0,48,0.0,31,32.096700044348836,hotpotqa,1.3333333333333333,0.0,0.0,0.0,5ab2b863554299295394685a,mean,0.1879432624113475,1.0363041162490845,"[[0], [16], [0], [7], [0], [0], [1], [0], [0], [3], [5], [0], [2], [0], [1], [0], [0], [0], [1], [3], [0], [2], [1], [2], [0], [3], [2], [1], [0], [2], [2], [2], [0], [2], [0], [1], [0], [5], [0], [5], [0], [2], [1], [2], [5], [5], [3], [4]]",1,1.1440348625183105,128,learned,0.0,768,4.0,124,1.325908899307251,71,40 16 8 0,1529,0.28875380754470825,test,top_r_mean,1.0,0.5,0.5,0.75
0.08371484630477437,1.0,48,0.0,31,37.71689999848604,hotpotqa,1.3333333333333333,0.25,0.3333333333333333,0.0,5ab2b863554299295394685a,mean,0.14184397163120568,0.23611554503440857,"[[0, 1], [16, 21], [1, 4], [7, 8], [0, 1], [4, 5], [1, 2], [0, 1], [0, 1], [3, 5], [5, 13], [0, 1], [2, 3], [0, 6], [1, 2], [0, 1], [0, 1], [0, 7], [1, 6], [3, 4], [2, 6], [2, 3], [1, 2], [1, 2], [0, 1], [3, 5], [2, 3], [1, 4], [0, 1], [2, 4], [2, 5], [2, 10], [0, 1], [2, 6], [0, 1], [5, 6], [3, 4], [5, 7], [0, 2], [5, 7], [0, 1], [2, 3], [0, 2], [1, 2], [4, 5], [5, 8], [3, 6], [4, 6]]",2,1.0089612007141113,128,learned,0.3333333333333333,1536,4.0,124,1.1437604427337646,11,0 24 32 40,1529,0.21949632465839386,test,top_r_mean,0.0,0.5,1.0,0.75
0.08371484630477437,1.0,48,0.0,31,40.09400005452335,hotpotqa,1.3333333333333333,0.25,0.3333333333333333,0.0,5ab2b863554299295394685a,mean,0.2127659574468085,0.21440303325653076,"[[0, 1], [7, 16], [0, 1], [7, 8], [0, 1], [0, 4], [1, 2], [0, 1], [0, 1], [3, 5], [5, 13], [0, 1], [2, 3], [0, 6], [0, 1], [0, 1], [0, 1], [0, 6], [1, 6], [3, 4], [0, 2], [2, 3], [1, 2], [2, 4], [0, 1], [3, 5], [2, 3], [1, 4], [0, 1], [0, 2], [2, 3], [1, 2], [0, 1], [2, 5], [0, 1], [5, 6], [0, 3], [5, 7], [0, 2], [5, 7], [0, 1], [2, 3], [1, 2], [1, 2], [4, 5], [5, 8], [0, 3], [4, 6]]",2,0.9648194313049316,128,learned,0.3333333333333333,1536,4.0,124,1.0916279554367065,23,0 24 32 40,1529,0.32001736760139465,test,top_r_mean,0.0,0.5,1.0,0.75
0.08371484630477437,1.0,48,0.0,31,33.287599915638566,hotpotqa,1.3333333333333333,0.25,0.3333333333333333,0.0,5ab2b863554299295394685a,mean,0.1400709219858156,0.22923977673053741,"[[0, 1], [4, 16], [0, 1], [5, 7], [0, 1], [0, 4], [1, 2], [0, 1], [0, 1], [3, 5], [5, 13], [0, 1], [2, 3], [0, 6], [0, 1], [0, 1], [0, 1], [0, 6], [1, 6], [3, 4], [0, 2], [2, 3], [1, 2], [1, 2], [0, 1], [3, 5], [2, 3], [1, 3], [0, 1], [0, 2], [2, 3], [1, 2], [0, 1], [2, 5], [0, 1], [5, 6], [3, 5], [5, 7], [0, 2], [5, 7], [0, 1], [2, 3], [0, 1], [1, 2], [4, 5], [5, 8], [0, 3], [4, 6]]",2,0.9855023622512817,128,learned,0.3333333333333333,1536,4.0,124,1.1225323677062988,37,0 24 32 40,1529,0.224381223320961,test,top_r_mean,0.0,0.5,1.0,0.75
0.08371484630477437,1.0,48,0.0,31,40.97980004735291,hotpotqa,1.3333333333333333,0.25,0.3333333333333333,0.0,5ab2b863554299295394685a,mean,0.17198581560283688,0.22637522220611572,"[[0, 1], [4, 16], [0, 1], [0, 7], [0, 1], [0, 4], [1, 2], [0, 1], [0, 1], [3, 5], [5, 11], [0, 1], [2, 3], [0, 6], [0, 1], [0, 1], [0, 1], [0, 7], [1, 6], [3, 4], [0, 2], [2, 3], [1, 2], [1, 2], [0, 1], [3, 5], [2, 3], [1, 3], [0, 1], [0, 2], [2, 3], [2, 6], [0, 1], [2, 6], [0, 1], [1, 5], [0, 3], [4, 5], [0, 2], [5, 7], [0, 1], [2, 3], [0, 1], [1, 2], [4, 5], [5, 8], [0, 3], [4, 6]]",2,0.9888590574264526,128,learned,0.3333333333333333,1536,4.0,124,1.119937777519226,53,0 24 32 40,1529,0.2571645677089691,test,top_r_mean,0.0,0.5,1.0,0.75
0.08371484630477437,1.0,48,0.0,31,35.17660009674728,hotpotqa,1.3333333333333333,0.25,0.3333333333333333,0.0,5ab2b863554299295394685a,mean,0.16843971631205673,0.22068938612937927,"[[0, 1], [16, 21], [0, 1], [7, 8], [0, 1], [0, 4], [1, 2], [0, 1], [0, 1], [3, 5], [5, 13], [0, 1], [2, 3], [0, 6], [1, 2], [0, 1], [0, 1], [0, 7], [1, 2], [3, 4], [0, 2], [2, 3], [1, 2], [2, 3], [0, 1], [3, 5], [2, 3], [1, 4], [0, 1], [2, 4], [2, 3], [2, 10], [0, 1], [2, 6], [0, 1], [1, 5], [0, 3], [5, 7], [0, 2], [5, 7], [0, 1], [2, 3], [1, 2], [2, 10], [5, 7], [5, 8], [3, 6], [4, 6]]",2,0.9661307334899902,128,learned,0.3333333333333333,1536,4.0,124,1.0993835926055908,71,0 24 32 40,1529,0.24696049094200134,test,top_r_mean,0.0,0.5,1.0,0.75
0.08371484630477437,1.0,48,0.0,31,28.32809998653829,hotpotqa,1.3333333333333333,0.25,0.3333333333333333,0.0,5ab2b863554299295394685a,mean,0.2765957446808511,0.050562724471092224,"[[0, 1, 5, 6], [16, 21, 23, 24], [1, 4, 5, 11], [7, 8, 10, 21], [0, 1, 7, 8], [4, 5, 6, 8], [1, 2, 8, 9], [0, 1, 2, 3], [0, 1, 4, 7], [3, 5, 9, 10], [5, 13, 14, 15], [0, 1, 3, 6], [2, 3, 5, 9], [0, 6, 7, 8], [1, 2, 3, 6], [0, 1, 5, 6], [0, 1, 2, 4], [0, 7, 11, 16], [1, 6, 7, 12], [3, 4, 5, 13], [2, 6, 7, 12], [2, 3, 4, 10], [1, 2, 3, 4], [1, 2, 4, 8], [0, 1, 5, 6], [3, 5, 7, 11], [2, 3, 6, 9], [1, 4, 6, 10], [0, 1, 2, 3], [2, 4, 7, 13], [2, 5, 10, 19], [2, 10, 11, 13], [0, 1, 3, 7], [2, 6, 11, 19], [0, 1, 2, 6], [5, 6, 11, 12], [3, 4, 5, 13], [5, 7, 8, 10], [0, 2, 7, 8], [5, 7, 12, 13], [0, 1, 2, 3], [2, 3, 4, 6], [0, 2, 11, 12], [1, 2, 13, 15], [4, 5, 7, 12], [5, 8, 9, 11], [3, 6, 9, 10], [4, 6, 12, 13]]",4,1.0473040342330933,128,learned,0.3333333333333333,3072,4.0,124,1.10027015209198,11,24 0 32 40,1529,0.3918801248073578,test,top_r_mean,0.0,0.5,1.0,0.75
0.08371484630477437,1.0,48,0.0,31,37.148799980059266,hotpotqa,1.3333333333333333,0.25,0.3333333333333333,0.0,5ab2b863554299295394685a,mean,0.3829787234042553,0.0420113280415535,"[[0, 1, 5, 6], [7, 16, 23, 24], [0, 1, 4, 5], [7, 8, 10, 21], [0, 1, 7, 8], [0, 4, 5, 6], [1, 2, 8, 9], [0, 1, 2, 3], [0, 1, 4, 7], [3, 5, 9, 10], [5, 13, 14, 15], [0, 1, 3, 6], [2, 3, 5, 9], [0, 6, 7, 8], [0, 1, 2, 3], [0, 1, 5, 6], [0, 1, 2, 4], [0, 6, 7, 11], [1, 6, 7, 12], [3, 4, 5, 13], [0, 2, 6, 7], [2, 3, 4, 10], [1, 2, 3, 4], [2, 4, 8, 20], [0, 1, 5, 6], [3, 5, 7, 11], [2, 3, 6, 9], [1, 4, 6, 10], [0, 1, 3, 6], [0, 2, 4, 7], [2, 3, 5, 10], [1, 2, 10, 11], [0, 1, 3, 7], [2, 5, 6, 11], [0, 1, 2, 6], [5, 6, 11, 13], [0, 3, 6, 13], [5, 7, 8, 10], [0, 2, 7, 8], [5, 7, 12, 13], [0, 1, 3, 8], [2, 3, 4, 6], [1, 2, 11, 12], [1, 2, 10, 13], [4, 5, 7, 12], [5, 8, 9, 11], [0, 3, 6, 12], [4, 6, 12, 13]]",4,1.0129221677780151,128,learned,0.3333333333333333,3072,4.0,124,1.058882474899292,23,24 0 32 40,1529,0.5323491096496582,test,top_r_mean,0.0,0.5,1.0,0.75
0.08371484630477437,1.0,48,0.0,31,42.16489987447858,hotpotqa,1.3333333333333333,0.25,0.3333333333333333,0.0,5ab2b863554299295394685a,mean,0.26773049645390073,0.048836782574653625,"[[0, 1, 5, 6], [4, 16, 21, 23], [0, 1, 4, 5], [5, 7, 8, 10], [0, 1, 3, 7], [0, 4, 5, 6], [1, 2, 8, 9], [0, 1, 2, 3], [0, 1, 4, 7], [3, 5, 9, 10], [5, 13, 14, 15], [0, 1, 3, 6], [2, 3, 5, 7], [0, 6, 7, 8], [0, 1, 2, 3], [0, 1, 5, 6], [0, 1, 2, 4], [0, 6, 7, 11], [1, 6, 7, 12], [3, 4, 5, 13], [0, 2, 6, 7], [2, 3, 4, 10], [1, 2, 3, 4], [1, 2, 4, 8], [0, 1, 5, 6], [3, 5, 7, 11], [2, 3, 6, 9], [1, 3, 4, 6], [0, 1, 2, 3], [0, 2, 4, 7], [2, 3, 5, 10], [1, 2, 10, 11], [0, 1, 3, 6], [2, 5, 6, 11], [0, 1, 2, 6], [5, 6, 11, 12], [3, 5, 8, 13], [5, 7, 8, 10], [0, 2, 7, 8], [5, 7, 12, 13], [0, 1, 3, 8], [2, 3, 4, 6], [0, 1, 2, 11], [1, 2, 13, 15], [4, 5, 7, 12], [5, 8, 9, 11], [0, 3, 6, 9], [4, 6, 12, 13]]",4,1.0347137451171875,128,learned,0.3333333333333333,3072,4.0,124,1.0856667757034302,37,24 0 32 40,1529,0.38080763816833496,test,top_r_mean,0.0,0.5,1.0,0.75
0.08371484630477437,1.0,48,0.0,31,33.54350011795759,hotpotqa,1.3333333333333333,0.25,0.3333333333333333,0.0,5ab2b863554299295394685a,mean,0.25,0.0498274490237236,"[[0, 1, 4, 5], [4, 16, 21, 23], [0, 1, 4, 5], [0, 7, 8, 10], [0, 1, 7, 8], [0, 4, 5, 6], [1, 2, 8, 9], [0, 1, 2, 3], [0, 1, 4, 7], [3, 5, 9, 10], [5, 11, 13, 14], [0, 1, 3, 6], [2, 3, 5, 9], [0, 6, 7, 8], [0, 1, 2, 3], [0, 1, 5, 6], [0, 1, 4, 5], [0, 7, 11, 16], [1, 6, 7, 12], [3, 4, 5, 13], [0, 2, 6, 7], [2, 3, 4, 10], [1, 2, 3, 4], [1, 2, 3, 4], [0, 1, 3, 5], [3, 5, 7, 11], [2, 3, 6, 9], [1, 3, 4, 6], [0, 1, 2, 3], [0, 2, 4, 7], [2, 3, 5, 10], [2, 6, 10, 11], [0, 1, 3, 6], [2, 6, 11, 19], [0, 1, 2, 6], [1, 5, 6, 11], [0, 3, 8, 13], [4, 5, 7, 8], [0, 2, 3, 7], [5, 7, 12, 13], [0, 1, 2, 3], [2, 3, 4, 6], [0, 1, 2, 11], [1, 2, 13, 15], [4, 5, 7, 12], [5, 8, 9, 11], [0, 3, 6, 9], [4, 6, 12, 13]]",4,1.0630738735198975,128,learned,0.3333333333333333,3072,4.0,124,1.1153136491775513,53,24 0 32 40,1529,0.35735997557640076,test,top_r_mean,0.0,0.5,1.0,0.75
0.08371484630477437,1.0,48,0.0,31,30.948499916121364,hotpotqa,1.3333333333333333,0.25,0.3333333333333333,0.0,5ab2b863554299295394685a,mean,0.3546099290780142,0.04464203864336014,"[[0, 1, 4, 5], [16, 21, 23, 24], [0, 1, 4, 5], [7, 8, 10, 21], [0, 1, 3, 7], [0, 4, 5, 6], [1, 2, 8, 9], [0, 1, 2, 3], [0, 1, 4, 7], [3, 5, 9, 10], [5, 13, 14, 15], [0, 1, 6, 10], [2, 3, 5, 9], [0, 6, 7, 8], [1, 2, 3, 5], [0, 1, 5, 6], [0, 1, 4, 5], [0, 7, 11, 18], [1, 2, 7, 12], [3, 4, 5, 13], [0, 2, 6, 12], [2, 3, 4, 10], [1, 2, 3, 4], [2, 3, 4, 8], [0, 1, 5, 6], [3, 5, 7, 11], [2, 3, 6, 9], [1, 4, 6, 10], [0, 1, 3, 6], [2, 4, 7, 13], [2, 3, 5, 10], [2, 10, 11, 13], [0, 1, 3, 7], [2, 6, 11, 19], [0, 1, 2, 6], [1, 5, 6, 11], [0, 3, 8, 13], [5, 7, 8, 10], [0, 2, 7, 8], [5, 7, 12, 13], [0, 1, 3, 4], [2, 3, 4, 7], [1, 2, 11, 12], [2, 10, 13, 15], [5, 7, 12, 14], [5, 8, 9, 11], [3, 6, 9, 12], [4, 6, 12, 13]]",4,1.0089519023895264,128,learned,0.5,3072,4.0,124,1.0591905117034912,71,24 32 0 40,1529,0.49196699261665344,test,top_r_mean,0.0,0.5,1.0,0.75
0.08371484630477437,1.0,48,0.0,31,36.6181000135839,hotpotqa,1.3333333333333333,0.25,0.3333333333333333,0.0,5ab2b863554299295394685a,mean,0.5460992907801419,0.011055650189518929,"[[0, 1, 5, 6, 7, 14, 16, 30], [16, 21, 23, 24, 25, 28, 29, 30], [1, 4, 5, 11, 16, 23, 25, 30], [7, 8, 10, 21, 22, 23, 30, 31], [0, 1, 7, 8, 15, 16, 23, 30], [4, 5, 6, 8, 10, 11, 12, 21], [1, 2, 8, 9, 10, 14, 16, 17], [0, 1, 2, 3, 4, 5, 10, 27], [0, 1, 4, 7, 9, 10, 24, 29], [3, 5, 9, 10, 22, 24, 25, 27], [5, 13, 14, 15, 20, 21, 23, 24], [0, 1, 3, 6, 16, 19, 21, 22], [2, 3, 5, 9, 10, 24, 26, 27], [0, 6, 7, 8, 10, 16, 21, 31], [1, 2, 3, 6, 7, 25, 28, 29], [0, 1, 5, 6, 11, 13, 18, 23], [0, 1, 2, 4, 5, 6, 16, 18], [0, 7, 11, 16, 18, 26, 29, 31], [1, 6, 7, 12, 13, 21, 28, 29], [3, 4, 5, 13, 18, 22, 30, 31], [2, 6, 7, 12, 13, 25, 28, 31], [2, 3, 4, 10, 16, 23, 24, 27], [1, 2, 3, 4, 5, 23, 25, 29], [1, 2, 4, 8, 20, 26, 28, 31], [0, 1, 5, 6, 12, 13, 15, 27], [3, 5, 7, 11, 12, 17, 24, 27], [2, 3, 6, 9, 12, 16, 23, 31], [1, 4, 6, 10, 11, 17, 21, 26], [0, 1, 2, 3, 6, 8, 9, 23], [2, 4, 7, 13, 19, 20, 22, 27], [2, 5, 10, 19, 20, 21, 23, 25], [2, 10, 11, 13, 18, 24, 29, 30], [0, 1, 3, 7, 11, 18, 25, 27], [2, 6, 11, 19, 26, 28, 29, 30], [0, 1, 2, 6, 7, 18, 19, 30], [5, 6, 11, 12, 13, 18, 28, 30], [3, 4, 5, 13, 14, 15, 27, 28], [5, 7, 8, 10, 15, 17, 20, 21], [0, 2, 7, 8, 9, 12, 17, 22], [5, 7, 12, 13, 15, 20, 21, 22], [0, 1, 2, 3, 8, 9, 16, 23], [2, 3, 4, 6, 7, 8, 9, 17], [0, 2, 11, 12, 14, 19, 21, 29], [1, 2, 13, 15, 26, 27, 28, 30], [4, 5, 7, 12, 18, 26, 27, 28], [5, 8, 9, 11, 13, 14, 21, 22], [3, 6, 9, 10, 12, 20, 22, 28], [4, 6, 12, 13, 14, 15, 21, 24]]",8,0.4352610111236572,128,learned,0.3333333333333333,6144,4.0,124,0.4608956575393677,11,0 24 32 40,1529,0.715588390827179,test,top_r_mean,0.0,0.5,1.0,0.75
0.08371484630477437,1.0,48,0.0,31,32.16259996406734,hotpotqa,1.3333333333333333,0.25,0.3333333333333333,0.0,5ab2b863554299295394685a,mean,0.601063829787234,0.011635519564151764,"[[0, 1, 5, 6, 7, 14, 16, 30], [7, 16, 23, 24, 25, 28, 29, 30], [0, 1, 4, 5, 11, 16, 23, 25], [7, 8, 10, 21, 22, 23, 28, 30], [0, 1, 7, 8, 16, 22, 23, 30], [0, 4, 5, 6, 8, 10, 12, 21], [1, 2, 8, 9, 14, 16, 17, 31], [0, 1, 2, 3, 5, 10, 13, 27], [0, 1, 4, 7, 9, 10, 24, 29], [3, 5, 9, 10, 20, 24, 25, 30], [5, 13, 14, 15, 20, 21, 23, 24], [0, 1, 3, 6, 14, 16, 21, 22], [2, 3, 5, 9, 10, 24, 26, 27], [0, 6, 7, 8, 9, 10, 21, 31], [0, 1, 2, 3, 6, 7, 25, 29], [0, 1, 5, 6, 13, 18, 23, 31], [0, 1, 2, 4, 5, 6, 18, 30], [0, 6, 7, 11, 18, 26, 29, 31], [1, 6, 7, 12, 13, 15, 21, 28], [3, 4, 5, 13, 18, 20, 22, 30], [0, 2, 6, 7, 12, 13, 25, 28], [2, 3, 4, 10, 16, 23, 24, 31], [1, 2, 3, 4, 5, 8, 25, 29], [2, 4, 8, 20, 23, 26, 28, 31], [0, 1, 5, 6, 13, 15, 24, 27], [3, 5, 7, 11, 17, 22, 24, 27], [2, 3, 6, 9, 12, 16, 23, 31], [1, 4, 6, 10, 11, 17, 19, 26], [0, 1, 3, 6, 8, 9, 23, 31], [0, 2, 4, 7, 19, 20, 22, 27], [2, 3, 5, 10, 19, 20, 21, 23], [1, 2, 10, 11, 13, 18, 24, 30], [0, 1, 3, 7, 11, 18, 25, 27], [2, 5, 6, 11, 19, 26, 28, 30], [0, 1, 2, 6, 7, 13, 19, 30], [5, 6, 11, 13, 18, 20, 28, 30], [0, 3, 6, 13, 14, 15, 27, 28], [5, 7, 8, 10, 15, 17, 20, 21], [0, 2, 7, 8, 9, 10, 29, 31], [5, 7, 12, 13, 15, 20, 21, 22], [0, 1, 3, 8, 15, 16, 23, 25], [2, 3, 4, 6, 7, 8, 9, 17], [1, 2, 11, 12, 14, 19, 21, 29], [1, 2, 10, 13, 15, 26, 28, 30], [4, 5, 7, 12, 14, 18, 26, 27], [5, 8, 9, 11, 13, 14, 22, 30], [0, 3, 6, 12, 20, 22, 26, 28], [4, 6, 12, 13, 14, 15, 21, 24]]",8,0.4278082549571991,128,learned,0.25,6144,4.0,124,0.4586767256259918,23,0 24 40 32,1529,0.7654146552085876,test,top_r_mean,0.0,0.5,1.0,0.75
0.08371484630477437,1.0,48,0.0,31,32.769300043582916,hotpotqa,1.3333333333333333,0.25,0.3333333333333333,0.0,5ab2b863554299295394685a,mean,0.5602836879432624,0.011214205995202065,"[[0, 1, 5, 6, 7, 14, 16, 30], [4, 16, 21, 23, 24, 25, 28, 30], [0, 1, 4, 5, 11, 16, 23, 25], [5, 7, 8, 10, 21, 22, 23, 30], [0, 1, 3, 7, 8, 16, 22, 23], [0, 4, 5, 6, 8, 10, 12, 21], [1, 2, 8, 9, 14, 16, 17, 31], [0, 1, 2, 3, 4, 5, 10, 27], [0, 1, 4, 7, 9, 10, 24, 29], [3, 5, 9, 10, 11, 20, 24, 25], [5, 13, 14, 15, 20, 21, 23, 24], [0, 1, 3, 6, 14, 16, 19, 22], [2, 3, 5, 7, 9, 10, 24, 27], [0, 6, 7, 8, 9, 10, 21, 31], [0, 1, 2, 3, 6, 7, 25, 29], [0, 1, 5, 6, 11, 13, 18, 23], [0, 1, 2, 4, 5, 6, 18, 27], [0, 6, 7, 11, 18, 26, 29, 31], [1, 6, 7, 12, 13, 21, 28, 29], [3, 4, 5, 13, 18, 22, 30, 31], [0, 2, 6, 7, 12, 13, 25, 28], [2, 3, 4, 10, 16, 23, 24, 31], [1, 2, 3, 4, 5, 8, 25, 29], [1, 2, 4, 8, 9, 20, 26, 31], [0, 1, 5, 6, 12, 13, 15, 27], [3, 5, 7, 11, 12, 17, 24, 27], [2, 3, 6, 9, 12, 16, 23, 31], [1, 3, 4, 6, 10, 11, 17, 21], [0, 1, 2, 3, 6, 8, 9, 23], [0, 2, 4, 7, 19, 20, 22, 27], [2, 3, 5, 10, 19, 20, 21, 23], [1, 2, 10, 11, 13, 18, 24, 30], [0, 1, 3, 6, 7, 11, 18, 25], [2, 5, 6, 11, 19, 26, 28, 30], [0, 1, 2, 6, 7, 13, 19, 30], [5, 6, 11, 12, 13, 18, 28, 30], [3, 5, 8, 13, 14, 15, 27, 28], [5, 7, 8, 10, 15, 17, 20, 21], [0, 2, 7, 8, 9, 10, 12, 22], [5, 7, 12, 13, 15, 20, 21, 22], [0, 1, 3, 8, 9, 16, 22, 23], [2, 3, 4, 6, 7, 8, 9, 17], [0, 1, 2, 11, 12, 14, 19, 21], [1, 2, 13, 15, 26, 27, 28, 30], [4, 5, 7, 12, 14, 18, 26, 27], [5, 8, 9, 11, 13, 14, 16, 22], [0, 3, 6, 9, 12, 20, 22, 28], [4, 6, 12, 13, 14, 15, 21, 24]]",8,0.4318360984325409,128,learned,0.3333333333333333,6144,4.0,124,0.4597272276878357,37,0 24 32 40,1529,0.7298089265823364,test,top_r_mean,0.0,0.5,1.0,0.875
0.08371484630477437,1.0,48,0.0,31,37.707499926909804,hotpotqa,1.3333333333333333,0.25,0.3333333333333333,0.0,5ab2b863554299295394685a,mean,0.6170212765957447,0.008979685604572296,"[[0, 1, 4, 5, 6, 7, 14, 30], [4, 16, 21, 23, 24, 25, 28, 30], [0, 1, 4, 5, 11, 16, 23, 25], [0, 7, 8, 10, 21, 22, 23, 30], [0, 1, 7, 8, 16, 22, 23, 30], [0, 4, 5, 6, 8, 10, 12, 21], [1, 2, 8, 9, 14, 16, 17, 31], [0, 1, 2, 3, 5, 10, 13, 27], [0, 1, 4, 7, 9, 10, 24, 29], [3, 5, 9, 10, 20, 24, 25, 30], [5, 11, 13, 14, 15, 20, 21, 24], [0, 1, 3, 6, 14, 16, 19, 22], [2, 3, 5, 9, 10, 24, 26, 27], [0, 6, 7, 8, 9, 10, 21, 31], [0, 1, 2, 3, 6, 7, 25, 29], [0, 1, 5, 6, 13, 18, 23, 31], [0, 1, 4, 5, 6, 16, 18, 27], [0, 7, 11, 16, 18, 26, 29, 31], [1, 6, 7, 12, 13, 21, 28, 29], [3, 4, 5, 13, 18, 22, 30, 31], [0, 2, 6, 7, 12, 13, 25, 28], [2, 3, 4, 10, 16, 23, 24, 27], [1, 2, 3, 4, 5, 23, 25, 29], [1, 2, 3, 4, 8, 20, 26, 31], [0, 1, 3, 5, 6, 13, 15, 27], [3, 5, 7, 11, 12, 17, 24, 27], [2, 3, 6, 9, 12, 16, 23, 31], [1, 3, 4, 6, 10, 11, 17, 21], [0, 1, 2, 3, 6, 8, 9, 23], [0, 2, 4, 7, 19, 20, 22, 27], [2, 3, 5, 10, 19, 20, 21, 25], [2, 6, 10, 11, 13, 18, 24, 30], [0, 1, 3, 6, 7, 11, 18, 25], [2, 6, 11, 19, 26, 28, 29, 30], [0, 1, 2, 6, 7, 18, 19, 30], [1, 5, 6, 11, 13, 18, 28, 30], [0, 3, 8, 13, 14, 15, 27, 28], [4, 5, 7, 8, 10, 15, 17, 20], [0, 2, 3, 7, 8, 9, 10, 12], [5, 7, 12, 13, 15, 20, 21, 22], [0, 1, 2, 3, 8, 9, 16, 23], [2, 3, 4, 6, 7, 8, 9, 17], [0, 1, 2, 11, 12, 19, 21, 29], [1, 2, 13, 15, 26, 27, 28, 30], [4, 5, 7, 12, 14, 18, 26, 27], [5, 8, 9, 11, 13, 14, 22, 30], [0, 3, 6, 9, 12, 20, 22, 28], [4, 6, 12, 13, 14, 15, 21, 24]]",8,0.43258917331695557,128,learned,0.3333333333333333,6144,4.0,124,0.4547443985939026,53,24 0 32 40,1529,0.7772470712661743,test,top_r_mean,0.0,0.5,1.0,0.875
0.08371484630477437,1.0,48,0.0,31,29.686899855732918,hotpotqa,1.3333333333333333,0.25,0.3333333333333333,0.0,5ab2b863554299295394685a,mean,0.6702127659574468,0.006559412926435471,"[[0, 1, 4, 5, 6, 7, 14, 30], [16, 21, 23, 24, 25, 28, 29, 30], [0, 1, 4, 5, 11, 16, 23, 25], [7, 8, 10, 21, 22, 23, 30, 31], [0, 1, 3, 7, 8, 16, 23, 30], [0, 4, 5, 6, 8, 10, 12, 21], [1, 2, 8, 9, 14, 16, 17, 31], [0, 1, 2, 3, 5, 10, 13, 27], [0, 1, 4, 7, 9, 10, 24, 29], [3, 5, 9, 10, 20, 24, 25, 27], [5, 13, 14, 15, 18, 20, 21, 24], [0, 1, 6, 10, 14, 16, 19, 22], [2, 3, 5, 9, 10, 24, 26, 27], [0, 6, 7, 8, 9, 10, 21, 31], [1, 2, 3, 5, 6, 7, 25, 29], [0, 1, 5, 6, 13, 18, 23, 31], [0, 1, 4, 5, 6, 16, 18, 30], [0, 7, 11, 18, 26, 28, 29, 31], [1, 2, 7, 12, 13, 21, 28, 29], [3, 4, 5, 13, 18, 22, 30, 31], [0, 2, 6, 12, 13, 25, 28, 30], [2, 3, 4, 10, 16, 23, 24, 31], [1, 2, 3, 4, 5, 23, 25, 29], [2, 3, 4, 8, 14, 20, 26, 31], [0, 1, 5, 6, 9, 13, 15, 27], [3, 5, 7, 11, 12, 17, 24, 27], [2, 3, 6, 9, 12, 16, 23, 31], [1, 4, 6, 10, 11, 17, 21, 26], [0, 1, 3, 6, 8, 9, 23, 26], [2, 4, 7, 13, 19, 20, 22, 27], [2, 3, 5, 10, 19, 20, 21, 23], [2, 10, 11, 13, 14, 18, 24, 30], [0, 1, 3, 7, 11, 18, 25, 27], [2, 6, 11, 19, 26, 28, 29, 30], [0, 1, 2, 6, 7, 18, 19, 30], [1, 5, 6, 11, 13, 18, 28, 30], [0, 3, 8, 13, 14, 15, 27, 28], [5, 7, 8, 10, 15, 17, 20, 21], [0, 2, 7, 8, 9, 12, 24, 31], [5, 7, 12, 13, 20, 21, 22, 24], [0, 1, 3, 4, 8, 9, 16, 25], [2, 3, 4, 7, 8, 9, 14, 17], [1, 2, 11, 12, 14, 19, 21, 29], [2, 10, 13, 15, 26, 27, 28, 30], [5, 7, 12, 14, 18, 26, 27, 28], [5, 8, 9, 11, 13, 14, 20, 22], [3, 6, 9, 12, 20, 22, 26, 28], [4, 6, 12, 13, 14, 15, 21, 24]]",8,0.4125790596008301,128,learned,0.25,6144,4.0,124,0.4295709729194641,71,24 0 40 32,1529,0.8355406522750854,test,top_r_mean,0.0,0.5,1.0,0.75
0.1111111111111111,1.0,36,0.0,32,25.23009991273284,hotpotqa,1.0,0.25,0.25,0.0,5a710a915542994082a3e504,mean,0.4222222222222222,1.3557919263839722,"[[0], [5], [0], [4], [5], [0], [1], [1], [0], [6], [6], [0], [1], [7], [2], [4], [0], [0], [0], [0], [2], [2], [0], [6], [0], [7], [10], [10], [1], [2], [11], [0], [0], [1], [0], [0]]",1,1.1917040348052979,128,learned,1.0,576,4.0,128,1.3831427097320557,11,24 0 32 16,1152,0.5879021286964417,test,top_r_mean,1.0,0.5,1.0,0.875
0.1111111111111111,1.0,36,0.0,32,21.857599960640073,hotpotqa,1.0,0.25,0.25,0.0,5a710a915542994082a3e504,mean,0.40634920634920635,1.3225117921829224,"[[0], [5], [0], [4], [5], [0], [1], [1], [0], [6], [6], [0], [1], [7], [2], [4], [0], [0], [0], [0], [7], [2], [0], [5], [0], [7], [10], [6], [1], [2], [11], [0], [0], [0], [0], [0]]",1,1.1449544429779053,128,learned,1.0,576,4.0,128,1.3633114099502563,23,24 0 32 16,1152,0.5588158965110779,test,top_r_mean,1.0,0.5,1.0,0.75
0.1111111111111111,1.0,36,0.0,32,27.344899950549006,hotpotqa,1.0,0.25,0.25,0.0,5a710a915542994082a3e504,mean,0.4222222222222222,1.3494813442230225,"[[0], [1], [0], [4], [5], [0], [1], [1], [0], [6], [6], [0], [1], [7], [2], [4], [0], [0], [0], [0], [2], [2], [0], [6], [0], [7], [10], [6], [1], [2], [11], [0], [0], [0], [0], [0]]",1,1.1886833906173706,128,learned,1.0,576,4.0,128,1.3998814821243286,37,24 0 32 16,1152,0.5830115675926208,test,top_r_mean,1.0,0.5,1.0,0.75
0.1111111111111111,1.0,36,0.0,32,28.47220003604889,hotpotqa,1.0,0.25,0.25,0.0,5a710a915542994082a3e504,mean,0.4253968253968254,1.3421611785888672,"[[0], [1], [0], [4], [5], [0], [1], [1], [0], [0], [6], [0], [1], [7], [0], [4], [0], [0], [0], [0], [2], [2], [0], [6], [0], [7], [10], [6], [1], [2], [11], [0], [0], [0], [0], [0]]",1,1.1772741079330444,128,learned,1.0,576,4.0,128,1.387102484703064,53,24 0 32 16,1152,0.5814670920372009,test,top_r_mean,1.0,0.5,1.0,0.75
0.1111111111111111,1.0,36,0.0,32,24.054299807175994,hotpotqa,1.0,0.25,0.25,0.0,5a710a915542994082a3e504,mean,0.43174603174603177,1.3525309562683105,"[[0], [5], [0], [4], [5], [0], [1], [1], [0], [0], [1], [0], [1], [7], [0], [4], [0], [0], [0], [0], [2], [2], [0], [6], [0], [7], [10], [10], [1], [2], [11], [0], [0], [1], [0], [0]]",1,1.1870379447937012,128,learned,1.0,576,4.0,128,1.3725417852401733,71,24 0 32 16,1152,0.5912483334541321,test,top_r_mean,1.0,0.5,1.0,0.875
0.1111111111111111,1.0,36,0.0,32,31.4754000864923,hotpotqa,1.0,0.25,0.25,0.0,5a710a915542994082a3e504,mean,0.5492063492063493,0.23983481526374817,"[[0, 4], [5, 6], [0, 1], [4, 5], [5, 6], [0, 1], [1, 2], [1, 3], [0, 1], [6, 7], [6, 9], [0, 1], [1, 2], [7, 8], [2, 3], [4, 5], [0, 1], [0, 2], [0, 1], [0, 1], [2, 10], [2, 5], [0, 5], [6, 7], [0, 1], [7, 9], [10, 11], [10, 11], [1, 4], [2, 3], [11, 12], [0, 3], [0, 1], [1, 2], [0, 1], [0, 3]]",2,0.8336858749389648,128,learned,1.0,1152,4.0,128,0.8996579051017761,11,24 32 0 8,1152,0.7214928865432739,test,top_r_mean,1.0,0.5,0.75,0.875
0.1111111111111111,1.0,36,0.0,32,24.853300070390105,hotpotqa,1.0,0.25,0.25,0.0,5a710a915542994082a3e504,mean,0.5650793650793651,0.2463512271642685,"[[0, 4], [5, 6], [0, 1], [4, 5], [5, 6], [0, 2], [1, 2], [1, 3], [0, 1], [6, 7], [6, 9], [0, 1], [1, 2], [7, 8], [2, 3], [4, 5], [0, 2], [0, 2], [0, 1], [0, 1], [7, 10], [2, 5], [0, 5], [5, 6], [0, 1], [7, 9], [10, 11], [6, 10], [1, 4], [2, 3], [11, 12], [0, 1], [0, 1], [0, 1], [0, 1], [0, 3]]",2,0.8198243379592896,128,learned,1.0,1152,4.0,128,0.8887462019920349,23,24 32 16 0,1152,0.7276704907417297,test,top_r_mean,1.0,0.5,1.0,0.875
0.1111111111111111,1.0,36,0.0,32,25.00889985822141,hotpotqa,1.0,0.25,0.25,0.0,5a710a915542994082a3e504,mean,0.5746031746031746,0.25617945194244385,"[[0, 4], [1, 5], [0, 1], [4, 5], [5, 6], [0, 1], [1, 2], [1, 3], [0, 1], [6, 7], [6, 9], [0, 1], [1, 2], [7, 8], [2, 3], [4, 5], [0, 2], [0, 2], [0, 1], [0, 1], [2, 7], [2, 5], [0, 5], [6, 7], [0, 1], [7, 9], [10, 11], [6, 10], [1, 4], [2, 3], [11, 12], [0, 1], [0, 1], [0, 1], [0, 1], [0, 3]]",2,0.8451300859451294,128,learned,1.0,1152,4.0,128,0.914911687374115,37,24 32 16 0,1152,0.7323036789894104,test,top_r_mean,1.0,0.5,1.0,0.875
0.1111111111111111,1.0,36,0.0,32,22.55890006199479,hotpotqa,1.0,0.25,0.25,0.0,5a710a915542994082a3e504,mean,0.5619047619047619,0.2304982841014862,"[[0, 1], [1, 5], [0, 1], [4, 5], [5, 6], [0, 1], [1, 2], [1, 3], [0, 1], [0, 6], [6, 9], [0, 1], [1, 2], [7, 8], [0, 2], [4, 5], [0, 1], [0, 2], [0, 1], [0, 1], [2, 7], [2, 5], [0, 1], [6, 7], [0, 1], [7, 9], [10, 11], [6, 10], [1, 4], [2, 3], [11, 12], [0, 1], [0, 1], [0, 1], [0, 1], [0, 3]]",2,0.82695072889328,128,learned,1.0,1152,4.0,128,0.9079882502555847,53,24 32 8 0,1152,0.7323036789894104,test,top_r_mean,1.0,0.5,0.75,0.875
0.1111111111111111,1.0,36,0.0,32,25.494699832051992,hotpotqa,1.0,0.25,0.25,0.0,5a710a915542994082a3e504,mean,0.5333333333333333,0.2784978747367859,"[[0, 4], [5, 6], [0, 1], [4, 5], [5, 6], [0, 2], [1, 4], [1, 3], [0, 1], [0, 6], [1, 6], [0, 1], [1, 2], [7, 8], [0, 2], [4, 5], [0, 4], [0, 2], [0, 1], [0, 1], [2, 10], [2, 5], [0, 1], [6, 7], [0, 1], [7, 9], [10, 11], [10, 11], [1, 4], [2, 3], [11, 12], [0, 3], [0, 1], [1, 2], [0, 1], [0, 3]]",2,0.8482469916343689,128,learned,0.5,1152,4.0,128,0.9075995683670044,71,16 24 32 0,1152,0.7081080675125122,test,top_r_mean,0.0,1.0,1.0,0.75
0.1111111111111111,1.0,36,0.0,32,29.692100128158927,hotpotqa,1.0,0.25,0.25,0.0,5a710a915542994082a3e504,mean,0.5841269841269842,0.024343367666006088,"[[0, 4, 5, 11], [5, 6, 7, 9], [0, 1, 6, 12], [4, 5, 7, 8], [5, 6, 8, 11], [0, 1, 2, 4], [1, 2, 5, 6], [1, 3, 4, 10], [0, 1, 2, 7], [6, 7, 8, 9], [6, 9, 13, 14], [0, 1, 5, 10], [1, 2, 7, 18], [7, 8, 9, 11], [2, 3, 4, 11], [4, 5, 6, 7], [0, 1, 2, 4], [0, 2, 4, 5], [0, 1, 2, 3], [0, 1, 5, 9], [2, 10, 17, 18], [2, 5, 14, 16], [0, 5, 6, 7], [6, 7, 8, 10], [0, 1, 2, 3], [7, 9, 10, 11], [10, 11, 16, 19], [10, 11, 14, 15], [1, 4, 6, 12], [2, 3, 6, 7], [11, 12, 13, 18], [0, 3, 4, 13], [0, 1, 5, 6], [1, 2, 12, 20], [0, 1, 6, 10], [0, 3, 6, 7]]",4,0.8260102272033691,128,learned,0.25,2304,4.0,128,0.8554873466491699,11,0 8 32 24,1152,0.7737451195716858,test,top_r_mean,0.0,0.0,0.75,0.75
0.1111111111111111,1.0,36,0.0,32,30.844700057059526,hotpotqa,1.0,0.25,0.25,0.0,5a710a915542994082a3e504,mean,0.5777777777777777,0.030870158225297928,"[[0, 4, 5, 11], [5, 6, 7, 9], [0, 1, 6, 12], [4, 5, 7, 8], [5, 6, 7, 8], [0, 2, 4, 10], [1, 2, 5, 6], [1, 3, 4, 10], [0, 1, 2, 6], [6, 7, 8, 9], [6, 9, 13, 14], [0, 1, 5, 10], [1, 2, 6, 7], [7, 8, 9, 11], [2, 3, 4, 6], [4, 5, 6, 7], [0, 2, 4, 6], [0, 2, 5, 7], [0, 1, 2, 3], [0, 1, 2, 3], [7, 10, 17, 18], [2, 5, 11, 14], [0, 5, 6, 7], [5, 6, 7, 8], [0, 1, 2, 6], [7, 9, 10, 12], [10, 11, 16, 19], [6, 10, 11, 14], [1, 4, 6, 12], [2, 3, 4, 7], [11, 12, 13, 18], [0, 1, 3, 14], [0, 1, 5, 6], [0, 1, 2, 12], [0, 1, 6, 11], [0, 3, 6, 7]]",4,0.8374728560447693,128,learned,0.3333333333333333,2304,4.0,128,0.8757119178771973,23,16 0 24 32,1152,0.7469754815101624,test,top_r_mean,0.0,0.5,1.0,0.75
0.1111111111111111,0.0,36,0.0,32,26.19060012511909,hotpotqa,1.0,0.0,0.0,0.0,5a710a915542994082a3e504,mean,0.6031746031746031,0.027485156431794167,"[[0, 4, 5, 11], [1, 5, 6, 7], [0, 1, 6, 12], [4, 5, 7, 8], [5, 6, 7, 8], [0, 1, 2, 4], [1, 2, 5, 6], [1, 3, 4, 10], [0, 1, 2, 7], [6, 7, 8, 9], [6, 9, 13, 14], [0, 1, 5, 10], [1, 2, 6, 7], [7, 8, 9, 11], [2, 3, 4, 9], [4, 5, 6, 7], [0, 2, 4, 6], [0, 2, 5, 7], [0, 1, 2, 3], [0, 1, 2, 3], [2, 7, 10, 17], [2, 5, 14, 16], [0, 5, 6, 7], [6, 7, 8, 10], [0, 1, 2, 3], [7, 9, 10, 12], [10, 11, 15, 16], [6, 10, 11, 14], [1, 4, 6, 12], [2, 3, 4, 6], [11, 12, 13, 18], [0, 1, 3, 4], [0, 1, 5, 6], [0, 1, 2, 12], [0, 1, 6, 10], [0, 3, 6, 7]]",4,0.8320148587226868,128,learned,0.0,2304,4.0,128,0.8638506531715393,37,16 0 8 32,1152,0.7685971260070801,test,top_r_mean,0.0,0.5,0.75,0.75
0.1111111111111111,1.0,36,0.0,32,23.09240004979074,hotpotqa,1.0,0.25,0.25,0.0,5a710a915542994082a3e504,mean,0.5746031746031746,0.02629176899790764,"[[0, 1, 4, 5], [1, 5, 6, 7], [0, 1, 6, 12], [4, 5, 7, 8], [5, 6, 7, 8], [0, 1, 2, 4], [1, 2, 5, 6], [1, 3, 4, 9], [0, 1, 2, 6], [0, 6, 7, 8], [6, 9, 13, 14], [0, 1, 5, 10], [1, 2, 6, 7], [7, 8, 9, 11], [0, 2, 3, 4], [4, 5, 6, 7], [0, 1, 2, 4], [0, 2, 5, 7], [0, 1, 2, 3], [0, 1, 2, 4], [2, 7, 10, 17], [2, 5, 11, 14], [0, 1, 5, 6], [6, 7, 8, 10], [0, 1, 2, 6], [7, 9, 10, 11], [10, 11, 16, 19], [6, 10, 11, 14], [1, 4, 6, 12], [2, 3, 4, 6], [11, 12, 13, 18], [0, 1, 3, 4], [0, 1, 5, 6], [0, 1, 2, 12], [0, 1, 6, 10], [0, 3, 6, 7]]",4,0.8670609593391418,128,learned,1.0,2304,4.0,128,0.8997432589530945,53,24 32 8 16,1152,0.7382238507270813,test,top_r_mean,1.0,0.5,0.75,0.75
0.1111111111111111,1.0,36,0.0,32,30.664399964734912,hotpotqa,1.0,0.25,0.25,0.0,5a710a915542994082a3e504,mean,0.5904761904761905,0.03188353031873703,"[[0, 4, 5, 11], [5, 6, 7, 9], [0, 1, 6, 12], [4, 5, 7, 8], [5, 6, 7, 8], [0, 2, 4, 10], [1, 4, 5, 6], [1, 3, 4, 10], [0, 1, 2, 7], [0, 6, 7, 8], [1, 6, 9, 13], [0, 1, 5, 10], [1, 2, 7, 18], [7, 8, 9, 11], [0, 2, 3, 4], [4, 5, 6, 7], [0, 4, 5, 6], [0, 2, 5, 7], [0, 1, 2, 3], [0, 1, 2, 4], [2, 10, 17, 18], [2, 5, 14, 16], [0, 1, 5, 6], [6, 7, 10, 14], [0, 1, 2, 6], [7, 9, 10, 12], [10, 11, 16, 18], [10, 11, 14, 15], [1, 4, 6, 12], [2, 3, 6, 7], [11, 12, 13, 18], [0, 3, 13, 14], [0, 1, 5, 6], [1, 2, 12, 20], [0, 1, 5, 6], [0, 3, 6, 7]]",4,0.8528238534927368,128,learned,0.25,2304,4.0,128,0.8886701464653015,71,16 0 8 24,1152,0.7631916999816895,test,top_r_mean,0.0,0.5,0.75,0.75
0.1111111111111111,1.0,36,0.0,32,26.080199982970953,hotpotqa,1.0,0.25,0.25,0.0,5a710a915542994082a3e504,mean,0.7841269841269841,0.007486516609787941,"[[0, 4, 5, 11, 12, 17, 23, 24], [5, 6, 7, 9, 10, 11, 14, 19], [0, 1, 6, 12, 13, 14, 15, 28], [4, 5, 7, 8, 15, 25, 27, 28], [5, 6, 8, 11, 12, 15, 16, 18], [0, 1, 2, 4, 11, 12, 22, 25], [1, 2, 5, 6, 10, 14, 15, 27], [1, 3, 4, 10, 28, 29, 30, 31], [0, 1, 2, 7, 15, 16, 21, 28], [6, 7, 8, 9, 16, 17, 25, 30], [6, 9, 13, 14, 15, 20, 21, 26], [0, 1, 5, 10, 19, 21, 22, 23], [1, 2, 7, 18, 19, 20, 25, 29], [7, 8, 9, 11, 14, 16, 17, 30], [2, 3, 4, 11, 13, 14, 20, 21], [4, 5, 6, 7, 9, 10, 23, 28], [0, 1, 2, 4, 6, 12, 26, 31], [0, 2, 4, 5, 7, 11, 12, 19], [0, 1, 2, 3, 8, 9, 10, 11], [0, 1, 5, 9, 13, 14, 28, 29], [2, 10, 17, 18, 19, 22, 26, 27], [2, 5, 14, 16, 18, 19, 29, 31], [0, 5, 6, 7, 8, 10, 14, 21], [6, 7, 8, 10, 14, 18, 20, 30], [0, 1, 2, 3, 6, 9, 13, 19], [7, 9, 10, 11, 12, 14, 15, 28], [10, 11, 16, 19, 20, 21, 23, 24], [10, 11, 14, 15, 17, 20, 25, 30], [1, 4, 6, 12, 13, 14, 15, 23], [2, 3, 6, 7, 17, 18, 26, 31], [11, 12, 13, 18, 19, 22, 28, 31], [0, 3, 4, 13, 14, 16, 17, 18], [0, 1, 5, 6, 14, 20, 21, 24], [1, 2, 12, 20, 21, 22, 24, 28], [0, 1, 6, 10, 11, 13, 17, 18], [0, 3, 6, 7, 12, 20, 21, 31]]",8,0.35173550248146057,128,learned,0.25,4608,4.0,128,0.3728247582912445,11,16 32 0 24,1152,0.9091376066207886,test,top_r_mean,0.0,0.5,1.0,0.875
0.1111111111111111,1.0,36,0.0,32,24.039400042966008,hotpotqa,1.0,0.25,0.25,0.0,5a710a915542994082a3e504,mean,0.7301587301587301,0.010368894785642624,"[[0, 4, 5, 11, 12, 16, 17, 22], [5, 6, 7, 9, 10, 11, 13, 14], [0, 1, 6, 12, 13, 14, 15, 28], [4, 5, 7, 8, 15, 25, 27, 28], [5, 6, 7, 8, 11, 12, 15, 18], [0, 2, 4, 10, 11, 12, 22, 25], [1, 2, 5, 6, 8, 14, 15, 27], [1, 3, 4, 10, 28, 29, 30, 31], [0, 1, 2, 6, 7, 15, 16, 28], [6, 7, 8, 9, 16, 17, 25, 30], [6, 9, 13, 14, 15, 19, 21, 26], [0, 1, 5, 10, 19, 21, 22, 23], [1, 2, 6, 7, 18, 19, 20, 29], [7, 8, 9, 11, 14, 16, 20, 30], [2, 3, 4, 6, 9, 14, 17, 21], [4, 5, 6, 7, 9, 10, 23, 28], [0, 2, 4, 6, 12, 17, 26, 31], [0, 2, 5, 7, 8, 11, 12, 19], [0, 1, 2, 3, 8, 9, 10, 11], [0, 1, 2, 3, 4, 5, 13, 14], [7, 10, 17, 18, 19, 22, 26, 27], [2, 5, 11, 14, 18, 19, 29, 31], [0, 5, 6, 7, 8, 14, 25, 26], [5, 6, 7, 8, 10, 18, 20, 30], [0, 1, 2, 6, 9, 11, 13, 19], [7, 9, 10, 12, 14, 15, 25, 28], [10, 11, 16, 19, 20, 21, 23, 24], [6, 10, 11, 14, 15, 17, 20, 30], [1, 4, 6, 12, 13, 14, 15, 23], [2, 3, 4, 7, 17, 18, 26, 31], [11, 12, 13, 18, 19, 22, 28, 31], [0, 1, 3, 14, 15, 16, 17, 18], [0, 1, 5, 6, 14, 19, 20, 21], [0, 1, 2, 12, 20, 21, 22, 28], [0, 1, 6, 11, 12, 13, 17, 18], [0, 3, 6, 7, 12, 20, 21, 30]]",8,0.3758121430873871,128,learned,0.3333333333333333,4608,4.0,128,0.40490517020225525,23,16 32 24 0,1152,0.8854568600654602,test,top_r_mean,0.0,0.5,1.0,0.75
0.1111111111111111,1.0,36,0.0,32,29.916099971160293,hotpotqa,1.0,0.25,0.25,0.0,5a710a915542994082a3e504,mean,0.7587301587301587,0.008960774168372154,"[[0, 4, 5, 11, 12, 17, 22, 24], [1, 5, 6, 7, 9, 10, 11, 14], [0, 1, 6, 12, 13, 14, 15, 28], [4, 5, 7, 8, 15, 25, 27, 28], [5, 6, 7, 8, 11, 12, 15, 18], [0, 1, 2, 4, 10, 11, 12, 22], [1, 2, 5, 6, 10, 14, 15, 27], [1, 3, 4, 10, 28, 29, 30, 31], [0, 1, 2, 7, 15, 16, 28, 29], [6, 7, 8, 9, 16, 17, 25, 30], [6, 9, 13, 14, 15, 19, 21, 26], [0, 1, 5, 10, 19, 21, 22, 23], [1, 2, 6, 7, 18, 19, 20, 25], [7, 8, 9, 11, 14, 16, 17, 30], [2, 3, 4, 9, 11, 13, 14, 21], [4, 5, 6, 7, 9, 10, 23, 28], [0, 2, 4, 6, 12, 17, 26, 31], [0, 2, 5, 7, 8, 11, 12, 19], [0, 1, 2, 3, 8, 9, 10, 11], [0, 1, 2, 3, 4, 5, 9, 14], [2, 7, 10, 17, 18, 19, 22, 26], [2, 5, 14, 16, 18, 19, 29, 31], [0, 5, 6, 7, 8, 10, 14, 21], [6, 7, 8, 10, 14, 18, 20, 30], [0, 1, 2, 3, 6, 9, 11, 13], [7, 9, 10, 12, 14, 15, 25, 28], [10, 11, 15, 16, 19, 20, 21, 24], [6, 10, 11, 14, 15, 17, 20, 30], [1, 4, 6, 12, 13, 14, 15, 23], [2, 3, 4, 6, 7, 17, 26, 31], [11, 12, 13, 18, 19, 22, 28, 31], [0, 1, 3, 4, 14, 16, 17, 18], [0, 1, 5, 6, 14, 19, 20, 21], [0, 1, 2, 12, 20, 21, 22, 28], [0, 1, 6, 10, 11, 12, 13, 18], [0, 3, 6, 7, 10, 12, 21, 30]]",8,0.3609008491039276,128,learned,0.3333333333333333,4608,4.0,128,0.386774480342865,37,16 32 24 0,1152,0.9027026295661926,test,top_r_mean,0.0,0.5,1.0,0.875
0.1111111111111111,1.0,36,0.0,32,24.986500153318048,hotpotqa,1.0,0.25,0.25,0.0,5a710a915542994082a3e504,mean,0.7777777777777778,0.008251485414803028,"[[0, 1, 4, 5, 11, 17, 22, 24], [1, 5, 6, 7, 9, 10, 11, 14], [0, 1, 6, 12, 13, 14, 15, 28], [4, 5, 7, 8, 15, 25, 27, 28], [5, 6, 7, 8, 11, 12, 15, 18], [0, 1, 2, 4, 10, 12, 22, 25], [1, 2, 5, 6, 10, 14, 15, 27], [1, 3, 4, 9, 28, 29, 30, 31], [0, 1, 2, 6, 7, 15, 16, 28], [0, 6, 7, 8, 16, 17, 25, 30], [6, 9, 13, 14, 15, 19, 21, 26], [0, 1, 5, 10, 19, 21, 22, 23], [1, 2, 6, 7, 18, 19, 20, 29], [7, 8, 9, 11, 14, 16, 17, 30], [0, 2, 3, 4, 9, 11, 14, 21], [4, 5, 6, 7, 9, 10, 23, 28], [0, 1, 2, 4, 6, 12, 26, 31], [0, 2, 5, 7, 8, 11, 12, 19], [0, 1, 2, 3, 8, 9, 10, 11], [0, 1, 2, 4, 5, 9, 13, 14], [2, 7, 10, 17, 18, 19, 22, 26], [2, 5, 11, 14, 18, 19, 29, 31], [0, 1, 5, 6, 7, 8, 14, 21], [6, 7, 8, 10, 14, 18, 20, 30], [0, 1, 2, 6, 9, 11, 13, 19], [7, 9, 10, 11, 12, 14, 15, 28], [10, 11, 16, 19, 20, 21, 23, 24], [6, 10, 11, 14, 15, 17, 20, 30], [1, 4, 6, 12, 13, 14, 15, 23], [2, 3, 4, 6, 7, 17, 26, 31], [11, 12, 13, 18, 19, 22, 28, 31], [0, 1, 3, 4, 14, 16, 17, 18], [0, 1, 5, 6, 14, 19, 20, 21], [0, 1, 2, 12, 20, 21, 22, 28], [0, 1, 6, 10, 11, 12, 13, 18], [0, 3, 6, 7, 12, 21, 30, 31]]",8,0.35653120279312134,128,learned,0.3333333333333333,4608,4.0,128,0.3797653019428253,53,16 32 24 8,1152,0.9063062071800232,test,top_r_mean,0.0,0.5,0.75,0.875
0.1111111111111111,1.0,36,0.0,32,22.89580018259585,hotpotqa,1.0,0.25,0.25,0.0,5a710a915542994082a3e504,mean,0.7333333333333333,0.008807674050331116,"[[0, 4, 5, 11, 12, 17, 22, 24], [5, 6, 7, 9, 10, 11, 14, 19], [0, 1, 6, 12, 14, 15, 20, 28], [4, 5, 7, 8, 19, 25, 27, 28], [5, 6, 7, 8, 11, 12, 15, 18], [0, 2, 4, 10, 11, 12, 22, 25], [1, 4, 5, 6, 10, 14, 15, 27], [1, 3, 4, 10, 28, 29, 30, 31], [0, 1, 2, 7, 15, 16, 28, 29], [0, 6, 7, 8, 16, 17, 25, 30], [1, 6, 9, 13, 14, 15, 21, 26], [0, 1, 5, 10, 19, 21, 22, 23], [1, 2, 7, 18, 19, 20, 25, 29], [7, 8, 9, 11, 14, 16, 17, 30], [0, 2, 3, 4, 11, 14, 17, 21], [4, 5, 6, 7, 9, 10, 23, 28], [0, 4, 5, 6, 12, 17, 26, 31], [0, 2, 5, 7, 8, 11, 12, 19], [0, 1, 2, 3, 8, 9, 10, 11], [0, 1, 2, 4, 9, 13, 14, 28], [2, 10, 17, 18, 19, 22, 25, 26], [2, 5, 14, 16, 18, 19, 29, 31], [0, 1, 5, 6, 7, 8, 14, 21], [6, 7, 10, 14, 18, 20, 29, 30], [0, 1, 2, 6, 9, 13, 19, 20], [7, 9, 10, 12, 14, 15, 25, 28], [10, 11, 16, 18, 19, 20, 23, 24], [10, 11, 14, 15, 17, 20, 25, 30], [1, 4, 6, 12, 13, 14, 15, 23], [2, 3, 6, 7, 17, 18, 26, 31], [11, 12, 13, 18, 19, 22, 28, 31], [0, 3, 13, 14, 16, 17, 18, 23], [0, 1, 5, 6, 14, 20, 21, 24], [1, 2, 12, 20, 21, 22, 28, 30], [0, 1, 5, 6, 11, 12, 17, 18], [0, 3, 6, 7, 12, 21, 30, 31]]",8,0.3719320595264435,128,learned,0.5,4608,4.0,128,0.3969973921775818,71,16 24 32 0,1152,0.88339763879776,test,top_r_mean,0.0,1.0,1.0,0.75
0.10693400167084377,0.0,38,0.0,31,31.15509985946119,hotpotqa,0.8,0.0,0.0,0.0,5adc93a4554299438c868e01,mean,0.3200568990042674,1.1042535305023193,"[[0], [3], [1], [0], [3], [1], [1], [1], [0], [6], [4], [0], [2], [3], [1], [2], [0], [0], [0], [1], [5], [7], [2], [1], [0], [4], [0], [0], [0], [1], [8], [0], [0], [1], [2], [0], [2], [0]]",1,1.1668645143508911,128,learned,0.0,608,4.0,124,1.3023722171783447,11,0 24 32 16,1197,0.43516796827316284,test,top_r_mean,0.0,0.5,0.75,0.625
0.10693400167084377,0.0,38,0.0,31,24.127600016072392,hotpotqa,0.8,0.0,0.0,0.0,5adc93a4554299438c868e01,mean,0.3627311522048364,1.0318493843078613,"[[0], [3], [1], [0], [3], [1], [1], [5], [0], [7], [4], [0], [2], [3], [1], [2], [0], [0], [0], [1], [5], [7], [5], [1], [0], [4], [0], [0], [0], [0], [9], [0], [0], [0], [2], [0], [2], [0]]",1,1.073044776916504,128,learned,0.0,608,4.0,124,1.21384859085083,23,0 24 32 16,1197,0.4723711609840393,test,top_r_mean,0.0,0.5,0.75,0.625
0.10693400167084377,0.0,38,0.0,31,25.1694000326097,hotpotqa,0.8,0.0,0.0,0.0,5adc93a4554299438c868e01,mean,0.3541963015647226,1.083228349685669,"[[0], [3], [1], [0], [3], [1], [1], [1], [0], [7], [0], [0], [2], [3], [1], [1], [0], [0], [0], [1], [5], [7], [2], [1], [0], [4], [0], [0], [0], [0], [8], [0], [0], [0], [2], [0], [2], [0]]",1,1.1473112106323242,128,learned,0.0,608,4.0,124,1.2880134582519531,37,0 24 32 16,1197,0.46930739283561707,test,top_r_mean,0.0,0.5,0.75,0.75
0.10693400167084377,0.0,38,0.0,31,20.207799971103668,hotpotqa,0.8,0.0,0.0,0.0,5adc93a4554299438c868e01,mean,0.33428165007112376,1.0885225534439087,"[[0], [3], [1], [0], [3], [1], [1], [1], [0], [7], [4], [0], [2], [3], [1], [2], [0], [0], [0], [1], [5], [7], [2], [1], [0], [4], [0], [0], [0], [0], [8], [0], [0], [0], [2], [0], [2], [0]]",1,1.1497836112976074,128,learned,0.0,608,4.0,124,1.2841442823410034,53,0 24 32 16,1197,0.43954482674598694,test,top_r_mean,0.0,0.5,0.75,0.625
0.10693400167084377,0.0,38,0.0,31,29.83350004069507,hotpotqa,0.8,0.0,0.0,0.0,5adc93a4554299438c868e01,mean,0.3058321479374111,1.0495940446853638,"[[0], [3], [1], [0], [3], [2], [1], [1], [0], [7], [4], [0], [2], [3], [1], [2], [0], [0], [0], [1], [5], [7], [2], [1], [0], [4], [0], [0], [0], [1], [9], [0], [0], [1], [2], [0], [2], [0]]",1,1.087729811668396,128,learned,0.0,608,4.0,124,1.2360098361968994,71,0 24 32 16,1197,0.41350257396698,test,top_r_mean,0.0,0.5,0.75,0.625
0.10693400167084377,1.0,38,0.0,31,21.722499979659915,hotpotqa,0.8,0.25,0.2,0.0,5adc93a4554299438c868e01,mean,0.4310099573257468,0.19428132474422455,"[[0, 1], [3, 4], [1, 2], [0, 1], [3, 11], [1, 2], [1, 2], [1, 5], [0, 1], [6, 7], [4, 5], [0, 4], [2, 4], [3, 4], [1, 2], [2, 5], [0, 1], [0, 1], [0, 5], [1, 2], [5, 9], [7, 12], [2, 3], [1, 2], [0, 1], [4, 7], [0, 4], [0, 3], [0, 2], [1, 2], [8, 9], [0, 1], [0, 1], [1, 3], [2, 3], [0, 1], [2, 12], [0, 1]]",2,0.9226611256599426,128,learned,0.3333333333333333,1216,4.0,124,1.0027446746826172,11,24 16 8 32,1197,0.5688806772232056,test,top_r_mean,1.0,0.5,0.75,0.875
0.10693400167084377,1.0,38,0.0,31,21.645099855959415,hotpotqa,0.8,0.25,0.2,0.0,5adc93a4554299438c868e01,mean,0.45376955903271693,0.1822083443403244,"[[0, 2], [3, 4], [1, 2], [0, 1], [3, 11], [1, 2], [1, 2], [5, 11], [0, 1], [7, 8], [4, 5], [0, 4], [2, 4], [3, 4], [1, 2], [2, 5], [0, 1], [0, 1], [0, 5], [1, 2], [5, 9], [7, 12], [5, 6], [1, 2], [0, 1], [4, 7], [0, 4], [0, 6], [0, 2], [0, 1], [9, 12], [0, 1], [0, 1], [0, 1], [2, 3], [0, 1], [2, 12], [0, 1]]",2,0.835722804069519,128,learned,0.3333333333333333,1216,4.0,124,0.9128003120422363,23,24 16 8 0,1197,0.5771966576576233,test,top_r_mean,1.0,0.5,1.0,0.875
0.10693400167084377,1.0,38,0.0,31,19.256699830293655,hotpotqa,0.8,0.25,0.2,0.0,5adc93a4554299438c868e01,mean,0.41963015647226176,0.18352219462394714,"[[0, 1], [3, 4], [1, 2], [0, 1], [3, 11], [1, 2], [1, 2], [1, 5], [0, 1], [7, 8], [0, 4], [0, 4], [2, 3], [3, 4], [1, 2], [1, 2], [0, 1], [0, 1], [0, 5], [1, 2], [5, 9], [7, 12], [2, 5], [1, 2], [0, 1], [4, 7], [0, 4], [0, 3], [0, 2], [0, 1], [8, 9], [0, 1], [0, 1], [0, 1], [2, 3], [0, 1], [2, 12], [0, 1]]",2,0.8971755504608154,128,learned,0.3333333333333333,1216,4.0,124,0.9669814705848694,37,24 16 8 32,1197,0.5610023140907288,test,top_r_mean,1.0,0.5,0.75,0.875
0.10693400167084377,1.0,38,0.0,31,33.13820017501712,hotpotqa,0.8,0.25,0.2,0.0,5adc93a4554299438c868e01,mean,0.422475106685633,0.18951217830181122,"[[0, 1], [3, 4], [1, 2], [0, 1], [3, 11], [1, 2], [1, 2], [1, 5], [0, 1], [7, 8], [4, 5], [0, 4], [2, 3], [3, 4], [1, 2], [2, 5], [0, 1], [0, 1], [0, 5], [1, 2], [5, 9], [7, 12], [2, 3], [1, 2], [0, 1], [4, 7], [0, 4], [0, 3], [0, 2], [0, 1], [8, 9], [0, 1], [0, 1], [0, 1], [2, 3], [0, 1], [2, 12], [0, 1]]",2,0.9086815714836121,128,learned,0.3333333333333333,1216,4.0,124,0.9872637391090393,53,24 16 8 32,1197,0.5588138699531555,test,top_r_mean,1.0,0.5,0.75,0.875
0.10693400167084377,1.0,38,0.0,31,25.995699921622872,hotpotqa,0.8,0.25,0.2,0.0,5adc93a4554299438c868e01,mean,0.39971550497866287,0.19732312858104706,"[[0, 2], [3, 5], [1, 2], [0, 1], [3, 12], [2, 3], [1, 2], [1, 5], [0, 1], [7, 8], [4, 5], [0, 4], [2, 4], [3, 4], [1, 2], [2, 5], [0, 1], [0, 1], [0, 5], [1, 2], [5, 9], [7, 13], [2, 3], [1, 2], [0, 1], [4, 7], [0, 4], [0, 6], [0, 2], [1, 2], [9, 12], [0, 1], [0, 1], [1, 3], [2, 3], [0, 1], [2, 6], [0, 1]]",2,0.8575025796890259,128,learned,0.3333333333333333,1216,4.0,124,0.9531095027923584,71,24 16 8 0,1197,0.5115439295768738,test,top_r_mean,1.0,0.5,1.0,0.875
0.10693400167084377,1.0,38,0.0,31,25.063500041142106,hotpotqa,0.8,0.25,0.2,0.0,5adc93a4554299438c868e01,mean,0.40540540540540543,0.03513190895318985,"[[0, 1, 2, 5], [3, 4, 5, 6], [1, 2, 6, 8], [0, 1, 2, 5], [3, 11, 18, 19], [1, 2, 3, 5], [1, 2, 3, 5], [1, 5, 11, 13], [0, 1, 2, 4], [6, 7, 8, 9], [4, 5, 8, 22], [0, 4, 7, 8], [2, 4, 12, 13], [3, 4, 6, 17], [1, 2, 3, 4], [2, 5, 15, 23], [0, 1, 5, 6], [0, 1, 3, 4], [0, 5, 6, 10], [1, 2, 3, 7], [5, 9, 11, 13], [7, 12, 13, 14], [2, 3, 5, 6], [1, 2, 3, 13], [0, 1, 2, 3], [4, 7, 8, 10], [0, 4, 5, 11], [0, 3, 6, 11], [0, 2, 4, 8], [1, 2, 3, 9], [8, 9, 12, 14], [0, 1, 2, 3], [0, 1, 2, 4], [1, 3, 8, 9], [2, 3, 5, 6], [0, 1, 9, 11], [2, 12, 13, 23], [0, 1, 3, 5]]",4,0.9607944488525391,128,learned,1.0,2432,4.0,124,0.9940817356109619,11,8 16 24 32,1197,0.5474340915679932,test,top_r_mean,0.0,0.5,0.75,0.75
0.10693400167084377,1.0,38,0.0,31,23.607600014656782,hotpotqa,0.8,0.25,0.2,0.0,5adc93a4554299438c868e01,mean,0.4594594594594595,0.03203941136598587,"[[0, 2, 5, 6], [3, 4, 5, 6], [1, 2, 6, 8], [0, 1, 2, 5], [3, 11, 18, 19], [1, 2, 3, 5], [1, 2, 3, 5], [5, 11, 13, 25], [0, 1, 2, 4], [7, 8, 9, 10], [4, 5, 8, 22], [0, 4, 7, 8], [2, 4, 12, 18], [3, 4, 6, 17], [1, 2, 3, 4], [2, 5, 7, 15], [0, 1, 6, 9], [0, 1, 3, 4], [0, 5, 6, 10], [1, 2, 3, 4], [5, 9, 11, 13], [7, 12, 13, 14], [5, 6, 12, 19], [1, 2, 3, 13], [0, 1, 2, 10], [4, 7, 8, 10], [0, 4, 5, 11], [0, 6, 11, 12], [0, 2, 4, 8], [0, 1, 2, 3], [9, 12, 14, 15], [0, 1, 2, 3], [0, 1, 2, 4], [0, 1, 3, 8], [2, 3, 5, 6], [0, 1, 3, 9], [2, 12, 13, 23], [0, 1, 3, 6]]",4,0.9078192710876465,128,learned,0.5,2432,4.0,124,0.9412466287612915,23,0 8 24 16,1197,0.6102418899536133,test,top_r_mean,0.0,0.5,1.0,0.625
0.10693400167084377,1.0,38,0.0,31,24.498300161212683,hotpotqa,0.8,0.25,0.2,0.0,5adc93a4554299438c868e01,mean,0.41963015647226176,0.03547868877649307,"[[0, 1, 2, 5], [3, 4, 5, 6], [1, 2, 6, 8], [0, 1, 2, 5], [3, 11, 12, 18], [1, 2, 3, 5], [1, 2, 3, 5], [1, 5, 11, 13], [0, 1, 2, 4], [7, 8, 9, 10], [0, 4, 5, 8], [0, 4, 7, 8], [2, 3, 4, 12], [3, 4, 6, 17], [1, 2, 3, 4], [1, 2, 5, 7], [0, 1, 5, 6], [0, 1, 4, 6], [0, 5, 6, 10], [1, 2, 3, 4], [5, 9, 11, 13], [7, 12, 13, 14], [2, 5, 6, 12], [1, 2, 3, 13], [0, 1, 2, 10], [4, 7, 8, 10], [0, 4, 5, 11], [0, 3, 6, 11], [0, 2, 4, 6], [0, 1, 2, 3], [8, 9, 12, 14], [0, 1, 2, 3], [0, 1, 2, 4], [0, 1, 3, 8], [2, 3, 5, 6], [0, 1, 3, 9], [2, 12, 13, 23], [0, 1, 3, 5]]",4,0.9495001435279846,128,learned,1.0,2432,4.0,124,0.9839267134666443,37,8 16 24 32,1197,0.5686618089675903,test,top_r_mean,0.0,0.5,0.75,0.75
0.10693400167084377,1.0,38,0.0,31,26.184000074863434,hotpotqa,0.8,0.25,0.2,0.0,5adc93a4554299438c868e01,mean,0.40825035561877665,0.03355519101023674,"[[0, 1, 2, 5], [3, 4, 5, 6], [1, 2, 6, 8], [0, 1, 2, 5], [3, 11, 12, 18], [1, 2, 3, 5], [1, 2, 3, 5], [1, 5, 11, 13], [0, 1, 2, 4], [7, 8, 9, 10], [4, 5, 8, 22], [0, 4, 7, 8], [2, 3, 4, 12], [3, 4, 6, 17], [1, 2, 3, 4], [2, 5, 7, 15], [0, 1, 6, 9], [0, 1, 3, 4], [0, 5, 6, 10], [1, 2, 3, 4], [5, 9, 11, 13], [7, 12, 13, 14], [2, 3, 5, 6], [1, 2, 3, 13], [0, 1, 2, 10], [4, 7, 8, 10], [0, 4, 5, 11], [0, 3, 6, 11], [0, 2, 4, 6], [0, 1, 2, 3], [8, 9, 12, 14], [0, 1, 2, 3], [0, 1, 2, 4], [0, 1, 3, 8], [2, 3, 5, 6], [0, 1, 3, 9], [2, 12, 13, 23], [0, 1, 3, 5]]",4,0.9604891538619995,128,learned,1.0,2432,4.0,124,0.9945025444030762,53,8 24 16 32,1197,0.552686333656311,test,top_r_mean,0.0,1.0,0.75,0.75
0.10693400167084377,1.0,38,0.0,31,42.31199994683266,hotpotqa,0.8,0.25,0.2,0.0,5adc93a4554299438c868e01,mean,0.37695590327169276,0.040654271841049194,"[[0, 2, 5, 6], [3, 5, 6, 9], [1, 2, 6, 8], [0, 1, 2, 6], [3, 12, 18, 19], [2, 3, 5, 9], [1, 2, 3, 5], [1, 5, 11, 13], [0, 1, 2, 4], [7, 8, 9, 10], [4, 5, 8, 22], [0, 4, 7, 8], [2, 4, 12, 13], [3, 4, 6, 17], [1, 2, 3, 4], [2, 5, 15, 23], [0, 1, 5, 6], [0, 1, 3, 4], [0, 5, 6, 10], [1, 2, 3, 7], [5, 9, 11, 13], [7, 13, 14, 17], [2, 3, 5, 6], [1, 2, 3, 13], [0, 1, 2, 10], [4, 7, 10, 13], [0, 4, 5, 11], [0, 6, 11, 12], [0, 2, 6, 8], [1, 2, 3, 9], [9, 12, 14, 15], [0, 1, 2, 3], [0, 1, 2, 4], [1, 3, 8, 9], [2, 3, 5, 6], [0, 1, 3, 9], [2, 6, 12, 13], [0, 1, 3, 5]]",4,0.9268258810043335,128,learned,0.5,2432,4.0,124,0.9676966667175293,71,0 8 16 24,1197,0.5209541916847229,test,top_r_mean,0.0,0.5,1.0,0.625
0.10693400167084377,1.0,38,0.0,31,27.141900034621358,hotpotqa,0.8,0.25,0.2,0.0,5adc93a4554299438c868e01,mean,0.6187766714082503,0.011062491685152054,"[[0, 1, 2, 5, 6, 9, 12, 20], [3, 4, 5, 6, 9, 11, 14, 25], [1, 2, 6, 8, 16, 19, 27, 31], [0, 1, 2, 5, 6, 10, 12, 17], [3, 11, 18, 19, 21, 28, 29, 30], [1, 2, 3, 5, 9, 20, 21, 22], [1, 2, 3, 5, 6, 7, 16, 17], [1, 5, 11, 13, 25, 26, 27, 28], [0, 1, 2, 4, 6, 18, 23, 29], [6, 7, 8, 9, 10, 19, 21, 25], [4, 5, 8, 22, 26, 28, 29, 31], [0, 4, 7, 8, 12, 14, 21, 22], [2, 4, 12, 13, 18, 19, 26, 31], [3, 4, 6, 17, 18, 21, 22, 29], [1, 2, 3, 4, 8, 12, 14, 30], [2, 5, 15, 23, 24, 25, 26, 27], [0, 1, 5, 6, 9, 11, 13, 24], [0, 1, 3, 4, 6, 7, 12, 23], [0, 5, 6, 10, 11, 21, 24, 29], [1, 2, 3, 7, 11, 12, 15, 16], [5, 9, 11, 13, 17, 22, 29, 31], [7, 12, 13, 14, 17, 20, 23, 26], [2, 3, 5, 6, 12, 22, 27, 29], [1, 2, 3, 13, 25, 28, 30, 31], [0, 1, 2, 3, 10, 14, 18, 30], [4, 7, 8, 10, 13, 18, 21, 28], [0, 4, 5, 11, 12, 14, 15, 29], [0, 3, 6, 11, 13, 14, 15, 30], [0, 2, 4, 8, 18, 25, 28, 30], [1, 2, 3, 9, 11, 13, 14, 16], [8, 9, 12, 14, 15, 18, 25, 30], [0, 1, 2, 3, 4, 8, 12, 21], [0, 1, 2, 4, 24, 28, 30, 31], [1, 3, 8, 9, 17, 20, 21, 25], [2, 3, 5, 6, 7, 10, 13, 29], [0, 1, 9, 11, 18, 28, 29, 31], [2, 12, 13, 23, 25, 27, 29, 31], [0, 1, 3, 5, 6, 7, 8, 12]]",8,0.3817621171474457,128,learned,1.0,4864,4.0,124,0.4113531708717346,11,8 24 16 0,1197,0.7726228833198547,test,top_r_mean,0.0,1.0,1.0,0.75
0.10693400167084377,1.0,38,0.0,31,31.56689996831119,hotpotqa,0.8,0.25,0.2,0.0,5adc93a4554299438c868e01,mean,0.5846372688477952,0.014987748116254807,"[[0, 2, 5, 6, 9, 11, 12, 13], [3, 4, 5, 6, 9, 11, 14, 25], [1, 2, 6, 8, 16, 19, 27, 31], [0, 1, 2, 5, 6, 10, 12, 17], [3, 11, 18, 19, 27, 28, 29, 30], [1, 2, 3, 5, 9, 11, 15, 22], [1, 2, 3, 5, 6, 7, 16, 17], [5, 11, 13, 25, 26, 27, 28, 30], [0, 1, 2, 4, 6, 21, 23, 29], [7, 8, 9, 10, 12, 19, 21, 25], [4, 5, 8, 22, 26, 28, 29, 31], [0, 4, 7, 8, 12, 14, 21, 22], [2, 4, 12, 18, 19, 21, 26, 28], [3, 4, 6, 17, 18, 21, 22, 29], [1, 2, 3, 4, 8, 12, 14, 24], [2, 5, 7, 15, 23, 24, 26, 27], [0, 1, 6, 9, 11, 13, 24, 26], [0, 1, 3, 4, 7, 12, 17, 23], [0, 5, 6, 10, 11, 13, 21, 24], [1, 2, 3, 4, 7, 11, 12, 15], [5, 9, 11, 13, 17, 22, 29, 31], [7, 12, 13, 14, 17, 23, 26, 30], [5, 6, 12, 19, 22, 26, 27, 29], [1, 2, 3, 13, 25, 28, 30, 31], [0, 1, 2, 10, 11, 18, 24, 30], [4, 7, 8, 10, 13, 18, 21, 28], [0, 4, 5, 11, 12, 15, 26, 29], [0, 6, 11, 12, 13, 14, 15, 30], [0, 2, 4, 8, 18, 25, 28, 30], [0, 1, 2, 3, 9, 11, 13, 14], [9, 12, 14, 15, 18, 19, 25, 30], [0, 1, 2, 3, 4, 8, 10, 12], [0, 1, 2, 4, 28, 29, 30, 31], [0, 1, 3, 8, 9, 17, 21, 25], [2, 3, 5, 6, 7, 10, 13, 29], [0, 1, 3, 9, 11, 18, 28, 29], [2, 12, 13, 23, 25, 27, 29, 31], [0, 1, 3, 6, 7, 8, 10, 12]]",8,0.3716285228729248,128,learned,1.0,4864,4.0,124,0.4084148406982422,23,8 0 24 16,1197,0.7507386207580566,test,top_r_mean,0.0,0.5,1.0,0.75
0.10693400167084377,1.0,38,0.0,31,32.4751001317054,hotpotqa,0.8,0.25,0.2,0.0,5adc93a4554299438c868e01,mean,0.6529160739687055,0.010737879201769829,"[[0, 1, 2, 5, 6, 9, 11, 12], [3, 4, 5, 6, 9, 11, 14, 25], [1, 2, 6, 8, 16, 19, 27, 31], [0, 1, 2, 5, 6, 10, 12, 17], [3, 11, 12, 18, 19, 28, 29, 30], [1, 2, 3, 5, 9, 11, 15, 22], [1, 2, 3, 5, 6, 7, 16, 17], [1, 5, 11, 13, 25, 26, 27, 28], [0, 1, 2, 4, 6, 21, 23, 29], [7, 8, 9, 10, 12, 19, 21, 25], [0, 4, 5, 8, 22, 28, 29, 31], [0, 4, 7, 8, 12, 14, 21, 22], [2, 3, 4, 12, 13, 18, 19, 26], [3, 4, 6, 17, 18, 21, 22, 29], [1, 2, 3, 4, 8, 12, 14, 19], [1, 2, 5, 7, 15, 23, 24, 25], [0, 1, 5, 6, 9, 11, 13, 24], [0, 1, 4, 6, 7, 12, 17, 23], [0, 5, 6, 10, 11, 13, 21, 24], [1, 2, 3, 4, 7, 11, 12, 15], [5, 9, 11, 13, 17, 22, 29, 31], [7, 12, 13, 14, 17, 20, 23, 26], [2, 5, 6, 12, 19, 22, 26, 27], [1, 2, 3, 13, 25, 28, 30, 31], [0, 1, 2, 10, 11, 14, 18, 30], [4, 7, 8, 10, 13, 18, 21, 28], [0, 4, 5, 11, 12, 15, 26, 29], [0, 3, 6, 11, 13, 14, 15, 30], [0, 2, 4, 6, 8, 18, 25, 30], [0, 1, 2, 3, 9, 11, 13, 14], [8, 9, 12, 14, 15, 18, 25, 30], [0, 1, 2, 3, 4, 5, 8, 12], [0, 1, 2, 4, 24, 28, 30, 31], [0, 1, 3, 8, 9, 17, 21, 25], [2, 3, 5, 6, 7, 10, 13, 29], [0, 1, 3, 9, 11, 18, 28, 29], [2, 12, 13, 23, 25, 27, 29, 31], [0, 1, 3, 5, 6, 7, 8, 12]]",8,0.37983188033103943,128,learned,1.0,4864,4.0,124,0.40807265043258667,37,8 24 16 0,1197,0.7964767217636108,test,top_r_mean,0.0,1.0,1.0,0.75
0.10693400167084377,1.0,38,0.0,31,28.553699841722846,hotpotqa,0.8,0.25,0.2,0.0,5adc93a4554299438c868e01,mean,0.6330014224751067,0.01133446954190731,"[[0, 1, 2, 5, 6, 9, 11, 12], [3, 4, 5, 6, 9, 11, 14, 25], [1, 2, 6, 8, 16, 19, 27, 31], [0, 1, 2, 5, 6, 10, 12, 17], [3, 11, 12, 18, 19, 28, 29, 30], [1, 2, 3, 5, 9, 15, 21, 22], [1, 2, 3, 5, 6, 7, 16, 17], [1, 5, 11, 13, 25, 26, 27, 28], [0, 1, 2, 4, 6, 18, 23, 29], [7, 8, 9, 10, 12, 19, 21, 25], [4, 5, 8, 22, 26, 28, 29, 31], [0, 4, 7, 8, 12, 14, 21, 22], [2, 3, 4, 12, 13, 18, 19, 31], [3, 4, 6, 17, 18, 21, 22, 29], [1, 2, 3, 4, 8, 12, 14, 24], [2, 5, 7, 15, 23, 24, 25, 27], [0, 1, 6, 9, 11, 13, 24, 26], [0, 1, 3, 4, 6, 7, 12, 23], [0, 5, 6, 10, 11, 13, 21, 24], [1, 2, 3, 4, 7, 11, 12, 15], [5, 9, 11, 13, 17, 22, 29, 31], [7, 12, 13, 14, 17, 20, 23, 26], [2, 3, 5, 6, 12, 19, 22, 27], [1, 2, 3, 13, 25, 28, 30, 31], [0, 1, 2, 10, 11, 14, 18, 30], [4, 7, 8, 10, 13, 18, 21, 28], [0, 4, 5, 11, 12, 15, 26, 29], [0, 3, 6, 11, 13, 14, 15, 30], [0, 2, 4, 6, 8, 18, 25, 30], [0, 1, 2, 3, 9, 11, 13, 14], [8, 9, 12, 14, 15, 18, 25, 30], [0, 1, 2, 3, 4, 5, 8, 12], [0, 1, 2, 4, 24, 28, 30, 31], [0, 1, 3, 8, 9, 17, 21, 25], [2, 3, 5, 6, 7, 10, 13, 29], [0, 1, 3, 9, 11, 18, 28, 29], [2, 12, 13, 23, 25, 27, 29, 31], [0, 1, 3, 5, 6, 7, 8, 12]]",8,0.38805481791496277,128,learned,1.0,4864,4.0,124,0.4172179102897644,53,8 24 16 0,1197,0.7778750658035278,test,top_r_mean,0.0,1.0,1.0,0.75
0.10693400167084377,1.0,38,0.0,31,28.765699826180935,hotpotqa,0.8,0.25,0.2,0.0,5adc93a4554299438c868e01,mean,0.6130867709815079,0.015552174299955368,"[[0, 2, 5, 6, 9, 11, 12, 13], [3, 5, 6, 9, 11, 14, 25, 29], [1, 2, 6, 8, 16, 19, 27, 31], [0, 1, 2, 6, 10, 12, 14, 17], [3, 12, 18, 19, 21, 28, 29, 30], [2, 3, 5, 9, 11, 20, 21, 22], [1, 2, 3, 5, 6, 7, 16, 17], [1, 5, 11, 13, 25, 26, 28, 30], [0, 1, 2, 4, 6, 9, 23, 29], [7, 8, 9, 10, 19, 21, 25, 29], [4, 5, 8, 22, 26, 28, 29, 31], [0, 4, 7, 8, 12, 14, 20, 21], [2, 4, 12, 13, 18, 19, 26, 31], [3, 4, 6, 17, 18, 21, 22, 29], [1, 2, 3, 4, 8, 12, 14, 24], [2, 5, 15, 23, 24, 25, 26, 27], [0, 1, 5, 6, 9, 13, 24, 26], [0, 1, 3, 4, 6, 7, 12, 23], [0, 5, 6, 10, 11, 13, 21, 24], [1, 2, 3, 7, 11, 12, 15, 16], [5, 9, 11, 13, 17, 22, 29, 31], [7, 13, 14, 17, 20, 23, 26, 30], [2, 3, 5, 6, 12, 22, 27, 29], [1, 2, 3, 13, 25, 28, 30, 31], [0, 1, 2, 10, 11, 14, 18, 30], [4, 7, 10, 13, 17, 18, 21, 28], [0, 4, 5, 11, 12, 15, 26, 29], [0, 6, 11, 12, 13, 14, 15, 30], [0, 2, 6, 8, 18, 25, 28, 30], [1, 2, 3, 9, 11, 13, 14, 31], [9, 12, 14, 15, 18, 25, 30, 31], [0, 1, 2, 3, 4, 5, 8, 12], [0, 1, 2, 4, 24, 28, 30, 31], [1, 3, 8, 9, 17, 20, 21, 25], [2, 3, 5, 6, 7, 10, 13, 29], [0, 1, 3, 9, 11, 18, 28, 29], [2, 6, 12, 13, 23, 27, 29, 31], [0, 1, 3, 5, 6, 7, 8, 12]]",8,0.3753049969673157,128,learned,1.0,4864,4.0,124,0.4123733639717102,71,8 0 24 16,1197,0.7820330858230591,test,top_r_mean,0.0,0.5,1.0,0.75
0.031753907219052344,0.0,126,0.0,31,80.53709985688329,hotpotqa,1.0078740157480315,0.0,0.0,0.0,5ab7f97a5542991d322237ef,mean,0.36550673101346204,1.3308322429656982,"[[0], [4], [4], [3], [3], [1], [2], [0], [0], [0], [2], [0], [0], [1], [2], [3], [0], [1], [0], [0], [2], [0], [1], [4], [0], [0], [1], [2], [0], [1], [2], [3], [0], [0], [0], [1], [4], [3], [1], [0], [0], [2], [0], [1], [0], [0], [8], [1], [0], [0], [1], [2], [0], [3], [1], [2], [0], [3], [1], [0], [1], [1], [0], [4], [0], [1], [0], [3], [0], [1], [2], [0], [0], [4], [2], [0], [1], [0], [3], [0], [0], [1], [0], [0], [0], [1], [1], [2], [0], [0], [0], [4], [8], [2], [0], [1], [0], [0], [3], [3], [1], [3], [2], [2], [0], [3], [7], [1], [0], [9], [1], [0], [0], [0], [9], [1], [0], [9], [4], [2], [0], [0], [4], [3], [2], [0]]",1,1.1612132787704468,128,learned,0.0,2016,4.0,124,1.3918344974517822,11,88 16 104 8,4031,0.5158725380897522,test,top_r_mean,0.0,0.0,0.5,0.5
0.031753907219052344,0.0,126,0.0,31,83.87660002335906,hotpotqa,1.0078740157480315,0.0,0.0,0.0,5ab7f97a5542991d322237ef,mean,0.3558547117094234,1.3389025926589966,"[[0], [3], [4], [3], [4], [0], [1], [0], [0], [0], [2], [0], [0], [1], [0], [0], [0], [1], [0], [0], [2], [0], [1], [4], [0], [0], [1], [2], [0], [1], [2], [3], [0], [0], [0], [1], [4], [3], [0], [0], [0], [2], [0], [1], [0], [0], [8], [1], [0], [0], [1], [2], [0], [3], [0], [2], [0], [3], [1], [0], [1], [1], [0], [4], [0], [1], [0], [3], [0], [1], [2], [1], [0], [4], [2], [0], [0], [0], [3], [0], [0], [1], [0], [0], [0], [1], [1], [0], [0], [0], [0], [4], [8], [2], [0], [1], [0], [0], [3], [3], [1], [2], [0], [2], [0], [3], [7], [1], [0], [0], [1], [0], [0], [0], [9], [1], [0], [9], [4], [1], [0], [0], [4], [3], [2], [0]]",1,1.1709299087524414,128,learned,0.0,2016,4.0,124,1.4050929546356201,23,88 16 104 8,4031,0.5057697296142578,test,top_r_mean,0.0,0.0,0.5,0.5
0.031753907219052344,0.0,126,0.0,31,66.56519998796284,hotpotqa,1.0078740157480315,0.0,0.0,0.0,5ab7f97a5542991d322237ef,mean,0.3304546609093218,1.3723297119140625,"[[0], [4], [4], [3], [3], [0], [2], [0], [0], [0], [2], [0], [0], [1], [0], [3], [0], [0], [0], [0], [2], [0], [1], [4], [0], [0], [0], [2], [0], [1], [2], [3], [0], [0], [0], [1], [4], [3], [1], [0], [0], [0], [0], [0], [0], [0], [8], [1], [0], [0], [1], [2], [0], [3], [0], [2], [0], [3], [1], [0], [1], [1], [0], [1], [0], [1], [0], [3], [0], [1], [2], [0], [0], [0], [2], [0], [0], [0], [3], [0], [0], [1], [0], [0], [0], [1], [1], [0], [0], [0], [0], [4], [8], [2], [0], [1], [0], [0], [3], [3], [1], [3], [0], [2], [0], [3], [7], [1], [0], [3], [1], [0], [0], [0], [9], [1], [0], [9], [4], [2], [0], [0], [4], [3], [2], [0]]",1,1.2007955312728882,128,learned,0.0,2016,4.0,124,1.4244965314865112,37,88 16 104 8,4031,0.4694322645664215,test,top_r_mean,0.0,0.0,0.5,0.5
0.031753907219052344,0.0,126,0.0,31,66.23080000281334,hotpotqa,1.0078740157480315,0.0,0.0,0.0,5ab7f97a5542991d322237ef,mean,0.3474726949453899,1.356827974319458,"[[0], [4], [4], [3], [3], [1], [2], [0], [0], [0], [2], [0], [0], [1], [0], [3], [0], [1], [0], [0], [2], [0], [1], [4], [0], [0], [0], [2], [0], [1], [2], [3], [0], [0], [0], [1], [4], [3], [1], [0], [0], [0], [0], [1], [0], [0], [8], [1], [0], [0], [1], [2], [0], [3], [0], [2], [0], [3], [1], [0], [1], [1], [0], [1], [0], [1], [0], [3], [0], [1], [2], [0], [0], [0], [2], [0], [0], [0], [3], [0], [0], [1], [0], [0], [0], [1], [1], [0], [0], [0], [0], [4], [8], [2], [0], [1], [0], [0], [3], [3], [2], [3], [0], [2], [0], [3], [7], [1], [0], [3], [1], [0], [0], [0], [9], [1], [0], [9], [4], [1], [0], [0], [4], [3], [2], [0]]",1,1.1833019256591797,128,learned,0.0,2016,4.0,124,1.4088943004608154,53,88 16 104 8,4031,0.4914015233516693,test,top_r_mean,0.0,0.0,0.5,0.5
0.031753907219052344,0.0,126,0.0,31,86.49450005032122,hotpotqa,1.0078740157480315,0.0,0.0,0.0,5ab7f97a5542991d322237ef,mean,0.380492760985522,1.3295233249664307,"[[0], [4], [4], [3], [4], [2], [2], [0], [0], [0], [2], [0], [0], [1], [0], [3], [0], [1], [0], [0], [2], [0], [1], [4], [0], [0], [1], [2], [0], [1], [2], [3], [0], [0], [0], [1], [4], [3], [1], [0], [0], [2], [0], [1], [0], [0], [8], [1], [0], [0], [1], [2], [0], [3], [1], [2], [0], [4], [1], [0], [1], [1], [0], [4], [0], [1], [0], [3], [0], [1], [2], [1], [0], [4], [3], [0], [0], [0], [3], [0], [0], [1], [0], [0], [0], [1], [1], [0], [0], [0], [0], [4], [8], [2], [0], [1], [0], [0], [3], [3], [2], [3], [0], [2], [0], [3], [7], [1], [0], [3], [1], [0], [0], [0], [9], [1], [0], [9], [4], [2], [0], [0], [4], [3], [2], [0]]",1,1.1556867361068726,128,learned,0.0,2016,4.0,124,1.3844221830368042,71,88 16 104 8,4031,0.5367258787155151,test,top_r_mean,0.0,0.0,0.5,0.5
0.031753907219052344,0.0,126,0.0,31,78.70810013264418,hotpotqa,1.0078740157480315,0.0,0.0,0.0,5ab7f97a5542991d322237ef,mean,0.4191746031746032,0.24656908214092255,"[[0, 1], [4, 6], [4, 10], [3, 11], [3, 4], [1, 2], [2, 3], [0, 2], [0, 1], [0, 2], [2, 6], [0, 4], [0, 1], [1, 5], [2, 6], [3, 4], [0, 1], [1, 2], [0, 1], [0, 1], [2, 3], [0, 1], [1, 2], [4, 5], [0, 1], [0, 2], [1, 2], [2, 4], [0, 2], [1, 3], [2, 4], [3, 4], [0, 1], [0, 3], [0, 4], [1, 5], [4, 8], [3, 10], [1, 2], [0, 4], [0, 1], [2, 6], [0, 3], [1, 5], [0, 4], [0, 3], [8, 10], [1, 5], [0, 1], [0, 3], [1, 4], [2, 10], [0, 4], [3, 5], [1, 2], [2, 3], [0, 1], [3, 4], [1, 3], [0, 2], [1, 2], [1, 2], [0, 1], [4, 5], [0, 1], [1, 4], [0, 3], [3, 7], [0, 1], [1, 3], [2, 6], [0, 1], [0, 1], [4, 7], [2, 3], [0, 1], [1, 5], [0, 1], [3, 6], [0, 4], [0, 1], [1, 2], [0, 1], [0, 6], [0, 1], [1, 4], [1, 3], [2, 3], [0, 1], [0, 3], [0, 1], [4, 9], [8, 9], [2, 8], [0, 9], [1, 2], [0, 1], [0, 1], [3, 11], [3, 5], [1, 2], [3, 4], [2, 3], [2, 3], [0, 1], [3, 8], [7, 8], [1, 13], [0, 1], [9, 10], [1, 9], [0, 2], [0, 1], [0, 1], [9, 10], [1, 6], [0, 1], [9, 12], [4, 9], [2, 3], [0, 1], [0, 5], [4, 7], [3, 4], [2, 4], [0, 2]]",2,0.8469222784042358,128,learned,0.0,4032,4.0,124,0.9431148767471313,11,40 48 32 104,4031,0.5835620164871216,test,top_r_mean,0.0,0.0,0.5,0.375
0.031753907219052344,0.0,126,0.0,31,98.37669995613396,hotpotqa,1.0078740157480315,0.0,0.0,0.0,5ab7f97a5542991d322237ef,mean,0.408,0.26710039377212524,"[[0, 2], [3, 4], [4, 10], [3, 11], [4, 6], [0, 2], [1, 2], [0, 2], [0, 1], [0, 2], [2, 6], [0, 2], [0, 1], [1, 8], [0, 6], [0, 3], [0, 1], [1, 2], [0, 1], [0, 1], [2, 3], [0, 1], [1, 2], [4, 5], [0, 4], [0, 2], [1, 2], [2, 4], [0, 1], [1, 3], [2, 4], [3, 4], [0, 1], [0, 3], [0, 4], [1, 5], [4, 8], [3, 7], [0, 1], [0, 4], [0, 1], [2, 6], [0, 3], [1, 5], [0, 4], [0, 3], [8, 10], [1, 5], [0, 1], [0, 3], [1, 4], [2, 10], [0, 5], [3, 5], [0, 1], [2, 3], [0, 1], [3, 4], [1, 2], [0, 2], [1, 2], [1, 2], [0, 1], [4, 5], [0, 1], [1, 4], [0, 3], [3, 7], [0, 1], [1, 3], [2, 6], [1, 2], [0, 1], [4, 7], [2, 3], [0, 1], [0, 1], [0, 1], [3, 6], [0, 4], [0, 1], [1, 2], [0, 1], [0, 3], [0, 1], [1, 4], [1, 3], [0, 1], [0, 1], [0, 3], [0, 1], [4, 9], [8, 9], [2, 8], [0, 4], [1, 2], [0, 1], [0, 1], [3, 11], [3, 4], [1, 2], [2, 3], [0, 2], [2, 3], [0, 1], [3, 8], [7, 8], [1, 3], [0, 1], [0, 10], [1, 6], [0, 2], [0, 1], [0, 1], [9, 10], [1, 6], [0, 1], [9, 11], [4, 9], [1, 2], [0, 1], [0, 5], [4, 7], [3, 4], [2, 4], [0, 2]]",2,0.8732381463050842,128,learned,0.0,4032,4.0,124,0.9770946502685547,23,40 48 32 104,4031,0.5738912224769592,test,top_r_mean,0.0,0.0,0.5,0.375
0.031753907219052344,0.0,126,0.0,31,94.70190014690161,hotpotqa,1.0078740157480315,0.0,0.0,0.0,5ab7f97a5542991d322237ef,mean,0.4158730158730159,0.2521402835845947,"[[0, 2], [4, 5], [4, 10], [3, 5], [3, 4], [0, 2], [2, 3], [0, 2], [0, 1], [0, 2], [2, 6], [0, 4], [0, 1], [1, 5], [0, 2], [3, 4], [0, 1], [0, 1], [0, 1], [0, 1], [2, 3], [0, 1], [1, 2], [4, 5], [0, 1], [0, 2], [0, 1], [2, 4], [0, 1], [1, 3], [2, 4], [3, 4], [0, 1], [0, 3], [0, 4], [1, 5], [4, 8], [3, 7], [1, 2], [0, 4], [0, 1], [0, 2], [0, 1], [0, 1], [0, 4], [0, 3], [8, 10], [1, 5], [0, 1], [0, 3], [1, 4], [2, 10], [0, 4], [3, 5], [0, 1], [2, 3], [0, 1], [3, 4], [1, 2], [0, 2], [1, 2], [1, 2], [0, 1], [1, 4], [0, 1], [1, 4], [0, 3], [3, 7], [0, 1], [1, 3], [2, 6], [0, 1], [0, 1], [0, 4], [2, 3], [0, 1], [0, 1], [0, 1], [3, 6], [0, 4], [0, 1], [1, 2], [0, 1], [0, 3], [0, 1], [1, 4], [1, 3], [0, 1], [0, 1], [0, 3], [0, 1], [4, 9], [8, 9], [2, 8], [0, 4], [1, 2], [0, 1], [0, 1], [3, 11], [3, 4], [1, 2], [3, 4], [0, 2], [2, 3], [0, 1], [3, 4], [7, 8], [1, 4], [0, 1], [3, 5], [1, 6], [0, 2], [0, 1], [0, 1], [9, 10], [1, 6], [0, 1], [9, 11], [4, 9], [2, 3], [0, 1], [0, 5], [4, 7], [3, 4], [2, 4], [0, 2]]",2,0.8568562269210815,128,learned,0.0,4032,4.0,124,0.9593091011047363,37,40 48 32 104,4031,0.5828481316566467,test,top_r_mean,0.0,0.0,0.5,0.375
0.031753907219052344,0.0,126,0.0,31,80.066499998793,hotpotqa,1.0078740157480315,0.0,0.0,0.0,5ab7f97a5542991d322237ef,mean,0.4234920634920635,0.2503322958946228,"[[0, 1], [4, 5], [4, 10], [3, 11], [3, 4], [1, 2], [2, 3], [0, 2], [0, 1], [0, 2], [2, 6], [0, 4], [0, 1], [1, 5], [0, 2], [3, 4], [0, 1], [1, 2], [0, 1], [0, 1], [2, 3], [0, 1], [1, 2], [4, 5], [0, 1], [0, 2], [0, 1], [2, 4], [0, 1], [1, 3], [2, 4], [3, 4], [0, 1], [0, 3], [0, 4], [1, 5], [4, 8], [3, 10], [1, 2], [0, 4], [0, 1], [0, 2], [0, 1], [1, 5], [0, 4], [0, 3], [8, 10], [1, 5], [0, 1], [0, 3], [1, 4], [2, 10], [0, 4], [3, 5], [0, 1], [2, 3], [0, 1], [3, 4], [1, 2], [0, 2], [1, 2], [1, 2], [0, 1], [1, 4], [0, 1], [1, 4], [0, 3], [3, 7], [0, 1], [1, 3], [2, 6], [0, 1], [0, 1], [0, 4], [2, 3], [0, 1], [0, 1], [0, 1], [3, 6], [0, 4], [0, 1], [1, 2], [0, 1], [0, 5], [0, 1], [1, 4], [1, 2], [0, 1], [0, 1], [0, 3], [0, 1], [4, 9], [8, 9], [2, 8], [0, 2], [1, 2], [0, 1], [0, 1], [3, 11], [3, 4], [2, 3], [3, 4], [0, 2], [2, 3], [0, 1], [3, 4], [7, 8], [1, 4], [0, 1], [3, 5], [1, 6], [0, 2], [0, 1], [0, 1], [9, 10], [1, 6], [0, 1], [9, 11], [4, 9], [1, 2], [0, 1], [0, 5], [4, 7], [3, 4], [2, 4], [0, 2]]",2,0.8633145093917847,128,learned,0.0,4032,4.0,124,0.9578657746315002,53,40 48 32 104,4031,0.5884934067726135,test,top_r_mean,0.0,0.0,0.5,0.375
0.031753907219052344,0.0,126,0.0,31,92.08319988101721,hotpotqa,1.0078740157480315,0.0,0.0,0.0,5ab7f97a5542991d322237ef,mean,0.42882539682539683,0.2742307782173157,"[[0, 2], [4, 6], [4, 10], [3, 11], [4, 6], [2, 3], [2, 3], [0, 2], [0, 1], [0, 2], [2, 6], [0, 4], [0, 1], [1, 5], [0, 2], [3, 4], [0, 1], [1, 2], [0, 1], [0, 1], [2, 3], [0, 1], [1, 2], [4, 5], [0, 4], [0, 2], [1, 2], [2, 4], [0, 2], [1, 3], [2, 4], [3, 4], [0, 1], [0, 3], [0, 4], [1, 5], [4, 8], [3, 10], [1, 2], [0, 4], [0, 1], [2, 6], [0, 3], [1, 5], [0, 4], [0, 3], [8, 10], [1, 5], [0, 1], [0, 3], [1, 4], [2, 10], [0, 5], [3, 5], [1, 2], [2, 3], [0, 2], [4, 5], [1, 2], [0, 2], [1, 2], [1, 2], [0, 1], [4, 5], [0, 4], [1, 4], [0, 3], [3, 7], [0, 1], [1, 3], [2, 6], [1, 5], [0, 1], [4, 7], [3, 9], [0, 1], [0, 1], [0, 1], [3, 6], [0, 4], [0, 1], [1, 2], [0, 1], [0, 6], [0, 1], [1, 4], [1, 3], [0, 2], [0, 1], [0, 3], [0, 1], [4, 9], [8, 9], [2, 8], [0, 8], [1, 2], [0, 1], [0, 1], [3, 11], [3, 5], [2, 3], [3, 4], [0, 2], [2, 3], [0, 1], [3, 8], [7, 8], [1, 13], [0, 1], [3, 9], [1, 9], [0, 2], [0, 3], [0, 1], [9, 10], [1, 6], [0, 1], [9, 11], [4, 9], [2, 3], [0, 1], [0, 3], [4, 7], [3, 4], [2, 4], [0, 2]]",2,0.8571534156799316,128,learned,0.0,4032,4.0,124,0.9468306303024292,71,40 48 32 64,4031,0.5942826867103577,test,top_r_mean,0.0,0.0,0.25,0.5
0.031753907219052344,0.0,126,0.0,31,79.32369993068278,hotpotqa,1.0078740157480315,0.0,0.0,0.0,5ab7f97a5542991d322237ef,mean,0.5014603174603175,0.03750703111290932,"[[0, 1, 2, 3], [4, 6, 8, 14], [4, 10, 11, 12], [3, 11, 13, 14], [3, 4, 6, 14], [1, 2, 3, 5], [2, 3, 4, 10], [0, 2, 5, 6], [0, 1, 5, 6], [0, 2, 5, 7], [2, 6, 7, 8], [0, 4, 7, 10], [0, 1, 2, 6], [1, 5, 8, 9], [2, 6, 10, 13], [3, 4, 6, 7], [0, 1, 3, 6], [1, 2, 3, 4], [0, 1, 11, 14], [0, 1, 2, 4], [2, 3, 13, 17], [0, 1, 11, 15], [1, 2, 6, 18], [4, 5, 6, 7], [0, 1, 4, 8], [0, 2, 7, 8], [1, 2, 3, 8], [2, 4, 6, 11], [0, 2, 3, 6], [1, 3, 7, 12], [2, 4, 5, 9], [3, 4, 8, 10], [0, 1, 5, 9], [0, 3, 4, 5], [0, 4, 7, 11], [1, 5, 9, 10], [4, 8, 10, 11], [3, 10, 11, 15], [1, 2, 3, 12], [0, 4, 5, 7], [0, 1, 2, 9], [2, 6, 10, 12], [0, 3, 4, 6], [1, 5, 9, 10], [0, 4, 5, 7], [0, 3, 5, 6], [8, 10, 11, 13], [1, 5, 7, 9], [0, 1, 5, 9], [0, 3, 7, 11], [1, 4, 5, 9], [2, 10, 14, 18], [0, 4, 5, 7], [3, 5, 8, 9], [1, 2, 3, 5], [2, 3, 4, 8], [0, 1, 2, 3], [3, 4, 5, 6], [1, 3, 7, 10], [0, 2, 3, 6], [1, 2, 3, 4], [1, 2, 3, 6], [0, 1, 3, 5], [4, 5, 7, 8], [0, 1, 4, 5], [1, 4, 5, 9], [0, 3, 10, 15], [3, 7, 12, 14], [0, 1, 6, 7], [1, 3, 5, 9], [2, 6, 11, 12], [0, 1, 2, 5], [0, 1, 2, 3], [4, 7, 8, 11], [2, 3, 9, 10], [0, 1, 5, 11], [1, 5, 8, 9], [0, 1, 2, 6], [3, 6, 7, 11], [0, 4, 6, 8], [0, 1, 19, 20], [1, 2, 5, 9], [0, 1, 16, 17], [0, 6, 7, 12], [0, 1, 2, 5], [1, 4, 5, 9], [1, 3, 4, 5], [2, 3, 10, 17], [0, 1, 4, 5], [0, 3, 4, 5], [0, 1, 2, 3], [4, 9, 10, 11], [8, 9, 12, 13], [2, 8, 10, 11], [0, 9, 10, 13], [1, 2, 4, 5], [0, 1, 15, 20], [0, 1, 2, 3], [3, 11, 14, 25], [3, 5, 7, 8], [1, 2, 4, 5], [3, 4, 5, 6], [2, 3, 4, 5], [2, 3, 4, 6], [0, 1, 4, 8], [3, 8, 9, 19], [7, 8, 9, 12], [1, 13, 15, 17], [0, 1, 14, 15], [9, 10, 11, 12], [1, 9, 15, 16], [0, 2, 13, 14], [0, 1, 3, 4], [0, 1, 2, 9], [9, 10, 15, 17], [1, 6, 8, 9], [0, 1, 5, 6], [9, 12, 13, 16], [4, 9, 10, 12], [2, 3, 9, 10], [0, 1, 2, 10], [0, 5, 6, 7], [4, 7, 8, 9], [3, 4, 5, 7], [2, 4, 5, 7], [0, 2, 3, 4]]",4,0.9092130661010742,128,learned,0.0,8064,4.0,124,0.9483948945999146,11,40 48 32 80,4031,0.6911405324935913,test,top_r_mean,0.0,0.0,0.25,0.625
0.031753907219052344,0.0,126,0.0,31,92.59690018370748,hotpotqa,1.0078740157480315,0.0,0.0,0.0,5ab7f97a5542991d322237ef,mean,0.4976507936507937,0.03853774070739746,"[[0, 2, 4, 6], [3, 4, 5, 8], [4, 10, 11, 12], [3, 11, 13, 14], [4, 6, 14, 16], [0, 2, 3, 12], [1, 2, 3, 4], [0, 2, 5, 6], [0, 1, 5, 6], [0, 2, 5, 7], [2, 6, 7, 8], [0, 2, 4, 7], [0, 1, 2, 6], [1, 8, 9, 15], [0, 6, 10, 13], [0, 3, 4, 6], [0, 1, 3, 6], [1, 2, 3, 4], [0, 1, 10, 14], [0, 1, 2, 4], [2, 3, 13, 17], [0, 1, 11, 15], [1, 2, 6, 18], [4, 5, 6, 7], [0, 4, 8, 10], [0, 2, 7, 12], [1, 2, 3, 12], [2, 4, 6, 11], [0, 1, 2, 3], [1, 3, 7, 11], [2, 4, 5, 9], [3, 4, 8, 10], [0, 1, 5, 9], [0, 3, 4, 5], [0, 4, 7, 11], [1, 5, 9, 10], [4, 8, 10, 11], [3, 7, 10, 11], [0, 1, 2, 3], [0, 4, 5, 7], [0, 1, 2, 9], [2, 6, 10, 12], [0, 3, 4, 6], [1, 5, 9, 10], [0, 4, 5, 7], [0, 3, 5, 6], [8, 10, 11, 13], [1, 5, 6, 7], [0, 1, 5, 7], [0, 3, 7, 11], [1, 4, 5, 9], [2, 10, 14, 18], [0, 5, 7, 9], [3, 5, 8, 9], [0, 1, 2, 3], [2, 3, 4, 8], [0, 1, 3, 5], [3, 4, 5, 6], [1, 2, 3, 7], [0, 2, 3, 6], [1, 2, 3, 4], [1, 2, 3, 6], [0, 1, 3, 5], [4, 5, 7, 8], [0, 1, 4, 5], [1, 4, 5, 9], [0, 3, 10, 15], [3, 7, 14, 16], [0, 1, 5, 6], [1, 3, 5, 8], [2, 6, 11, 12], [1, 2, 5, 8], [0, 1, 2, 3], [4, 7, 8, 11], [2, 3, 9, 10], [0, 1, 5, 11], [0, 1, 5, 8], [0, 1, 2, 6], [3, 6, 7, 11], [0, 4, 6, 8], [0, 1, 19, 20], [1, 2, 5, 9], [0, 1, 16, 17], [0, 3, 6, 7], [0, 1, 2, 5], [1, 4, 5, 9], [1, 3, 4, 5], [0, 1, 2, 3], [0, 1, 4, 6], [0, 3, 4, 5], [0, 1, 2, 3], [4, 9, 10, 12], [8, 9, 12, 13], [2, 8, 10, 11], [0, 4, 8, 9], [1, 2, 4, 5], [0, 1, 20, 21], [0, 1, 2, 3], [3, 11, 14, 24], [3, 4, 5, 7], [1, 2, 4, 5], [2, 3, 4, 5], [0, 2, 3, 4], [2, 3, 4, 6], [0, 1, 4, 8], [3, 8, 9, 19], [7, 8, 9, 12], [1, 3, 4, 13], [0, 1, 14, 15], [0, 10, 11, 12], [1, 6, 9, 15], [0, 2, 3, 13], [0, 1, 3, 7], [0, 1, 2, 9], [9, 10, 12, 15], [1, 6, 8, 9], [0, 1, 5, 6], [9, 11, 12, 13], [4, 9, 10, 12], [1, 2, 3, 9], [0, 1, 2, 11], [0, 5, 6, 7], [4, 7, 8, 9], [3, 4, 5, 13], [2, 4, 5, 7], [0, 2, 3, 4]]",4,0.9131888151168823,128,learned,0.0,8064,4.0,124,0.9559130668640137,23,40 32 48 80,4031,0.6919444799423218,test,top_r_mean,0.0,0.0,0.25,0.5
0.031753907219052344,0.0,126,0.0,31,83.05530017241836,hotpotqa,1.0078740157480315,0.0,0.0,0.0,5ab7f97a5542991d322237ef,mean,0.48774603174603176,0.03811509907245636,"[[0, 2, 3, 4], [4, 5, 6, 8], [4, 10, 11, 12], [3, 5, 11, 13], [3, 4, 6, 14], [0, 2, 3, 5], [2, 3, 4, 15], [0, 2, 5, 6], [0, 1, 5, 6], [0, 2, 5, 7], [2, 6, 7, 8], [0, 4, 7, 10], [0, 1, 2, 6], [1, 5, 8, 9], [0, 2, 6, 10], [3, 4, 6, 7], [0, 1, 3, 4], [0, 1, 3, 4], [0, 1, 4, 5], [0, 1, 2, 4], [2, 3, 13, 17], [0, 1, 11, 15], [1, 2, 4, 6], [4, 5, 6, 7], [0, 1, 4, 6], [0, 2, 7, 8], [0, 1, 2, 3], [2, 4, 6, 11], [0, 1, 2, 3], [1, 3, 7, 11], [2, 4, 5, 9], [3, 4, 8, 10], [0, 1, 5, 9], [0, 3, 4, 5], [0, 4, 7, 11], [1, 5, 9, 10], [4, 8, 10, 11], [3, 7, 10, 11], [1, 2, 3, 4], [0, 4, 5, 7], [0, 1, 2, 9], [0, 2, 6, 10], [0, 1, 3, 4], [0, 1, 5, 9], [0, 4, 5, 7], [0, 3, 5, 6], [8, 10, 11, 13], [1, 5, 6, 8], [0, 1, 5, 9], [0, 3, 7, 11], [1, 4, 5, 9], [2, 10, 14, 18], [0, 4, 5, 7], [3, 5, 8, 9], [0, 1, 2, 3], [2, 3, 4, 8], [0, 1, 2, 3], [3, 4, 5, 6], [1, 2, 3, 7], [0, 2, 3, 6], [1, 2, 3, 4], [1, 2, 3, 6], [0, 1, 3, 5], [1, 4, 5, 7], [0, 1, 4, 5], [1, 4, 5, 9], [0, 3, 10, 15], [3, 7, 12, 14], [0, 1, 5, 6], [1, 3, 5, 9], [2, 6, 11, 12], [0, 1, 2, 5], [0, 1, 2, 3], [0, 4, 8, 11], [2, 3, 9, 10], [0, 1, 5, 11], [0, 1, 5, 8], [0, 1, 2, 6], [3, 6, 7, 11], [0, 4, 6, 8], [0, 1, 16, 19], [1, 2, 5, 9], [0, 1, 16, 17], [0, 3, 6, 7], [0, 1, 2, 4], [1, 4, 5, 9], [1, 3, 4, 5], [0, 1, 2, 3], [0, 1, 4, 5], [0, 3, 4, 5], [0, 1, 2, 3], [4, 9, 10, 11], [8, 9, 12, 13], [2, 8, 10, 11], [0, 4, 9, 10], [1, 2, 4, 5], [0, 1, 20, 21], [0, 1, 2, 3], [3, 11, 14, 24], [3, 4, 5, 7], [1, 2, 4, 5], [3, 4, 5, 6], [0, 2, 3, 4], [2, 3, 4, 6], [0, 1, 4, 8], [3, 4, 8, 9], [7, 8, 9, 17], [1, 4, 13, 15], [0, 1, 2, 14], [3, 5, 9, 10], [1, 6, 9, 15], [0, 2, 3, 13], [0, 1, 3, 5], [0, 1, 2, 9], [9, 10, 12, 15], [1, 6, 8, 9], [0, 1, 5, 6], [9, 11, 12, 13], [4, 9, 10, 12], [2, 3, 8, 9], [0, 1, 2, 10], [0, 5, 6, 7], [4, 7, 8, 9], [3, 4, 5, 7], [2, 4, 5, 7], [0, 2, 3, 4]]",4,0.9122925400733948,128,learned,0.0,8064,4.0,124,0.9518797397613525,37,40 48 32 80,4031,0.6669755578041077,test,top_r_mean,0.0,0.0,0.25,0.625
0.031753907219052344,0.0,126,0.0,31,97.15009992942214,hotpotqa,1.0078740157480315,0.0,0.0,0.0,5ab7f97a5542991d322237ef,mean,0.5017142857142857,0.03824366629123688,"[[0, 1, 2, 3], [4, 5, 6, 8], [4, 10, 11, 12], [3, 11, 13, 14], [3, 4, 6, 14], [1, 2, 3, 5], [2, 3, 4, 10], [0, 2, 5, 6], [0, 1, 4, 5], [0, 2, 5, 7], [2, 6, 7, 8], [0, 4, 7, 10], [0, 1, 2, 6], [1, 5, 8, 9], [0, 2, 6, 10], [3, 4, 6, 7], [0, 1, 3, 6], [1, 2, 3, 4], [0, 1, 5, 11], [0, 1, 2, 4], [2, 3, 13, 17], [0, 1, 11, 15], [1, 2, 4, 6], [4, 5, 6, 7], [0, 1, 4, 8], [0, 2, 7, 8], [0, 1, 2, 3], [2, 4, 6, 11], [0, 1, 2, 3], [1, 3, 7, 11], [2, 4, 5, 9], [3, 4, 8, 10], [0, 1, 5, 9], [0, 3, 4, 5], [0, 4, 7, 11], [1, 5, 9, 10], [4, 8, 10, 11], [3, 10, 11, 15], [1, 2, 3, 4], [0, 4, 5, 7], [0, 1, 2, 9], [0, 2, 6, 10], [0, 1, 3, 4], [1, 5, 9, 10], [0, 4, 5, 7], [0, 3, 5, 6], [8, 10, 11, 13], [1, 5, 7, 8], [0, 1, 5, 9], [0, 3, 7, 11], [1, 4, 5, 9], [2, 10, 14, 18], [0, 4, 5, 7], [3, 5, 8, 9], [0, 1, 2, 3], [2, 3, 4, 8], [0, 1, 2, 3], [3, 4, 5, 6], [1, 2, 3, 7], [0, 2, 3, 6], [1, 2, 3, 4], [1, 2, 3, 6], [0, 1, 3, 5], [1, 4, 5, 7], [0, 1, 4, 5], [1, 4, 5, 9], [0, 3, 10, 15], [3, 7, 12, 14], [0, 1, 6, 7], [1, 3, 5, 13], [2, 6, 11, 12], [0, 1, 2, 5], [0, 1, 2, 3], [0, 4, 8, 11], [2, 3, 9, 10], [0, 1, 5, 11], [0, 1, 5, 8], [0, 1, 2, 6], [3, 6, 7, 11], [0, 4, 6, 8], [0, 1, 19, 20], [1, 2, 5, 9], [0, 1, 16, 17], [0, 5, 6, 7], [0, 1, 2, 4], [1, 4, 5, 9], [1, 2, 3, 4], [0, 1, 2, 3], [0, 1, 4, 5], [0, 3, 4, 5], [0, 1, 2, 3], [4, 9, 10, 11], [8, 9, 12, 13], [2, 8, 10, 11], [0, 2, 4, 9], [1, 2, 4, 5], [0, 1, 20, 21], [0, 1, 2, 3], [3, 11, 14, 25], [3, 4, 5, 7], [2, 3, 4, 5], [3, 4, 5, 6], [0, 2, 3, 4], [2, 3, 4, 6], [0, 1, 4, 8], [3, 4, 8, 9], [7, 8, 9, 12], [1, 4, 13, 15], [0, 1, 2, 14], [3, 5, 9, 10], [1, 6, 9, 15], [0, 2, 3, 13], [0, 1, 3, 5], [0, 1, 2, 9], [9, 10, 15, 17], [1, 6, 8, 9], [0, 1, 5, 6], [9, 11, 12, 13], [4, 9, 10, 13], [1, 2, 3, 9], [0, 1, 2, 10], [0, 5, 6, 7], [4, 7, 8, 9], [3, 4, 5, 7], [2, 4, 5, 7], [0, 2, 3, 4]]",4,0.9143621325492859,128,learned,0.0,8064,4.0,124,0.9535889625549316,53,40 48 32 80,4031,0.6856932640075684,test,top_r_mean,0.0,0.0,0.25,0.625
0.031753907219052344,0.0,126,0.0,31,76.95030001923442,hotpotqa,1.0078740157480315,0.0,0.0,0.0,5ab7f97a5542991d322237ef,mean,0.5083174603174603,0.0361340194940567,"[[0, 2, 3, 4], [4, 6, 8, 14], [4, 10, 11, 12], [3, 11, 13, 14], [4, 6, 14, 16], [2, 3, 5, 12], [2, 3, 4, 15], [0, 2, 5, 6], [0, 1, 5, 6], [0, 2, 5, 7], [2, 6, 7, 8], [0, 4, 7, 10], [0, 1, 2, 6], [1, 5, 9, 15], [0, 2, 6, 10], [3, 4, 6, 7], [0, 1, 3, 7], [1, 2, 3, 4], [0, 1, 5, 14], [0, 1, 2, 4], [2, 3, 13, 17], [0, 1, 15, 19], [1, 2, 6, 18], [4, 5, 6, 7], [0, 4, 8, 10], [0, 2, 7, 12], [1, 2, 3, 8], [2, 4, 6, 11], [0, 2, 3, 6], [1, 3, 7, 11], [2, 4, 5, 9], [3, 4, 8, 10], [0, 1, 5, 9], [0, 3, 4, 5], [0, 4, 7, 11], [1, 5, 9, 10], [4, 8, 10, 11], [3, 10, 11, 15], [1, 2, 3, 8], [0, 4, 5, 8], [0, 1, 2, 9], [2, 6, 10, 12], [0, 3, 6, 7], [1, 5, 9, 10], [0, 4, 5, 7], [0, 3, 5, 6], [8, 10, 11, 13], [1, 5, 7, 8], [0, 1, 5, 9], [0, 3, 7, 11], [1, 4, 5, 9], [2, 10, 14, 18], [0, 5, 7, 9], [3, 5, 8, 9], [1, 2, 4, 5], [2, 3, 4, 8], [0, 2, 3, 5], [4, 5, 6, 11], [1, 2, 3, 7], [0, 2, 3, 6], [1, 2, 3, 4], [1, 2, 3, 6], [0, 1, 3, 5], [4, 5, 7, 8], [0, 4, 5, 6], [1, 4, 5, 9], [0, 3, 10, 15], [3, 7, 14, 16], [0, 1, 6, 7], [1, 3, 5, 13], [2, 6, 11, 12], [1, 5, 8, 10], [0, 1, 2, 3], [4, 7, 8, 11], [3, 9, 10, 11], [0, 1, 5, 11], [0, 1, 5, 8], [0, 1, 6, 10], [3, 6, 7, 11], [0, 4, 6, 8], [0, 1, 19, 20], [1, 2, 5, 9], [0, 1, 16, 17], [0, 6, 7, 12], [0, 1, 2, 4], [1, 4, 5, 9], [1, 3, 4, 5], [0, 2, 3, 10], [0, 1, 5, 6], [0, 3, 4, 5], [0, 1, 2, 3], [4, 9, 10, 11], [8, 9, 12, 13], [2, 8, 10, 11], [0, 8, 9, 10], [1, 2, 4, 5], [0, 1, 20, 21], [0, 1, 2, 3], [3, 11, 24, 25], [3, 5, 7, 8], [2, 3, 4, 5], [3, 4, 5, 6], [0, 2, 3, 4], [2, 3, 4, 6], [0, 1, 4, 8], [3, 8, 9, 19], [7, 8, 9, 12], [1, 13, 15, 17], [0, 1, 2, 14], [3, 9, 10, 11], [1, 9, 15, 16], [0, 2, 3, 13], [0, 3, 5, 7], [0, 1, 2, 9], [9, 10, 15, 17], [1, 6, 8, 9], [0, 1, 5, 6], [9, 11, 12, 13], [4, 9, 10, 13], [2, 3, 9, 10], [0, 1, 2, 10], [0, 3, 5, 6], [4, 7, 8, 9], [3, 4, 5, 13], [2, 4, 5, 7], [0, 2, 3, 4]]",4,0.890178918838501,128,learned,0.0,8064,4.0,124,0.92920982837677,71,40 48 32 56,4031,0.7007693648338318,test,top_r_mean,0.0,0.0,0.25,0.625
0.031753907219052344,0.0,126,0.0,31,82.50200003385544,hotpotqa,1.0078740157480315,0.0,0.0,0.0,5ab7f97a5542991d322237ef,mean,0.6863492063492064,0.01206904835999012,"[[0, 1, 2, 3, 4, 6, 9, 24], [4, 6, 8, 14, 19, 20, 26, 27], [4, 10, 11, 12, 15, 16, 23, 25], [3, 11, 13, 14, 15, 19, 23, 31], [3, 4, 6, 14, 16, 20, 21, 31], [1, 2, 3, 5, 13, 14, 17, 18], [2, 3, 4, 10, 15, 20, 21, 27], [0, 2, 5, 6, 8, 11, 13, 31], [0, 1, 5, 6, 12, 15, 19, 28], [0, 2, 5, 7, 11, 18, 19, 30], [2, 6, 7, 8, 10, 12, 14, 28], [0, 4, 7, 10, 19, 23, 27, 31], [0, 1, 2, 6, 8, 13, 21, 25], [1, 5, 8, 9, 16, 17, 19, 24], [2, 6, 10, 13, 14, 15, 18, 20], [3, 4, 6, 7, 8, 10, 29, 30], [0, 1, 3, 6, 7, 18, 24, 26], [1, 2, 3, 4, 5, 15, 24, 30], [0, 1, 11, 14, 18, 22, 24, 26], [0, 1, 2, 4, 5, 6, 7, 8], [2, 3, 13, 17, 22, 23, 24, 25], [0, 1, 11, 15, 19, 20, 26, 27], [1, 2, 6, 18, 20, 21, 24, 30], [4, 5, 6, 7, 9, 10, 15, 18], [0, 1, 4, 8, 20, 24, 28, 31], [0, 2, 7, 8, 12, 21, 27, 29], [1, 2, 3, 8, 12, 19, 20, 22], [2, 4, 6, 11, 15, 21, 28, 29], [0, 2, 3, 6, 7, 11, 13, 17], [1, 3, 7, 12, 13, 15, 17, 25], [2, 4, 5, 9, 13, 16, 20, 24], [3, 4, 8, 10, 14, 24, 26, 27], [0, 1, 5, 9, 13, 16, 27, 29], [0, 3, 4, 5, 7, 12, 17, 21], [0, 4, 7, 11, 14, 15, 21, 25], [1, 5, 9, 10, 11, 13, 19, 20], [4, 8, 10, 11, 13, 21, 25, 31], [3, 10, 11, 15, 18, 27, 28, 29], [1, 2, 3, 12, 13, 16, 18, 28], [0, 4, 5, 7, 8, 19, 23, 30], [0, 1, 2, 9, 18, 23, 30, 31], [2, 6, 10, 12, 18, 19, 20, 21], [0, 3, 4, 6, 7, 13, 17, 26], [1, 5, 9, 10, 13, 14, 24, 28], [0, 4, 5, 7, 19, 20, 21, 25], [0, 3, 5, 6, 18, 22, 23, 24], [8, 10, 11, 13, 16, 19, 20, 25], [1, 5, 7, 9, 12, 13, 16, 17], [0, 1, 5, 9, 10, 11, 16, 31], [0, 3, 7, 11, 12, 23, 24, 31], [1, 4, 5, 9, 10, 15, 17, 19], [2, 10, 14, 18, 21, 22, 23, 27], [0, 4, 5, 7, 9, 13, 17, 21], [3, 5, 8, 9, 13, 14, 20, 30], [1, 2, 3, 5, 8, 10, 17, 25], [2, 3, 4, 8, 12, 28, 29, 31], [0, 1, 2, 3, 5, 6, 30, 31], [3, 4, 5, 6, 11, 15, 23, 27], [1, 3, 7, 10, 14, 25, 26, 29], [0, 2, 3, 6, 9, 13, 14, 16], [1, 2, 3, 4, 5, 13, 24, 30], [1, 2, 3, 6, 10, 19, 21, 30], [0, 1, 3, 5, 6, 8, 11, 17], [4, 5, 7, 8, 10, 14, 18, 23], [0, 1, 4, 5, 13, 21, 30, 31], [1, 4, 5, 9, 12, 13, 23, 31], [0, 3, 10, 15, 19, 22, 23, 28], [3, 7, 12, 14, 17, 23, 27, 29], [0, 1, 6, 7, 10, 13, 14, 28], [1, 3, 5, 9, 17, 18, 19, 23], [2, 6, 11, 12, 14, 18, 24, 25], [0, 1, 2, 5, 8, 10, 13, 30], [0, 1, 2, 3, 5, 17, 18, 23], [4, 7, 8, 11, 15, 20, 21, 27], [2, 3, 9, 10, 11, 17, 18, 31], [0, 1, 5, 11, 14, 22, 24, 29], [1, 5, 8, 9, 13, 19, 30, 31], [0, 1, 2, 6, 10, 18, 21, 22], [3, 6, 7, 11, 14, 16, 18, 19], [0, 4, 6, 8, 9, 11, 24, 26], [0, 1, 19, 20, 27, 28, 30, 31], [1, 2, 5, 9, 12, 16, 20, 24], [0, 1, 16, 17, 19, 25, 29, 31], [0, 6, 7, 12, 17, 18, 19, 26], [0, 1, 2, 5, 9, 13, 20, 26], [1, 4, 5, 9, 18, 19, 25, 29], [1, 3, 4, 5, 6, 14, 16, 17], [2, 3, 10, 17, 19, 20, 23, 24], [0, 1, 4, 5, 6, 11, 19, 24], [0, 3, 4, 5, 8, 19, 23, 28], [0, 1, 2, 3, 4, 15, 16, 18], [4, 9, 10, 11, 12, 19, 22, 29], [8, 9, 12, 13, 16, 22, 23, 25], [2, 8, 10, 11, 23, 25, 27, 29], [0, 9, 10, 13, 14, 23, 28, 31], [1, 2, 4, 5, 7, 9, 12, 23], [0, 1, 15, 20, 21, 22, 24, 30], [0, 1, 2, 3, 5, 6, 8, 10], [3, 11, 14, 25, 26, 27, 28, 30], [3, 5, 7, 8, 9, 10, 11, 18], [1, 2, 4, 5, 6, 20, 26, 30], [3, 4, 5, 6, 7, 12, 20, 31], [2, 3, 4, 5, 6, 11, 16, 25], [2, 3, 4, 6, 7, 10, 22, 31], [0, 1, 4, 8, 14, 18, 25, 26], [3, 8, 9, 19, 20, 26, 28, 30], [7, 8, 9, 12, 17, 29, 30, 31], [1, 13, 15, 17, 18, 21, 22, 27], [0, 1, 14, 15, 16, 17, 23, 30], [9, 10, 11, 12, 16, 21, 25, 26], [1, 9, 15, 16, 18, 19, 24, 25], [0, 2, 13, 14, 15, 17, 18, 30], [0, 1, 3, 4, 7, 13, 21, 25], [0, 1, 2, 9, 12, 14, 15, 23], [9, 10, 15, 17, 19, 23, 24, 28], [1, 6, 8, 9, 11, 12, 14, 31], [0, 1, 5, 6, 7, 15, 17, 31], [9, 12, 13, 16, 23, 24, 29, 31], [4, 9, 10, 12, 13, 19, 20, 25], [2, 3, 9, 10, 11, 17, 24, 28], [0, 1, 2, 10, 11, 21, 22, 26], [0, 5, 6, 7, 8, 9, 10, 11], [4, 7, 8, 9, 10, 13, 17, 23], [3, 4, 5, 7, 13, 14, 15, 23], [2, 4, 5, 7, 8, 9, 21, 25], [0, 2, 3, 4, 5, 7, 8, 27]]",8,0.37859484553337097,128,learned,0.0,16128,4.0,124,0.4074527621269226,11,8 104 64 40,4031,0.8594735264778137,test,top_r_mean,0.0,1.0,0.75,0.75
0.031753907219052344,0.0,126,0.0,31,82.52679998986423,hotpotqa,1.0078740157480315,0.0,0.0,0.0,5ab7f97a5542991d322237ef,mean,0.6304761904761905,0.016609467566013336,"[[0, 2, 4, 6, 9, 12, 23, 24], [3, 4, 5, 8, 19, 20, 26, 27], [4, 10, 11, 12, 15, 16, 23, 25], [3, 11, 13, 14, 15, 19, 23, 31], [4, 6, 14, 16, 18, 20, 21, 31], [0, 2, 3, 12, 13, 14, 17, 18], [1, 2, 3, 4, 15, 20, 21, 27], [0, 2, 5, 6, 8, 11, 13, 22], [0, 1, 5, 6, 11, 15, 19, 28], [0, 2, 5, 7, 11, 18, 19, 30], [2, 6, 7, 8, 10, 11, 12, 14], [0, 2, 4, 7, 10, 23, 27, 31], [0, 1, 2, 6, 8, 13, 21, 25], [1, 8, 9, 15, 16, 17, 19, 24], [0, 6, 10, 13, 14, 15, 18, 20], [0, 3, 4, 6, 8, 10, 29, 30], [0, 1, 3, 6, 7, 18, 24, 26], [1, 2, 3, 4, 10, 15, 24, 30], [0, 1, 10, 14, 18, 22, 24, 26], [0, 1, 2, 4, 5, 6, 7, 8], [2, 3, 13, 17, 22, 23, 24, 25], [0, 1, 11, 15, 20, 25, 26, 27], [1, 2, 6, 18, 20, 21, 24, 30], [4, 5, 6, 7, 10, 15, 18, 29], [0, 4, 8, 10, 20, 24, 28, 31], [0, 2, 7, 12, 20, 21, 27, 29], [1, 2, 3, 12, 17, 19, 20, 22], [2, 4, 6, 11, 15, 21, 28, 29], [0, 1, 2, 3, 6, 7, 11, 17], [1, 3, 7, 11, 12, 15, 17, 25], [2, 4, 5, 9, 13, 16, 20, 24], [3, 4, 8, 10, 14, 24, 26, 27], [0, 1, 5, 9, 16, 21, 27, 29], [0, 3, 4, 5, 7, 12, 17, 21], [0, 4, 7, 11, 14, 15, 21, 25], [1, 5, 9, 10, 11, 13, 19, 20], [4, 8, 10, 11, 13, 21, 25, 31], [3, 7, 10, 11, 15, 18, 28, 29], [0, 1, 2, 3, 8, 12, 18, 28], [0, 4, 5, 7, 8, 10, 23, 30], [0, 1, 2, 9, 18, 29, 30, 31], [2, 6, 10, 12, 18, 19, 20, 21], [0, 3, 4, 6, 7, 13, 17, 26], [1, 5, 9, 10, 13, 14, 24, 28], [0, 4, 5, 7, 19, 20, 25, 29], [0, 3, 5, 6, 18, 22, 23, 24], [8, 10, 11, 13, 16, 19, 20, 25], [1, 5, 6, 7, 8, 12, 13, 16], [0, 1, 5, 7, 9, 10, 11, 16], [0, 3, 7, 11, 12, 18, 23, 24], [1, 4, 5, 9, 10, 15, 17, 19], [2, 10, 14, 18, 21, 22, 23, 27], [0, 5, 7, 9, 13, 17, 21, 31], [3, 5, 8, 9, 13, 14, 20, 30], [0, 1, 2, 3, 5, 8, 10, 12], [2, 3, 4, 8, 12, 28, 29, 31], [0, 1, 3, 5, 6, 9, 30, 31], [3, 4, 5, 6, 11, 15, 21, 27], [1, 2, 3, 7, 14, 25, 26, 29], [0, 2, 3, 6, 9, 13, 14, 20], [1, 2, 3, 4, 5, 13, 24, 30], [1, 2, 3, 6, 10, 19, 21, 25], [0, 1, 3, 5, 6, 8, 11, 17], [4, 5, 7, 8, 10, 14, 18, 23], [0, 1, 4, 5, 6, 13, 21, 31], [1, 4, 5, 9, 12, 13, 23, 31], [0, 3, 10, 15, 18, 19, 23, 28], [3, 7, 14, 16, 17, 23, 27, 29], [0, 1, 5, 6, 7, 10, 13, 14], [1, 3, 5, 8, 17, 18, 19, 23], [2, 6, 11, 12, 14, 18, 24, 25], [1, 2, 5, 8, 10, 13, 25, 30], [0, 1, 2, 3, 5, 9, 17, 18], [4, 7, 8, 11, 15, 20, 21, 27], [2, 3, 9, 10, 11, 17, 18, 31], [0, 1, 5, 11, 14, 21, 22, 24], [0, 1, 5, 8, 9, 11, 13, 19], [0, 1, 2, 6, 10, 18, 21, 22], [3, 6, 7, 11, 14, 16, 18, 19], [0, 4, 6, 8, 9, 11, 20, 24], [0, 1, 19, 20, 27, 28, 30, 31], [1, 2, 5, 9, 11, 12, 16, 24], [0, 1, 16, 17, 19, 25, 29, 31], [0, 3, 6, 7, 12, 17, 18, 19], [0, 1, 2, 5, 9, 13, 20, 26], [1, 4, 5, 9, 11, 18, 19, 29], [1, 3, 4, 5, 6, 16, 17, 23], [0, 1, 2, 3, 17, 19, 20, 24], [0, 1, 4, 6, 11, 19, 23, 24], [0, 3, 4, 5, 19, 23, 28, 29], [0, 1, 2, 3, 4, 7, 15, 16], [4, 9, 10, 12, 19, 20, 22, 29], [8, 9, 12, 13, 16, 17, 22, 23], [2, 8, 10, 11, 23, 25, 27, 29], [0, 4, 8, 9, 10, 23, 28, 31], [1, 2, 4, 5, 7, 9, 12, 23], [0, 1, 20, 21, 22, 24, 30, 31], [0, 1, 2, 3, 5, 6, 8, 10], [3, 11, 14, 24, 26, 27, 28, 30], [3, 4, 5, 7, 9, 10, 11, 18], [1, 2, 4, 5, 6, 20, 26, 30], [2, 3, 4, 5, 6, 7, 20, 31], [0, 2, 3, 4, 5, 6, 16, 25], [2, 3, 4, 6, 7, 10, 18, 31], [0, 1, 4, 8, 18, 22, 25, 26], [3, 8, 9, 19, 20, 26, 28, 30], [7, 8, 9, 12, 21, 29, 30, 31], [1, 3, 4, 13, 15, 17, 21, 22], [0, 1, 14, 15, 16, 17, 23, 30], [0, 10, 11, 12, 13, 16, 25, 26], [1, 6, 9, 15, 16, 19, 24, 25], [0, 2, 3, 13, 14, 17, 18, 30], [0, 1, 3, 7, 13, 21, 25, 30], [0, 1, 2, 9, 12, 14, 15, 23], [9, 10, 12, 15, 17, 23, 24, 28], [1, 6, 8, 9, 10, 11, 12, 31], [0, 1, 5, 6, 7, 13, 15, 17], [9, 11, 12, 13, 16, 23, 24, 29], [4, 9, 10, 12, 13, 19, 20, 25], [1, 2, 3, 9, 10, 11, 17, 28], [0, 1, 2, 11, 15, 21, 22, 26], [0, 5, 6, 7, 8, 9, 10, 11], [4, 7, 8, 9, 10, 13, 17, 23], [3, 4, 5, 13, 14, 15, 18, 23], [2, 4, 5, 7, 8, 9, 11, 21], [0, 2, 3, 4, 5, 7, 8, 27]]",8,0.4186282455921173,128,learned,0.0,16128,4.0,124,0.4558616280555725,23,40 8 64 104,4031,0.81698077917099,test,top_r_mean,0.0,0.5,0.75,0.75
0.031753907219052344,0.0,126,0.0,31,99.44789996370673,hotpotqa,1.0078740157480315,0.0,0.0,0.0,5ab7f97a5542991d322237ef,mean,0.6551111111111111,0.013074446469545364,"[[0, 2, 3, 4, 6, 9, 23, 24], [4, 5, 6, 8, 14, 19, 20, 27], [4, 10, 11, 12, 15, 16, 23, 25], [3, 5, 11, 13, 14, 15, 19, 23], [3, 4, 6, 14, 16, 20, 21, 31], [0, 2, 3, 5, 13, 14, 17, 18], [2, 3, 4, 15, 17, 20, 21, 27], [0, 2, 5, 6, 8, 11, 13, 22], [0, 1, 5, 6, 14, 15, 19, 28], [0, 2, 5, 7, 11, 18, 19, 30], [2, 6, 7, 8, 11, 12, 14, 28], [0, 4, 7, 10, 13, 23, 27, 31], [0, 1, 2, 6, 8, 13, 21, 25], [1, 5, 8, 9, 16, 17, 19, 24], [0, 2, 6, 10, 13, 14, 15, 18], [3, 4, 6, 7, 8, 10, 29, 30], [0, 1, 3, 4, 7, 18, 24, 26], [0, 1, 3, 4, 5, 15, 24, 30], [0, 1, 4, 5, 14, 18, 22, 24], [0, 1, 2, 4, 5, 6, 7, 8], [2, 3, 13, 17, 22, 23, 24, 25], [0, 1, 11, 15, 19, 20, 26, 27], [1, 2, 4, 6, 18, 20, 21, 24], [4, 5, 6, 7, 9, 10, 15, 18], [0, 1, 4, 6, 8, 10, 20, 28], [0, 2, 7, 8, 12, 20, 21, 29], [0, 1, 2, 3, 8, 12, 19, 22], [2, 4, 6, 11, 15, 21, 28, 29], [0, 1, 2, 3, 6, 7, 11, 17], [1, 3, 7, 11, 12, 13, 17, 25], [2, 4, 5, 9, 13, 16, 20, 24], [3, 4, 8, 10, 14, 24, 26, 27], [0, 1, 5, 9, 13, 16, 27, 29], [0, 3, 4, 5, 7, 12, 17, 21], [0, 4, 7, 11, 14, 15, 21, 25], [1, 5, 9, 10, 11, 13, 19, 20], [4, 8, 10, 11, 13, 21, 25, 31], [3, 7, 10, 11, 15, 18, 28, 29], [1, 2, 3, 4, 8, 12, 18, 28], [0, 4, 5, 7, 8, 11, 19, 23], [0, 1, 2, 9, 17, 18, 23, 29], [0, 2, 6, 10, 12, 18, 19, 21], [0, 1, 3, 4, 6, 7, 13, 17], [0, 1, 5, 9, 10, 13, 14, 24], [0, 4, 5, 7, 19, 21, 25, 29], [0, 3, 5, 6, 18, 22, 23, 24], [8, 10, 11, 13, 16, 19, 20, 25], [1, 5, 6, 8, 9, 12, 13, 16], [0, 1, 5, 9, 10, 11, 15, 16], [0, 3, 7, 11, 12, 18, 23, 24], [1, 4, 5, 9, 10, 15, 17, 19], [2, 10, 14, 18, 21, 22, 23, 27], [0, 4, 5, 7, 9, 13, 17, 21], [3, 5, 8, 9, 13, 14, 20, 30], [0, 1, 2, 3, 5, 8, 10, 17], [2, 3, 4, 8, 12, 28, 29, 31], [0, 1, 2, 3, 5, 6, 30, 31], [3, 4, 5, 6, 11, 15, 21, 27], [1, 2, 3, 7, 10, 14, 26, 29], [0, 2, 3, 6, 9, 13, 14, 16], [1, 2, 3, 4, 5, 13, 24, 30], [1, 2, 3, 6, 9, 10, 19, 21], [0, 1, 3, 5, 6, 8, 11, 17], [1, 4, 5, 7, 8, 10, 14, 23], [0, 1, 4, 5, 6, 13, 21, 31], [1, 4, 5, 9, 12, 13, 23, 31], [0, 3, 10, 15, 19, 22, 23, 28], [3, 7, 12, 14, 17, 23, 27, 29], [0, 1, 5, 6, 7, 10, 13, 14], [1, 3, 5, 9, 17, 18, 19, 23], [2, 6, 11, 12, 14, 18, 24, 25], [0, 1, 2, 5, 8, 10, 13, 30], [0, 1, 2, 3, 5, 6, 17, 18], [0, 4, 8, 11, 15, 20, 21, 27], [2, 3, 9, 10, 11, 17, 18, 31], [0, 1, 5, 11, 14, 21, 22, 24], [0, 1, 5, 8, 9, 11, 13, 30], [0, 1, 2, 6, 10, 18, 21, 22], [3, 6, 7, 11, 14, 16, 18, 19], [0, 4, 6, 8, 9, 11, 24, 26], [0, 1, 16, 19, 20, 27, 28, 31], [1, 2, 5, 9, 12, 14, 16, 24], [0, 1, 16, 17, 19, 25, 29, 31], [0, 3, 6, 7, 12, 17, 18, 19], [0, 1, 2, 4, 5, 9, 13, 20], [1, 4, 5, 9, 18, 19, 25, 29], [1, 3, 4, 5, 6, 14, 16, 17], [0, 1, 2, 3, 17, 19, 20, 24], [0, 1, 4, 5, 6, 11, 19, 24], [0, 3, 4, 5, 8, 16, 19, 23], [0, 1, 2, 3, 4, 7, 15, 16], [4, 9, 10, 11, 12, 19, 22, 29], [8, 9, 12, 13, 16, 17, 22, 23], [2, 8, 10, 11, 23, 25, 27, 29], [0, 4, 9, 10, 14, 23, 28, 31], [1, 2, 4, 5, 7, 9, 12, 23], [0, 1, 20, 21, 22, 24, 30, 31], [0, 1, 2, 3, 5, 6, 8, 10], [3, 11, 14, 24, 26, 27, 28, 30], [3, 4, 5, 7, 9, 10, 11, 18], [1, 2, 4, 5, 6, 20, 26, 30], [3, 4, 5, 6, 7, 12, 20, 31], [0, 2, 3, 4, 5, 6, 11, 25], [2, 3, 4, 6, 7, 10, 22, 31], [0, 1, 4, 8, 18, 22, 25, 26], [3, 4, 8, 9, 19, 26, 28, 30], [7, 8, 9, 17, 21, 29, 30, 31], [1, 4, 13, 15, 17, 18, 21, 22], [0, 1, 2, 14, 16, 17, 23, 30], [3, 5, 9, 10, 11, 12, 16, 26], [1, 6, 9, 15, 16, 19, 24, 25], [0, 2, 3, 13, 14, 17, 18, 30], [0, 1, 3, 5, 7, 13, 21, 25], [0, 1, 2, 9, 12, 14, 15, 23], [9, 10, 12, 15, 17, 23, 24, 28], [1, 6, 8, 9, 11, 12, 14, 31], [0, 1, 5, 6, 7, 15, 17, 31], [9, 11, 12, 13, 16, 24, 29, 31], [4, 9, 10, 12, 13, 19, 20, 25], [2, 3, 8, 9, 10, 11, 17, 28], [0, 1, 2, 10, 15, 21, 22, 26], [0, 5, 6, 7, 8, 9, 10, 11], [4, 7, 8, 9, 10, 13, 17, 23], [3, 4, 5, 7, 13, 14, 15, 23], [2, 4, 5, 7, 8, 9, 10, 21], [0, 2, 3, 4, 5, 7, 8, 27]]",8,0.38373899459838867,128,learned,0.0,16128,4.0,124,0.4157915711402893,37,40 64 8 120,4031,0.8368023037910461,test,top_r_mean,0.0,0.0,0.5,0.875
0.031753907219052344,0.0,126,0.0,31,98.85770012624562,hotpotqa,1.0078740157480315,0.0,0.0,0.0,5ab7f97a5542991d322237ef,mean,0.6848253968253968,0.01234256848692894,"[[0, 1, 2, 3, 4, 9, 23, 24], [4, 5, 6, 8, 14, 19, 20, 27], [4, 10, 11, 12, 15, 16, 23, 25], [3, 11, 13, 14, 15, 19, 23, 31], [3, 4, 6, 14, 16, 20, 21, 31], [1, 2, 3, 5, 13, 14, 17, 18], [2, 3, 4, 10, 15, 20, 21, 27], [0, 2, 5, 6, 8, 11, 13, 22], [0, 1, 4, 5, 6, 15, 19, 28], [0, 2, 5, 7, 11, 18, 19, 30], [2, 6, 7, 8, 11, 12, 14, 28], [0, 4, 7, 10, 19, 23, 27, 31], [0, 1, 2, 6, 8, 13, 21, 25], [1, 5, 8, 9, 16, 17, 19, 24], [0, 2, 6, 10, 13, 14, 15, 18], [3, 4, 6, 7, 8, 10, 29, 30], [0, 1, 3, 6, 7, 18, 24, 26], [1, 2, 3, 4, 5, 15, 24, 30], [0, 1, 5, 11, 14, 18, 22, 24], [0, 1, 2, 4, 5, 6, 7, 8], [2, 3, 13, 17, 22, 23, 24, 25], [0, 1, 11, 15, 19, 20, 26, 27], [1, 2, 4, 6, 18, 20, 21, 24], [4, 5, 6, 7, 9, 10, 15, 18], [0, 1, 4, 8, 20, 24, 28, 31], [0, 2, 7, 8, 12, 21, 27, 29], [0, 1, 2, 3, 8, 12, 19, 22], [2, 4, 6, 11, 15, 21, 28, 29], [0, 1, 2, 3, 5, 6, 7, 11], [1, 3, 7, 11, 12, 13, 17, 25], [2, 4, 5, 9, 13, 16, 20, 24], [3, 4, 8, 10, 14, 24, 26, 27], [0, 1, 5, 9, 13, 16, 27, 29], [0, 3, 4, 5, 7, 12, 17, 21], [0, 4, 7, 11, 14, 15, 21, 25], [1, 5, 9, 10, 11, 13, 19, 20], [4, 8, 10, 11, 13, 21, 25, 31], [3, 10, 11, 15, 18, 27, 28, 29], [1, 2, 3, 4, 8, 12, 18, 28], [0, 4, 5, 7, 8, 19, 23, 30], [0, 1, 2, 9, 18, 23, 30, 31], [0, 2, 6, 10, 12, 19, 20, 21], [0, 1, 3, 4, 7, 13, 17, 26], [1, 5, 9, 10, 13, 14, 24, 28], [0, 4, 5, 7, 19, 20, 21, 25], [0, 3, 5, 6, 18, 22, 23, 24], [8, 10, 11, 13, 16, 19, 20, 25], [1, 5, 7, 8, 9, 12, 13, 16], [0, 1, 5, 9, 10, 11, 16, 31], [0, 3, 7, 11, 12, 23, 24, 31], [1, 4, 5, 9, 10, 15, 17, 19], [2, 10, 14, 18, 21, 22, 23, 27], [0, 4, 5, 7, 9, 13, 17, 21], [3, 5, 8, 9, 13, 14, 20, 30], [0, 1, 2, 3, 5, 8, 10, 17], [2, 3, 4, 8, 12, 28, 29, 31], [0, 1, 2, 3, 5, 6, 30, 31], [3, 4, 5, 6, 11, 15, 27, 31], [1, 2, 3, 7, 10, 14, 26, 29], [0, 2, 3, 6, 9, 13, 14, 16], [1, 2, 3, 4, 5, 13, 24, 30], [1, 2, 3, 6, 9, 10, 19, 21], [0, 1, 3, 5, 6, 8, 11, 17], [1, 4, 5, 7, 8, 10, 14, 23], [0, 1, 4, 5, 6, 13, 21, 31], [1, 4, 5, 9, 12, 13, 23, 31], [0, 3, 10, 15, 19, 22, 23, 28], [3, 7, 12, 14, 17, 23, 27, 29], [0, 1, 6, 7, 9, 10, 13, 14], [1, 3, 5, 13, 17, 18, 19, 23], [2, 6, 11, 12, 14, 18, 24, 25], [0, 1, 2, 5, 8, 10, 13, 30], [0, 1, 2, 3, 5, 6, 18, 23], [0, 4, 8, 11, 15, 20, 21, 27], [2, 3, 9, 10, 11, 17, 18, 31], [0, 1, 5, 11, 14, 22, 24, 29], [0, 1, 5, 8, 9, 11, 30, 31], [0, 1, 2, 6, 10, 18, 21, 22], [3, 6, 7, 11, 14, 16, 18, 19], [0, 4, 6, 8, 9, 11, 24, 26], [0, 1, 19, 20, 27, 28, 30, 31], [1, 2, 5, 9, 12, 16, 20, 24], [0, 1, 16, 17, 19, 25, 29, 31], [0, 5, 6, 7, 12, 17, 18, 19], [0, 1, 2, 4, 5, 9, 13, 20], [1, 4, 5, 9, 18, 19, 25, 29], [1, 2, 3, 4, 5, 6, 14, 16], [0, 1, 2, 3, 17, 19, 20, 24], [0, 1, 4, 5, 6, 11, 19, 24], [0, 3, 4, 5, 8, 19, 23, 28], [0, 1, 2, 3, 4, 15, 16, 18], [4, 9, 10, 11, 12, 19, 22, 29], [8, 9, 12, 13, 16, 17, 22, 25], [2, 8, 10, 11, 23, 25, 27, 29], [0, 2, 4, 9, 10, 14, 23, 28], [1, 2, 4, 5, 7, 9, 12, 23], [0, 1, 20, 21, 22, 24, 30, 31], [0, 1, 2, 3, 5, 6, 8, 10], [3, 11, 14, 25, 26, 27, 28, 30], [3, 4, 5, 7, 9, 10, 11, 18], [2, 3, 4, 5, 6, 20, 26, 30], [3, 4, 5, 6, 7, 12, 20, 31], [0, 2, 3, 4, 6, 11, 16, 25], [2, 3, 4, 6, 7, 10, 22, 31], [0, 1, 4, 8, 14, 18, 25, 26], [3, 4, 8, 9, 19, 26, 28, 30], [7, 8, 9, 12, 17, 29, 30, 31], [1, 4, 13, 15, 17, 21, 22, 27], [0, 1, 2, 14, 16, 17, 23, 30], [3, 5, 9, 10, 11, 12, 25, 26], [1, 6, 9, 15, 16, 19, 24, 25], [0, 2, 3, 13, 14, 17, 18, 30], [0, 1, 3, 5, 7, 13, 21, 25], [0, 1, 2, 9, 12, 14, 15, 23], [9, 10, 15, 17, 19, 23, 24, 28], [1, 6, 8, 9, 11, 12, 14, 31], [0, 1, 5, 6, 7, 15, 17, 31], [9, 11, 12, 13, 16, 24, 29, 31], [4, 9, 10, 13, 19, 20, 25, 26], [1, 2, 3, 9, 10, 11, 17, 28], [0, 1, 2, 10, 15, 21, 22, 26], [0, 5, 6, 7, 8, 9, 10, 11], [4, 7, 8, 9, 10, 13, 17, 23], [3, 4, 5, 7, 13, 14, 15, 23], [2, 4, 5, 7, 8, 9, 21, 29], [0, 2, 3, 4, 5, 7, 8, 27]]",8,0.374802827835083,128,learned,0.0,16128,4.0,124,0.4048515558242798,53,8 64 120 104,4031,0.8630551099777222,test,top_r_mean,0.0,0.5,0.5,0.75
0.031753907219052344,0.0,126,0.0,31,88.31160003319383,hotpotqa,1.0078740157480315,0.0,0.0,0.0,5ab7f97a5542991d322237ef,mean,0.7005714285714286,0.01100538857281208,"[[0, 2, 3, 4, 6, 9, 23, 24], [4, 6, 8, 14, 19, 20, 26, 27], [4, 10, 11, 12, 15, 16, 23, 25], [3, 11, 13, 14, 15, 19, 23, 31], [4, 6, 14, 16, 18, 20, 21, 31], [2, 3, 5, 12, 13, 17, 27, 30], [2, 3, 4, 15, 16, 20, 21, 27], [0, 2, 5, 6, 8, 11, 13, 22], [0, 1, 5, 6, 12, 15, 19, 28], [0, 2, 5, 7, 11, 18, 19, 30], [2, 6, 7, 8, 10, 12, 14, 28], [0, 4, 7, 10, 19, 23, 27, 31], [0, 1, 2, 6, 8, 13, 21, 25], [1, 5, 9, 15, 16, 17, 19, 24], [0, 2, 6, 10, 13, 14, 15, 18], [3, 4, 6, 7, 8, 10, 29, 30], [0, 1, 3, 7, 18, 24, 26, 30], [1, 2, 3, 4, 5, 15, 24, 30], [0, 1, 5, 14, 18, 24, 25, 31], [0, 1, 2, 4, 6, 7, 8, 26], [2, 3, 13, 17, 22, 23, 24, 25], [0, 1, 15, 19, 20, 25, 26, 27], [1, 2, 6, 18, 20, 21, 24, 30], [4, 5, 6, 7, 10, 15, 18, 29], [0, 4, 8, 10, 20, 24, 28, 31], [0, 2, 7, 12, 20, 21, 28, 29], [1, 2, 3, 8, 12, 19, 20, 22], [2, 4, 6, 11, 15, 21, 28, 29], [0, 2, 3, 6, 7, 11, 13, 26], [1, 3, 7, 11, 12, 15, 17, 24], [2, 4, 5, 9, 13, 16, 20, 24], [3, 4, 8, 10, 14, 24, 26, 27], [0, 1, 5, 9, 16, 27, 28, 29], [0, 3, 4, 5, 12, 17, 21, 25], [0, 4, 7, 11, 15, 21, 25, 30], [1, 5, 9, 10, 11, 13, 19, 20], [4, 8, 10, 11, 13, 21, 25, 31], [3, 10, 11, 15, 18, 23, 28, 29], [1, 2, 3, 8, 12, 13, 18, 28], [0, 4, 5, 8, 11, 19, 23, 30], [0, 1, 2, 9, 18, 23, 29, 31], [2, 6, 10, 12, 18, 19, 20, 21], [0, 3, 6, 7, 9, 13, 17, 26], [1, 5, 9, 10, 13, 14, 24, 28], [0, 4, 5, 7, 19, 21, 25, 29], [0, 3, 5, 6, 18, 22, 23, 24], [8, 10, 11, 13, 16, 19, 20, 25], [1, 5, 7, 8, 12, 13, 16, 17], [0, 1, 5, 9, 10, 11, 16, 31], [0, 3, 7, 11, 12, 18, 23, 24], [1, 4, 5, 9, 10, 15, 17, 19], [2, 10, 14, 18, 21, 22, 23, 27], [0, 5, 7, 9, 13, 17, 21, 27], [3, 5, 8, 9, 13, 14, 16, 30], [1, 2, 4, 5, 8, 10, 17, 25], [2, 3, 4, 8, 12, 28, 29, 31], [0, 2, 3, 5, 6, 9, 30, 31], [4, 5, 6, 11, 15, 20, 21, 27], [1, 2, 3, 7, 14, 25, 26, 29], [0, 2, 3, 6, 9, 13, 14, 16], [1, 2, 3, 4, 5, 13, 24, 30], [1, 2, 3, 6, 10, 19, 21, 30], [0, 1, 3, 5, 6, 8, 11, 25], [4, 5, 7, 8, 10, 14, 18, 23], [0, 4, 5, 6, 13, 21, 30, 31], [1, 4, 5, 9, 13, 23, 27, 31], [0, 3, 10, 15, 16, 19, 23, 28], [3, 7, 14, 16, 17, 23, 27, 29], [0, 1, 6, 7, 9, 10, 13, 14], [1, 3, 5, 13, 17, 18, 19, 23], [2, 6, 11, 12, 14, 18, 24, 25], [1, 5, 8, 10, 13, 25, 26, 30], [0, 1, 2, 3, 5, 17, 18, 23], [4, 7, 8, 11, 15, 20, 21, 27], [3, 9, 10, 11, 17, 21, 30, 31], [0, 1, 5, 11, 14, 22, 24, 29], [0, 1, 5, 8, 9, 19, 30, 31], [0, 1, 6, 10, 14, 18, 21, 22], [3, 6, 7, 11, 14, 16, 18, 19], [0, 4, 6, 8, 9, 11, 24, 26], [0, 1, 19, 20, 27, 28, 30, 31], [1, 2, 5, 9, 12, 16, 20, 24], [0, 1, 16, 17, 19, 25, 29, 30], [0, 6, 7, 12, 17, 18, 19, 26], [0, 1, 2, 4, 5, 9, 13, 20], [1, 4, 5, 9, 18, 19, 25, 29], [1, 3, 4, 5, 6, 14, 16, 27], [0, 2, 3, 10, 17, 19, 20, 24], [0, 1, 5, 6, 11, 19, 23, 24], [0, 3, 4, 5, 16, 19, 23, 28], [0, 1, 2, 3, 4, 15, 16, 18], [4, 9, 10, 11, 12, 19, 22, 29], [8, 9, 12, 13, 16, 22, 23, 25], [2, 8, 10, 11, 23, 25, 27, 29], [0, 8, 9, 10, 13, 23, 28, 31], [1, 2, 4, 5, 7, 8, 9, 23], [0, 1, 20, 21, 22, 24, 30, 31], [0, 1, 2, 3, 5, 6, 8, 10], [3, 11, 24, 25, 26, 27, 28, 30], [3, 5, 7, 8, 9, 10, 11, 18], [2, 3, 4, 5, 6, 20, 26, 30], [3, 4, 5, 6, 7, 12, 20, 31], [0, 2, 3, 4, 6, 11, 16, 25], [2, 3, 4, 6, 7, 10, 22, 31], [0, 1, 4, 8, 14, 18, 25, 26], [3, 8, 9, 19, 20, 26, 28, 30], [7, 8, 9, 12, 21, 29, 30, 31], [1, 13, 15, 17, 20, 21, 22, 27], [0, 1, 2, 14, 15, 16, 23, 30], [3, 9, 10, 11, 12, 25, 26, 30], [1, 9, 15, 16, 18, 19, 24, 25], [0, 2, 3, 13, 14, 17, 18, 30], [0, 3, 5, 7, 13, 21, 25, 30], [0, 1, 2, 9, 12, 14, 15, 23], [9, 10, 15, 17, 19, 23, 24, 28], [1, 6, 8, 9, 11, 12, 14, 31], [0, 1, 5, 6, 7, 15, 17, 31], [9, 11, 12, 13, 16, 24, 29, 31], [4, 9, 10, 13, 19, 20, 25, 26], [2, 3, 9, 10, 11, 17, 28, 31], [0, 1, 2, 10, 15, 21, 22, 26], [0, 3, 5, 6, 7, 8, 9, 11], [4, 7, 8, 9, 10, 13, 17, 23], [3, 4, 5, 13, 14, 15, 18, 23], [2, 4, 5, 7, 8, 9, 11, 21], [0, 2, 3, 4, 5, 7, 8, 27]]",8,0.3631349205970764,128,learned,0.0,16128,4.0,124,0.39088550209999084,71,40 8 64 120,4031,0.8684243559837341,test,top_r_mean,0.0,0.5,0.5,0.875
0.10372771474878444,1.0,39,0.0,31,24.79920000769198,hotpotqa,1.0,0.25,0.25,0.0,5a8888e35542997e5c09a5f6,mean,0.4224021592442645,0.9232574701309204,"[[0], [0], [1], [0], [0], [1], [3], [1], [0], [11], [1], [1], [0], [8], [4], [0], [0], [0], [6], [8], [1], [0], [1], [0], [0], [1], [4], [0], [7], [2], [4], [1], [0], [6], [0], [1], [2], [0], [0]]",1,1.0237994194030762,128,learned,0.25,624,4.0,124,1.1747803688049316,11,24 0 16 32,1234,0.5761133432388306,test,top_r_mean,1.0,1.0,0.75,0.875
0.10372771474878444,1.0,39,0.0,31,23.04680016823113,hotpotqa,1.0,0.25,0.25,0.0,5a8888e35542997e5c09a5f6,mean,0.40350877192982454,0.938616156578064,"[[0], [0], [1], [0], [0], [1], [0], [1], [0], [0], [0], [0], [0], [8], [0], [0], [0], [0], [6], [8], [1], [0], [1], [0], [0], [1], [4], [0], [7], [2], [4], [1], [0], [3], [0], [1], [2], [0], [0]]",1,1.0432475805282593,128,learned,0.25,624,4.0,124,1.1777623891830444,23,24 0 16 32,1234,0.5479757189750671,test,top_r_mean,1.0,1.0,0.75,0.875
0.10372771474878444,1.0,39,0.0,31,28.4470000769943,hotpotqa,1.0,0.25,0.25,0.0,5a8888e35542997e5c09a5f6,mean,0.4089068825910931,0.9300545454025269,"[[0], [0], [1], [0], [0], [1], [0], [1], [0], [3], [0], [0], [0], [8], [0], [0], [0], [0], [2], [4], [1], [0], [1], [0], [0], [1], [4], [0], [7], [2], [4], [1], [0], [3], [0], [1], [2], [0], [0]]",1,1.0306179523468018,128,learned,0.25,624,4.0,124,1.170547366142273,37,24 0 16 32,1234,0.5493927001953125,test,top_r_mean,1.0,1.0,0.75,0.875
0.10372771474878444,1.0,39,0.0,31,27.629500022158027,hotpotqa,1.0,0.25,0.25,0.0,5a8888e35542997e5c09a5f6,mean,0.4143049932523617,0.9334973096847534,"[[0], [0], [1], [0], [0], [1], [0], [1], [0], [3], [0], [0], [0], [8], [0], [0], [0], [0], [2], [4], [1], [0], [1], [0], [0], [0], [4], [0], [7], [2], [1], [1], [0], [6], [0], [1], [2], [0], [0]]",1,1.0365805625915527,128,learned,0.25,624,4.0,124,1.1741840839385986,53,24 0 16 32,1234,0.5546558499336243,test,top_r_mean,1.0,1.0,0.75,0.875
0.10372771474878444,1.0,39,0.0,31,28.837000019848347,hotpotqa,1.0,0.25,0.25,0.0,5a8888e35542997e5c09a5f6,mean,0.4143049932523617,0.9017472267150879,"[[0], [0], [1], [0], [0], [1], [0], [1], [0], [11], [0], [0], [0], [8], [0], [0], [0], [0], [2], [8], [1], [0], [1], [0], [0], [0], [12], [0], [7], [2], [4], [1], [0], [6], [0], [1], [2], [0], [0]]",1,0.9866174459457397,128,learned,0.25,624,4.0,124,1.1463927030563354,71,24 0 16 32,1234,0.5647773146629333,test,top_r_mean,1.0,1.0,0.75,0.875
0.10372771474878444,1.0,39,0.0,31,30.3273000754416,hotpotqa,1.0,0.25,0.25,0.0,5a8888e35542997e5c09a5f6,mean,0.41970310391363025,0.42834609746932983,"[[0, 2], [0, 2], [1, 3], [0, 1], [0, 1], [1, 4], [3, 4], [1, 2], [0, 4], [11, 18], [1, 6], [1, 2], [0, 1], [8, 9], [4, 5], [0, 3], [0, 1], [0, 1], [6, 7], [8, 10], [1, 2], [0, 1], [1, 2], [0, 2], [0, 1], [1, 2], [4, 12], [0, 7], [7, 9], [2, 7], [4, 6], [1, 2], [0, 1], [6, 7], [0, 4], [1, 4], [2, 6], [0, 2], [0, 1]]",2,0.8495774865150452,128,learned,0.5,1248,4.0,124,0.9242395162582397,11,24 32 8 16,1234,0.5751011967658997,test,top_r_mean,1.0,0.5,0.75,0.875
0.10372771474878444,1.0,39,0.0,31,28.386899968609214,hotpotqa,1.0,0.25,0.25,0.0,5a8888e35542997e5c09a5f6,mean,0.4493927125506073,0.42301684617996216,"[[0, 2], [0, 2], [1, 3], [0, 1], [0, 1], [1, 5], [0, 3], [1, 2], [0, 4], [0, 11], [0, 1], [0, 1], [0, 1], [8, 9], [0, 4], [0, 3], [0, 1], [0, 1], [6, 7], [8, 9], [1, 2], [0, 1], [1, 2], [0, 2], [0, 1], [1, 2], [4, 12], [0, 7], [7, 9], [2, 7], [4, 6], [1, 2], [0, 1], [3, 7], [0, 4], [1, 2], [2, 6], [0, 2], [0, 1]]",2,0.8436352014541626,128,learned,0.5,1248,4.0,124,0.9104880690574646,23,24 32 8 16,1234,0.6204453110694885,test,top_r_mean,1.0,0.5,0.75,0.875
0.10372771474878444,1.0,39,0.0,31,34.88460020162165,hotpotqa,1.0,0.25,0.25,0.0,5a8888e35542997e5c09a5f6,mean,0.4709851551956815,0.41685622930526733,"[[0, 2], [0, 2], [1, 3], [0, 1], [0, 1], [1, 4], [0, 3], [1, 2], [0, 1], [3, 11], [0, 1], [0, 1], [0, 1], [8, 9], [0, 4], [0, 3], [0, 1], [0, 1], [2, 6], [4, 8], [1, 2], [0, 1], [1, 2], [0, 2], [0, 1], [1, 2], [4, 12], [0, 7], [7, 9], [2, 7], [4, 6], [1, 2], [0, 1], [3, 6], [0, 4], [1, 2], [2, 6], [0, 2], [0, 1]]",2,0.8283239603042603,128,learned,0.5,1248,4.0,124,0.8990325927734375,37,24 32 16 8,1234,0.6394736766815186,test,top_r_mean,1.0,0.5,0.75,0.875
0.10372771474878444,1.0,39,0.0,31,27.18880004249513,hotpotqa,1.0,0.25,0.25,0.0,5a8888e35542997e5c09a5f6,mean,0.47638326585695007,0.42169490456581116,"[[0, 1], [0, 2], [1, 3], [0, 1], [0, 1], [1, 4], [0, 3], [1, 2], [0, 1], [3, 11], [0, 1], [0, 1], [0, 1], [8, 9], [0, 4], [0, 3], [0, 1], [0, 1], [2, 6], [4, 8], [1, 2], [0, 1], [1, 2], [0, 2], [0, 1], [0, 1], [4, 12], [0, 7], [7, 9], [2, 7], [1, 4], [1, 2], [0, 1], [6, 7], [0, 4], [1, 2], [2, 6], [0, 2], [0, 1]]",2,0.8322282433509827,128,learned,0.5,1248,4.0,124,0.8960064649581909,53,24 32 16 8,1234,0.643522322177887,test,top_r_mean,1.0,0.5,0.75,0.875
0.10372771474878444,1.0,39,0.0,31,28.980700066313148,hotpotqa,1.0,0.25,0.25,0.0,5a8888e35542997e5c09a5f6,mean,0.44399460188933876,0.4202422499656677,"[[0, 2], [0, 4], [1, 3], [0, 1], [0, 1], [1, 4], [0, 3], [1, 2], [0, 4], [11, 18], [0, 1], [0, 1], [0, 1], [8, 9], [0, 4], [0, 3], [0, 1], [0, 1], [2, 6], [8, 10], [1, 2], [0, 1], [1, 2], [0, 2], [0, 1], [0, 1], [12, 21], [0, 6], [7, 9], [2, 7], [4, 6], [1, 2], [0, 1], [6, 7], [0, 4], [1, 4], [2, 6], [0, 2], [0, 1]]",2,0.836733341217041,128,learned,0.5,1248,4.0,124,0.9079067707061768,71,24 32 8 16,1234,0.6119433641433716,test,top_r_mean,1.0,0.5,0.75,0.875
0.10372771474878444,1.0,39,0.0,31,30.226599890738726,hotpotqa,1.0,0.25,0.25,0.0,5a8888e35542997e5c09a5f6,mean,0.573549257759784,0.02122054249048233,"[[0, 2, 3, 5], [0, 2, 4, 6], [1, 3, 4, 5], [0, 1, 3, 4], [0, 1, 7, 8], [1, 4, 5, 16], [3, 4, 9, 13], [1, 2, 6, 7], [0, 4, 6, 10], [11, 18, 19, 20], [1, 6, 7, 8], [1, 2, 6, 7], [0, 1, 2, 3], [8, 9, 18, 22], [4, 5, 6, 7], [0, 3, 5, 6], [0, 1, 9, 10], [0, 1, 2, 11], [6, 7, 9, 10], [8, 10, 11, 13], [1, 2, 4, 5], [0, 1, 3, 5], [1, 2, 4, 8], [0, 2, 7, 9], [0, 1, 2, 5], [1, 2, 3, 6], [4, 12, 21, 23], [0, 7, 9, 10], [7, 9, 13, 15], [2, 7, 16, 20], [4, 6, 9, 10], [1, 2, 3, 7], [0, 1, 4, 8], [6, 7, 9, 15], [0, 4, 5, 9], [1, 4, 5, 7], [2, 6, 7, 9], [0, 2, 6, 15], [0, 1, 2, 3]]",4,0.9306071400642395,128,learned,0.5,2496,4.0,124,0.9532251358032227,11,24 32 8 0,1234,0.7655870318412781,test,top_r_mean,1.0,0.5,1.0,0.75
0.10372771474878444,1.0,39,0.0,31,27.01580012217164,hotpotqa,1.0,0.25,0.25,0.0,5a8888e35542997e5c09a5f6,mean,0.543859649122807,0.026407945901155472,"[[0, 2, 3, 5], [0, 2, 4, 6], [1, 3, 5, 10], [0, 1, 4, 15], [0, 1, 7, 8], [1, 5, 15, 16], [0, 3, 4, 7], [1, 2, 3, 6], [0, 4, 6, 10], [0, 11, 18, 20], [0, 1, 3, 7], [0, 1, 2, 7], [0, 1, 2, 3], [8, 9, 18, 22], [0, 4, 6, 7], [0, 3, 5, 6], [0, 1, 6, 9], [0, 1, 2, 11], [6, 7, 9, 10], [8, 9, 10, 11], [1, 2, 4, 5], [0, 1, 5, 14], [1, 2, 4, 8], [0, 2, 9, 10], [0, 1, 2, 3], [1, 2, 3, 4], [4, 12, 21, 23], [0, 7, 9, 10], [7, 9, 13, 15], [2, 7, 16, 20], [4, 6, 9, 10], [1, 2, 3, 16], [0, 1, 4, 8], [3, 7, 9, 15], [0, 4, 5, 9], [1, 2, 4, 5], [2, 6, 7, 9], [0, 2, 6, 15], [0, 1, 2, 3]]",4,0.9401251077651978,128,learned,0.5,2496,4.0,124,0.9666930437088013,23,24 32 8 0,1234,0.7155869603157043,test,top_r_mean,1.0,0.5,1.0,0.75
0.10372771474878444,1.0,39,0.0,31,24.704999988898635,hotpotqa,1.0,0.25,0.25,0.0,5a8888e35542997e5c09a5f6,mean,0.543859649122807,0.021066784858703613,"[[0, 2, 3, 5], [0, 2, 4, 6], [1, 3, 4, 5], [0, 1, 4, 15], [0, 1, 7, 8], [1, 4, 5, 7], [0, 3, 4, 9], [1, 2, 3, 6], [0, 1, 4, 6], [3, 11, 18, 20], [0, 1, 3, 7], [0, 1, 2, 7], [0, 1, 2, 3], [8, 9, 18, 22], [0, 4, 6, 7], [0, 3, 5, 6], [0, 1, 6, 9], [0, 1, 2, 4], [2, 6, 7, 9], [4, 8, 10, 11], [1, 2, 4, 5], [0, 1, 3, 5], [1, 2, 4, 8], [0, 2, 7, 9], [0, 1, 2, 4], [1, 2, 3, 6], [4, 12, 21, 23], [0, 7, 9, 10], [7, 9, 13, 15], [2, 7, 14, 16], [4, 6, 9, 10], [1, 2, 3, 7], [0, 1, 4, 7], [3, 6, 7, 9], [0, 4, 5, 9], [1, 2, 4, 5], [2, 6, 7, 9], [0, 2, 6, 15], [0, 1, 2, 3]]",4,0.938975989818573,128,learned,0.5,2496,4.0,124,0.9641444087028503,37,24 32 8 0,1234,0.7277327179908752,test,top_r_mean,1.0,0.5,1.0,0.75
0.10372771474878444,1.0,39,0.0,31,33.388900104910135,hotpotqa,1.0,0.25,0.25,0.0,5a8888e35542997e5c09a5f6,mean,0.5411605937921727,0.027179880067706108,"[[0, 1, 2, 3], [0, 2, 4, 6], [1, 3, 4, 5], [0, 1, 3, 4], [0, 1, 7, 8], [1, 4, 5, 7], [0, 3, 4, 13], [1, 2, 3, 6], [0, 1, 4, 6], [3, 11, 18, 19], [0, 1, 3, 6], [0, 1, 2, 7], [0, 1, 2, 3], [8, 9, 18, 22], [0, 4, 6, 7], [0, 3, 5, 6], [0, 1, 6, 9], [0, 1, 2, 4], [2, 6, 7, 9], [4, 8, 10, 11], [1, 2, 4, 5], [0, 1, 3, 5], [1, 2, 4, 10], [0, 2, 7, 8], [0, 1, 2, 4], [0, 1, 2, 3], [4, 12, 21, 23], [0, 7, 9, 10], [7, 9, 13, 15], [2, 7, 14, 16], [1, 4, 6, 9], [1, 2, 3, 7], [0, 1, 4, 8], [6, 7, 9, 15], [0, 4, 5, 9], [1, 2, 4, 5], [2, 6, 7, 9], [0, 2, 6, 15], [0, 1, 2, 3]]",4,0.9359222650527954,128,learned,0.5,2496,4.0,124,0.9630477428436279,53,24 32 8 16,1234,0.722267210483551,test,top_r_mean,1.0,0.5,0.75,0.875
0.10372771474878444,1.0,39,0.0,31,30.093600042164326,hotpotqa,1.0,0.25,0.25,0.0,5a8888e35542997e5c09a5f6,mean,0.5465587044534413,0.024025917053222656,"[[0, 2, 3, 5], [0, 4, 6, 9], [1, 3, 4, 5], [0, 1, 4, 15], [0, 1, 7, 8], [1, 4, 5, 16], [0, 3, 4, 9], [1, 2, 3, 6], [0, 4, 6, 10], [11, 18, 19, 20], [0, 1, 3, 7], [0, 1, 2, 7], [0, 1, 2, 3], [8, 9, 18, 22], [0, 4, 6, 7], [0, 3, 5, 6], [0, 1, 6, 9], [0, 1, 2, 4], [2, 6, 7, 9], [8, 10, 11, 13], [1, 2, 4, 5], [0, 1, 3, 5], [1, 2, 4, 8], [0, 2, 7, 8], [0, 1, 3, 5], [0, 1, 3, 6], [12, 21, 23, 25], [0, 6, 7, 9], [7, 9, 13, 15], [2, 7, 14, 16], [4, 6, 9, 10], [1, 2, 3, 7], [0, 1, 4, 8], [6, 7, 9, 11], [0, 4, 5, 9], [1, 4, 5, 7], [2, 6, 7, 9], [0, 2, 6, 15], [0, 1, 2, 3]]",4,0.9297849535942078,128,learned,0.5,2496,4.0,124,0.9551449418067932,71,24 32 8 0,1234,0.7338056564331055,test,top_r_mean,1.0,0.5,1.0,0.75
0.10372771474878444,1.0,39,0.0,31,34.36939977109432,hotpotqa,1.0,0.25,0.25,0.0,5a8888e35542997e5c09a5f6,mean,0.7489878542510121,0.009990006685256958,"[[0, 2, 3, 5, 6, 9, 21, 31], [0, 2, 4, 6, 9, 14, 17, 20], [1, 3, 4, 5, 10, 17, 18, 21], [0, 1, 3, 4, 15, 18, 21, 24], [0, 1, 7, 8, 9, 10, 26, 27], [1, 4, 5, 16, 21, 23, 24, 28], [3, 4, 9, 13, 14, 15, 29, 31], [1, 2, 6, 7, 10, 11, 14, 24], [0, 4, 6, 10, 14, 15, 17, 21], [11, 18, 19, 20, 21, 22, 25, 30], [1, 6, 7, 8, 12, 15, 22, 29], [1, 2, 6, 7, 8, 10, 21, 30], [0, 1, 2, 3, 4, 16, 20, 25], [8, 9, 18, 22, 24, 25, 26, 30], [4, 5, 6, 7, 11, 16, 25, 31], [0, 3, 5, 6, 13, 15, 30, 31], [0, 1, 9, 10, 13, 15, 16, 18], [0, 1, 2, 11, 21, 22, 23, 30], [6, 7, 9, 10, 11, 16, 17, 28], [8, 10, 11, 13, 14, 15, 17, 30], [1, 2, 4, 5, 7, 16, 20, 22], [0, 1, 3, 5, 14, 19, 23, 30], [1, 2, 4, 8, 10, 11, 24, 30], [0, 2, 7, 9, 11, 15, 16, 29], [0, 1, 2, 5, 7, 9, 20, 27], [1, 2, 3, 6, 7, 10, 19, 28], [4, 12, 21, 23, 25, 27, 28, 29], [0, 7, 9, 10, 11, 16, 18, 31], [7, 9, 13, 15, 17, 21, 27, 30], [2, 7, 16, 20, 23, 26, 28, 29], [4, 6, 9, 10, 13, 15, 23, 31], [1, 2, 3, 7, 16, 20, 22, 28], [0, 1, 4, 8, 9, 15, 24, 26], [6, 7, 9, 15, 19, 20, 26, 28], [0, 4, 5, 9, 13, 23, 24, 29], [1, 4, 5, 7, 11, 12, 18, 28], [2, 6, 7, 9, 13, 19, 24, 27], [0, 2, 6, 15, 19, 20, 23, 27], [0, 1, 2, 3, 4, 6, 9, 17]]",8,0.4218812584877014,128,learned,0.5,4992,4.0,124,0.4412662386894226,11,24 32 8 0,1234,0.9105263352394104,test,top_r_mean,1.0,0.5,1.0,0.75
0.10372771474878444,1.0,39,0.0,31,30.01809981651604,hotpotqa,1.0,0.25,0.25,0.0,5a8888e35542997e5c09a5f6,mean,0.7273954116059379,0.011683205142617226,"[[0, 2, 3, 5, 7, 9, 21, 31], [0, 2, 4, 6, 9, 14, 17, 20], [1, 3, 5, 10, 16, 17, 18, 21], [0, 1, 4, 15, 18, 21, 23, 24], [0, 1, 7, 8, 9, 10, 26, 28], [1, 5, 15, 16, 21, 23, 28, 31], [0, 3, 4, 7, 13, 14, 15, 29], [1, 2, 3, 6, 7, 10, 14, 24], [0, 4, 6, 10, 14, 15, 17, 21], [0, 11, 18, 20, 21, 22, 25, 30], [0, 1, 3, 7, 8, 12, 22, 29], [0, 1, 2, 7, 8, 10, 21, 30], [0, 1, 2, 3, 4, 16, 20, 25], [8, 9, 18, 22, 24, 25, 26, 30], [0, 4, 6, 7, 11, 16, 25, 31], [0, 3, 5, 6, 15, 29, 30, 31], [0, 1, 6, 9, 10, 13, 15, 18], [0, 1, 2, 11, 21, 22, 23, 30], [6, 7, 9, 10, 11, 16, 17, 28], [8, 9, 10, 11, 13, 15, 17, 30], [1, 2, 4, 5, 7, 20, 22, 28], [0, 1, 5, 14, 19, 23, 29, 30], [1, 2, 4, 8, 10, 11, 29, 30], [0, 2, 9, 10, 11, 15, 16, 29], [0, 1, 2, 3, 5, 7, 20, 27], [1, 2, 3, 4, 6, 7, 10, 19], [4, 12, 21, 23, 24, 25, 27, 28], [0, 7, 9, 10, 11, 16, 30, 31], [7, 9, 13, 15, 17, 21, 27, 30], [2, 7, 16, 20, 23, 26, 28, 29], [4, 6, 9, 10, 11, 12, 23, 31], [1, 2, 3, 16, 20, 22, 27, 28], [0, 1, 4, 8, 9, 15, 24, 26], [3, 7, 9, 15, 19, 20, 26, 28], [0, 4, 5, 9, 13, 23, 24, 29], [1, 2, 4, 5, 11, 12, 18, 28], [2, 6, 7, 9, 11, 13, 24, 27], [0, 2, 6, 15, 19, 20, 23, 27], [0, 1, 2, 3, 4, 6, 10, 17]]",8,0.4289584159851074,128,learned,0.5,4992,4.0,124,0.45393258333206177,23,24 32 8 0,1234,0.8910930752754211,test,top_r_mean,1.0,0.5,1.0,0.75
0.10372771474878444,1.0,39,0.0,31,28.244900051504374,hotpotqa,1.0,0.25,0.25,0.0,5a8888e35542997e5c09a5f6,mean,0.738191632928475,0.00891929492354393,"[[0, 2, 3, 5, 6, 9, 21, 31], [0, 2, 4, 6, 9, 14, 17, 20], [1, 3, 4, 5, 10, 17, 18, 21], [0, 1, 4, 15, 16, 18, 21, 24], [0, 1, 7, 8, 9, 10, 26, 27], [1, 4, 5, 7, 16, 21, 23, 28], [0, 3, 4, 9, 13, 14, 15, 31], [1, 2, 3, 6, 7, 10, 11, 14], [0, 1, 4, 6, 10, 15, 17, 21], [3, 11, 18, 20, 21, 22, 25, 30], [0, 1, 3, 7, 8, 12, 22, 29], [0, 1, 2, 7, 8, 10, 21, 30], [0, 1, 2, 3, 4, 9, 16, 20], [8, 9, 18, 22, 24, 25, 26, 30], [0, 4, 6, 7, 11, 16, 25, 31], [0, 3, 5, 6, 13, 15, 30, 31], [0, 1, 6, 9, 13, 15, 16, 18], [0, 1, 2, 4, 11, 22, 23, 30], [2, 6, 7, 9, 10, 11, 17, 28], [4, 8, 10, 11, 13, 15, 17, 30], [1, 2, 4, 5, 7, 16, 19, 20], [0, 1, 3, 5, 14, 19, 23, 30], [1, 2, 4, 8, 10, 11, 24, 30], [0, 2, 7, 9, 11, 15, 16, 29], [0, 1, 2, 4, 5, 7, 20, 27], [1, 2, 3, 6, 7, 10, 19, 28], [4, 12, 21, 23, 25, 27, 28, 29], [0, 7, 9, 10, 11, 16, 18, 31], [7, 9, 13, 15, 17, 21, 27, 30], [2, 7, 14, 16, 20, 23, 26, 29], [4, 6, 9, 10, 11, 12, 15, 31], [1, 2, 3, 7, 16, 22, 27, 28], [0, 1, 4, 7, 8, 9, 15, 24], [3, 6, 7, 9, 15, 19, 20, 26], [0, 4, 5, 9, 13, 23, 24, 29], [1, 2, 4, 5, 11, 12, 18, 28], [2, 6, 7, 9, 11, 13, 19, 24], [0, 2, 6, 15, 19, 20, 23, 27], [0, 1, 2, 3, 4, 6, 10, 17]]",8,0.4121931195259094,128,learned,0.5,4992,4.0,124,0.4316410422325134,37,24 32 8 0,1234,0.9006072878837585,test,top_r_mean,1.0,0.5,1.0,0.75
0.10372771474878444,1.0,39,0.0,31,29.763800092041492,hotpotqa,1.0,0.25,0.25,0.0,5a8888e35542997e5c09a5f6,mean,0.7651821862348178,0.008635761216282845,"[[0, 1, 2, 3, 5, 9, 21, 31], [0, 2, 4, 6, 9, 14, 17, 20], [1, 3, 4, 5, 10, 17, 18, 21], [0, 1, 3, 4, 15, 18, 21, 24], [0, 1, 7, 8, 9, 10, 26, 27], [1, 4, 5, 7, 16, 21, 23, 28], [0, 3, 4, 13, 14, 15, 29, 31], [1, 2, 3, 6, 7, 10, 11, 24], [0, 1, 4, 6, 10, 15, 17, 21], [3, 11, 18, 19, 20, 21, 22, 30], [0, 1, 3, 6, 7, 8, 12, 29], [0, 1, 2, 7, 8, 10, 21, 30], [0, 1, 2, 3, 4, 9, 16, 20], [8, 9, 18, 22, 24, 25, 26, 30], [0, 4, 6, 7, 11, 16, 25, 31], [0, 3, 5, 6, 13, 15, 30, 31], [0, 1, 6, 9, 13, 15, 16, 18], [0, 1, 2, 4, 11, 22, 23, 30], [2, 6, 7, 9, 10, 11, 17, 28], [4, 8, 10, 11, 14, 15, 17, 30], [1, 2, 4, 5, 7, 16, 20, 22], [0, 1, 3, 5, 14, 19, 23, 30], [1, 2, 4, 10, 11, 24, 29, 30], [0, 2, 7, 8, 9, 15, 16, 29], [0, 1, 2, 4, 5, 7, 20, 27], [0, 1, 2, 3, 7, 10, 19, 28], [4, 12, 21, 23, 25, 27, 28, 29], [0, 7, 9, 10, 11, 16, 18, 31], [7, 9, 13, 15, 17, 21, 27, 30], [2, 7, 14, 16, 20, 26, 28, 29], [1, 4, 6, 9, 10, 13, 15, 31], [1, 2, 3, 7, 16, 22, 27, 28], [0, 1, 4, 8, 9, 15, 24, 26], [6, 7, 9, 15, 19, 20, 26, 28], [0, 4, 5, 9, 13, 23, 24, 29], [1, 2, 4, 5, 11, 12, 18, 28], [2, 6, 7, 9, 10, 13, 19, 24], [0, 2, 6, 15, 19, 20, 23, 27], [0, 1, 2, 3, 4, 6, 10, 17]]",8,0.41608893871307373,128,learned,0.5,4992,4.0,124,0.4339023232460022,53,24 32 8 0,1234,0.9155870676040649,test,top_r_mean,1.0,0.5,1.0,0.875
0.10372771474878444,1.0,39,0.0,31,32.61019987985492,hotpotqa,1.0,0.25,0.25,0.0,5a8888e35542997e5c09a5f6,mean,0.7408906882591093,0.009055063128471375,"[[0, 2, 3, 5, 6, 9, 21, 31], [0, 4, 6, 9, 14, 17, 20, 27], [1, 3, 4, 5, 10, 17, 18, 21], [0, 1, 4, 15, 18, 21, 23, 24], [0, 1, 7, 8, 9, 10, 26, 28], [1, 4, 5, 16, 21, 24, 28, 31], [0, 3, 4, 9, 13, 14, 15, 31], [1, 2, 3, 6, 7, 10, 11, 24], [0, 4, 6, 10, 14, 15, 17, 21], [11, 18, 19, 20, 21, 22, 25, 30], [0, 1, 3, 7, 8, 12, 27, 29], [0, 1, 2, 7, 8, 10, 21, 30], [0, 1, 2, 3, 4, 15, 16, 20], [8, 9, 18, 22, 24, 25, 26, 30], [0, 4, 6, 7, 11, 16, 25, 31], [0, 3, 5, 6, 14, 15, 30, 31], [0, 1, 6, 9, 13, 15, 18, 27], [0, 1, 2, 4, 11, 22, 23, 30], [2, 6, 7, 9, 10, 11, 17, 28], [8, 10, 11, 13, 14, 15, 17, 30], [1, 2, 4, 5, 7, 16, 20, 27], [0, 1, 3, 5, 14, 19, 23, 30], [1, 2, 4, 8, 10, 11, 24, 30], [0, 2, 7, 8, 9, 15, 16, 29], [0, 1, 3, 5, 7, 9, 20, 27], [0, 1, 3, 6, 7, 10, 19, 28], [12, 21, 23, 25, 26, 27, 28, 29], [0, 6, 7, 9, 10, 16, 18, 30], [7, 9, 13, 15, 17, 21, 27, 30], [2, 7, 14, 16, 20, 26, 28, 29], [4, 6, 9, 10, 13, 15, 23, 31], [1, 2, 3, 7, 16, 24, 27, 28], [0, 1, 4, 8, 9, 15, 24, 26], [6, 7, 9, 11, 15, 19, 20, 28], [0, 4, 5, 9, 13, 23, 24, 29], [1, 4, 5, 7, 11, 12, 18, 28], [2, 6, 7, 9, 10, 13, 24, 27], [0, 2, 6, 15, 19, 20, 23, 27], [0, 1, 2, 3, 4, 6, 10, 17]]",8,0.41249075531959534,128,learned,0.5,4992,4.0,124,0.43225762248039246,71,24 32 8 0,1234,0.9076922535896301,test,top_r_mean,1.0,0.5,1.0,0.75
0.07360552041403105,1.0,55,0.0,31,31.899899942800403,hotpotqa,0.8,0.25,0.2,0.0,5a8c8502554299585d9e36d0,mean,0.26195286195286194,1.2630820274353027,"[[0], [0], [1], [0], [0], [3], [1], [0], [0], [1], [1], [7], [1], [0], [4], [0], [0], [0], [2], [4], [2], [2], [3], [4], [0], [1], [0], [1], [2], [0], [1], [0], [0], [6], [8], [1], [0], [8], [10], [0], [0], [0], [0], [0], [10], [1], [1], [0], [0], [1], [1], [1], [4], [2], [0]]",1,1.1931681632995605,128,learned,1.0,880,4.0,124,1.3311612606048584,11,40 48 8 0,1739,0.3725108802318573,test,top_r_mean,0.0,0.0,0.75,0.875
0.07360552041403105,1.0,55,0.0,31,36.41350008547306,hotpotqa,0.8,0.25,0.2,0.0,5a8c8502554299585d9e36d0,mean,0.235016835016835,1.2758474349975586,"[[0], [0], [1], [0], [0], [3], [1], [0], [0], [1], [1], [2], [1], [0], [4], [0], [0], [0], [2], [0], [2], [2], [3], [4], [0], [1], [0], [1], [2], [0], [1], [0], [0], [5], [8], [0], [0], [8], [9], [0], [0], [0], [0], [0], [10], [0], [1], [0], [0], [1], [1], [2], [4], [2], [0]]",1,1.2086296081542969,128,learned,1.0,880,4.0,124,1.3433247804641724,23,40 48 8 0,1739,0.33722949028015137,test,top_r_mean,0.0,0.0,0.75,0.875
0.07360552041403105,1.0,55,0.0,31,32.6475000474602,hotpotqa,0.8,0.25,0.2,0.0,5a8c8502554299585d9e36d0,mean,0.24848484848484848,1.283751130104065,"[[0], [0], [1], [0], [0], [3], [1], [0], [0], [1], [1], [2], [1], [0], [4], [0], [0], [0], [2], [0], [2], [2], [3], [4], [0], [1], [0], [1], [2], [0], [1], [0], [0], [6], [8], [0], [0], [8], [4], [0], [0], [0], [0], [0], [8], [0], [1], [0], [0], [1], [1], [1], [3], [2], [0]]",1,1.2201446294784546,128,learned,1.0,880,4.0,124,1.3508737087249756,37,40 48 8 0,1739,0.34971147775650024,test,top_r_mean,0.0,0.0,0.75,0.875
0.07360552041403105,1.0,55,0.0,31,41.577700059860945,hotpotqa,0.8,0.25,0.2,0.0,5a8c8502554299585d9e36d0,mean,0.24713804713804713,1.285226583480835,"[[0], [0], [1], [0], [0], [3], [1], [0], [0], [1], [1], [2], [1], [0], [4], [0], [0], [0], [2], [0], [2], [2], [3], [4], [0], [1], [0], [1], [2], [0], [1], [0], [0], [6], [8], [0], [0], [8], [4], [0], [0], [0], [0], [0], [8], [0], [1], [0], [0], [1], [1], [1], [4], [2], [0]]",1,1.2223753929138184,128,learned,1.0,880,4.0,124,1.3519617319107056,53,40 48 8 0,1739,0.3525253236293793,test,top_r_mean,0.0,0.0,0.75,0.875
0.07360552041403105,1.0,55,0.0,31,37.034599808976054,hotpotqa,0.8,0.25,0.2,0.0,5a8c8502554299585d9e36d0,mean,0.24444444444444444,1.262860894203186,"[[0], [0], [1], [0], [0], [3], [1], [0], [0], [1], [1], [2], [1], [0], [4], [0], [0], [0], [2], [4], [2], [2], [3], [4], [0], [1], [0], [1], [3], [0], [1], [0], [0], [6], [8], [0], [0], [9], [10], [0], [0], [0], [0], [0], [10], [0], [1], [0], [0], [1], [1], [1], [4], [2], [0]]",1,1.1920859813690186,128,learned,1.0,880,4.0,124,1.3294084072113037,71,40 48 8 0,1739,0.3514430522918701,test,top_r_mean,0.0,0.0,0.75,0.875
0.07360552041403105,1.0,55,0.0,31,43.26780000701547,hotpotqa,0.8,0.25,0.2,0.0,5a8c8502554299585d9e36d0,mean,0.3387205387205387,0.20283040404319763,"[[0, 1], [0, 1], [1, 7], [0, 6], [0, 3], [3, 4], [1, 4], [0, 6], [0, 1], [1, 2], [1, 2], [7, 11], [1, 2], [0, 4], [4, 5], [0, 1], [0, 1], [0, 4], [2, 6], [4, 5], [2, 3], [2, 3], [3, 11], [4, 5], [0, 1], [1, 2], [0, 3], [1, 2], [2, 3], [0, 1], [1, 2], [0, 1], [0, 4], [6, 7], [8, 9], [1, 5], [0, 3], [8, 9], [10, 11], [0, 6], [0, 1], [0, 1], [0, 1], [0, 11], [10, 11], [1, 2], [1, 2], [0, 1], [0, 1], [1, 8], [1, 4], [1, 2], [4, 7], [2, 3], [0, 1]]",2,0.8596546649932861,128,learned,1.0,1760,4.0,124,0.9259061813354492,11,40 48 0 32,1739,0.47756141424179077,test,top_r_mean,0.0,0.0,0.75,0.875
0.07360552041403105,1.0,55,0.0,31,29.88829999230802,hotpotqa,0.8,0.25,0.2,0.0,5a8c8502554299585d9e36d0,mean,0.3292929292929293,0.2101752609014511,"[[0, 1], [0, 1], [1, 7], [0, 6], [0, 3], [3, 4], [1, 4], [0, 6], [0, 1], [1, 2], [1, 2], [2, 7], [1, 2], [0, 4], [4, 5], [0, 1], [0, 1], [0, 5], [2, 6], [0, 4], [2, 3], [2, 3], [3, 4], [4, 5], [0, 1], [1, 2], [0, 3], [1, 2], [2, 3], [0, 1], [1, 2], [0, 1], [0, 5], [5, 6], [8, 9], [0, 1], [0, 3], [8, 9], [9, 10], [0, 6], [0, 1], [0, 1], [0, 1], [0, 10], [10, 11], [0, 1], [1, 2], [0, 1], [0, 1], [1, 8], [1, 4], [2, 5], [4, 7], [2, 3], [0, 1]]",2,0.8520411849021912,128,learned,0.5,1760,4.0,124,0.914840579032898,23,32 40 48 0,1739,0.452669620513916,test,top_r_mean,0.0,0.5,0.75,0.875
0.07360552041403105,1.0,55,0.0,31,41.766100097447634,hotpotqa,0.8,0.25,0.2,0.0,5a8c8502554299585d9e36d0,mean,0.2377104377104377,0.19954170286655426,"[[0, 1], [0, 1], [1, 6], [0, 6], [0, 3], [3, 4], [1, 4], [0, 6], [0, 1], [1, 2], [1, 2], [2, 7], [1, 2], [0, 4], [4, 5], [0, 1], [0, 1], [0, 5], [2, 5], [0, 4], [2, 3], [2, 3], [3, 4], [4, 5], [0, 1], [1, 2], [0, 2], [1, 2], [2, 3], [0, 1], [1, 2], [0, 1], [0, 1], [6, 7], [8, 9], [0, 1], [0, 3], [8, 9], [4, 9], [0, 6], [0, 1], [0, 1], [0, 1], [0, 2], [8, 10], [0, 1], [1, 2], [0, 1], [0, 1], [1, 8], [1, 4], [1, 2], [3, 4], [2, 3], [0, 1]]",2,0.885280191898346,128,learned,1.0,1760,4.0,124,0.9535186886787415,37,40 48 0 24,1739,0.3472583591938019,test,top_r_mean,0.0,0.0,0.5,0.875
0.07360552041403105,1.0,55,0.0,31,35.558899864554405,hotpotqa,0.8,0.25,0.2,0.0,5a8c8502554299585d9e36d0,mean,0.32794612794612793,0.18734830617904663,"[[0, 1], [0, 1], [1, 7], [0, 6], [0, 3], [3, 4], [1, 4], [0, 6], [0, 1], [1, 2], [1, 2], [2, 7], [1, 2], [0, 4], [4, 5], [0, 1], [0, 1], [0, 4], [2, 6], [0, 4], [2, 3], [2, 3], [3, 4], [4, 5], [0, 1], [1, 2], [0, 2], [1, 2], [2, 3], [0, 1], [1, 2], [0, 1], [0, 1], [6, 7], [8, 9], [0, 1], [0, 3], [8, 9], [4, 5], [0, 6], [0, 1], [0, 1], [0, 1], [0, 2], [8, 10], [0, 1], [1, 2], [0, 1], [0, 1], [1, 8], [1, 4], [1, 2], [4, 6], [2, 3], [0, 1]]",2,0.8595436811447144,128,learned,1.0,1760,4.0,124,0.9237069487571716,53,40 48 0 24,1739,0.4631313681602478,test,top_r_mean,0.0,0.0,0.5,0.875
0.07360552041403105,1.0,55,0.0,31,37.7851000521332,hotpotqa,0.8,0.25,0.2,0.0,5a8c8502554299585d9e36d0,mean,0.32525252525252524,0.20566222071647644,"[[0, 1], [0, 1], [1, 7], [0, 6], [0, 3], [3, 4], [1, 4], [0, 6], [0, 1], [1, 2], [1, 2], [2, 7], [1, 2], [0, 4], [4, 5], [0, 1], [0, 1], [0, 5], [2, 5], [4, 5], [2, 3], [2, 3], [3, 4], [4, 5], [0, 1], [1, 2], [0, 3], [1, 2], [3, 4], [0, 1], [1, 2], [0, 1], [0, 5], [6, 7], [8, 9], [0, 1], [0, 3], [9, 13], [10, 11], [0, 6], [0, 1], [0, 1], [0, 1], [0, 11], [10, 11], [0, 1], [1, 2], [0, 1], [0, 1], [1, 8], [1, 4], [1, 2], [4, 7], [2, 3], [0, 1]]",2,0.8443341851234436,128,learned,0.5,1760,4.0,124,0.9026371240615845,71,32 40 48 0,1739,0.45678216218948364,test,top_r_mean,0.0,0.5,0.75,0.875
0.07360552041403105,1.0,55,0.0,31,42.02620009891689,hotpotqa,0.8,0.25,0.2,0.0,5a8c8502554299585d9e36d0,mean,0.4585858585858586,0.019680168479681015,"[[0, 1, 4, 7], [0, 1, 7, 8], [1, 7, 13, 14], [0, 6, 13, 21], [0, 3, 4, 6], [3, 4, 6, 10], [1, 4, 5, 7], [0, 6, 8, 9], [0, 1, 4, 15], [1, 2, 6, 9], [1, 2, 9, 13], [7, 11, 12, 13], [1, 2, 3, 6], [0, 4, 5, 9], [4, 5, 6, 7], [0, 1, 6, 11], [0, 1, 18, 19], [0, 4, 5, 7], [2, 6, 7, 10], [4, 5, 8, 9], [2, 3, 10, 13], [2, 3, 9, 11], [3, 11, 12, 13], [4, 5, 6, 7], [0, 1, 5, 6], [1, 2, 8, 11], [0, 3, 4, 6], [1, 2, 4, 5], [2, 3, 4, 5], [0, 1, 6, 14], [1, 2, 8, 10], [0, 1, 7, 15], [0, 4, 5, 6], [6, 7, 8, 9], [8, 9, 10, 13], [1, 5, 6, 7], [0, 3, 4, 6], [8, 9, 13, 15], [10, 11, 12, 15], [0, 6, 13, 19], [0, 1, 4, 11], [0, 1, 2, 7], [0, 1, 2, 13], [0, 11, 12, 14], [10, 11, 12, 13], [1, 2, 3, 9], [1, 2, 6, 8], [0, 1, 6, 7], [0, 1, 3, 4], [1, 8, 14, 17], [1, 4, 18, 19], [1, 2, 5, 15], [4, 7, 11, 12], [2, 3, 7, 13], [0, 1, 2, 3]]",4,0.8744135499000549,128,learned,0.25,3520,4.0,124,0.8973440527915955,11,0 32 48 40,1739,0.5978355407714844,test,top_r_mean,1.0,1.0,0.75,1.0
0.07360552041403105,1.0,55,0.0,31,37.91590011678636,hotpotqa,0.8,0.25,0.2,0.0,5a8c8502554299585d9e36d0,mean,0.41279461279461277,0.02298431098461151,"[[0, 1, 4, 5], [0, 1, 7, 8], [1, 7, 14, 15], [0, 6, 13, 21], [0, 3, 4, 6], [3, 4, 6, 10], [1, 4, 5, 7], [0, 6, 8, 9], [0, 1, 4, 8], [1, 2, 6, 7], [1, 2, 5, 9], [2, 7, 10, 11], [1, 2, 3, 6], [0, 4, 5, 9], [4, 5, 6, 7], [0, 1, 6, 11], [0, 1, 4, 18], [0, 5, 7, 8], [2, 6, 7, 10], [0, 4, 5, 8], [2, 3, 10, 12], [2, 3, 9, 11], [3, 4, 11, 12], [4, 5, 6, 7], [0, 1, 5, 6], [1, 2, 3, 8], [0, 3, 4, 6], [1, 2, 4, 5], [2, 3, 4, 5], [0, 1, 6, 14], [1, 2, 8, 10], [0, 1, 16, 18], [0, 5, 6, 7], [5, 6, 7, 8], [8, 9, 10, 11], [0, 1, 5, 6], [0, 3, 4, 6], [8, 9, 13, 15], [9, 10, 11, 12], [0, 6, 13, 19], [0, 1, 4, 11], [0, 1, 2, 7], [0, 1, 2, 3], [0, 10, 11, 12], [10, 11, 12, 13], [0, 1, 2, 3], [1, 2, 6, 8], [0, 1, 7, 9], [0, 1, 3, 4], [1, 8, 14, 17], [1, 4, 19, 25], [2, 5, 15, 16], [4, 7, 11, 12], [2, 3, 7, 13], [0, 1, 3, 4]]",4,0.8660150170326233,128,learned,0.25,3520,4.0,124,0.8926389217376709,23,0 32 48 40,1739,0.5417028069496155,test,top_r_mean,1.0,1.0,0.75,1.0
0.07360552041403105,1.0,55,0.0,31,41.99769999831915,hotpotqa,0.8,0.25,0.2,0.0,5a8c8502554299585d9e36d0,mean,0.41144781144781145,0.020718805491924286,"[[0, 1, 4, 7], [0, 1, 7, 8], [1, 6, 7, 13], [0, 6, 13, 21], [0, 3, 4, 6], [3, 4, 6, 10], [1, 4, 5, 7], [0, 6, 8, 9], [0, 1, 4, 8], [1, 2, 6, 7], [1, 2, 9, 13], [2, 7, 11, 12], [1, 2, 3, 6], [0, 4, 5, 9], [4, 5, 6, 7], [0, 1, 5, 6], [0, 1, 4, 18], [0, 5, 7, 8], [2, 5, 6, 10], [0, 4, 5, 8], [2, 3, 10, 13], [2, 3, 9, 11], [3, 4, 11, 12], [4, 5, 6, 7], [0, 1, 5, 6], [1, 2, 3, 8], [0, 2, 3, 4], [1, 2, 4, 5], [2, 3, 4, 5], [0, 1, 6, 14], [1, 2, 8, 10], [0, 1, 7, 18], [0, 1, 5, 6], [6, 7, 8, 9], [8, 9, 10, 11], [0, 1, 5, 6], [0, 3, 4, 6], [8, 9, 13, 15], [4, 9, 10, 11], [0, 6, 13, 19], [0, 1, 4, 11], [0, 1, 2, 7], [0, 1, 2, 3], [0, 2, 11, 12], [8, 10, 11, 12], [0, 1, 2, 3], [1, 2, 6, 8], [0, 1, 6, 7], [0, 1, 3, 4], [1, 8, 14, 17], [1, 4, 7, 19], [1, 2, 5, 11], [3, 4, 7, 11], [2, 3, 7, 13], [0, 1, 2, 3]]",4,0.8851552605628967,128,learned,0.3333333333333333,3520,4.0,124,0.909259021282196,37,0 48 40 16,1739,0.5552670955657959,test,top_r_mean,1.0,0.5,0.5,0.875
0.07360552041403105,1.0,55,0.0,31,39.57219980657101,hotpotqa,0.8,0.25,0.2,0.0,5a8c8502554299585d9e36d0,mean,0.4383838383838384,0.01983288675546646,"[[0, 1, 4, 7], [0, 1, 7, 8], [1, 7, 13, 14], [0, 6, 13, 21], [0, 3, 4, 6], [3, 4, 6, 10], [1, 4, 5, 7], [0, 6, 8, 9], [0, 1, 4, 8], [1, 2, 6, 7], [1, 2, 9, 13], [2, 7, 11, 12], [1, 2, 3, 6], [0, 4, 5, 9], [4, 5, 6, 7], [0, 1, 6, 11], [0, 1, 4, 18], [0, 4, 5, 7], [2, 6, 7, 10], [0, 4, 5, 8], [2, 3, 10, 12], [2, 3, 9, 11], [3, 4, 11, 12], [4, 5, 6, 7], [0, 1, 5, 6], [1, 2, 8, 11], [0, 2, 3, 4], [1, 2, 4, 5], [2, 3, 4, 5], [0, 1, 6, 14], [1, 2, 8, 10], [0, 1, 7, 18], [0, 1, 6, 7], [6, 7, 8, 9], [8, 9, 10, 13], [0, 1, 5, 6], [0, 3, 4, 6], [8, 9, 13, 15], [4, 5, 10, 11], [0, 6, 13, 19], [0, 1, 4, 11], [0, 1, 2, 7], [0, 1, 2, 3], [0, 2, 11, 12], [8, 10, 11, 12], [0, 1, 2, 3], [1, 2, 6, 8], [0, 1, 6, 7], [0, 1, 3, 4], [1, 8, 14, 17], [1, 4, 7, 19], [1, 2, 5, 11], [4, 6, 7, 11], [2, 3, 7, 13], [0, 1, 2, 3]]",4,0.8693004250526428,128,learned,0.3333333333333333,3520,4.0,124,0.8929685950279236,53,0 48 40 16,1739,0.5867966413497925,test,top_r_mean,1.0,0.5,0.5,1.0
0.07360552041403105,1.0,55,0.0,31,40.850199991837144,hotpotqa,0.8,0.25,0.2,0.0,5a8c8502554299585d9e36d0,mean,0.45185185185185184,0.019630972295999527,"[[0, 1, 4, 7], [0, 1, 7, 8], [1, 7, 13, 14], [0, 6, 13, 21], [0, 3, 4, 6], [3, 4, 6, 10], [1, 4, 5, 7], [0, 6, 8, 9], [0, 1, 4, 18], [1, 2, 6, 9], [1, 2, 9, 13], [2, 7, 11, 12], [1, 2, 3, 6], [0, 4, 5, 9], [4, 5, 6, 7], [0, 1, 6, 11], [0, 1, 4, 18], [0, 5, 7, 8], [2, 5, 6, 10], [4, 5, 8, 9], [2, 3, 10, 13], [2, 3, 9, 11], [3, 4, 11, 12], [4, 5, 6, 7], [0, 1, 5, 6], [1, 2, 8, 11], [0, 3, 4, 6], [1, 2, 4, 5], [3, 4, 5, 7], [0, 1, 6, 14], [1, 2, 8, 10], [0, 1, 7, 18], [0, 5, 6, 7], [6, 7, 8, 9], [8, 9, 10, 11], [0, 1, 5, 6], [0, 3, 4, 6], [9, 13, 15, 17], [10, 11, 12, 18], [0, 6, 13, 19], [0, 1, 4, 11], [0, 1, 2, 7], [0, 1, 2, 3], [0, 11, 12, 15], [10, 11, 12, 13], [0, 1, 2, 3], [1, 2, 3, 6], [0, 1, 6, 7], [0, 1, 3, 4], [1, 8, 13, 17], [1, 4, 18, 19], [1, 2, 5, 15], [4, 7, 11, 13], [2, 3, 7, 13], [0, 1, 3, 4]]",4,0.8533120155334473,128,learned,0.25,3520,4.0,124,0.8769785761833191,71,32 0 48 40,1739,0.5936509370803833,test,top_r_mean,0.0,1.0,0.75,1.0
0.07360552041403105,1.0,55,0.0,31,33.36910018697381,hotpotqa,0.8,0.25,0.2,0.0,5a8c8502554299585d9e36d0,mean,0.5703703703703704,0.008805838413536549,"[[0, 1, 4, 7, 14, 29, 30, 31], [0, 1, 7, 8, 14, 20, 22, 29], [1, 7, 13, 14, 15, 16, 18, 28], [0, 6, 13, 21, 22, 24, 25, 26], [0, 3, 4, 6, 7, 18, 26, 29], [3, 4, 6, 10, 14, 21, 22, 27], [1, 4, 5, 7, 10, 11, 23, 30], [0, 6, 8, 9, 10, 14, 19, 25], [0, 1, 4, 15, 18, 27, 30, 31], [1, 2, 6, 9, 14, 17, 23, 26], [1, 2, 9, 13, 15, 16, 24, 31], [7, 11, 12, 13, 16, 20, 21, 28], [1, 2, 3, 6, 7, 8, 9, 24], [0, 4, 5, 9, 13, 14, 21, 24], [4, 5, 6, 7, 9, 12, 24, 29], [0, 1, 6, 11, 22, 23, 25, 26], [0, 1, 18, 19, 20, 21, 23, 25], [0, 4, 5, 7, 8, 11, 23, 29], [2, 6, 7, 10, 11, 14, 16, 30], [4, 5, 8, 9, 10, 23, 30, 31], [2, 3, 10, 13, 15, 20, 22, 23], [2, 3, 9, 11, 12, 16, 17, 22], [3, 11, 12, 13, 15, 16, 19, 29], [4, 5, 6, 7, 10, 16, 25, 28], [0, 1, 5, 6, 7, 9, 16, 28], [1, 2, 8, 11, 16, 22, 24, 26], [0, 3, 4, 6, 10, 11, 16, 25], [1, 2, 4, 5, 6, 19, 23, 28], [2, 3, 4, 5, 15, 29, 30, 31], [0, 1, 6, 14, 20, 28, 30, 31], [1, 2, 8, 10, 17, 25, 26, 30], [0, 1, 7, 15, 18, 19, 22, 27], [0, 4, 5, 6, 7, 17, 18, 28], [6, 7, 8, 9, 10, 11, 12, 14], [8, 9, 10, 13, 17, 22, 23, 30], [1, 5, 6, 7, 9, 14, 28, 31], [0, 3, 4, 6, 7, 11, 19, 27], [8, 9, 13, 15, 18, 20, 22, 23], [10, 11, 12, 15, 18, 26, 28, 29], [0, 6, 13, 19, 20, 21, 22, 23], [0, 1, 4, 11, 15, 19, 22, 26], [0, 1, 2, 7, 8, 9, 10, 19], [0, 1, 2, 13, 14, 16, 26, 28], [0, 11, 12, 14, 15, 21, 22, 25], [10, 11, 12, 13, 18, 24, 27, 30], [1, 2, 3, 9, 10, 16, 29, 30], [1, 2, 6, 8, 10, 23, 29, 31], [0, 1, 6, 7, 9, 15, 16, 29], [0, 1, 3, 4, 7, 8, 25, 31], [1, 8, 14, 17, 25, 27, 29, 30], [1, 4, 18, 19, 25, 27, 29, 30], [1, 2, 5, 15, 16, 17, 19, 27], [4, 7, 11, 12, 13, 14, 15, 25], [2, 3, 7, 13, 15, 16, 20, 27], [0, 1, 2, 3, 4, 6, 8, 10]]",8,0.3434735834598541,128,learned,0.25,7040,4.0,124,0.37004128098487854,11,32 0 48 40,1739,0.7350651025772095,test,top_r_mean,0.0,1.0,0.75,0.875
0.07360552041403105,1.0,55,0.0,31,36.76129993982613,hotpotqa,0.8,0.25,0.2,0.0,5a8c8502554299585d9e36d0,mean,0.5757575757575758,0.008724749088287354,"[[0, 1, 4, 5, 14, 29, 30, 31], [0, 1, 7, 8, 14, 20, 22, 29], [1, 7, 14, 15, 18, 20, 21, 28], [0, 6, 13, 21, 22, 24, 25, 26], [0, 3, 4, 6, 7, 10, 26, 29], [3, 4, 6, 10, 16, 21, 22, 27], [1, 4, 5, 7, 10, 11, 23, 30], [0, 6, 8, 9, 10, 13, 14, 25], [0, 1, 4, 8, 18, 27, 30, 31], [1, 2, 6, 7, 9, 14, 17, 23], [1, 2, 5, 9, 13, 15, 16, 24], [2, 7, 10, 11, 12, 16, 20, 28], [1, 2, 3, 6, 7, 8, 9, 24], [0, 4, 5, 9, 10, 13, 14, 21], [4, 5, 6, 7, 9, 10, 11, 12], [0, 1, 6, 11, 22, 23, 25, 26], [0, 1, 4, 18, 19, 21, 23, 25], [0, 5, 7, 8, 11, 20, 23, 29], [2, 6, 7, 10, 11, 14, 16, 30], [0, 4, 5, 8, 9, 10, 30, 31], [2, 3, 10, 12, 13, 15, 20, 23], [2, 3, 9, 11, 12, 16, 17, 22], [3, 4, 11, 12, 13, 16, 28, 29], [4, 5, 6, 7, 10, 16, 24, 28], [0, 1, 5, 6, 7, 9, 16, 28], [1, 2, 3, 8, 11, 22, 24, 26], [0, 3, 4, 6, 10, 11, 18, 25], [1, 2, 4, 5, 6, 19, 23, 27], [2, 3, 4, 5, 7, 29, 30, 31], [0, 1, 6, 14, 20, 28, 30, 31], [1, 2, 8, 10, 17, 25, 26, 30], [0, 1, 16, 18, 19, 22, 26, 27], [0, 5, 6, 7, 11, 17, 18, 28], [5, 6, 7, 8, 9, 10, 11, 14], [8, 9, 10, 11, 17, 22, 23, 30], [0, 1, 5, 6, 7, 9, 14, 31], [0, 3, 4, 6, 7, 19, 27, 28], [8, 9, 13, 15, 17, 18, 22, 23], [9, 10, 11, 12, 18, 26, 28, 29], [0, 6, 13, 19, 20, 21, 22, 23], [0, 1, 4, 11, 15, 19, 22, 26], [0, 1, 2, 7, 8, 9, 10, 19], [0, 1, 2, 3, 13, 14, 16, 26], [0, 10, 11, 12, 15, 21, 22, 25], [10, 11, 12, 13, 18, 24, 27, 30], [0, 1, 2, 3, 9, 10, 29, 30], [1, 2, 6, 8, 10, 23, 29, 31], [0, 1, 7, 9, 13, 15, 16, 29], [0, 1, 3, 4, 7, 8, 25, 31], [1, 8, 14, 17, 25, 27, 29, 30], [1, 4, 19, 25, 27, 29, 30, 31], [2, 5, 15, 16, 17, 19, 20, 27], [4, 7, 11, 12, 13, 14, 15, 19], [2, 3, 7, 13, 15, 16, 20, 27], [0, 1, 3, 4, 6, 7, 8, 10]]",8,0.3594460189342499,128,learned,0.25,7040,4.0,124,0.38522621989250183,23,0 48 32 40,1739,0.7611111998558044,test,top_r_mean,1.0,0.5,0.75,0.875
0.07360552041403105,1.0,55,0.0,31,38.51330000907183,hotpotqa,0.8,0.25,0.2,0.0,5a8c8502554299585d9e36d0,mean,0.5407407407407407,0.008913818746805191,"[[0, 1, 4, 7, 14, 29, 30, 31], [0, 1, 7, 8, 14, 20, 22, 29], [1, 6, 7, 13, 14, 15, 16, 28], [0, 6, 13, 21, 22, 24, 25, 26], [0, 3, 4, 6, 7, 10, 26, 29], [3, 4, 6, 10, 16, 21, 22, 27], [1, 4, 5, 7, 10, 11, 23, 30], [0, 6, 8, 9, 10, 13, 19, 25], [0, 1, 4, 8, 18, 27, 30, 31], [1, 2, 6, 7, 9, 14, 17, 23], [1, 2, 9, 13, 14, 15, 16, 24], [2, 7, 11, 12, 13, 16, 20, 21], [1, 2, 3, 6, 7, 8, 9, 24], [0, 4, 5, 9, 13, 14, 21, 24], [4, 5, 6, 7, 9, 10, 11, 12], [0, 1, 5, 6, 11, 22, 23, 26], [0, 1, 4, 18, 20, 21, 23, 25], [0, 5, 7, 8, 11, 20, 23, 29], [2, 5, 6, 10, 11, 14, 16, 30], [0, 4, 5, 8, 9, 10, 30, 31], [2, 3, 10, 13, 15, 20, 22, 23], [2, 3, 9, 11, 12, 15, 16, 22], [3, 4, 11, 12, 13, 15, 16, 29], [4, 5, 6, 7, 10, 16, 25, 28], [0, 1, 5, 6, 7, 9, 16, 28], [1, 2, 3, 8, 11, 16, 22, 26], [0, 2, 3, 4, 6, 10, 11, 25], [1, 2, 4, 5, 6, 19, 23, 27], [2, 3, 4, 5, 7, 15, 29, 30], [0, 1, 6, 14, 20, 28, 30, 31], [1, 2, 8, 10, 17, 25, 26, 30], [0, 1, 7, 18, 19, 22, 26, 27], [0, 1, 5, 6, 7, 11, 17, 18], [6, 7, 8, 9, 10, 11, 12, 14], [8, 9, 10, 11, 17, 22, 23, 30], [0, 1, 5, 6, 7, 9, 14, 31], [0, 3, 4, 6, 7, 11, 19, 27], [8, 9, 13, 15, 18, 22, 23, 25], [4, 9, 10, 11, 12, 18, 28, 29], [0, 6, 13, 19, 20, 21, 22, 23], [0, 1, 4, 11, 15, 19, 22, 26], [0, 1, 2, 7, 8, 9, 10, 19], [0, 1, 2, 3, 14, 16, 26, 28], [0, 2, 11, 12, 15, 21, 22, 25], [8, 10, 11, 12, 13, 18, 24, 27], [0, 1, 2, 3, 9, 10, 29, 30], [1, 2, 6, 8, 10, 23, 29, 31], [0, 1, 6, 7, 9, 15, 16, 29], [0, 1, 3, 4, 7, 8, 25, 31], [1, 8, 14, 17, 25, 27, 29, 30], [1, 4, 7, 19, 25, 27, 29, 30], [1, 2, 5, 11, 16, 17, 19, 27], [3, 4, 7, 11, 12, 13, 14, 15], [2, 3, 7, 13, 15, 16, 20, 27], [0, 1, 2, 3, 4, 6, 8, 10]]",8,0.35728919506073,128,learned,0.3333333333333333,7040,4.0,124,0.3833885192871094,37,0 48 40 32,1739,0.7082973718643188,test,top_r_mean,1.0,0.5,0.75,0.875
0.07360552041403105,1.0,55,0.0,31,35.84190015681088,hotpotqa,0.8,0.25,0.2,0.0,5a8c8502554299585d9e36d0,mean,0.5434343434343434,0.007886961102485657,"[[0, 1, 4, 7, 14, 29, 30, 31], [0, 1, 7, 8, 14, 20, 22, 29], [1, 7, 13, 14, 15, 16, 18, 28], [0, 6, 13, 21, 22, 24, 25, 26], [0, 3, 4, 6, 7, 10, 26, 29], [3, 4, 6, 10, 14, 21, 22, 27], [1, 4, 5, 7, 10, 11, 23, 30], [0, 6, 8, 9, 10, 14, 19, 25], [0, 1, 4, 8, 18, 27, 30, 31], [1, 2, 6, 7, 9, 14, 17, 23], [1, 2, 9, 13, 15, 16, 24, 31], [2, 7, 11, 12, 16, 20, 21, 28], [1, 2, 3, 6, 7, 8, 9, 24], [0, 4, 5, 9, 13, 14, 21, 24], [4, 5, 6, 7, 9, 12, 24, 29], [0, 1, 6, 11, 17, 22, 23, 26], [0, 1, 4, 18, 20, 21, 23, 25], [0, 4, 5, 7, 8, 11, 23, 29], [2, 6, 7, 10, 11, 14, 16, 30], [0, 4, 5, 8, 9, 10, 30, 31], [2, 3, 10, 12, 13, 15, 20, 23], [2, 3, 9, 11, 12, 15, 16, 22], [3, 4, 11, 12, 13, 15, 16, 29], [4, 5, 6, 7, 10, 16, 25, 28], [0, 1, 5, 6, 7, 9, 16, 28], [1, 2, 8, 11, 16, 22, 24, 26], [0, 2, 3, 4, 6, 10, 11, 25], [1, 2, 4, 5, 6, 19, 23, 28], [2, 3, 4, 5, 7, 15, 29, 30], [0, 1, 6, 14, 20, 28, 30, 31], [1, 2, 8, 10, 17, 25, 26, 30], [0, 1, 7, 18, 19, 22, 26, 27], [0, 1, 6, 7, 11, 17, 18, 28], [6, 7, 8, 9, 10, 11, 12, 14], [8, 9, 10, 13, 17, 22, 23, 30], [0, 1, 5, 6, 7, 9, 14, 31], [0, 3, 4, 6, 7, 11, 19, 27], [8, 9, 13, 15, 18, 22, 23, 25], [4, 5, 10, 11, 12, 18, 28, 29], [0, 6, 13, 19, 20, 21, 22, 23], [0, 1, 4, 11, 15, 19, 22, 26], [0, 1, 2, 7, 8, 9, 10, 19], [0, 1, 2, 3, 13, 14, 26, 28], [0, 2, 11, 12, 15, 21, 22, 25], [8, 10, 11, 12, 13, 18, 24, 27], [0, 1, 2, 3, 9, 10, 29, 30], [1, 2, 6, 8, 10, 23, 29, 31], [0, 1, 6, 7, 9, 15, 16, 29], [0, 1, 3, 4, 7, 8, 25, 31], [1, 8, 14, 17, 25, 27, 29, 30], [1, 4, 7, 19, 25, 27, 29, 30], [1, 2, 5, 11, 16, 17, 19, 27], [4, 6, 7, 11, 12, 13, 14, 15], [2, 3, 7, 13, 15, 16, 20, 27], [0, 1, 2, 3, 4, 6, 8, 10]]",8,0.33787357807159424,128,learned,0.3333333333333333,7040,4.0,124,0.36269915103912354,53,0 48 40 32,1739,0.7131313681602478,test,top_r_mean,1.0,0.5,0.75,0.875
0.07360552041403105,0.0,55,0.0,31,36.139499861747026,hotpotqa,0.8,0.0,0.0,0.0,5a8c8502554299585d9e36d0,mean,0.5838383838383838,0.008286411873996258,"[[0, 1, 4, 7, 14, 29, 30, 31], [0, 1, 7, 8, 14, 20, 22, 29], [1, 7, 13, 14, 15, 16, 18, 28], [0, 6, 13, 21, 22, 24, 25, 26], [0, 3, 4, 6, 7, 18, 26, 29], [3, 4, 6, 10, 14, 21, 22, 27], [1, 4, 5, 7, 10, 11, 23, 30], [0, 6, 8, 9, 10, 14, 19, 25], [0, 1, 4, 18, 27, 29, 30, 31], [1, 2, 6, 9, 14, 17, 23, 26], [1, 2, 9, 13, 15, 16, 24, 31], [2, 7, 11, 12, 16, 20, 21, 28], [1, 2, 3, 6, 7, 8, 9, 24], [0, 4, 5, 9, 13, 14, 21, 24], [4, 5, 6, 7, 9, 12, 24, 29], [0, 1, 6, 11, 17, 22, 23, 26], [0, 1, 4, 18, 21, 23, 25, 29], [0, 5, 7, 8, 11, 20, 23, 29], [2, 5, 6, 10, 11, 14, 16, 30], [4, 5, 8, 9, 10, 23, 30, 31], [2, 3, 10, 13, 15, 20, 23, 28], [2, 3, 9, 11, 12, 16, 17, 22], [3, 4, 11, 12, 13, 16, 19, 29], [4, 5, 6, 7, 10, 16, 24, 28], [0, 1, 5, 6, 7, 9, 16, 28], [1, 2, 8, 11, 16, 22, 24, 26], [0, 3, 4, 6, 10, 11, 16, 25], [1, 2, 4, 5, 6, 19, 23, 28], [3, 4, 5, 7, 8, 29, 30, 31], [0, 1, 6, 14, 20, 28, 30, 31], [1, 2, 8, 10, 17, 25, 26, 30], [0, 1, 7, 18, 19, 22, 26, 27], [0, 5, 6, 7, 12, 17, 18, 28], [6, 7, 8, 9, 10, 11, 12, 14], [8, 9, 10, 11, 17, 22, 23, 30], [0, 1, 5, 6, 7, 9, 14, 31], [0, 3, 4, 6, 7, 11, 19, 27], [9, 13, 15, 17, 18, 22, 23, 25], [10, 11, 12, 18, 20, 26, 28, 29], [0, 6, 13, 19, 20, 21, 22, 23], [0, 1, 4, 11, 15, 19, 22, 26], [0, 1, 2, 7, 8, 9, 10, 19], [0, 1, 2, 3, 13, 14, 16, 26], [0, 11, 12, 15, 21, 22, 25, 27], [10, 11, 12, 13, 18, 24, 27, 30], [0, 1, 2, 3, 9, 28, 29, 30], [1, 2, 3, 6, 10, 23, 29, 31], [0, 1, 6, 7, 9, 15, 16, 29], [0, 1, 3, 4, 8, 25, 28, 31], [1, 8, 13, 17, 25, 27, 29, 30], [1, 4, 18, 19, 25, 27, 29, 30], [1, 2, 5, 15, 16, 17, 19, 27], [4, 7, 11, 13, 14, 15, 19, 25], [2, 3, 7, 13, 15, 16, 20, 27], [0, 1, 3, 4, 6, 7, 8, 10]]",8,0.3318467438220978,128,learned,0.0,7040,4.0,124,0.35663750767707825,71,32 48 0 16,1739,0.753968358039856,test,top_r_mean,0.0,0.5,0.75,0.875
0.08666215301286391,0.0,47,0.0,31,31.004299875348806,hotpotqa,0.5714285714285714,0.0,0.0,0.0,5a84c4bb5542991dd0999dec,mean,0.35185185185185186,1.3011057376861572,"[[0], [4], [1], [4], [1], [16], [5], [1], [0], [5], [2], [0], [2], [1], [0], [0], [0], [1], [5], [1], [2], [8], [0], [4], [0], [0], [0], [2], [0], [0], [2], [0], [0], [1], [1], [1], [0], [6], [1], [1], [0], [6], [3], [7], [1], [1], [0]]",1,1.2243942022323608,128,learned,0.0,752,4.0,124,1.4370126724243164,11,32 24 8 16,1477,0.4964153468608856,test,top_r_mean,0.0,0.0,1.0,0.75
0.08666215301286391,0.0,47,0.0,31,32.926800195127726,hotpotqa,0.5714285714285714,0.0,0.0,0.0,5a84c4bb5542991dd0999dec,mean,0.37037037037037035,1.2729854583740234,"[[0], [4], [1], [4], [1], [16], [5], [1], [0], [5], [2], [0], [2], [1], [0], [0], [0], [1], [3], [1], [2], [8], [0], [4], [0], [0], [0], [2], [0], [0], [2], [0], [0], [1], [1], [2], [0], [6], [1], [0], [0], [6], [3], [1], [1], [1], [0]]",1,1.184652328491211,128,learned,0.0,752,4.0,124,1.4063775539398193,23,32 24 8 16,1477,0.5145698189735413,test,top_r_mean,0.0,0.0,1.0,0.75
0.08666215301286391,0.0,47,0.0,31,39.73819990642369,hotpotqa,0.5714285714285714,0.0,0.0,0.0,5a84c4bb5542991dd0999dec,mean,0.32222222222222224,1.368607521057129,"[[0], [4], [1], [4], [1], [16], [5], [1], [0], [5], [2], [0], [2], [1], [0], [0], [0], [1], [3], [1], [2], [3], [0], [3], [0], [0], [0], [0], [0], [0], [2], [0], [0], [0], [1], [1], [0], [1], [1], [0], [0], [6], [3], [7], [1], [0], [0]]",1,1.2974375486373901,128,learned,0.0,752,4.0,124,1.4739195108413696,37,32 24 8 16,1477,0.444958359003067,test,top_r_mean,0.0,0.0,1.0,0.75
0.08666215301286391,0.0,47,0.0,31,34.113100031390786,hotpotqa,0.5714285714285714,0.0,0.0,0.0,5a84c4bb5542991dd0999dec,mean,0.31296296296296294,1.3525469303131104,"[[0], [4], [1], [4], [1], [16], [5], [1], [0], [5], [2], [0], [2], [1], [0], [0], [0], [1], [3], [1], [2], [3], [0], [3], [0], [0], [0], [0], [0], [0], [2], [0], [0], [1], [1], [1], [0], [1], [1], [0], [0], [6], [3], [1], [1], [0], [0]]",1,1.2770401239395142,128,learned,0.0,752,4.0,124,1.4637343883514404,53,32 24 8 16,1477,0.43501386046409607,test,top_r_mean,0.0,0.0,1.0,0.75
0.08666215301286391,0.0,47,0.0,31,29.327899916097522,hotpotqa,0.5714285714285714,0.0,0.0,0.0,5a84c4bb5542991dd0999dec,mean,0.337037037037037,1.3041486740112305,"[[0], [1], [1], [4], [1], [16], [5], [1], [0], [5], [2], [0], [2], [1], [0], [0], [0], [1], [3], [1], [2], [8], [0], [3], [0], [0], [0], [0], [0], [0], [2], [0], [0], [1], [1], [2], [0], [1], [1], [0], [0], [7], [3], [1], [3], [1], [0]]",1,1.2231543064117432,128,learned,0.0,752,4.0,124,1.4258160591125488,71,32 24 8 16,1477,0.47779831290245056,test,top_r_mean,0.0,0.0,1.0,0.75
0.08666215301286391,0.0,47,0.0,31,27.85720000974834,hotpotqa,0.5714285714285714,0.0,0.0,0.0,5a84c4bb5542991dd0999dec,mean,0.41720629047178537,0.20149780809879303,"[[0, 4], [4, 6], [1, 2], [4, 5], [1, 14], [16, 20], [5, 7], [1, 2], [0, 1], [5, 9], [2, 3], [0, 6], [2, 16], [1, 2], [0, 2], [0, 3], [0, 1], [1, 2], [5, 9], [1, 12], [2, 10], [8, 16], [0, 6], [4, 6], [0, 1], [0, 9], [0, 1], [2, 6], [0, 1], [0, 3], [2, 5], [0, 4], [0, 1], [1, 4], [1, 6], [1, 2], [0, 1], [6, 7], [1, 7], [1, 2], [0, 1], [6, 7], [3, 12], [7, 8], [1, 3], [1, 4], [0, 1]]",2,0.8925589323043823,128,learned,0.0,1504,4.0,124,1.034724235534668,11,0 16 24 32,1477,0.5854532122612,test,top_r_mean,0.0,0.5,0.75,0.75
0.08666215301286391,0.0,47,0.0,31,33.80269999615848,hotpotqa,0.5714285714285714,0.0,0.0,0.0,5a84c4bb5542991dd0999dec,mean,0.40425531914893614,0.22891122102737427,"[[0, 4], [4, 6], [1, 2], [4, 5], [1, 14], [16, 20], [5, 7], [1, 2], [0, 1], [5, 9], [2, 3], [0, 6], [2, 16], [1, 2], [0, 2], [0, 3], [0, 1], [1, 2], [3, 5], [1, 12], [2, 10], [8, 19], [0, 7], [4, 6], [0, 1], [0, 9], [0, 1], [2, 8], [0, 1], [0, 3], [2, 5], [0, 4], [0, 1], [1, 4], [1, 6], [2, 5], [0, 1], [6, 7], [1, 7], [0, 1], [0, 2], [6, 7], [3, 11], [1, 7], [1, 3], [1, 4], [0, 1]]",2,0.88189297914505,128,learned,0.0,1504,4.0,124,1.0297420024871826,23,40 0 16 24,1477,0.5655642747879028,test,top_r_mean,0.0,0.0,0.5,0.75
0.08666215301286391,0.0,47,0.0,31,33.63119997084141,hotpotqa,0.5714285714285714,0.0,0.0,0.0,5a84c4bb5542991dd0999dec,mean,0.4486586493987049,0.20407138764858246,"[[0, 4], [4, 5], [1, 2], [4, 5], [1, 14], [16, 20], [5, 11], [1, 2], [0, 1], [5, 9], [2, 4], [0, 6], [2, 16], [1, 2], [0, 2], [0, 1], [0, 1], [1, 2], [3, 5], [1, 12], [2, 10], [3, 8], [0, 7], [3, 4], [0, 1], [0, 9], [0, 1], [0, 2], [0, 1], [0, 3], [2, 5], [0, 4], [0, 1], [0, 1], [1, 6], [1, 2], [0, 1], [1, 6], [1, 7], [0, 1], [0, 1], [6, 7], [3, 11], [7, 8], [1, 3], [0, 1], [0, 1]]",2,0.9069741368293762,128,learned,0.0,1504,4.0,124,1.0477354526519775,37,0 16 24 32,1477,0.6069611310958862,test,top_r_mean,0.0,0.5,0.75,0.75
0.08666215301286391,0.0,47,0.0,31,31.40010009519756,hotpotqa,0.5714285714285714,0.0,0.0,0.0,5a84c4bb5542991dd0999dec,mean,0.41720629047178537,0.20703747868537903,"[[0, 4], [4, 6], [1, 2], [4, 5], [1, 14], [16, 20], [5, 7], [1, 2], [0, 1], [5, 9], [2, 3], [0, 6], [2, 16], [1, 2], [0, 2], [0, 3], [0, 1], [1, 2], [3, 5], [1, 12], [2, 10], [3, 8], [0, 7], [3, 4], [0, 1], [0, 9], [0, 1], [0, 2], [0, 1], [0, 3], [2, 5], [0, 4], [0, 1], [1, 4], [1, 6], [1, 2], [0, 1], [1, 6], [1, 7], [0, 1], [0, 1], [6, 7], [3, 12], [1, 7], [1, 3], [0, 1], [0, 1]]",2,0.9163159132003784,128,learned,0.0,1504,4.0,124,1.0520826578140259,53,0 16 24 32,1477,0.574699342250824,test,top_r_mean,0.0,0.5,0.75,0.75
0.08666215301286391,0.0,47,0.0,31,35.6838998850435,hotpotqa,0.5714285714285714,0.0,0.0,0.0,5a84c4bb5542991dd0999dec,mean,0.45420906567992597,0.2207431197166443,"[[0, 4], [1, 4], [1, 2], [4, 5], [1, 14], [16, 20], [5, 11], [1, 2], [0, 1], [5, 9], [2, 5], [0, 6], [2, 16], [1, 2], [0, 2], [0, 3], [0, 1], [1, 2], [3, 5], [1, 12], [2, 10], [8, 19], [0, 7], [3, 4], [0, 1], [0, 9], [0, 1], [0, 2], [0, 1], [0, 1], [2, 5], [0, 4], [0, 1], [1, 4], [1, 6], [2, 3], [0, 1], [1, 6], [1, 7], [0, 1], [0, 2], [7, 8], [3, 11], [1, 7], [3, 10], [1, 4], [0, 1]]",2,0.8895909190177917,128,learned,0.0,1504,4.0,124,1.0261632204055786,71,40 0 16 24,1477,0.6348288059234619,test,top_r_mean,0.0,0.0,0.5,0.75
0.08666215301286391,0.0,47,0.0,31,25.86470008827746,hotpotqa,0.5714285714285714,0.0,0.0,0.0,5a84c4bb5542991dd0999dec,mean,0.5337650323774283,0.05251390114426613,"[[0, 4, 5, 10], [4, 6, 9, 10], [1, 2, 4, 5], [4, 5, 6, 8], [1, 14, 16, 18], [16, 20, 22, 25], [5, 7, 11, 18], [1, 2, 4, 6], [0, 1, 10, 11], [5, 9, 12, 15], [2, 3, 5, 16], [0, 6, 7, 12], [2, 16, 17, 18], [1, 2, 3, 5], [0, 2, 3, 6], [0, 3, 4, 6], [0, 1, 3, 7], [1, 2, 3, 4], [5, 9, 20, 24], [1, 12, 16, 17], [2, 10, 11, 12], [8, 16, 19, 20], [0, 6, 7, 8], [4, 6, 7, 8], [0, 1, 5, 15], [0, 9, 15, 20], [0, 1, 4, 6], [2, 6, 8, 13], [0, 1, 2, 7], [0, 3, 4, 5], [2, 5, 9, 11], [0, 4, 10, 11], [0, 1, 4, 15], [1, 4, 7, 10], [1, 6, 11, 19], [1, 2, 5, 15], [0, 1, 2, 3], [6, 7, 8, 14], [1, 7, 10, 13], [1, 2, 8, 10], [0, 1, 2, 3], [6, 7, 8, 9], [3, 12, 13, 14], [7, 8, 16, 18], [1, 3, 10, 13], [1, 4, 5, 7], [0, 1, 2, 3]]",4,0.94951331615448,128,learned,0.0,3008,4.0,124,1.0098885297775269,11,0 8 16 24,1477,0.6995837092399597,test,top_r_mean,0.0,0.0,0.75,0.75
0.08666215301286391,0.0,47,0.0,31,29.752700123935938,hotpotqa,0.5714285714285714,0.0,0.0,0.0,5a84c4bb5542991dd0999dec,mean,0.5263644773358002,0.04963541775941849,"[[0, 4, 5, 10], [4, 6, 9, 10], [1, 2, 4, 5], [4, 5, 6, 8], [1, 14, 16, 18], [16, 20, 22, 25], [5, 7, 18, 24], [1, 2, 4, 6], [0, 1, 10, 11], [5, 9, 12, 15], [2, 3, 5, 16], [0, 6, 7, 12], [2, 16, 17, 18], [1, 2, 3, 7], [0, 2, 3, 6], [0, 3, 4, 6], [0, 1, 3, 10], [1, 2, 3, 4], [3, 5, 9, 20], [1, 12, 16, 17], [2, 10, 11, 12], [8, 19, 20, 22], [0, 7, 8, 9], [4, 6, 7, 8], [0, 1, 5, 15], [0, 9, 15, 20], [0, 1, 3, 4], [2, 8, 14, 16], [0, 1, 3, 7], [0, 3, 4, 5], [2, 5, 11, 18], [0, 4, 8, 10], [0, 1, 4, 15], [1, 4, 7, 10], [1, 6, 11, 17], [2, 5, 11, 21], [0, 1, 2, 3], [6, 7, 8, 14], [1, 7, 10, 13], [0, 1, 2, 8], [0, 2, 3, 7], [6, 7, 8, 9], [3, 11, 12, 13], [1, 7, 8, 16], [1, 3, 10, 13], [1, 4, 5, 7], [0, 1, 2, 3]]",4,0.9436001777648926,128,learned,0.0,3008,4.0,124,0.9994832277297974,23,0 8 24 16,1477,0.6994680762290955,test,top_r_mean,0.0,0.0,0.75,0.75
0.08666215301286391,0.0,47,0.0,31,31.12160018645227,hotpotqa,0.5714285714285714,0.0,0.0,0.0,5a84c4bb5542991dd0999dec,mean,0.5855689176688251,0.04706697165966034,"[[0, 4, 5, 10], [4, 5, 6, 9], [1, 2, 4, 5], [4, 5, 6, 8], [1, 14, 16, 18], [16, 20, 22, 25], [5, 11, 18, 24], [1, 2, 4, 6], [0, 1, 10, 11], [5, 9, 12, 15], [2, 4, 5, 16], [0, 6, 7, 8], [2, 16, 17, 18], [1, 2, 3, 7], [0, 2, 3, 6], [0, 1, 3, 4], [0, 1, 3, 10], [1, 2, 3, 4], [3, 5, 6, 9], [1, 12, 16, 17], [2, 10, 11, 12], [3, 8, 19, 20], [0, 7, 8, 9], [3, 4, 6, 7], [0, 1, 4, 5], [0, 9, 15, 20], [0, 1, 3, 4], [0, 2, 6, 8], [0, 1, 2, 3], [0, 3, 4, 5], [2, 5, 9, 11], [0, 4, 8, 10], [0, 1, 4, 9], [0, 1, 4, 7], [1, 6, 11, 17], [1, 2, 3, 5], [0, 1, 2, 3], [1, 6, 7, 8], [1, 7, 10, 13], [0, 1, 2, 8], [0, 1, 2, 3], [6, 7, 8, 9], [3, 11, 12, 13], [7, 8, 16, 18], [1, 3, 10, 13], [0, 1, 4, 5], [0, 1, 2, 3]]",4,0.9609392285346985,128,learned,0.0,3008,4.0,124,1.010995626449585,37,0 8 16 40,1477,0.7503468990325928,test,top_r_mean,0.0,0.0,0.5,0.75
0.08666215301286391,0.0,47,0.0,31,30.046700034290552,hotpotqa,0.5714285714285714,0.0,0.0,0.0,5a84c4bb5542991dd0999dec,mean,0.5504162812210915,0.0472574345767498,"[[0, 4, 5, 10], [4, 6, 9, 10], [1, 2, 4, 5], [4, 5, 6, 7], [1, 14, 16, 18], [16, 20, 22, 25], [5, 7, 11, 18], [1, 2, 4, 6], [0, 1, 10, 11], [5, 9, 15, 16], [2, 3, 4, 5], [0, 6, 7, 12], [2, 16, 17, 18], [1, 2, 3, 7], [0, 2, 3, 6], [0, 3, 4, 6], [0, 1, 3, 7], [1, 2, 3, 4], [3, 5, 6, 9], [1, 12, 16, 17], [2, 10, 11, 12], [3, 8, 19, 20], [0, 7, 8, 9], [3, 4, 7, 8], [0, 1, 4, 5], [0, 9, 15, 20], [0, 1, 3, 4], [0, 2, 8, 14], [0, 1, 2, 3], [0, 3, 4, 5], [2, 5, 9, 11], [0, 4, 10, 11], [0, 1, 4, 15], [1, 4, 7, 10], [1, 6, 11, 17], [1, 2, 3, 5], [0, 1, 2, 3], [1, 6, 7, 8], [1, 7, 10, 13], [0, 1, 2, 8], [0, 1, 2, 3], [6, 7, 8, 9], [3, 12, 13, 14], [1, 7, 8, 16], [1, 3, 10, 13], [0, 1, 4, 5], [0, 1, 2, 3]]",4,0.9552438259124756,128,learned,0.0,3008,4.0,124,1.0066399574279785,53,0 8 16 40,1477,0.7147316932678223,test,top_r_mean,0.0,0.0,0.5,0.75
0.08666215301286391,0.0,47,0.0,31,35.13919981196523,hotpotqa,0.5714285714285714,0.0,0.0,0.0,5a84c4bb5542991dd0999dec,mean,0.5393154486586494,0.04797932505607605,"[[0, 4, 5, 10], [1, 4, 6, 9], [1, 2, 4, 5], [4, 5, 6, 7], [1, 14, 16, 18], [16, 20, 22, 25], [5, 11, 18, 24], [1, 2, 4, 6], [0, 1, 10, 12], [5, 9, 12, 15], [2, 5, 16, 17], [0, 6, 7, 12], [2, 16, 17, 18], [1, 2, 3, 5], [0, 2, 4, 6], [0, 3, 6, 9], [0, 1, 3, 10], [1, 2, 3, 4], [3, 5, 9, 20], [1, 12, 16, 17], [2, 10, 11, 12], [8, 19, 20, 22], [0, 7, 8, 9], [3, 4, 6, 7], [0, 1, 4, 15], [0, 9, 15, 20], [0, 1, 3, 4], [0, 2, 6, 8], [0, 1, 2, 7], [0, 1, 3, 4], [2, 5, 11, 18], [0, 4, 8, 10], [0, 1, 4, 15], [1, 4, 7, 10], [1, 6, 11, 17], [2, 3, 5, 21], [0, 1, 2, 3], [1, 6, 7, 8], [1, 7, 10, 13], [0, 1, 2, 7], [0, 2, 3, 7], [7, 8, 9, 12], [3, 11, 12, 13], [1, 7, 8, 16], [3, 10, 12, 13], [1, 4, 5, 7], [0, 1, 2, 3]]",4,0.9162313938140869,128,learned,0.0,3008,4.0,124,0.9722336530685425,71,0 8 16 40,1477,0.724560558795929,test,top_r_mean,0.0,0.0,0.5,0.75
0.08666215301286391,0.0,47,0.0,31,38.518100045621395,hotpotqa,0.5714285714285714,0.0,0.0,0.0,5a84c4bb5542991dd0999dec,mean,0.7483811285846439,0.013562683016061783,"[[0, 4, 5, 10, 13, 15, 19, 31], [4, 6, 9, 10, 12, 22, 23, 25], [1, 2, 4, 5, 12, 20, 22, 26], [4, 5, 6, 8, 10, 18, 28, 31], [1, 14, 16, 18, 19, 21, 25, 30], [16, 20, 22, 25, 26, 27, 28, 31], [5, 7, 11, 18, 25, 26, 28, 29], [1, 2, 4, 6, 9, 15, 16, 17], [0, 1, 10, 11, 12, 17, 18, 29], [5, 9, 12, 15, 16, 18, 24, 29], [2, 3, 5, 16, 17, 20, 26, 29], [0, 6, 7, 12, 18, 19, 20, 26], [2, 16, 17, 18, 21, 24, 25, 26], [1, 2, 3, 5, 7, 9, 13, 22], [0, 2, 3, 6, 8, 10, 20, 25], [0, 3, 4, 6, 9, 12, 15, 18], [0, 1, 3, 7, 10, 11, 12, 15], [1, 2, 3, 4, 5, 6, 21, 31], [5, 9, 20, 24, 27, 29, 30, 31], [1, 12, 16, 17, 18, 22, 25, 27], [2, 10, 11, 12, 14, 15, 20, 28], [8, 16, 19, 20, 22, 26, 28, 29], [0, 6, 7, 8, 9, 10, 17, 28], [4, 6, 7, 8, 13, 16, 18, 20], [0, 1, 5, 15, 20, 22, 26, 31], [0, 9, 15, 20, 22, 23, 29, 31], [0, 1, 4, 6, 11, 15, 21, 25], [2, 6, 8, 13, 14, 16, 20, 31], [0, 1, 2, 7, 21, 22, 27, 29], [0, 3, 4, 5, 6, 7, 10, 23], [2, 5, 9, 11, 18, 21, 27, 30], [0, 4, 10, 11, 14, 16, 29, 30], [0, 1, 4, 15, 19, 20, 22, 26], [1, 4, 7, 10, 11, 12, 14, 15], [1, 6, 11, 19, 21, 26, 27, 28], [1, 2, 5, 15, 21, 24, 26, 29], [0, 1, 2, 3, 6, 15, 17, 24], [6, 7, 8, 14, 18, 19, 22, 30], [1, 7, 10, 13, 20, 23, 25, 28], [1, 2, 8, 10, 11, 14, 16, 28], [0, 1, 2, 3, 7, 8, 9, 31], [6, 7, 8, 9, 13, 24, 27, 28], [3, 12, 13, 14, 15, 16, 18, 31], [7, 8, 16, 18, 21, 22, 24, 26], [1, 3, 10, 13, 14, 18, 22, 31], [1, 4, 5, 7, 8, 14, 15, 31], [0, 1, 2, 3, 4]]",8,0.37539952993392944,128,learned,0.0,6016,4.0,124,0.407804399728775,11,0 8 24 16,1477,0.9021738171577454,test,top_r_mean,0.0,0.0,0.75,0.75
0.08666215301286391,0.0,47,0.0,31,32.1145998314023,hotpotqa,0.5714285714285714,0.0,0.0,0.0,5a84c4bb5542991dd0999dec,mean,0.7613320999074931,0.01358615979552269,"[[0, 4, 5, 10, 13, 15, 19, 31], [4, 6, 9, 10, 22, 23, 25, 30], [1, 2, 4, 5, 12, 25, 26, 27], [4, 5, 6, 8, 18, 23, 28, 31], [1, 14, 16, 18, 19, 21, 25, 30], [16, 20, 22, 25, 26, 27, 28, 31], [5, 7, 18, 24, 25, 26, 28, 29], [1, 2, 4, 6, 9, 16, 17, 25], [0, 1, 10, 11, 12, 17, 18, 29], [5, 9, 12, 15, 18, 24, 28, 29], [2, 3, 5, 16, 17, 20, 26, 29], [0, 6, 7, 12, 17, 18, 19, 26], [2, 16, 17, 18, 20, 21, 24, 26], [1, 2, 3, 7, 11, 13, 14, 22], [0, 2, 3, 6, 10, 20, 25, 29], [0, 3, 4, 6, 12, 15, 18, 28], [0, 1, 3, 10, 11, 12, 14, 15], [1, 2, 3, 4, 5, 6, 12, 21], [3, 5, 9, 20, 24, 27, 29, 31], [1, 12, 16, 17, 18, 22, 25, 27], [2, 10, 11, 12, 14, 15, 20, 28], [8, 19, 20, 22, 26, 28, 29, 31], [0, 7, 8, 9, 10, 17, 20, 28], [4, 6, 7, 8, 13, 16, 18, 20], [0, 1, 5, 15, 20, 22, 26, 31], [0, 9, 15, 20, 22, 23, 30, 31], [0, 1, 3, 4, 15, 21, 25, 30], [2, 8, 14, 16, 20, 25, 30, 31], [0, 1, 3, 7, 10, 22, 27, 29], [0, 3, 4, 5, 6, 7, 10, 23], [2, 5, 11, 18, 21, 27, 30, 31], [0, 4, 8, 10, 11, 16, 29, 30], [0, 1, 4, 15, 20, 22, 25, 26], [1, 4, 7, 10, 11, 12, 14, 15], [1, 6, 11, 17, 19, 21, 26, 27], [2, 5, 11, 21, 24, 26, 28, 29], [0, 1, 2, 3, 15, 17, 23, 24], [6, 7, 8, 14, 18, 19, 22, 30], [1, 7, 10, 13, 20, 23, 25, 28], [0, 1, 2, 8, 10, 14, 16, 28], [0, 2, 3, 7, 8, 9, 15, 31], [6, 7, 8, 9, 13, 24, 27, 28], [3, 11, 12, 13, 15, 16, 18, 31], [1, 7, 8, 16, 18, 21, 22, 26], [1, 3, 10, 13, 14, 18, 22, 31], [1, 4, 5, 7, 8, 15, 28, 31], [0, 1, 2, 3, 4]]",8,0.3694216310977936,128,learned,0.0,6016,4.0,124,0.4008248746395111,23,0 8 24 16,1477,0.9125809073448181,test,top_r_mean,0.0,0.0,0.75,0.75
0.08666215301286391,0.0,47,0.0,31,31.976900063455105,hotpotqa,0.5714285714285714,0.0,0.0,0.0,5a84c4bb5542991dd0999dec,mean,0.757631822386679,0.013233000412583351,"[[0, 4, 5, 10, 13, 15, 19, 31], [4, 5, 6, 9, 10, 22, 23, 25], [1, 2, 4, 5, 12, 20, 22, 26], [4, 5, 6, 8, 10, 18, 28, 31], [1, 14, 16, 18, 19, 21, 25, 30], [16, 20, 22, 25, 26, 27, 28, 31], [5, 11, 18, 24, 25, 26, 28, 29], [1, 2, 4, 6, 9, 16, 17, 25], [0, 1, 10, 11, 12, 17, 18, 29], [5, 9, 12, 15, 16, 18, 24, 29], [2, 4, 5, 16, 17, 20, 26, 29], [0, 6, 7, 8, 12, 18, 19, 26], [2, 16, 17, 18, 20, 21, 24, 26], [1, 2, 3, 7, 9, 11, 13, 22], [0, 2, 3, 6, 8, 10, 20, 25], [0, 1, 3, 4, 9, 12, 15, 18], [0, 1, 3, 10, 11, 12, 14, 15], [1, 2, 3, 4, 5, 6, 18, 21], [3, 5, 6, 9, 24, 27, 29, 31], [1, 12, 16, 17, 18, 22, 25, 27], [2, 10, 11, 12, 14, 15, 20, 28], [3, 8, 19, 20, 22, 26, 28, 29], [0, 7, 8, 9, 10, 11, 17, 28], [3, 4, 6, 7, 8, 9, 13, 20], [0, 1, 4, 5, 15, 22, 26, 31], [0, 9, 15, 20, 22, 23, 30, 31], [0, 1, 3, 4, 6, 11, 15, 21], [0, 2, 6, 8, 14, 16, 20, 31], [0, 1, 2, 3, 7, 21, 22, 29], [0, 3, 4, 5, 6, 7, 10, 23], [2, 5, 9, 11, 18, 21, 27, 30], [0, 4, 8, 10, 11, 15, 16, 29], [0, 1, 4, 9, 15, 20, 22, 26], [0, 1, 4, 7, 11, 12, 14, 15], [1, 6, 11, 17, 19, 21, 26, 27], [1, 2, 3, 5, 21, 24, 26, 29], [0, 1, 2, 3, 15, 17, 23, 24], [1, 6, 7, 8, 14, 18, 19, 22], [1, 7, 10, 13, 20, 23, 25, 28], [0, 1, 2, 8, 10, 14, 16, 28], [0, 1, 2, 3, 7, 8, 9, 31], [6, 7, 8, 9, 13, 24, 27, 28], [3, 11, 12, 13, 15, 16, 18, 31], [7, 8, 16, 18, 21, 22, 24, 26], [1, 3, 10, 13, 14, 18, 22, 31], [0, 1, 4, 5, 7, 8, 15, 28], [0, 1, 2, 3, 4]]",8,0.37526369094848633,128,learned,0.0,6016,4.0,124,0.4057808220386505,37,0 8 24 16,1477,0.9117714166641235,test,top_r_mean,0.0,0.0,0.75,0.875
0.08666215301286391,0.0,47,0.0,31,30.944899888709188,hotpotqa,0.5714285714285714,0.0,0.0,0.0,5a84c4bb5542991dd0999dec,mean,0.757631822386679,0.01311235036700964,"[[0, 4, 5, 10, 13, 15, 19, 31], [4, 6, 9, 10, 22, 23, 25, 30], [1, 2, 4, 5, 12, 20, 22, 26], [4, 5, 6, 7, 8, 18, 28, 31], [1, 14, 16, 18, 19, 21, 25, 30], [16, 20, 22, 25, 26, 27, 28, 31], [5, 7, 11, 18, 25, 26, 28, 29], [1, 2, 4, 6, 9, 15, 16, 17], [0, 1, 10, 11, 12, 17, 18, 29], [5, 9, 15, 16, 18, 24, 28, 29], [2, 3, 4, 5, 16, 20, 26, 29], [0, 6, 7, 12, 18, 19, 20, 26], [2, 16, 17, 18, 20, 24, 25, 26], [1, 2, 3, 7, 9, 11, 13, 22], [0, 2, 3, 6, 8, 10, 20, 25], [0, 3, 4, 6, 9, 12, 15, 18], [0, 1, 3, 7, 10, 11, 12, 15], [1, 2, 3, 4, 5, 6, 14, 21], [3, 5, 6, 9, 24, 27, 29, 31], [1, 12, 16, 17, 18, 22, 25, 27], [2, 10, 11, 12, 14, 15, 20, 28], [3, 8, 19, 20, 22, 26, 28, 29], [0, 7, 8, 9, 10, 11, 17, 28], [3, 4, 7, 8, 9, 13, 18, 20], [0, 1, 4, 5, 15, 22, 26, 31], [0, 9, 15, 20, 22, 23, 30, 31], [0, 1, 3, 4, 6, 11, 15, 21], [0, 2, 8, 14, 16, 20, 30, 31], [0, 1, 2, 3, 7, 21, 22, 29], [0, 3, 4, 5, 6, 7, 10, 23], [2, 5, 9, 11, 18, 21, 27, 30], [0, 4, 10, 11, 14, 16, 29, 30], [0, 1, 4, 15, 20, 22, 25, 26], [1, 4, 7, 10, 11, 12, 14, 15], [1, 6, 11, 17, 19, 21, 26, 27], [1, 2, 3, 5, 21, 24, 26, 29], [0, 1, 2, 3, 6, 15, 17, 24], [1, 6, 7, 8, 14, 18, 19, 22], [1, 7, 10, 13, 20, 23, 25, 28], [0, 1, 2, 8, 10, 14, 16, 28], [0, 1, 2, 3, 7, 8, 9, 31], [6, 7, 8, 9, 13, 24, 27, 28], [3, 12, 13, 14, 15, 16, 18, 31], [1, 7, 8, 16, 18, 22, 24, 26], [1, 3, 10, 13, 14, 18, 22, 31], [0, 1, 4, 5, 7, 8, 15, 31], [0, 1, 2, 3, 4]]",8,0.37851664423942566,128,learned,0.0,6016,4.0,124,0.4087420403957367,53,0 8 24 16,1477,0.9141997694969177,test,top_r_mean,0.0,0.0,0.75,0.75
0.08666215301286391,0.0,47,0.0,31,30.412399908527732,hotpotqa,0.5714285714285714,0.0,0.0,0.0,5a84c4bb5542991dd0999dec,mean,0.7668825161887142,0.009452003054320812,"[[0, 4, 5, 10, 13, 15, 19, 31], [1, 4, 6, 9, 10, 22, 23, 25], [1, 2, 4, 5, 7, 20, 22, 26], [4, 5, 6, 7, 8, 18, 28, 31], [1, 14, 16, 18, 19, 21, 25, 30], [16, 20, 22, 25, 26, 27, 28, 31], [5, 11, 18, 24, 25, 26, 28, 29], [1, 2, 4, 6, 9, 16, 17, 25], [0, 1, 10, 12, 17, 18, 21, 29], [5, 9, 12, 15, 16, 24, 28, 29], [2, 5, 16, 17, 20, 26, 28, 29], [0, 6, 7, 12, 17, 18, 19, 26], [2, 16, 17, 18, 21, 24, 25, 26], [1, 2, 3, 5, 7, 13, 14, 22], [0, 2, 4, 6, 10, 20, 25, 29], [0, 3, 6, 9, 12, 15, 17, 18], [0, 1, 3, 10, 11, 12, 15, 26], [1, 2, 3, 4, 5, 6, 12, 21], [3, 5, 9, 20, 24, 27, 29, 31], [1, 12, 16, 17, 18, 22, 24, 25], [2, 10, 11, 12, 14, 15, 20, 28], [8, 19, 20, 22, 26, 28, 29, 31], [0, 7, 8, 9, 10, 16, 17, 28], [3, 4, 6, 7, 8, 13, 18, 20], [0, 1, 4, 15, 20, 22, 26, 31], [0, 9, 15, 20, 22, 23, 29, 31], [0, 1, 3, 4, 6, 11, 21, 25], [0, 2, 6, 8, 14, 16, 20, 31], [0, 1, 2, 7, 21, 22, 27, 29], [0, 1, 3, 4, 5, 6, 7, 23], [2, 5, 11, 18, 21, 27, 30, 31], [0, 4, 8, 10, 11, 16, 29, 30], [0, 1, 4, 15, 20, 22, 25, 26], [1, 4, 7, 10, 11, 12, 14, 15], [1, 6, 11, 17, 19, 21, 26, 27], [2, 3, 5, 21, 24, 26, 28, 29], [0, 1, 2, 3, 15, 17, 23, 24], [1, 6, 7, 8, 14, 18, 19, 22], [1, 7, 10, 13, 20, 23, 25, 28], [0, 1, 2, 7, 8, 14, 16, 28], [0, 2, 3, 7, 8, 9, 11, 31], [7, 8, 9, 12, 13, 24, 27, 28], [3, 11, 12, 13, 15, 16, 18, 31], [1, 7, 8, 16, 18, 21, 22, 26], [3, 10, 12, 13, 14, 18, 22, 31], [1, 4, 5, 7, 8, 15, 28, 31], [0, 1, 2, 3, 4]]",8,0.35441267490386963,128,learned,0.0,6016,4.0,124,0.38100147247314453,71,16 0 24 40,1477,0.9205596446990967,test,top_r_mean,1.0,0.5,0.5,0.75
0.08137317228226319,0.0,50,0.0,31,32.23789995536208,hotpotqa,0.5714285714285714,0.0,0.0,0.0,5abbd4035542993f40c73bcb,mean,0.4775510204081633,1.002800464630127,"[[0], [1], [7], [2], [1], [0], [3], [2], [0], [2], [3], [2], [0], [2], [1], [4], [0], [0], [0], [1], [1], [4], [5], [4], [0], [1], [0], [2], [3], [0], [0], [3], [0], [1], [3], [9], [1], [10], [2], [1], [0], [1], [6], [1], [1], [1], [4], [1], [0], [0]]",1,1.1639087200164795,128,learned,0.0,800,4.0,124,1.2846897840499878,11,0 40 16 48,1573,0.6430251598358154,test,top_r_mean,0.0,1.0,0.5,0.875
0.08137317228226319,0.0,50,0.0,31,34.1928000561893,hotpotqa,0.5714285714285714,0.0,0.0,0.0,5abbd4035542993f40c73bcb,mean,0.4987755102040816,1.0275399684906006,"[[0], [1], [1], [2], [1], [0], [3], [2], [0], [2], [3], [2], [0], [2], [2], [4], [0], [0], [0], [0], [1], [4], [5], [4], [0], [1], [0], [2], [3], [0], [0], [3], [0], [1], [3], [9], [1], [10], [1], [0], [0], [1], [6], [1], [0], [1], [4], [1], [0], [0]]",1,1.2040971517562866,128,learned,0.0,800,4.0,124,1.330942988395691,23,0 40 16 48,1573,0.6511884331703186,test,top_r_mean,0.0,1.0,0.5,0.875
0.08137317228226319,0.0,50,0.0,31,30.41760018095374,hotpotqa,0.5714285714285714,0.0,0.0,0.0,5abbd4035542993f40c73bcb,mean,0.5183673469387755,1.0364922285079956,"[[0], [1], [1], [2], [1], [0], [3], [2], [0], [2], [1], [2], [0], [2], [1], [4], [0], [0], [0], [0], [1], [4], [5], [4], [0], [1], [0], [2], [3], [0], [0], [2], [0], [1], [3], [9], [1], [3], [1], [0], [0], [1], [6], [1], [0], [1], [4], [1], [0], [0]]",1,1.21897292137146,128,learned,0.0,800,4.0,124,1.3394615650177002,37,0 40 16 48,1573,0.6768307089805603,test,top_r_mean,0.0,1.0,0.5,0.875
0.08137317228226319,0.0,50,0.0,31,29.45429994724691,hotpotqa,0.5714285714285714,0.0,0.0,0.0,5abbd4035542993f40c73bcb,mean,0.4889795918367347,1.0306990146636963,"[[0], [1], [1], [2], [1], [0], [3], [1], [0], [2], [1], [2], [0], [2], [1], [4], [0], [0], [0], [0], [1], [4], [5], [4], [0], [1], [0], [2], [3], [0], [0], [2], [0], [1], [3], [1], [1], [3], [1], [0], [0], [1], [6], [1], [0], [1], [4], [1], [0], [0]]",1,1.2020589113235474,128,learned,0.0,800,4.0,124,1.327376127243042,53,0 40 16 48,1573,0.6486914157867432,test,top_r_mean,0.0,1.0,0.5,0.875
0.08137317228226319,0.0,50,0.0,31,35.12539993971586,hotpotqa,0.5714285714285714,0.0,0.0,0.0,5abbd4035542993f40c73bcb,mean,0.5053061224489795,1.0403939485549927,"[[0], [1], [1], [2], [1], [0], [3], [2], [0], [2], [1], [2], [0], [2], [1], [4], [0], [0], [0], [0], [1], [4], [5], [4], [0], [1], [0], [2], [3], [0], [0], [2], [0], [1], [3], [10], [1], [10], [1], [0], [0], [1], [6], [1], [0], [1], [4], [1], [0], [0]]",1,1.2290195226669312,128,learned,0.0,800,4.0,124,1.3609609603881836,71,0 40 16 48,1573,0.6618486642837524,test,top_r_mean,0.0,1.0,0.5,0.875
0.08137317228226319,1.0,50,1.0,31,29.466700041666627,hotpotqa,0.5714285714285714,0.25,0.14285714285714285,0.0,5abbd4035542993f40c73bcb,mean,0.5526530612244898,0.17181387543678284,"[[0, 1], [1, 2], [7, 8], [2, 4], [1, 8], [0, 1], [3, 4], [2, 5], [0, 1], [2, 7], [3, 8], [2, 7], [0, 2], [2, 3], [1, 2], [4, 5], [0, 1], [0, 11], [0, 2], [1, 3], [1, 3], [4, 15], [5, 9], [4, 5], [0, 1], [1, 2], [0, 5], [2, 3], [3, 4], [0, 7], [0, 1], [3, 4], [0, 1], [1, 7], [3, 4], [9, 10], [1, 2], [10, 23], [2, 7], [1, 2], [0, 1], [1, 2], [6, 8], [1, 5], [1, 3], [1, 2], [4, 5], [1, 4], [0, 1], [0, 1]]",2,0.9024636745452881,128,learned,0.3333333333333333,1600,4.0,124,1.0078260898590088,11,8 40 24 0,1573,0.7196638584136963,test,top_r_mean,0.0,0.5,0.75,0.875
0.08137317228226319,1.0,50,1.0,31,31.16270015016198,hotpotqa,0.5714285714285714,0.25,0.14285714285714285,0.0,5abbd4035542993f40c73bcb,mean,0.5640816326530612,0.18923652172088623,"[[0, 1], [1, 2], [1, 7], [2, 4], [1, 8], [0, 1], [3, 4], [2, 5], [0, 1], [2, 3], [3, 8], [2, 3], [0, 2], [2, 3], [2, 3], [4, 5], [0, 1], [0, 2], [0, 2], [0, 1], [1, 3], [4, 5], [5, 9], [4, 5], [0, 1], [1, 2], [0, 1], [2, 3], [3, 4], [0, 2], [0, 1], [3, 4], [0, 1], [1, 2], [3, 4], [9, 10], [1, 2], [10, 23], [1, 5], [0, 1], [0, 1], [1, 2], [6, 8], [1, 5], [0, 1], [1, 2], [4, 5], [1, 4], [0, 1], [0, 1]]",2,0.943897545337677,128,learned,0.3333333333333333,1600,4.0,124,1.062313199043274,23,8 40 24 0,1573,0.7098678946495056,test,top_r_mean,0.0,0.5,0.75,0.875
0.08137317228226319,1.0,50,1.0,31,38.04980008862913,hotpotqa,0.5714285714285714,0.25,0.14285714285714285,0.0,5abbd4035542993f40c73bcb,mean,0.5363265306122449,0.19346968829631805,"[[0, 1], [1, 2], [1, 7], [2, 4], [1, 3], [0, 1], [3, 4], [2, 5], [0, 1], [2, 3], [1, 3], [2, 3], [0, 1], [2, 3], [1, 2], [4, 5], [0, 1], [0, 2], [0, 2], [0, 1], [1, 3], [4, 5], [5, 9], [4, 5], [0, 1], [1, 2], [0, 1], [2, 3], [3, 4], [0, 7], [0, 1], [2, 3], [0, 1], [1, 2], [3, 4], [9, 10], [1, 2], [3, 10], [1, 5], [0, 1], [0, 1], [1, 2], [6, 8], [1, 5], [0, 1], [1, 2], [4, 5], [1, 4], [0, 1], [0, 1]]",2,0.9527392983436584,128,learned,0.3333333333333333,1600,4.0,124,1.071026086807251,37,8 40 24 0,1573,0.6791356801986694,test,top_r_mean,0.0,0.5,0.75,0.875
0.08137317228226319,1.0,50,1.0,31,30.654000118374825,hotpotqa,0.5714285714285714,0.25,0.14285714285714285,0.0,5abbd4035542993f40c73bcb,mean,0.5738775510204082,0.17769944667816162,"[[0, 1], [1, 2], [1, 7], [2, 4], [1, 8], [0, 1], [3, 4], [1, 2], [0, 1], [2, 3], [1, 3], [2, 3], [0, 2], [2, 3], [1, 2], [4, 5], [0, 1], [0, 2], [0, 2], [0, 1], [1, 3], [4, 5], [5, 9], [4, 5], [0, 1], [1, 2], [0, 1], [2, 3], [3, 4], [0, 1], [0, 1], [2, 3], [0, 1], [1, 5], [3, 4], [1, 10], [1, 2], [3, 10], [1, 2], [0, 1], [0, 1], [1, 2], [6, 8], [1, 5], [0, 1], [1, 2], [4, 5], [1, 4], [0, 1], [0, 1]]",2,0.909072756767273,128,learned,0.3333333333333333,1600,4.0,124,1.0163124799728394,53,8 40 24 0,1573,0.7070827484130859,test,top_r_mean,0.0,0.5,0.75,0.875
0.08137317228226319,1.0,50,1.0,31,33.412199933081865,hotpotqa,0.5714285714285714,0.25,0.14285714285714285,0.0,5abbd4035542993f40c73bcb,mean,0.5787755102040816,0.17569027841091156,"[[0, 1], [1, 2], [1, 7], [2, 4], [1, 8], [0, 1], [3, 4], [2, 5], [0, 1], [2, 7], [1, 3], [2, 3], [0, 2], [2, 3], [1, 3], [4, 5], [0, 1], [0, 11], [0, 2], [0, 1], [1, 3], [4, 5], [5, 9], [4, 5], [0, 1], [1, 2], [0, 5], [2, 3], [3, 4], [0, 7], [0, 1], [2, 3], [0, 1], [1, 7], [3, 5], [10, 16], [1, 2], [10, 23], [1, 7], [0, 1], [0, 1], [1, 2], [6, 8], [1, 3], [0, 1], [1, 2], [4, 5], [1, 4], [0, 1], [0, 1]]",2,0.9053869247436523,128,learned,0.3333333333333333,1600,4.0,124,1.0187581777572632,71,8 40 24 0,1573,0.7139975428581238,test,top_r_mean,0.0,0.5,0.75,0.875
0.08137317228226319,1.0,50,1.0,31,35.39410000666976,hotpotqa,0.5714285714285714,0.25,0.14285714285714285,0.0,5abbd4035542993f40c73bcb,mean,0.5836734693877551,0.036764658987522125,"[[0, 1, 5, 14], [1, 2, 4, 12], [7, 8, 9, 11], [2, 4, 5, 13], [1, 8, 9, 10], [0, 1, 2, 3], [3, 4, 5, 6], [2, 5, 6, 10], [0, 1, 4, 7], [2, 7, 8, 9], [3, 8, 14, 15], [2, 7, 18, 23], [0, 2, 3, 7], [2, 3, 6, 10], [1, 2, 3, 6], [4, 5, 6, 12], [0, 1, 8, 11], [0, 11, 12, 14], [0, 2, 7, 9], [1, 3, 5, 10], [1, 3, 5, 6], [4, 15, 16, 17], [5, 9, 15, 16], [4, 5, 15, 16], [0, 1, 2, 9], [1, 2, 7, 8], [0, 5, 6, 7], [2, 3, 4, 7], [3, 4, 19, 20], [0, 7, 8, 13], [0, 1, 6, 7], [3, 4, 8, 9], [0, 1, 2, 3], [1, 7, 16, 17], [3, 4, 5, 7], [9, 10, 16, 17], [1, 2, 12, 13], [10, 23, 25, 26], [2, 7, 10, 12], [1, 2, 3, 4], [0, 1, 4, 11], [1, 2, 3, 4], [6, 8, 9, 11], [1, 5, 7, 8], [1, 3, 9, 13], [1, 2, 3, 12], [4, 5, 8, 21], [1, 4, 5, 7], [0, 1, 2, 3], [0, 1, 2, 3]]",4,0.9503762722015381,128,learned,1.0,3200,4.0,124,0.9898691177368164,11,24 0 8 48,1573,0.7553900480270386,test,top_r_mean,0.0,0.5,0.5,0.875
0.08137317228226319,1.0,50,1.0,31,37.928099976852536,hotpotqa,0.5714285714285714,0.25,0.14285714285714285,0.0,5abbd4035542993f40c73bcb,mean,0.5918367346938775,0.04544705152511597,"[[0, 1, 5, 14], [1, 2, 4, 12], [1, 7, 9, 11], [2, 4, 5, 13], [1, 8, 9, 10], [0, 1, 2, 3], [3, 4, 5, 6], [2, 5, 6, 10], [0, 1, 4, 7], [2, 3, 7, 8], [3, 8, 14, 15], [2, 3, 7, 18], [0, 2, 3, 6], [2, 3, 6, 9], [2, 3, 6, 7], [4, 5, 6, 12], [0, 1, 8, 11], [0, 2, 11, 12], [0, 2, 7, 9], [0, 1, 3, 5], [1, 3, 5, 6], [4, 5, 15, 16], [5, 9, 15, 16], [4, 5, 15, 16], [0, 1, 2, 9], [1, 2, 6, 7], [0, 1, 2, 5], [2, 3, 4, 8], [3, 4, 19, 20], [0, 2, 7, 8], [0, 1, 6, 7], [3, 4, 8, 9], [0, 1, 3, 4], [1, 2, 7, 16], [3, 4, 5, 7], [9, 10, 16, 17], [1, 2, 12, 13], [10, 23, 25, 26], [1, 5, 7, 10], [0, 1, 2, 3], [0, 1, 4, 11], [1, 2, 3, 4], [6, 8, 9, 11], [1, 5, 7, 8], [0, 1, 3, 13], [1, 2, 3, 11], [4, 5, 8, 16], [1, 4, 5, 7], [0, 1, 2, 3], [0, 1, 2, 3]]",4,0.9841927886009216,128,learned,1.0,3200,4.0,124,1.038167953491211,23,24 0 8 48,1573,0.755774199962616,test,top_r_mean,0.0,0.5,0.5,0.875
0.08137317228226319,1.0,50,1.0,31,35.528500098735094,hotpotqa,0.5714285714285714,0.25,0.14285714285714285,0.0,5abbd4035542993f40c73bcb,mean,0.5216326530612245,0.050695326179265976,"[[0, 1, 5, 12], [1, 2, 4, 12], [1, 7, 9, 11], [2, 4, 5, 13], [1, 3, 8, 9], [0, 1, 2, 3], [3, 4, 5, 6], [2, 5, 6, 10], [0, 1, 4, 7], [2, 3, 6, 7], [1, 3, 14, 15], [2, 3, 7, 18], [0, 1, 2, 3], [2, 3, 5, 6], [1, 2, 3, 6], [4, 5, 6, 12], [0, 1, 8, 11], [0, 2, 11, 12], [0, 2, 7, 9], [0, 1, 2, 3], [1, 3, 5, 6], [4, 5, 15, 16], [5, 9, 15, 16], [4, 5, 15, 16], [0, 1, 2, 9], [1, 2, 7, 8], [0, 1, 5, 6], [2, 3, 4, 7], [3, 4, 19, 20], [0, 7, 8, 13], [0, 1, 6, 7], [2, 3, 4, 8], [0, 1, 2, 3], [1, 2, 5, 7], [3, 4, 5, 7], [9, 10, 16, 17], [1, 2, 12, 13], [3, 10, 23, 26], [1, 5, 7, 10], [0, 1, 2, 3], [0, 1, 4, 11], [1, 2, 3, 4], [6, 8, 9, 11], [1, 5, 7, 8], [0, 1, 3, 9], [1, 2, 3, 11], [4, 5, 8, 16], [1, 4, 5, 7], [0, 1, 2, 3], [0, 1, 2, 3]]",4,1.0002559423446655,128,learned,1.0,3200,4.0,124,1.0589334964752197,37,24 0 8 48,1573,0.6725088953971863,test,top_r_mean,0.0,0.5,0.5,0.875
0.08137317228226319,1.0,50,1.0,31,34.34430016204715,hotpotqa,0.5714285714285714,0.25,0.14285714285714285,0.0,5abbd4035542993f40c73bcb,mean,0.5461224489795918,0.04941653087735176,"[[0, 1, 5, 14], [1, 2, 4, 12], [1, 7, 9, 11], [2, 4, 5, 13], [1, 8, 9, 10], [0, 1, 2, 3], [3, 4, 5, 6], [1, 2, 5, 6], [0, 1, 4, 7], [2, 3, 6, 7], [1, 3, 8, 14], [2, 3, 7, 18], [0, 2, 3, 6], [2, 3, 5, 6], [1, 2, 3, 6], [4, 5, 6, 12], [0, 1, 8, 11], [0, 2, 11, 12], [0, 2, 7, 9], [0, 1, 2, 3], [1, 3, 5, 6], [4, 5, 15, 16], [5, 9, 15, 16], [4, 5, 15, 16], [0, 1, 2, 9], [1, 2, 3, 7], [0, 1, 5, 6], [2, 3, 4, 7], [3, 4, 19, 20], [0, 1, 7, 8], [0, 1, 6, 7], [2, 3, 4, 9], [0, 1, 2, 3], [1, 5, 7, 16], [3, 4, 5, 7], [1, 10, 16, 17], [1, 2, 12, 13], [3, 10, 23, 26], [1, 2, 7, 10], [0, 1, 2, 3], [0, 1, 4, 11], [1, 2, 3, 4], [6, 8, 9, 11], [1, 5, 7, 8], [0, 1, 3, 9], [1, 2, 3, 11], [4, 5, 8, 21], [1, 4, 5, 7], [0, 1, 2, 3], [0, 1, 2, 3]]",4,0.9868944883346558,128,learned,1.0,3200,4.0,124,1.0418776273727417,53,24 0 8 48,1573,0.697382926940918,test,top_r_mean,0.0,0.5,0.5,0.875
0.08137317228226319,1.0,50,1.0,31,34.829899901524186,hotpotqa,0.5714285714285714,0.25,0.14285714285714285,0.0,5abbd4035542993f40c73bcb,mean,0.5738775510204082,0.04472716152667999,"[[0, 1, 5, 14], [1, 2, 4, 12], [1, 7, 8, 9], [2, 4, 5, 13], [1, 8, 9, 10], [0, 1, 2, 3], [3, 4, 5, 6], [2, 5, 6, 10], [0, 1, 4, 7], [2, 7, 9, 10], [1, 3, 14, 15], [2, 3, 18, 23], [0, 2, 3, 6], [2, 3, 6, 10], [1, 3, 6, 7], [4, 5, 6, 12], [0, 1, 8, 11], [0, 11, 12, 14], [0, 2, 7, 9], [0, 1, 3, 5], [1, 3, 5, 6], [4, 5, 15, 16], [5, 9, 15, 16], [4, 5, 15, 16], [0, 1, 2, 9], [1, 2, 3, 7], [0, 5, 6, 7], [2, 3, 4, 7], [3, 4, 19, 20], [0, 7, 8, 13], [0, 1, 6, 7], [2, 3, 4, 9], [0, 1, 2, 3], [1, 7, 16, 18], [3, 5, 7, 10], [10, 16, 17, 21], [1, 2, 12, 13], [10, 23, 25, 26], [1, 7, 10, 12], [0, 1, 2, 3], [0, 1, 4, 11], [1, 2, 3, 4], [6, 8, 9, 12], [1, 3, 5, 8], [0, 1, 3, 13], [1, 2, 3, 12], [4, 5, 8, 21], [1, 4, 5, 7], [0, 1, 2, 3], [0, 1, 2, 3]]",4,0.9566669464111328,128,learned,1.0,3200,4.0,124,1.0092655420303345,71,24 0 8 48,1573,0.7339735627174377,test,top_r_mean,0.0,0.5,0.5,0.875
0.08137317228226319,1.0,50,1.0,31,33.42460002750158,hotpotqa,0.5714285714285714,0.25,0.14285714285714285,0.0,5abbd4035542993f40c73bcb,mean,0.6816326530612244,0.010549345053732395,"[[0, 1, 5, 14, 15, 21, 24, 28], [1, 2, 4, 12, 14, 20, 24, 26], [7, 8, 9, 11, 17, 21, 22, 29], [2, 4, 5, 13, 14, 15, 21, 26], [1, 8, 9, 10, 16, 17, 19, 20], [0, 1, 2, 3, 12, 18, 19, 28], [3, 4, 5, 6, 25, 28, 29, 30], [2, 5, 6, 10, 14, 22, 27, 28], [0, 1, 4, 7, 16, 19, 20, 22], [2, 7, 8, 9, 10, 23, 28, 31], [3, 8, 14, 15, 20, 22, 30, 31], [2, 7, 18, 23, 25, 28, 29, 30], [0, 2, 3, 7, 8, 11, 22, 23], [2, 3, 6, 10, 11, 12, 27, 31], [1, 2, 3, 6, 8, 11, 14, 27], [4, 5, 6, 12, 14, 16, 19, 26], [0, 1, 8, 11, 13, 26, 27, 29], [0, 11, 12, 14, 15, 17, 20, 31], [0, 2, 7, 9, 10, 13, 30, 31], [1, 3, 5, 10, 11, 14, 18, 21], [1, 3, 5, 6, 8, 10, 15, 26], [4, 15, 16, 17, 18, 25, 27, 31], [5, 9, 15, 16, 17, 19, 24, 26], [4, 5, 15, 16, 17, 18, 24, 29], [0, 1, 2, 9, 11, 13, 26, 27], [1, 2, 7, 8, 14, 22, 23, 31], [0, 5, 6, 7, 11, 13, 28, 29], [2, 3, 4, 7, 11, 19, 25, 28], [3, 4, 19, 20, 21, 25, 26, 30], [0, 7, 8, 13, 15, 16, 30, 31], [0, 1, 6, 7, 9, 12, 26, 28], [3, 4, 8, 9, 13, 18, 28, 29], [0, 1, 2, 3, 5, 13, 23, 29], [1, 7, 16, 17, 18, 19, 29, 31], [3, 4, 5, 7, 10, 15, 28, 31], [9, 10, 16, 17, 21, 22, 23, 27], [1, 2, 12, 13, 14, 15, 16, 27], [10, 23, 25, 26, 27, 28, 30, 31], [2, 7, 10, 12, 22, 23, 29, 31], [1, 2, 3, 4, 17, 19, 20, 28], [0, 1, 4, 11, 13, 21, 22, 26], [1, 2, 3, 4, 10, 19, 20, 28], [6, 8, 9, 11, 12, 13, 16, 27], [1, 5, 7, 8, 14, 15, 16, 17], [1, 3, 9, 13, 14, 17, 18, 26], [1, 2, 3, 12, 13, 15, 19, 29], [4, 5, 8, 21, 22, 29, 30, 31], [1, 4, 5, 7, 8, 11, 15, 24], [0, 1, 2, 3, 5, 6, 10, 18], [0, 1, 2, 3, 4]]",8,0.39844831824302673,128,learned,0.3333333333333333,6400,4.0,124,0.4317232370376587,11,0 40 24 16,1573,0.8366386294364929,test,top_r_mean,0.0,1.0,0.5,0.875
0.08137317228226319,1.0,50,1.0,31,39.400999899953604,hotpotqa,0.5714285714285714,0.25,0.14285714285714285,0.0,5abbd4035542993f40c73bcb,mean,0.6816326530612244,0.013046863488852978,"[[0, 1, 5, 14, 15, 23, 27, 28], [1, 2, 4, 12, 14, 20, 24, 26], [1, 7, 9, 11, 17, 21, 22, 29], [2, 4, 5, 13, 14, 15, 21, 26], [1, 8, 9, 10, 16, 17, 19, 20], [0, 1, 2, 3, 12, 18, 19, 28], [3, 4, 5, 6, 17, 28, 29, 30], [2, 5, 6, 10, 14, 22, 27, 28], [0, 1, 4, 7, 16, 19, 20, 22], [2, 3, 7, 8, 9, 10, 23, 29], [3, 8, 14, 15, 16, 20, 30, 31], [2, 3, 7, 18, 23, 25, 29, 30], [0, 2, 3, 6, 7, 8, 11, 23], [2, 3, 6, 9, 10, 12, 27, 31], [2, 3, 6, 7, 8, 11, 14, 27], [4, 5, 6, 12, 14, 16, 19, 26], [0, 1, 8, 11, 13, 26, 27, 29], [0, 2, 11, 12, 14, 15, 17, 20], [0, 2, 7, 9, 10, 29, 30, 31], [0, 1, 3, 5, 10, 11, 14, 21], [1, 3, 5, 6, 8, 10, 15, 26], [4, 5, 15, 16, 17, 18, 25, 31], [5, 9, 15, 16, 17, 19, 24, 26], [4, 5, 15, 16, 17, 18, 24, 30], [0, 1, 2, 9, 13, 24, 26, 27], [1, 2, 6, 7, 14, 20, 23, 31], [0, 1, 2, 5, 6, 7, 28, 29], [2, 3, 4, 8, 11, 19, 25, 28], [3, 4, 19, 20, 21, 25, 26, 30], [0, 2, 7, 8, 13, 16, 30, 31], [0, 1, 6, 7, 10, 12, 26, 28], [3, 4, 8, 9, 10, 13, 18, 28], [0, 1, 3, 4, 5, 13, 23, 29], [1, 2, 7, 16, 18, 22, 29, 31], [3, 4, 5, 7, 10, 15, 30, 31], [9, 10, 16, 17, 21, 22, 23, 27], [1, 2, 12, 13, 14, 15, 16, 27], [10, 23, 25, 26, 27, 28, 30, 31], [1, 5, 7, 10, 22, 23, 29, 30], [0, 1, 2, 3, 4, 17, 19, 20], [0, 1, 4, 11, 19, 21, 22, 26], [1, 2, 3, 4, 10, 14, 19, 20], [6, 8, 9, 11, 12, 13, 16, 23], [1, 5, 7, 8, 14, 15, 16, 17], [0, 1, 3, 13, 14, 18, 19, 22], [1, 2, 3, 11, 12, 13, 15, 29], [4, 5, 8, 16, 21, 29, 30, 31], [1, 4, 5, 7, 8, 9, 11, 15], [0, 1, 2, 3, 5, 6, 10, 21], [0, 1, 2, 3, 4]]",8,0.4203980267047882,128,learned,0.3333333333333333,6400,4.0,124,0.4606750011444092,23,40 0 24 48,1573,0.8375029563903809,test,top_r_mean,1.0,1.0,0.5,0.875
0.08137317228226319,1.0,50,1.0,31,31.83710016310215,hotpotqa,0.5714285714285714,0.25,0.14285714285714285,0.0,5abbd4035542993f40c73bcb,mean,0.6571428571428571,0.01399959996342659,"[[0, 1, 5, 12, 14, 15, 27, 28], [1, 2, 4, 12, 14, 20, 24, 26], [1, 7, 9, 11, 17, 21, 22, 29], [2, 4, 5, 13, 14, 15, 21, 26], [1, 3, 8, 9, 10, 17, 19, 20], [0, 1, 2, 3, 6, 12, 18, 19], [3, 4, 5, 6, 13, 28, 29, 30], [2, 5, 6, 10, 14, 22, 27, 28], [0, 1, 4, 7, 16, 19, 20, 22], [2, 3, 6, 7, 8, 9, 10, 23], [1, 3, 14, 15, 16, 20, 30, 31], [2, 3, 7, 18, 23, 25, 29, 30], [0, 1, 2, 3, 7, 8, 11, 23], [2, 3, 5, 6, 10, 11, 12, 31], [1, 2, 3, 6, 8, 11, 14, 27], [4, 5, 6, 12, 14, 16, 19, 26], [0, 1, 8, 11, 13, 26, 27, 29], [0, 2, 11, 12, 14, 15, 17, 20], [0, 2, 7, 9, 10, 13, 30, 31], [0, 1, 2, 3, 5, 10, 11, 14], [1, 3, 5, 6, 7, 8, 15, 26], [4, 5, 15, 16, 17, 18, 25, 31], [5, 9, 15, 16, 17, 19, 24, 26], [4, 5, 15, 16, 17, 18, 24, 29], [0, 1, 2, 9, 11, 24, 26, 27], [1, 2, 7, 8, 13, 14, 23, 31], [0, 1, 5, 6, 7, 11, 13, 28], [2, 3, 4, 7, 11, 19, 25, 28], [3, 4, 19, 20, 21, 25, 26, 30], [0, 7, 8, 13, 15, 16, 30, 31], [0, 1, 6, 7, 9, 12, 26, 28], [2, 3, 4, 8, 13, 18, 28, 29], [0, 1, 2, 3, 4, 5, 13, 23], [1, 2, 5, 7, 16, 18, 29, 31], [3, 4, 5, 7, 10, 15, 28, 31], [9, 10, 16, 17, 21, 22, 23, 27], [1, 2, 12, 13, 14, 15, 16, 27], [3, 10, 23, 26, 27, 29, 30, 31], [1, 5, 7, 10, 12, 22, 23, 29], [0, 1, 2, 3, 4, 17, 19, 20], [0, 1, 4, 11, 13, 19, 22, 26], [1, 2, 3, 4, 10, 19, 20, 28], [6, 8, 9, 11, 12, 13, 16, 27], [1, 5, 7, 8, 14, 15, 16, 17], [0, 1, 3, 9, 13, 14, 18, 26], [1, 2, 3, 11, 12, 13, 15, 29], [4, 5, 8, 16, 21, 29, 30, 31], [1, 4, 5, 7, 8, 9, 11, 15], [0, 1, 2, 3, 5, 6, 10, 21], [0, 1, 2, 3, 4]]",8,0.41376036405563354,128,learned,0.3333333333333333,6400,4.0,124,0.45384302735328674,37,40 0 24 48,1573,0.8065785765647888,test,top_r_mean,1.0,1.0,0.5,0.875
0.08137317228226319,1.0,50,1.0,31,33.83499989286065,hotpotqa,0.5714285714285714,0.25,0.14285714285714285,0.0,5abbd4035542993f40c73bcb,mean,0.68,0.01254391111433506,"[[0, 1, 5, 14, 15, 23, 27, 28], [1, 2, 4, 12, 14, 20, 24, 26], [1, 7, 9, 11, 17, 21, 22, 29], [2, 4, 5, 13, 14, 15, 21, 26], [1, 8, 9, 10, 17, 19, 20, 23], [0, 1, 2, 3, 6, 12, 18, 19], [3, 4, 5, 6, 23, 28, 29, 30], [1, 2, 5, 6, 10, 14, 27, 28], [0, 1, 4, 7, 16, 19, 20, 22], [2, 3, 6, 7, 8, 9, 10, 23], [1, 3, 8, 14, 15, 20, 30, 31], [2, 3, 7, 18, 23, 25, 29, 30], [0, 2, 3, 6, 7, 8, 11, 23], [2, 3, 5, 6, 10, 11, 12, 31], [1, 2, 3, 6, 8, 11, 14, 27], [4, 5, 6, 12, 14, 16, 19, 26], [0, 1, 8, 11, 13, 26, 27, 29], [0, 2, 11, 12, 14, 15, 17, 20], [0, 2, 7, 9, 10, 13, 30, 31], [0, 1, 2, 3, 5, 10, 11, 14], [1, 3, 5, 6, 7, 8, 15, 26], [4, 5, 15, 16, 17, 18, 25, 31], [5, 9, 15, 16, 17, 19, 24, 26], [4, 5, 15, 16, 17, 18, 24, 30], [0, 1, 2, 9, 11, 13, 26, 27], [1, 2, 3, 7, 8, 14, 23, 31], [0, 1, 5, 6, 7, 11, 13, 28], [2, 3, 4, 7, 11, 19, 25, 28], [3, 4, 19, 20, 21, 25, 26, 30], [0, 1, 7, 8, 13, 16, 30, 31], [0, 1, 6, 7, 9, 12, 26, 28], [2, 3, 4, 9, 13, 18, 28, 29], [0, 1, 2, 3, 4, 5, 13, 23], [1, 5, 7, 16, 18, 28, 29, 31], [3, 4, 5, 7, 10, 15, 28, 31], [1, 10, 16, 17, 21, 22, 23, 27], [1, 2, 12, 13, 14, 15, 16, 29], [3, 10, 23, 26, 27, 28, 30, 31], [1, 2, 7, 10, 12, 22, 23, 29], [0, 1, 2, 3, 4, 17, 19, 20], [0, 1, 4, 11, 13, 21, 22, 26], [1, 2, 3, 4, 8, 10, 19, 20], [6, 8, 9, 11, 12, 13, 16, 27], [1, 5, 7, 8, 14, 15, 16, 17], [0, 1, 3, 9, 13, 14, 18, 26], [1, 2, 3, 11, 12, 13, 15, 29], [4, 5, 8, 21, 22, 29, 30, 31], [1, 4, 5, 7, 8, 9, 11, 15], [0, 1, 2, 3, 5, 6, 10, 18], [0, 1, 2, 3, 4]]",8,0.40404337644577026,128,learned,0.3333333333333333,6400,4.0,124,0.4407949447631836,53,0 40 24 16,1573,0.8349099159240723,test,top_r_mean,0.0,1.0,0.5,0.875
0.08137317228226319,1.0,50,1.0,31,36.30969999358058,hotpotqa,0.5714285714285714,0.25,0.14285714285714285,0.0,5abbd4035542993f40c73bcb,mean,0.6751020408163265,0.01274557039141655,"[[0, 1, 5, 14, 15, 21, 27, 28], [1, 2, 4, 12, 14, 20, 24, 26], [1, 7, 8, 9, 17, 21, 22, 29], [2, 4, 5, 13, 14, 15, 21, 26], [1, 8, 9, 10, 17, 19, 20, 23], [0, 1, 2, 3, 6, 12, 18, 28], [3, 4, 5, 6, 23, 28, 29, 30], [2, 5, 6, 10, 14, 22, 27, 28], [0, 1, 4, 7, 16, 19, 20, 22], [2, 7, 9, 10, 23, 28, 29, 31], [1, 3, 14, 15, 20, 22, 30, 31], [2, 3, 18, 23, 25, 28, 29, 30], [0, 2, 3, 6, 7, 8, 11, 22], [2, 3, 6, 10, 12, 27, 30, 31], [1, 3, 6, 7, 8, 11, 14, 27], [4, 5, 6, 12, 14, 16, 19, 26], [0, 1, 8, 11, 13, 26, 27, 29], [0, 11, 12, 14, 15, 17, 20, 31], [0, 2, 7, 9, 10, 13, 30, 31], [0, 1, 3, 5, 10, 11, 14, 21], [1, 3, 5, 6, 7, 10, 15, 26], [4, 5, 15, 16, 17, 18, 25, 31], [5, 9, 15, 16, 17, 19, 24, 26], [4, 5, 15, 16, 17, 18, 24, 29], [0, 1, 2, 9, 11, 13, 26, 27], [1, 2, 3, 7, 14, 22, 23, 31], [0, 5, 6, 7, 11, 13, 28, 29], [2, 3, 4, 7, 11, 19, 25, 28], [3, 4, 19, 20, 21, 25, 26, 30], [0, 7, 8, 13, 15, 16, 30, 31], [0, 1, 6, 7, 9, 12, 26, 28], [2, 3, 4, 9, 13, 18, 28, 29], [0, 1, 2, 3, 5, 13, 23, 29], [1, 7, 16, 18, 24, 28, 29, 31], [3, 5, 7, 10, 15, 28, 30, 31], [10, 16, 17, 21, 22, 23, 27, 31], [1, 2, 12, 13, 14, 15, 16, 27], [10, 23, 25, 26, 27, 28, 29, 31], [1, 7, 10, 12, 22, 23, 25, 29], [0, 1, 2, 3, 4, 17, 19, 20], [0, 1, 4, 11, 13, 19, 22, 26], [1, 2, 3, 4, 10, 19, 20, 30], [6, 8, 9, 12, 13, 16, 23, 27], [1, 3, 5, 8, 14, 15, 16, 17], [0, 1, 3, 13, 14, 18, 22, 26], [1, 2, 3, 12, 13, 15, 19, 29], [4, 5, 8, 21, 22, 29, 30, 31], [1, 4, 5, 7, 8, 11, 15, 24], [0, 1, 2, 3, 5, 6, 10, 21], [0, 1, 2, 3, 4]]",8,0.4035036861896515,128,learned,0.3333333333333333,6400,4.0,124,0.44252830743789673,71,40 0 24 48,1573,0.8352940678596497,test,top_r_mean,1.0,1.0,0.5,0.875
0.07301768397033656,1.0,55,0.0,31,33.83859992027283,hotpotqa,0.8366013071895425,0.25,0.2,0.0,5ae6143f5542996de7b71b2d,mean,0.3696969696969697,1.003466010093689,"[[0], [0], [4], [1], [2], [0], [0], [5], [0], [0], [5], [0], [0], [4], [0], [1], [0], [0], [0], [4], [0], [4], [1], [0], [0], [6], [0], [1], [3], [0], [2], [0], [0], [0], [1], [2], [11], [0], [0], [3], [0], [1], [2], [2], [1], [0], [2], [0], [0], [6], [1], [2], [5], [3], [1]]",1,0.973946750164032,128,learned,0.3333333333333333,880,4.0,124,1.1507718563079834,11,48 32 8 16,1753,0.49906212091445923,test,top_r_mean,1.0,0.5,0.5,0.875
0.07301768397033656,1.0,55,0.0,31,33.585199853405356,hotpotqa,0.8366013071895425,0.25,0.2,0.0,5ae6143f5542996de7b71b2d,mean,0.31986531986531985,1.0255918502807617,"[[0], [0], [0], [1], [2], [0], [0], [5], [0], [0], [5], [0], [0], [4], [0], [1], [0], [0], [0], [4], [0], [4], [1], [0], [0], [6], [0], [1], [3], [0], [2], [0], [0], [0], [1], [2], [10], [0], [0], [3], [0], [1], [2], [2], [1], [0], [1], [0], [0], [6], [1], [2], [5], [3], [1]]",1,0.9996291399002075,128,learned,0.3333333333333333,880,4.0,124,1.173911452293396,23,48 32 8 16,1753,0.4374459385871887,test,top_r_mean,1.0,0.5,0.5,0.875
0.07301768397033656,1.0,55,0.0,31,30.366700142621994,hotpotqa,0.8366013071895425,0.25,0.2,0.0,5ae6143f5542996de7b71b2d,mean,0.3441077441077441,1.0248942375183105,"[[0], [0], [0], [1], [1], [0], [0], [5], [0], [0], [5], [0], [0], [3], [0], [1], [0], [0], [0], [4], [0], [3], [1], [0], [0], [6], [0], [1], [3], [0], [2], [0], [0], [0], [0], [2], [10], [0], [0], [3], [0], [1], [2], [2], [1], [0], [1], [0], [0], [6], [1], [2], [5], [3], [1]]",1,1.0049296617507935,128,learned,0.3333333333333333,880,4.0,124,1.1782138347625732,37,48 32 8 16,1753,0.4644300937652588,test,top_r_mean,1.0,0.5,0.5,0.875
0.07301768397033656,1.0,55,0.0,31,27.989800088107586,hotpotqa,0.8366013071895425,0.25,0.2,0.0,5ae6143f5542996de7b71b2d,mean,0.3575757575757576,1.0214554071426392,"[[0], [0], [0], [1], [2], [0], [0], [5], [0], [0], [5], [0], [0], [3], [0], [1], [0], [0], [0], [4], [0], [4], [1], [0], [0], [6], [0], [1], [3], [0], [2], [0], [0], [0], [1], [2], [10], [0], [0], [3], [0], [1], [2], [2], [1], [0], [2], [0], [0], [6], [1], [2], [5], [3], [1]]",1,1.0016729831695557,128,learned,0.3333333333333333,880,4.0,124,1.1734744310379028,53,48 32 8 16,1753,0.48405489325523376,test,top_r_mean,1.0,0.5,0.5,0.875
0.07301768397033656,1.0,55,0.0,31,30.558199854567647,hotpotqa,0.8366013071895425,0.25,0.2,0.0,5ae6143f5542996de7b71b2d,mean,0.31851851851851853,1.060349464416504,"[[0], [0], [3], [1], [2], [0], [0], [5], [0], [0], [5], [0], [0], [3], [0], [1], [0], [0], [0], [4], [0], [4], [1], [0], [0], [6], [0], [2], [3], [0], [2], [0], [0], [0], [1], [2], [10], [0], [0], [3], [0], [1], [2], [2], [1], [0], [1], [0], [0], [6], [1], [2], [5], [3], [1]]",1,1.0475064516067505,128,learned,0.3333333333333333,880,4.0,124,1.2250597476959229,71,48 32 8 16,1753,0.4385282099246979,test,top_r_mean,1.0,0.5,0.5,0.875
0.07301768397033656,0.0,55,0.0,31,39.52019987627864,hotpotqa,0.8366013071895425,0.0,0.0,0.0,5ae6143f5542996de7b71b2d,mean,0.4262626262626263,0.1548154056072235,"[[0, 1], [0, 1], [4, 6], [1, 2], [2, 3], [0, 12], [0, 2], [5, 18], [0, 1], [0, 4], [5, 11], [0, 6], [0, 2], [4, 9], [0, 1], [1, 2], [0, 1], [0, 1], [0, 3], [4, 5], [0, 8], [4, 5], [1, 2], [0, 3], [0, 1], [6, 8], [0, 2], [1, 3], [3, 4], [0, 1], [2, 3], [0, 1], [0, 1], [0, 1], [1, 2], [2, 3], [11, 12], [0, 1], [0, 3], [3, 4], [0, 1], [1, 3], [2, 7], [2, 3], [1, 3], [0, 1], [2, 3], [0, 1], [0, 1], [6, 8], [1, 4], [2, 4], [5, 6], [3, 8], [1, 2]]",2,0.7512624859809875,128,learned,0.0,1760,4.0,124,0.8545408844947815,11,0 16 48 24,1753,0.537013053894043,test,top_r_mean,0.0,0.5,0.75,0.875
0.07301768397033656,0.0,55,0.0,31,33.2398999016732,hotpotqa,0.8366013071895425,0.0,0.0,0.0,5ae6143f5542996de7b71b2d,mean,0.3602693602693603,0.18464167416095734,"[[0, 1], [0, 1], [0, 4], [1, 2], [2, 3], [0, 12], [0, 2], [5, 18], [0, 1], [0, 4], [5, 11], [0, 5], [0, 2], [4, 9], [0, 1], [1, 2], [0, 1], [0, 1], [0, 3], [4, 5], [0, 2], [4, 6], [1, 2], [0, 2], [0, 1], [6, 8], [0, 1], [1, 3], [3, 4], [0, 1], [2, 3], [0, 1], [0, 1], [0, 1], [1, 2], [2, 3], [10, 11], [0, 1], [0, 3], [3, 4], [0, 1], [1, 3], [2, 7], [2, 3], [1, 3], [0, 1], [1, 2], [0, 3], [0, 4], [6, 8], [1, 4], [2, 4], [5, 6], [3, 8], [1, 2]]",2,0.7884272933006287,128,learned,0.0,1760,4.0,124,0.8948609828948975,23,0 48 16 24,1753,0.47546905279159546,test,top_r_mean,0.0,1.0,0.75,0.875
0.07301768397033656,0.0,55,0.0,31,38.75859989784658,hotpotqa,0.8366013071895425,0.0,0.0,0.0,5ae6143f5542996de7b71b2d,mean,0.3346801346801347,0.17769771814346313,"[[0, 1], [0, 1], [0, 3], [1, 2], [1, 2], [0, 12], [0, 1], [5, 18], [0, 1], [0, 4], [5, 11], [0, 6], [0, 2], [3, 4], [0, 1], [1, 2], [0, 1], [0, 1], [0, 2], [4, 5], [0, 2], [3, 4], [1, 2], [0, 3], [0, 1], [6, 8], [0, 2], [1, 3], [3, 4], [0, 1], [2, 3], [0, 1], [0, 1], [0, 1], [0, 1], [2, 3], [10, 11], [0, 1], [0, 3], [3, 4], [0, 1], [1, 3], [2, 7], [2, 3], [1, 3], [0, 1], [1, 2], [0, 1], [0, 1], [6, 8], [1, 4], [2, 4], [5, 6], [3, 8], [1, 2]]",2,0.7900978326797485,128,learned,0.0,1760,4.0,124,0.9128180146217346,37,0 16 48 24,1753,0.4252525568008423,test,top_r_mean,0.0,0.5,0.75,0.875
0.07301768397033656,0.0,55,0.0,31,31.972700031474233,hotpotqa,0.8366013071895425,0.0,0.0,0.0,5ae6143f5542996de7b71b2d,mean,0.35353535353535354,0.1783563643693924,"[[0, 1], [0, 1], [0, 3], [1, 2], [2, 3], [0, 12], [0, 1], [5, 18], [0, 1], [0, 4], [5, 11], [0, 6], [0, 2], [3, 4], [0, 1], [1, 2], [0, 1], [0, 1], [0, 2], [4, 5], [0, 2], [4, 5], [1, 2], [0, 3], [0, 1], [6, 8], [0, 2], [1, 3], [3, 4], [0, 1], [2, 3], [0, 1], [0, 1], [0, 1], [1, 2], [2, 3], [10, 11], [0, 1], [0, 3], [3, 4], [0, 1], [1, 3], [2, 7], [2, 3], [1, 3], [0, 1], [2, 3], [0, 1], [0, 1], [6, 8], [1, 4], [2, 4], [5, 6], [3, 8], [1, 2]]",2,0.8000138401985168,128,learned,0.0,1760,4.0,124,0.9189966917037964,53,0 16 48 24,1753,0.44624826312065125,test,top_r_mean,0.0,0.5,0.75,0.875
0.07301768397033656,0.0,55,0.0,31,40.354999946430326,hotpotqa,0.8366013071895425,0.0,0.0,0.0,5ae6143f5542996de7b71b2d,mean,0.37643097643097645,0.18111974000930786,"[[0, 1], [0, 1], [3, 4], [1, 2], [2, 3], [0, 12], [0, 2], [5, 18], [0, 1], [0, 4], [5, 11], [0, 6], [0, 2], [3, 4], [0, 1], [1, 2], [0, 1], [0, 1], [0, 3], [4, 5], [0, 8], [4, 5], [1, 2], [0, 3], [0, 1], [6, 8], [0, 2], [2, 3], [3, 4], [0, 1], [2, 3], [0, 1], [0, 1], [0, 1], [1, 2], [2, 3], [10, 11], [0, 1], [0, 3], [3, 4], [0, 1], [1, 3], [2, 7], [2, 3], [1, 3], [0, 1], [1, 2], [0, 1], [0, 4], [6, 8], [1, 4], [2, 4], [5, 6], [3, 8], [1, 2]]",2,0.787081241607666,128,learned,0.0,1760,4.0,124,0.8868167996406555,71,0 48 16 24,1753,0.48939400911331177,test,top_r_mean,0.0,1.0,0.75,0.875
0.07301768397033656,0.0,55,0.0,31,41.017600102350116,hotpotqa,0.8366013071895425,0.0,0.0,0.0,5ae6143f5542996de7b71b2d,mean,0.5232323232323233,0.03571900725364685,"[[0, 1, 6, 9], [0, 1, 3, 4], [4, 6, 11, 13], [1, 2, 6, 7], [2, 3, 4, 11], [0, 12, 13, 19], [0, 2, 3, 4], [5, 18, 19, 21], [0, 1, 2, 5], [0, 4, 5, 6], [5, 11, 22, 23], [0, 6, 7, 10], [0, 2, 3, 8], [4, 9, 16, 20], [0, 1, 2, 9], [1, 2, 3, 6], [0, 1, 5, 7], [0, 1, 3, 4], [0, 3, 6, 7], [4, 5, 10, 15], [0, 8, 14, 18], [4, 5, 6, 9], [1, 2, 3, 4], [0, 3, 5, 6], [0, 1, 6, 9], [6, 8, 9, 15], [0, 2, 7, 9], [1, 3, 12, 14], [3, 4, 15, 16], [0, 1, 4, 5], [2, 3, 4, 18], [0, 1, 3, 4], [0, 1, 8, 10], [0, 1, 3, 4], [1, 2, 3, 12], [2, 3, 8, 9], [11, 12, 13, 17], [0, 1, 3, 4], [0, 3, 4, 9], [3, 4, 6, 7], [0, 1, 6, 19], [1, 3, 7, 10], [2, 7, 8, 16], [2, 3, 5, 6], [1, 3, 4, 5], [0, 1, 9, 13], [2, 3, 5, 6], [0, 1, 3, 4], [0, 1, 4, 7], [6, 8, 9, 11], [1, 4, 8, 14], [2, 4, 8, 12], [5, 6, 10, 11], [3, 8, 9, 10], [1, 2, 3, 5]]",4,0.8359336853027344,128,learned,0.0,3520,4.0,124,0.8795520663261414,11,0 48 24 40,1753,0.6847764253616333,test,top_r_mean,0.0,1.0,0.75,0.875
0.07301768397033656,0.0,55,0.0,31,34.52839981764555,hotpotqa,0.8366013071895425,0.0,0.0,0.0,5ae6143f5542996de7b71b2d,mean,0.5124579124579125,0.03819035738706589,"[[0, 1, 6, 9], [0, 1, 3, 4], [0, 4, 6, 13], [1, 2, 6, 7], [2, 3, 4, 11], [0, 12, 13, 17], [0, 2, 3, 4], [5, 18, 19, 21], [0, 1, 2, 5], [0, 4, 5, 6], [5, 11, 22, 23], [0, 5, 6, 7], [0, 2, 3, 10], [4, 9, 16, 20], [0, 1, 2, 9], [1, 2, 3, 6], [0, 1, 5, 7], [0, 1, 3, 4], [0, 3, 7, 11], [4, 5, 15, 20], [0, 2, 8, 18], [4, 6, 9, 12], [1, 2, 3, 4], [0, 2, 3, 6], [0, 1, 6, 9], [6, 8, 9, 17], [0, 1, 2, 8], [1, 3, 5, 12], [3, 4, 15, 16], [0, 1, 4, 5], [2, 3, 4, 18], [0, 1, 4, 5], [0, 1, 8, 10], [0, 1, 3, 4], [1, 2, 3, 7], [2, 3, 8, 9], [10, 11, 12, 13], [0, 1, 3, 4], [0, 3, 4, 7], [3, 4, 6, 7], [0, 1, 5, 18], [1, 3, 7, 10], [2, 7, 8, 11], [2, 3, 5, 6], [1, 3, 4, 5], [0, 1, 9, 16], [1, 2, 3, 5], [0, 3, 4, 13], [0, 4, 5, 7], [6, 8, 9, 11], [1, 4, 8, 14], [2, 4, 8, 12], [5, 6, 10, 11], [3, 8, 10, 11], [1, 2, 3, 5]]",4,0.8418978452682495,128,learned,0.0,3520,4.0,124,0.8831397891044617,23,0 48 24 32,1753,0.6816018223762512,test,top_r_mean,0.0,1.0,0.75,0.875
0.07301768397033656,0.0,55,0.0,31,41.418599896132946,hotpotqa,0.8366013071895425,0.0,0.0,0.0,5ae6143f5542996de7b71b2d,mean,0.48013468013468014,0.03623972088098526,"[[0, 1, 6, 9], [0, 1, 3, 4], [0, 3, 4, 6], [1, 2, 6, 7], [1, 2, 3, 4], [0, 12, 13, 17], [0, 1, 2, 3], [5, 18, 19, 21], [0, 1, 2, 5], [0, 4, 5, 6], [5, 11, 22, 23], [0, 6, 7, 10], [0, 2, 3, 10], [3, 4, 9, 16], [0, 1, 2, 9], [1, 2, 3, 6], [0, 1, 5, 7], [0, 1, 3, 4], [0, 2, 3, 7], [4, 5, 10, 15], [0, 2, 7, 8], [3, 4, 5, 6], [1, 2, 3, 4], [0, 3, 5, 6], [0, 1, 6, 9], [6, 8, 9, 15], [0, 2, 7, 9], [1, 3, 5, 12], [3, 4, 15, 16], [0, 1, 4, 5], [2, 3, 4, 18], [0, 1, 3, 4], [0, 1, 7, 8], [0, 1, 3, 4], [0, 1, 2, 3], [2, 3, 6, 8], [10, 11, 12, 13], [0, 1, 3, 4], [0, 3, 4, 7], [3, 4, 6, 7], [0, 1, 5, 6], [1, 3, 7, 10], [2, 7, 8, 11], [2, 3, 5, 6], [1, 3, 4, 5], [0, 1, 4, 9], [1, 2, 3, 5], [0, 1, 3, 4], [0, 1, 4, 5], [6, 8, 9, 11], [1, 4, 8, 14], [2, 4, 8, 13], [5, 6, 10, 11], [3, 8, 10, 11], [1, 2, 3, 5]]",4,0.8562563061714172,128,learned,0.0,3520,4.0,124,0.8948724269866943,37,0 48 24 32,1753,0.6447330713272095,test,top_r_mean,0.0,1.0,0.75,0.875
0.07301768397033656,0.0,55,0.0,31,42.316900100558996,hotpotqa,0.8366013071895425,0.0,0.0,0.0,5ae6143f5542996de7b71b2d,mean,0.5003367003367003,0.039412278681993484,"[[0, 1, 6, 9], [0, 1, 3, 4], [0, 3, 4, 6], [1, 2, 6, 7], [2, 3, 4, 11], [0, 12, 13, 17], [0, 1, 2, 3], [5, 18, 19, 21], [0, 1, 2, 5], [0, 4, 5, 6], [5, 11, 22, 23], [0, 6, 7, 10], [0, 2, 3, 11], [3, 4, 9, 16], [0, 1, 2, 9], [1, 2, 3, 6], [0, 1, 5, 7], [0, 1, 3, 4], [0, 2, 3, 6], [4, 5, 10, 15], [0, 2, 8, 14], [4, 5, 6, 9], [1, 2, 3, 4], [0, 3, 5, 6], [0, 1, 4, 6], [6, 8, 9, 15], [0, 2, 7, 9], [1, 3, 5, 12], [3, 4, 15, 16], [0, 1, 4, 5], [2, 3, 4, 18], [0, 1, 3, 4], [0, 1, 2, 8], [0, 1, 3, 4], [1, 2, 3, 7], [2, 3, 8, 9], [10, 11, 12, 13], [0, 1, 3, 4], [0, 3, 4, 7], [3, 4, 6, 7], [0, 1, 6, 19], [1, 3, 7, 10], [2, 7, 8, 11], [2, 3, 5, 6], [1, 3, 4, 5], [0, 1, 9, 13], [2, 3, 5, 6], [0, 1, 3, 4], [0, 1, 4, 5], [6, 8, 9, 11], [1, 4, 8, 14], [2, 4, 8, 12], [5, 6, 10, 11], [3, 8, 10, 11], [1, 2, 3, 5]]",4,0.8592900633811951,128,learned,0.0,3520,4.0,124,0.9022570252418518,53,0 48 24 40,1753,0.6632035374641418,test,top_r_mean,0.0,1.0,0.75,0.875
0.07301768397033656,0.0,55,0.0,31,44.56389998085797,hotpotqa,0.8366013071895425,0.0,0.0,0.0,5ae6143f5542996de7b71b2d,mean,0.5178451178451179,0.038280509412288666,"[[0, 1, 6, 9], [0, 1, 3, 4], [3, 4, 6, 11], [1, 2, 6, 7], [2, 3, 4, 11], [0, 12, 13, 19], [0, 2, 3, 4], [5, 18, 19, 21], [0, 1, 2, 5], [0, 4, 5, 6], [5, 11, 22, 23], [0, 6, 7, 10], [0, 2, 3, 11], [3, 4, 9, 20], [0, 1, 2, 9], [1, 2, 3, 6], [0, 1, 5, 7], [0, 1, 3, 4], [0, 3, 7, 11], [4, 5, 11, 15], [0, 8, 14, 18], [4, 5, 6, 9], [1, 2, 3, 4], [0, 3, 5, 6], [0, 1, 6, 9], [6, 8, 9, 15], [0, 2, 7, 9], [2, 3, 5, 12], [3, 4, 15, 16], [0, 1, 4, 5], [2, 3, 4, 18], [0, 1, 4, 5], [0, 1, 8, 10], [0, 1, 3, 4], [1, 2, 3, 12], [2, 3, 8, 9], [10, 11, 12, 13], [0, 1, 3, 4], [0, 3, 4, 7], [3, 4, 6, 7], [0, 1, 19, 24], [1, 3, 7, 10], [2, 7, 8, 16], [2, 3, 5, 6], [1, 3, 4, 5], [0, 1, 9, 15], [1, 2, 3, 5], [0, 1, 3, 4], [0, 4, 5, 7], [6, 8, 9, 11], [1, 4, 14, 15], [2, 4, 8, 13], [5, 6, 10, 11], [3, 8, 10, 11], [1, 2, 3, 4]]",4,0.8415344953536987,128,learned,0.0,3520,4.0,124,0.8818196058273315,71,0 48 24 40,1753,0.6860030293464661,test,top_r_mean,0.0,1.0,0.75,0.875
0.07301768397033656,0.0,55,0.0,31,37.00469993054867,hotpotqa,0.8366013071895425,0.0,0.0,0.0,5ae6143f5542996de7b71b2d,mean,0.6606060606060606,0.011525016278028488,"[[0, 1, 6, 9, 11, 12, 16, 27], [0, 1, 3, 4, 7, 21, 22, 23], [4, 6, 11, 13, 14, 19, 23, 30], [1, 2, 6, 7, 10, 16, 23, 27], [2, 3, 4, 11, 12, 14, 15, 29], [0, 12, 13, 19, 20, 21, 24, 28], [0, 2, 3, 4, 5, 8, 9, 20], [5, 18, 19, 21, 24, 25, 26, 31], [0, 1, 2, 5, 7, 15, 22, 23], [0, 4, 5, 6, 17, 20, 28, 29], [5, 11, 22, 23, 24, 29, 30, 31], [0, 6, 7, 10, 14, 15, 23, 30], [0, 2, 3, 8, 11, 13, 18, 29], [4, 9, 16, 20, 26, 28, 29, 31], [0, 1, 2, 9, 10, 13, 23, 30], [1, 2, 3, 6, 7, 13, 20, 27], [0, 1, 5, 7, 12, 13, 16, 18], [0, 1, 3, 4, 10, 11, 12, 21], [0, 3, 6, 7, 11, 18, 23, 30], [4, 5, 10, 15, 20, 24, 28, 31], [0, 8, 14, 18, 20, 25, 27, 28], [4, 5, 6, 9, 12, 18, 20, 28], [1, 2, 3, 4, 7, 12, 13, 19], [0, 3, 5, 6, 10, 21, 27, 28], [0, 1, 6, 9, 10, 11, 20, 31], [6, 8, 9, 15, 17, 18, 28, 29], [0, 2, 7, 9, 15, 16, 22, 28], [1, 3, 12, 14, 15, 17, 18, 19], [3, 4, 15, 16, 19, 20, 22, 25], [0, 1, 4, 5, 6, 14, 24, 27], [2, 3, 4, 18, 25, 28, 30, 31], [0, 1, 3, 4, 5, 6, 7, 17], [0, 1, 8, 10, 11, 25, 26, 27], [0, 1, 3, 4, 14, 17, 22, 24], [1, 2, 3, 12, 18, 19, 20, 21], [2, 3, 8, 9, 10, 12, 13, 29], [11, 12, 13, 17, 18, 19, 22, 29], [0, 1, 3, 4, 15, 21, 23, 27], [0, 3, 4, 9, 10, 12, 13, 19], [3, 4, 6, 7, 8, 14, 16, 17], [0, 1, 6, 19, 24, 28, 29, 31], [1, 3, 7, 10, 16, 18, 24, 25], [2, 7, 8, 16, 26, 28, 29, 31], [2, 3, 5, 6, 16, 19, 27, 28], [1, 3, 4, 5, 7, 14, 23, 28], [0, 1, 9, 13, 16, 25, 26, 29], [2, 3, 5, 6, 10, 11, 22, 26], [0, 1, 3, 4, 15, 16, 17, 31], [0, 1, 4, 7, 10, 12, 24, 27], [6, 8, 9, 11, 12, 18, 25, 28], [1, 4, 8, 14, 15, 16, 17, 27], [2, 4, 8, 12, 18, 22, 24, 27], [5, 6, 10, 11, 12, 16, 23, 24], [3, 8, 9, 10, 11, 18, 19, 26], [1, 2, 3, 5, 6, 8, 14, 23]]",8,0.3746854364871979,128,learned,0.0,7040,4.0,124,0.4051669239997864,11,48 24 0 32,1753,0.8150795102119446,test,top_r_mean,1.0,0.5,0.75,0.875
0.07301768397033656,0.0,55,0.0,31,35.834900103509426,hotpotqa,0.8366013071895425,0.0,0.0,0.0,5ae6143f5542996de7b71b2d,mean,0.6323232323232323,0.013498499989509583,"[[0, 1, 6, 9, 11, 16, 26, 30], [0, 1, 3, 4, 7, 21, 22, 23], [0, 4, 6, 13, 14, 19, 22, 23], [1, 2, 6, 7, 10, 16, 26, 27], [2, 3, 4, 11, 12, 14, 28, 29], [0, 12, 13, 17, 19, 21, 27, 28], [0, 2, 3, 4, 5, 8, 9, 29], [5, 18, 19, 21, 24, 25, 26, 31], [0, 1, 2, 5, 7, 14, 15, 22], [0, 4, 5, 6, 17, 20, 28, 29], [5, 11, 22, 23, 24, 29, 30, 31], [0, 5, 6, 7, 10, 12, 14, 23], [0, 2, 3, 10, 11, 13, 18, 30], [4, 9, 16, 20, 21, 28, 29, 31], [0, 1, 2, 9, 10, 13, 22, 30], [1, 2, 3, 6, 7, 13, 27, 31], [0, 1, 5, 7, 12, 13, 16, 18], [0, 1, 3, 4, 10, 11, 12, 24], [0, 3, 7, 11, 14, 18, 23, 30], [4, 5, 15, 20, 23, 24, 28, 31], [0, 2, 8, 18, 20, 25, 27, 28], [4, 6, 9, 12, 18, 20, 22, 23], [1, 2, 3, 4, 7, 12, 13, 19], [0, 2, 3, 6, 10, 21, 27, 28], [0, 1, 6, 9, 10, 11, 20, 31], [6, 8, 9, 17, 18, 27, 28, 29], [0, 1, 2, 8, 9, 16, 22, 28], [1, 3, 5, 12, 14, 15, 18, 19], [3, 4, 15, 16, 19, 20, 22, 25], [0, 1, 4, 5, 6, 14, 24, 27], [2, 3, 4, 18, 28, 29, 30, 31], [0, 1, 4, 5, 6, 9, 17, 18], [0, 1, 8, 10, 11, 16, 25, 27], [0, 1, 3, 4, 10, 17, 22, 27], [1, 2, 3, 7, 12, 17, 18, 20], [2, 3, 8, 9, 10, 12, 29, 31], [10, 11, 12, 13, 17, 18, 19, 22], [0, 1, 3, 4, 15, 22, 23, 27], [0, 3, 4, 7, 9, 12, 13, 24], [3, 4, 6, 7, 8, 14, 16, 17], [0, 1, 5, 18, 19, 24, 28, 29], [1, 3, 7, 10, 15, 16, 18, 25], [2, 7, 8, 11, 16, 26, 28, 29], [2, 3, 5, 6, 19, 27, 28, 30], [1, 3, 4, 5, 14, 23, 27, 28], [0, 1, 9, 16, 18, 25, 26, 29], [1, 2, 3, 5, 6, 10, 11, 13], [0, 3, 4, 13, 15, 16, 17, 31], [0, 4, 5, 7, 8, 12, 24, 27], [6, 8, 9, 11, 12, 18, 25, 28], [1, 4, 8, 14, 15, 17, 23, 27], [2, 4, 8, 12, 13, 18, 24, 27], [5, 6, 10, 11, 12, 16, 23, 24], [3, 8, 10, 11, 18, 19, 26, 31], [1, 2, 3, 5, 6, 8, 14, 23]]",8,0.3918592929840088,128,learned,0.0,7040,4.0,124,0.4246784746646881,23,48 24 0 32,1753,0.7793651223182678,test,top_r_mean,1.0,0.5,0.75,1.0
0.07301768397033656,0.0,55,0.0,31,34.92879983969033,hotpotqa,0.8366013071895425,0.0,0.0,0.0,5ae6143f5542996de7b71b2d,mean,0.6323232323232323,0.013666477985680103,"[[0, 1, 6, 9, 11, 12, 16, 27], [0, 1, 3, 4, 7, 21, 22, 23], [0, 3, 4, 6, 11, 14, 19, 23], [1, 2, 6, 7, 10, 13, 16, 27], [1, 2, 3, 4, 12, 14, 28, 29], [0, 12, 13, 17, 19, 21, 24, 28], [0, 1, 2, 3, 4, 5, 8, 9], [5, 18, 19, 21, 24, 25, 26, 31], [0, 1, 2, 5, 7, 14, 15, 22], [0, 4, 5, 6, 17, 20, 28, 29], [5, 11, 22, 23, 24, 29, 30, 31], [0, 6, 7, 10, 14, 15, 23, 30], [0, 2, 3, 10, 11, 13, 18, 19], [3, 4, 9, 16, 26, 28, 29, 31], [0, 1, 2, 9, 10, 13, 22, 30], [1, 2, 3, 6, 7, 13, 20, 27], [0, 1, 5, 7, 12, 13, 16, 18], [0, 1, 3, 4, 10, 11, 12, 24], [0, 2, 3, 7, 11, 18, 23, 30], [4, 5, 10, 15, 20, 24, 28, 31], [0, 2, 7, 8, 14, 18, 25, 28], [3, 4, 5, 6, 9, 12, 18, 20], [1, 2, 3, 4, 7, 12, 13, 19], [0, 3, 5, 6, 10, 21, 27, 28], [0, 1, 6, 9, 10, 11, 20, 31], [6, 8, 9, 15, 17, 18, 28, 29], [0, 2, 7, 9, 16, 22, 24, 28], [1, 3, 5, 12, 14, 15, 18, 19], [3, 4, 15, 16, 19, 20, 22, 25], [0, 1, 4, 5, 6, 14, 24, 27], [2, 3, 4, 18, 28, 29, 30, 31], [0, 1, 3, 4, 5, 6, 9, 17], [0, 1, 7, 8, 10, 11, 25, 27], [0, 1, 3, 4, 14, 17, 22, 27], [0, 1, 2, 3, 12, 17, 18, 20], [2, 3, 6, 8, 9, 10, 12, 13], [10, 11, 12, 13, 17, 18, 19, 22], [0, 1, 3, 4, 15, 21, 23, 27], [0, 3, 4, 7, 9, 10, 12, 13], [3, 4, 6, 7, 8, 14, 16, 17], [0, 1, 5, 6, 19, 24, 28, 29], [1, 3, 7, 10, 16, 18, 24, 25], [2, 7, 8, 11, 16, 26, 28, 29], [2, 3, 5, 6, 16, 19, 27, 28], [1, 3, 4, 5, 8, 14, 23, 28], [0, 1, 4, 9, 16, 25, 26, 29], [1, 2, 3, 5, 6, 10, 11, 22], [0, 1, 3, 4, 13, 16, 17, 31], [0, 1, 4, 5, 7, 10, 12, 24], [6, 8, 9, 11, 12, 18, 25, 28], [1, 4, 8, 14, 15, 16, 17, 27], [2, 4, 8, 13, 18, 22, 24, 27], [5, 6, 10, 11, 12, 16, 23, 24], [3, 8, 10, 11, 18, 19, 26, 31], [1, 2, 3, 5, 6, 8, 14, 23]]",8,0.36849457025527954,128,learned,0.0,7040,4.0,124,0.4030052721500397,37,48 24 0 32,1753,0.7816018462181091,test,top_r_mean,1.0,0.5,0.75,1.0
0.07301768397033656,1.0,55,0.0,31,34.74360005930066,hotpotqa,0.8366013071895425,0.25,0.2,0.0,5ae6143f5542996de7b71b2d,mean,0.6646464646464646,0.0120659489184618,"[[0, 1, 6, 9, 11, 12, 16, 27], [0, 1, 3, 4, 7, 21, 22, 23], [0, 3, 4, 6, 11, 14, 19, 23], [1, 2, 6, 7, 10, 13, 16, 27], [2, 3, 4, 11, 12, 14, 15, 29], [0, 12, 13, 17, 19, 21, 24, 28], [0, 1, 2, 3, 4, 5, 8, 9], [5, 18, 19, 21, 24, 25, 26, 31], [0, 1, 2, 5, 7, 9, 15, 22], [0, 4, 5, 6, 17, 20, 28, 29], [5, 11, 22, 23, 24, 29, 30, 31], [0, 6, 7, 10, 14, 15, 23, 30], [0, 2, 3, 11, 13, 18, 19, 29], [3, 4, 9, 16, 26, 28, 29, 31], [0, 1, 2, 9, 10, 13, 22, 30], [1, 2, 3, 6, 7, 13, 20, 27], [0, 1, 5, 7, 12, 13, 16, 18], [0, 1, 3, 4, 10, 11, 12, 21], [0, 2, 3, 6, 7, 10, 29, 30], [4, 5, 10, 15, 20, 24, 28, 31], [0, 2, 8, 14, 18, 20, 25, 28], [4, 5, 6, 9, 12, 18, 20, 22], [1, 2, 3, 4, 7, 12, 13, 19], [0, 3, 5, 6, 10, 21, 27, 28], [0, 1, 4, 6, 9, 10, 11, 31], [6, 8, 9, 15, 17, 18, 28, 29], [0, 2, 7, 9, 15, 16, 22, 28], [1, 3, 5, 12, 14, 15, 18, 19], [3, 4, 15, 16, 19, 20, 22, 25], [0, 1, 4, 5, 6, 14, 24, 27], [2, 3, 4, 18, 25, 28, 30, 31], [0, 1, 3, 4, 5, 6, 7, 17], [0, 1, 2, 8, 10, 11, 25, 27], [0, 1, 3, 4, 14, 17, 22, 24], [1, 2, 3, 7, 12, 18, 20, 21], [2, 3, 8, 9, 10, 12, 13, 29], [10, 11, 12, 13, 17, 18, 19, 22], [0, 1, 3, 4, 15, 22, 23, 27], [0, 3, 4, 7, 9, 10, 12, 13], [3, 4, 6, 7, 8, 14, 16, 17], [0, 1, 6, 19, 24, 28, 29, 31], [1, 3, 7, 10, 16, 18, 24, 25], [2, 7, 8, 11, 16, 26, 28, 29], [2, 3, 5, 6, 16, 19, 27, 28], [1, 3, 4, 5, 7, 14, 23, 28], [0, 1, 9, 13, 16, 25, 26, 29], [2, 3, 5, 6, 10, 11, 22, 26], [0, 1, 3, 4, 5, 16, 17, 31], [0, 1, 4, 5, 7, 8, 12, 24], [6, 8, 9, 11, 12, 18, 25, 28], [1, 4, 8, 14, 15, 17, 23, 27], [2, 4, 8, 12, 18, 22, 24, 27], [5, 6, 10, 11, 12, 16, 23, 24], [3, 8, 10, 11, 18, 19, 26, 31], [1, 2, 3, 5, 8, 14, 17, 23]]",8,0.36910778284072876,128,learned,0.25,7040,4.0,124,0.39880213141441345,53,48 24 0 8,1753,0.8178932666778564,test,top_r_mean,1.0,0.5,1.0,1.0
0.07301768397033656,1.0,55,0.0,31,45.97450001165271,hotpotqa,0.8366013071895425,0.25,0.2,0.0,5ae6143f5542996de7b71b2d,mean,0.6713804713804714,0.011885220184922218,"[[0, 1, 6, 9, 11, 12, 16, 27], [0, 1, 3, 4, 7, 21, 22, 23], [3, 4, 6, 11, 14, 19, 23, 30], [1, 2, 6, 7, 10, 16, 23, 27], [2, 3, 4, 11, 12, 14, 15, 29], [0, 12, 13, 19, 21, 23, 24, 28], [0, 2, 3, 4, 5, 8, 9, 20], [5, 18, 19, 21, 24, 25, 26, 28], [0, 1, 2, 5, 7, 9, 15, 22], [0, 4, 5, 6, 17, 20, 28, 29], [5, 11, 22, 23, 24, 29, 30, 31], [0, 6, 7, 10, 14, 23, 30, 31], [0, 2, 3, 11, 13, 18, 19, 29], [3, 4, 9, 20, 26, 28, 29, 31], [0, 1, 2, 9, 10, 13, 23, 30], [1, 2, 3, 6, 7, 13, 20, 27], [0, 1, 5, 7, 12, 13, 16, 18], [0, 1, 3, 4, 10, 11, 12, 24], [0, 3, 7, 11, 14, 18, 23, 30], [4, 5, 11, 15, 20, 24, 28, 31], [0, 8, 14, 18, 20, 25, 27, 28], [4, 5, 6, 9, 12, 18, 20, 22], [1, 2, 3, 4, 7, 12, 13, 19], [0, 3, 5, 6, 10, 21, 27, 28], [0, 1, 6, 9, 10, 11, 20, 31], [6, 8, 9, 15, 17, 18, 28, 29], [0, 2, 7, 9, 16, 22, 24, 28], [2, 3, 5, 12, 14, 15, 18, 19], [3, 4, 15, 16, 19, 20, 22, 25], [0, 1, 4, 5, 6, 24, 27, 28], [2, 3, 4, 18, 28, 29, 30, 31], [0, 1, 4, 5, 6, 17, 20, 26], [0, 1, 8, 10, 11, 25, 26, 27], [0, 1, 3, 4, 14, 17, 22, 27], [1, 2, 3, 12, 17, 18, 20, 27], [2, 3, 8, 9, 10, 12, 13, 29], [10, 11, 12, 13, 17, 18, 19, 22], [0, 1, 3, 4, 15, 21, 23, 27], [0, 3, 4, 7, 9, 10, 12, 13], [3, 4, 6, 7, 8, 14, 16, 17], [0, 1, 19, 24, 25, 28, 29, 31], [1, 3, 7, 10, 16, 18, 24, 25], [2, 7, 8, 16, 26, 27, 28, 29], [2, 3, 5, 6, 19, 22, 28, 30], [1, 3, 4, 5, 14, 20, 23, 28], [0, 1, 9, 15, 16, 25, 26, 29], [1, 2, 3, 5, 6, 10, 11, 22], [0, 1, 3, 4, 15, 16, 17, 31], [0, 4, 5, 7, 10, 12, 24, 27], [6, 8, 9, 11, 12, 18, 25, 28], [1, 4, 14, 15, 17, 23, 24, 27], [2, 4, 8, 13, 18, 22, 24, 27], [5, 6, 10, 11, 12, 16, 23, 24], [3, 8, 10, 11, 18, 19, 26, 31], [1, 2, 3, 4, 5, 8, 14, 23]]",8,0.36314934492111206,128,learned,0.25,7040,4.0,124,0.39505535364151,71,48 24 0 8,1753,0.8114719986915588,test,top_r_mean,1.0,0.5,1.0,1.0
0.13928182807399347,0.0,29,0.0,31,18.900100141763687,hotpotqa,1.0,0.0,0.0,0.0,5a7e513a5542994959419996,mean,0.3103448275862069,1.039269208908081,"[[0], [1], [1], [0], [1], [4], [5], [1], [0], [0], [0], [0], [0], [1], [1], [3], [0], [2], [1], [0], [0], [1], [1], [2], [0], [1], [0], [2], [1]]",1,1.165786862373352,128,learned,0.0,464,4.0,124,1.2669090032577515,11,8 16 0 24,919,0.4290640354156494,test,top_r_mean,0.0,1.0,1.0,0.625
0.13928182807399347,0.0,29,0.0,31,25.25049983523786,hotpotqa,1.0,0.0,0.0,0.0,5a7e513a5542994959419996,mean,0.37438423645320196,1.0527946949005127,"[[0], [1], [1], [0], [1], [4], [5], [0], [0], [0], [0], [0], [0], [1], [1], [3], [0], [2], [1], [0], [0], [1], [1], [3], [0], [1], [0], [2], [1]]",1,1.1911981105804443,128,learned,0.0,464,4.0,124,1.2809855937957764,23,8 16 0 24,919,0.5216748714447021,test,top_r_mean,0.0,1.0,1.0,0.75
0.13928182807399347,0.0,29,0.0,31,21.836700150743127,hotpotqa,1.0,0.0,0.0,0.0,5a7e513a5542994959419996,mean,0.3645320197044335,1.0620659589767456,"[[0], [0], [1], [0], [1], [4], [5], [0], [0], [0], [0], [0], [0], [1], [1], [3], [0], [2], [1], [0], [0], [1], [1], [2], [0], [1], [0], [2], [1]]",1,1.2044795751571655,128,learned,0.0,464,4.0,124,1.2889585494995117,37,8 16 0 24,919,0.5068965554237366,test,top_r_mean,0.0,1.0,1.0,0.75
0.13928182807399347,0.0,29,0.0,31,21.54850005172193,hotpotqa,1.0,0.0,0.0,0.0,5a7e513a5542994959419996,mean,0.3645320197044335,1.0620659589767456,"[[0], [0], [1], [0], [1], [4], [5], [0], [0], [0], [0], [0], [0], [1], [1], [3], [0], [2], [1], [0], [0], [1], [1], [2], [0], [1], [0], [2], [1]]",1,1.2044795751571655,128,learned,0.0,464,4.0,124,1.2889585494995117,53,8 16 0 24,919,0.5068965554237366,test,top_r_mean,0.0,1.0,1.0,0.75
0.13928182807399347,0.0,29,0.0,31,19.387699896469712,hotpotqa,1.0,0.0,0.0,0.0,5a7e513a5542994959419996,mean,0.39408866995073893,1.013928771018982,"[[0], [1], [1], [0], [1], [4], [9], [0], [0], [0], [0], [0], [0], [1], [1], [4], [0], [2], [1], [0], [0], [1], [1], [2], [0], [1], [0], [2], [1]]",1,1.1335320472717285,128,learned,0.0,464,4.0,124,1.249463438987732,71,8 16 0 24,919,0.5487684607505798,test,top_r_mean,0.0,1.0,1.0,0.625
0.13928182807399347,0.0,29,0.0,31,21.607100032269955,hotpotqa,1.0,0.0,0.0,0.0,5a7e513a5542994959419996,mean,0.3399014778325123,0.12640677392482758,"[[0, 1], [1, 3], [1, 4], [0, 2], [1, 2], [4, 7], [5, 9], [1, 4], [0, 1], [0, 2], [0, 6], [0, 1], [0, 1], [1, 2], [1, 2], [3, 4], [0, 1], [2, 4], [1, 3], [0, 5], [0, 2], [1, 2], [1, 2], [2, 3], [0, 1], [1, 2], [0, 1], [2, 8], [1, 2]]",2,0.8388730883598328,128,learned,0.0,928,4.0,124,0.9140123724937439,11,8 24 16 0,919,0.4635467827320099,test,top_r_mean,0.0,0.5,1.0,0.625
0.13928182807399347,0.0,29,0.0,31,19.54669994302094,hotpotqa,1.0,0.0,0.0,0.0,5a7e513a5542994959419996,mean,0.35960591133004927,0.17669422924518585,"[[0, 5], [1, 3], [1, 2], [0, 2], [1, 2], [4, 7], [5, 9], [0, 1], [0, 1], [0, 2], [0, 6], [0, 2], [0, 1], [1, 2], [1, 2], [3, 4], [0, 7], [2, 4], [1, 3], [0, 5], [0, 2], [1, 2], [1, 2], [3, 5], [0, 1], [1, 2], [0, 1], [2, 8], [1, 3]]",2,0.8618584871292114,128,learned,0.0,928,4.0,124,0.9521605372428894,23,8 16 24 0,919,0.5034482479095459,test,top_r_mean,0.0,1.0,1.0,0.625
0.13928182807399347,0.0,29,0.0,31,20.305100129917264,hotpotqa,1.0,0.0,0.0,0.0,5a7e513a5542994959419996,mean,0.35960591133004927,0.18508043885231018,"[[0, 5], [0, 1], [1, 2], [0, 1], [1, 2], [4, 6], [5, 9], [0, 1], [0, 1], [0, 2], [0, 6], [0, 2], [0, 1], [1, 2], [1, 2], [3, 4], [0, 7], [2, 4], [1, 3], [0, 5], [0, 2], [1, 2], [1, 2], [2, 3], [0, 1], [1, 2], [0, 1], [2, 8], [1, 3]]",2,0.8757191896438599,128,learned,0.0,928,4.0,124,0.9740253686904907,37,8 16 24 0,919,0.4724138081073761,test,top_r_mean,0.0,1.0,1.0,0.625
0.13928182807399347,0.0,29,0.0,31,21.085700020194054,hotpotqa,1.0,0.0,0.0,0.0,5a7e513a5542994959419996,mean,0.3842364532019704,0.14876681566238403,"[[0, 1], [0, 1], [1, 2], [0, 1], [1, 2], [4, 6], [5, 9], [0, 1], [0, 1], [0, 2], [0, 6], [0, 2], [0, 1], [1, 2], [1, 2], [3, 4], [0, 1], [2, 4], [1, 3], [0, 5], [0, 2], [1, 2], [1, 2], [2, 3], [0, 1], [1, 2], [0, 1], [2, 8], [1, 2]]",2,0.90342777967453,128,learned,0.0,928,4.0,124,0.9942957162857056,53,8 24 16 0,919,0.501477837562561,test,top_r_mean,0.0,0.5,1.0,0.625
0.13928182807399347,0.0,29,0.0,31,18.558199983090162,hotpotqa,1.0,0.0,0.0,0.0,5a7e513a5542994959419996,mean,0.39408866995073893,0.17605067789554596,"[[0, 5], [1, 3], [1, 4], [0, 2], [1, 2], [4, 7], [9, 12], [0, 1], [0, 1], [0, 2], [0, 6], [0, 3], [0, 1], [1, 2], [1, 2], [4, 5], [0, 7], [2, 4], [1, 3], [0, 5], [0, 2], [1, 2], [1, 2], [2, 3], [0, 1], [1, 2], [0, 1], [2, 8], [1, 2]]",2,0.8664909601211548,128,learned,0.0,928,4.0,124,0.9550526142120361,71,8 16 24 0,919,0.517241358757019,test,top_r_mean,0.0,1.0,1.0,0.625
0.13928182807399347,0.0,29,0.0,31,19.367400091141462,hotpotqa,1.0,0.0,0.0,0.0,5a7e513a5542994959419996,mean,0.3842364532019704,0.019250720739364624,"[[0, 1, 5, 6], [1, 3, 16, 19], [1, 4, 10, 18], [0, 2, 3, 4], [1, 2, 3, 4], [4, 7, 8, 14], [5, 9, 12, 13], [1, 4, 5, 7], [0, 1, 2, 6], [0, 2, 4, 17], [0, 6, 8, 9], [0, 1, 4, 6], [0, 1, 3, 4], [1, 2, 4, 11], [1, 2, 4, 9], [3, 4, 5, 6], [0, 1, 7, 8], [2, 4, 5, 6], [1, 3, 8, 9], [0, 5, 9, 10], [0, 2, 4, 5], [1, 2, 3, 4], [1, 2, 3, 5], [2, 3, 5, 7], [0, 1, 3, 4], [1, 2, 3, 12], [0, 1, 3, 4], [2, 8, 21, 23], [1, 2, 3, 7]]",4,0.9258828163146973,128,learned,0.0,1856,4.0,124,0.9486911296844482,11,8 24 16 0,919,0.5034482479095459,test,top_r_mean,0.0,0.5,1.0,0.75
0.13928182807399347,0.0,29,0.0,31,21.08910004608333,hotpotqa,1.0,0.0,0.0,0.0,5a7e513a5542994959419996,mean,0.39901477832512317,0.01993059366941452,"[[0, 5, 6, 11], [1, 3, 16, 22], [1, 2, 4, 10], [0, 2, 3, 4], [1, 2, 3, 4], [4, 7, 8, 14], [5, 9, 12, 13], [0, 1, 4, 5], [0, 1, 2, 6], [0, 2, 4, 17], [0, 6, 8, 9], [0, 2, 4, 6], [0, 1, 3, 4], [1, 2, 4, 11], [1, 2, 4, 9], [3, 4, 5, 6], [0, 7, 8, 9], [2, 4, 5, 6], [1, 3, 8, 9], [0, 5, 9, 10], [0, 2, 4, 5], [1, 2, 3, 4], [1, 2, 3, 5], [3, 5, 7, 8], [0, 1, 3, 4], [1, 2, 3, 12], [0, 1, 3, 6], [2, 8, 21, 23], [1, 3, 7, 12]]",4,0.9178891181945801,128,learned,0.0,1856,4.0,124,0.9424798488616943,23,8 24 16 0,919,0.5330049395561218,test,top_r_mean,0.0,0.5,1.0,0.75
0.13928182807399347,0.0,29,0.0,31,22.931700106710196,hotpotqa,1.0,0.0,0.0,0.0,5a7e513a5542994959419996,mean,0.39408866995073893,0.024067310616374016,"[[0, 5, 6, 11], [0, 1, 3, 16], [1, 2, 4, 10], [0, 1, 2, 3], [1, 2, 3, 4], [4, 6, 7, 8], [5, 9, 12, 13], [0, 1, 4, 5], [0, 1, 2, 6], [0, 2, 4, 17], [0, 6, 8, 9], [0, 2, 3, 4], [0, 1, 3, 4], [1, 2, 4, 11], [1, 2, 4, 9], [3, 4, 5, 6], [0, 7, 9, 12], [2, 4, 5, 6], [1, 3, 8, 9], [0, 5, 9, 10], [0, 2, 4, 5], [1, 2, 3, 4], [1, 2, 3, 5], [2, 3, 5, 7], [0, 1, 3, 4], [1, 2, 3, 4], [0, 1, 3, 4], [2, 8, 9, 23], [1, 3, 7, 12]]",4,0.9284323453903198,128,learned,0.0,1856,4.0,124,0.9576302766799927,37,8 16 24 0,919,0.515763521194458,test,top_r_mean,0.0,1.0,1.0,0.75
0.13928182807399347,0.0,29,0.0,31,18.96129990927875,hotpotqa,1.0,0.0,0.0,0.0,5a7e513a5542994959419996,mean,0.39408866995073893,0.023590367287397385,"[[0, 1, 5, 6], [0, 1, 3, 16], [1, 2, 4, 7], [0, 1, 2, 3], [1, 2, 3, 4], [4, 6, 7, 8], [5, 9, 12, 13], [0, 1, 4, 5], [0, 1, 2, 6], [0, 2, 4, 17], [0, 6, 8, 9], [0, 2, 3, 4], [0, 1, 3, 4], [1, 2, 4, 11], [1, 2, 4, 9], [3, 4, 5, 6], [0, 1, 7, 9], [2, 4, 5, 6], [1, 3, 8, 9], [0, 5, 9, 10], [0, 2, 4, 5], [1, 2, 3, 4], [1, 2, 3, 5], [2, 3, 5, 7], [0, 1, 3, 4], [1, 2, 3, 12], [0, 1, 3, 4], [2, 8, 9, 23], [1, 2, 3, 12]]",4,0.9516758322715759,128,learned,0.0,1856,4.0,124,0.9798879027366638,53,8 24 16 0,919,0.5206896662712097,test,top_r_mean,0.0,0.5,1.0,0.75
0.13928182807399347,0.0,29,0.0,31,22.206899942830205,hotpotqa,1.0,0.0,0.0,0.0,5a7e513a5542994959419996,mean,0.39901477832512317,0.020709849894046783,"[[0, 5, 6, 11], [1, 3, 16, 22], [1, 4, 10, 18], [0, 2, 3, 4], [1, 2, 3, 4], [4, 7, 8, 14], [9, 12, 13, 16], [0, 1, 4, 5], [0, 1, 2, 6], [0, 2, 4, 17], [0, 6, 8, 9], [0, 3, 4, 6], [0, 1, 3, 4], [1, 2, 4, 5], [1, 2, 4, 9], [4, 5, 6, 9], [0, 7, 8, 9], [2, 4, 5, 6], [1, 3, 8, 9], [0, 5, 9, 10], [0, 2, 4, 5], [1, 2, 3, 4], [1, 2, 3, 5], [2, 3, 5, 7], [0, 1, 3, 4], [1, 2, 3, 12], [0, 1, 3, 4], [2, 8, 21, 23], [1, 2, 3, 12]]",4,0.9197655916213989,128,learned,0.0,1856,4.0,124,0.9457770586013794,71,8 24 16 0,919,0.5246304869651794,test,top_r_mean,0.0,0.5,1.0,0.75
0.13928182807399347,0.0,29,0.0,31,20.982899935916066,hotpotqa,1.0,0.0,0.0,0.0,5a7e513a5542994959419996,mean,0.46798029556650245,0.00873482320457697,"[[0, 1, 5, 6, 11, 25, 26, 28], [1, 3, 16, 19, 22, 24, 26, 28], [1, 4, 10, 18, 19, 21, 22, 26], [0, 2, 3, 4, 5, 6, 9, 17], [1, 2, 3, 4, 7, 9, 20, 21], [4, 7, 8, 14, 17, 20, 21, 31], [5, 9, 12, 13, 16, 19, 25, 28], [1, 4, 5, 7, 9, 19, 20, 29], [0, 1, 2, 6, 10, 11, 21, 22], [0, 2, 4, 17, 19, 20, 22, 29], [0, 6, 8, 9, 10, 13, 19, 25], [0, 1, 4, 6, 19, 20, 23, 26], [0, 1, 3, 4, 5, 20, 26, 30], [1, 2, 4, 11, 13, 14, 21, 27], [1, 2, 4, 9, 10, 19, 21, 27], [3, 4, 5, 6, 9, 21, 24, 31], [0, 1, 7, 8, 9, 25, 26, 28], [2, 4, 5, 6, 8, 14, 15, 30], [1, 3, 8, 9, 16, 17, 26, 27], [0, 5, 9, 10, 12, 17, 18, 31], [0, 2, 4, 5, 7, 8, 11, 20], [1, 2, 3, 4, 7, 16, 25, 30], [1, 2, 3, 5, 6, 12, 14, 30], [2, 3, 5, 7, 8, 9, 11, 30], [0, 1, 3, 4, 6, 12, 13, 15], [1, 2, 3, 12, 16, 17, 22, 28], [0, 1, 3, 4, 6, 10, 13, 15], [2, 8, 21, 23, 24, 25, 28, 29], [1, 2, 3, 7, 14, 17, 19, 20]]",8,0.40622979402542114,128,learned,0.0,3712,4.0,124,0.4288563132286072,11,8 24 16 0,919,0.6088669896125793,test,top_r_mean,0.0,0.5,1.0,0.75
0.13928182807399347,0.0,29,0.0,31,20.7119002006948,hotpotqa,1.0,0.0,0.0,0.0,5a7e513a5542994959419996,mean,0.47783251231527096,0.011327761225402355,"[[0, 5, 6, 11, 25, 26, 28, 31], [1, 3, 16, 22, 24, 25, 26, 28], [1, 2, 4, 10, 18, 19, 21, 25], [0, 2, 3, 4, 5, 6, 9, 23], [1, 2, 3, 4, 7, 9, 20, 21], [4, 7, 8, 14, 17, 20, 21, 31], [5, 9, 12, 13, 16, 18, 19, 25], [0, 1, 4, 5, 7, 9, 19, 29], [0, 1, 2, 6, 10, 11, 22, 30], [0, 2, 4, 17, 19, 20, 22, 29], [0, 6, 8, 9, 10, 13, 18, 19], [0, 2, 4, 6, 19, 20, 23, 27], [0, 1, 3, 4, 5, 20, 26, 30], [1, 2, 4, 11, 13, 14, 21, 27], [1, 2, 4, 9, 10, 19, 21, 27], [3, 4, 5, 6, 9, 15, 21, 31], [0, 7, 8, 9, 12, 25, 26, 28], [2, 4, 5, 6, 8, 14, 15, 30], [1, 3, 8, 9, 16, 17, 26, 27], [0, 5, 9, 10, 12, 16, 17, 31], [0, 2, 4, 5, 7, 8, 11, 20], [1, 2, 3, 4, 7, 16, 25, 30], [1, 2, 3, 5, 6, 12, 14, 30], [3, 5, 7, 8, 9, 10, 11, 30], [0, 1, 3, 4, 6, 12, 13, 15], [1, 2, 3, 12, 16, 17, 18, 30], [0, 1, 3, 6, 10, 13, 20, 26], [2, 8, 21, 23, 24, 25, 28, 29], [1, 3, 7, 12, 14, 17, 19, 20]]",8,0.41729736328125,128,learned,0.0,3712,4.0,124,0.4424828588962555,23,8 16 0 24,919,0.6147783398628235,test,top_r_mean,0.0,1.0,1.0,0.75
0.13928182807399347,0.0,29,0.0,31,23.84050004184246,hotpotqa,1.0,0.0,0.0,0.0,5a7e513a5542994959419996,mean,0.5073891625615764,0.008653352037072182,"[[0, 5, 6, 11, 25, 26, 28, 29], [0, 1, 3, 16, 22, 24, 26, 28], [1, 2, 4, 10, 18, 19, 21, 26], [0, 1, 2, 3, 4, 5, 6, 9], [1, 2, 3, 4, 7, 9, 20, 21], [4, 6, 7, 8, 14, 17, 21, 31], [5, 9, 12, 13, 16, 19, 25, 28], [0, 1, 4, 5, 6, 7, 9, 29], [0, 1, 2, 6, 10, 11, 21, 22], [0, 2, 4, 17, 19, 22, 29, 30], [0, 6, 8, 9, 10, 13, 18, 19], [0, 2, 3, 4, 6, 19, 20, 23], [0, 1, 3, 4, 5, 20, 26, 30], [1, 2, 4, 11, 13, 14, 21, 27], [1, 2, 4, 9, 10, 19, 21, 27], [3, 4, 5, 6, 9, 15, 21, 31], [0, 7, 9, 12, 25, 26, 27, 28], [2, 4, 5, 6, 8, 14, 15, 30], [1, 3, 8, 9, 16, 17, 26, 27], [0, 5, 9, 10, 12, 16, 17, 31], [0, 2, 4, 5, 7, 8, 11, 20], [1, 2, 3, 4, 7, 16, 25, 30], [1, 2, 3, 5, 6, 12, 14, 30], [2, 3, 5, 7, 8, 9, 11, 30], [0, 1, 3, 4, 6, 12, 13, 15], [1, 2, 3, 4, 12, 16, 17, 28], [0, 1, 3, 4, 6, 10, 13, 15], [2, 8, 9, 23, 24, 25, 28, 29], [1, 3, 7, 12, 14, 17, 19, 20]]",8,0.39468899369239807,128,learned,0.0,3712,4.0,124,0.4179700016975403,37,8 16 0 24,919,0.6428571343421936,test,top_r_mean,0.0,1.0,1.0,0.75
0.13928182807399347,0.0,29,0.0,31,18.38840008713305,hotpotqa,1.0,0.0,0.0,0.0,5a7e513a5542994959419996,mean,0.4975369458128079,0.008385110646486282,"[[0, 1, 5, 6, 11, 25, 26, 28], [0, 1, 3, 16, 22, 24, 26, 28], [1, 2, 4, 7, 18, 19, 21, 26], [0, 1, 2, 3, 4, 5, 6, 9], [1, 2, 3, 4, 7, 9, 20, 21], [4, 6, 7, 8, 14, 17, 21, 31], [5, 9, 12, 13, 16, 19, 25, 28], [0, 1, 4, 5, 6, 7, 9, 29], [0, 1, 2, 6, 10, 11, 21, 22], [0, 2, 4, 17, 19, 20, 22, 29], [0, 6, 8, 9, 10, 13, 19, 31], [0, 2, 3, 4, 6, 19, 20, 23], [0, 1, 3, 4, 5, 20, 26, 30], [1, 2, 4, 11, 13, 14, 21, 27], [1, 2, 4, 9, 10, 19, 21, 27], [3, 4, 5, 6, 9, 21, 24, 31], [0, 1, 7, 9, 12, 25, 26, 28], [2, 4, 5, 6, 8, 14, 15, 30], [1, 3, 8, 9, 16, 17, 26, 27], [0, 5, 9, 10, 12, 16, 17, 31], [0, 2, 4, 5, 7, 8, 11, 20], [1, 2, 3, 4, 7, 16, 25, 30], [1, 2, 3, 5, 6, 12, 14, 30], [2, 3, 5, 7, 8, 9, 11, 30], [0, 1, 3, 4, 6, 12, 13, 15], [1, 2, 3, 12, 16, 17, 22, 28], [0, 1, 3, 4, 6, 10, 13, 20], [2, 8, 9, 23, 24, 25, 28, 29], [1, 2, 3, 12, 14, 17, 19, 20]]",8,0.40633371472358704,128,learned,0.0,3712,4.0,124,0.42820796370506287,53,8 16 24 0,919,0.6310344934463501,test,top_r_mean,0.0,1.0,1.0,0.75
0.13928182807399347,0.0,29,0.0,31,19.79859988205135,hotpotqa,1.0,0.0,0.0,0.0,5a7e513a5542994959419996,mean,0.4433497536945813,0.009607242420315742,"[[0, 5, 6, 11, 26, 28, 29, 31], [1, 3, 16, 22, 24, 25, 26, 28], [1, 4, 10, 18, 19, 21, 22, 26], [0, 2, 3, 4, 5, 6, 9, 17], [1, 2, 3, 4, 7, 9, 20, 21], [4, 7, 8, 14, 17, 20, 21, 31], [9, 12, 13, 16, 18, 19, 25, 28], [0, 1, 4, 5, 6, 7, 9, 19], [0, 1, 2, 6, 10, 11, 21, 22], [0, 2, 4, 17, 19, 20, 22, 29], [0, 6, 8, 9, 10, 13, 18, 31], [0, 3, 4, 6, 19, 20, 23, 26], [0, 1, 3, 4, 5, 20, 26, 30], [1, 2, 4, 5, 11, 13, 14, 21], [1, 2, 4, 9, 10, 19, 21, 27], [4, 5, 6, 9, 15, 21, 24, 31], [0, 7, 8, 9, 25, 26, 27, 28], [2, 4, 5, 6, 8, 14, 15, 30], [1, 3, 8, 9, 16, 17, 26, 27], [0, 5, 9, 10, 12, 16, 17, 31], [0, 2, 4, 5, 7, 8, 11, 20], [1, 2, 3, 4, 7, 16, 25, 30], [1, 2, 3, 5, 6, 12, 14, 30], [2, 3, 5, 7, 8, 9, 11, 30], [0, 1, 3, 4, 6, 12, 13, 15], [1, 2, 3, 12, 16, 17, 22, 28], [0, 1, 3, 4, 6, 10, 13, 26], [2, 8, 21, 23, 24, 25, 28, 29], [1, 2, 3, 12, 14, 17, 19, 20]]",8,0.4015898108482361,128,learned,0.0,3712,4.0,124,0.42535921931266785,71,8 0 24 16,919,0.5985221266746521,test,top_r_mean,0.0,0.5,1.0,0.75
0.08689748811948404,0.0,47,0.0,31,30.251200078055263,hotpotqa,1.0,0.0,0.0,0.0,5a80d6be55429938b6142206,mean,0.25624421831637373,1.081162929534912,"[[0], [2], [1], [0], [0], [1], [0], [1], [0], [1], [2], [2], [5], [1], [2], [2], [0], [4], [4], [0], [0], [3], [1], [1], [0], [0], [2], [1], [0], [1], [3], [1], [0], [0], [6], [1], [1], [1], [2], [1], [0], [5], [5], [0], [7], [1], [0]]",1,1.1722338199615479,128,learned,0.0,752,4.0,124,1.319164752960205,11,0 40 8 24,1473,0.36829322576522827,test,top_r_mean,0.0,0.5,0.75,0.75
0.08689748811948404,0.0,47,0.0,31,29.52959993854165,hotpotqa,1.0,0.0,0.0,0.0,5a80d6be55429938b6142206,mean,0.27474560592044406,1.1374540328979492,"[[0], [2], [1], [0], [0], [0], [0], [0], [0], [1], [2], [2], [3], [1], [2], [2], [0], [4], [4], [0], [0], [3], [1], [2], [0], [0], [2], [1], [0], [1], [0], [0], [0], [0], [1], [1], [1], [1], [2], [1], [0], [5], [5], [0], [7], [1], [0]]",1,1.2570812702178955,128,learned,0.0,752,4.0,124,1.4012337923049927,23,0 40 8 24,1473,0.39697036147117615,test,top_r_mean,0.0,0.5,0.75,0.75
0.08689748811948404,0.0,47,0.0,31,27.16840011999011,hotpotqa,1.0,0.0,0.0,0.0,5a80d6be55429938b6142206,mean,0.2839962997224792,1.1533770561218262,"[[0], [2], [1], [0], [0], [0], [0], [1], [0], [1], [1], [2], [3], [1], [2], [2], [0], [4], [4], [0], [0], [3], [1], [0], [0], [0], [2], [1], [0], [1], [0], [0], [0], [0], [1], [1], [1], [1], [2], [1], [0], [2], [5], [0], [7], [1], [0]]",1,1.2776697874069214,128,learned,0.0,752,4.0,124,1.4241398572921753,37,0 40 8 24,1473,0.40645232796669006,test,top_r_mean,0.0,0.5,0.75,0.75
0.08689748811948404,0.0,47,0.0,31,34.55219999887049,hotpotqa,1.0,0.0,0.0,0.0,5a80d6be55429938b6142206,mean,0.27104532839962997,1.149038314819336,"[[0], [2], [1], [0], [0], [0], [0], [1], [0], [1], [1], [2], [3], [1], [2], [2], [0], [4], [4], [0], [0], [3], [1], [1], [0], [0], [2], [1], [0], [1], [0], [0], [0], [0], [1], [1], [1], [1], [2], [1], [0], [2], [5], [0], [7], [1], [0]]",1,1.2705976963043213,128,learned,0.0,752,4.0,124,1.4181482791900635,53,0 40 8 24,1473,0.3940795660018921,test,top_r_mean,0.0,0.5,0.75,0.75
0.08689748811948404,0.0,47,0.0,31,28.823700034990907,hotpotqa,1.0,0.0,0.0,0.0,5a80d6be55429938b6142206,mean,0.2802960222016651,1.1052390336990356,"[[0], [2], [1], [0], [0], [8], [0], [1], [0], [1], [1], [2], [3], [1], [2], [2], [0], [4], [4], [0], [0], [3], [1], [2], [0], [0], [2], [1], [0], [1], [3], [0], [0], [0], [1], [1], [1], [1], [2], [1], [0], [5], [5], [0], [7], [1], [0]]",1,1.21051025390625,128,learned,0.0,752,4.0,124,1.3663777112960815,71,0 40 8 24,1473,0.405527263879776,test,top_r_mean,0.0,0.5,0.75,0.75
0.08689748811948404,0.0,47,0.0,31,35.003900062292814,hotpotqa,1.0,0.0,0.0,0.0,5a80d6be55429938b6142206,mean,0.2784458834412581,0.1772041916847229,"[[0, 1], [2, 6], [1, 2], [0, 1], [0, 4], [1, 8], [0, 2], [1, 2], [0, 11], [1, 8], [2, 3], [2, 6], [5, 8], [1, 5], [2, 3], [2, 8], [0, 1], [4, 13], [4, 6], [0, 1], [0, 1], [3, 4], [1, 6], [1, 2], [0, 1], [0, 5], [2, 4], [1, 2], [0, 1], [1, 4], [3, 4], [1, 6], [0, 4], [0, 1], [6, 7], [1, 2], [1, 2], [1, 3], [2, 3], [1, 5], [0, 1], [5, 6], [5, 6], [0, 1], [7, 13], [1, 2], [0]]",2,0.9442738890647888,128,learned,0.0,1504,4.0,124,1.0595927238464355,11,32 16 8 40,1473,0.426803857088089,test,top_r_mean,0.0,0.5,0.5,0.875
0.08689748811948404,0.0,47,0.0,31,30.142900068312883,hotpotqa,1.0,0.0,0.0,0.0,5a80d6be55429938b6142206,mean,0.31174838112858466,0.22119587659835815,"[[0, 1], [2, 6], [1, 2], [0, 1], [0, 4], [0, 1], [0, 2], [0, 1], [0, 1], [1, 8], [2, 3], [2, 3], [3, 5], [1, 3], [2, 3], [2, 8], [0, 1], [4, 13], [4, 6], [0, 1], [0, 1], [3, 4], [1, 6], [2, 3], [0, 5], [0, 5], [2, 4], [1, 2], [0, 1], [1, 2], [0, 3], [0, 1], [0, 3], [0, 1], [1, 6], [1, 2], [1, 2], [1, 3], [2, 3], [1, 5], [0, 1], [5, 6], [5, 6], [0, 1], [7, 11], [1, 2], [0]]",2,0.9741960763931274,128,learned,0.0,1504,4.0,124,1.0822681188583374,23,24 32 8 16,1473,0.4608001410961151,test,top_r_mean,0.0,0.0,0.5,0.875
0.08689748811948404,0.0,47,0.0,31,30.487099895253778,hotpotqa,1.0,0.0,0.0,0.0,5a80d6be55429938b6142206,mean,0.3283996299722479,0.1797659993171692,"[[0, 1], [2, 6], [1, 2], [0, 1], [0, 4], [0, 1], [0, 2], [1, 4], [0, 1], [1, 5], [1, 2], [2, 3], [3, 5], [1, 3], [2, 3], [2, 6], [0, 1], [4, 13], [4, 6], [0, 1], [0, 1], [3, 4], [1, 6], [0, 1], [0, 1], [0, 5], [2, 4], [1, 2], [0, 1], [1, 4], [0, 3], [0, 1], [0, 1], [0, 1], [1, 6], [1, 2], [1, 2], [1, 3], [2, 3], [1, 5], [0, 1], [2, 5], [5, 6], [0, 1], [7, 13], [1, 2], [0]]",2,0.9911062121391296,128,learned,0.0,1504,4.0,124,1.1037887334823608,37,8 16 32 40,1473,0.47698888182640076,test,top_r_mean,0.0,0.5,0.5,1.0
0.08689748811948404,0.0,47,0.0,31,31.834800029173493,hotpotqa,1.0,0.0,0.0,0.0,5a80d6be55429938b6142206,mean,0.31174838112858466,0.18083597719669342,"[[0, 1], [2, 6], [1, 2], [0, 1], [0, 4], [0, 1], [0, 2], [1, 2], [0, 1], [1, 8], [1, 2], [2, 3], [3, 8], [1, 3], [2, 3], [2, 8], [0, 1], [4, 13], [4, 6], [0, 1], [0, 1], [3, 4], [1, 6], [1, 2], [0, 1], [0, 5], [2, 4], [1, 2], [0, 1], [1, 4], [0, 3], [0, 1], [0, 1], [0, 1], [1, 6], [1, 2], [1, 2], [1, 3], [2, 3], [1, 5], [0, 1], [2, 5], [5, 6], [0, 1], [7, 11], [1, 2], [0]]",2,0.9836682081222534,128,learned,0.0,1504,4.0,124,1.100862979888916,53,8 16 32 40,1473,0.4588344097137451,test,top_r_mean,0.0,0.5,0.5,0.875
0.08689748811948404,0.0,47,0.0,31,36.617400124669075,hotpotqa,1.0,0.0,0.0,0.0,5a80d6be55429938b6142206,mean,0.3154486586493987,0.25270164012908936,"[[0, 2], [2, 6], [1, 2], [0, 1], [0, 4], [8, 11], [0, 2], [1, 2], [0, 11], [1, 8], [1, 2], [2, 3], [3, 9], [1, 5], [2, 3], [2, 8], [0, 1], [4, 13], [4, 6], [0, 1], [0, 1], [3, 4], [1, 6], [2, 3], [0, 5], [0, 5], [2, 4], [1, 2], [0, 1], [1, 4], [3, 4], [0, 1], [0, 4], [0, 1], [1, 6], [1, 2], [1, 2], [1, 3], [2, 3], [1, 5], [0, 1], [5, 6], [5, 6], [0, 1], [7, 13], [1, 2], [0]]",2,0.967007040977478,128,learned,0.0,1504,4.0,124,1.0834037065505981,71,24 0 32 16,1473,0.451780766248703,test,top_r_mean,0.0,0.5,0.75,0.875
0.08689748811948404,0.0,47,0.0,31,27.62180007994175,hotpotqa,1.0,0.0,0.0,0.0,5a80d6be55429938b6142206,mean,0.3191489361702128,0.0409831628203392,"[[0, 1, 2, 19], [2, 6, 10, 11], [1, 2, 15, 18], [0, 1, 2, 3], [0, 4, 5, 9], [1, 8, 11, 18], [0, 2, 4, 5], [1, 2, 4, 5], [0, 11, 13, 14], [1, 8, 10, 11], [2, 3, 5, 6], [2, 6, 7, 8], [5, 8, 9, 10], [1, 5, 6, 15], [2, 3, 4, 7], [2, 8, 9, 11], [0, 1, 3, 9], [4, 13, 14, 17], [4, 6, 7, 8], [0, 1, 3, 4], [0, 1, 5, 20], [3, 4, 11, 12], [1, 6, 8, 9], [1, 2, 3, 4], [0, 1, 5, 8], [0, 5, 7, 15], [2, 4, 5, 6], [1, 2, 4, 5], [0, 1, 4, 6], [1, 4, 7, 8], [3, 4, 6, 7], [1, 6, 7, 8], [0, 4, 7, 9], [0, 1, 3, 6], [6, 7, 8, 11], [1, 2, 3, 6], [1, 2, 4, 5], [1, 3, 4, 5], [2, 3, 9, 13], [1, 5, 7, 9], [0, 1, 2, 3], [5, 6, 8, 9], [5, 6, 7, 8], [0, 1, 2, 5], [7, 13, 14, 17], [1, 2, 4, 5], [0]]",4,1.0228525400161743,128,learned,0.0,3008,4.0,124,1.0758330821990967,11,40 32 16 8,1473,0.45270583033561707,test,top_r_mean,0.0,0.0,0.5,0.875
0.08689748811948404,0.0,47,0.0,31,26.28650004044175,hotpotqa,1.0,0.0,0.0,0.0,5a80d6be55429938b6142206,mean,0.3524514338575393,0.04102737456560135,"[[0, 1, 2, 19], [2, 6, 10, 11], [1, 2, 3, 8], [0, 1, 2, 3], [0, 4, 5, 9], [0, 1, 2, 8], [0, 2, 4, 5], [0, 1, 4, 5], [0, 1, 11, 13], [1, 8, 10, 11], [2, 3, 5, 6], [2, 3, 6, 8], [3, 5, 8, 9], [1, 3, 5, 6], [2, 3, 4, 8], [2, 8, 9, 11], [0, 1, 3, 7], [4, 13, 14, 20], [4, 6, 7, 9], [0, 1, 3, 4], [0, 1, 5, 20], [3, 4, 12, 13], [1, 6, 8, 9], [2, 3, 4, 8], [0, 5, 7, 8], [0, 5, 7, 9], [2, 4, 5, 6], [1, 2, 4, 5], [0, 1, 4, 6], [1, 2, 4, 7], [0, 3, 4, 6], [0, 1, 6, 7], [0, 3, 4, 7], [0, 1, 3, 6], [1, 6, 7, 8], [1, 2, 6, 7], [1, 2, 4, 5], [1, 3, 4, 5], [2, 3, 5, 9], [1, 5, 7, 9], [0, 1, 2, 3], [5, 6, 7, 8], [5, 6, 7, 8], [0, 1, 2, 5], [7, 11, 13, 14], [1, 2, 4, 5], [0]]",4,1.0148183107376099,128,learned,0.0,3008,4.0,124,1.0653434991836548,23,24 40 32 8,1473,0.49907493591308594,test,top_r_mean,0.0,0.0,0.5,0.875
0.08689748811948404,0.0,47,0.0,31,27.684400090947747,hotpotqa,1.0,0.0,0.0,0.0,5a80d6be55429938b6142206,mean,0.30434782608695654,0.04452835023403168,"[[0, 1, 2, 19], [2, 6, 10, 11], [1, 2, 3, 8], [0, 1, 2, 3], [0, 4, 5, 9], [0, 1, 2, 8], [0, 2, 4, 5], [1, 4, 5, 7], [0, 1, 11, 13], [1, 5, 8, 10], [1, 2, 3, 5], [2, 3, 6, 7], [3, 5, 8, 9], [1, 3, 5, 6], [2, 3, 4, 7], [2, 6, 8, 9], [0, 1, 3, 7], [4, 13, 14, 17], [4, 6, 7, 8], [0, 1, 3, 4], [0, 1, 5, 6], [3, 4, 11, 12], [1, 6, 8, 9], [0, 1, 2, 3], [0, 1, 5, 8], [0, 5, 7, 9], [2, 4, 5, 6], [1, 2, 4, 5], [0, 1, 4, 6], [1, 4, 5, 7], [0, 3, 4, 6], [0, 1, 6, 7], [0, 1, 4, 7], [0, 1, 3, 6], [1, 6, 7, 8], [1, 2, 3, 6], [1, 2, 4, 5], [1, 3, 4, 5], [2, 3, 5, 9], [1, 5, 7, 9], [0, 1, 2, 3], [2, 5, 6, 8], [5, 6, 7, 8], [0, 1, 2, 5], [7, 13, 14, 17], [1, 2, 4, 5], [0]]",4,1.0458760261535645,128,learned,0.0,3008,4.0,124,1.0997824668884277,37,40 8 16 32,1473,0.4276132881641388,test,top_r_mean,0.0,0.0,0.5,0.875
0.08689748811948404,0.0,47,0.0,31,26.92229999229312,hotpotqa,1.0,0.0,0.0,0.0,5a80d6be55429938b6142206,mean,0.31174838112858466,0.04346655309200287,"[[0, 1, 2, 19], [2, 6, 10, 11], [1, 2, 3, 15], [0, 1, 2, 3], [0, 4, 5, 9], [0, 1, 8, 11], [0, 2, 4, 5], [1, 2, 4, 5], [0, 1, 11, 13], [1, 8, 10, 11], [1, 2, 3, 5], [2, 3, 6, 7], [3, 8, 9, 10], [1, 3, 5, 6], [2, 3, 4, 7], [2, 8, 9, 11], [0, 1, 3, 7], [4, 13, 14, 17], [4, 6, 7, 8], [0, 1, 3, 4], [0, 1, 5, 6], [3, 4, 11, 12], [1, 6, 8, 9], [1, 2, 3, 4], [0, 1, 5, 8], [0, 5, 7, 9], [2, 4, 5, 6], [1, 2, 4, 5], [0, 1, 4, 6], [1, 4, 5, 7], [0, 3, 4, 6], [0, 1, 6, 7], [0, 1, 4, 7], [0, 1, 3, 6], [1, 6, 7, 8], [1, 2, 3, 6], [1, 2, 4, 5], [1, 3, 4, 5], [2, 3, 5, 9], [1, 5, 7, 9], [0, 1, 2, 3], [2, 5, 6, 8], [5, 6, 7, 8], [0, 1, 2, 5], [7, 11, 13, 14], [1, 2, 4, 5], [0]]",4,1.0568937063217163,128,learned,0.0,3008,4.0,124,1.1085633039474487,53,40 8 16 32,1473,0.4483117163181305,test,top_r_mean,0.0,0.0,0.5,0.875
0.08689748811948404,0.0,47,0.0,31,33.01479993388057,hotpotqa,1.0,0.0,0.0,0.0,5a80d6be55429938b6142206,mean,0.333950046253469,0.03729432076215744,"[[0, 2, 19, 20], [2, 6, 10, 11], [1, 2, 15, 18], [0, 1, 2, 3], [0, 4, 5, 9], [8, 11, 18, 23], [0, 2, 4, 5], [1, 2, 4, 5], [0, 11, 13, 14], [1, 8, 10, 11], [1, 2, 3, 5], [2, 3, 6, 7], [3, 9, 10, 12], [1, 5, 6, 16], [2, 3, 4, 8], [2, 8, 9, 11], [0, 1, 3, 9], [4, 13, 17, 20], [4, 6, 7, 8], [0, 1, 3, 4], [0, 1, 5, 20], [3, 4, 11, 12], [1, 6, 8, 9], [2, 3, 4, 8], [0, 5, 7, 8], [0, 5, 7, 9], [2, 4, 5, 6], [1, 2, 4, 5], [0, 1, 4, 6], [1, 4, 7, 8], [3, 4, 6, 7], [0, 1, 6, 7], [0, 4, 7, 9], [0, 1, 3, 6], [1, 6, 7, 11], [1, 2, 3, 6], [1, 2, 4, 5], [1, 3, 4, 5], [2, 3, 9, 13], [1, 5, 9, 10], [0, 1, 2, 3], [5, 6, 8, 9], [5, 6, 7, 8], [0, 1, 2, 5], [7, 13, 14, 16], [1, 2, 4, 5], [0]]",4,1.008583903312683,128,learned,0.0,3008,4.0,124,1.0537463426589966,71,0 24 40 32,1473,0.4668131470680237,test,top_r_mean,0.0,0.5,0.75,0.875
0.08689748811948404,0.0,47,0.0,31,28.36670004762709,hotpotqa,1.0,0.0,0.0,0.0,5a80d6be55429938b6142206,mean,0.5633672525439408,0.009093016386032104,"[[0, 1, 2, 19, 20, 21, 25, 26], [2, 6, 10, 11, 12, 13, 15, 29], [1, 2, 15, 18, 24, 25, 30, 31], [0, 1, 2, 3, 8, 11, 17, 24], [0, 4, 5, 9, 10, 18, 19, 27], [1, 8, 11, 18, 23, 26, 27, 30], [0, 2, 4, 5, 11, 12, 13, 30], [1, 2, 4, 5, 7, 10, 11, 19], [0, 11, 13, 14, 15, 18, 20, 29], [1, 8, 10, 11, 13, 14, 26, 27], [2, 3, 5, 6, 7, 8, 14, 29], [2, 6, 7, 8, 17, 25, 26, 31], [5, 8, 9, 10, 12, 13, 27, 30], [1, 5, 6, 15, 16, 22, 28, 29], [2, 3, 4, 7, 8, 11, 17, 25], [2, 8, 9, 11, 12, 15, 18, 29], [0, 1, 3, 9, 15, 16, 20, 27], [4, 13, 14, 17, 21, 22, 26, 29], [4, 6, 7, 8, 9, 14, 19, 23], [0, 1, 3, 4, 7, 9, 10, 27], [0, 1, 5, 20, 21, 24, 25, 29], [3, 4, 11, 12, 13, 14, 16, 26], [1, 6, 8, 9, 10, 12, 18, 23], [1, 2, 3, 4, 8, 24, 25, 31], [0, 1, 5, 8, 9, 10, 11, 27], [0, 5, 7, 15, 16, 21, 27, 29], [2, 4, 5, 6, 9, 12, 24, 29], [1, 2, 4, 5, 9, 11, 21, 29], [0, 1, 4, 6, 7, 14, 15, 17], [1, 4, 7, 8, 9, 10, 12, 16], [3, 4, 6, 7, 8, 9, 12, 18], [1, 6, 7, 8, 12, 14, 20, 21], [0, 4, 7, 9, 19, 20, 21, 27], [0, 1, 3, 6, 18, 22, 23, 24], [6, 7, 8, 11, 12, 19, 21, 22], [1, 2, 3, 6, 7, 21, 28, 29], [1, 2, 4, 5, 14, 17, 18, 22], [1, 3, 4, 5, 11, 12, 30, 31], [2, 3, 9, 13, 17, 20, 25, 27], [1, 5, 7, 9, 10, 14, 15, 31], [0, 1, 2, 3, 4, 9, 16, 27], [5, 6, 8, 9, 14, 15, 24, 25], [5, 6, 7, 8, 13, 23, 24, 31], [0, 1, 2, 5, 14, 15, 26, 27], [7, 13, 14, 17, 22, 24, 25, 29], [1, 2, 4, 5, 7, 8, 14, 16], [0]]",8,0.42951056361198425,128,learned,0.0,6016,4.0,124,0.45416852831840515,11,24 16 0 40,1473,0.7370489835739136,test,top_r_mean,0.0,0.5,1.0,0.75
0.08689748811948404,0.0,47,0.0,31,31.5181000623852,hotpotqa,1.0,0.0,0.0,0.0,5a80d6be55429938b6142206,mean,0.4801110083256244,0.016866901889443398,"[[0, 1, 2, 19, 20, 21, 24, 26], [2, 6, 10, 11, 12, 13, 15, 29], [1, 2, 3, 8, 24, 25, 30, 31], [0, 1, 2, 3, 9, 11, 17, 24], [0, 4, 5, 9, 10, 14, 18, 19], [0, 1, 2, 8, 11, 18, 23, 26], [0, 2, 4, 5, 11, 12, 28, 30], [0, 1, 4, 5, 7, 10, 11, 19], [0, 1, 11, 13, 14, 15, 20, 29], [1, 8, 10, 11, 13, 14, 26, 27], [2, 3, 5, 6, 7, 8, 22, 29], [2, 3, 6, 8, 17, 25, 26, 31], [3, 5, 8, 9, 10, 12, 13, 30], [1, 3, 5, 6, 7, 15, 16, 29], [2, 3, 4, 8, 11, 17, 25, 30], [2, 8, 9, 11, 12, 15, 18, 29], [0, 1, 3, 7, 9, 15, 20, 27], [4, 13, 14, 20, 21, 22, 26, 29], [4, 6, 7, 9, 14, 17, 19, 23], [0, 1, 3, 4, 7, 9, 10, 27], [0, 1, 5, 20, 21, 25, 27, 29], [3, 4, 12, 13, 14, 15, 16, 26], [1, 6, 8, 9, 10, 11, 12, 23], [2, 3, 4, 8, 11, 24, 25, 31], [0, 5, 7, 8, 10, 11, 27, 30], [0, 5, 7, 9, 15, 16, 21, 27], [2, 4, 5, 6, 9, 12, 24, 29], [1, 2, 4, 5, 9, 11, 21, 29], [0, 1, 4, 6, 7, 14, 15, 17], [1, 2, 4, 7, 8, 9, 10, 19], [0, 3, 4, 6, 7, 8, 9, 12], [0, 1, 6, 7, 8, 12, 14, 21], [0, 3, 4, 7, 9, 19, 21, 27], [0, 1, 3, 6, 21, 22, 23, 24], [1, 6, 7, 8, 12, 19, 21, 22], [1, 2, 6, 7, 9, 21, 28, 29], [1, 2, 4, 5, 14, 17, 18, 22], [1, 3, 4, 5, 12, 28, 30, 31], [2, 3, 5, 9, 13, 17, 20, 27], [1, 5, 7, 9, 10, 14, 15, 31], [0, 1, 2, 3, 4, 9, 16, 27], [5, 6, 7, 8, 9, 14, 15, 24], [5, 6, 7, 8, 13, 23, 24, 31], [0, 1, 2, 5, 12, 15, 26, 27], [7, 11, 13, 14, 17, 22, 25, 29], [1, 2, 4, 5, 7, 8, 14, 16], [0]]",8,0.4430046081542969,128,learned,0.0,6016,4.0,124,0.48648279905319214,23,24 16 40 32,1473,0.6415355801582336,test,top_r_mean,0.0,0.5,0.75,0.875
0.08689748811948404,0.0,47,0.0,31,31.92259999923408,hotpotqa,1.0,0.0,0.0,0.0,5a80d6be55429938b6142206,mean,0.4782608695652174,0.015231266617774963,"[[0, 1, 2, 19, 20, 21, 25, 26], [2, 6, 10, 11, 12, 13, 15, 29], [1, 2, 3, 8, 15, 24, 25, 31], [0, 1, 2, 3, 8, 11, 17, 24], [0, 4, 5, 9, 10, 14, 18, 19], [0, 1, 2, 8, 11, 18, 23, 26], [0, 2, 4, 5, 11, 12, 13, 30], [1, 4, 5, 7, 10, 11, 13, 19], [0, 1, 11, 13, 14, 15, 18, 20], [1, 5, 8, 10, 11, 14, 26, 27], [1, 2, 3, 5, 6, 7, 8, 22], [2, 3, 6, 7, 8, 17, 26, 31], [3, 5, 8, 9, 10, 12, 13, 30], [1, 3, 5, 6, 7, 15, 16, 29], [2, 3, 4, 7, 8, 11, 20, 25], [2, 6, 8, 9, 11, 12, 15, 18], [0, 1, 3, 7, 9, 15, 20, 27], [4, 13, 14, 17, 21, 22, 26, 29], [4, 6, 7, 8, 9, 14, 19, 23], [0, 1, 3, 4, 6, 7, 10, 27], [0, 1, 5, 6, 20, 21, 25, 29], [3, 4, 11, 12, 13, 14, 16, 26], [1, 6, 8, 9, 10, 12, 18, 23], [0, 1, 2, 3, 4, 8, 11, 31], [0, 1, 5, 8, 9, 10, 11, 27], [0, 5, 7, 9, 15, 16, 21, 27], [2, 4, 5, 6, 9, 12, 24, 29], [1, 2, 4, 5, 9, 11, 21, 29], [0, 1, 4, 6, 7, 14, 15, 17], [1, 4, 5, 7, 8, 10, 12, 16], [0, 3, 4, 6, 8, 9, 12, 18], [0, 1, 6, 7, 8, 12, 14, 21], [0, 1, 4, 7, 9, 19, 21, 27], [0, 1, 3, 6, 18, 22, 23, 24], [1, 6, 7, 8, 12, 19, 21, 22], [1, 2, 3, 6, 7, 9, 21, 29], [1, 2, 4, 5, 14, 17, 18, 22], [1, 3, 4, 5, 10, 11, 12, 28], [2, 3, 5, 9, 13, 17, 20, 27], [1, 5, 7, 9, 10, 14, 15, 31], [0, 1, 2, 3, 4, 9, 16, 27], [2, 5, 6, 8, 9, 14, 15, 24], [5, 6, 7, 8, 13, 23, 24, 31], [0, 1, 2, 5, 12, 14, 15, 26], [7, 13, 14, 17, 22, 24, 25, 29], [1, 2, 4, 5, 7, 8, 14, 16], [0]]",8,0.4322950839996338,128,learned,0.0,6016,4.0,124,0.472438782453537,37,24 16 0 40,1473,0.6216466426849365,test,top_r_mean,0.0,0.5,1.0,0.75
0.08689748811948404,0.0,47,0.0,31,38.7165998108685,hotpotqa,1.0,0.0,0.0,0.0,5a80d6be55429938b6142206,mean,0.5004625346901017,0.015341665595769882,"[[0, 1, 2, 19, 20, 21, 25, 26], [2, 6, 10, 11, 12, 13, 15, 29], [1, 2, 3, 15, 24, 25, 30, 31], [0, 1, 2, 3, 8, 11, 17, 24], [0, 4, 5, 9, 10, 14, 18, 19], [0, 1, 8, 11, 18, 23, 26, 30], [0, 2, 4, 5, 11, 12, 13, 30], [1, 2, 4, 5, 7, 10, 11, 19], [0, 1, 11, 13, 14, 15, 18, 20], [1, 8, 10, 11, 13, 14, 26, 27], [1, 2, 3, 5, 6, 8, 14, 29], [2, 3, 6, 7, 8, 17, 25, 31], [3, 8, 9, 10, 12, 13, 27, 30], [1, 3, 5, 6, 7, 15, 16, 29], [2, 3, 4, 7, 8, 11, 17, 25], [2, 8, 9, 11, 12, 15, 18, 29], [0, 1, 3, 7, 9, 15, 20, 27], [4, 13, 14, 17, 21, 22, 26, 29], [4, 6, 7, 8, 9, 14, 19, 23], [0, 1, 3, 4, 6, 7, 10, 27], [0, 1, 5, 6, 20, 24, 25, 29], [3, 4, 11, 12, 13, 14, 16, 26], [1, 6, 8, 9, 10, 12, 18, 23], [1, 2, 3, 4, 8, 11, 25, 31], [0, 1, 5, 8, 9, 10, 11, 27], [0, 5, 7, 9, 15, 16, 21, 27], [2, 4, 5, 6, 9, 12, 24, 29], [1, 2, 4, 5, 9, 11, 21, 29], [0, 1, 4, 6, 7, 14, 15, 17], [1, 4, 5, 7, 8, 10, 12, 16], [0, 3, 4, 6, 8, 9, 12, 18], [0, 1, 6, 7, 8, 12, 14, 21], [0, 1, 4, 7, 9, 19, 21, 27], [0, 1, 3, 6, 18, 22, 23, 24], [1, 6, 7, 8, 11, 19, 21, 22], [1, 2, 3, 6, 7, 9, 21, 29], [1, 2, 4, 5, 14, 17, 18, 22], [1, 3, 4, 5, 11, 12, 30, 31], [2, 3, 5, 9, 13, 17, 20, 27], [1, 5, 7, 9, 10, 14, 15, 31], [0, 1, 2, 3, 4, 9, 16, 27], [2, 5, 6, 8, 9, 14, 15, 24], [5, 6, 7, 8, 13, 23, 24, 31], [0, 1, 2, 5, 10, 12, 14, 26], [7, 11, 13, 14, 17, 22, 25, 29], [1, 2, 4, 5, 7, 8, 14, 16], [0]]",8,0.43464407324790955,128,learned,0.0,6016,4.0,124,0.4747464656829834,53,24 16 0 40,1473,0.6435014009475708,test,top_r_mean,0.0,0.5,1.0,0.75
0.08689748811948404,0.0,47,0.0,31,31.668500043451786,hotpotqa,1.0,0.0,0.0,0.0,5a80d6be55429938b6142206,mean,0.5911193339500462,0.008420595899224281,"[[0, 2, 19, 20, 21, 22, 25, 26], [2, 6, 10, 11, 12, 13, 15, 29], [1, 2, 15, 18, 24, 25, 30, 31], [0, 1, 2, 3, 8, 11, 17, 24], [0, 4, 5, 9, 10, 18, 19, 27], [8, 11, 18, 23, 26, 27, 29, 30], [0, 2, 4, 5, 11, 12, 13, 30], [1, 2, 4, 5, 7, 10, 11, 19], [0, 11, 13, 14, 15, 18, 20, 29], [1, 8, 10, 11, 13, 14, 26, 27], [1, 2, 3, 5, 6, 8, 14, 29], [2, 3, 6, 7, 8, 17, 25, 31], [3, 9, 10, 12, 13, 14, 27, 30], [1, 5, 6, 16, 22, 26, 28, 29], [2, 3, 4, 8, 11, 17, 25, 30], [2, 8, 9, 11, 12, 15, 18, 29], [0, 1, 3, 9, 15, 16, 20, 27], [4, 13, 17, 20, 21, 22, 26, 29], [4, 6, 7, 8, 9, 14, 19, 23], [0, 1, 3, 4, 7, 9, 10, 27], [0, 1, 5, 20, 24, 25, 27, 29], [3, 4, 11, 12, 13, 14, 16, 26], [1, 6, 8, 9, 10, 12, 23, 28], [2, 3, 4, 8, 11, 24, 25, 31], [0, 5, 7, 8, 10, 11, 27, 30], [0, 5, 7, 9, 15, 16, 21, 27], [2, 4, 5, 6, 9, 12, 24, 29], [1, 2, 4, 5, 9, 11, 21, 29], [0, 1, 4, 6, 7, 14, 15, 17], [1, 4, 7, 8, 10, 12, 16, 19], [3, 4, 6, 7, 8, 9, 12, 18], [0, 1, 6, 7, 8, 12, 14, 21], [0, 4, 7, 9, 18, 19, 21, 27], [0, 1, 3, 6, 18, 22, 23, 31], [1, 6, 7, 11, 12, 19, 21, 22], [1, 2, 3, 6, 7, 21, 27, 29], [1, 2, 4, 5, 14, 16, 17, 22], [1, 3, 4, 5, 11, 28, 30, 31], [2, 3, 9, 13, 17, 20, 25, 27], [1, 5, 9, 10, 12, 14, 15, 31], [0, 1, 2, 3, 4, 9, 16, 27], [5, 6, 8, 9, 14, 15, 24, 25], [5, 6, 7, 8, 13, 23, 24, 31], [0, 1, 2, 5, 10, 14, 26, 27], [7, 13, 14, 16, 17, 22, 25, 29], [1, 2, 4, 5, 7, 8, 9, 16], [0]]",8,0.4178202152252197,128,learned,0.0,6016,4.0,124,0.4408283233642578,71,24 16 0 32,1473,0.7694264054298401,test,top_r_mean,0.0,0.5,0.75,0.875
0.07862407862407862,0.0,51,0.0,31,33.5854000877589,hotpotqa,1.0,0.0,0.0,0.0,5ab88c075542991b5579efbe,mean,0.2,1.4433544874191284,"[[0], [6], [1], [0], [0], [3], [4], [8], [0], [3], [6], [1], [0], [4], [0], [0], [0], [2], [2], [3], [4], [5], [2], [5], [0], [0], [0], [0], [2], [0], [1], [5], [0], [1], [8], [4], [7], [1], [0], [0], [0], [1], [2], [1], [0], [1], [1], [1], [0], [2], [1]]",1,1.6133087873458862,128,learned,0.0,816,4.0,124,1.7237251996994019,11,16 8 32 0,1628,0.3112216889858246,test,top_r_mean,0.0,0.0,0.75,0.875
0.07862407862407862,0.0,51,0.0,31,27.952699922025204,hotpotqa,1.0,0.0,0.0,0.0,5ab88c075542991b5579efbe,mean,0.156078431372549,1.4528419971466064,"[[0], [6], [1], [0], [0], [3], [4], [8], [0], [4], [6], [1], [0], [7], [0], [0], [0], [2], [3], [2], [4], [5], [1], [0], [0], [0], [0], [2], [2], [0], [1], [5], [0], [0], [8], [4], [7], [0], [0], [0], [0], [1], [2], [1], [0], [1], [1], [1], [0], [2], [1]]",1,1.61625075340271,128,learned,0.0,816,4.0,124,1.73305344581604,23,16 8 32 0,1628,0.24968326091766357,test,top_r_mean,0.0,0.0,0.75,0.875
0.07862407862407862,0.0,51,0.0,31,35.621599992737174,hotpotqa,1.0,0.0,0.0,0.0,5ab88c075542991b5579efbe,mean,0.17490196078431372,1.468765139579773,"[[0], [6], [1], [0], [0], [3], [4], [8], [0], [3], [6], [1], [0], [7], [0], [0], [0], [2], [2], [2], [4], [5], [1], [5], [0], [0], [0], [0], [2], [0], [1], [5], [0], [0], [8], [4], [7], [1], [0], [0], [0], [1], [2], [1], [0], [1], [1], [0], [0], [2], [1]]",1,1.6388540267944336,128,learned,0.0,816,4.0,124,1.7505396604537964,37,16 8 32 0,1628,0.27167418599128723,test,top_r_mean,0.0,0.0,0.75,0.875
0.07862407862407862,0.0,51,0.0,31,34.06830015592277,hotpotqa,1.0,0.0,0.0,0.0,5ab88c075542991b5579efbe,mean,0.1403921568627451,1.4878926277160645,"[[0], [6], [1], [0], [0], [3], [2], [8], [0], [3], [6], [1], [0], [1], [0], [0], [0], [2], [2], [3], [4], [5], [1], [0], [0], [0], [0], [0], [2], [0], [1], [5], [0], [0], [8], [4], [6], [1], [0], [0], [0], [1], [2], [1], [0], [1], [1], [1], [0], [2], [1]]",1,1.6591047048568726,128,learned,0.0,816,4.0,124,1.7612361907958984,53,16 8 32 0,1628,0.23176470398902893,test,top_r_mean,0.0,0.0,0.75,0.875
0.07862407862407862,0.0,51,0.0,31,30.007799854502082,hotpotqa,1.0,0.0,0.0,0.0,5ab88c075542991b5579efbe,mean,0.1607843137254902,1.445997714996338,"[[0], [6], [1], [0], [0], [3], [4], [8], [0], [3], [6], [1], [0], [4], [0], [0], [0], [2], [2], [3], [4], [5], [2], [5], [0], [0], [0], [2], [2], [0], [1], [5], [0], [0], [5], [4], [7], [1], [0], [0], [0], [1], [2], [1], [0], [1], [1], [1], [0], [2], [1]]",1,1.6104822158813477,128,learned,0.0,816,4.0,124,1.7212008237838745,71,16 8 32 0,1628,0.2550226151943207,test,top_r_mean,0.0,0.0,0.75,0.875
0.07862407862407862,0.0,51,0.0,31,40.408500004559755,hotpotqa,1.0,0.0,0.0,0.0,5ab88c075542991b5579efbe,mean,0.16705882352941176,0.4090595245361328,"[[0, 1], [6, 8], [1, 2], [0, 2], [0, 1], [3, 5], [4, 5], [8, 9], [0, 4], [3, 4], [6, 8], [1, 2], [0, 2], [4, 7], [0, 2], [0, 3], [0, 1], [2, 3], [2, 3], [3, 4], [4, 5], [5, 10], [2, 3], [5, 15], [0, 1], [0, 4], [0, 1], [0, 2], [2, 8], [0, 1], [1, 2], [5, 6], [0, 1], [1, 4], [8, 9], [4, 5], [7, 12], [1, 8], [0, 1], [0, 1], [0, 1], [1, 2], [2, 3], [1, 2], [0, 1], [1, 3], [1, 4], [1, 2], [0, 1], [2, 8], [1, 2]]",2,1.323344111442566,128,learned,0.0,1632,4.0,124,1.4795763492584229,11,24 8 16 48,1628,0.25167420506477356,test,top_r_mean,0.0,0.5,0.5,0.875
0.07862407862407862,0.0,51,0.0,31,33.78769988194108,hotpotqa,1.0,0.0,0.0,0.0,5ab88c075542991b5579efbe,mean,0.1984313725490196,0.4015030264854431,"[[0, 1], [6, 8], [1, 2], [0, 2], [0, 1], [3, 5], [4, 5], [8, 9], [0, 4], [4, 6], [6, 8], [1, 2], [0, 2], [7, 8], [0, 2], [0, 3], [0, 1], [2, 3], [3, 4], [2, 3], [4, 5], [5, 6], [1, 2], [0, 7], [0, 1], [0, 4], [0, 1], [2, 5], [2, 8], [0, 1], [1, 2], [5, 6], [0, 1], [0, 1], [8, 9], [4, 5], [7, 12], [0, 1], [0, 1], [0, 2], [0, 1], [1, 2], [2, 3], [1, 2], [0, 1], [1, 7], [1, 4], [1, 2], [0, 1], [2, 8], [1, 2]]",2,1.3183403015136719,128,learned,0.0,1632,4.0,124,1.4703644514083862,23,24 8 16 48,1628,0.29239821434020996,test,top_r_mean,0.0,0.5,0.5,0.875
0.07862407862407862,0.0,51,0.0,31,33.71730004437268,hotpotqa,1.0,0.0,0.0,0.0,5ab88c075542991b5579efbe,mean,0.1623529411764706,0.4040611982345581,"[[0, 1], [6, 8], [1, 2], [0, 2], [0, 1], [3, 5], [4, 5], [8, 9], [0, 1], [3, 4], [6, 8], [1, 2], [0, 2], [7, 8], [0, 2], [0, 3], [0, 1], [2, 3], [2, 3], [2, 3], [4, 5], [5, 6], [1, 2], [5, 15], [0, 1], [0, 4], [0, 1], [0, 2], [2, 8], [0, 1], [1, 2], [5, 6], [0, 1], [0, 1], [8, 9], [4, 5], [7, 12], [1, 8], [0, 1], [0, 1], [0, 1], [1, 2], [2, 3], [1, 2], [0, 1], [1, 3], [1, 4], [0, 1], [0, 1], [2, 8], [1, 2]]",2,1.3379689455032349,128,learned,0.0,1632,4.0,124,1.501969575881958,37,24 16 48 0,1628,0.24760180711746216,test,top_r_mean,0.0,0.5,0.5,0.875
0.07862407862407862,0.0,51,0.0,31,33.77060010097921,hotpotqa,1.0,0.0,0.0,0.0,5ab88c075542991b5579efbe,mean,0.1984313725490196,0.38167476654052734,"[[0, 1], [6, 8], [1, 2], [0, 2], [0, 1], [3, 5], [2, 4], [8, 9], [0, 1], [3, 4], [6, 8], [1, 2], [0, 2], [1, 4], [0, 2], [0, 3], [0, 1], [2, 3], [2, 3], [3, 4], [4, 5], [5, 6], [1, 2], [0, 5], [0, 1], [0, 4], [0, 1], [0, 2], [2, 8], [0, 1], [1, 2], [5, 6], [0, 1], [0, 1], [8, 9], [4, 5], [6, 7], [1, 2], [0, 1], [0, 1], [0, 1], [1, 2], [2, 3], [1, 2], [0, 1], [1, 3], [1, 4], [1, 2], [0, 1], [2, 8], [1, 2]]",2,1.3137394189834595,128,learned,0.0,1632,4.0,124,1.4619193077087402,53,24 16 48 0,1628,0.29665157198905945,test,top_r_mean,0.0,0.5,0.5,0.875
0.07862407862407862,0.0,51,0.0,31,36.12000006251037,hotpotqa,1.0,0.0,0.0,0.0,5ab88c075542991b5579efbe,mean,0.20627450980392156,0.3957594037055969,"[[0, 1], [6, 8], [1, 2], [0, 2], [0, 1], [3, 5], [4, 5], [8, 9], [0, 4], [3, 6], [6, 8], [1, 2], [0, 2], [4, 7], [0, 2], [0, 3], [0, 1], [2, 3], [2, 3], [3, 4], [4, 5], [5, 6], [2, 3], [5, 15], [0, 1], [0, 4], [0, 1], [2, 5], [2, 8], [0, 1], [1, 2], [5, 6], [0, 1], [0, 1], [5, 8], [4, 5], [7, 12], [1, 2], [0, 1], [0, 1], [0, 1], [1, 2], [2, 3], [1, 2], [0, 1], [1, 3], [1, 4], [1, 2], [0, 1], [2, 8], [1, 2]]",2,1.3085461854934692,128,learned,0.0,1632,4.0,124,1.461618423461914,71,24 8 16 48,1628,0.3089592754840851,test,top_r_mean,0.0,0.5,0.5,0.875
0.07862407862407862,0.0,51,0.0,31,32.8967000823468,hotpotqa,1.0,0.0,0.0,0.0,5ab88c075542991b5579efbe,mean,0.24705882352941178,0.11515451967716217,"[[0, 1, 5, 13], [6, 8, 9, 10], [1, 2, 12, 13], [0, 2, 5, 16], [0, 1, 4, 5], [3, 5, 6, 16], [4, 5, 6, 8], [8, 9, 10, 11], [0, 4, 5, 7], [3, 4, 6, 14], [6, 8, 9, 10], [1, 2, 3, 4], [0, 2, 3, 18], [4, 7, 8, 15], [0, 2, 3, 4], [0, 3, 10, 11], [0, 1, 2, 9], [2, 3, 4, 8], [2, 3, 4, 8], [3, 4, 5, 7], [4, 5, 7, 8], [5, 10, 14, 15], [2, 3, 11, 12], [5, 15, 16, 17], [0, 1, 4, 13], [0, 4, 6, 7], [0, 1, 9, 10], [0, 2, 5, 6], [2, 8, 9, 19], [0, 1, 2, 12], [1, 2, 9, 10], [5, 6, 7, 12], [0, 1, 9, 10], [1, 4, 5, 6], [8, 9, 10, 15], [4, 5, 7, 10], [7, 12, 14, 15], [1, 8, 9, 10], [0, 1, 2, 3], [0, 1, 3, 4], [0, 1, 2, 3], [1, 2, 3, 7], [2, 3, 4, 6], [1, 2, 4, 6], [0, 1, 5, 11], [1, 3, 7, 9], [1, 4, 5, 7], [1, 2, 3, 11], [0, 1, 2, 4], [2, 8, 11, 13], [1, 2, 4, 5]]",4,1.3692810535430908,128,learned,0.0,3264,4.0,124,1.4509477615356445,11,24 8 48 0,1628,0.35873299837112427,test,top_r_mean,0.0,0.5,0.75,0.875
0.07862407862407862,0.0,51,0.0,31,31.14310000091791,hotpotqa,1.0,0.0,0.0,0.0,5ab88c075542991b5579efbe,mean,0.26745098039215687,0.10458207875490189,"[[0, 1, 5, 11], [6, 8, 9, 10], [1, 2, 12, 13], [0, 2, 13, 15], [0, 1, 4, 5], [3, 5, 6, 16], [4, 5, 6, 7], [8, 9, 10, 11], [0, 4, 5, 7], [4, 6, 14, 18], [6, 8, 9, 10], [1, 2, 3, 4], [0, 2, 3, 5], [7, 8, 9, 17], [0, 2, 3, 4], [0, 3, 4, 5], [0, 1, 2, 6], [2, 3, 4, 8], [3, 4, 8, 11], [2, 3, 4, 5], [4, 5, 7, 8], [5, 6, 10, 14], [1, 2, 3, 11], [0, 7, 15, 16], [0, 1, 4, 8], [0, 4, 6, 7], [0, 1, 9, 10], [2, 5, 6, 7], [2, 8, 9, 19], [0, 1, 2, 12], [1, 2, 9, 10], [5, 6, 7, 12], [0, 1, 10, 11], [0, 1, 4, 5], [8, 9, 10, 15], [4, 5, 7, 10], [7, 12, 14, 15], [0, 1, 8, 9], [0, 1, 2, 3], [0, 2, 3, 4], [0, 1, 2, 3], [1, 2, 3, 7], [2, 3, 4, 6], [1, 2, 4, 6], [0, 1, 5, 11], [1, 7, 9, 15], [1, 4, 5, 10], [1, 2, 3, 11], [0, 1, 2, 4], [2, 8, 11, 13], [1, 2, 4, 5]]",4,1.3784117698669434,128,learned,0.0,3264,4.0,124,1.4502044916152954,23,8 48 24 32,1628,0.39149320125579834,test,top_r_mean,0.0,0.0,0.75,0.875
0.07862407862407862,0.0,51,0.0,31,33.05059997364879,hotpotqa,1.0,0.0,0.0,0.0,5ab88c075542991b5579efbe,mean,0.2752941176470588,0.1037847176194191,"[[0, 1, 5, 11], [6, 8, 9, 10], [1, 2, 12, 13], [0, 2, 5, 15], [0, 1, 4, 5], [3, 5, 6, 17], [4, 5, 6, 7], [8, 9, 10, 11], [0, 1, 4, 5], [3, 4, 6, 14], [6, 8, 9, 10], [1, 2, 3, 4], [0, 2, 3, 18], [7, 8, 9, 17], [0, 2, 3, 4], [0, 3, 5, 10], [0, 1, 2, 9], [2, 3, 4, 7], [2, 3, 4, 5], [2, 3, 4, 5], [4, 5, 7, 8], [5, 6, 10, 14], [1, 2, 3, 11], [5, 15, 16, 17], [0, 1, 4, 13], [0, 4, 6, 7], [0, 1, 9, 10], [0, 2, 5, 6], [2, 8, 9, 19], [0, 1, 2, 12], [1, 2, 9, 10], [5, 6, 7, 12], [0, 1, 10, 11], [0, 1, 4, 5], [8, 9, 10, 15], [4, 5, 7, 10], [7, 12, 14, 15], [1, 8, 9, 10], [0, 1, 2, 3], [0, 1, 3, 4], [0, 1, 2, 3], [1, 2, 3, 7], [2, 3, 4, 6], [1, 2, 4, 6], [0, 1, 5, 11], [1, 3, 7, 9], [1, 4, 5, 10], [0, 1, 2, 3], [0, 1, 2, 4], [2, 8, 11, 16], [1, 2, 4, 5]]",4,1.3689031600952148,128,learned,0.0,3264,4.0,124,1.4413336515426636,37,24 48 8 16,1628,0.39230766892433167,test,top_r_mean,0.0,0.5,0.5,0.875
0.07862407862407862,0.0,51,0.0,31,32.66789996996522,hotpotqa,1.0,0.0,0.0,0.0,5ab88c075542991b5579efbe,mean,0.24705882352941178,0.11364199966192245,"[[0, 1, 5, 13], [6, 8, 9, 10], [1, 2, 12, 13], [0, 2, 5, 15], [0, 1, 4, 5], [3, 5, 6, 8], [2, 4, 5, 6], [8, 9, 10, 11], [0, 1, 4, 5], [3, 4, 6, 14], [6, 8, 9, 10], [1, 2, 3, 4], [0, 2, 3, 18], [1, 4, 7, 8], [0, 2, 3, 4], [0, 3, 4, 5], [0, 1, 2, 9], [2, 3, 4, 8], [2, 3, 4, 5], [3, 4, 5, 7], [4, 5, 7, 8], [5, 6, 10, 14], [1, 2, 3, 11], [0, 5, 15, 16], [0, 1, 4, 13], [0, 4, 5, 6], [0, 1, 3, 9], [0, 2, 5, 6], [2, 8, 9, 19], [0, 1, 2, 11], [1, 2, 9, 10], [5, 6, 7, 12], [0, 1, 10, 11], [0, 1, 4, 5], [8, 9, 10, 15], [4, 5, 7, 10], [6, 7, 12, 14], [1, 2, 8, 9], [0, 1, 2, 3], [0, 1, 3, 4], [0, 1, 2, 3], [1, 2, 3, 7], [2, 3, 4, 6], [1, 2, 4, 6], [0, 1, 5, 11], [1, 3, 7, 9], [1, 4, 5, 7], [1, 2, 3, 11], [0, 1, 2, 4], [2, 8, 10, 11], [1, 2, 4, 5]]",4,1.3712239265441895,128,learned,0.0,3264,4.0,124,1.4535455703735352,53,24 48 0 8,1628,0.35085973143577576,test,top_r_mean,0.0,0.5,0.75,0.875
0.07862407862407862,0.0,51,0.0,31,36.171300103887916,hotpotqa,1.0,0.0,0.0,0.0,5ab88c075542991b5579efbe,mean,0.24235294117647058,0.10091487318277359,"[[0, 1, 5, 13], [6, 8, 9, 10], [1, 2, 13, 19], [0, 2, 5, 16], [0, 1, 4, 5], [3, 5, 6, 17], [4, 5, 6, 8], [8, 9, 10, 11], [0, 4, 5, 7], [3, 6, 14, 18], [6, 8, 9, 10], [1, 2, 3, 4], [0, 2, 3, 18], [4, 7, 8, 10], [0, 2, 3, 4], [0, 3, 4, 10], [0, 1, 2, 9], [2, 3, 4, 8], [2, 3, 4, 8], [3, 4, 5, 11], [4, 5, 7, 8], [5, 6, 10, 14], [2, 3, 11, 12], [5, 15, 16, 17], [0, 1, 4, 8], [0, 4, 5, 6], [0, 1, 9, 10], [2, 5, 6, 7], [2, 8, 9, 19], [0, 1, 2, 12], [1, 2, 10, 12], [5, 6, 7, 12], [0, 1, 9, 10], [0, 1, 4, 5], [5, 8, 9, 10], [4, 5, 7, 10], [7, 12, 14, 15], [1, 2, 8, 9], [0, 1, 2, 3], [0, 1, 3, 4], [0, 1, 2, 3], [1, 2, 3, 7], [2, 3, 4, 6], [1, 2, 4, 7], [0, 1, 5, 11], [1, 3, 7, 9], [1, 4, 5, 7], [1, 2, 3, 10], [0, 1, 2, 4], [2, 8, 11, 13], [1, 2, 4, 5]]",4,1.3372870683670044,128,learned,0.0,3264,4.0,124,1.4085675477981567,71,8 48 0 24,1628,0.36199095845222473,test,top_r_mean,0.0,0.0,0.75,0.875
0.07862407862407862,0.0,51,0.0,31,34.01919989846647,hotpotqa,1.0,0.0,0.0,0.0,5ab88c075542991b5579efbe,mean,0.39137254901960783,0.04513746127486229,"[[0, 1, 5, 13, 14, 15, 30, 31], [6, 8, 9, 10, 12, 13, 14, 26], [1, 2, 12, 13, 22, 23, 27, 31], [0, 2, 5, 16, 17, 19, 20, 29], [0, 1, 4, 5, 6, 7, 15, 17], [3, 5, 6, 16, 18, 22, 23, 26], [4, 5, 6, 8, 10, 12, 13, 14], [8, 9, 10, 11, 15, 28, 29, 31], [0, 4, 5, 7, 8, 16, 28, 30], [3, 4, 6, 14, 18, 19, 20, 24], [6, 8, 9, 10, 12, 16, 17, 18], [1, 2, 3, 4, 5, 20, 21, 31], [0, 2, 3, 18, 21, 23, 24, 27], [4, 7, 8, 15, 17, 18, 20, 27], [0, 2, 3, 4, 6, 15, 21, 29], [0, 3, 10, 11, 19, 22, 24, 31], [0, 1, 2, 9, 10, 14, 18, 22], [2, 3, 4, 8, 13, 14, 17, 28], [2, 3, 4, 8, 11, 13, 14, 15], [3, 4, 5, 7, 11, 17, 19, 30], [4, 5, 7, 8, 9, 10, 24, 31], [5, 10, 14, 15, 16, 17, 18, 24], [2, 3, 11, 12, 13, 17, 19, 20], [5, 15, 16, 17, 18, 20, 21, 22], [0, 1, 4, 13, 14, 15, 24, 31], [0, 4, 6, 7, 8, 10, 11, 14], [0, 1, 9, 10, 11, 22, 25, 27], [0, 2, 5, 6, 7, 11, 13, 16], [2, 8, 9, 19, 26, 28, 30, 31], [0, 1, 2, 12, 21, 22, 23, 26], [1, 2, 9, 10, 12, 13, 19, 23], [5, 6, 7, 12, 13, 14, 15, 24], [0, 1, 9, 10, 11, 15, 18, 26], [1, 4, 5, 6, 7, 8, 20, 26], [8, 9, 10, 15, 22, 23, 29, 30], [4, 5, 7, 10, 20, 21, 22, 23], [7, 12, 14, 15, 18, 28, 29, 30], [1, 8, 9, 10, 14, 19, 21, 22], [0, 1, 2, 3, 9, 14, 15, 23], [0, 1, 3, 4, 20, 26, 27, 29], [0, 1, 2, 3, 7, 12, 13, 15], [1, 2, 3, 7, 8, 14, 16, 17], [2, 3, 4, 6, 7, 12, 14, 19], [1, 2, 4, 6, 7, 9, 17, 23], [0, 1, 5, 11, 12, 16, 18, 21], [1, 3, 7, 9, 15, 16, 17, 29], [1, 4, 5, 7, 10, 11, 16, 17], [1, 2, 3, 11, 21, 25, 26, 27], [0, 1, 2, 4, 6, 15, 18, 26], [2, 8, 11, 13, 16, 17, 19, 23], [1, 2, 4, 5, 6, 9, 15, 26]]",8,0.7837660908699036,128,learned,0.0,6528,4.0,124,0.8396926522254944,11,8 32 24 0,1628,0.5456108450889587,test,top_r_mean,0.0,0.0,1.0,0.875
0.07862407862407862,0.0,51,0.0,31,38.35659986361861,hotpotqa,1.0,0.0,0.0,0.0,5ab88c075542991b5579efbe,mean,0.42274509803921567,0.04372754320502281,"[[0, 1, 5, 11, 13, 14, 15, 30], [6, 8, 9, 10, 13, 14, 22, 26], [1, 2, 12, 13, 22, 23, 27, 31], [0, 2, 13, 15, 16, 17, 20, 29], [0, 1, 4, 5, 6, 7, 15, 31], [3, 5, 6, 16, 17, 18, 22, 26], [4, 5, 6, 7, 8, 10, 12, 13], [8, 9, 10, 11, 15, 28, 29, 31], [0, 4, 5, 7, 8, 16, 29, 30], [4, 6, 14, 18, 19, 20, 24, 27], [6, 8, 9, 10, 12, 16, 17, 18], [1, 2, 3, 4, 5, 20, 21, 31], [0, 2, 3, 5, 21, 23, 24, 27], [7, 8, 9, 17, 18, 20, 27, 28], [0, 2, 3, 4, 6, 7, 15, 29], [0, 3, 4, 5, 10, 11, 19, 31], [0, 1, 2, 6, 9, 10, 14, 18], [2, 3, 4, 8, 13, 14, 17, 28], [3, 4, 8, 11, 13, 14, 15, 28], [2, 3, 4, 5, 11, 17, 19, 30], [4, 5, 7, 8, 9, 23, 24, 31], [5, 6, 10, 14, 15, 16, 17, 18], [1, 2, 3, 11, 12, 13, 17, 20], [0, 7, 15, 16, 17, 18, 21, 22], [0, 1, 4, 8, 13, 15, 24, 31], [0, 4, 6, 7, 8, 10, 11, 14], [0, 1, 9, 10, 22, 25, 27, 31], [2, 5, 6, 7, 11, 13, 14, 20], [2, 8, 9, 19, 26, 28, 30, 31], [0, 1, 2, 12, 21, 22, 23, 26], [1, 2, 9, 10, 12, 13, 19, 23], [5, 6, 7, 12, 13, 14, 15, 24], [0, 1, 10, 11, 15, 18, 19, 26], [0, 1, 4, 5, 6, 7, 8, 26], [8, 9, 10, 15, 22, 23, 29, 30], [4, 5, 7, 10, 20, 21, 22, 23], [7, 12, 14, 15, 18, 28, 29, 30], [0, 1, 8, 9, 14, 19, 21, 22], [0, 1, 2, 3, 9, 14, 15, 23], [0, 2, 3, 4, 20, 26, 27, 29], [0, 1, 2, 3, 5, 7, 12, 15], [1, 2, 3, 7, 8, 12, 14, 16], [2, 3, 4, 6, 7, 12, 19, 27], [1, 2, 4, 6, 7, 9, 23, 28], [0, 1, 5, 11, 12, 16, 18, 21], [1, 7, 9, 15, 16, 17, 19, 29], [1, 4, 5, 10, 11, 14, 16, 17], [1, 2, 3, 11, 24, 25, 27, 29], [0, 1, 2, 4, 5, 6, 9, 23], [2, 8, 11, 13, 16, 19, 22, 23], [1, 2, 4, 5, 6, 9, 15, 26]]",8,0.8135443329811096,128,learned,0.0,6528,4.0,124,0.8646146655082703,23,8 0 32 24,1628,0.585067868232727,test,top_r_mean,0.0,0.5,1.0,0.875
0.07862407862407862,0.0,51,0.0,31,38.62839983776212,hotpotqa,1.0,0.0,0.0,0.0,5ab88c075542991b5579efbe,mean,0.42274509803921567,0.04216361790895462,"[[0, 1, 5, 11, 13, 14, 15, 30], [6, 8, 9, 10, 13, 14, 22, 26], [1, 2, 12, 13, 22, 23, 27, 31], [0, 2, 5, 15, 16, 17, 20, 29], [0, 1, 4, 5, 6, 7, 15, 17], [3, 5, 6, 17, 18, 19, 22, 26], [4, 5, 6, 7, 8, 10, 12, 13], [8, 9, 10, 11, 15, 28, 29, 31], [0, 1, 4, 5, 7, 8, 16, 29], [3, 4, 6, 14, 18, 19, 20, 24], [6, 8, 9, 10, 12, 16, 17, 18], [1, 2, 3, 4, 5, 20, 21, 31], [0, 2, 3, 18, 21, 23, 24, 27], [7, 8, 9, 17, 18, 20, 27, 28], [0, 2, 3, 4, 6, 15, 21, 29], [0, 3, 5, 10, 11, 19, 24, 31], [0, 1, 2, 9, 10, 14, 18, 22], [2, 3, 4, 7, 8, 14, 17, 28], [2, 3, 4, 5, 8, 11, 14, 15], [2, 3, 4, 5, 11, 17, 19, 30], [4, 5, 7, 8, 9, 10, 24, 31], [5, 6, 10, 14, 15, 16, 17, 18], [1, 2, 3, 11, 12, 13, 17, 20], [5, 15, 16, 17, 18, 20, 21, 22], [0, 1, 4, 13, 14, 15, 24, 31], [0, 4, 6, 7, 8, 10, 11, 14], [0, 1, 9, 10, 17, 22, 25, 27], [0, 2, 5, 6, 7, 11, 13, 20], [2, 8, 9, 19, 26, 28, 30, 31], [0, 1, 2, 12, 21, 22, 23, 26], [1, 2, 9, 10, 12, 13, 19, 23], [5, 6, 7, 12, 13, 14, 15, 24], [0, 1, 10, 11, 15, 18, 19, 26], [0, 1, 4, 5, 6, 7, 8, 20], [8, 9, 10, 15, 22, 23, 29, 30], [4, 5, 7, 10, 20, 21, 22, 23], [7, 12, 14, 15, 18, 28, 29, 30], [1, 8, 9, 10, 14, 19, 21, 22], [0, 1, 2, 3, 4, 9, 14, 23], [0, 1, 3, 4, 20, 26, 27, 29], [0, 1, 2, 3, 7, 12, 13, 15], [1, 2, 3, 7, 8, 12, 14, 16], [2, 3, 4, 6, 7, 12, 14, 19], [1, 2, 4, 6, 7, 9, 23, 28], [0, 1, 5, 11, 12, 16, 18, 21], [1, 3, 7, 9, 15, 16, 17, 29], [1, 4, 5, 10, 11, 16, 17, 23], [0, 1, 2, 3, 11, 24, 25, 27], [0, 1, 2, 4, 15, 18, 23, 26], [2, 8, 11, 16, 17, 19, 22, 23], [1, 2, 4, 5, 6, 9, 15, 26]]",8,0.7947337627410889,128,learned,0.0,6528,4.0,124,0.8467715978622437,37,8 0 24 32,1628,0.585520327091217,test,top_r_mean,0.0,0.5,1.0,0.875
0.07862407862407862,0.0,51,0.0,31,36.94040002301335,hotpotqa,1.0,0.0,0.0,0.0,5ab88c075542991b5579efbe,mean,0.43058823529411766,0.04189180210232735,"[[0, 1, 5, 13, 14, 15, 30, 31], [6, 8, 9, 10, 12, 13, 14, 26], [1, 2, 12, 13, 22, 23, 27, 31], [0, 2, 5, 15, 16, 17, 20, 29], [0, 1, 4, 5, 6, 7, 15, 31], [3, 5, 6, 8, 16, 18, 22, 26], [2, 4, 5, 6, 8, 10, 12, 13], [8, 9, 10, 11, 15, 28, 29, 31], [0, 1, 4, 5, 7, 8, 16, 30], [3, 4, 6, 14, 18, 19, 20, 24], [6, 8, 9, 10, 12, 16, 17, 18], [1, 2, 3, 4, 5, 20, 21, 31], [0, 2, 3, 18, 21, 23, 24, 27], [1, 4, 7, 8, 17, 18, 20, 27], [0, 2, 3, 4, 6, 7, 21, 29], [0, 3, 4, 5, 10, 11, 24, 31], [0, 1, 2, 9, 10, 14, 18, 22], [2, 3, 4, 8, 13, 14, 17, 28], [2, 3, 4, 5, 8, 11, 14, 15], [3, 4, 5, 7, 11, 17, 19, 30], [4, 5, 7, 8, 9, 10, 24, 31], [5, 6, 10, 14, 15, 16, 17, 18], [1, 2, 3, 11, 12, 13, 17, 20], [0, 5, 15, 16, 17, 18, 21, 22], [0, 1, 4, 13, 14, 15, 24, 31], [0, 4, 5, 6, 7, 8, 10, 14], [0, 1, 3, 9, 10, 22, 25, 27], [0, 2, 5, 6, 7, 11, 13, 20], [2, 8, 9, 19, 26, 28, 30, 31], [0, 1, 2, 11, 12, 21, 22, 23], [1, 2, 9, 10, 12, 13, 19, 23], [5, 6, 7, 12, 13, 14, 15, 24], [0, 1, 10, 11, 15, 18, 19, 26], [0, 1, 4, 5, 6, 7, 8, 26], [8, 9, 10, 15, 22, 23, 29, 30], [4, 5, 7, 10, 20, 21, 22, 23], [6, 7, 12, 14, 15, 18, 28, 29], [1, 2, 8, 9, 10, 14, 21, 22], [0, 1, 2, 3, 4, 9, 14, 23], [0, 1, 3, 4, 20, 26, 27, 29], [0, 1, 2, 3, 7, 12, 13, 15], [1, 2, 3, 7, 8, 12, 14, 16], [2, 3, 4, 6, 7, 12, 14, 19], [1, 2, 4, 6, 7, 9, 17, 28], [0, 1, 5, 11, 12, 16, 18, 21], [1, 3, 7, 9, 15, 16, 17, 29], [1, 4, 5, 7, 10, 11, 16, 17], [1, 2, 3, 11, 24, 25, 27, 29], [0, 1, 2, 4, 5, 6, 9, 18], [2, 8, 10, 11, 13, 16, 19, 23], [1, 2, 4, 5, 6, 9, 15, 26]]",8,0.7858644723892212,128,learned,0.0,6528,4.0,124,0.8384357690811157,53,8 24 32 0,1628,0.5906786918640137,test,top_r_mean,0.0,0.5,1.0,0.875
0.07862407862407862,0.0,51,0.0,31,38.69779990054667,hotpotqa,1.0,0.0,0.0,0.0,5ab88c075542991b5579efbe,mean,0.4243137254901961,0.04140949249267578,"[[0, 1, 5, 13, 14, 15, 30, 31], [6, 8, 9, 10, 13, 14, 22, 26], [1, 2, 13, 19, 22, 23, 27, 31], [0, 2, 5, 16, 17, 19, 20, 29], [0, 1, 4, 5, 6, 7, 15, 17], [3, 5, 6, 17, 18, 22, 26, 28], [4, 5, 6, 8, 10, 12, 13, 14], [8, 9, 10, 11, 15, 28, 29, 31], [0, 4, 5, 7, 8, 15, 16, 30], [3, 6, 14, 18, 19, 20, 24, 27], [6, 8, 9, 10, 12, 16, 17, 18], [1, 2, 3, 4, 5, 20, 21, 31], [0, 2, 3, 18, 21, 23, 24, 27], [4, 7, 8, 10, 17, 18, 20, 27], [0, 2, 3, 4, 6, 7, 21, 29], [0, 3, 4, 10, 11, 19, 24, 31], [0, 1, 2, 9, 10, 14, 18, 22], [2, 3, 4, 8, 13, 14, 17, 28], [2, 3, 4, 8, 11, 13, 14, 15], [3, 4, 5, 11, 17, 19, 30, 31], [4, 5, 7, 8, 9, 16, 24, 31], [5, 6, 10, 14, 15, 16, 17, 18], [2, 3, 11, 12, 13, 17, 19, 20], [5, 15, 16, 17, 18, 20, 21, 22], [0, 1, 4, 8, 13, 15, 24, 31], [0, 4, 5, 6, 7, 8, 10, 14], [0, 1, 9, 10, 17, 22, 25, 27], [2, 5, 6, 7, 11, 13, 15, 16], [2, 8, 9, 19, 26, 28, 30, 31], [0, 1, 2, 12, 21, 22, 23, 26], [1, 2, 10, 12, 13, 19, 23, 24], [5, 6, 7, 12, 13, 14, 15, 24], [0, 1, 9, 10, 11, 15, 18, 26], [0, 1, 4, 5, 6, 7, 8, 26], [5, 8, 9, 10, 15, 22, 23, 30], [4, 5, 7, 10, 20, 21, 22, 23], [7, 12, 14, 15, 18, 25, 28, 30], [1, 2, 8, 9, 10, 14, 21, 22], [0, 1, 2, 3, 9, 14, 15, 23], [0, 1, 3, 4, 20, 26, 27, 29], [0, 1, 2, 3, 7, 12, 13, 15], [1, 2, 3, 7, 8, 14, 16, 17], [2, 3, 4, 6, 7, 12, 19, 30], [1, 2, 4, 7, 9, 17, 23, 28], [0, 1, 5, 11, 12, 16, 18, 21], [1, 3, 7, 9, 15, 16, 17, 29], [1, 4, 5, 7, 10, 11, 16, 17], [1, 2, 3, 10, 11, 25, 26, 27], [0, 1, 2, 4, 6, 15, 18, 23], [2, 8, 11, 13, 16, 19, 22, 23], [1, 2, 4, 5, 6, 9, 15, 26]]",8,0.7673240900039673,128,learned,0.0,6528,4.0,124,0.8200478553771973,71,8 32 0 24,1628,0.5870588421821594,test,top_r_mean,0.0,0.0,1.0,0.875
0.10150674068199841,0.0,40,0.0,31,20.464600063860416,hotpotqa,0.8,0.0,0.0,0.0,5a714b645542994082a3e78b,mean,0.3871794871794872,1.1430704593658447,"[[0], [2], [1], [0], [0], [1], [2], [0], [0], [1], [3], [4], [0], [0], [6], [5], [0], [0], [1], [3], [1], [3], [4], [1], [0], [0], [2], [5], [0], [0], [1], [3], [0], [2], [0], [4], [3], [0], [2], [1]]",1,1.0425688028335571,128,learned,0.0,640,4.0,124,1.2205195426940918,11,8 24 0 16,1261,0.521575927734375,test,top_r_mean,0.0,0.5,1.0,0.75
0.10150674068199841,0.0,40,0.0,31,28.908699983730912,hotpotqa,0.8,0.0,0.0,0.0,5a714b645542994082a3e78b,mean,0.36666666666666664,1.1479719877243042,"[[0], [2], [1], [0], [0], [1], [2], [0], [0], [0], [0], [4], [0], [0], [6], [5], [0], [0], [1], [3], [1], [3], [4], [1], [0], [0], [2], [1], [0], [0], [1], [3], [0], [2], [0], [4], [3], [0], [2], [1]]",1,1.050908088684082,128,learned,0.0,640,4.0,124,1.224642276763916,23,8 24 0 16,1261,0.5103188753128052,test,top_r_mean,0.0,0.5,1.0,0.75
0.10150674068199841,0.0,40,0.0,31,19.234899897128344,hotpotqa,0.8,0.0,0.0,0.0,5a714b645542994082a3e78b,mean,0.4025641025641026,1.1684069633483887,"[[0], [2], [1], [0], [0], [1], [2], [0], [0], [1], [3], [4], [0], [0], [4], [5], [0], [0], [1], [3], [1], [3], [4], [1], [0], [0], [2], [2], [0], [0], [1], [2], [0], [1], [0], [4], [3], [0], [2], [1]]",1,1.0798065662384033,128,learned,0.0,640,4.0,124,1.2474932670593262,37,8 24 0 16,1261,0.5328329205513,test,top_r_mean,0.0,0.5,1.0,0.75
0.10150674068199841,0.0,40,0.0,31,19.680700032040477,hotpotqa,0.8,0.0,0.0,0.0,5a714b645542994082a3e78b,mean,0.36153846153846153,1.1828289031982422,"[[0], [1], [1], [0], [0], [1], [2], [0], [0], [1], [3], [4], [0], [0], [6], [5], [0], [0], [1], [3], [1], [3], [4], [1], [0], [0], [2], [2], [0], [0], [1], [2], [0], [1], [0], [4], [3], [0], [2], [1]]",1,1.0952155590057373,128,learned,0.0,640,4.0,124,1.2621486186981201,53,8 24 0 16,1261,0.48649150133132935,test,top_r_mean,0.0,0.5,1.0,0.75
0.10150674068199841,0.0,40,0.0,31,19.289399962872267,hotpotqa,0.8,0.0,0.0,0.0,5a714b645542994082a3e78b,mean,0.3769230769230769,1.1448454856872559,"[[0], [2], [1], [0], [0], [1], [2], [0], [0], [1], [3], [4], [0], [0], [6], [5], [0], [0], [1], [3], [1], [3], [4], [1], [0], [0], [2], [1], [0], [0], [1], [3], [0], [2], [0], [4], [3], [0], [2], [1]]",1,1.0447463989257812,128,learned,0.0,640,4.0,124,1.2222222089767456,71,8 24 0 16,1261,0.5146340727806091,test,top_r_mean,0.0,0.5,1.0,0.75
0.10150674068199841,1.0,40,0.0,31,30.20280017517507,hotpotqa,0.8,0.25,0.2,0.0,5a714b645542994082a3e78b,mean,0.49743589743589745,0.18253591656684875,"[[0, 2], [2, 3], [1, 3], [0, 1], [0, 1], [1, 2], [2, 4], [0, 7], [0, 1], [1, 3], [3, 8], [4, 5], [0, 1], [0, 1], [6, 7], [5, 9], [0, 1], [0, 3], [1, 3], [3, 4], [1, 7], [3, 4], [4, 6], [1, 2], [0, 1], [0, 3], [2, 3], [5, 6], [0, 1], [0, 6], [1, 2], [3, 5], [0, 1], [2, 7], [0, 5], [4, 5], [3, 5], [0, 6], [2, 5], [1, 4]]",2,0.811000645160675,128,learned,1.0,1280,4.0,124,0.8685041666030884,11,32 8 24 0,1261,0.6729829907417297,test,top_r_mean,0.0,0.5,0.75,0.75
0.10150674068199841,1.0,40,0.0,31,34.372299909591675,hotpotqa,0.8,0.25,0.2,0.0,5a714b645542994082a3e78b,mean,0.4307692307692308,0.19721922278404236,"[[0, 2], [2, 3], [1, 3], [0, 1], [0, 1], [1, 2], [2, 4], [0, 7], [0, 1], [0, 1], [0, 3], [4, 5], [0, 1], [0, 1], [6, 7], [5, 9], [0, 2], [0, 3], [1, 3], [3, 4], [1, 7], [3, 4], [4, 6], [1, 2], [0, 1], [0, 3], [2, 3], [1, 5], [0, 1], [0, 3], [1, 2], [3, 5], [0, 1], [2, 7], [0, 5], [4, 5], [3, 5], [0, 6], [2, 5], [1, 4]]",2,0.8286603093147278,128,learned,1.0,1280,4.0,124,0.8949030041694641,23,32 8 24 0,1261,0.6022513508796692,test,top_r_mean,0.0,0.5,0.75,0.75
0.10150674068199841,1.0,40,0.0,31,31.04829997755587,hotpotqa,0.8,0.25,0.2,0.0,5a714b645542994082a3e78b,mean,0.5333333333333333,0.17942997813224792,"[[0, 1], [2, 3], [1, 3], [0, 1], [0, 1], [1, 2], [2, 4], [0, 8], [0, 1], [1, 3], [3, 6], [4, 5], [0, 1], [0, 1], [4, 6], [5, 9], [0, 1], [0, 3], [1, 3], [3, 4], [1, 6], [3, 4], [4, 6], [1, 2], [0, 1], [0, 3], [2, 3], [2, 5], [0, 1], [0, 3], [1, 2], [2, 3], [0, 1], [1, 2], [0, 5], [4, 5], [3, 5], [0, 6], [2, 5], [1, 4]]",2,0.8203250765800476,128,learned,1.0,1280,4.0,124,0.879364013671875,37,32 8 24 0,1261,0.7043151259422302,test,top_r_mean,0.0,0.5,0.75,0.75
0.10150674068199841,1.0,40,0.0,31,37.094200029969215,hotpotqa,0.8,0.25,0.2,0.0,5a714b645542994082a3e78b,mean,0.4846153846153846,0.18607842922210693,"[[0, 1], [1, 2], [1, 3], [0, 1], [0, 1], [1, 2], [2, 4], [0, 3], [0, 1], [1, 3], [3, 6], [4, 5], [0, 1], [0, 1], [6, 7], [5, 9], [0, 1], [0, 3], [1, 3], [3, 4], [1, 2], [3, 4], [4, 6], [1, 2], [0, 1], [0, 3], [2, 3], [2, 5], [0, 1], [0, 3], [1, 2], [2, 3], [0, 1], [1, 2], [0, 5], [4, 5], [3, 5], [0, 6], [2, 5], [1, 4]]",2,0.8347697257995605,128,learned,1.0,1280,4.0,124,0.8949152231216431,53,32 8 24 0,1261,0.6521575450897217,test,top_r_mean,0.0,0.5,0.75,0.75
0.10150674068199841,1.0,40,0.0,31,23.405299987643957,hotpotqa,0.8,0.25,0.2,0.0,5a714b645542994082a3e78b,mean,0.4897435897435897,0.18738916516304016,"[[0, 2], [2, 3], [1, 3], [0, 1], [0, 1], [1, 2], [2, 4], [0, 7], [0, 1], [1, 3], [3, 6], [4, 5], [0, 1], [0, 1], [6, 7], [5, 9], [0, 2], [0, 3], [1, 3], [3, 4], [1, 6], [3, 4], [4, 6], [1, 2], [0, 1], [0, 3], [2, 3], [1, 5], [0, 1], [0, 6], [1, 2], [3, 5], [0, 1], [2, 7], [0, 5], [4, 5], [3, 5], [0, 6], [2, 5], [1, 4]]",2,0.8091222643852234,128,learned,1.0,1280,4.0,124,0.8723710179328918,71,32 8 24 0,1261,0.6714820861816406,test,top_r_mean,0.0,0.5,0.75,0.75
0.10150674068199841,1.0,40,0.0,31,26.45580004900694,hotpotqa,0.8,0.25,0.2,0.0,5a714b645542994082a3e78b,mean,0.6076923076923076,0.017319926992058754,"[[0, 2, 3, 8], [2, 3, 7, 8], [1, 3, 4, 5], [0, 1, 2, 5], [0, 1, 5, 6], [1, 2, 3, 9], [2, 4, 16, 18], [0, 7, 8, 9], [0, 1, 4, 6], [1, 3, 7, 10], [3, 8, 12, 16], [4, 5, 8, 18], [0, 1, 3, 8], [0, 1, 2, 5], [6, 7, 9, 10], [5, 9, 12, 13], [0, 1, 2, 3], [0, 3, 4, 8], [1, 3, 6, 9], [3, 4, 7, 11], [1, 7, 8, 10], [3, 4, 5, 10], [4, 6, 8, 9], [1, 2, 3, 4], [0, 1, 2, 5], [0, 3, 4, 6], [2, 3, 4, 5], [5, 6, 7, 8], [0, 1, 3, 11], [0, 6, 8, 9], [1, 2, 4, 5], [3, 5, 7, 8], [0, 1, 5, 8], [2, 7, 8, 21], [0, 5, 6, 7], [4, 5, 6, 12], [3, 5, 6, 7], [0, 6, 10, 11], [2, 5, 6, 7], [1, 4, 6, 7]]",4,0.8918299078941345,128,learned,0.25,2560,4.0,124,0.9107253551483154,11,0 8 24 32,1261,0.7628516554832458,test,top_r_mean,1.0,1.0,0.75,1.0
0.10150674068199841,0.0,40,0.0,31,27.971700066700578,hotpotqa,0.8,0.0,0.0,0.0,5a714b645542994082a3e78b,mean,0.5769230769230769,0.02017137221992016,"[[0, 2, 3, 8], [2, 3, 7, 9], [1, 3, 4, 5], [0, 1, 2, 5], [0, 1, 5, 6], [1, 2, 3, 9], [2, 4, 18, 21], [0, 7, 8, 9], [0, 1, 4, 6], [0, 1, 3, 6], [0, 3, 6, 8], [4, 5, 17, 18], [0, 1, 3, 8], [0, 1, 2, 4], [6, 7, 9, 10], [5, 9, 12, 13], [0, 2, 3, 7], [0, 3, 4, 6], [1, 3, 6, 9], [3, 4, 7, 9], [1, 7, 9, 10], [3, 4, 5, 10], [4, 6, 8, 9], [1, 2, 3, 4], [0, 1, 5, 7], [0, 3, 4, 6], [2, 3, 5, 7], [1, 5, 6, 7], [0, 1, 3, 4], [0, 3, 6, 8], [1, 2, 4, 5], [3, 5, 7, 8], [0, 1, 5, 8], [2, 7, 8, 10], [0, 5, 6, 7], [4, 5, 6, 12], [3, 5, 6, 7], [0, 6, 10, 11], [2, 5, 6, 7], [1, 4, 6, 7]]",4,0.8958892822265625,128,learned,0.0,2560,4.0,124,0.917073130607605,23,0 16 8 24,1261,0.7472794651985168,test,top_r_mean,1.0,0.5,1.0,0.875
0.10150674068199841,1.0,40,0.0,31,29.187499778345227,hotpotqa,0.8,0.25,0.2,0.0,5a714b645542994082a3e78b,mean,0.6,0.017191926017403603,"[[0, 1, 2, 8], [2, 3, 7, 8], [1, 3, 4, 5], [0, 1, 2, 5], [0, 1, 5, 6], [1, 2, 3, 9], [2, 4, 16, 21], [0, 8, 9, 11], [0, 1, 4, 6], [1, 3, 7, 10], [3, 6, 8, 12], [4, 5, 8, 17], [0, 1, 3, 8], [0, 1, 2, 4], [4, 6, 7, 9], [5, 9, 12, 13], [0, 1, 2, 3], [0, 3, 4, 8], [1, 3, 6, 9], [3, 4, 7, 9], [1, 6, 7, 8], [3, 4, 5, 10], [4, 6, 8, 9], [1, 2, 3, 4], [0, 1, 2, 5], [0, 3, 4, 6], [2, 3, 4, 5], [2, 5, 6, 7], [0, 1, 3, 4], [0, 3, 6, 8], [1, 2, 4, 5], [2, 3, 5, 7], [0, 1, 5, 8], [1, 2, 7, 8], [0, 5, 6, 7], [4, 5, 6, 9], [3, 5, 6, 7], [0, 6, 8, 10], [2, 5, 6, 7], [1, 4, 6, 7]]",4,0.9219953417778015,128,learned,0.25,2560,4.0,124,0.9407094120979309,37,8 0 24 32,1261,0.7643526792526245,test,top_r_mean,0.0,1.0,0.75,0.875
0.10150674068199841,1.0,40,0.0,31,25.840000016614795,hotpotqa,0.8,0.25,0.2,0.0,5a714b645542994082a3e78b,mean,0.6153846153846154,0.01520873699337244,"[[0, 1, 2, 8], [1, 2, 3, 7], [1, 3, 4, 5], [0, 1, 2, 5], [0, 1, 5, 6], [1, 2, 3, 8], [2, 4, 16, 21], [0, 3, 7, 8], [0, 1, 4, 6], [1, 3, 7, 10], [3, 6, 8, 16], [4, 5, 6, 18], [0, 1, 3, 8], [0, 1, 2, 4], [6, 7, 9, 10], [5, 9, 12, 13], [0, 1, 2, 3], [0, 3, 4, 8], [1, 3, 6, 9], [3, 4, 7, 11], [1, 2, 6, 7], [3, 4, 5, 10], [4, 6, 8, 9], [1, 2, 3, 4], [0, 1, 2, 5], [0, 3, 4, 6], [2, 3, 4, 5], [2, 5, 6, 7], [0, 1, 3, 4], [0, 3, 6, 8], [1, 2, 4, 5], [2, 3, 5, 7], [0, 1, 5, 8], [1, 2, 7, 8], [0, 5, 6, 7], [4, 5, 6, 12], [3, 5, 6, 7], [0, 6, 10, 11], [2, 5, 6, 7], [1, 4, 6, 7]]",4,0.9095699191093445,128,learned,0.25,2560,4.0,124,0.926507294178009,53,8 0 24 32,1261,0.7763600945472717,test,top_r_mean,0.0,1.0,0.75,1.0
0.10150674068199841,0.0,40,0.0,31,27.94579998590052,hotpotqa,0.8,0.0,0.0,0.0,5a714b645542994082a3e78b,mean,0.6410256410256411,0.016088737174868584,"[[0, 2, 8, 13], [2, 3, 7, 9], [1, 3, 4, 6], [0, 1, 2, 5], [0, 1, 5, 6], [1, 2, 3, 9], [2, 4, 16, 21], [0, 7, 8, 9], [0, 1, 4, 6], [1, 3, 6, 7], [3, 6, 8, 12], [4, 5, 18, 22], [0, 1, 3, 8], [0, 1, 2, 5], [6, 7, 9, 10], [5, 9, 12, 13], [0, 2, 3, 7], [0, 3, 4, 8], [1, 3, 6, 9], [3, 4, 7, 11], [1, 6, 7, 9], [3, 4, 5, 8], [4, 6, 8, 9], [1, 2, 3, 4], [0, 1, 5, 7], [0, 3, 4, 6], [2, 3, 5, 7], [1, 5, 6, 7], [0, 1, 3, 11], [0, 6, 8, 9], [1, 2, 5, 10], [3, 5, 7, 8], [0, 1, 5, 8], [2, 7, 8, 21], [0, 5, 6, 7], [4, 5, 6, 12], [3, 5, 6, 7], [0, 6, 10, 11], [2, 5, 6, 7], [1, 4, 6, 7]]",4,0.8821939826011658,128,learned,0.0,2560,4.0,124,0.8999582529067993,71,0 16 8 24,1261,0.7990618348121643,test,top_r_mean,1.0,0.5,1.0,0.875
0.10150674068199841,0.0,40,0.0,31,29.27899989299476,hotpotqa,0.8,0.0,0.0,0.0,5a714b645542994082a3e78b,mean,0.7487179487179487,0.007665347307920456,"[[0, 2, 3, 8, 13, 15, 30, 31], [2, 3, 7, 8, 9, 11, 17, 25], [1, 3, 4, 5, 6, 20, 29, 30], [0, 1, 2, 5, 11, 15, 16, 22], [0, 1, 5, 6, 9, 10, 13, 16], [1, 2, 3, 9, 10, 13, 15, 30], [2, 4, 16, 18, 22, 23, 24, 27], [0, 7, 8, 9, 11, 12, 19, 23], [0, 1, 4, 6, 7, 8, 23, 26], [1, 3, 7, 10, 12, 13, 21, 27], [3, 8, 12, 16, 18, 25, 28, 29], [4, 5, 8, 18, 22, 23, 30, 31], [0, 1, 3, 8, 9, 15, 20, 31], [0, 1, 2, 5, 11, 15, 25, 26], [6, 7, 9, 10, 13, 19, 25, 31], [5, 9, 12, 13, 19, 20, 22, 31], [0, 1, 2, 3, 7, 13, 17, 22], [0, 3, 4, 8, 9, 10, 15, 16], [1, 3, 6, 9, 11, 12, 16, 18], [3, 4, 7, 11, 13, 23, 25, 27], [1, 7, 8, 10, 14, 16, 17, 31], [3, 4, 5, 10, 17, 20, 25, 29], [4, 6, 8, 9, 16, 18, 22, 26], [1, 2, 3, 4, 7, 11, 16, 17], [0, 1, 2, 5, 7, 9, 16, 27], [0, 3, 4, 6, 8, 13, 17, 25], [2, 3, 4, 5, 7, 12, 16, 26], [5, 6, 7, 8, 11, 15, 21, 24], [0, 1, 3, 11, 17, 21, 26, 31], [0, 6, 8, 9, 11, 20, 27, 28], [1, 2, 4, 5, 10, 13, 14, 26], [3, 5, 7, 8, 11, 12, 16, 25], [0, 1, 5, 8, 10, 14, 17, 26], [2, 7, 8, 21, 22, 24, 25, 27], [0, 5, 6, 7, 12, 19, 24, 31], [4, 5, 6, 12, 24, 26, 27, 28], [3, 5, 6, 7, 12, 28, 29, 30], [0, 6, 10, 11, 19, 21, 22, 27], [2, 5, 6, 7, 13, 16, 25, 28], [1, 4, 6, 7, 9, 10, 11, 12]]",8,0.40441226959228516,128,learned,0.0,5120,4.0,124,0.4230607748031616,11,0 24 16 8,1261,0.9041274785995483,test,top_r_mean,1.0,0.5,1.0,0.875
0.10150674068199841,0.0,40,0.0,31,26.865999912843108,hotpotqa,0.8,0.0,0.0,0.0,5a714b645542994082a3e78b,mean,0.7256410256410256,0.009454850107431412,"[[0, 2, 3, 8, 13, 15, 23, 30], [2, 3, 7, 9, 11, 17, 22, 25], [1, 3, 4, 5, 6, 20, 29, 31], [0, 1, 2, 5, 11, 15, 16, 22], [0, 1, 5, 6, 9, 10, 11, 16], [1, 2, 3, 9, 10, 13, 15, 31], [2, 4, 18, 21, 22, 23, 24, 27], [0, 7, 8, 9, 11, 12, 13, 23], [0, 1, 4, 6, 7, 8, 23, 26], [0, 1, 3, 6, 7, 10, 13, 21], [0, 3, 6, 8, 16, 18, 25, 29], [4, 5, 17, 18, 22, 23, 30, 31], [0, 1, 3, 8, 9, 20, 29, 31], [0, 1, 2, 4, 5, 15, 25, 26], [6, 7, 9, 10, 13, 19, 24, 25], [5, 9, 12, 13, 19, 20, 22, 29], [0, 2, 3, 7, 13, 17, 22, 31], [0, 3, 4, 6, 8, 10, 15, 16], [1, 3, 6, 9, 11, 12, 14, 16], [3, 4, 7, 9, 11, 13, 23, 25], [1, 7, 9, 10, 14, 16, 17, 23], [3, 4, 5, 10, 17, 20, 25, 29], [4, 6, 8, 9, 16, 18, 21, 28], [1, 2, 3, 4, 11, 16, 17, 20], [0, 1, 5, 7, 9, 16, 20, 27], [0, 3, 4, 6, 8, 13, 25, 31], [2, 3, 5, 7, 10, 12, 16, 26], [1, 5, 6, 7, 8, 11, 15, 24], [0, 1, 3, 4, 7, 11, 15, 31], [0, 3, 6, 8, 9, 11, 20, 28], [1, 2, 4, 5, 10, 11, 14, 26], [3, 5, 7, 8, 11, 12, 16, 25], [0, 1, 5, 8, 13, 14, 17, 26], [2, 7, 8, 10, 21, 22, 25, 27], [0, 5, 6, 7, 12, 24, 30, 31], [4, 5, 6, 12, 17, 26, 27, 28], [3, 5, 6, 7, 24, 28, 29, 30], [0, 6, 10, 11, 13, 19, 21, 22], [2, 5, 6, 7, 13, 16, 25, 28], [1, 4, 6, 7, 9, 10, 11, 12]]",8,0.4104645848274231,128,learned,0.0,5120,4.0,124,0.43329545855522156,23,0 24 16 8,1261,0.8754220604896545,test,top_r_mean,1.0,0.5,1.0,0.875
0.10150674068199841,0.0,40,0.0,31,25.239399867132306,hotpotqa,0.8,0.0,0.0,0.0,5a714b645542994082a3e78b,mean,0.676923076923077,0.010368302464485168,"[[0, 1, 2, 8, 13, 15, 23, 30], [2, 3, 7, 8, 9, 11, 17, 25], [1, 3, 4, 5, 6, 7, 20, 29], [0, 1, 2, 5, 11, 15, 16, 22], [0, 1, 5, 6, 9, 10, 13, 16], [1, 2, 3, 9, 10, 13, 15, 30], [2, 4, 16, 21, 22, 23, 24, 27], [0, 8, 9, 11, 12, 13, 19, 23], [0, 1, 4, 6, 7, 8, 23, 26], [1, 3, 7, 10, 12, 13, 21, 27], [3, 6, 8, 12, 16, 18, 25, 29], [4, 5, 8, 17, 18, 22, 23, 30], [0, 1, 3, 8, 9, 15, 20, 31], [0, 1, 2, 4, 5, 11, 15, 26], [4, 6, 7, 9, 10, 13, 19, 25], [5, 9, 12, 13, 19, 20, 22, 29], [0, 1, 2, 3, 7, 17, 18, 22], [0, 3, 4, 8, 9, 10, 15, 16], [1, 3, 6, 9, 11, 12, 14, 16], [3, 4, 7, 9, 11, 13, 23, 25], [1, 6, 7, 8, 10, 14, 16, 17], [3, 4, 5, 10, 17, 20, 25, 29], [4, 6, 8, 9, 16, 18, 22, 26], [1, 2, 3, 4, 11, 15, 16, 17], [0, 1, 2, 5, 7, 9, 16, 20], [0, 3, 4, 6, 7, 8, 13, 17], [2, 3, 4, 5, 7, 12, 16, 26], [2, 5, 6, 7, 8, 9, 11, 15], [0, 1, 3, 4, 11, 17, 21, 31], [0, 3, 6, 8, 9, 11, 20, 28], [1, 2, 4, 5, 10, 11, 14, 26], [2, 3, 5, 7, 8, 11, 12, 16], [0, 1, 5, 8, 10, 14, 17, 26], [1, 2, 7, 8, 21, 22, 25, 27], [0, 5, 6, 7, 12, 24, 30, 31], [4, 5, 6, 9, 12, 26, 27, 28], [3, 5, 6, 7, 12, 28, 29, 30], [0, 6, 8, 10, 11, 19, 21, 22], [2, 5, 6, 7, 13, 16, 25, 28], [1, 4, 6, 7, 9, 10, 11, 12]]",8,0.4268730580806732,128,learned,0.0,5120,4.0,124,0.45216161012649536,37,0 24 16 8,1261,0.8476547002792358,test,top_r_mean,1.0,0.5,1.0,0.875
0.10150674068199841,0.0,40,0.0,31,26.549499947577715,hotpotqa,0.8,0.0,0.0,0.0,5a714b645542994082a3e78b,mean,0.7564102564102564,0.007687106728553772,"[[0, 1, 2, 8, 13, 15, 23, 30], [1, 2, 3, 7, 9, 11, 17, 25], [1, 3, 4, 5, 6, 7, 20, 29], [0, 1, 2, 5, 11, 15, 16, 22], [0, 1, 5, 6, 9, 10, 13, 16], [1, 2, 3, 8, 9, 10, 13, 15], [2, 4, 16, 21, 22, 23, 24, 27], [0, 3, 7, 8, 9, 11, 12, 23], [0, 1, 4, 6, 7, 8, 23, 26], [1, 3, 7, 10, 12, 13, 21, 27], [3, 6, 8, 16, 18, 25, 28, 29], [4, 5, 6, 18, 22, 23, 30, 31], [0, 1, 3, 8, 9, 15, 20, 31], [0, 1, 2, 4, 5, 15, 25, 26], [6, 7, 9, 10, 13, 19, 25, 31], [5, 9, 12, 13, 19, 20, 22, 29], [0, 1, 2, 3, 7, 13, 17, 22], [0, 3, 4, 8, 9, 10, 15, 16], [1, 3, 6, 9, 11, 12, 14, 16], [3, 4, 7, 11, 13, 23, 25, 27], [1, 2, 6, 7, 10, 14, 16, 17], [3, 4, 5, 10, 17, 20, 25, 29], [4, 6, 8, 9, 16, 18, 22, 26], [1, 2, 3, 4, 7, 11, 16, 17], [0, 1, 2, 5, 7, 9, 16, 27], [0, 3, 4, 6, 8, 13, 25, 31], [2, 3, 4, 5, 7, 12, 16, 26], [2, 5, 6, 7, 8, 11, 15, 21], [0, 1, 3, 4, 11, 17, 21, 26], [0, 3, 6, 8, 9, 11, 20, 28], [1, 2, 4, 5, 10, 11, 14, 26], [2, 3, 5, 7, 8, 11, 12, 16], [0, 1, 5, 8, 10, 14, 17, 26], [1, 2, 7, 8, 21, 22, 25, 27], [0, 5, 6, 7, 12, 24, 30, 31], [4, 5, 6, 12, 17, 26, 27, 28], [3, 5, 6, 7, 12, 28, 29, 30], [0, 6, 10, 11, 19, 21, 22, 27], [2, 5, 6, 7, 12, 16, 25, 28], [1, 4, 6, 7, 9, 10, 11, 12]]",8,0.4088558256626129,128,learned,0.0,5120,4.0,124,0.42929476499557495,53,0 24 16 8,1261,0.8984989523887634,test,top_r_mean,1.0,0.5,1.0,0.875
0.10150674068199841,0.0,40,0.0,31,29.114999808371067,hotpotqa,0.8,0.0,0.0,0.0,5a714b645542994082a3e78b,mean,0.7769230769230769,0.006868976168334484,"[[0, 2, 8, 13, 15, 23, 30, 31], [2, 3, 7, 9, 11, 17, 22, 25], [1, 3, 4, 6, 20, 29, 30, 31], [0, 1, 2, 5, 11, 15, 16, 19], [0, 1, 5, 6, 9, 10, 13, 16], [1, 2, 3, 9, 10, 13, 15, 30], [2, 4, 16, 21, 22, 23, 24, 27], [0, 7, 8, 9, 11, 12, 19, 23], [0, 1, 4, 6, 7, 8, 23, 26], [1, 3, 6, 7, 10, 13, 21, 27], [3, 6, 8, 12, 18, 25, 28, 29], [4, 5, 18, 22, 23, 27, 30, 31], [0, 1, 3, 8, 9, 15, 20, 31], [0, 1, 2, 5, 11, 15, 25, 26], [6, 7, 9, 10, 13, 19, 25, 31], [5, 9, 12, 13, 19, 20, 22, 31], [0, 2, 3, 7, 13, 17, 18, 22], [0, 3, 4, 8, 9, 10, 15, 16], [1, 3, 6, 9, 11, 16, 18, 28], [3, 4, 7, 11, 13, 23, 25, 27], [1, 6, 7, 9, 10, 14, 16, 17], [3, 4, 5, 8, 10, 17, 25, 29], [4, 6, 8, 9, 16, 18, 22, 26], [1, 2, 3, 4, 7, 11, 16, 20], [0, 1, 5, 7, 9, 16, 20, 27], [0, 3, 4, 6, 13, 17, 25, 31], [2, 3, 5, 7, 11, 12, 16, 26], [1, 5, 6, 7, 8, 15, 21, 24], [0, 1, 3, 11, 15, 21, 26, 31], [0, 6, 8, 9, 11, 20, 27, 28], [1, 2, 5, 10, 11, 14, 23, 26], [3, 5, 7, 8, 11, 12, 16, 25], [0, 1, 5, 8, 10, 14, 17, 26], [2, 7, 8, 21, 22, 24, 25, 27], [0, 5, 6, 7, 12, 19, 24, 31], [4, 5, 6, 12, 17, 26, 27, 28], [3, 5, 6, 7, 12, 28, 29, 30], [0, 6, 10, 11, 19, 21, 22, 27], [2, 5, 6, 7, 16, 21, 25, 28], [1, 4, 6, 7, 9, 10, 11, 12]]",8,0.38978463411331177,128,learned,0.0,5120,4.0,124,0.40814095735549927,71,0 24 16 8,1261,0.9178235530853271,test,top_r_mean,1.0,0.5,1.0,0.875
0.0652395514780836,1.0,62,0.0,31,38.63930003717542,hotpotqa,0.6666666666666666,0.25,0.16666666666666666,0.0,5abce85755429959677d6b3e,mean,0.3685880486515071,1.092153549194336,"[[0], [2], [0], [1], [5], [8], [2], [0], [0], [1], [1], [5], [1], [1], [4], [2], [0], [1], [1], [0], [2], [0], [2], [2], [0], [3], [0], [0], [1], [1], [0], [2], [0], [2], [2], [0], [0], [0], [2], [2], [0], [3], [3], [1], [0], [5], [0], [1], [0], [2], [3], [0], [1], [0], [0], [1], [0], [1], [0], [5], [0], [1]]",1,1.0714081525802612,128,learned,1.0,992,4.0,124,1.2370473146438599,11,56 24 0 16,1962,0.5179673433303833,test,top_r_mean,0.0,0.0,0.5,1.0
0.0652395514780836,1.0,62,0.0,31,46.52900015935302,hotpotqa,0.6666666666666666,0.25,0.16666666666666666,0.0,5abce85755429959677d6b3e,mean,0.31676361713379164,1.1169556379318237,"[[0], [2], [0], [1], [5], [5], [2], [0], [0], [1], [0], [5], [1], [0], [4], [2], [0], [1], [4], [0], [2], [0], [2], [2], [0], [2], [0], [0], [1], [1], [0], [2], [0], [2], [0], [0], [0], [0], [2], [2], [0], [3], [3], [1], [0], [4], [0], [0], [0], [2], [3], [0], [1], [0], [0], [0], [0], [1], [0], [5], [0], [1]]",1,1.0996145009994507,128,learned,1.0,992,4.0,124,1.2676957845687866,23,56 24 0 16,1962,0.4552139341831207,test,top_r_mean,0.0,0.0,0.5,1.0
0.0652395514780836,1.0,62,0.0,31,40.52369995042682,hotpotqa,0.6666666666666666,0.25,0.16666666666666666,0.0,5abce85755429959677d6b3e,mean,0.298783712321523,1.1003308296203613,"[[0], [2], [0], [1], [5], [6], [2], [0], [0], [1], [1], [5], [1], [0], [4], [2], [0], [1], [1], [0], [2], [0], [2], [3], [0], [2], [0], [0], [1], [1], [0], [2], [0], [2], [0], [0], [0], [0], [2], [2], [0], [3], [3], [1], [0], [4], [0], [0], [0], [2], [3], [0], [1], [0], [0], [0], [0], [1], [0], [5], [0], [1]]",1,1.0750904083251953,128,learned,1.0,992,4.0,124,1.2454909086227417,37,56 24 0 16,1962,0.43224799633026123,test,top_r_mean,0.0,0.0,0.5,1.0
0.0652395514780836,1.0,62,0.0,31,47.34169994480908,hotpotqa,0.6666666666666666,0.25,0.16666666666666666,0.0,5abce85755429959677d6b3e,mean,0.33157059756742463,1.085240364074707,"[[0], [2], [0], [1], [5], [6], [2], [0], [0], [1], [1], [5], [1], [0], [4], [1], [0], [1], [1], [0], [2], [0], [2], [2], [0], [3], [0], [0], [1], [1], [0], [2], [0], [2], [0], [0], [0], [0], [2], [2], [0], [3], [3], [1], [0], [5], [0], [0], [0], [2], [3], [0], [1], [0], [0], [0], [0], [1], [0], [5], [0], [1]]",1,1.0571550130844116,128,learned,1.0,992,4.0,124,1.227439284324646,53,56 24 0 16,1962,0.46830856800079346,test,top_r_mean,0.0,0.0,0.5,1.0
0.0652395514780836,1.0,62,0.0,31,53.811199963092804,hotpotqa,0.6666666666666666,0.25,0.16666666666666666,0.0,5abce85755429959677d6b3e,mean,0.35378106821787414,1.0886988639831543,"[[0], [2], [0], [1], [5], [6], [2], [0], [0], [1], [1], [5], [1], [1], [4], [2], [0], [1], [4], [0], [2], [0], [2], [2], [0], [2], [0], [0], [1], [1], [0], [2], [0], [2], [2], [0], [0], [0], [2], [2], [0], [3], [3], [1], [0], [5], [0], [0], [0], [2], [4], [0], [1], [0], [0], [1], [0], [1], [0], [5], [0], [1]]",1,1.0647757053375244,128,learned,1.0,992,4.0,124,1.2343077659606934,71,56 24 0 16,1962,0.5008436441421509,test,top_r_mean,0.0,0.0,0.5,1.0
0.0652395514780836,0.0,62,0.0,31,52.02499986626208,hotpotqa,0.6666666666666666,0.0,0.0,0.0,5abce85755429959677d6b3e,mean,0.4405076679005817,0.1780959963798523,"[[0, 1], [2, 7], [0, 1], [1, 7], [5, 6], [8, 9], [2, 3], [0, 1], [0, 4], [1, 2], [1, 2], [5, 6], [1, 9], [1, 2], [4, 5], [2, 8], [0, 1], [1, 2], [1, 5], [0, 2], [2, 4], [0, 3], [2, 12], [2, 3], [0, 4], [3, 8], [0, 3], [0, 1], [1, 6], [1, 2], [0, 1], [2, 4], [0, 1], [2, 3], [2, 3], [0, 2], [0, 2], [0, 1], [2, 5], [2, 3], [0, 1], [3, 7], [3, 5], [1, 9], [0, 2], [5, 6], [0, 1], [1, 6], [0, 1], [2, 3], [3, 4], [0, 3], [1, 2], [0, 9], [0, 5], [1, 5], [0, 1], [1, 2], [0, 1], [5, 6], [0, 3], [1, 2]]",2,0.7535901069641113,128,learned,0.0,1984,4.0,124,0.8421445488929749,11,40 8 48 32,1962,0.6047946214675903,test,top_r_mean,0.0,0.0,0.5,1.0
0.0652395514780836,0.0,62,0.0,31,40.6317999586463,hotpotqa,0.6666666666666666,0.0,0.0,0.0,5abce85755429959677d6b3e,mean,0.4426229508196721,0.18831945955753326,"[[0, 1], [2, 5], [0, 1], [1, 7], [5, 6], [5, 8], [2, 3], [0, 1], [0, 2], [1, 2], [0, 1], [5, 6], [1, 9], [0, 1], [4, 5], [2, 7], [0, 1], [1, 2], [4, 5], [0, 2], [2, 4], [0, 3], [2, 12], [2, 3], [0, 4], [2, 3], [0, 3], [0, 1], [1, 8], [1, 2], [0, 1], [2, 4], [0, 1], [2, 3], [0, 2], [0, 2], [0, 2], [0, 1], [2, 5], [2, 3], [0, 1], [3, 8], [3, 5], [1, 9], [0, 2], [4, 5], [0, 1], [0, 1], [0, 1], [2, 3], [3, 4], [0, 3], [1, 2], [0, 8], [0, 5], [0, 1], [0, 1], [1, 2], [0, 1], [5, 6], [0, 3], [1, 2]]",2,0.7748186588287354,128,learned,0.0,1984,4.0,124,0.8670946955680847,23,8 40 48 32,1962,0.6003122329711914,test,top_r_mean,0.0,0.0,0.5,1.0
0.0652395514780836,0.0,62,0.0,31,40.8094001468271,hotpotqa,0.6666666666666666,0.0,0.0,0.0,5abce85755429959677d6b3e,mean,0.4309888947646748,0.19319623708724976,"[[0, 1], [2, 5], [0, 1], [1, 7], [5, 6], [6, 8], [2, 3], [0, 1], [0, 2], [1, 2], [1, 2], [5, 6], [1, 9], [0, 1], [4, 5], [2, 8], [0, 1], [1, 2], [1, 5], [0, 2], [2, 4], [0, 3], [2, 7], [3, 4], [0, 1], [2, 3], [0, 3], [0, 1], [1, 6], [1, 2], [0, 1], [2, 4], [0, 1], [2, 3], [0, 2], [0, 2], [0, 2], [0, 1], [2, 5], [2, 3], [0, 1], [3, 8], [3, 5], [1, 9], [0, 2], [4, 5], [0, 1], [0, 1], [0, 1], [2, 3], [3, 4], [0, 3], [1, 2], [0, 8], [0, 5], [0, 1], [0, 1], [1, 2], [0, 1], [5, 6], [0, 3], [1, 2]]",2,0.7690156698226929,128,learned,0.0,1984,4.0,124,0.8614969849586487,37,8 40 48 24,1962,0.5856564044952393,test,top_r_mean,0.0,0.0,0.25,1.0
0.0652395514780836,0.0,62,0.0,31,40.372799849137664,hotpotqa,0.6666666666666666,0.0,0.0,0.0,5abce85755429959677d6b3e,mean,0.45002644103648864,0.16922666132450104,"[[0, 1], [2, 7], [0, 1], [1, 7], [5, 6], [6, 8], [2, 3], [0, 1], [0, 1], [1, 2], [1, 2], [5, 6], [1, 9], [0, 1], [4, 5], [1, 2], [0, 1], [1, 2], [1, 5], [0, 2], [2, 4], [0, 3], [2, 7], [2, 3], [0, 1], [3, 8], [0, 3], [0, 1], [1, 6], [1, 2], [0, 1], [2, 4], [0, 1], [2, 3], [0, 2], [0, 2], [0, 2], [0, 1], [2, 5], [2, 3], [0, 1], [3, 7], [3, 5], [1, 9], [0, 2], [5, 6], [0, 1], [0, 1], [0, 1], [2, 3], [3, 4], [0, 3], [1, 2], [0, 8], [0, 5], [0, 1], [0, 1], [1, 2], [0, 1], [5, 6], [0, 3], [1, 2]]",2,0.7491388916969299,128,learned,0.0,1984,4.0,124,0.8403417468070984,53,40 48 24 32,1962,0.6078165173530579,test,top_r_mean,0.0,0.0,0.5,1.0
0.0652395514780836,0.0,62,0.0,31,37.58849995210767,hotpotqa,0.6666666666666666,0.0,0.0,0.0,5abce85755429959677d6b3e,mean,0.44473823373876253,0.1789906620979309,"[[0, 1], [2, 5], [0, 1], [1, 7], [5, 6], [6, 8], [2, 3], [0, 1], [0, 4], [1, 2], [1, 2], [5, 6], [1, 9], [1, 2], [4, 5], [2, 8], [0, 1], [1, 2], [4, 5], [0, 2], [2, 4], [0, 3], [2, 7], [2, 3], [0, 4], [2, 3], [0, 3], [0, 1], [1, 6], [1, 2], [0, 1], [2, 4], [0, 1], [2, 3], [2, 3], [0, 2], [0, 2], [0, 1], [2, 5], [2, 3], [0, 1], [3, 7], [3, 5], [1, 9], [0, 2], [5, 6], [0, 1], [0, 1], [0, 1], [2, 3], [4, 5], [0, 3], [1, 2], [0, 10], [0, 5], [1, 3], [0, 1], [1, 2], [0, 1], [5, 6], [0, 3], [1, 2]]",2,0.7552673816680908,128,learned,0.0,1984,4.0,124,0.8438863158226013,71,40 8 48 32,1962,0.6004130244255066,test,top_r_mean,0.0,0.0,0.5,1.0
0.0652395514780836,0.0,62,0.0,31,41.36390006169677,hotpotqa,0.6666666666666666,0.0,0.0,0.0,5abce85755429959677d6b3e,mean,0.46694870438921204,0.03054950013756752,"[[0, 1, 2, 3], [2, 7, 8, 9], [0, 1, 2, 8], [1, 7, 16, 20], [5, 6, 7, 8], [8, 9, 10, 16], [2, 3, 7, 15], [0, 1, 2, 5], [0, 4, 5, 19], [1, 2, 8, 12], [1, 2, 5, 6], [5, 6, 7, 8], [1, 9, 10, 11], [1, 2, 3, 8], [4, 5, 16, 17], [2, 8, 10, 11], [0, 1, 5, 6], [1, 2, 3, 5], [1, 5, 7, 8], [0, 2, 8, 9], [2, 4, 5, 10], [0, 3, 5, 8], [2, 12, 13, 16], [2, 3, 4, 5], [0, 4, 9, 11], [3, 8, 15, 17], [0, 3, 14, 16], [0, 1, 6, 7], [1, 6, 8, 9], [1, 2, 3, 4], [0, 1, 2, 7], [2, 4, 5, 14], [0, 1, 4, 17], [2, 3, 6, 7], [2, 3, 5, 8], [0, 2, 6, 7], [0, 2, 3, 11], [0, 1, 2, 3], [2, 5, 6, 8], [2, 3, 12, 13], [0, 1, 2, 3], [3, 7, 8, 9], [3, 5, 6, 7], [1, 9, 10, 12], [0, 2, 5, 8], [5, 6, 7, 16], [0, 1, 11, 13], [1, 6, 7, 14], [0, 1, 6, 8], [2, 3, 6, 7], [3, 4, 5, 6], [0, 3, 6, 9], [1, 2, 5, 7], [0, 9, 10, 14], [0, 5, 8, 11], [1, 5, 12, 15], [0, 1, 4, 5], [1, 2, 6, 8], [0, 1, 8, 15], [5, 6, 9, 11], [0, 3, 4, 5], [1, 2, 3, 4]]",4,0.8232557773590088,128,learned,0.0,3968,4.0,124,0.8634540438652039,11,32 48 40 0,1962,0.6261489391326904,test,top_r_mean,1.0,0.5,0.75,1.0
0.0652395514780836,0.0,62,0.0,31,41.491099866107106,hotpotqa,0.6666666666666666,0.0,0.0,0.0,5abce85755429959677d6b3e,mean,0.46060285563194076,0.027058474719524384,"[[0, 1, 2, 3], [2, 5, 7, 8], [0, 1, 2, 9], [1, 7, 20, 21], [5, 6, 7, 8], [5, 8, 9, 10], [2, 3, 6, 7], [0, 1, 2, 4], [0, 2, 4, 23], [1, 2, 8, 9], [0, 1, 2, 13], [5, 6, 7, 8], [1, 9, 10, 11], [0, 1, 2, 3], [4, 5, 16, 17], [2, 7, 8, 10], [0, 1, 5, 8], [1, 2, 5, 7], [4, 5, 7, 8], [0, 2, 8, 10], [2, 4, 5, 10], [0, 3, 5, 9], [2, 12, 13, 16], [2, 3, 4, 5], [0, 4, 9, 11], [2, 3, 8, 15], [0, 3, 16, 17], [0, 1, 2, 6], [1, 8, 9, 11], [1, 2, 3, 4], [0, 1, 2, 10], [2, 4, 5, 14], [0, 1, 4, 8], [2, 3, 6, 7], [0, 2, 3, 5], [0, 2, 6, 7], [0, 2, 3, 11], [0, 1, 2, 3], [2, 5, 6, 8], [2, 3, 13, 14], [0, 1, 2, 10], [3, 8, 9, 10], [3, 5, 6, 7], [1, 9, 17, 19], [0, 2, 8, 10], [4, 5, 6, 16], [0, 1, 7, 16], [0, 1, 6, 7], [0, 1, 5, 8], [2, 3, 5, 6], [3, 4, 5, 6], [0, 3, 6, 9], [1, 2, 5, 7], [0, 8, 10, 14], [0, 5, 8, 11], [0, 1, 3, 5], [0, 1, 4, 5], [1, 2, 6, 8], [0, 1, 8, 15], [5, 6, 8, 10], [0, 3, 4, 5], [1, 2, 3, 4]]",4,0.8162146806716919,128,learned,0.0,3968,4.0,124,0.8535627126693726,23,8 32 0 48,1962,0.6225227117538452,test,top_r_mean,0.0,0.5,0.75,1.0
0.0652395514780836,0.0,62,0.0,31,39.85990001820028,hotpotqa,0.6666666666666666,0.0,0.0,0.0,5abce85755429959677d6b3e,mean,0.476467477525119,0.027025960385799408,"[[0, 1, 2, 3], [2, 5, 7, 8], [0, 1, 2, 9], [1, 7, 16, 20], [5, 6, 7, 8], [6, 8, 9, 10], [2, 3, 7, 15], [0, 1, 2, 4], [0, 2, 4, 5], [1, 2, 8, 9], [1, 2, 5, 6], [5, 6, 7, 8], [1, 9, 10, 11], [0, 1, 2, 3], [4, 5, 16, 17], [2, 8, 10, 11], [0, 1, 5, 6], [1, 2, 3, 5], [1, 5, 7, 8], [0, 2, 8, 9], [2, 4, 5, 10], [0, 3, 5, 9], [2, 7, 13, 16], [3, 4, 5, 11], [0, 1, 4, 9], [2, 3, 8, 15], [0, 3, 14, 16], [0, 1, 2, 6], [1, 6, 8, 9], [1, 2, 3, 4], [0, 1, 2, 9], [2, 4, 5, 14], [0, 1, 4, 8], [2, 3, 6, 7], [0, 2, 3, 5], [0, 2, 6, 7], [0, 2, 3, 11], [0, 1, 2, 3], [2, 5, 6, 8], [2, 3, 12, 13], [0, 1, 2, 3], [3, 8, 9, 10], [3, 5, 6, 7], [1, 9, 12, 17], [0, 2, 8, 10], [4, 5, 6, 16], [0, 1, 11, 19], [0, 1, 3, 6], [0, 1, 5, 8], [2, 3, 6, 7], [3, 4, 5, 6], [0, 3, 6, 9], [1, 2, 5, 7], [0, 8, 10, 14], [0, 5, 8, 10], [0, 1, 5, 12], [0, 1, 2, 4], [1, 2, 3, 5], [0, 1, 8, 10], [5, 6, 8, 9], [0, 3, 4, 5], [1, 2, 3, 4]]",4,0.8132122159004211,128,learned,0.0,3968,4.0,124,0.8491682410240173,37,40 32 0 8,1962,0.6356173157691956,test,top_r_mean,0.0,0.5,0.5,1.0
0.0652395514780836,0.0,62,0.0,31,45.64510006457567,hotpotqa,0.6666666666666666,0.0,0.0,0.0,5abce85755429959677d6b3e,mean,0.46589106292966687,0.025843966752290726,"[[0, 1, 3, 6], [2, 7, 8, 9], [0, 1, 2, 8], [1, 7, 20, 21], [5, 6, 7, 8], [6, 8, 9, 10], [2, 3, 7, 15], [0, 1, 2, 4], [0, 1, 4, 5], [1, 2, 8, 12], [1, 2, 5, 6], [5, 6, 7, 8], [1, 9, 10, 11], [0, 1, 2, 3], [4, 5, 16, 17], [1, 2, 8, 10], [0, 1, 5, 9], [1, 2, 5, 8], [1, 5, 7, 8], [0, 2, 8, 10], [2, 4, 5, 10], [0, 3, 5, 8], [2, 7, 13, 16], [2, 3, 4, 5], [0, 1, 4, 9], [3, 8, 15, 17], [0, 3, 14, 16], [0, 1, 2, 6], [1, 6, 8, 9], [1, 2, 3, 4], [0, 1, 2, 9], [2, 4, 5, 14], [0, 1, 3, 4], [2, 3, 6, 7], [0, 2, 3, 5], [0, 2, 6, 7], [0, 2, 3, 11], [0, 1, 2, 3], [2, 5, 6, 8], [2, 3, 12, 13], [0, 1, 2, 3], [3, 7, 8, 9], [3, 5, 6, 7], [1, 9, 10, 12], [0, 2, 5, 8], [5, 6, 7, 16], [0, 1, 4, 11], [0, 1, 6, 7], [0, 1, 5, 8], [2, 3, 6, 7], [3, 4, 5, 6], [0, 3, 6, 9], [1, 2, 5, 7], [0, 8, 10, 14], [0, 5, 6, 8], [0, 1, 5, 12], [0, 1, 2, 4], [1, 2, 3, 6], [0, 1, 8, 10], [5, 6, 9, 11], [0, 3, 4, 5], [1, 2, 3, 4]]",4,0.8212642073631287,128,learned,0.0,3968,4.0,124,0.8559553027153015,53,32 40 0 48,1962,0.6319911479949951,test,top_r_mean,1.0,0.5,0.75,1.0
0.0652395514780836,0.0,62,0.0,31,46.56689986586571,hotpotqa,0.6666666666666666,0.0,0.0,0.0,5abce85755429959677d6b3e,mean,0.4881015335801163,0.02755141258239746,"[[0, 1, 3, 6], [2, 5, 7, 8], [0, 1, 2, 8], [1, 7, 16, 20], [5, 6, 7, 9], [6, 8, 9, 10], [2, 3, 7, 15], [0, 1, 2, 5], [0, 4, 23, 24], [1, 2, 8, 12], [1, 2, 5, 13], [5, 6, 7, 8], [1, 9, 10, 11], [1, 2, 3, 8], [4, 5, 16, 17], [2, 8, 10, 11], [0, 1, 5, 9], [1, 2, 5, 8], [4, 5, 8, 9], [0, 2, 8, 10], [2, 4, 5, 10], [0, 3, 5, 9], [2, 7, 13, 16], [2, 3, 4, 5], [0, 4, 9, 11], [2, 3, 8, 13], [0, 3, 14, 16], [0, 1, 2, 6], [1, 6, 8, 9], [1, 2, 3, 4], [0, 1, 2, 9], [2, 4, 5, 14], [0, 1, 4, 17], [2, 3, 6, 7], [2, 3, 5, 11], [0, 2, 6, 7], [0, 2, 3, 11], [0, 1, 2, 3], [2, 5, 6, 8], [2, 3, 12, 13], [0, 1, 2, 3], [3, 7, 8, 9], [3, 5, 6, 7], [1, 9, 10, 17], [0, 2, 8, 10], [5, 6, 7, 16], [0, 1, 11, 20], [0, 1, 7, 14], [0, 1, 8, 12], [2, 3, 6, 7], [4, 5, 6, 12], [0, 3, 6, 9], [1, 2, 5, 7], [0, 10, 14, 15], [0, 5, 8, 11], [1, 3, 5, 12], [0, 1, 4, 5], [1, 2, 6, 8], [0, 1, 8, 18], [5, 6, 8, 9], [0, 3, 4, 5], [1, 2, 3, 4]]",4,0.8105271458625793,128,learned,0.0,3968,4.0,124,0.849134087562561,71,32 40 0 8,1962,0.6534965634346008,test,top_r_mean,1.0,0.5,0.5,1.0
0.0652395514780836,1.0,62,0.0,31,48.150100046768785,hotpotqa,0.6666666666666666,0.25,0.16666666666666666,0.0,5abce85755429959677d6b3e,mean,0.5980962453728186,0.011266037821769714,"[[0, 1, 2, 3, 6, 8, 12, 13], [2, 7, 8, 9, 11, 27, 30, 31], [0, 1, 2, 8, 9, 12, 13, 14], [1, 7, 16, 20, 21, 22, 25, 26], [5, 6, 7, 8, 9, 14, 18, 27], [8, 9, 10, 16, 18, 21, 25, 30], [2, 3, 7, 15, 16, 19, 20, 26], [0, 1, 2, 5, 10, 19, 23, 30], [0, 4, 5, 19, 24, 25, 28, 30], [1, 2, 8, 12, 18, 24, 26, 31], [1, 2, 5, 6, 13, 14, 15, 16], [5, 6, 7, 8, 14, 21, 23, 31], [1, 9, 10, 11, 17, 24, 25, 30], [1, 2, 3, 8, 15, 16, 18, 28], [4, 5, 16, 17, 24, 25, 26, 31], [2, 8, 10, 11, 14, 17, 26, 29], [0, 1, 5, 6, 9, 16, 18, 19], [1, 2, 3, 5, 8, 18, 19, 21], [1, 5, 7, 8, 9, 15, 19, 31], [0, 2, 8, 9, 10, 15, 19, 21], [2, 4, 5, 10, 13, 15, 21, 26], [0, 3, 5, 8, 9, 12, 13, 20], [2, 12, 13, 16, 22, 25, 30, 31], [2, 3, 4, 5, 11, 12, 13, 27], [0, 4, 9, 11, 13, 19, 21, 22], [3, 8, 15, 17, 18, 19, 24, 29], [0, 3, 14, 16, 17, 20, 23, 30], [0, 1, 6, 7, 8, 17, 18, 19], [1, 6, 8, 9, 11, 16, 23, 24], [1, 2, 3, 4, 5, 13, 25, 30], [0, 1, 2, 7, 9, 19, 22, 25], [2, 4, 5, 14, 15, 24, 30, 31], [0, 1, 4, 17, 18, 19, 27, 30], [2, 3, 6, 7, 9, 10, 11, 12], [2, 3, 5, 8, 11, 14, 22, 31], [0, 2, 6, 7, 9, 10, 19, 24], [0, 2, 3, 11, 26, 27, 28, 30], [0, 1, 2, 3, 8, 13, 16, 29], [2, 5, 6, 8, 9, 12, 14, 19], [2, 3, 12, 13, 14, 16, 30, 31], [0, 1, 2, 3, 17, 18, 27, 29], [3, 7, 8, 9, 10, 12, 13, 29], [3, 5, 6, 7, 12, 13, 15, 18], [1, 9, 10, 12, 17, 20, 22, 31], [0, 2, 5, 8, 10, 11, 21, 31], [5, 6, 7, 16, 17, 25, 26, 27], [0, 1, 11, 13, 20, 21, 27, 30], [1, 6, 7, 14, 16, 17, 18, 19], [0, 1, 6, 8, 13, 14, 17, 28], [2, 3, 6, 7, 24, 25, 27, 30], [3, 4, 5, 6, 12, 16, 20, 27], [0, 3, 6, 9, 14, 15, 18, 21], [1, 2, 5, 7, 11, 15, 20, 31], [0, 9, 10, 14, 15, 17, 19, 24], [0, 5, 8, 11, 14, 16, 21, 31], [1, 5, 12, 15, 17, 18, 19, 30], [0, 1, 4, 5, 8, 9, 25, 27], [1, 2, 6, 8, 10, 18, 25, 27], [0, 1, 8, 15, 18, 24, 26, 27], [5, 6, 9, 11, 14, 22, 23, 25], [0, 3, 4, 5, 7, 8, 21, 27], [1, 2, 3, 4, 5, 7, 8, 9]]",8,0.3411545157432556,128,learned,0.25,7936,4.0,124,0.3756178021430969,11,32 48 40 56,1962,0.7823777198791504,test,top_r_mean,1.0,0.5,0.5,1.0
0.0652395514780836,0.0,62,0.0,31,40.24129989556968,hotpotqa,0.6666666666666666,0.0,0.0,0.0,5abce85755429959677d6b3e,mean,0.5917503966155473,0.010134915821254253,"[[0, 1, 2, 3, 6, 8, 12, 13], [2, 5, 7, 8, 9, 27, 28, 31], [0, 1, 2, 9, 12, 13, 14, 22], [1, 7, 20, 21, 22, 25, 26, 29], [5, 6, 7, 8, 9, 14, 18, 26], [5, 8, 9, 10, 16, 23, 25, 30], [2, 3, 6, 7, 15, 19, 20, 26], [0, 1, 2, 4, 10, 23, 29, 30], [0, 2, 4, 23, 24, 25, 27, 30], [1, 2, 8, 9, 12, 18, 24, 26], [0, 1, 2, 13, 14, 15, 16, 26], [5, 6, 7, 8, 14, 21, 24, 31], [1, 9, 10, 11, 17, 24, 25, 30], [0, 1, 2, 3, 8, 15, 16, 18], [4, 5, 16, 17, 24, 25, 26, 31], [2, 7, 8, 10, 11, 14, 26, 29], [0, 1, 5, 8, 9, 17, 18, 19], [1, 2, 5, 7, 8, 17, 18, 21], [4, 5, 7, 8, 9, 15, 19, 31], [0, 2, 8, 10, 15, 19, 21, 27], [2, 4, 5, 10, 15, 21, 25, 26], [0, 3, 5, 9, 12, 13, 20, 25], [2, 12, 13, 16, 22, 25, 30, 31], [2, 3, 4, 5, 11, 12, 26, 27], [0, 4, 9, 11, 13, 19, 22, 25], [2, 3, 8, 15, 17, 18, 19, 24], [0, 3, 16, 17, 20, 23, 28, 30], [0, 1, 2, 6, 8, 17, 18, 19], [1, 8, 9, 11, 16, 23, 24, 26], [1, 2, 3, 4, 5, 13, 25, 30], [0, 1, 2, 10, 18, 19, 22, 25], [2, 4, 5, 14, 15, 24, 30, 31], [0, 1, 4, 8, 15, 17, 18, 19], [2, 3, 6, 7, 10, 11, 12, 27], [0, 2, 3, 5, 8, 22, 27, 31], [0, 2, 6, 7, 10, 18, 24, 30], [0, 2, 3, 11, 26, 27, 28, 30], [0, 1, 2, 3, 8, 13, 16, 29], [2, 5, 6, 8, 9, 12, 14, 19], [2, 3, 13, 14, 22, 26, 30, 31], [0, 1, 2, 10, 13, 18, 25, 29], [3, 8, 9, 10, 12, 13, 28, 29], [3, 5, 6, 7, 12, 13, 15, 18], [1, 9, 17, 19, 20, 22, 29, 31], [0, 2, 8, 10, 11, 20, 21, 31], [4, 5, 6, 16, 17, 25, 26, 27], [0, 1, 7, 16, 19, 21, 26, 27], [0, 1, 6, 7, 14, 16, 17, 18], [0, 1, 5, 8, 12, 13, 14, 28], [2, 3, 5, 6, 24, 25, 27, 30], [3, 4, 5, 6, 12, 16, 19, 27], [0, 3, 6, 9, 14, 15, 18, 21], [1, 2, 5, 7, 11, 15, 20, 31], [0, 8, 10, 14, 17, 19, 25, 27], [0, 5, 8, 11, 16, 21, 29, 31], [0, 1, 3, 5, 12, 15, 18, 30], [0, 1, 4, 5, 8, 9, 11, 25], [1, 2, 6, 8, 10, 18, 22, 27], [0, 1, 8, 15, 18, 26, 27, 29], [5, 6, 8, 10, 21, 22, 23, 25], [0, 3, 4, 5, 6, 8, 10, 21], [1, 2, 3, 4, 6, 7, 8, 9]]",8,0.3495970666408539,128,learned,0.0,7936,4.0,124,0.38184523582458496,23,40 48 8 0,1962,0.7609226703643799,test,top_r_mean,0.0,0.0,0.5,1.0
0.0652395514780836,0.0,62,0.0,31,48.853700049221516,hotpotqa,0.6666666666666666,0.0,0.0,0.0,5abce85755429959677d6b3e,mean,0.585404547858276,0.010062826797366142,"[[0, 1, 2, 3, 6, 8, 12, 13], [2, 5, 7, 8, 9, 27, 28, 31], [0, 1, 2, 9, 12, 13, 14, 22], [1, 7, 16, 20, 21, 22, 25, 26], [5, 6, 7, 8, 9, 14, 18, 27], [6, 8, 9, 10, 16, 21, 25, 30], [2, 3, 7, 15, 16, 19, 20, 26], [0, 1, 2, 4, 5, 10, 23, 29], [0, 2, 4, 5, 24, 25, 27, 30], [1, 2, 8, 9, 12, 18, 24, 26], [1, 2, 5, 6, 13, 14, 15, 16], [5, 6, 7, 8, 14, 21, 23, 31], [1, 9, 10, 11, 17, 24, 25, 30], [0, 1, 2, 3, 8, 15, 16, 18], [4, 5, 16, 17, 22, 24, 25, 31], [2, 8, 10, 11, 14, 17, 26, 29], [0, 1, 5, 6, 9, 10, 18, 19], [1, 2, 3, 5, 8, 18, 19, 21], [1, 5, 7, 8, 9, 15, 19, 31], [0, 2, 8, 9, 10, 15, 19, 21], [2, 4, 5, 10, 15, 21, 25, 26], [0, 3, 5, 9, 12, 13, 20, 25], [2, 7, 13, 16, 22, 25, 30, 31], [3, 4, 5, 11, 12, 13, 26, 27], [0, 1, 4, 9, 11, 13, 19, 25], [2, 3, 8, 15, 17, 18, 19, 24], [0, 3, 14, 16, 17, 20, 23, 30], [0, 1, 2, 6, 8, 17, 18, 19], [1, 6, 8, 9, 11, 16, 23, 24], [1, 2, 3, 4, 5, 13, 25, 30], [0, 1, 2, 9, 18, 19, 22, 25], [2, 4, 5, 14, 15, 24, 30, 31], [0, 1, 4, 8, 17, 18, 19, 30], [2, 3, 6, 7, 10, 11, 12, 14], [0, 2, 3, 5, 8, 22, 27, 31], [0, 2, 6, 7, 10, 18, 19, 24], [0, 2, 3, 11, 26, 27, 28, 30], [0, 1, 2, 3, 8, 13, 16, 29], [2, 5, 6, 8, 9, 12, 14, 19], [2, 3, 12, 13, 14, 16, 30, 31], [0, 1, 2, 3, 18, 21, 25, 29], [3, 8, 9, 10, 12, 13, 14, 29], [3, 5, 6, 7, 12, 13, 15, 18], [1, 9, 12, 17, 19, 20, 22, 31], [0, 2, 8, 10, 11, 21, 27, 31], [4, 5, 6, 16, 17, 25, 26, 27], [0, 1, 11, 19, 20, 21, 27, 30], [0, 1, 3, 6, 7, 14, 17, 18], [0, 1, 5, 8, 12, 13, 14, 28], [2, 3, 6, 7, 24, 25, 27, 30], [3, 4, 5, 6, 12, 16, 19, 20], [0, 3, 6, 9, 14, 15, 18, 21], [1, 2, 5, 7, 11, 15, 20, 31], [0, 8, 10, 14, 15, 17, 19, 24], [0, 5, 8, 10, 11, 14, 16, 21], [0, 1, 5, 12, 14, 15, 18, 30], [0, 1, 2, 4, 5, 8, 9, 25], [1, 2, 3, 5, 6, 8, 10, 18], [0, 1, 8, 10, 15, 18, 26, 27], [5, 6, 8, 9, 11, 22, 23, 25], [0, 3, 4, 5, 7, 8, 21, 27], [1, 2, 3, 4, 5, 7, 8, 9]]",8,0.334639310836792,128,learned,0.0,7936,4.0,124,0.3686165511608124,37,32 40 8 48,1962,0.7579008340835571,test,top_r_mean,1.0,0.5,0.5,1.0
0.0652395514780836,0.0,62,0.0,31,43.40499988757074,hotpotqa,0.6666666666666666,0.0,0.0,0.0,5abce85755429959677d6b3e,mean,0.6012691697514543,0.007678145542740822,"[[0, 1, 3, 6, 7, 8, 12, 13], [2, 7, 8, 9, 11, 27, 30, 31], [0, 1, 2, 8, 9, 12, 13, 14], [1, 7, 20, 21, 22, 25, 26, 29], [5, 6, 7, 8, 9, 14, 18, 27], [6, 8, 9, 10, 16, 21, 25, 30], [2, 3, 7, 15, 16, 19, 20, 26], [0, 1, 2, 4, 10, 23, 29, 30], [0, 1, 4, 5, 24, 25, 27, 30], [1, 2, 8, 12, 18, 24, 26, 31], [1, 2, 5, 6, 14, 15, 16, 26], [5, 6, 7, 8, 14, 21, 23, 31], [1, 9, 10, 11, 17, 24, 25, 30], [0, 1, 2, 3, 8, 15, 16, 18], [4, 5, 16, 17, 24, 25, 26, 31], [1, 2, 8, 10, 11, 14, 17, 29], [0, 1, 5, 9, 10, 16, 18, 19], [1, 2, 5, 8, 17, 18, 19, 21], [1, 5, 7, 8, 9, 15, 19, 31], [0, 2, 8, 10, 15, 19, 21, 27], [2, 4, 5, 10, 13, 15, 21, 26], [0, 3, 5, 8, 9, 12, 13, 20], [2, 7, 13, 16, 22, 25, 30, 31], [2, 3, 4, 5, 11, 12, 13, 27], [0, 1, 4, 9, 11, 13, 19, 22], [3, 8, 15, 17, 18, 19, 24, 29], [0, 3, 14, 16, 17, 20, 23, 30], [0, 1, 2, 6, 8, 17, 18, 19], [1, 6, 8, 9, 11, 16, 23, 24], [1, 2, 3, 4, 5, 13, 25, 30], [0, 1, 2, 9, 18, 19, 22, 25], [2, 4, 5, 14, 15, 24, 30, 31], [0, 1, 3, 4, 17, 18, 19, 30], [2, 3, 6, 7, 9, 10, 11, 12], [0, 2, 3, 5, 8, 14, 22, 31], [0, 2, 6, 7, 10, 18, 19, 24], [0, 2, 3, 11, 26, 27, 28, 30], [0, 1, 2, 3, 8, 13, 16, 29], [2, 5, 6, 8, 9, 12, 14, 19], [2, 3, 12, 13, 14, 16, 30, 31], [0, 1, 2, 3, 17, 18, 27, 29], [3, 7, 8, 9, 10, 12, 13, 29], [3, 5, 6, 7, 12, 13, 15, 18], [1, 9, 10, 12, 17, 20, 22, 31], [0, 2, 5, 8, 10, 11, 21, 31], [5, 6, 7, 16, 17, 25, 26, 27], [0, 1, 4, 11, 21, 26, 27, 30], [0, 1, 6, 7, 14, 17, 18, 19], [0, 1, 5, 8, 13, 14, 17, 28], [2, 3, 6, 7, 24, 25, 27, 30], [3, 4, 5, 6, 12, 16, 20, 27], [0, 3, 6, 9, 14, 15, 18, 21], [1, 2, 5, 7, 11, 15, 20, 31], [0, 8, 10, 14, 15, 17, 19, 24], [0, 5, 6, 8, 11, 14, 16, 21], [0, 1, 5, 12, 15, 18, 19, 30], [0, 1, 2, 4, 5, 8, 9, 25], [1, 2, 3, 6, 8, 10, 18, 27], [0, 1, 8, 10, 15, 18, 26, 27], [5, 6, 9, 11, 14, 22, 23, 25], [0, 3, 4, 5, 6, 7, 8, 21], [1, 2, 3, 4, 5, 7, 8, 9]]",8,0.334186851978302,128,learned,0.0,7936,4.0,124,0.36014682054519653,53,32 40 48 0,1962,0.7865579128265381,test,top_r_mean,1.0,0.5,0.75,1.0
0.0652395514780836,1.0,62,0.0,31,45.11259985156357,hotpotqa,0.6666666666666666,0.25,0.16666666666666666,0.0,5abce85755429959677d6b3e,mean,0.6033844526705446,0.009182230569422245,"[[0, 1, 3, 6, 7, 8, 12, 13], [2, 5, 7, 8, 9, 27, 30, 31], [0, 1, 2, 8, 9, 12, 13, 14], [1, 7, 16, 20, 21, 22, 25, 26], [5, 6, 7, 9, 14, 18, 23, 27], [6, 8, 9, 10, 16, 17, 23, 30], [2, 3, 7, 15, 16, 19, 20, 26], [0, 1, 2, 5, 10, 23, 29, 30], [0, 4, 23, 24, 25, 27, 28, 30], [1, 2, 8, 12, 18, 24, 26, 31], [1, 2, 5, 13, 14, 15, 16, 26], [5, 6, 7, 8, 14, 21, 23, 31], [1, 9, 10, 11, 17, 24, 25, 30], [1, 2, 3, 8, 15, 16, 18, 28], [4, 5, 16, 17, 24, 25, 26, 31], [2, 8, 10, 11, 14, 17, 26, 29], [0, 1, 5, 9, 10, 18, 19, 26], [1, 2, 5, 8, 17, 18, 19, 21], [4, 5, 8, 9, 15, 19, 27, 31], [0, 2, 8, 10, 15, 18, 19, 21], [2, 4, 5, 10, 15, 21, 25, 26], [0, 3, 5, 9, 12, 13, 20, 25], [2, 7, 13, 16, 22, 25, 30, 31], [2, 3, 4, 5, 11, 26, 27, 30], [0, 4, 9, 11, 13, 19, 22, 25], [2, 3, 8, 13, 15, 19, 24, 29], [0, 3, 14, 16, 17, 20, 23, 30], [0, 1, 2, 6, 8, 17, 18, 19], [1, 6, 8, 9, 11, 16, 23, 24], [1, 2, 3, 4, 5, 13, 25, 30], [0, 1, 2, 9, 18, 19, 22, 25], [2, 4, 5, 14, 15, 24, 30, 31], [0, 1, 4, 17, 18, 19, 27, 30], [2, 3, 6, 7, 9, 10, 11, 12], [2, 3, 5, 11, 14, 22, 27, 31], [0, 2, 6, 7, 10, 19, 24, 30], [0, 2, 3, 11, 26, 27, 28, 30], [0, 1, 2, 3, 8, 13, 16, 29], [2, 5, 6, 8, 9, 12, 14, 19], [2, 3, 12, 13, 14, 16, 30, 31], [0, 1, 2, 3, 13, 18, 27, 29], [3, 7, 8, 9, 10, 12, 13, 29], [3, 5, 6, 7, 12, 13, 15, 18], [1, 9, 10, 17, 19, 20, 22, 31], [0, 2, 8, 10, 11, 21, 27, 31], [5, 6, 7, 16, 17, 25, 26, 27], [0, 1, 11, 20, 21, 26, 27, 30], [0, 1, 7, 14, 16, 17, 18, 19], [0, 1, 8, 12, 13, 14, 17, 28], [2, 3, 6, 7, 24, 25, 27, 30], [4, 5, 6, 12, 16, 19, 20, 27], [0, 3, 6, 9, 14, 15, 18, 21], [1, 2, 5, 7, 11, 15, 20, 31], [0, 10, 14, 15, 17, 19, 24, 29], [0, 5, 8, 11, 14, 16, 21, 31], [1, 3, 5, 12, 15, 18, 19, 30], [0, 1, 4, 5, 8, 9, 25, 27], [1, 2, 6, 8, 10, 13, 18, 27], [0, 1, 8, 18, 24, 26, 27, 29], [5, 6, 8, 9, 11, 22, 23, 25], [0, 3, 4, 5, 7, 8, 21, 27], [1, 2, 3, 4, 6, 7, 8, 9]]",8,0.3314885199069977,128,learned,0.3333333333333333,7936,4.0,124,0.36186543107032776,71,32 40 56 48,1962,0.7848958969116211,test,top_r_mean,1.0,0.5,0.5,1.0
0.022735346358792183,0.0,176,0.0,31,112.88350005634129,qasper,1.3333333333333333,0.0,0.0,0.0,1805.07133:b9ea841b817ba23281c95c7a769873b840dee8d5,mean,0.36269160820992463,1.176362156867981,"[[0], [4], [1], [0], [1], [0], [1], [1], [0], [2], [0], [3], [0], [4], [1], [0], [0], [1], [1], [1], [1], [0], [1], [1], [0], [0], [1], [2], [0], [0], [2], [2], [0], [2], [0], [6], [1], [0], [1], [5], [0], [2], [1], [1], [2], [4], [6], [2], [0], [1], [0], [0], [0], [3], [0], [3], [0], [1], [0], [2], [2], [0], [2], [0], [0], [0], [2], [0], [6], [0], [2], [0], [0], [2], [3], [1], [1], [1], [4], [3], [0], [12], [8], [0], [1], [2], [1], [1], [0], [3], [2], [0], [1], [3], [0], [0], [0], [2], [0], [2], [0], [1], [4], [1], [0], [2], [1], [2], [1], [3], [0], [1], [0], [1], [2], [3], [3], [0], [5], [1], [0], [0], [1], [1], [0], [1], [1], [0], [0], [0], [0], [2], [1], [0], [0], [0], [0], [0], [0], [1], [0], [1], [0], [1], [0], [0], [2], [0], [1], [3], [3], [0], [0], [7], [0], [1], [3], [9], [0], [2], [0], [0], [0], [1], [3], [1], [0], [5], [0], [1], [0], [4], [0], [1], [0], [0]]",1,1.0322742462158203,128,learned,0.0,2816,4.0,124,1.204590082168579,11,120 104 72 16,5630,0.5129759907722473,test,top_r_mean,0.0,0.0,0.25,0.25
0.022735346358792183,0.0,176,0.0,31,119.32589998468757,qasper,1.3333333333333333,0.0,0.0,0.0,1805.07133:b9ea841b817ba23281c95c7a769873b840dee8d5,mean,0.37074564822031697,1.175101637840271,"[[0], [4], [1], [0], [0], [0], [0], [1], [0], [0], [0], [3], [0], [4], [1], [0], [0], [2], [1], [1], [1], [0], [1], [1], [0], [0], [3], [2], [0], [0], [2], [2], [0], [2], [0], [6], [1], [0], [1], [5], [0], [2], [1], [1], [2], [4], [6], [2], [0], [1], [0], [0], [0], [3], [0], [3], [0], [1], [0], [3], [0], [0], [2], [0], [0], [0], [2], [0], [0], [0], [2], [0], [0], [2], [3], [1], [1], [1], [4], [3], [0], [5], [11], [0], [1], [2], [1], [0], [0], [3], [2], [0], [1], [3], [0], [0], [0], [2], [0], [2], [0], [1], [4], [1], [0], [2], [1], [1], [1], [3], [0], [1], [0], [1], [2], [3], [3], [0], [2], [1], [0], [0], [1], [1], [0], [1], [1], [0], [0], [0], [0], [2], [1], [0], [0], [0], [0], [0], [0], [0], [2], [1], [0], [0], [0], [0], [2], [0], [1], [0], [2], [0], [0], [8], [1], [1], [3], [9], [0], [2], [0], [0], [0], [1], [3], [1], [0], [5], [0], [1], [0], [4], [0], [0], [0], [0]]",1,1.0302082300186157,128,learned,0.0,2816,4.0,124,1.2088133096694946,23,120 104 72 16,5630,0.5272594690322876,test,top_r_mean,0.0,0.0,0.25,0.25
0.022735346358792183,0.0,176,0.0,31,99.0945000667125,qasper,1.3333333333333333,0.0,0.0,0.0,1805.07133:b9ea841b817ba23281c95c7a769873b840dee8d5,mean,0.3667186282151208,1.1816668510437012,"[[0], [1], [1], [0], [0], [0], [0], [1], [0], [0], [0], [3], [0], [4], [1], [0], [0], [1], [1], [1], [1], [0], [1], [1], [0], [0], [3], [2], [0], [0], [2], [2], [0], [2], [0], [6], [1], [0], [1], [5], [0], [2], [1], [1], [2], [4], [0], [2], [0], [1], [0], [0], [0], [3], [0], [3], [0], [1], [0], [2], [0], [0], [2], [0], [0], [0], [2], [0], [6], [0], [2], [0], [0], [2], [3], [1], [1], [1], [4], [3], [0], [5], [12], [0], [1], [2], [1], [0], [0], [3], [2], [0], [1], [3], [0], [0], [0], [2], [0], [1], [0], [1], [4], [1], [0], [2], [1], [2], [1], [3], [0], [1], [0], [1], [2], [1], [3], [0], [2], [1], [0], [0], [1], [1], [0], [1], [1], [0], [0], [0], [0], [2], [1], [0], [0], [0], [0], [0], [0], [0], [0], [1], [0], [0], [0], [0], [2], [0], [1], [0], [2], [0], [0], [7], [0], [1], [3], [9], [0], [2], [0], [0], [0], [1], [3], [1], [0], [5], [0], [1], [0], [4], [0], [1], [0], [0]]",1,1.0399179458618164,128,learned,0.0,2816,4.0,124,1.2136151790618896,37,120 104 72 16,5630,0.5198194980621338,test,top_r_mean,0.0,0.0,0.25,0.25
0.022735346358792183,0.0,176,0.0,31,113.56249987147748,qasper,1.3333333333333333,0.0,0.0,0.0,1805.07133:b9ea841b817ba23281c95c7a769873b840dee8d5,mean,0.3567160301376981,1.1830954551696777,"[[0], [1], [1], [0], [0], [0], [0], [1], [0], [0], [0], [3], [0], [4], [1], [0], [0], [1], [1], [1], [1], [0], [1], [1], [0], [0], [1], [2], [0], [0], [2], [2], [0], [0], [0], [6], [1], [0], [1], [5], [0], [2], [1], [1], [2], [4], [1], [2], [0], [1], [0], [0], [0], [3], [0], [3], [0], [1], [0], [2], [0], [0], [2], [0], [0], [0], [2], [0], [6], [0], [2], [0], [0], [2], [3], [1], [1], [1], [4], [3], [0], [5], [12], [0], [1], [2], [1], [0], [0], [3], [2], [0], [1], [3], [0], [0], [0], [2], [0], [1], [0], [1], [4], [1], [0], [2], [1], [2], [1], [3], [0], [1], [0], [1], [2], [1], [3], [0], [2], [1], [0], [0], [1], [1], [0], [1], [1], [0], [0], [0], [0], [2], [1], [0], [0], [0], [0], [0], [0], [0], [0], [1], [0], [0], [0], [0], [2], [0], [1], [0], [2], [0], [0], [0], [0], [1], [1], [9], [0], [2], [0], [0], [0], [1], [3], [1], [0], [5], [0], [1], [0], [4], [0], [1], [0], [0]]",1,1.0403562784194946,128,learned,0.0,2816,4.0,124,1.2130683660507202,53,120 104 72 16,5630,0.5062667727470398,test,top_r_mean,0.0,0.0,0.25,0.25
0.022735346358792183,0.0,176,0.0,31,128.59870004467666,qasper,1.3333333333333333,0.0,0.0,0.0,1805.07133:b9ea841b817ba23281c95c7a769873b840dee8d5,mean,0.3738633411275656,1.1766200065612793,"[[0], [1], [1], [0], [1], [0], [1], [1], [0], [2], [0], [3], [0], [4], [1], [0], [0], [1], [1], [1], [1], [1], [1], [1], [0], [0], [1], [2], [0], [0], [2], [2], [0], [0], [0], [6], [1], [0], [1], [5], [0], [2], [1], [1], [2], [4], [1], [2], [0], [1], [0], [0], [0], [3], [0], [3], [0], [1], [0], [2], [0], [0], [2], [0], [0], [0], [2], [0], [6], [0], [2], [0], [0], [2], [3], [1], [1], [1], [4], [3], [0], [12], [12], [0], [1], [2], [1], [0], [0], [3], [2], [0], [1], [0], [0], [0], [0], [2], [0], [2], [0], [1], [4], [1], [0], [2], [1], [1], [1], [3], [0], [1], [0], [1], [2], [1], [3], [0], [2], [1], [0], [0], [1], [1], [0], [0], [1], [0], [0], [1], [0], [2], [1], [0], [0], [0], [0], [0], [0], [0], [2], [1], [0], [1], [0], [0], [2], [0], [1], [0], [2], [0], [0], [0], [1], [1], [3], [10], [0], [2], [0], [0], [0], [1], [3], [1], [0], [5], [0], [1], [0], [4], [0], [1], [0], [0]]",1,1.0326063632965088,128,learned,0.0,2816,4.0,124,1.206587791442871,71,120 104 72 16,5630,0.5258573293685913,test,top_r_mean,0.0,0.0,0.25,0.25
0.022735346358792183,0.0,176,0.0,31,106.45660012960434,qasper,1.3333333333333333,0.0,0.0,0.0,1805.07133:b9ea841b817ba23281c95c7a769873b840dee8d5,mean,0.4276623376623377,0.19870173931121826,"[[0, 1], [4, 5], [1, 2], [0, 2], [1, 2], [0, 3], [1, 2], [1, 3], [0, 1], [2, 5], [0, 2], [3, 5], [0, 1], [4, 6], [1, 8], [0, 1], [0, 1], [1, 2], [1, 2], [1, 2], [1, 4], [0, 1], [1, 3], [1, 2], [0, 1], [0, 1], [1, 3], [2, 4], [0, 2], [0, 1], [2, 4], [2, 4], [0, 1], [2, 3], [0, 1], [6, 7], [1, 5], [0, 5], [1, 5], [5, 6], [0, 1], [2, 3], [1, 2], [1, 2], [2, 3], [4, 5], [6, 7], [2, 3], [0, 1], [1, 5], [0, 1], [0, 1], [0, 2], [3, 4], [0, 2], [3, 6], [0, 1], [1, 6], [0, 1], [2, 3], [2, 3], [0, 1], [2, 5], [0, 1], [0, 1], [0, 1], [2, 4], [0, 3], [6, 7], [0, 4], [2, 4], [0, 1], [0, 1], [2, 3], [3, 8], [1, 4], [1, 2], [1, 3], [4, 17], [3, 4], [0, 1], [12, 13], [8, 14], [0, 1], [1, 3], [2, 4], [1, 2], [1, 4], [0, 1], [3, 8], [2, 3], [0, 4], [1, 6], [3, 4], [0, 1], [0, 2], [0, 1], [2, 3], [0, 5], [2, 5], [0, 1], [1, 6], [4, 5], [1, 2], [0, 1], [2, 3], [1, 4], [2, 8], [1, 2], [3, 4], [0, 1], [1, 2], [0, 1], [1, 3], [2, 3], [3, 4], [3, 4], [0, 1], [5, 7], [1, 3], [0, 1], [0, 2], [1, 2], [1, 2], [0, 2], [1, 11], [1, 2], [0, 1], [0, 1], [0, 1], [0, 5], [2, 3], [1, 3], [0, 2], [0, 2], [0, 2], [0, 1], [0, 7], [0, 2], [1, 4], [0, 2], [1, 2], [0, 1], [1, 4], [0, 1], [0, 1], [2, 5], [0, 1], [1, 3], [3, 5], [3, 4], [0, 1], [0, 1], [7, 8], [0, 1], [1, 2], [3, 7], [9, 10], [0, 1], [2, 3], [0, 1], [0, 2], [0, 2], [1, 2], [3, 4], [1, 2], [0, 1], [5, 7], [0, 1], [1, 2], [0, 3], [4, 6], [0, 1], [1, 3], [0, 1], [0, 1]]",2,0.7823104858398438,128,learned,0.0,5632,4.0,124,0.8408253192901611,11,136 88 40 64,5630,0.5815099477767944,test,top_r_mean,0.0,0.0,0.25,0.375
0.022735346358792183,0.0,176,0.0,31,121.50489981286228,qasper,1.3333333333333333,0.0,0.0,0.0,1805.07133:b9ea841b817ba23281c95c7a769873b840dee8d5,mean,0.4157142857142857,0.2034088671207428,"[[0, 1], [4, 5], [1, 2], [0, 2], [0, 1], [0, 3], [0, 2], [1, 3], [0, 1], [0, 2], [0, 2], [3, 5], [0, 1], [4, 6], [1, 8], [0, 1], [0, 1], [2, 6], [1, 2], [1, 2], [1, 4], [0, 1], [1, 3], [1, 2], [0, 1], [0, 1], [3, 5], [2, 3], [0, 2], [0, 1], [2, 4], [2, 3], [0, 1], [2, 3], [0, 1], [6, 7], [1, 5], [0, 4], [1, 5], [5, 6], [0, 1], [2, 3], [1, 2], [1, 2], [2, 3], [4, 5], [6, 7], [2, 3], [0, 1], [1, 5], [0, 1], [0, 1], [0, 2], [3, 4], [0, 2], [3, 6], [0, 1], [1, 6], [0, 1], [3, 4], [0, 2], [0, 1], [2, 5], [0, 1], [0, 1], [0, 5], [2, 4], [0, 3], [0, 6], [0, 4], [2, 4], [0, 1], [0, 1], [2, 3], [3, 6], [1, 2], [1, 2], [1, 3], [4, 17], [3, 4], [0, 1], [5, 12], [11, 13], [0, 1], [1, 3], [2, 5], [1, 2], [0, 1], [0, 1], [3, 8], [2, 3], [0, 4], [1, 6], [3, 4], [0, 1], [0, 3], [0, 1], [2, 3], [0, 5], [2, 5], [0, 1], [1, 5], [4, 5], [1, 2], [0, 1], [2, 3], [1, 4], [1, 2], [1, 2], [3, 12], [0, 1], [1, 2], [0, 1], [1, 3], [2, 3], [3, 4], [3, 4], [0, 1], [2, 7], [1, 3], [0, 1], [0, 2], [1, 2], [1, 2], [0, 4], [1, 11], [1, 2], [0, 1], [0, 1], [0, 1], [0, 5], [2, 3], [1, 3], [0, 2], [0, 2], [0, 2], [0, 1], [0, 7], [0, 2], [0, 1], [2, 3], [1, 3], [0, 1], [0, 1], [0, 4], [0, 1], [2, 5], [0, 1], [1, 3], [0, 3], [2, 3], [0, 1], [0, 1], [8, 9], [1, 2], [1, 2], [3, 7], [9, 13], [0, 1], [2, 3], [0, 1], [0, 2], [0, 2], [1, 2], [3, 4], [1, 2], [0, 1], [5, 7], [0, 1], [1, 2], [0, 3], [4, 6], [0, 1], [0, 1], [0, 1], [0, 1]]",2,0.7862933874130249,128,learned,0.0,5632,4.0,124,0.8497185111045837,23,136 88 40 64,5630,0.5697468519210815,test,top_r_mean,0.0,0.0,0.25,0.375
0.022735346358792183,0.0,176,0.0,31,116.48159986361861,qasper,1.3333333333333333,0.0,0.0,0.0,1805.07133:b9ea841b817ba23281c95c7a769873b840dee8d5,mean,0.41844155844155845,0.2019023895263672,"[[0, 1], [1, 3], [1, 2], [0, 1], [0, 1], [0, 3], [0, 1], [1, 3], [0, 1], [0, 2], [0, 2], [3, 5], [0, 1], [4, 6], [1, 8], [0, 1], [0, 1], [1, 2], [1, 2], [1, 2], [1, 4], [0, 1], [1, 3], [1, 2], [0, 1], [0, 1], [3, 5], [2, 3], [0, 2], [0, 1], [2, 4], [2, 4], [0, 1], [2, 3], [0, 1], [6, 7], [1, 5], [0, 5], [1, 5], [5, 6], [0, 1], [2, 3], [1, 2], [1, 2], [2, 3], [4, 5], [0, 1], [2, 3], [0, 1], [1, 5], [0, 1], [0, 1], [0, 2], [3, 4], [0, 2], [3, 6], [0, 1], [1, 6], [0, 1], [2, 3], [0, 2], [0, 1], [2, 5], [0, 1], [0, 1], [0, 1], [2, 4], [0, 3], [6, 7], [0, 4], [2, 4], [0, 1], [0, 1], [2, 3], [3, 6], [1, 2], [1, 2], [1, 3], [4, 5], [3, 4], [0, 1], [5, 12], [12, 14], [0, 1], [1, 3], [2, 4], [1, 2], [0, 1], [0, 1], [3, 8], [2, 3], [0, 2], [1, 3], [3, 4], [0, 1], [0, 2], [0, 1], [2, 3], [0, 5], [1, 2], [0, 1], [1, 2], [4, 5], [1, 2], [0, 1], [2, 3], [1, 4], [2, 8], [1, 2], [3, 4], [0, 1], [1, 2], [0, 1], [1, 3], [2, 3], [1, 3], [3, 4], [0, 1], [2, 5], [1, 3], [0, 1], [0, 2], [1, 2], [1, 2], [0, 2], [1, 11], [1, 2], [0, 1], [0, 1], [0, 1], [0, 5], [2, 3], [1, 3], [0, 2], [0, 1], [0, 2], [0, 1], [0, 2], [0, 2], [0, 1], [0, 2], [1, 2], [0, 1], [0, 1], [0, 1], [0, 1], [2, 5], [0, 1], [1, 3], [0, 3], [2, 3], [0, 1], [0, 1], [7, 8], [0, 1], [1, 2], [3, 7], [9, 10], [0, 1], [2, 3], [0, 1], [0, 2], [0, 2], [1, 2], [3, 4], [1, 2], [0, 1], [5, 7], [0, 1], [1, 2], [0, 3], [4, 6], [0, 1], [1, 3], [0, 1], [0, 1]]",2,0.7900277972221375,128,learned,0.0,5632,4.0,124,0.8501654863357544,37,136 88 40 64,5630,0.5720999240875244,test,top_r_mean,0.0,0.0,0.25,0.375
0.022735346358792183,0.0,176,0.0,31,112.8392000682652,qasper,1.3333333333333333,0.0,0.0,0.0,1805.07133:b9ea841b817ba23281c95c7a769873b840dee8d5,mean,0.4075324675324675,0.2034260332584381,"[[0, 1], [1, 3], [1, 2], [0, 1], [0, 1], [0, 3], [0, 1], [1, 3], [0, 1], [0, 2], [0, 2], [3, 5], [0, 1], [4, 6], [1, 8], [0, 1], [0, 1], [1, 2], [1, 2], [1, 2], [1, 4], [0, 1], [1, 3], [1, 2], [0, 1], [0, 1], [1, 3], [2, 3], [0, 2], [0, 1], [2, 4], [2, 4], [0, 1], [0, 2], [0, 1], [6, 7], [1, 5], [0, 5], [1, 5], [5, 6], [0, 1], [2, 3], [1, 2], [1, 2], [2, 3], [4, 5], [1, 6], [2, 3], [0, 1], [1, 5], [0, 1], [0, 1], [0, 2], [3, 4], [0, 2], [3, 6], [0, 1], [1, 6], [0, 1], [2, 3], [0, 2], [0, 1], [2, 5], [0, 1], [0, 1], [0, 1], [2, 4], [0, 3], [6, 7], [0, 4], [2, 4], [0, 1], [0, 1], [2, 3], [3, 6], [1, 2], [1, 2], [1, 3], [4, 10], [3, 4], [0, 1], [5, 12], [12, 14], [0, 1], [1, 3], [2, 4], [1, 2], [0, 1], [0, 1], [3, 8], [2, 3], [0, 4], [1, 3], [3, 4], [0, 1], [0, 2], [0, 1], [2, 3], [0, 5], [1, 2], [0, 1], [1, 2], [4, 5], [1, 2], [0, 1], [2, 3], [1, 4], [2, 3], [1, 2], [3, 4], [0, 1], [1, 2], [0, 1], [1, 3], [2, 3], [1, 3], [3, 4], [0, 1], [2, 5], [1, 3], [0, 1], [0, 2], [1, 2], [1, 2], [0, 2], [1, 11], [1, 2], [0, 1], [0, 1], [0, 1], [0, 5], [2, 3], [1, 3], [0, 2], [0, 2], [0, 2], [0, 1], [0, 2], [0, 2], [0, 1], [0, 2], [1, 2], [0, 1], [0, 1], [0, 1], [0, 1], [2, 5], [0, 1], [1, 3], [0, 3], [2, 3], [0, 1], [0, 1], [0, 8], [0, 1], [1, 2], [1, 3], [9, 10], [0, 1], [2, 3], [0, 1], [0, 2], [0, 2], [1, 2], [3, 4], [1, 2], [0, 1], [5, 7], [0, 1], [1, 2], [0, 1], [4, 6], [0, 1], [1, 3], [0, 1], [0, 1]]",2,0.7939534783363342,128,learned,0.0,5632,4.0,124,0.8541921377182007,53,136 88 40 64,5630,0.5599052906036377,test,top_r_mean,0.0,0.0,0.25,0.375
0.022735346358792183,0.0,176,0.0,31,121.83550000190735,qasper,1.3333333333333333,0.0,0.0,0.0,1805.07133:b9ea841b817ba23281c95c7a769873b840dee8d5,mean,0.42207792207792205,0.2030683010816574,"[[0, 1], [1, 4], [1, 2], [0, 3], [1, 2], [0, 3], [1, 2], [1, 3], [0, 1], [2, 5], [0, 2], [3, 5], [0, 1], [4, 6], [1, 8], [0, 1], [0, 1], [1, 2], [1, 2], [1, 2], [1, 4], [1, 2], [1, 3], [1, 2], [0, 1], [0, 1], [1, 3], [2, 3], [0, 2], [0, 1], [2, 4], [2, 4], [0, 1], [0, 2], [0, 1], [6, 7], [1, 5], [0, 5], [1, 4], [5, 6], [0, 1], [2, 3], [1, 2], [1, 2], [2, 3], [4, 5], [1, 6], [2, 3], [0, 1], [1, 5], [0, 1], [0, 1], [0, 2], [3, 4], [0, 2], [3, 6], [0, 1], [1, 6], [0, 1], [2, 3], [0, 2], [0, 1], [2, 5], [0, 1], [0, 1], [0, 5], [2, 4], [0, 3], [6, 7], [0, 4], [2, 4], [0, 1], [0, 1], [2, 3], [3, 6], [1, 2], [1, 2], [1, 3], [4, 17], [3, 4], [0, 1], [12, 13], [12, 14], [0, 1], [1, 3], [2, 4], [1, 2], [0, 1], [0, 1], [3, 8], [2, 3], [0, 1], [1, 3], [0, 3], [0, 1], [0, 2], [0, 1], [2, 3], [0, 5], [2, 5], [0, 1], [1, 5], [4, 5], [1, 2], [0, 1], [2, 3], [1, 4], [1, 2], [1, 2], [3, 4], [0, 3], [1, 2], [0, 1], [1, 3], [2, 3], [1, 3], [3, 4], [0, 1], [2, 7], [1, 3], [0, 1], [0, 2], [1, 2], [1, 2], [0, 2], [0, 1], [1, 2], [0, 1], [0, 1], [1, 2], [0, 5], [2, 3], [1, 3], [0, 2], [0, 2], [0, 2], [0, 1], [0, 7], [0, 2], [0, 1], [2, 3], [1, 3], [0, 1], [1, 4], [0, 4], [0, 1], [2, 5], [0, 1], [1, 3], [0, 3], [2, 3], [0, 1], [0, 1], [0, 7], [1, 2], [1, 2], [3, 7], [10, 14], [0, 1], [2, 3], [0, 1], [0, 2], [0, 2], [1, 2], [3, 4], [1, 2], [0, 1], [5, 7], [0, 1], [1, 2], [0, 3], [4, 6], [0, 1], [1, 3], [0, 1], [0, 1]]",2,0.7874978184700012,128,learned,0.0,5632,4.0,124,0.8490925431251526,71,136 88 40 64,5630,0.5737111568450928,test,top_r_mean,0.0,0.0,0.25,0.375
0.022735346358792183,0.0,176,0.0,31,116.00579996593297,qasper,1.3333333333333333,0.0,0.0,0.0,1805.07133:b9ea841b817ba23281c95c7a769873b840dee8d5,mean,0.48545454545454547,0.02278881147503853,"[[0, 1, 5, 6], [4, 5, 6, 8], [1, 2, 6, 12], [0, 2, 3, 11], [1, 2, 3, 5], [0, 3, 4, 6], [1, 2, 3, 5], [1, 3, 4, 6], [0, 1, 7, 17], [2, 5, 6, 7], [0, 2, 3, 8], [3, 5, 7, 12], [0, 1, 3, 6], [4, 6, 7, 11], [1, 8, 11, 13], [0, 1, 5, 10], [0, 1, 5, 6], [1, 2, 6, 7], [1, 2, 3, 7], [1, 2, 10, 14], [1, 4, 5, 6], [0, 1, 2, 6], [1, 3, 9, 12], [1, 2, 7, 9], [0, 1, 2, 4], [0, 1, 3, 4], [1, 3, 7, 10], [2, 4, 7, 9], [0, 2, 9, 11], [0, 1, 7, 10], [2, 4, 8, 10], [2, 4, 6, 7], [0, 1, 2, 3], [2, 3, 4, 7], [0, 1, 4, 5], [6, 7, 8, 10], [1, 5, 6, 7], [0, 5, 7, 10], [1, 5, 10, 11], [5, 6, 7, 8], [0, 1, 6, 22], [2, 3, 4, 14], [1, 2, 5, 12], [1, 2, 3, 4], [2, 3, 4, 10], [4, 5, 6, 8], [6, 7, 12, 15], [2, 3, 4, 11], [0, 1, 3, 5], [1, 5, 6, 7], [0, 1, 2, 5], [0, 1, 2, 4], [0, 2, 4, 5], [3, 4, 5, 7], [0, 2, 4, 5], [3, 6, 8, 10], [0, 1, 2, 3], [1, 6, 13, 20], [0, 1, 3, 4], [2, 3, 4, 6], [2, 3, 5, 6], [0, 1, 3, 4], [2, 5, 6, 9], [0, 1, 4, 8], [0, 1, 2, 4], [0, 1, 5, 6], [2, 4, 13, 14], [0, 3, 4, 9], [6, 7, 9, 13], [0, 4, 5, 7], [2, 4, 6, 9], [0, 1, 2, 6], [0, 1, 2, 4], [2, 3, 9, 10], [3, 8, 10, 13], [1, 4, 6, 10], [1, 2, 5, 6], [1, 3, 4, 7], [4, 17, 22, 23], [3, 4, 6, 12], [0, 1, 10, 19], [12, 13, 15, 16], [8, 14, 16, 17], [0, 1, 2, 3], [1, 3, 4, 5], [2, 4, 5, 9], [1, 2, 4, 8], [1, 4, 10, 11], [0, 1, 2, 3], [3, 8, 9, 10], [2, 3, 5, 9], [0, 4, 9, 17], [1, 6, 7, 10], [3, 4, 7, 9], [0, 1, 4, 8], [0, 2, 3, 4], [0, 1, 7, 9], [2, 3, 5, 11], [0, 5, 6, 10], [2, 5, 6, 8], [0, 1, 2, 4], [1, 6, 9, 21], [4, 5, 7, 8], [1, 2, 5, 6], [0, 1, 2, 3], [2, 3, 7, 9], [1, 4, 6, 10], [2, 8, 10, 18], [1, 2, 4, 5], [3, 4, 12, 13], [0, 1, 4, 5], [1, 2, 3, 5], [0, 1, 3, 4], [1, 3, 5, 6], [2, 3, 8, 9], [3, 4, 5, 10], [3, 4, 5, 7], [0, 1, 3, 4], [5, 7, 8, 12], [1, 3, 4, 6], [0, 1, 2, 4], [0, 2, 3, 9], [1, 2, 3, 4], [1, 2, 3, 5], [0, 2, 4, 11], [1, 11, 12, 20], [1, 2, 3, 4], [0, 1, 2, 4], [0, 1, 3, 4], [0, 1, 2, 3], [0, 5, 7, 9], [2, 3, 4, 8], [1, 3, 4, 5], [0, 2, 10, 11], [0, 2, 5, 6], [0, 2, 4, 5], [0, 1, 2, 4], [0, 7, 11, 12], [0, 2, 5, 6], [1, 4, 6, 8], [0, 2, 3, 10], [1, 2, 3, 9], [0, 1, 4, 10], [1, 4, 5, 6], [0, 1, 4, 9], [0, 1, 3, 6], [2, 5, 10, 18], [0, 1, 2, 4], [1, 3, 4, 5], [3, 5, 6, 7], [3, 4, 5, 8], [0, 1, 6, 8], [0, 1, 2, 3], [7, 8, 9, 10], [0, 1, 2, 5], [1, 2, 5, 7], [3, 7, 8, 9], [9, 10, 14, 15], [0, 1, 4, 5], [2, 3, 4, 5], [0, 1, 2, 4], [0, 2, 6, 9], [0, 2, 4, 8], [1, 2, 3, 4], [3, 4, 6, 7], [1, 2, 8, 11], [0, 1, 3, 4], [5, 7, 10, 15], [0, 1, 4, 5], [1, 2, 3, 5], [0, 3, 6, 7], [4, 6, 7, 8], [0, 1, 3, 4], [1, 3, 6, 7], [0, 1, 2, 3], [0, 1, 2, 4]]",4,0.8345329165458679,128,learned,0.0,11264,4.0,124,0.8617405295372009,11,136 64 40 120,5630,0.6539335250854492,test,top_r_mean,0.0,0.5,0.5,0.75
0.022735346358792183,0.0,176,0.0,31,111.27610015682876,qasper,1.3333333333333333,0.0,0.0,0.0,1805.07133:b9ea841b817ba23281c95c7a769873b840dee8d5,mean,0.46285714285714286,0.024603212252259254,"[[0, 1, 5, 6], [4, 5, 6, 8], [1, 2, 6, 10], [0, 2, 3, 7], [0, 1, 2, 3], [0, 3, 4, 6], [0, 2, 3, 5], [1, 3, 4, 6], [0, 1, 17, 18], [0, 2, 5, 6], [0, 2, 3, 8], [3, 5, 7, 12], [0, 1, 3, 5], [4, 6, 7, 9], [1, 8, 12, 13], [0, 1, 4, 5], [0, 1, 5, 6], [2, 6, 7, 8], [1, 2, 3, 7], [1, 2, 10, 14], [1, 4, 6, 14], [0, 1, 2, 4], [1, 3, 9, 15], [1, 2, 7, 9], [0, 1, 2, 4], [0, 1, 3, 4], [3, 5, 7, 10], [2, 3, 4, 7], [0, 2, 9, 11], [0, 1, 7, 10], [2, 4, 8, 10], [2, 3, 4, 6], [0, 1, 2, 3], [2, 3, 4, 7], [0, 1, 3, 5], [6, 7, 8, 10], [1, 5, 6, 7], [0, 4, 5, 7], [1, 5, 10, 11], [5, 6, 7, 8], [0, 1, 6, 22], [2, 3, 4, 14], [1, 2, 8, 12], [1, 2, 3, 4], [2, 3, 4, 12], [4, 5, 6, 8], [6, 7, 12, 15], [2, 3, 4, 11], [0, 1, 2, 3], [1, 5, 6, 7], [0, 1, 2, 5], [0, 1, 2, 19], [0, 2, 4, 5], [3, 4, 5, 7], [0, 2, 4, 5], [3, 6, 8, 10], [0, 1, 2, 3], [1, 6, 13, 20], [0, 1, 3, 4], [3, 4, 6, 7], [0, 2, 3, 6], [0, 1, 3, 4], [2, 5, 6, 9], [0, 1, 4, 8], [0, 1, 2, 4], [0, 5, 6, 8], [2, 4, 13, 14], [0, 3, 4, 5], [0, 6, 7, 9], [0, 4, 5, 7], [2, 4, 6, 9], [0, 1, 2, 3], [0, 1, 2, 4], [2, 3, 10, 12], [3, 6, 8, 10], [1, 2, 4, 10], [1, 2, 5, 6], [1, 3, 4, 7], [4, 17, 22, 23], [3, 4, 12, 17], [0, 1, 10, 19], [5, 12, 13, 15], [11, 13, 14, 17], [0, 1, 2, 3], [1, 3, 4, 5], [2, 5, 9, 10], [1, 2, 4, 8], [0, 1, 4, 11], [0, 1, 2, 3], [3, 8, 9, 10], [2, 3, 5, 9], [0, 4, 9, 17], [1, 6, 7, 13], [3, 4, 7, 9], [0, 1, 4, 8], [0, 3, 4, 8], [0, 1, 7, 9], [2, 3, 5, 11], [0, 5, 6, 10], [2, 5, 6, 8], [0, 1, 2, 5], [1, 5, 6, 9], [4, 5, 7, 8], [1, 2, 5, 6], [0, 1, 2, 3], [2, 3, 7, 9], [1, 4, 6, 8], [1, 2, 8, 10], [1, 2, 4, 5], [3, 12, 13, 15], [0, 1, 4, 5], [1, 2, 3, 6], [0, 1, 3, 4], [1, 3, 5, 6], [2, 3, 8, 9], [3, 4, 5, 10], [3, 4, 5, 8], [0, 1, 3, 4], [2, 7, 8, 16], [1, 3, 4, 6], [0, 1, 2, 4], [0, 2, 3, 11], [1, 2, 3, 4], [1, 2, 3, 5], [0, 4, 11, 12], [1, 11, 12, 20], [1, 2, 3, 4], [0, 1, 2, 4], [0, 1, 3, 4], [0, 1, 2, 3], [0, 5, 7, 9], [2, 3, 4, 8], [1, 3, 4, 5], [0, 2, 10, 11], [0, 2, 5, 8], [0, 2, 4, 5], [0, 1, 2, 4], [0, 7, 11, 12], [0, 2, 5, 6], [0, 1, 4, 6], [2, 3, 7, 10], [1, 3, 6, 9], [0, 1, 4, 10], [0, 1, 5, 6], [0, 4, 7, 9], [0, 1, 3, 6], [2, 5, 10, 18], [0, 1, 2, 4], [1, 3, 4, 5], [0, 3, 5, 7], [2, 3, 4, 5], [0, 1, 6, 8], [0, 1, 2, 3], [8, 9, 10, 16], [1, 2, 5, 8], [1, 2, 5, 7], [3, 7, 8, 9], [9, 13, 14, 15], [0, 1, 4, 5], [2, 3, 4, 5], [0, 1, 2, 4], [0, 2, 6, 9], [0, 2, 4, 8], [1, 2, 3, 4], [3, 4, 6, 7], [1, 2, 8, 11], [0, 1, 3, 4], [5, 7, 9, 10], [0, 1, 4, 5], [1, 2, 3, 6], [0, 3, 6, 7], [4, 6, 7, 8], [0, 1, 3, 4], [0, 1, 3, 6], [0, 1, 2, 3], [0, 1, 2, 4]]",4,0.8312186598777771,128,learned,0.0,11264,4.0,124,0.8615577220916748,23,136 64 40 120,5630,0.6256306171417236,test,top_r_mean,0.0,0.5,0.5,0.75
0.022735346358792183,0.0,176,0.0,31,105.30179995112121,qasper,1.3333333333333333,0.0,0.0,0.0,1805.07133:b9ea841b817ba23281c95c7a769873b840dee8d5,mean,0.4672727272727273,0.025422990322113037,"[[0, 1, 5, 6], [1, 3, 4, 5], [1, 2, 6, 10], [0, 1, 2, 3], [0, 1, 2, 3], [0, 3, 4, 6], [0, 1, 2, 3], [1, 3, 4, 6], [0, 1, 7, 17], [0, 2, 5, 6], [0, 2, 3, 8], [3, 5, 7, 12], [0, 1, 5, 6], [4, 6, 7, 11], [1, 8, 11, 13], [0, 1, 4, 5], [0, 1, 5, 6], [1, 2, 6, 7], [1, 2, 3, 7], [1, 2, 10, 14], [1, 4, 5, 6], [0, 1, 2, 4], [1, 3, 9, 15], [1, 2, 7, 9], [0, 1, 2, 4], [0, 1, 3, 4], [3, 5, 7, 10], [2, 3, 4, 7], [0, 2, 9, 11], [0, 1, 7, 10], [2, 4, 8, 10], [2, 4, 6, 7], [0, 1, 2, 3], [2, 3, 4, 7], [0, 1, 3, 5], [6, 7, 8, 9], [1, 5, 6, 7], [0, 5, 7, 10], [1, 5, 10, 11], [5, 6, 7, 8], [0, 1, 6, 22], [2, 3, 4, 7], [1, 2, 5, 8], [1, 2, 3, 4], [2, 3, 4, 10], [4, 5, 6, 8], [0, 1, 6, 7], [2, 3, 4, 5], [0, 1, 2, 3], [1, 5, 6, 7], [0, 1, 2, 4], [0, 1, 2, 4], [0, 2, 4, 5], [3, 4, 5, 7], [0, 2, 4, 5], [3, 6, 8, 10], [0, 1, 2, 3], [1, 6, 13, 20], [0, 1, 3, 4], [2, 3, 4, 6], [0, 2, 3, 6], [0, 1, 3, 4], [2, 5, 6, 9], [0, 1, 4, 8], [0, 1, 2, 4], [0, 1, 2, 5], [2, 4, 13, 14], [0, 3, 4, 5], [6, 7, 9, 14], [0, 4, 5, 7], [2, 4, 6, 9], [0, 1, 2, 3], [0, 1, 2, 4], [2, 3, 10, 12], [3, 6, 8, 10], [1, 2, 4, 6], [1, 2, 3, 5], [1, 3, 4, 7], [4, 5, 17, 22], [3, 4, 6, 12], [0, 1, 10, 19], [5, 12, 13, 15], [12, 14, 16, 17], [0, 1, 2, 3], [1, 3, 4, 5], [2, 4, 5, 9], [1, 2, 4, 8], [0, 1, 4, 11], [0, 1, 2, 3], [3, 8, 9, 10], [2, 3, 5, 9], [0, 2, 4, 9], [1, 3, 6, 7], [3, 4, 7, 9], [0, 1, 4, 8], [0, 2, 3, 4], [0, 1, 7, 9], [2, 3, 4, 5], [0, 5, 6, 10], [1, 2, 5, 6], [0, 1, 2, 5], [1, 2, 5, 6], [4, 5, 7, 8], [1, 2, 5, 6], [0, 1, 2, 3], [2, 3, 7, 9], [1, 4, 6, 8], [2, 8, 9, 10], [1, 2, 4, 5], [3, 4, 12, 13], [0, 1, 3, 4], [1, 2, 3, 5], [0, 1, 3, 4], [1, 3, 5, 6], [2, 3, 8, 9], [1, 3, 4, 5], [3, 4, 5, 7], [0, 1, 3, 4], [2, 5, 7, 8], [1, 3, 4, 6], [0, 1, 2, 4], [0, 2, 3, 9], [1, 2, 3, 4], [1, 2, 3, 5], [0, 2, 4, 11], [1, 11, 12, 20], [1, 2, 3, 4], [0, 1, 2, 4], [0, 1, 3, 4], [0, 1, 2, 3], [0, 5, 7, 9], [2, 3, 4, 8], [1, 3, 4, 5], [0, 2, 9, 10], [0, 1, 2, 5], [0, 2, 4, 5], [0, 1, 2, 4], [0, 2, 7, 11], [0, 2, 5, 6], [0, 1, 4, 6], [0, 2, 3, 10], [1, 2, 3, 6], [0, 1, 4, 10], [0, 1, 4, 5], [0, 1, 4, 7], [0, 1, 3, 6], [2, 5, 10, 18], [0, 1, 2, 7], [1, 3, 4, 5], [0, 3, 4, 5], [2, 3, 4, 5], [0, 1, 5, 6], [0, 1, 2, 3], [7, 8, 9, 10], [0, 1, 2, 5], [1, 2, 5, 7], [3, 7, 8, 9], [9, 10, 13, 14], [0, 1, 4, 5], [2, 3, 4, 5], [0, 1, 2, 4], [0, 2, 6, 9], [0, 2, 4, 8], [1, 2, 3, 4], [3, 4, 6, 7], [1, 2, 8, 9], [0, 1, 3, 4], [5, 7, 9, 10], [0, 1, 4, 5], [1, 2, 3, 5], [0, 3, 6, 7], [4, 6, 7, 8], [0, 1, 2, 3], [1, 3, 6, 7], [0, 1, 2, 3], [0, 1, 2, 4]]",4,0.8393619060516357,128,learned,0.0,11264,4.0,124,0.8693771362304688,37,136 64 40 120,5630,0.630466639995575,test,top_r_mean,0.0,0.5,0.5,0.75
0.022735346358792183,0.0,176,0.0,31,114.1774000134319,qasper,1.3333333333333333,0.0,0.0,0.0,1805.07133:b9ea841b817ba23281c95c7a769873b840dee8d5,mean,0.4625974025974026,0.025515533983707428,"[[0, 1, 5, 6], [1, 3, 4, 5], [1, 2, 6, 10], [0, 1, 2, 3], [0, 1, 2, 3], [0, 3, 4, 6], [0, 1, 2, 3], [1, 3, 4, 6], [0, 1, 7, 17], [0, 2, 5, 6], [0, 2, 3, 8], [3, 5, 7, 12], [0, 1, 3, 6], [4, 6, 7, 11], [1, 8, 11, 12], [0, 1, 4, 5], [0, 1, 2, 5], [1, 2, 6, 7], [1, 2, 3, 7], [1, 2, 10, 14], [1, 4, 5, 6], [0, 1, 2, 6], [1, 3, 9, 12], [1, 2, 7, 9], [0, 1, 2, 4], [0, 1, 3, 4], [1, 3, 5, 7], [2, 3, 4, 7], [0, 2, 9, 10], [0, 1, 7, 10], [2, 4, 8, 10], [2, 4, 6, 7], [0, 1, 2, 3], [0, 2, 3, 4], [0, 1, 4, 5], [6, 7, 8, 9], [1, 5, 6, 7], [0, 5, 7, 10], [1, 5, 10, 11], [5, 6, 7, 8], [0, 1, 6, 22], [2, 3, 4, 7], [1, 2, 5, 12], [1, 2, 3, 4], [2, 3, 4, 10], [4, 5, 6, 8], [1, 6, 7, 12], [2, 3, 4, 5], [0, 1, 3, 5], [1, 5, 6, 7], [0, 1, 2, 4], [0, 1, 2, 4], [0, 2, 4, 5], [3, 4, 5, 7], [0, 2, 4, 5], [3, 6, 8, 10], [0, 1, 2, 3], [1, 6, 13, 20], [0, 1, 3, 4], [2, 3, 4, 6], [0, 2, 3, 6], [0, 1, 3, 4], [2, 5, 6, 9], [0, 1, 4, 8], [0, 1, 2, 4], [0, 1, 5, 6], [2, 4, 13, 14], [0, 3, 4, 5], [6, 7, 9, 13], [0, 4, 5, 7], [2, 4, 6, 9], [0, 1, 2, 3], [0, 1, 2, 3], [2, 3, 9, 10], [3, 6, 8, 10], [1, 2, 4, 6], [1, 2, 3, 5], [1, 3, 4, 7], [4, 10, 17, 22], [3, 4, 6, 12], [0, 1, 10, 19], [5, 12, 13, 15], [12, 14, 16, 17], [0, 1, 2, 3], [1, 3, 4, 5], [2, 4, 5, 9], [1, 2, 4, 8], [0, 1, 4, 11], [0, 1, 2, 3], [3, 8, 9, 10], [2, 3, 5, 9], [0, 4, 9, 17], [1, 3, 6, 7], [3, 4, 7, 9], [0, 1, 4, 8], [0, 2, 3, 4], [0, 1, 4, 7], [2, 3, 4, 5], [0, 5, 6, 10], [1, 2, 5, 6], [0, 1, 2, 10], [1, 2, 5, 6], [4, 5, 7, 8], [1, 2, 5, 6], [0, 1, 2, 3], [2, 3, 7, 9], [1, 4, 6, 10], [2, 3, 8, 10], [1, 2, 4, 5], [3, 4, 12, 13], [0, 1, 3, 4], [1, 2, 3, 5], [0, 1, 3, 4], [1, 3, 5, 6], [2, 3, 9, 14], [1, 3, 4, 5], [3, 4, 5, 7], [0, 1, 3, 4], [2, 5, 7, 8], [1, 3, 4, 6], [0, 1, 2, 4], [0, 2, 3, 9], [1, 2, 3, 4], [1, 2, 3, 5], [0, 2, 4, 11], [1, 11, 12, 20], [1, 2, 3, 4], [0, 1, 2, 4], [0, 1, 3, 4], [0, 1, 2, 3], [0, 5, 6, 7], [2, 3, 4, 8], [1, 3, 4, 5], [0, 2, 9, 10], [0, 2, 5, 6], [0, 2, 4, 5], [0, 1, 2, 4], [0, 2, 7, 11], [0, 2, 5, 6], [0, 1, 4, 6], [0, 2, 3, 10], [1, 2, 3, 6], [0, 1, 4, 10], [0, 1, 4, 5], [0, 1, 4, 7], [0, 1, 3, 6], [2, 5, 10, 18], [0, 1, 2, 4], [1, 3, 4, 5], [0, 3, 4, 5], [2, 3, 4, 5], [0, 1, 5, 6], [0, 1, 2, 3], [0, 8, 9, 10], [0, 1, 2, 5], [1, 2, 5, 7], [1, 3, 7, 8], [9, 10, 14, 15], [0, 1, 4, 5], [2, 3, 4, 5], [0, 1, 2, 4], [0, 2, 6, 9], [0, 2, 4, 8], [1, 2, 3, 4], [3, 4, 6, 7], [1, 2, 8, 9], [0, 1, 3, 4], [5, 7, 10, 15], [0, 1, 4, 5], [1, 2, 3, 5], [0, 1, 3, 6], [4, 6, 7, 8], [0, 1, 2, 3], [1, 3, 6, 7], [0, 1, 2, 3], [0, 1, 2, 4]]",4,0.8386180400848389,128,learned,0.0,11264,4.0,124,0.8689185976982117,53,136 64 40 120,5630,0.6259739995002747,test,top_r_mean,0.0,0.5,0.5,0.625
0.022735346358792183,0.0,176,0.0,31,121.21129990555346,qasper,1.3333333333333333,0.0,0.0,0.0,1805.07133:b9ea841b817ba23281c95c7a769873b840dee8d5,mean,0.48987012987012984,0.022595681250095367,"[[0, 1, 5, 6], [1, 4, 5, 6], [1, 2, 6, 12], [0, 3, 11, 12], [1, 2, 3, 5], [0, 3, 4, 6], [1, 2, 3, 5], [1, 3, 4, 6], [0, 1, 7, 17], [2, 5, 6, 7], [0, 2, 3, 8], [3, 5, 7, 12], [0, 1, 3, 6], [4, 6, 7, 11], [1, 8, 11, 13], [0, 1, 4, 5], [0, 1, 5, 6], [1, 2, 6, 7], [1, 2, 3, 7], [1, 2, 10, 14], [1, 4, 6, 19], [1, 2, 4, 6], [1, 3, 9, 15], [1, 2, 7, 9], [0, 1, 2, 4], [0, 1, 3, 4], [1, 3, 7, 10], [2, 3, 4, 7], [0, 2, 9, 11], [0, 1, 7, 10], [2, 4, 7, 8], [2, 4, 6, 7], [0, 1, 2, 3], [0, 2, 3, 4], [0, 1, 4, 5], [6, 7, 8, 9], [1, 5, 6, 7], [0, 5, 7, 10], [1, 4, 5, 10], [5, 6, 7, 8], [0, 1, 6, 14], [2, 3, 4, 14], [1, 2, 12, 18], [1, 2, 3, 4], [2, 3, 4, 12], [4, 5, 6, 8], [1, 6, 7, 12], [2, 3, 4, 11], [0, 1, 3, 5], [1, 5, 6, 7], [0, 1, 2, 4], [0, 1, 2, 4], [0, 2, 4, 5], [3, 4, 5, 7], [0, 2, 4, 5], [3, 6, 8, 10], [0, 1, 2, 3], [1, 6, 13, 20], [0, 1, 3, 4], [2, 3, 4, 6], [0, 2, 3, 6], [0, 1, 3, 4], [2, 5, 6, 9], [0, 1, 4, 8], [0, 1, 2, 4], [0, 5, 6, 11], [2, 4, 13, 14], [0, 3, 4, 5], [6, 7, 9, 14], [0, 4, 5, 7], [2, 4, 6, 9], [0, 1, 2, 3], [0, 1, 2, 4], [2, 3, 10, 12], [3, 6, 8, 10], [1, 2, 4, 10], [1, 2, 5, 6], [1, 3, 4, 7], [4, 17, 22, 23], [3, 4, 6, 12], [0, 1, 10, 19], [12, 13, 15, 16], [12, 14, 16, 17], [0, 1, 2, 3], [1, 3, 4, 5], [2, 4, 5, 9], [1, 2, 4, 8], [0, 1, 4, 11], [0, 1, 2, 3], [3, 8, 9, 10], [2, 3, 5, 9], [0, 1, 3, 4], [1, 3, 6, 7], [0, 3, 4, 7], [0, 1, 4, 8], [0, 2, 3, 4], [0, 1, 7, 9], [2, 3, 5, 11], [0, 5, 6, 10], [2, 5, 6, 8], [0, 1, 2, 5], [1, 5, 6, 9], [4, 5, 7, 8], [1, 2, 5, 6], [0, 1, 2, 3], [2, 3, 7, 9], [1, 4, 6, 10], [1, 2, 8, 10], [1, 2, 4, 5], [3, 4, 12, 13], [0, 3, 4, 5], [1, 2, 3, 6], [0, 1, 3, 4], [1, 3, 5, 6], [2, 3, 8, 9], [1, 3, 4, 5], [3, 4, 5, 7], [0, 1, 3, 4], [2, 7, 8, 16], [1, 3, 4, 6], [0, 1, 2, 5], [0, 2, 3, 9], [1, 2, 3, 4], [1, 2, 3, 5], [0, 2, 4, 10], [0, 1, 11, 12], [1, 2, 3, 4], [0, 1, 2, 4], [0, 1, 3, 6], [1, 2, 3, 6], [0, 5, 6, 7], [2, 3, 4, 8], [1, 3, 4, 5], [0, 2, 10, 11], [0, 2, 5, 6], [0, 2, 4, 5], [0, 1, 2, 4], [0, 7, 11, 12], [0, 2, 5, 6], [0, 1, 4, 6], [2, 3, 7, 10], [1, 3, 5, 6], [0, 1, 4, 10], [1, 4, 5, 6], [0, 4, 9, 12], [0, 1, 3, 6], [2, 5, 10, 18], [0, 1, 2, 4], [1, 3, 5, 8], [0, 3, 5, 7], [2, 3, 4, 5], [0, 1, 6, 8], [0, 1, 2, 3], [0, 7, 8, 10], [1, 2, 5, 11], [1, 2, 5, 7], [3, 7, 8, 9], [10, 14, 15, 19], [0, 1, 4, 5], [2, 3, 4, 5], [0, 1, 2, 4], [0, 2, 9, 14], [0, 2, 4, 8], [1, 2, 3, 4], [3, 4, 6, 7], [1, 2, 8, 9], [0, 1, 3, 4], [5, 7, 10, 15], [0, 1, 4, 5], [1, 2, 3, 5], [0, 3, 6, 7], [4, 6, 7, 8], [0, 1, 3, 4], [1, 3, 6, 7], [0, 1, 2, 3], [0, 1, 2, 4]]",4,0.829293429851532,128,learned,0.0,11264,4.0,124,0.856891393661499,71,136 64 40 120,5630,0.6542262434959412,test,top_r_mean,0.0,0.5,0.5,0.625
0.022735346358792183,0.0,176,0.0,31,123.04580002091825,qasper,1.3333333333333333,0.0,0.0,0.0,1805.07133:b9ea841b817ba23281c95c7a769873b840dee8d5,mean,0.6798701298701298,0.009145304560661316,"[[0, 1, 5, 6, 7, 12, 25, 30], [4, 5, 6, 8, 11, 12, 16, 25], [1, 2, 6, 12, 13, 14, 19, 26], [0, 2, 3, 11, 12, 23, 27, 30], [1, 2, 3, 5, 7, 20, 28, 31], [0, 3, 4, 6, 8, 9, 13, 19], [1, 2, 3, 5, 7, 9, 10, 17], [1, 3, 4, 6, 12, 17, 18, 19], [0, 1, 7, 17, 18, 25, 30, 31], [2, 5, 6, 7, 8, 9, 10, 28], [0, 2, 3, 8, 9, 13, 17, 22], [3, 5, 7, 12, 13, 14, 17, 28], [0, 1, 3, 6, 9, 12, 14, 21], [4, 6, 7, 11, 14, 16, 18, 20], [1, 8, 11, 13, 14, 15, 29, 30], [0, 1, 5, 10, 13, 14, 15, 19], [0, 1, 5, 6, 12, 13, 17, 21], [1, 2, 6, 7, 8, 10, 11, 21], [1, 2, 3, 7, 11, 15, 18, 26], [1, 2, 10, 14, 16, 17, 25, 29], [1, 4, 5, 6, 14, 19, 20, 25], [0, 1, 2, 6, 10, 17, 24, 31], [1, 3, 9, 12, 15, 26, 28, 31], [1, 2, 7, 9, 10, 23, 28, 29], [0, 1, 2, 4, 8, 23, 26, 30], [0, 1, 3, 4, 7, 11, 12, 21], [1, 3, 7, 10, 11, 13, 19, 28], [2, 4, 7, 9, 11, 14, 26, 30], [0, 2, 9, 11, 13, 14, 23, 24], [0, 1, 7, 10, 11, 19, 30, 31], [2, 4, 8, 10, 12, 24, 25, 29], [2, 4, 6, 7, 10, 13, 19, 24], [0, 1, 2, 3, 10, 11, 20, 31], [2, 3, 4, 7, 12, 21, 27, 29], [0, 1, 4, 5, 6, 7, 8, 9], [6, 7, 8, 10, 11, 14, 15, 31], [1, 5, 6, 7, 8, 12, 14, 28], [0, 5, 7, 10, 12, 13, 20, 22], [1, 5, 10, 11, 20, 26, 28, 29], [5, 6, 7, 8, 9, 23, 27, 28], [0, 1, 6, 22, 25, 26, 27, 31], [2, 3, 4, 14, 20, 22, 23, 28], [1, 2, 5, 12, 18, 25, 26, 30], [1, 2, 3, 4, 7, 18, 19, 20], [2, 3, 4, 10, 12, 13, 14, 23], [4, 5, 6, 8, 9, 10, 14, 19], [6, 7, 12, 15, 17, 22, 23, 31], [2, 3, 4, 11, 13, 15, 24, 25], [0, 1, 3, 5, 6, 24, 25, 27], [1, 5, 6, 7, 13, 14, 15, 22], [0, 1, 2, 5, 12, 13, 21, 23], [0, 1, 2, 4, 19, 23, 24, 31], [0, 2, 4, 5, 10, 11, 14, 29], [3, 4, 5, 7, 8, 13, 14, 31], [0, 2, 4, 5, 7, 8, 15, 16], [3, 6, 8, 10, 11, 21, 24, 26], [0, 1, 2, 3, 6, 8, 12, 17], [1, 6, 13, 20, 23, 24, 25, 30], [0, 1, 3, 4, 5, 11, 15, 18], [2, 3, 4, 6, 7, 10, 12, 31], [2, 3, 5, 6, 7, 16, 17, 26], [0, 1, 3, 4, 5, 6, 7, 26], [2, 5, 6, 9, 10, 23, 26, 28], [0, 1, 4, 8, 10, 13, 25, 29], [0, 1, 2, 4, 7, 8, 11, 24], [0, 1, 5, 6, 11, 12, 15, 25], [2, 4, 13, 14, 15, 19, 25, 31], [0, 3, 4, 9, 10, 12, 19, 31], [6, 7, 9, 13, 14, 17, 20, 22], [0, 4, 5, 7, 8, 12, 13, 25], [2, 4, 6, 9, 12, 13, 25, 29], [0, 1, 2, 6, 8, 11, 16, 29], [0, 1, 2, 4, 8, 12, 17, 21], [2, 3, 9, 10, 12, 18, 20, 21], [3, 8, 10, 13, 15, 16, 17, 22], [1, 4, 6, 10, 18, 20, 21, 25], [1, 2, 5, 6, 7, 11, 15, 21], [1, 3, 4, 7, 11, 12, 13, 23], [4, 17, 22, 23, 24, 25, 30, 31], [3, 4, 6, 12, 17, 20, 21, 27], [0, 1, 10, 19, 24, 26, 27, 28], [12, 13, 15, 16, 20, 23, 24, 30], [8, 14, 16, 17, 18, 22, 23, 30], [0, 1, 2, 3, 9, 10, 16, 22], [1, 3, 4, 5, 6, 10, 11, 12], [2, 4, 5, 9, 13, 21, 22, 24], [1, 2, 4, 8, 9, 19, 22, 25], [1, 4, 10, 11, 13, 14, 16, 18], [0, 1, 2, 3, 5, 10, 13, 31], [3, 8, 9, 10, 13, 16, 22, 24], [2, 3, 5, 9, 10, 15, 22, 31], [0, 4, 9, 17, 18, 20, 21, 27], [1, 6, 7, 10, 15, 28, 30, 31], [3, 4, 7, 9, 11, 18, 19, 26], [0, 1, 4, 8, 9, 11, 16, 23], [0, 2, 3, 4, 9, 19, 24, 25], [0, 1, 7, 9, 10, 18, 21, 25], [2, 3, 5, 11, 20, 21, 23, 28], [0, 5, 6, 10, 13, 14, 15, 25], [2, 5, 6, 8, 18, 20, 24, 29], [0, 1, 2, 4, 15, 16, 26, 30], [1, 6, 9, 21, 23, 24, 29, 31], [4, 5, 7, 8, 9, 13, 14, 31], [1, 2, 5, 6, 11, 15, 27, 29], [0, 1, 2, 3, 4, 6, 8, 10], [2, 3, 7, 9, 13, 14, 23, 31], [1, 4, 6, 10, 14, 23, 29, 30], [2, 8, 10, 18, 19, 22, 25, 31], [1, 2, 4, 5, 7, 8, 15, 23], [3, 4, 12, 13, 15, 16, 20, 26], [0, 1, 4, 5, 6, 12, 24, 29], [1, 2, 3, 5, 8, 12, 19, 20], [0, 1, 3, 4, 10, 13, 23, 24], [1, 3, 5, 6, 7, 10, 20, 23], [2, 3, 8, 9, 14, 17, 22, 23], [3, 4, 5, 10, 11, 19, 20, 26], [3, 4, 5, 7, 8, 13, 14, 15], [0, 1, 3, 4, 19, 24, 26, 31], [5, 7, 8, 12, 16, 20, 28, 30], [1, 3, 4, 6, 7, 16, 17, 22], [0, 1, 2, 4, 5, 11, 18, 27], [0, 2, 3, 9, 11, 14, 17, 31], [1, 2, 3, 4, 14, 18, 19, 29], [1, 2, 3, 5, 6, 8, 14, 22], [0, 2, 4, 11, 12, 20, 21, 25], [1, 11, 12, 20, 22, 23, 24, 31], [1, 2, 3, 4, 13, 20, 21, 25], [0, 1, 2, 4, 5, 12, 16, 18], [0, 1, 3, 4, 6, 7, 15, 20], [0, 1, 2, 3, 6, 7, 8, 17], [0, 5, 7, 9, 10, 12, 14, 16], [2, 3, 4, 8, 11, 13, 22, 23], [1, 3, 4, 5, 10, 20, 25, 30], [0, 2, 10, 11, 12, 13, 20, 28], [0, 2, 5, 6, 8, 12, 22, 24], [0, 2, 4, 5, 6, 11, 12, 15], [0, 1, 2, 4, 6, 8, 12, 18], [0, 7, 11, 12, 16, 20, 25, 28], [0, 2, 5, 6, 9, 13, 19, 23], [1, 4, 6, 8, 10, 12, 15, 16], [0, 2, 3, 10, 12, 13, 22, 23], [1, 2, 3, 9, 10, 16, 17, 29], [0, 1, 4, 10, 11, 13, 18, 19], [1, 4, 5, 6, 12, 14, 17, 28], [0, 1, 4, 9, 12, 19, 20, 31], [0, 1, 3, 6, 7, 11, 20, 21], [2, 5, 10, 18, 19, 20, 30, 31], [0, 1, 2, 4, 9, 12, 13, 25], [1, 3, 4, 5, 8, 10, 18, 19], [3, 5, 6, 7, 10, 15, 22, 24], [3, 4, 5, 8, 10, 14, 16, 17], [0, 1, 6, 8, 9, 11, 13, 27], [0, 1, 2, 3, 4, 15, 16, 19], [7, 8, 9, 10, 16, 17, 18, 21], [0, 1, 2, 5, 7, 11, 14, 15], [1, 2, 5, 7, 12, 14, 15, 26], [3, 7, 8, 9, 11, 17, 20, 22], [9, 10, 14, 15, 19, 22, 27, 29], [0, 1, 4, 5, 7, 12, 17, 20], [2, 3, 4, 5, 7, 9, 18, 29], [0, 1, 2, 4, 5, 8, 26, 29], [0, 2, 6, 9, 14, 15, 21, 27], [0, 2, 4, 8, 12, 13, 30, 31], [1, 2, 3, 4, 11, 12, 21, 26], [3, 4, 6, 7, 12, 13, 16, 21], [1, 2, 8, 11, 12, 14, 15, 31], [0, 1, 3, 4, 5, 10, 13, 25], [5, 7, 10, 15, 19, 20, 26, 30], [0, 1, 4, 5, 6, 8, 15, 16], [1, 2, 3, 5, 6, 7, 13, 18], [0, 3, 6, 7, 10, 12, 13, 16], [4, 6, 7, 8, 9, 13, 22, 30], [0, 1, 3, 4, 10, 12, 16, 30], [1, 3, 6, 7, 8, 9, 12, 16], [0, 1, 2, 3, 8, 9, 11, 17], [0, 1, 2, 4, 6, 16, 23, 24]]",8,0.4177517592906952,128,learned,0.0,22528,4.0,124,0.4374358355998993,11,64 152 128 120,5630,0.8503015041351318,test,top_r_mean,1.0,0.5,0.75,0.75
0.022735346358792183,0.0,176,0.0,31,121.63729988969862,qasper,1.3333333333333333,0.0,0.0,0.0,1805.07133:b9ea841b817ba23281c95c7a769873b840dee8d5,mean,0.6692207792207793,0.009150689467787743,"[[0, 1, 5, 6, 7, 8, 12, 30], [4, 5, 6, 8, 11, 12, 16, 25], [1, 2, 6, 10, 12, 13, 14, 19], [0, 2, 3, 7, 11, 12, 27, 30], [0, 1, 2, 3, 5, 7, 20, 28], [0, 3, 4, 6, 8, 9, 13, 19], [0, 2, 3, 5, 7, 8, 9, 17], [1, 3, 4, 6, 12, 17, 18, 19], [0, 1, 17, 18, 25, 29, 30, 31], [0, 2, 5, 6, 7, 8, 9, 24], [0, 2, 3, 8, 9, 13, 17, 22], [3, 5, 7, 12, 13, 14, 16, 28], [0, 1, 3, 5, 6, 12, 14, 21], [4, 6, 7, 9, 11, 14, 18, 20], [1, 8, 12, 13, 14, 15, 29, 30], [0, 1, 4, 5, 11, 14, 15, 19], [0, 1, 5, 6, 12, 13, 16, 21], [2, 6, 7, 8, 10, 11, 21, 25], [1, 2, 3, 7, 11, 15, 18, 26], [1, 2, 10, 14, 16, 17, 22, 29], [1, 4, 6, 14, 19, 20, 21, 25], [0, 1, 2, 4, 6, 17, 24, 31], [1, 3, 9, 15, 24, 26, 28, 31], [1, 2, 7, 9, 10, 23, 28, 29], [0, 1, 2, 4, 7, 8, 13, 26], [0, 1, 3, 4, 7, 11, 12, 21], [3, 5, 7, 10, 11, 13, 19, 28], [2, 3, 4, 7, 9, 10, 11, 14], [0, 2, 9, 11, 13, 14, 23, 24], [0, 1, 7, 10, 11, 19, 21, 31], [2, 4, 8, 10, 13, 24, 25, 29], [2, 3, 4, 6, 7, 10, 13, 19], [0, 1, 2, 3, 9, 10, 11, 20], [2, 3, 4, 7, 21, 24, 27, 28], [0, 1, 3, 5, 6, 7, 8, 9], [6, 7, 8, 10, 11, 12, 14, 15], [1, 5, 6, 7, 8, 12, 14, 28], [0, 4, 5, 7, 10, 13, 20, 22], [1, 5, 10, 11, 20, 26, 28, 29], [5, 6, 7, 8, 9, 23, 27, 28], [0, 1, 6, 22, 25, 26, 27, 31], [2, 3, 4, 14, 20, 22, 23, 28], [1, 2, 8, 12, 18, 25, 26, 30], [1, 2, 3, 4, 7, 16, 19, 20], [2, 3, 4, 12, 13, 14, 22, 23], [4, 5, 6, 8, 9, 10, 16, 19], [6, 7, 12, 15, 17, 22, 23, 31], [2, 3, 4, 11, 13, 15, 24, 25], [0, 1, 2, 3, 5, 6, 25, 27], [1, 5, 6, 7, 13, 14, 15, 22], [0, 1, 2, 5, 12, 13, 21, 23], [0, 1, 2, 19, 20, 23, 24, 31], [0, 2, 4, 5, 10, 11, 14, 29], [3, 4, 5, 7, 8, 11, 14, 31], [0, 2, 4, 5, 7, 8, 15, 16], [3, 6, 8, 10, 11, 21, 26, 31], [0, 1, 2, 3, 6, 8, 12, 17], [1, 6, 13, 20, 23, 24, 25, 30], [0, 1, 3, 4, 5, 11, 23, 27], [3, 4, 6, 7, 8, 10, 19, 31], [0, 2, 3, 6, 7, 13, 16, 26], [0, 1, 3, 4, 5, 6, 7, 24], [2, 5, 6, 9, 10, 23, 26, 28], [0, 1, 4, 8, 13, 15, 26, 29], [0, 1, 2, 4, 7, 8, 11, 31], [0, 5, 6, 8, 11, 12, 14, 15], [2, 4, 13, 14, 16, 19, 25, 27], [0, 3, 4, 5, 9, 10, 12, 31], [0, 6, 7, 9, 14, 17, 22, 30], [0, 4, 5, 7, 8, 12, 13, 25], [2, 4, 6, 9, 12, 13, 25, 29], [0, 1, 2, 3, 6, 8, 11, 29], [0, 1, 2, 4, 8, 17, 21, 29], [2, 3, 10, 12, 18, 20, 21, 28], [3, 6, 8, 10, 13, 15, 17, 22], [1, 2, 4, 10, 18, 20, 21, 25], [1, 2, 5, 6, 7, 11, 15, 21], [1, 3, 4, 7, 11, 12, 13, 23], [4, 17, 22, 23, 24, 25, 30, 31], [3, 4, 12, 17, 20, 21, 27, 28], [0, 1, 10, 19, 26, 27, 28, 29], [5, 12, 13, 15, 16, 20, 23, 30], [11, 13, 14, 17, 18, 22, 23, 30], [0, 1, 2, 3, 10, 16, 22, 23], [1, 3, 4, 5, 6, 10, 11, 12], [2, 5, 9, 10, 17, 20, 22, 24], [1, 2, 4, 8, 9, 14, 19, 22], [0, 1, 4, 11, 13, 14, 16, 18], [0, 1, 2, 3, 5, 13, 17, 31], [3, 8, 9, 10, 13, 14, 16, 24], [2, 3, 5, 9, 10, 15, 22, 31], [0, 4, 9, 17, 18, 21, 27, 30], [1, 6, 7, 13, 15, 28, 30, 31], [3, 4, 7, 9, 11, 18, 19, 26], [0, 1, 4, 8, 9, 11, 16, 23], [0, 3, 4, 8, 9, 19, 24, 25], [0, 1, 7, 9, 10, 18, 21, 25], [2, 3, 5, 11, 20, 21, 23, 28], [0, 5, 6, 10, 13, 14, 15, 25], [2, 5, 6, 8, 15, 18, 20, 29], [0, 1, 2, 5, 15, 16, 19, 26], [1, 5, 6, 9, 21, 23, 24, 29], [4, 5, 7, 8, 9, 14, 28, 31], [1, 2, 5, 6, 11, 15, 27, 29], [0, 1, 2, 3, 5, 6, 10, 20], [2, 3, 7, 9, 10, 13, 14, 23], [1, 4, 6, 8, 10, 14, 23, 30], [1, 2, 8, 10, 19, 22, 25, 31], [1, 2, 4, 5, 7, 8, 15, 23], [3, 12, 13, 15, 16, 20, 21, 26], [0, 1, 4, 5, 6, 12, 24, 29], [1, 2, 3, 6, 8, 12, 19, 20], [0, 1, 3, 4, 7, 10, 20, 24], [1, 3, 5, 6, 7, 10, 20, 23], [2, 3, 8, 9, 14, 17, 22, 23], [3, 4, 5, 10, 11, 13, 19, 20], [3, 4, 5, 8, 9, 13, 14, 15], [0, 1, 3, 4, 6, 16, 24, 31], [2, 7, 8, 16, 20, 27, 28, 30], [1, 3, 4, 6, 7, 16, 17, 22], [0, 1, 2, 4, 5, 6, 15, 18], [0, 2, 3, 11, 14, 17, 23, 31], [1, 2, 3, 4, 14, 18, 29, 31], [1, 2, 3, 5, 6, 8, 13, 14], [0, 4, 11, 12, 20, 21, 25, 28], [1, 11, 12, 20, 22, 23, 24, 31], [1, 2, 3, 4, 5, 13, 20, 21], [0, 1, 2, 4, 5, 12, 16, 18], [0, 1, 3, 4, 6, 7, 20, 22], [0, 1, 2, 3, 6, 7, 8, 17], [0, 5, 7, 9, 10, 13, 14, 16], [2, 3, 4, 8, 11, 14, 22, 23], [1, 3, 4, 5, 10, 20, 25, 30], [0, 2, 10, 11, 12, 13, 23, 28], [0, 2, 5, 8, 12, 22, 23, 24], [0, 2, 4, 5, 6, 11, 12, 15], [0, 1, 2, 4, 8, 11, 12, 18], [0, 7, 11, 12, 16, 20, 25, 28], [0, 2, 5, 6, 9, 13, 19, 23], [0, 1, 4, 6, 10, 12, 14, 15], [2, 3, 7, 10, 13, 17, 22, 23], [1, 3, 6, 9, 10, 16, 17, 29], [0, 1, 4, 10, 11, 13, 18, 19], [0, 1, 5, 6, 14, 17, 25, 28], [0, 4, 7, 9, 12, 15, 19, 20], [0, 1, 3, 6, 20, 21, 22, 28], [2, 5, 10, 18, 19, 20, 30, 31], [0, 1, 2, 4, 9, 13, 19, 25], [1, 3, 4, 5, 8, 10, 18, 19], [0, 3, 5, 7, 10, 15, 22, 24], [2, 3, 4, 5, 8, 14, 16, 17], [0, 1, 6, 8, 9, 11, 13, 27], [0, 1, 2, 3, 4, 15, 16, 19], [8, 9, 10, 16, 17, 18, 21, 30], [1, 2, 5, 8, 11, 14, 15, 30], [1, 2, 5, 7, 13, 14, 15, 26], [3, 7, 8, 9, 11, 17, 20, 22], [9, 13, 14, 15, 19, 22, 25, 27], [0, 1, 4, 5, 7, 12, 17, 20], [2, 3, 4, 5, 9, 17, 18, 20], [0, 1, 2, 4, 5, 8, 10, 29], [0, 2, 6, 9, 11, 14, 15, 28], [0, 2, 4, 8, 12, 13, 30, 31], [1, 2, 3, 4, 11, 12, 21, 23], [3, 4, 6, 7, 12, 13, 16, 28], [1, 2, 8, 11, 12, 14, 15, 31], [0, 1, 3, 4, 5, 10, 13, 25], [5, 7, 9, 10, 15, 19, 20, 26], [0, 1, 4, 5, 6, 8, 15, 16], [1, 2, 3, 6, 7, 13, 18, 22], [0, 3, 6, 7, 10, 12, 13, 16], [4, 6, 7, 8, 9, 13, 20, 22], [0, 1, 3, 4, 8, 10, 12, 16], [0, 1, 3, 6, 7, 8, 9, 12], [0, 1, 2, 3, 8, 9, 11, 17], [0, 1, 2, 4, 5, 6, 16, 24]]",8,0.4221590459346771,128,learned,0.0,22528,4.0,124,0.4419323801994324,23,64 120 152 168,5630,0.84372878074646,test,top_r_mean,1.0,0.5,0.5,0.5
0.022735346358792183,0.0,176,0.0,31,117.58199986070395,qasper,1.3333333333333333,0.0,0.0,0.0,1805.07133:b9ea841b817ba23281c95c7a769873b840dee8d5,mean,0.6658441558441558,0.009967857971787453,"[[0, 1, 5, 6, 7, 8, 12, 30], [1, 3, 4, 5, 6, 8, 11, 25], [1, 2, 6, 10, 12, 13, 14, 19], [0, 1, 2, 3, 7, 11, 12, 30], [0, 1, 2, 3, 5, 8, 20, 28], [0, 3, 4, 6, 8, 9, 19, 21], [0, 1, 2, 3, 5, 7, 9, 17], [1, 3, 4, 6, 12, 17, 18, 19], [0, 1, 7, 17, 18, 25, 30, 31], [0, 2, 5, 6, 7, 8, 9, 25], [0, 2, 3, 8, 9, 13, 17, 22], [3, 5, 7, 12, 13, 14, 17, 28], [0, 1, 5, 6, 12, 14, 17, 21], [4, 6, 7, 11, 14, 16, 18, 20], [1, 8, 11, 13, 14, 15, 29, 30], [0, 1, 4, 5, 10, 14, 15, 19], [0, 1, 5, 6, 12, 13, 16, 21], [1, 2, 6, 7, 8, 10, 11, 21], [1, 2, 3, 7, 11, 15, 18, 26], [1, 2, 10, 14, 16, 17, 22, 29], [1, 4, 5, 6, 14, 19, 20, 25], [0, 1, 2, 4, 6, 10, 17, 24], [1, 3, 9, 15, 24, 26, 28, 31], [1, 2, 7, 9, 10, 23, 28, 29], [0, 1, 2, 4, 7, 8, 23, 26], [0, 1, 3, 4, 7, 11, 12, 21], [3, 5, 7, 10, 11, 13, 19, 28], [2, 3, 4, 7, 8, 9, 11, 14], [0, 2, 9, 11, 13, 14, 23, 24], [0, 1, 7, 10, 11, 19, 30, 31], [2, 4, 8, 10, 12, 24, 25, 29], [2, 4, 6, 7, 10, 13, 19, 24], [0, 1, 2, 3, 9, 10, 11, 20], [2, 3, 4, 7, 12, 21, 27, 29], [0, 1, 3, 5, 6, 7, 8, 9], [6, 7, 8, 9, 10, 11, 14, 15], [1, 5, 6, 7, 8, 12, 14, 28], [0, 5, 7, 10, 12, 13, 20, 22], [1, 5, 10, 11, 20, 26, 28, 29], [5, 6, 7, 8, 9, 23, 27, 28], [0, 1, 6, 22, 25, 26, 27, 31], [2, 3, 4, 7, 14, 20, 22, 23], [1, 2, 5, 8, 12, 18, 26, 30], [1, 2, 3, 4, 7, 18, 19, 20], [2, 3, 4, 10, 12, 13, 14, 23], [4, 5, 6, 8, 9, 10, 14, 19], [0, 1, 6, 7, 15, 17, 23, 31], [2, 3, 4, 5, 11, 13, 15, 24], [0, 1, 2, 3, 5, 6, 25, 27], [1, 5, 6, 7, 13, 14, 15, 22], [0, 1, 2, 4, 5, 12, 13, 21], [0, 1, 2, 4, 19, 23, 24, 31], [0, 2, 4, 5, 10, 11, 14, 29], [3, 4, 5, 7, 8, 13, 14, 31], [0, 2, 4, 5, 7, 8, 15, 16], [3, 6, 8, 10, 11, 12, 21, 26], [0, 1, 2, 3, 6, 8, 12, 17], [1, 6, 13, 20, 23, 24, 25, 30], [0, 1, 3, 4, 5, 11, 15, 27], [2, 3, 4, 6, 7, 8, 10, 19], [0, 2, 3, 6, 7, 13, 16, 26], [0, 1, 3, 4, 5, 6, 7, 24], [2, 5, 6, 9, 10, 23, 26, 28], [0, 1, 4, 8, 10, 13, 26, 29], [0, 1, 2, 4, 7, 8, 9, 11], [0, 1, 2, 5, 6, 11, 12, 15], [2, 4, 13, 14, 15, 16, 19, 25], [0, 3, 4, 5, 9, 10, 12, 31], [6, 7, 9, 14, 17, 18, 22, 30], [0, 4, 5, 7, 8, 12, 13, 25], [2, 4, 6, 9, 12, 13, 25, 29], [0, 1, 2, 3, 6, 8, 11, 16], [0, 1, 2, 4, 17, 19, 21, 29], [2, 3, 10, 12, 18, 21, 29, 30], [3, 6, 8, 10, 13, 15, 17, 22], [1, 2, 4, 6, 10, 18, 20, 21], [1, 2, 3, 5, 6, 7, 11, 21], [1, 3, 4, 7, 11, 12, 13, 23], [4, 5, 17, 22, 23, 24, 25, 31], [3, 4, 6, 12, 17, 20, 21, 27], [0, 1, 10, 19, 26, 27, 28, 29], [5, 12, 13, 15, 16, 20, 23, 30], [12, 14, 16, 17, 18, 22, 23, 30], [0, 1, 2, 3, 9, 10, 16, 22], [1, 3, 4, 5, 6, 10, 11, 12], [2, 4, 5, 9, 10, 17, 22, 24], [1, 2, 4, 8, 9, 14, 19, 22], [0, 1, 4, 11, 13, 14, 16, 18], [0, 1, 2, 3, 5, 10, 13, 31], [3, 8, 9, 10, 13, 14, 16, 22], [2, 3, 5, 9, 10, 15, 22, 31], [0, 2, 4, 9, 17, 18, 21, 27], [1, 3, 6, 7, 10, 15, 28, 31], [3, 4, 7, 9, 11, 18, 19, 26], [0, 1, 4, 8, 9, 11, 16, 23], [0, 2, 3, 4, 9, 19, 24, 25], [0, 1, 7, 9, 10, 18, 21, 25], [2, 3, 4, 5, 11, 13, 21, 28], [0, 5, 6, 10, 13, 14, 15, 25], [1, 2, 5, 6, 8, 20, 24, 29], [0, 1, 2, 5, 10, 15, 16, 26], [1, 2, 5, 6, 9, 21, 23, 24], [4, 5, 7, 8, 9, 13, 14, 31], [1, 2, 5, 6, 11, 15, 27, 29], [0, 1, 2, 3, 6, 8, 10, 14], [2, 3, 7, 9, 10, 13, 14, 23], [1, 4, 6, 8, 10, 14, 23, 30], [2, 8, 9, 10, 19, 22, 25, 31], [1, 2, 4, 5, 7, 8, 15, 23], [3, 4, 12, 13, 15, 16, 20, 26], [0, 1, 3, 4, 5, 6, 24, 29], [1, 2, 3, 5, 8, 12, 19, 20], [0, 1, 3, 4, 7, 10, 13, 24], [1, 3, 5, 6, 7, 10, 20, 23], [2, 3, 8, 9, 14, 17, 22, 23], [1, 3, 4, 5, 10, 11, 20, 26], [3, 4, 5, 7, 8, 13, 14, 15], [0, 1, 3, 4, 6, 16, 21, 24], [2, 5, 7, 8, 16, 20, 28, 30], [1, 3, 4, 6, 7, 16, 17, 22], [0, 1, 2, 4, 5, 15, 18, 27], [0, 2, 3, 9, 11, 14, 17, 31], [1, 2, 3, 4, 14, 18, 19, 31], [1, 2, 3, 5, 6, 8, 12, 14], [0, 2, 4, 11, 12, 20, 21, 25], [1, 11, 12, 20, 22, 23, 24, 31], [1, 2, 3, 4, 5, 13, 20, 21], [0, 1, 2, 4, 5, 16, 18, 20], [0, 1, 3, 4, 6, 7, 15, 22], [0, 1, 2, 3, 6, 7, 8, 17], [0, 5, 7, 9, 10, 13, 14, 16], [2, 3, 4, 8, 11, 13, 14, 23], [1, 3, 4, 5, 9, 10, 20, 30], [0, 2, 9, 10, 11, 12, 13, 28], [0, 1, 2, 5, 6, 8, 12, 13], [0, 2, 4, 5, 6, 11, 12, 15], [0, 1, 2, 4, 6, 8, 11, 12], [0, 2, 7, 11, 12, 16, 20, 28], [0, 2, 5, 6, 9, 13, 19, 23], [0, 1, 4, 6, 8, 10, 12, 15], [0, 2, 3, 10, 12, 13, 22, 23], [1, 2, 3, 6, 9, 10, 16, 17], [0, 1, 4, 10, 11, 13, 18, 19], [0, 1, 4, 5, 6, 14, 17, 28], [0, 1, 4, 7, 9, 12, 15, 20], [0, 1, 3, 6, 7, 11, 20, 21], [2, 5, 10, 18, 19, 20, 30, 31], [0, 1, 2, 7, 9, 13, 19, 25], [1, 3, 4, 5, 8, 10, 18, 19], [0, 3, 4, 5, 7, 10, 15, 22], [2, 3, 4, 5, 8, 14, 16, 17], [0, 1, 5, 6, 8, 9, 11, 13], [0, 1, 2, 3, 4, 15, 16, 19], [7, 8, 9, 10, 16, 17, 18, 21], [0, 1, 2, 5, 7, 11, 14, 15], [1, 2, 5, 7, 12, 14, 15, 26], [3, 7, 8, 9, 11, 17, 20, 22], [9, 10, 13, 14, 15, 19, 22, 25], [0, 1, 4, 5, 7, 12, 17, 20], [2, 3, 4, 5, 7, 9, 17, 20], [0, 1, 2, 4, 5, 8, 10, 29], [0, 2, 6, 9, 14, 15, 27, 28], [0, 2, 4, 8, 12, 13, 30, 31], [1, 2, 3, 4, 6, 11, 12, 21], [3, 4, 6, 7, 12, 13, 16, 21], [1, 2, 8, 9, 11, 12, 15, 31], [0, 1, 3, 4, 5, 10, 13, 25], [5, 7, 9, 10, 15, 19, 20, 30], [0, 1, 4, 5, 6, 9, 15, 16], [1, 2, 3, 5, 6, 7, 13, 18], [0, 3, 6, 7, 10, 12, 13, 16], [4, 6, 7, 8, 9, 13, 20, 25], [0, 1, 2, 3, 4, 10, 12, 16], [1, 3, 6, 7, 8, 9, 12, 16], [0, 1, 2, 3, 8, 9, 11, 17], [0, 1, 2, 4, 5, 6, 16, 24]]",8,0.41607195138931274,128,learned,0.0,22528,4.0,124,0.43743786215782166,37,64 128 120 152,5630,0.8396345376968384,test,top_r_mean,1.0,0.5,0.75,0.625
0.022735346358792183,0.0,176,0.0,31,129.58570010960102,qasper,1.3333333333333333,0.0,0.0,0.0,1805.07133:b9ea841b817ba23281c95c7a769873b840dee8d5,mean,0.6615584415584416,0.00996301881968975,"[[0, 1, 5, 6, 7, 8, 12, 30], [1, 3, 4, 5, 6, 8, 11, 25], [1, 2, 6, 10, 12, 13, 14, 19], [0, 1, 2, 3, 11, 12, 27, 30], [0, 1, 2, 3, 5, 7, 20, 28], [0, 3, 4, 6, 8, 9, 13, 19], [0, 1, 2, 3, 5, 7, 9, 17], [1, 3, 4, 6, 12, 17, 18, 19], [0, 1, 7, 17, 18, 25, 30, 31], [0, 2, 5, 6, 7, 8, 9, 28], [0, 2, 3, 8, 9, 13, 17, 22], [3, 5, 7, 12, 13, 14, 17, 28], [0, 1, 3, 6, 9, 12, 14, 21], [4, 6, 7, 11, 14, 16, 18, 20], [1, 8, 11, 12, 13, 15, 29, 30], [0, 1, 4, 5, 10, 13, 14, 15], [0, 1, 2, 5, 6, 12, 13, 21], [1, 2, 6, 7, 8, 10, 11, 21], [1, 2, 3, 7, 11, 15, 18, 26], [1, 2, 10, 14, 16, 17, 22, 29], [1, 4, 5, 6, 14, 19, 20, 25], [0, 1, 2, 6, 10, 17, 24, 31], [1, 3, 9, 12, 15, 26, 28, 31], [1, 2, 7, 9, 10, 23, 28, 29], [0, 1, 2, 4, 8, 23, 26, 30], [0, 1, 3, 4, 7, 11, 12, 21], [1, 3, 5, 7, 11, 13, 19, 28], [2, 3, 4, 7, 9, 11, 14, 30], [0, 2, 9, 10, 11, 13, 14, 24], [0, 1, 7, 10, 11, 19, 21, 31], [2, 4, 8, 10, 12, 24, 25, 29], [2, 4, 6, 7, 10, 13, 19, 24], [0, 1, 2, 3, 10, 11, 20, 31], [0, 2, 3, 4, 7, 12, 21, 27], [0, 1, 4, 5, 6, 7, 8, 9], [6, 7, 8, 9, 10, 11, 14, 15], [1, 5, 6, 7, 8, 12, 14, 28], [0, 5, 7, 10, 12, 13, 20, 22], [1, 5, 10, 11, 20, 26, 28, 29], [5, 6, 7, 8, 9, 23, 27, 28], [0, 1, 6, 22, 25, 26, 27, 31], [2, 3, 4, 7, 14, 20, 22, 23], [1, 2, 5, 12, 18, 25, 26, 30], [1, 2, 3, 4, 7, 18, 19, 20], [2, 3, 4, 10, 12, 13, 14, 23], [4, 5, 6, 8, 9, 10, 14, 19], [1, 6, 7, 12, 15, 17, 23, 31], [2, 3, 4, 5, 11, 13, 15, 24], [0, 1, 3, 5, 6, 7, 25, 27], [1, 5, 6, 7, 13, 14, 22, 31], [0, 1, 2, 4, 5, 12, 13, 21], [0, 1, 2, 4, 19, 23, 24, 31], [0, 2, 4, 5, 10, 11, 14, 29], [3, 4, 5, 7, 8, 13, 14, 31], [0, 2, 4, 5, 7, 8, 15, 16], [3, 6, 8, 10, 11, 21, 24, 26], [0, 1, 2, 3, 6, 8, 12, 17], [1, 6, 13, 20, 23, 24, 25, 30], [0, 1, 3, 4, 5, 11, 18, 27], [2, 3, 4, 6, 7, 8, 10, 31], [0, 2, 3, 6, 7, 16, 26, 30], [0, 1, 3, 4, 5, 6, 7, 24], [2, 5, 6, 9, 10, 23, 26, 28], [0, 1, 4, 8, 10, 13, 26, 29], [0, 1, 2, 4, 7, 8, 11, 24], [0, 1, 5, 6, 11, 12, 15, 25], [2, 4, 13, 14, 15, 19, 25, 31], [0, 3, 4, 5, 9, 10, 12, 31], [6, 7, 9, 13, 14, 17, 20, 22], [0, 4, 5, 7, 8, 12, 13, 25], [2, 4, 6, 9, 12, 13, 25, 29], [0, 1, 2, 3, 6, 8, 16, 29], [0, 1, 2, 3, 4, 12, 17, 21], [2, 3, 9, 10, 12, 18, 20, 21], [3, 6, 8, 10, 13, 15, 17, 22], [1, 2, 4, 6, 10, 18, 20, 21], [1, 2, 3, 5, 6, 7, 11, 21], [1, 3, 4, 7, 11, 12, 13, 23], [4, 10, 17, 22, 23, 24, 25, 31], [3, 4, 6, 12, 17, 20, 21, 27], [0, 1, 10, 19, 24, 26, 27, 28], [5, 12, 13, 15, 16, 20, 23, 30], [12, 14, 16, 17, 18, 22, 23, 30], [0, 1, 2, 3, 9, 10, 16, 22], [1, 3, 4, 5, 6, 10, 11, 12], [2, 4, 5, 9, 10, 13, 22, 24], [1, 2, 4, 8, 9, 14, 19, 22], [0, 1, 4, 11, 13, 14, 16, 18], [0, 1, 2, 3, 5, 10, 13, 31], [3, 8, 9, 10, 13, 14, 16, 22], [2, 3, 5, 9, 10, 15, 22, 31], [0, 4, 9, 17, 18, 20, 21, 27], [1, 3, 6, 7, 15, 28, 30, 31], [3, 4, 7, 9, 11, 18, 19, 26], [0, 1, 4, 8, 9, 11, 16, 23], [0, 2, 3, 4, 9, 19, 24, 25], [0, 1, 4, 7, 9, 18, 21, 25], [2, 3, 4, 5, 11, 20, 21, 28], [0, 5, 6, 10, 13, 14, 15, 25], [1, 2, 5, 6, 8, 20, 24, 29], [0, 1, 2, 10, 15, 16, 26, 30], [1, 2, 5, 6, 9, 21, 23, 24], [4, 5, 7, 8, 9, 13, 14, 31], [1, 2, 5, 6, 11, 15, 27, 29], [0, 1, 2, 3, 4, 6, 8, 10], [2, 3, 7, 9, 13, 14, 23, 31], [1, 4, 6, 10, 14, 23, 25, 30], [2, 3, 8, 10, 19, 22, 25, 31], [1, 2, 4, 5, 7, 8, 15, 23], [3, 4, 12, 13, 15, 16, 20, 26], [0, 1, 3, 4, 5, 6, 24, 29], [1, 2, 3, 5, 8, 12, 19, 20], [0, 1, 3, 4, 7, 10, 13, 24], [1, 3, 5, 6, 7, 10, 20, 23], [2, 3, 9, 14, 17, 22, 23, 29], [1, 3, 4, 5, 10, 11, 19, 26], [3, 4, 5, 7, 8, 13, 14, 15], [0, 1, 3, 4, 6, 24, 26, 31], [2, 5, 7, 8, 16, 20, 28, 30], [1, 3, 4, 6, 7, 16, 17, 22], [0, 1, 2, 4, 5, 18, 27, 31], [0, 2, 3, 9, 11, 14, 17, 31], [1, 2, 3, 4, 14, 18, 19, 29], [1, 2, 3, 5, 6, 8, 12, 14], [0, 2, 4, 11, 12, 20, 21, 25], [1, 11, 12, 20, 22, 23, 24, 31], [1, 2, 3, 4, 5, 13, 20, 21], [0, 1, 2, 4, 5, 16, 18, 20], [0, 1, 3, 4, 6, 7, 15, 20], [0, 1, 2, 3, 6, 7, 8, 17], [0, 5, 6, 7, 9, 10, 13, 14], [2, 3, 4, 8, 11, 13, 22, 23], [1, 3, 4, 5, 8, 10, 20, 30], [0, 2, 9, 10, 11, 12, 13, 28], [0, 2, 5, 6, 8, 12, 21, 22], [0, 2, 4, 5, 6, 10, 11, 12], [0, 1, 2, 4, 8, 12, 14, 18], [0, 2, 7, 11, 12, 16, 20, 28], [0, 2, 5, 6, 9, 13, 19, 23], [0, 1, 4, 6, 8, 10, 12, 15], [0, 2, 3, 10, 12, 13, 22, 23], [1, 2, 3, 6, 9, 10, 16, 17], [0, 1, 4, 10, 11, 13, 18, 19], [0, 1, 4, 5, 6, 14, 17, 28], [0, 1, 4, 7, 9, 12, 20, 31], [0, 1, 3, 6, 7, 11, 20, 21], [2, 5, 10, 18, 19, 20, 30, 31], [0, 1, 2, 4, 7, 9, 13, 25], [1, 3, 4, 5, 8, 10, 18, 19], [0, 3, 4, 5, 7, 10, 15, 22], [2, 3, 4, 5, 8, 14, 16, 17], [0, 1, 5, 6, 8, 9, 13, 27], [0, 1, 2, 3, 4, 15, 16, 19], [0, 8, 9, 10, 16, 17, 18, 21], [0, 1, 2, 5, 7, 11, 14, 15], [1, 2, 5, 7, 13, 14, 15, 26], [1, 3, 7, 8, 9, 11, 17, 20], [9, 10, 14, 15, 19, 22, 25, 29], [0, 1, 4, 5, 7, 12, 17, 20], [2, 3, 4, 5, 7, 9, 15, 18], [0, 1, 2, 4, 5, 8, 26, 29], [0, 2, 6, 9, 14, 15, 21, 27], [0, 2, 4, 8, 12, 13, 30, 31], [1, 2, 3, 4, 6, 11, 12, 21], [3, 4, 6, 7, 12, 13, 16, 21], [1, 2, 8, 9, 11, 12, 15, 31], [0, 1, 3, 4, 5, 10, 13, 25], [5, 7, 10, 15, 19, 20, 26, 30], [0, 1, 4, 5, 6, 8, 15, 16], [1, 2, 3, 5, 6, 7, 13, 18], [0, 1, 3, 6, 7, 10, 12, 13], [4, 6, 7, 8, 9, 13, 22, 25], [0, 1, 2, 3, 4, 10, 12, 16], [1, 3, 6, 7, 8, 9, 12, 16], [0, 1, 2, 3, 8, 9, 11, 17], [0, 1, 2, 4, 5, 6, 16, 24]]",8,0.4179636538028717,128,learned,0.0,22528,4.0,124,0.4398185908794403,53,64 152 120 128,5630,0.8299977779388428,test,top_r_mean,1.0,0.5,0.75,0.625
0.022735346358792183,0.0,176,0.0,31,130.0337000284344,qasper,1.3333333333333333,0.0,0.0,0.0,1805.07133:b9ea841b817ba23281c95c7a769873b840dee8d5,mean,0.6675324675324675,0.008960983715951443,"[[0, 1, 5, 6, 8, 12, 28, 30], [1, 4, 5, 6, 8, 11, 16, 25], [1, 2, 6, 12, 13, 14, 19, 26], [0, 3, 11, 12, 22, 23, 27, 30], [1, 2, 3, 5, 7, 20, 28, 31], [0, 3, 4, 6, 8, 9, 13, 19], [1, 2, 3, 5, 7, 9, 10, 17], [1, 3, 4, 6, 12, 17, 18, 19], [0, 1, 7, 17, 18, 25, 30, 31], [2, 5, 6, 7, 8, 9, 10, 28], [0, 2, 3, 8, 9, 13, 17, 22], [3, 5, 7, 12, 13, 14, 16, 28], [0, 1, 3, 6, 12, 14, 21, 27], [4, 6, 7, 11, 14, 16, 18, 20], [1, 8, 11, 13, 14, 15, 29, 30], [0, 1, 4, 5, 11, 14, 15, 19], [0, 1, 5, 6, 12, 13, 17, 21], [1, 2, 6, 7, 8, 10, 11, 21], [1, 2, 3, 7, 11, 15, 18, 26], [1, 2, 10, 14, 16, 17, 25, 29], [1, 4, 6, 19, 20, 25, 26, 27], [1, 2, 4, 6, 10, 17, 24, 31], [1, 3, 9, 15, 24, 26, 28, 31], [1, 2, 7, 9, 10, 23, 28, 29], [0, 1, 2, 4, 8, 23, 26, 30], [0, 1, 3, 4, 7, 11, 12, 21], [1, 3, 7, 10, 11, 13, 19, 28], [2, 3, 4, 7, 9, 11, 14, 30], [0, 2, 9, 11, 13, 14, 23, 24], [0, 1, 7, 10, 11, 19, 21, 31], [2, 4, 7, 8, 10, 12, 25, 29], [2, 4, 6, 7, 10, 13, 19, 24], [0, 1, 2, 3, 10, 11, 20, 31], [0, 2, 3, 4, 7, 12, 27, 29], [0, 1, 4, 5, 6, 7, 8, 9], [6, 7, 8, 9, 10, 11, 14, 21], [1, 5, 6, 7, 8, 14, 25, 28], [0, 5, 7, 10, 12, 13, 20, 22], [1, 4, 5, 10, 11, 20, 28, 29], [5, 6, 7, 8, 9, 23, 27, 28], [0, 1, 6, 14, 22, 25, 26, 27], [2, 3, 4, 14, 20, 22, 23, 28], [1, 2, 12, 18, 22, 25, 26, 30], [1, 2, 3, 4, 7, 18, 19, 20], [2, 3, 4, 12, 13, 14, 22, 23], [4, 5, 6, 8, 9, 10, 14, 19], [1, 6, 7, 12, 15, 17, 23, 31], [2, 3, 4, 11, 13, 15, 18, 24], [0, 1, 3, 5, 6, 24, 25, 27], [1, 5, 6, 7, 13, 14, 22, 31], [0, 1, 2, 4, 5, 13, 14, 21], [0, 1, 2, 4, 19, 23, 24, 31], [0, 2, 4, 5, 10, 11, 14, 29], [3, 4, 5, 7, 8, 13, 14, 31], [0, 2, 4, 5, 7, 8, 16, 20], [3, 6, 8, 10, 11, 21, 26, 28], [0, 1, 2, 3, 6, 8, 12, 17], [1, 6, 13, 20, 23, 24, 25, 30], [0, 1, 3, 4, 5, 11, 23, 27], [2, 3, 4, 6, 7, 10, 19, 31], [0, 2, 3, 6, 7, 13, 16, 26], [0, 1, 3, 4, 5, 6, 7, 26], [2, 5, 6, 9, 10, 23, 26, 28], [0, 1, 4, 8, 10, 12, 13, 29], [0, 1, 2, 4, 7, 8, 11, 24], [0, 5, 6, 11, 12, 14, 15, 25], [2, 4, 13, 14, 16, 19, 25, 27], [0, 3, 4, 5, 9, 10, 12, 31], [6, 7, 9, 14, 17, 20, 22, 30], [0, 4, 5, 7, 8, 12, 13, 25], [2, 4, 6, 9, 13, 25, 27, 29], [0, 1, 2, 3, 6, 8, 11, 16], [0, 1, 2, 4, 12, 17, 19, 21], [2, 3, 10, 12, 18, 20, 21, 30], [3, 6, 8, 10, 13, 15, 17, 22], [1, 2, 4, 10, 18, 20, 21, 25], [1, 2, 5, 6, 7, 11, 15, 21], [1, 3, 4, 7, 11, 12, 13, 23], [4, 17, 22, 23, 24, 25, 30, 31], [3, 4, 6, 12, 17, 20, 21, 27], [0, 1, 10, 19, 24, 26, 28, 31], [12, 13, 15, 16, 20, 23, 24, 30], [12, 14, 16, 17, 18, 22, 23, 30], [0, 1, 2, 3, 10, 16, 22, 23], [1, 3, 4, 5, 6, 10, 11, 12], [2, 4, 5, 9, 20, 21, 22, 24], [1, 2, 4, 8, 9, 19, 22, 25], [0, 1, 4, 11, 13, 14, 16, 18], [0, 1, 2, 3, 10, 13, 30, 31], [3, 8, 9, 10, 13, 16, 22, 24], [2, 3, 5, 9, 10, 15, 22, 31], [0, 1, 3, 4, 9, 17, 18, 27], [1, 3, 6, 7, 10, 13, 15, 28], [0, 3, 4, 7, 9, 11, 19, 26], [0, 1, 4, 8, 9, 11, 16, 23], [0, 2, 3, 4, 9, 19, 24, 25], [0, 1, 7, 9, 10, 18, 21, 25], [2, 3, 5, 11, 13, 20, 21, 23], [0, 5, 6, 10, 13, 14, 15, 25], [2, 5, 6, 8, 18, 20, 24, 29], [0, 1, 2, 5, 15, 16, 26, 30], [1, 5, 6, 9, 21, 23, 24, 29], [4, 5, 7, 8, 9, 13, 14, 31], [1, 2, 5, 6, 11, 15, 27, 29], [0, 1, 2, 3, 5, 6, 8, 10], [2, 3, 7, 9, 13, 14, 23, 31], [1, 4, 6, 10, 14, 23, 29, 30], [1, 2, 8, 10, 19, 22, 25, 31], [1, 2, 4, 5, 7, 8, 15, 23], [3, 4, 12, 13, 15, 16, 20, 26], [0, 3, 4, 5, 6, 24, 28, 29], [1, 2, 3, 6, 8, 12, 19, 20], [0, 1, 3, 4, 10, 22, 23, 24], [1, 3, 5, 6, 7, 10, 20, 23], [2, 3, 8, 9, 14, 17, 22, 23], [1, 3, 4, 5, 10, 11, 20, 26], [3, 4, 5, 7, 8, 13, 14, 15], [0, 1, 3, 4, 19, 24, 26, 31], [2, 7, 8, 16, 17, 20, 28, 30], [1, 3, 4, 6, 16, 17, 18, 22], [0, 1, 2, 5, 15, 18, 27, 31], [0, 2, 3, 9, 11, 14, 17, 31], [1, 2, 3, 4, 14, 18, 29, 31], [1, 2, 3, 5, 6, 8, 14, 22], [0, 2, 4, 10, 12, 20, 21, 25], [0, 1, 11, 12, 20, 22, 23, 31], [1, 2, 3, 4, 13, 20, 21, 25], [0, 1, 2, 4, 5, 12, 16, 18], [0, 1, 3, 6, 7, 15, 20, 22], [1, 2, 3, 6, 7, 8, 17, 22], [0, 5, 6, 7, 9, 10, 13, 16], [2, 3, 4, 8, 13, 14, 22, 23], [1, 3, 4, 5, 9, 10, 20, 30], [0, 2, 10, 11, 12, 13, 28, 31], [0, 2, 5, 6, 8, 12, 21, 24], [0, 2, 4, 5, 6, 11, 12, 15], [0, 1, 2, 4, 6, 8, 12, 18], [0, 7, 11, 12, 16, 20, 25, 28], [0, 2, 5, 6, 9, 13, 19, 23], [0, 1, 4, 6, 8, 10, 12, 15], [2, 3, 7, 10, 12, 13, 22, 23], [1, 3, 5, 6, 9, 16, 17, 29], [0, 1, 4, 10, 11, 13, 18, 19], [1, 4, 5, 6, 14, 17, 25, 28], [0, 4, 9, 12, 15, 20, 21, 31], [0, 1, 3, 6, 7, 20, 21, 22], [2, 5, 10, 18, 19, 20, 30, 31], [0, 1, 2, 4, 9, 13, 19, 25], [1, 3, 5, 8, 10, 18, 19, 27], [0, 3, 5, 7, 10, 15, 22, 24], [2, 3, 4, 5, 8, 10, 14, 17], [0, 1, 6, 8, 9, 11, 13, 27], [0, 1, 2, 3, 4, 15, 16, 19], [0, 7, 8, 10, 16, 17, 18, 21], [1, 2, 5, 11, 14, 15, 26, 27], [1, 2, 5, 7, 13, 14, 15, 26], [3, 7, 8, 9, 11, 17, 20, 22], [10, 14, 15, 19, 22, 25, 27, 29], [0, 1, 4, 5, 7, 12, 17, 20], [2, 3, 4, 5, 7, 9, 18, 29], [0, 1, 2, 4, 5, 8, 26, 29], [0, 2, 9, 14, 15, 21, 27, 28], [0, 2, 4, 8, 12, 13, 30, 31], [1, 2, 3, 4, 11, 12, 21, 23], [3, 4, 6, 7, 12, 13, 16, 28], [1, 2, 8, 9, 11, 12, 14, 15], [0, 1, 3, 4, 5, 10, 13, 25], [5, 7, 10, 15, 19, 20, 26, 30], [0, 1, 4, 5, 6, 15, 16, 20], [1, 2, 3, 5, 6, 7, 13, 18], [0, 3, 6, 7, 10, 12, 13, 16], [4, 6, 7, 8, 9, 13, 20, 25], [0, 1, 3, 4, 10, 12, 16, 30], [1, 3, 6, 7, 8, 9, 12, 16], [0, 1, 2, 3, 8, 9, 11, 17], [0, 1, 2, 4, 6, 16, 21, 24]]",8,0.41730114817619324,128,learned,0.0,22528,4.0,124,0.43729716539382935,71,64 152 120 128,5630,0.8453928232192993,test,top_r_mean,1.0,0.5,0.75,0.75
0.035904628330995794,0.0,112,0.0,31,70.67849999293685,qasper,0.5714285714285714,0.0,0.0,0.0,1605.03481:b85fc420eb2f77f6f14f375cc1fcc5155eb5c0a8,mean,0.4725663716814159,1.1735501289367676,"[[0], [0], [3], [1], [2], [3], [1], [1], [0], [0], [0], [2], [4], [0], [0], [0], [0], [2], [7], [0], [2], [3], [0], [1], [0], [3], [0], [0], [2], [1], [3], [9], [0], [1], [1], [0], [0], [5], [2], [1], [0], [1], [1], [2], [0], [1], [1], [1], [0], [1], [4], [5], [2], [2], [1], [0], [0], [2], [0], [1], [2], [1], [0], [4], [0], [1], [2], [3], [2], [1], [0], [1], [0], [3], [0], [1], [1], [0], [2], [0], [0], [0], [0], [0], [9], [1], [2], [0], [0], [0], [1], [1], [1], [1], [3], [1], [0], [9], [1], [0], [1], [5], [2], [2], [0], [0], [1], [1], [1], [2], [7], [1]]",1,1.0744999647140503,128,learned,0.0,1792,4.0,124,1.24009108543396,11,16 80 24 64,3565,0.6490415930747986,test,top_r_mean,0.0,0.5,0.25,0.5
0.035904628330995794,0.0,112,0.0,31,73.31530004739761,qasper,0.5714285714285714,0.0,0.0,0.0,1605.03481:b85fc420eb2f77f6f14f375cc1fcc5155eb5c0a8,mean,0.46452131938857605,1.1939241886138916,"[[0], [0], [3], [1], [2], [3], [1], [1], [0], [0], [0], [2], [1], [0], [0], [0], [0], [2], [4], [0], [0], [3], [0], [1], [0], [0], [0], [0], [2], [1], [3], [9], [0], [1], [1], [0], [0], [5], [2], [0], [0], [1], [1], [2], [0], [1], [1], [1], [0], [1], [4], [6], [0], [2], [1], [0], [0], [2], [0], [1], [2], [1], [0], [2], [0], [1], [2], [3], [2], [1], [0], [1], [0], [1], [0], [1], [1], [0], [2], [0], [0], [0], [0], [0], [7], [1], [2], [0], [0], [0], [1], [1], [1], [0], [3], [0], [0], [9], [1], [0], [1], [5], [2], [0], [0], [0], [1], [1], [1], [2], [7], [1]]",1,1.1029218435287476,128,learned,0.0,1792,4.0,124,1.2700300216674805,23,16 80 24 64,3565,0.6393634080886841,test,top_r_mean,0.0,0.5,0.25,0.5
0.035904628330995794,0.0,112,0.0,31,77.19040010124445,qasper,0.5714285714285714,0.0,0.0,0.0,1605.03481:b85fc420eb2f77f6f14f375cc1fcc5155eb5c0a8,mean,0.46098149637972646,1.190770149230957,"[[0], [0], [3], [1], [2], [3], [1], [1], [0], [0], [0], [2], [1], [0], [0], [0], [0], [1], [6], [0], [0], [3], [0], [1], [0], [0], [0], [0], [2], [1], [3], [9], [0], [1], [1], [0], [0], [5], [2], [0], [0], [1], [1], [2], [0], [1], [1], [1], [0], [1], [4], [6], [0], [2], [1], [0], [0], [2], [0], [1], [2], [1], [0], [4], [0], [1], [2], [2], [2], [1], [0], [1], [0], [1], [0], [1], [1], [0], [2], [0], [0], [0], [0], [0], [3], [1], [2], [0], [0], [0], [1], [1], [1], [0], [3], [0], [0], [8], [1], [0], [1], [5], [0], [2], [0], [0], [1], [1], [1], [2], [6], [1]]",1,1.0974968671798706,128,learned,0.0,1792,4.0,124,1.2581088542938232,37,16 80 24 64,3565,0.6348618268966675,test,top_r_mean,0.0,0.5,0.25,0.5
0.035904628330995794,0.0,112,0.0,31,72.53180001862347,qasper,0.5714285714285714,0.0,0.0,0.0,1605.03481:b85fc420eb2f77f6f14f375cc1fcc5155eb5c0a8,mean,0.46613032984714403,1.193642258644104,"[[0], [0], [3], [1], [2], [3], [1], [1], [0], [0], [0], [2], [1], [0], [0], [0], [0], [1], [6], [0], [0], [3], [0], [1], [0], [2], [0], [0], [2], [1], [3], [9], [0], [1], [1], [0], [0], [5], [2], [0], [0], [1], [1], [2], [0], [1], [1], [1], [0], [1], [4], [1], [0], [2], [1], [0], [0], [2], [0], [1], [2], [1], [0], [4], [0], [1], [2], [3], [2], [1], [0], [1], [0], [3], [0], [1], [1], [0], [2], [0], [0], [0], [0], [0], [7], [1], [2], [0], [0], [0], [1], [1], [1], [0], [3], [0], [0], [9], [1], [0], [1], [4], [0], [2], [0], [0], [1], [1], [1], [1], [6], [1]]",1,1.1006582975387573,128,learned,0.0,1792,4.0,124,1.2707775831222534,53,16 80 24 64,3565,0.6388850808143616,test,top_r_mean,0.0,0.5,0.25,0.5
0.035904628330995794,0.0,112,0.0,31,77.2535998839885,qasper,0.5714285714285714,0.0,0.0,0.0,1605.03481:b85fc420eb2f77f6f14f375cc1fcc5155eb5c0a8,mean,0.4699919549477072,1.1818554401397705,"[[0], [0], [3], [1], [2], [3], [1], [1], [0], [0], [0], [2], [4], [0], [0], [0], [0], [1], [7], [0], [0], [3], [0], [1], [0], [3], [0], [0], [2], [1], [3], [9], [0], [1], [1], [0], [0], [5], [2], [0], [0], [1], [1], [2], [0], [1], [1], [1], [0], [1], [4], [6], [0], [2], [1], [0], [0], [2], [0], [1], [2], [1], [0], [4], [0], [1], [2], [3], [2], [1], [0], [1], [0], [3], [0], [1], [1], [0], [2], [0], [0], [0], [0], [0], [9], [1], [2], [0], [0], [0], [1], [1], [1], [1], [3], [1], [0], [9], [1], [0], [1], [5], [0], [2], [0], [0], [1], [1], [1], [2], [7], [1]]",1,1.0850880146026611,128,learned,0.0,1792,4.0,124,1.2492722272872925,71,16 80 24 64,3565,0.6445655822753906,test,top_r_mean,0.0,0.5,0.25,0.5
0.035904628330995794,1.0,112,1.0,31,80.24460007436574,qasper,0.5714285714285714,0.25,0.14285714285714285,0.0,1605.03481:b85fc420eb2f77f6f14f375cc1fcc5155eb5c0a8,mean,0.5148005148005148,0.166197270154953,"[[0, 3], [0, 3], [3, 5], [1, 2], [2, 4], [3, 5], [1, 5], [1, 2], [0, 1], [0, 1], [0, 1], [2, 5], [4, 10], [0, 2], [0, 1], [0, 5], [0, 1], [2, 3], [7, 8], [0, 2], [2, 4], [3, 5], [0, 4], [1, 7], [0, 1], [3, 4], [0, 2], [0, 2], [2, 9], [1, 2], [3, 11], [9, 11], [0, 1], [1, 3], [1, 6], [0, 1], [0, 2], [5, 7], [2, 3], [1, 7], [0, 1], [1, 3], [1, 11], [2, 3], [0, 3], [1, 2], [1, 13], [1, 14], [0, 1], [1, 4], [4, 5], [5, 6], [2, 3], [2, 5], [1, 6], [0, 1], [0, 1], [2, 3], [0, 1], [1, 2], [2, 3], [1, 2], [0, 3], [4, 7], [0, 1], [1, 2], [2, 4], [3, 4], [2, 3], [1, 2], [0, 2], [1, 11], [0, 1], [3, 11], [0, 1], [1, 4], [1, 5], [0, 1], [2, 12], [0, 2], [0, 1], [0, 2], [0, 1], [0, 1], [9, 10], [1, 4], [2, 3], [0, 3], [0, 1], [0, 9], [1, 3], [1, 2], [1, 3], [1, 4], [3, 5], [1, 2], [0, 1], [9, 13], [1, 2], [0, 1], [1, 2], [5, 7], [2, 3], [2, 3], [0, 3], [0, 2], [1, 2], [1, 4], [1, 2], [2, 4], [7, 13], [1, 2]]",2,0.8025661110877991,128,learned,0.5,3584,4.0,124,0.8754623532295227,11,16 0 80 8,3565,0.6892575621604919,test,top_r_mean,0.0,0.0,0.25,0.625
0.035904628330995794,1.0,112,1.0,31,76.26629993319511,qasper,0.5714285714285714,0.25,0.14285714285714285,0.0,1605.03481:b85fc420eb2f77f6f14f375cc1fcc5155eb5c0a8,mean,0.5151222651222651,0.18074974417686462,"[[0, 3], [0, 3], [3, 5], [1, 2], [2, 6], [3, 5], [1, 5], [1, 2], [0, 1], [0, 1], [0, 1], [2, 5], [1, 4], [0, 2], [0, 3], [0, 5], [0, 1], [2, 3], [4, 7], [0, 2], [0, 2], [3, 5], [0, 4], [1, 7], [0, 1], [0, 3], [0, 2], [0, 2], [2, 9], [1, 2], [3, 10], [9, 11], [0, 1], [1, 3], [1, 6], [0, 1], [0, 2], [5, 7], [2, 3], [0, 1], [0, 1], [1, 3], [1, 11], [2, 3], [0, 3], [1, 2], [1, 16], [1, 14], [0, 1], [1, 4], [4, 5], [6, 8], [0, 2], [2, 5], [1, 6], [0, 1], [0, 1], [2, 3], [0, 1], [1, 2], [2, 3], [1, 2], [0, 3], [2, 4], [0, 1], [1, 2], [2, 4], [3, 4], [2, 3], [1, 2], [0, 6], [1, 11], [0, 1], [1, 3], [0, 1], [1, 2], [1, 5], [0, 1], [2, 9], [0, 2], [0, 1], [0, 2], [0, 1], [0, 1], [7, 9], [1, 3], [2, 3], [0, 3], [0, 1], [0, 9], [1, 3], [1, 2], [1, 2], [0, 1], [3, 5], [0, 1], [0, 1], [9, 13], [1, 2], [0, 1], [1, 2], [5, 7], [2, 3], [0, 2], [0, 1], [0, 2], [1, 2], [1, 4], [1, 2], [2, 4], [7, 13], [1, 2]]",2,0.8212850093841553,128,learned,0.5,3584,4.0,124,0.8992880582809448,23,16 0 104 80,3565,0.6892404556274414,test,top_r_mean,0.0,0.0,0.25,0.625
0.035904628330995794,1.0,112,1.0,31,83.951500011608,qasper,0.5714285714285714,0.25,0.14285714285714285,0.0,1605.03481:b85fc420eb2f77f6f14f375cc1fcc5155eb5c0a8,mean,0.49099099099099097,0.18652579188346863,"[[0, 3], [0, 3], [3, 4], [1, 2], [2, 4], [3, 5], [1, 5], [1, 2], [0, 1], [0, 1], [0, 1], [2, 5], [1, 4], [0, 2], [0, 1], [0, 5], [0, 1], [1, 2], [6, 7], [0, 2], [0, 2], [3, 5], [0, 4], [1, 7], [0, 1], [0, 2], [0, 2], [0, 2], [2, 4], [1, 2], [3, 10], [9, 11], [0, 1], [1, 3], [1, 2], [0, 1], [0, 2], [5, 7], [2, 3], [0, 1], [0, 1], [1, 3], [1, 11], [2, 3], [0, 3], [1, 2], [1, 13], [1, 14], [0, 1], [1, 4], [4, 5], [6, 8], [0, 2], [2, 5], [1, 5], [0, 1], [0, 1], [2, 3], [0, 1], [1, 2], [2, 3], [1, 2], [0, 3], [4, 7], [0, 1], [1, 2], [2, 4], [2, 3], [2, 3], [1, 2], [0, 2], [1, 11], [0, 1], [1, 3], [0, 1], [1, 2], [1, 5], [0, 1], [2, 11], [0, 2], [0, 1], [0, 2], [0, 1], [0, 1], [3, 7], [1, 3], [2, 3], [0, 3], [0, 1], [0, 9], [1, 3], [1, 2], [1, 2], [0, 1], [3, 5], [0, 1], [0, 1], [8, 9], [1, 2], [0, 1], [1, 2], [5, 7], [0, 2], [2, 3], [0, 1], [0, 1], [1, 2], [1, 4], [1, 2], [2, 4], [6, 13], [1, 2]]",2,0.8302956819534302,128,learned,0.5,3584,4.0,124,0.9141876697540283,37,16 0 104 80,3565,0.6594457626342773,test,top_r_mean,0.0,0.0,0.25,0.625
0.035904628330995794,0.0,112,0.0,31,82.91260013356805,qasper,0.5714285714285714,0.0,0.0,0.0,1605.03481:b85fc420eb2f77f6f14f375cc1fcc5155eb5c0a8,mean,0.5141570141570142,0.16689443588256836,"[[0, 1], [0, 3], [3, 4], [1, 2], [2, 5], [3, 5], [1, 5], [1, 2], [0, 1], [0, 1], [0, 1], [2, 5], [1, 4], [0, 2], [0, 1], [0, 5], [0, 1], [1, 2], [6, 7], [0, 2], [0, 4], [3, 5], [0, 4], [1, 7], [0, 1], [2, 3], [0, 2], [0, 2], [2, 7], [1, 2], [3, 10], [9, 11], [0, 1], [1, 3], [1, 2], [0, 1], [0, 2], [5, 7], [2, 3], [0, 1], [0, 1], [1, 3], [1, 11], [2, 3], [0, 3], [1, 2], [1, 13], [1, 14], [0, 1], [1, 4], [4, 5], [1, 6], [0, 2], [2, 5], [1, 5], [0, 1], [0, 1], [2, 3], [0, 1], [1, 2], [2, 3], [1, 2], [0, 1], [4, 7], [0, 1], [1, 2], [2, 4], [3, 4], [2, 3], [1, 2], [0, 2], [1, 11], [0, 1], [3, 13], [0, 1], [1, 2], [1, 5], [0, 1], [2, 9], [0, 2], [0, 1], [0, 2], [0, 1], [0, 1], [7, 9], [1, 3], [2, 3], [0, 3], [0, 1], [0, 9], [1, 3], [1, 2], [1, 2], [0, 1], [3, 5], [0, 1], [0, 1], [9, 13], [1, 2], [0, 1], [1, 2], [4, 5], [0, 2], [2, 3], [0, 1], [0, 2], [1, 2], [1, 4], [1, 2], [1, 2], [6, 7], [1, 2]]",2,0.8180776834487915,128,learned,0.0,3584,4.0,124,0.8942639231681824,53,16 104 80 8,3565,0.6894540190696716,test,top_r_mean,0.0,0.0,0.25,0.75
0.035904628330995794,1.0,112,1.0,31,72.18629983253777,qasper,0.5714285714285714,0.25,0.14285714285714285,0.0,1605.03481:b85fc420eb2f77f6f14f375cc1fcc5155eb5c0a8,mean,0.5234877734877735,0.18419434130191803,"[[0, 3], [0, 3], [3, 4], [1, 2], [2, 4], [3, 5], [1, 5], [1, 2], [0, 1], [0, 1], [0, 1], [2, 5], [4, 10], [0, 2], [0, 1], [0, 5], [0, 1], [1, 2], [7, 8], [0, 2], [0, 2], [3, 5], [0, 4], [1, 7], [0, 11], [3, 4], [0, 2], [0, 2], [2, 9], [1, 2], [3, 10], [9, 11], [0, 1], [1, 3], [1, 2], [0, 1], [0, 2], [5, 7], [2, 3], [0, 1], [0, 1], [1, 3], [1, 11], [2, 3], [0, 3], [1, 2], [1, 9], [1, 14], [0, 6], [1, 4], [4, 5], [6, 12], [0, 3], [2, 5], [1, 6], [0, 1], [0, 1], [2, 3], [0, 1], [1, 2], [2, 3], [1, 2], [0, 1], [4, 7], [0, 6], [1, 2], [2, 4], [3, 4], [2, 3], [1, 2], [0, 4], [1, 6], [0, 1], [3, 13], [0, 1], [1, 2], [1, 5], [0, 1], [2, 9], [0, 2], [0, 1], [0, 2], [0, 1], [0, 1], [9, 10], [1, 4], [2, 3], [0, 3], [0, 1], [0, 9], [1, 3], [1, 2], [1, 2], [1, 2], [3, 5], [1, 2], [0, 1], [9, 13], [1, 2], [0, 1], [1, 2], [5, 7], [0, 2], [2, 3], [0, 3], [0, 2], [1, 2], [1, 4], [1, 2], [2, 4], [7, 13], [1, 2]]",2,0.805296778678894,128,learned,0.3333333333333333,3584,4.0,124,0.8757445812225342,71,24 16 0 80,3565,0.699200451374054,test,top_r_mean,0.0,0.0,0.25,0.625
0.035904628330995794,1.0,112,1.0,31,70.78920002095401,qasper,0.5714285714285714,0.25,0.14285714285714285,0.0,1605.03481:b85fc420eb2f77f6f14f375cc1fcc5155eb5c0a8,mean,0.5575933075933076,0.02722557634115219,"[[0, 3, 4, 6], [0, 3, 4, 6], [3, 5, 6, 9], [1, 2, 3, 5], [2, 4, 6, 7], [3, 5, 6, 9], [1, 5, 6, 7], [1, 2, 3, 6], [0, 1, 2, 4], [0, 1, 7, 9], [0, 1, 4, 13], [2, 5, 9, 12], [4, 10, 11, 14], [0, 2, 4, 6], [0, 1, 3, 4], [0, 5, 6, 15], [0, 1, 2, 6], [2, 3, 4, 6], [7, 8, 9, 10], [0, 2, 6, 7], [2, 4, 5, 6], [3, 5, 10, 11], [0, 4, 5, 8], [1, 7, 10, 12], [0, 1, 12, 13], [3, 4, 6, 8], [0, 2, 3, 7], [0, 2, 3, 9], [2, 9, 12, 14], [1, 2, 4, 5], [3, 11, 12, 13], [9, 11, 12, 14], [0, 1, 4, 5], [1, 3, 4, 8], [1, 6, 7, 8], [0, 1, 3, 4], [0, 2, 5, 6], [5, 7, 8, 11], [2, 3, 4, 5], [1, 7, 12, 16], [0, 1, 2, 4], [1, 3, 4, 6], [1, 11, 12, 14], [2, 3, 4, 12], [0, 3, 4, 5], [1, 2, 12, 13], [1, 13, 17, 24], [1, 14, 15, 17], [0, 1, 6, 11], [1, 4, 5, 6], [4, 5, 9, 11], [5, 6, 8, 12], [2, 3, 7, 8], [2, 5, 14, 17], [1, 6, 7, 8], [0, 1, 2, 8], [0, 1, 2, 9], [2, 3, 4, 11], [0, 1, 6, 7], [1, 2, 3, 9], [2, 3, 5, 7], [1, 2, 4, 20], [0, 3, 5, 6], [4, 7, 9, 13], [0, 1, 6, 24], [1, 2, 3, 6], [2, 4, 16, 19], [3, 4, 5, 9], [2, 3, 5, 7], [1, 2, 15, 16], [0, 2, 6, 12], [1, 11, 12, 13], [0, 1, 2, 3], [3, 11, 13, 19], [0, 1, 3, 4], [1, 4, 5, 12], [1, 5, 7, 9], [0, 1, 2, 3], [2, 12, 13, 14], [0, 2, 3, 5], [0, 1, 2, 4], [0, 2, 3, 6], [0, 1, 2, 3], [0, 1, 7, 10], [9, 10, 12, 20], [1, 4, 12, 13], [2, 3, 4, 5], [0, 3, 6, 7], [0, 1, 2, 9], [0, 9, 10, 13], [1, 3, 4, 17], [1, 2, 4, 6], [1, 3, 5, 8], [1, 4, 6, 8], [3, 5, 6, 14], [1, 2, 4, 5], [0, 1, 2, 6], [9, 13, 14, 15], [1, 2, 3, 6], [0, 1, 2, 3], [1, 2, 4, 5], [5, 7, 10, 12], [2, 3, 4, 7], [2, 3, 11, 12], [0, 3, 6, 8], [0, 2, 3, 6], [1, 2, 5, 12], [1, 4, 5, 6], [1, 2, 3, 5], [2, 4, 5, 7], [7, 13, 14, 15], [1, 2, 5, 6]]",4,0.8884716033935547,128,learned,0.3333333333333333,7168,4.0,124,0.9179041385650635,11,16 72 0 32,3565,0.7331123948097229,test,top_r_mean,0.0,0.0,0.5,0.75
0.035904628330995794,1.0,112,1.0,31,76.76929980516434,qasper,0.5714285714285714,0.25,0.14285714285714285,0.0,1605.03481:b85fc420eb2f77f6f14f375cc1fcc5155eb5c0a8,mean,0.537001287001287,0.02831270918250084,"[[0, 3, 4, 7], [0, 3, 4, 6], [3, 5, 6, 9], [1, 2, 3, 5], [2, 6, 7, 9], [3, 5, 6, 9], [1, 5, 6, 7], [1, 2, 3, 6], [0, 1, 2, 4], [0, 1, 7, 9], [0, 1, 4, 7], [2, 5, 9, 12], [1, 4, 10, 11], [0, 2, 4, 6], [0, 3, 4, 11], [0, 5, 6, 10], [0, 1, 2, 3], [2, 3, 4, 6], [4, 7, 9, 10], [0, 2, 6, 7], [0, 2, 4, 5], [3, 5, 10, 11], [0, 4, 5, 8], [1, 7, 10, 12], [0, 1, 11, 12], [0, 3, 4, 6], [0, 2, 3, 7], [0, 2, 3, 9], [2, 9, 12, 14], [1, 2, 4, 8], [3, 10, 11, 12], [9, 11, 12, 14], [0, 1, 4, 5], [1, 3, 4, 5], [1, 6, 7, 8], [0, 1, 3, 4], [0, 2, 5, 6], [5, 7, 8, 11], [2, 3, 4, 5], [0, 1, 4, 12], [0, 1, 2, 4], [1, 3, 4, 6], [1, 11, 12, 14], [2, 3, 4, 12], [0, 3, 4, 5], [1, 2, 12, 13], [1, 16, 17, 24], [1, 14, 15, 17], [0, 1, 4, 6], [1, 4, 6, 9], [4, 5, 9, 14], [6, 8, 11, 12], [0, 2, 3, 7], [2, 5, 14, 24], [1, 6, 7, 8], [0, 1, 2, 8], [0, 1, 2, 9], [2, 3, 4, 11], [0, 1, 6, 7], [1, 2, 3, 9], [2, 3, 7, 15], [1, 2, 4, 13], [0, 3, 5, 6], [2, 4, 7, 9], [0, 1, 6, 24], [1, 2, 3, 6], [2, 4, 10, 13], [3, 4, 5, 9], [2, 3, 5, 7], [1, 2, 7, 15], [0, 6, 12, 15], [1, 11, 12, 13], [0, 1, 2, 3], [1, 3, 13, 18], [0, 1, 3, 4], [1, 2, 4, 5], [1, 5, 7, 8], [0, 1, 2, 3], [2, 9, 11, 13], [0, 2, 3, 5], [0, 1, 2, 4], [0, 2, 6, 9], [0, 1, 2, 3], [0, 1, 7, 10], [7, 9, 10, 23], [1, 3, 4, 12], [2, 3, 4, 5], [0, 3, 7, 9], [0, 1, 2, 9], [0, 9, 10, 12], [1, 3, 4, 7], [1, 2, 4, 6], [1, 2, 3, 8], [0, 1, 4, 8], [3, 5, 6, 7], [0, 1, 2, 4], [0, 1, 2, 6], [9, 13, 14, 15], [1, 2, 3, 5], [0, 1, 2, 3], [1, 2, 4, 5], [5, 7, 10, 12], [2, 3, 4, 6], [0, 2, 3, 12], [0, 1, 3, 6], [0, 2, 3, 6], [1, 2, 11, 12], [1, 4, 6, 8], [1, 2, 3, 8], [2, 4, 5, 7], [7, 13, 14, 15], [1, 2, 5, 6]]",4,0.9010173678398132,128,learned,0.3333333333333333,7168,4.0,124,0.9341009259223938,23,72 32 0 16,3565,0.713192343711853,test,top_r_mean,0.0,0.0,0.5,0.75
0.035904628330995794,1.0,112,1.0,31,68.17270000465214,qasper,0.5714285714285714,0.25,0.14285714285714285,0.0,1605.03481:b85fc420eb2f77f6f14f375cc1fcc5155eb5c0a8,mean,0.5772200772200772,0.028399735689163208,"[[0, 3, 4, 7], [0, 3, 4, 6], [3, 4, 5, 6], [1, 2, 3, 5], [2, 4, 6, 7], [3, 5, 6, 9], [1, 5, 6, 7], [1, 2, 3, 6], [0, 1, 2, 4], [0, 1, 7, 9], [0, 1, 4, 7], [2, 5, 9, 12], [1, 4, 10, 11], [0, 2, 4, 6], [0, 1, 3, 4], [0, 5, 6, 10], [0, 1, 2, 3], [1, 2, 3, 4], [6, 7, 8, 9], [0, 2, 6, 7], [0, 2, 4, 5], [3, 5, 10, 11], [0, 4, 5, 8], [1, 7, 10, 13], [0, 1, 11, 12], [0, 2, 3, 4], [0, 2, 3, 7], [0, 2, 3, 9], [2, 4, 7, 9], [1, 2, 4, 5], [3, 10, 11, 12], [9, 11, 12, 14], [0, 1, 4, 5], [1, 3, 4, 5], [1, 2, 6, 7], [0, 1, 3, 4], [0, 2, 5, 6], [5, 7, 8, 11], [2, 3, 4, 5], [0, 1, 4, 7], [0, 1, 2, 4], [1, 3, 4, 5], [1, 11, 12, 14], [2, 3, 4, 12], [0, 3, 4, 5], [1, 2, 12, 13], [1, 13, 16, 17], [1, 14, 15, 17], [0, 1, 4, 6], [1, 4, 5, 6], [4, 5, 9, 14], [6, 8, 12, 15], [0, 2, 3, 7], [2, 5, 14, 17], [1, 5, 6, 7], [0, 1, 2, 8], [0, 1, 2, 9], [2, 3, 4, 11], [0, 1, 4, 6], [1, 2, 3, 4], [2, 3, 5, 7], [1, 2, 4, 20], [0, 3, 5, 6], [4, 7, 9, 13], [0, 1, 6, 24], [1, 2, 3, 6], [2, 4, 8, 10], [2, 3, 4, 5], [2, 3, 5, 7], [1, 2, 7, 15], [0, 2, 4, 6], [1, 11, 12, 13], [0, 1, 2, 3], [1, 3, 11, 13], [0, 1, 2, 3], [1, 2, 4, 5], [1, 5, 7, 9], [0, 1, 2, 3], [2, 11, 12, 13], [0, 2, 3, 5], [0, 1, 2, 4], [0, 2, 3, 4], [0, 1, 2, 3], [0, 1, 7, 10], [3, 7, 9, 10], [1, 3, 4, 12], [2, 3, 4, 5], [0, 3, 6, 7], [0, 1, 2, 9], [0, 9, 10, 12], [1, 3, 4, 5], [1, 2, 4, 6], [1, 2, 3, 8], [0, 1, 2, 4], [3, 5, 6, 7], [0, 1, 2, 4], [0, 1, 2, 6], [8, 9, 13, 14], [1, 2, 3, 5], [0, 1, 2, 3], [1, 2, 4, 5], [5, 7, 10, 12], [0, 2, 3, 4], [2, 3, 8, 11], [0, 1, 3, 6], [0, 1, 2, 3], [1, 2, 5, 6], [1, 4, 5, 6], [1, 2, 3, 5], [2, 4, 5, 7], [6, 13, 14, 15], [1, 2, 5, 6]]",4,0.9077091813087463,128,learned,0.3333333333333333,7168,4.0,124,0.9427317976951599,37,72 32 0 16,3565,0.7482574582099915,test,top_r_mean,0.0,0.0,0.5,0.75
0.035904628330995794,0.0,112,0.0,31,76.93760003894567,qasper,0.5714285714285714,0.0,0.0,0.0,1605.03481:b85fc420eb2f77f6f14f375cc1fcc5155eb5c0a8,mean,0.5826898326898327,0.026332344859838486,"[[0, 1, 3, 4], [0, 3, 4, 6], [3, 4, 5, 6], [1, 2, 3, 5], [2, 5, 6, 7], [3, 5, 6, 9], [1, 5, 6, 7], [1, 2, 3, 6], [0, 1, 2, 4], [0, 1, 7, 9], [0, 1, 4, 7], [2, 5, 9, 12], [1, 4, 10, 11], [0, 2, 4, 6], [0, 1, 3, 4], [0, 5, 6, 10], [0, 1, 2, 3], [1, 2, 3, 4], [6, 7, 8, 9], [0, 2, 6, 7], [0, 4, 5, 6], [3, 5, 10, 11], [0, 4, 5, 8], [1, 7, 10, 13], [0, 1, 11, 12], [2, 3, 4, 6], [0, 2, 3, 7], [0, 2, 3, 9], [2, 7, 9, 12], [1, 2, 4, 8], [3, 10, 11, 12], [9, 11, 12, 14], [0, 1, 4, 5], [1, 3, 4, 5], [1, 2, 6, 7], [0, 1, 3, 4], [0, 2, 5, 6], [5, 7, 8, 11], [2, 3, 4, 5], [0, 1, 4, 7], [0, 1, 2, 4], [1, 3, 4, 6], [1, 11, 12, 14], [2, 3, 4, 12], [0, 3, 4, 5], [1, 2, 12, 13], [1, 13, 17, 24], [1, 14, 15, 17], [0, 1, 6, 11], [1, 4, 5, 6], [4, 5, 9, 11], [1, 6, 7, 8], [0, 2, 3, 7], [2, 5, 14, 17], [1, 5, 6, 7], [0, 1, 2, 8], [0, 1, 2, 9], [2, 3, 4, 11], [0, 1, 6, 7], [1, 2, 3, 4], [2, 3, 5, 7], [1, 2, 4, 20], [0, 1, 3, 5], [4, 7, 9, 13], [0, 1, 6, 24], [1, 2, 3, 6], [2, 4, 6, 8], [3, 4, 5, 9], [2, 3, 5, 7], [1, 2, 15, 16], [0, 2, 4, 6], [1, 11, 12, 13], [0, 1, 2, 3], [3, 13, 18, 19], [0, 1, 3, 4], [1, 2, 4, 5], [1, 5, 7, 9], [0, 1, 2, 3], [2, 9, 12, 13], [0, 2, 3, 5], [0, 1, 2, 4], [0, 2, 3, 6], [0, 1, 2, 3], [0, 1, 7, 10], [7, 9, 10, 12], [1, 3, 4, 12], [2, 3, 4, 5], [0, 3, 6, 7], [0, 1, 2, 9], [0, 9, 10, 13], [1, 3, 4, 5], [1, 2, 4, 6], [1, 2, 3, 8], [0, 1, 2, 4], [3, 5, 6, 7], [0, 1, 2, 4], [0, 1, 2, 6], [9, 13, 14, 15], [1, 2, 3, 5], [0, 1, 2, 3], [1, 2, 4, 5], [4, 5, 7, 10], [0, 2, 3, 4], [2, 3, 8, 11], [0, 1, 3, 6], [0, 2, 3, 6], [1, 2, 5, 12], [1, 4, 5, 6], [1, 2, 3, 5], [1, 2, 4, 5], [6, 7, 13, 14], [1, 2, 5, 6]]",4,0.8995792269706726,128,learned,0.0,7168,4.0,124,0.9325786828994751,53,72 32 16 80,3565,0.7608654499053955,test,top_r_mean,0.0,0.0,0.75,0.875
0.035904628330995794,1.0,112,1.0,31,72.37059995532036,qasper,0.5714285714285714,0.25,0.14285714285714285,0.0,1605.03481:b85fc420eb2f77f6f14f375cc1fcc5155eb5c0a8,mean,0.574002574002574,0.026105128228664398,"[[0, 3, 4, 6], [0, 3, 4, 6], [3, 4, 5, 6], [1, 2, 3, 5], [2, 4, 6, 7], [3, 5, 6, 9], [1, 5, 6, 7], [1, 2, 3, 6], [0, 1, 2, 4], [0, 1, 7, 9], [0, 1, 4, 7], [2, 5, 9, 12], [4, 10, 11, 14], [0, 2, 4, 6], [0, 1, 3, 4], [0, 5, 6, 10], [0, 1, 2, 3], [1, 2, 3, 4], [7, 8, 9, 10], [0, 2, 6, 7], [0, 2, 4, 5], [3, 5, 10, 11], [0, 4, 8, 9], [1, 7, 10, 13], [0, 11, 12, 13], [3, 4, 6, 8], [0, 2, 3, 7], [0, 2, 3, 9], [2, 9, 12, 14], [1, 2, 4, 8], [3, 10, 11, 12], [9, 11, 12, 14], [0, 1, 4, 5], [1, 3, 11, 12], [1, 2, 6, 7], [0, 1, 3, 4], [0, 2, 5, 6], [5, 7, 8, 11], [2, 3, 4, 5], [0, 1, 4, 7], [0, 1, 2, 19], [1, 3, 4, 6], [1, 11, 12, 14], [2, 3, 4, 12], [0, 3, 4, 5], [1, 2, 12, 13], [1, 9, 17, 24], [1, 14, 15, 17], [0, 6, 11, 13], [1, 4, 5, 6], [4, 5, 11, 14], [6, 12, 13, 15], [0, 3, 7, 8], [2, 5, 14, 17], [1, 6, 7, 8], [0, 1, 2, 8], [0, 1, 2, 9], [2, 3, 4, 11], [0, 1, 6, 7], [1, 2, 3, 9], [2, 3, 5, 7], [1, 2, 4, 13], [0, 1, 3, 5], [4, 7, 9, 13], [0, 6, 23, 24], [1, 2, 3, 10], [2, 4, 16, 19], [3, 4, 5, 9], [2, 3, 5, 7], [1, 2, 16, 23], [0, 4, 6, 12], [1, 6, 11, 12], [0, 1, 2, 3], [3, 13, 19, 20], [0, 1, 3, 4], [1, 2, 4, 5], [1, 5, 7, 9], [0, 1, 2, 3], [2, 9, 11, 13], [0, 2, 3, 5], [0, 1, 2, 4], [0, 2, 6, 9], [0, 1, 2, 3], [0, 1, 7, 10], [9, 10, 20, 23], [1, 4, 12, 13], [2, 3, 4, 5], [0, 3, 6, 9], [0, 1, 2, 9], [0, 9, 10, 12], [1, 3, 4, 5], [1, 2, 4, 6], [1, 2, 3, 8], [1, 2, 4, 8], [3, 5, 6, 14], [1, 2, 4, 5], [0, 1, 2, 6], [9, 13, 14, 15], [1, 2, 3, 6], [0, 1, 2, 3], [1, 2, 4, 5], [5, 7, 10, 12], [0, 2, 3, 4], [2, 3, 8, 11], [0, 3, 6, 8], [0, 2, 3, 6], [1, 2, 5, 11], [1, 4, 6, 8], [1, 2, 3, 5], [2, 4, 5, 7], [7, 13, 14, 15], [1, 2, 5, 6]]",4,0.88005131483078,128,learned,0.5,7168,4.0,124,0.9100452661514282,71,72 0 48 24,3565,0.7530153393745422,test,top_r_mean,0.0,0.0,0.25,0.875
0.035904628330995794,1.0,112,1.0,31,76.21890003792942,qasper,0.5714285714285714,0.25,0.14285714285714285,0.0,1605.03481:b85fc420eb2f77f6f14f375cc1fcc5155eb5c0a8,mean,0.6563706563706564,0.010094258934259415,"[[0, 3, 4, 6, 7, 9, 10, 13], [0, 3, 4, 6, 8, 17, 22, 23], [3, 5, 6, 9, 14, 17, 20, 22], [1, 2, 3, 5, 6, 8, 9, 10], [2, 4, 6, 7, 10, 17, 18, 23], [3, 5, 6, 9, 11, 12, 14, 17], [1, 5, 6, 7, 9, 14, 18, 31], [1, 2, 3, 6, 8, 10, 11, 22], [0, 1, 2, 4, 10, 11, 22, 31], [0, 1, 7, 9, 17, 24, 27, 28], [0, 1, 4, 13, 14, 18, 21, 31], [2, 5, 9, 12, 13, 15, 18, 20], [4, 10, 11, 14, 16, 19, 21, 22], [0, 2, 4, 6, 11, 26, 29, 31], [0, 1, 3, 4, 11, 13, 14, 24], [0, 5, 6, 15, 18, 19, 25, 26], [0, 1, 2, 6, 9, 17, 27, 28], [2, 3, 4, 6, 7, 24, 28, 31], [7, 8, 9, 10, 11, 27, 28, 31], [0, 2, 6, 7, 17, 19, 25, 31], [2, 4, 5, 6, 10, 19, 20, 23], [3, 5, 10, 11, 12, 17, 19, 25], [0, 4, 5, 8, 9, 11, 16, 27], [1, 7, 10, 12, 13, 16, 17, 19], [0, 1, 12, 13, 20, 21, 22, 27], [3, 4, 6, 8, 9, 19, 22, 24], [0, 2, 3, 7, 10, 14, 15, 20], [0, 2, 3, 9, 11, 12, 13, 21], [2, 9, 12, 14, 16, 21, 28, 30], [1, 2, 4, 5, 8, 9, 15, 29], [3, 11, 12, 13, 14, 15, 21, 22], [9, 11, 12, 14, 18, 22, 27, 29], [0, 1, 4, 5, 6, 7, 13, 26], [1, 3, 4, 8, 11, 12, 16, 27], [1, 6, 7, 8, 10, 14, 17, 23], [0, 1, 3, 4, 7, 9, 10, 21], [0, 2, 5, 6, 10, 18, 30, 31], [5, 7, 8, 11, 13, 16, 18, 19], [2, 3, 4, 5, 7, 9, 21, 26], [1, 7, 12, 16, 19, 21, 23, 25], [0, 1, 2, 4, 19, 22, 29, 30], [1, 3, 4, 6, 8, 9, 13, 14], [1, 11, 12, 14, 18, 20, 21, 24], [2, 3, 4, 12, 15, 17, 19, 20], [0, 3, 4, 5, 6, 8, 11, 29], [1, 2, 12, 13, 20, 21, 26, 27], [1, 13, 17, 24, 26, 27, 28, 31], [1, 14, 15, 17, 20, 21, 28, 31], [0, 1, 6, 11, 13, 15, 25, 30], [1, 4, 5, 6, 9, 12, 14, 22], [4, 5, 9, 11, 14, 20, 24, 27], [5, 6, 8, 12, 13, 18, 20, 27], [2, 3, 7, 8, 9, 10, 15, 20], [2, 5, 14, 17, 25, 28, 29, 30], [1, 6, 7, 8, 14, 24, 26, 30], [0, 1, 2, 8, 9, 11, 28, 30], [0, 1, 2, 9, 13, 17, 18, 31], [2, 3, 4, 11, 13, 15, 19, 26], [0, 1, 6, 7, 8, 9, 10, 29], [1, 2, 3, 9, 13, 14, 15, 26], [2, 3, 5, 7, 16, 25, 28, 29], [1, 2, 4, 20, 26, 27, 29, 31], [0, 3, 5, 6, 7, 10, 18, 24], [4, 7, 9, 13, 14, 15, 16, 20], [0, 1, 6, 24, 25, 28, 30, 31], [1, 2, 3, 6, 10, 18, 25, 26], [2, 4, 16, 19, 21, 22, 25, 27], [3, 4, 5, 9, 10, 18, 20, 29], [2, 3, 5, 7, 8, 13, 22, 31], [1, 2, 15, 16, 23, 24, 27, 28], [0, 2, 6, 12, 15, 18, 22, 23], [1, 11, 12, 13, 20, 21, 22, 24], [0, 1, 2, 3, 4, 6, 7, 17], [3, 11, 13, 19, 20, 22, 24, 26], [0, 1, 3, 4, 5, 8, 28, 29], [1, 4, 5, 12, 14, 17, 19, 22], [1, 5, 7, 9, 12, 14, 15, 16], [0, 1, 2, 3, 4, 5, 20, 21], [2, 12, 13, 14, 22, 24, 25, 31], [0, 2, 3, 5, 8, 10, 26, 27], [0, 1, 2, 4, 7, 10, 27, 28], [0, 2, 3, 6, 9, 15, 17, 20], [0, 1, 2, 3, 5, 6, 18, 31], [0, 1, 7, 10, 13, 15, 25, 28], [9, 10, 12, 20, 23, 25, 26, 28], [1, 4, 12, 13, 17, 20, 21, 30], [2, 3, 4, 5, 12, 13, 18, 19], [0, 3, 6, 7, 9, 16, 21, 28], [0, 1, 2, 9, 10, 17, 23, 24], [0, 9, 10, 13, 18, 20, 21, 29], [1, 3, 4, 17, 20, 21, 29, 31], [1, 2, 4, 6, 7, 13, 18, 20], [1, 3, 5, 8, 9, 10, 12, 29], [1, 4, 6, 8, 12, 20, 30, 31], [3, 5, 6, 14, 17, 27, 30, 31], [1, 2, 4, 5, 8, 11, 15, 18], [0, 1, 2, 6, 9, 10, 13, 15], [9, 13, 14, 15, 18, 20, 26, 27], [1, 2, 3, 6, 18, 20, 24, 28], [0, 1, 2, 3, 5, 6, 12, 14], [1, 2, 4, 5, 6, 9, 10, 11], [5, 7, 10, 12, 14, 20, 22, 25], [2, 3, 4, 7, 10, 12, 19, 31], [2, 3, 11, 12, 14, 24, 29, 31], [0, 3, 6, 8, 9, 12, 13, 22], [0, 2, 3, 6, 7, 8, 11, 22], [1, 2, 5, 12, 18, 20, 22, 30], [1, 4, 5, 6, 8, 11, 17, 31], [1, 2, 3, 5, 11, 15, 16, 29], [2, 4, 5, 7, 9, 14, 18, 21], [7, 13, 14, 15, 17, 23, 30, 31], [1, 2, 5, 6, 7, 8, 9, 10]]",8,0.42882663011550903,128,learned,0.25,14336,4.0,124,0.4509964883327484,11,32 48 72 0,3565,0.8359158635139465,test,top_r_mean,0.0,0.0,0.5,0.625
0.035904628330995794,0.0,112,0.0,31,75.65149990841746,qasper,0.5714285714285714,0.0,0.0,0.0,1605.03481:b85fc420eb2f77f6f14f375cc1fcc5155eb5c0a8,mean,0.6393178893178894,0.009344946593046188,"[[0, 3, 4, 7, 8, 9, 12, 13], [0, 3, 4, 6, 8, 17, 23, 28], [3, 5, 6, 9, 13, 14, 20, 22], [1, 2, 3, 5, 6, 8, 10, 28], [2, 6, 7, 9, 10, 17, 18, 23], [3, 5, 6, 9, 11, 12, 17, 21], [1, 5, 6, 7, 9, 13, 14, 31], [1, 2, 3, 6, 8, 10, 22, 24], [0, 1, 2, 4, 10, 11, 22, 31], [0, 1, 7, 9, 17, 24, 27, 28], [0, 1, 4, 7, 13, 14, 21, 31], [2, 5, 9, 12, 13, 15, 18, 19], [1, 4, 10, 11, 14, 19, 21, 22], [0, 2, 4, 6, 11, 26, 29, 31], [0, 3, 4, 11, 13, 14, 15, 24], [0, 5, 6, 10, 15, 19, 25, 26], [0, 1, 2, 3, 6, 9, 27, 28], [2, 3, 4, 6, 7, 9, 28, 31], [4, 7, 9, 10, 11, 13, 27, 31], [0, 2, 6, 7, 17, 19, 25, 31], [0, 2, 4, 5, 6, 19, 20, 23], [3, 5, 10, 11, 12, 14, 17, 19], [0, 4, 5, 8, 9, 11, 16, 27], [1, 7, 10, 12, 13, 16, 17, 22], [0, 1, 11, 12, 13, 20, 21, 27], [0, 3, 4, 6, 8, 9, 19, 24], [0, 2, 3, 7, 10, 14, 15, 20], [0, 2, 3, 9, 11, 12, 13, 21], [2, 9, 12, 14, 16, 21, 26, 30], [1, 2, 4, 8, 9, 11, 15, 29], [3, 10, 11, 12, 14, 15, 21, 22], [9, 11, 12, 14, 18, 21, 22, 29], [0, 1, 4, 5, 6, 7, 13, 31], [1, 3, 4, 5, 11, 16, 27, 31], [1, 6, 7, 8, 10, 14, 17, 23], [0, 1, 3, 4, 7, 9, 10, 21], [0, 2, 5, 6, 10, 18, 30, 31], [5, 7, 8, 11, 16, 18, 19, 31], [2, 3, 4, 5, 7, 9, 21, 26], [0, 1, 4, 12, 13, 15, 16, 19], [0, 1, 2, 4, 10, 20, 24, 30], [1, 3, 4, 6, 8, 9, 13, 14], [1, 11, 12, 14, 15, 18, 20, 24], [2, 3, 4, 12, 15, 17, 19, 20], [0, 3, 4, 5, 6, 8, 11, 29], [1, 2, 12, 13, 20, 21, 26, 27], [1, 16, 17, 24, 26, 27, 28, 31], [1, 14, 15, 17, 20, 21, 25, 28], [0, 1, 4, 6, 11, 13, 15, 25], [1, 4, 6, 9, 12, 13, 14, 22], [4, 5, 9, 14, 20, 24, 27, 29], [6, 8, 11, 12, 15, 18, 20, 27], [0, 2, 3, 7, 8, 9, 10, 15], [2, 5, 14, 24, 25, 28, 29, 30], [1, 6, 7, 8, 24, 26, 27, 30], [0, 1, 2, 8, 9, 11, 28, 30], [0, 1, 2, 9, 13, 17, 18, 31], [2, 3, 4, 11, 13, 17, 19, 26], [0, 1, 6, 7, 8, 9, 10, 29], [1, 2, 3, 9, 13, 14, 15, 26], [2, 3, 7, 15, 16, 25, 28, 29], [1, 2, 4, 13, 20, 26, 27, 29], [0, 3, 5, 6, 7, 10, 18, 24], [2, 4, 7, 9, 13, 15, 16, 20], [0, 1, 6, 24, 25, 28, 30, 31], [1, 2, 3, 6, 10, 18, 25, 26], [2, 4, 10, 13, 19, 21, 25, 27], [3, 4, 5, 9, 10, 18, 29, 31], [2, 3, 5, 7, 8, 9, 13, 31], [1, 2, 7, 15, 16, 23, 24, 28], [0, 6, 12, 15, 21, 22, 23, 25], [1, 11, 12, 13, 20, 21, 22, 25], [0, 1, 2, 3, 4, 7, 14, 17], [1, 3, 13, 18, 19, 20, 24, 25], [0, 1, 3, 4, 5, 6, 8, 29], [1, 2, 4, 5, 12, 14, 17, 22], [1, 5, 7, 8, 9, 12, 15, 16], [0, 1, 2, 3, 5, 7, 20, 21], [2, 9, 11, 13, 14, 22, 25, 31], [0, 2, 3, 5, 8, 10, 13, 27], [0, 1, 2, 4, 7, 10, 27, 28], [0, 2, 6, 9, 15, 17, 20, 27], [0, 1, 2, 3, 5, 6, 18, 31], [0, 1, 7, 10, 11, 13, 15, 25], [7, 9, 10, 23, 25, 26, 28, 31], [1, 3, 4, 12, 13, 17, 21, 30], [2, 3, 4, 5, 12, 13, 18, 19], [0, 3, 7, 9, 14, 16, 21, 28], [0, 1, 2, 9, 10, 17, 20, 24], [0, 9, 10, 12, 13, 18, 20, 21], [1, 3, 4, 7, 17, 21, 29, 31], [1, 2, 4, 6, 7, 13, 18, 20], [1, 2, 3, 8, 9, 10, 12, 29], [0, 1, 4, 8, 12, 20, 30, 31], [3, 5, 6, 7, 14, 17, 27, 31], [0, 1, 2, 4, 5, 8, 11, 15], [0, 1, 2, 6, 9, 10, 13, 15], [9, 13, 14, 15, 18, 20, 26, 27], [1, 2, 3, 5, 6, 18, 20, 28], [0, 1, 2, 3, 5, 6, 12, 14], [1, 2, 4, 5, 6, 9, 10, 11], [5, 7, 10, 12, 13, 14, 22, 25], [2, 3, 4, 6, 7, 10, 12, 31], [0, 2, 3, 12, 14, 24, 29, 31], [0, 1, 3, 6, 9, 12, 13, 22], [0, 2, 3, 6, 7, 8, 11, 23], [1, 2, 11, 12, 17, 18, 20, 30], [1, 4, 6, 8, 11, 14, 26, 31], [1, 2, 3, 8, 15, 16, 29, 31], [2, 4, 5, 7, 9, 14, 18, 21], [7, 13, 14, 15, 17, 23, 30, 31], [1, 2, 5, 6, 7, 8, 9, 10]]",8,0.44062507152557373,128,learned,0.0,14336,4.0,124,0.4626908600330353,23,72 32 80 16,3565,0.8195493817329407,test,top_r_mean,0.0,0.0,0.75,0.75
0.035904628330995794,0.0,112,0.0,31,74.02310008183122,qasper,0.5714285714285714,0.0,0.0,0.0,1605.03481:b85fc420eb2f77f6f14f375cc1fcc5155eb5c0a8,mean,0.6637709137709138,0.00909944623708725,"[[0, 3, 4, 7, 9, 10, 12, 13], [0, 3, 4, 6, 8, 17, 22, 23], [3, 4, 5, 6, 9, 14, 20, 22], [1, 2, 3, 5, 6, 8, 9, 10], [2, 4, 6, 7, 10, 17, 18, 23], [3, 5, 6, 9, 11, 12, 17, 21], [1, 5, 6, 7, 9, 14, 18, 31], [1, 2, 3, 6, 8, 11, 22, 24], [0, 1, 2, 4, 10, 11, 21, 22], [0, 1, 7, 9, 17, 24, 27, 28], [0, 1, 4, 7, 13, 14, 21, 31], [2, 5, 9, 12, 13, 15, 18, 20], [1, 4, 10, 11, 14, 16, 21, 22], [0, 2, 4, 6, 11, 26, 29, 31], [0, 1, 3, 4, 8, 11, 13, 14], [0, 5, 6, 10, 15, 18, 19, 26], [0, 1, 2, 3, 6, 9, 27, 28], [1, 2, 3, 4, 6, 7, 28, 31], [6, 7, 8, 9, 10, 11, 27, 31], [0, 2, 6, 7, 17, 19, 25, 31], [0, 2, 4, 5, 6, 19, 20, 23], [3, 5, 10, 11, 12, 14, 17, 19], [0, 4, 5, 8, 9, 11, 16, 27], [1, 7, 10, 13, 16, 17, 19, 22], [0, 1, 11, 12, 13, 20, 21, 27], [0, 2, 3, 4, 6, 8, 9, 19], [0, 2, 3, 7, 10, 14, 15, 20], [0, 2, 3, 9, 11, 12, 13, 21], [2, 4, 7, 9, 12, 14, 16, 21], [1, 2, 4, 5, 8, 9, 15, 29], [3, 10, 11, 12, 13, 14, 15, 22], [9, 11, 12, 14, 18, 21, 22, 27], [0, 1, 4, 5, 6, 7, 26, 31], [1, 3, 4, 5, 11, 12, 16, 27], [1, 2, 6, 7, 8, 10, 14, 17], [0, 1, 3, 4, 5, 9, 10, 21], [0, 2, 5, 6, 10, 18, 30, 31], [5, 7, 8, 11, 13, 16, 18, 19], [2, 3, 4, 5, 7, 9, 21, 26], [0, 1, 4, 7, 12, 15, 16, 19], [0, 1, 2, 4, 21, 24, 29, 30], [1, 3, 4, 5, 6, 8, 9, 14], [1, 11, 12, 14, 15, 18, 20, 24], [2, 3, 4, 12, 15, 17, 19, 20], [0, 3, 4, 5, 6, 8, 11, 29], [1, 2, 12, 13, 20, 21, 26, 27], [1, 13, 16, 17, 24, 26, 27, 31], [1, 14, 15, 17, 20, 21, 28, 31], [0, 1, 4, 6, 11, 13, 15, 25], [1, 4, 5, 6, 9, 12, 14, 22], [4, 5, 9, 14, 20, 24, 27, 29], [6, 8, 12, 15, 18, 20, 27, 29], [0, 2, 3, 7, 8, 9, 10, 15], [2, 5, 14, 17, 25, 28, 29, 30], [1, 5, 6, 7, 8, 24, 26, 30], [0, 1, 2, 8, 9, 11, 28, 30], [0, 1, 2, 9, 13, 17, 18, 31], [2, 3, 4, 11, 13, 15, 19, 26], [0, 1, 4, 6, 7, 8, 9, 10], [1, 2, 3, 4, 9, 13, 14, 15], [2, 3, 5, 7, 16, 25, 28, 29], [1, 2, 4, 20, 26, 27, 29, 31], [0, 3, 5, 6, 7, 10, 18, 24], [4, 7, 9, 13, 14, 15, 16, 20], [0, 1, 6, 24, 25, 28, 30, 31], [1, 2, 3, 6, 10, 18, 25, 26], [2, 4, 8, 10, 19, 21, 23, 25], [2, 3, 4, 5, 9, 10, 18, 29], [2, 3, 5, 7, 8, 9, 13, 31], [1, 2, 7, 15, 16, 23, 24, 28], [0, 2, 4, 6, 12, 15, 22, 23], [1, 11, 12, 13, 20, 21, 22, 24], [0, 1, 2, 3, 4, 5, 6, 7], [1, 3, 11, 13, 19, 22, 24, 25], [0, 1, 2, 3, 4, 5, 6, 8], [1, 2, 4, 5, 7, 12, 14, 22], [1, 5, 7, 9, 12, 14, 15, 16], [0, 1, 2, 3, 4, 5, 20, 21], [2, 11, 12, 13, 14, 22, 25, 31], [0, 2, 3, 5, 8, 10, 13, 27], [0, 1, 2, 4, 7, 10, 27, 28], [0, 2, 3, 4, 6, 9, 15, 20], [0, 1, 2, 3, 5, 6, 18, 31], [0, 1, 7, 10, 11, 13, 15, 25], [3, 7, 9, 10, 12, 23, 25, 26], [1, 3, 4, 12, 13, 17, 21, 30], [2, 3, 4, 5, 12, 13, 18, 19], [0, 3, 6, 7, 9, 14, 21, 28], [0, 1, 2, 9, 10, 17, 20, 24], [0, 9, 10, 12, 13, 18, 20, 21], [1, 3, 4, 5, 7, 17, 29, 31], [1, 2, 4, 6, 7, 13, 18, 20], [1, 2, 3, 8, 9, 10, 12, 29], [0, 1, 2, 4, 6, 8, 12, 30], [3, 5, 6, 7, 14, 27, 30, 31], [0, 1, 2, 4, 5, 8, 11, 15], [0, 1, 2, 6, 9, 10, 13, 15], [8, 9, 13, 14, 15, 18, 20, 26], [1, 2, 3, 5, 6, 18, 23, 28], [0, 1, 2, 3, 4, 5, 6, 14], [1, 2, 4, 5, 6, 9, 10, 11], [5, 7, 10, 12, 13, 14, 20, 22], [0, 2, 3, 4, 7, 10, 12, 31], [2, 3, 8, 11, 12, 14, 24, 29], [0, 1, 3, 6, 9, 12, 13, 22], [0, 1, 2, 3, 5, 6, 7, 8], [1, 2, 5, 6, 12, 17, 18, 20], [1, 4, 5, 6, 8, 11, 14, 31], [1, 2, 3, 5, 11, 15, 16, 29], [2, 4, 5, 7, 9, 14, 18, 21], [6, 13, 14, 15, 17, 23, 30, 31], [1, 2, 5, 6, 7, 8, 9, 10]]",8,0.43514785170555115,128,learned,0.0,14336,4.0,124,0.45675423741340637,37,32 72 80 16,3565,0.8453804850578308,test,top_r_mean,0.0,0.0,0.75,0.75
0.035904628330995794,0.0,112,0.0,31,80.36609995178878,qasper,0.5714285714285714,0.0,0.0,0.0,1605.03481:b85fc420eb2f77f6f14f375cc1fcc5155eb5c0a8,mean,0.6608751608751608,0.0094840619713068,"[[0, 1, 3, 4, 7, 8, 9, 13], [0, 3, 4, 6, 8, 17, 22, 23], [3, 4, 5, 6, 9, 14, 20, 22], [1, 2, 3, 5, 6, 8, 9, 10], [2, 5, 6, 7, 10, 17, 18, 23], [3, 5, 6, 9, 11, 12, 17, 21], [1, 5, 6, 7, 9, 14, 18, 31], [1, 2, 3, 6, 8, 10, 22, 24], [0, 1, 2, 4, 10, 11, 22, 31], [0, 1, 7, 9, 17, 24, 27, 28], [0, 1, 4, 7, 13, 14, 21, 31], [2, 5, 9, 12, 13, 15, 18, 20], [1, 4, 10, 11, 14, 16, 21, 22], [0, 2, 4, 6, 11, 26, 29, 31], [0, 1, 3, 4, 11, 13, 14, 24], [0, 5, 6, 10, 15, 18, 19, 26], [0, 1, 2, 3, 6, 9, 27, 28], [1, 2, 3, 4, 6, 7, 28, 31], [6, 7, 8, 9, 10, 11, 27, 31], [0, 2, 6, 7, 17, 19, 25, 31], [0, 4, 5, 6, 10, 19, 20, 23], [3, 5, 10, 11, 12, 14, 17, 19], [0, 4, 5, 8, 9, 11, 16, 27], [1, 7, 10, 13, 16, 17, 19, 22], [0, 1, 11, 12, 13, 20, 21, 27], [2, 3, 4, 6, 8, 9, 19, 24], [0, 2, 3, 7, 10, 14, 15, 20], [0, 2, 3, 9, 11, 12, 13, 21], [2, 7, 9, 12, 14, 16, 21, 28], [1, 2, 4, 8, 9, 10, 15, 29], [3, 10, 11, 12, 14, 15, 21, 22], [9, 11, 12, 14, 18, 21, 22, 29], [0, 1, 4, 5, 6, 7, 13, 26], [1, 3, 4, 5, 11, 12, 16, 27], [1, 2, 6, 7, 10, 14, 17, 23], [0, 1, 3, 4, 7, 9, 10, 21], [0, 2, 5, 6, 10, 18, 30, 31], [5, 7, 8, 11, 13, 16, 18, 19], [2, 3, 4, 5, 7, 9, 21, 26], [0, 1, 4, 7, 12, 15, 16, 19], [0, 1, 2, 4, 19, 24, 29, 30], [1, 3, 4, 6, 8, 9, 13, 14], [1, 11, 12, 14, 15, 18, 20, 24], [2, 3, 4, 12, 15, 17, 19, 20], [0, 3, 4, 5, 6, 8, 11, 29], [1, 2, 12, 13, 20, 21, 26, 27], [1, 13, 17, 24, 26, 27, 28, 31], [1, 14, 15, 17, 20, 21, 25, 28], [0, 1, 6, 11, 13, 15, 25, 30], [1, 4, 5, 6, 9, 12, 14, 22], [4, 5, 9, 11, 14, 20, 24, 27], [1, 6, 7, 8, 12, 18, 20, 27], [0, 2, 3, 7, 8, 9, 10, 15], [2, 5, 14, 17, 25, 27, 28, 29], [1, 5, 6, 7, 8, 24, 26, 30], [0, 1, 2, 8, 9, 11, 28, 30], [0, 1, 2, 9, 13, 17, 18, 31], [2, 3, 4, 11, 13, 15, 19, 26], [0, 1, 6, 7, 8, 9, 10, 29], [1, 2, 3, 4, 9, 13, 14, 15], [2, 3, 5, 7, 16, 25, 28, 29], [1, 2, 4, 20, 26, 27, 29, 31], [0, 1, 3, 5, 6, 7, 10, 24], [4, 7, 9, 13, 14, 15, 16, 20], [0, 1, 6, 24, 25, 28, 30, 31], [1, 2, 3, 6, 10, 18, 25, 26], [2, 4, 6, 8, 19, 21, 25, 27], [3, 4, 5, 9, 10, 18, 20, 29], [2, 3, 5, 7, 8, 9, 13, 31], [1, 2, 15, 16, 23, 24, 27, 28], [0, 2, 4, 6, 12, 15, 22, 23], [1, 11, 12, 13, 20, 21, 22, 24], [0, 1, 2, 3, 4, 6, 7, 17], [3, 13, 18, 19, 22, 24, 25, 26], [0, 1, 3, 4, 5, 6, 8, 28], [1, 2, 4, 5, 7, 12, 14, 22], [1, 5, 7, 9, 12, 14, 15, 16], [0, 1, 2, 3, 4, 5, 20, 21], [2, 9, 12, 13, 14, 22, 25, 31], [0, 2, 3, 5, 8, 10, 13, 27], [0, 1, 2, 4, 7, 10, 27, 28], [0, 2, 3, 6, 9, 15, 17, 20], [0, 1, 2, 3, 5, 6, 18, 31], [0, 1, 7, 10, 11, 15, 25, 28], [7, 9, 10, 12, 20, 23, 25, 26], [1, 3, 4, 12, 13, 17, 21, 30], [2, 3, 4, 5, 12, 13, 18, 19], [0, 3, 6, 7, 9, 16, 21, 28], [0, 1, 2, 9, 10, 17, 20, 24], [0, 9, 10, 13, 18, 20, 21, 27], [1, 3, 4, 5, 17, 21, 29, 31], [1, 2, 4, 6, 7, 13, 18, 20], [1, 2, 3, 8, 9, 10, 12, 29], [0, 1, 2, 4, 6, 8, 12, 30], [3, 5, 6, 7, 14, 27, 30, 31], [0, 1, 2, 4, 5, 8, 11, 15], [0, 1, 2, 6, 9, 10, 13, 15], [9, 13, 14, 15, 18, 20, 26, 27], [1, 2, 3, 5, 6, 18, 20, 28], [0, 1, 2, 3, 4, 5, 6, 12], [1, 2, 4, 5, 6, 9, 10, 11], [4, 5, 7, 10, 12, 14, 20, 22], [0, 2, 3, 4, 7, 10, 12, 31], [2, 3, 8, 11, 12, 14, 24, 29], [0, 1, 3, 6, 9, 12, 13, 22], [0, 2, 3, 6, 7, 8, 11, 22], [1, 2, 5, 12, 18, 20, 22, 30], [1, 4, 5, 6, 8, 11, 17, 31], [1, 2, 3, 5, 11, 15, 16, 29], [1, 2, 4, 5, 7, 9, 14, 18], [6, 7, 13, 14, 15, 23, 30, 31], [1, 2, 5, 6, 7, 8, 9, 10]]",8,0.42681416869163513,128,learned,0.0,14336,4.0,124,0.44790130853652954,53,32 48 72 80,3565,0.8451754450798035,test,top_r_mean,0.0,0.0,0.75,0.625
0.035904628330995794,1.0,112,1.0,31,71.2786999065429,qasper,0.5714285714285714,0.25,0.14285714285714285,0.0,1605.03481:b85fc420eb2f77f6f14f375cc1fcc5155eb5c0a8,mean,0.6631274131274131,0.009506035596132278,"[[0, 3, 4, 6, 7, 9, 10, 13], [0, 3, 4, 6, 8, 17, 23, 28], [3, 4, 5, 6, 9, 14, 20, 22], [1, 2, 3, 5, 6, 8, 9, 10], [2, 4, 6, 7, 10, 17, 18, 23], [3, 5, 6, 9, 11, 12, 17, 21], [1, 5, 6, 7, 9, 14, 30, 31], [1, 2, 3, 6, 8, 10, 22, 24], [0, 1, 2, 4, 10, 11, 22, 31], [0, 1, 7, 9, 17, 27, 28, 31], [0, 1, 4, 7, 13, 14, 18, 31], [2, 5, 9, 12, 13, 15, 18, 20], [4, 10, 11, 14, 16, 19, 21, 22], [0, 2, 4, 6, 11, 26, 29, 31], [0, 1, 3, 4, 11, 13, 14, 24], [0, 5, 6, 10, 15, 19, 25, 26], [0, 1, 2, 3, 6, 9, 27, 28], [1, 2, 3, 4, 6, 7, 28, 31], [7, 8, 9, 10, 11, 13, 27, 31], [0, 2, 6, 7, 17, 19, 25, 31], [0, 2, 4, 5, 6, 10, 19, 20], [3, 5, 10, 11, 12, 14, 17, 19], [0, 4, 8, 9, 11, 16, 27, 30], [1, 7, 10, 13, 16, 17, 19, 22], [0, 11, 12, 13, 20, 21, 27, 29], [3, 4, 6, 8, 9, 19, 20, 22], [0, 2, 3, 7, 10, 14, 15, 20], [0, 2, 3, 9, 11, 12, 13, 21], [2, 9, 12, 14, 16, 21, 26, 28], [1, 2, 4, 8, 9, 10, 15, 29], [3, 10, 11, 12, 14, 15, 21, 22], [9, 11, 12, 14, 18, 22, 27, 29], [0, 1, 4, 5, 6, 7, 13, 26], [1, 3, 11, 12, 16, 22, 27, 31], [1, 2, 6, 7, 10, 14, 17, 23], [0, 1, 3, 4, 7, 9, 10, 21], [0, 2, 5, 6, 10, 18, 30, 31], [5, 7, 8, 11, 13, 16, 19, 31], [2, 3, 4, 5, 7, 9, 21, 26], [0, 1, 4, 7, 12, 16, 19, 25], [0, 1, 2, 19, 22, 29, 30, 31], [1, 3, 4, 6, 8, 9, 13, 14], [1, 11, 12, 14, 15, 18, 20, 24], [2, 3, 4, 12, 15, 17, 19, 20], [0, 3, 4, 5, 6, 8, 11, 29], [1, 2, 12, 13, 20, 21, 26, 27], [1, 9, 17, 24, 26, 27, 28, 31], [1, 14, 15, 17, 20, 21, 25, 28], [0, 6, 11, 13, 15, 19, 25, 30], [1, 4, 5, 6, 9, 12, 14, 21], [4, 5, 11, 14, 20, 24, 27, 29], [6, 12, 13, 15, 18, 20, 27, 29], [0, 3, 7, 8, 9, 10, 15, 29], [2, 5, 14, 17, 25, 28, 29, 30], [1, 6, 7, 8, 24, 26, 29, 30], [0, 1, 2, 8, 9, 11, 28, 30], [0, 1, 2, 9, 13, 17, 18, 31], [2, 3, 4, 11, 13, 15, 19, 26], [0, 1, 6, 7, 8, 9, 10, 29], [1, 2, 3, 9, 13, 14, 15, 31], [2, 3, 5, 7, 16, 25, 28, 29], [1, 2, 4, 13, 20, 26, 27, 29], [0, 1, 3, 5, 6, 7, 10, 24], [4, 7, 9, 13, 14, 15, 16, 20], [0, 6, 23, 24, 25, 28, 30, 31], [1, 2, 3, 10, 18, 23, 25, 26], [2, 4, 16, 19, 21, 22, 25, 27], [3, 4, 5, 9, 10, 18, 20, 29], [2, 3, 5, 7, 8, 9, 13, 31], [1, 2, 16, 23, 24, 27, 28, 30], [0, 4, 6, 12, 15, 22, 23, 25], [1, 6, 11, 12, 13, 20, 21, 24], [0, 1, 2, 3, 4, 6, 7, 17], [3, 13, 19, 20, 22, 24, 25, 26], [0, 1, 3, 4, 5, 6, 8, 28], [1, 2, 4, 5, 12, 14, 17, 22], [1, 5, 7, 9, 12, 14, 15, 16], [0, 1, 2, 3, 5, 16, 20, 21], [2, 9, 11, 13, 14, 22, 25, 31], [0, 2, 3, 5, 8, 10, 13, 27], [0, 1, 2, 4, 7, 10, 27, 28], [0, 2, 6, 9, 15, 17, 20, 27], [0, 1, 2, 3, 5, 6, 18, 31], [0, 1, 7, 10, 11, 13, 24, 25], [9, 10, 20, 23, 25, 26, 28, 31], [1, 4, 12, 13, 17, 20, 21, 30], [2, 3, 4, 5, 12, 13, 18, 19], [0, 3, 6, 9, 14, 16, 21, 28], [0, 1, 2, 9, 10, 17, 20, 24], [0, 9, 10, 12, 13, 18, 20, 29], [1, 3, 4, 5, 17, 21, 29, 31], [1, 2, 4, 6, 7, 13, 18, 20], [1, 2, 3, 8, 9, 10, 12, 29], [1, 2, 4, 8, 12, 20, 30, 31], [3, 5, 6, 14, 17, 27, 30, 31], [1, 2, 4, 5, 8, 11, 15, 18], [0, 1, 2, 6, 9, 10, 13, 15], [9, 13, 14, 15, 18, 20, 26, 27], [1, 2, 3, 6, 18, 20, 24, 28], [0, 1, 2, 3, 5, 6, 12, 14], [1, 2, 4, 5, 6, 9, 10, 11], [5, 7, 10, 12, 14, 20, 22, 25], [0, 2, 3, 4, 7, 10, 12, 31], [2, 3, 8, 11, 12, 14, 24, 29], [0, 3, 6, 8, 9, 12, 13, 22], [0, 2, 3, 6, 7, 8, 22, 23], [1, 2, 5, 11, 12, 18, 20, 30], [1, 4, 6, 8, 11, 14, 26, 31], [1, 2, 3, 5, 11, 14, 16, 29], [2, 4, 5, 7, 9, 14, 18, 30], [7, 13, 14, 15, 17, 23, 30, 31], [1, 2, 5, 6, 7, 8, 9, 10]]",8,0.42611008882522583,128,learned,0.25,14336,4.0,124,0.44836363196372986,71,32 48 72 0,3565,0.8490535020828247,test,top_r_mean,0.0,0.0,0.5,0.75
0.024859195960380658,1.0,161,1.0,31,100.75549990870059,qasper,0.3076923076923077,0.25,0.07692307692307693,0.0,2002.03407:10d450960907091f13e0be55f40bcb96f44dd074,mean,0.38835403726708073,1.1073638200759888,"[[0], [12], [1], [1], [3], [0], [0], [2], [0], [1], [7], [0], [2], [1], [1], [0], [0], [1], [1], [3], [0], [0], [2], [0], [0], [1], [2], [3], [1], [1], [1], [1], [0], [1], [1], [1], [1], [0], [5], [0], [0], [2], [1], [1], [0], [1], [2], [0], [0], [3], [0], [0], [1], [3], [2], [0], [0], [2], [0], [0], [0], [1], [1], [0], [0], [1], [5], [0], [2], [0], [2], [3], [0], [1], [0], [0], [0], [2], [0], [2], [0], [0], [3], [0], [1], [1], [1], [2], [0], [1], [0], [2], [1], [3], [0], [0], [0], [0], [1], [2], [0], [0], [1], [0], [0], [1], [0], [0], [5], [1], [0], [0], [0], [9], [1], [1], [0], [0], [1], [0], [0], [1], [1], [1], [1], [0], [1], [0], [0], [8], [0], [2], [5], [0], [0], [0], [0], [1], [0], [12], [1], [0], [1], [0], [0], [0], [2], [0], [3], [1], [1], [17], [0], [0], [10], [2], [1], [0], [3], [2], [0]]",1,0.9896070957183838,128,learned,0.3333333333333333,2576,4.0,124,1.188951849937439,11,88 72 0 16,5149,0.5448412895202637,test,top_r_mean,0.0,0.0,0.25,0.5
0.024859195960380658,1.0,161,1.0,31,106.26709996722639,qasper,0.3076923076923077,0.25,0.07692307692307693,0.0,2002.03407:10d450960907091f13e0be55f40bcb96f44dd074,mean,0.3736024844720497,1.1025230884552002,"[[0], [1], [1], [1], [6], [0], [0], [2], [0], [1], [7], [0], [2], [1], [1], [0], [0], [1], [1], [3], [0], [0], [2], [0], [0], [1], [2], [3], [1], [1], [2], [1], [0], [1], [0], [1], [1], [0], [5], [0], [0], [2], [1], [0], [0], [1], [2], [0], [0], [3], [0], [0], [1], [3], [2], [0], [0], [2], [0], [0], [0], [1], [1], [0], [0], [1], [5], [0], [1], [0], [2], [3], [0], [1], [0], [0], [0], [2], [0], [2], [0], [0], [2], [0], [1], [1], [1], [2], [0], [2], [0], [2], [1], [3], [0], [0], [0], [0], [1], [2], [0], [0], [1], [0], [0], [1], [1], [0], [5], [0], [2], [0], [0], [10], [1], [1], [0], [0], [1], [0], [0], [1], [1], [1], [1], [0], [0], [0], [0], [2], [0], [2], [1], [0], [0], [0], [0], [1], [0], [14], [1], [0], [1], [0], [0], [0], [2], [0], [3], [1], [1], [17], [0], [0], [8], [2], [1], [0], [3], [2], [0]]",1,0.9784550666809082,128,learned,0.3333333333333333,2576,4.0,124,1.1722853183746338,23,88 72 0 16,5149,0.5297072529792786,test,top_r_mean,0.0,0.0,0.25,0.5
0.024859195960380658,1.0,161,1.0,31,96.1175998672843,qasper,0.3076923076923077,0.25,0.07692307692307693,0.0,2002.03407:10d450960907091f13e0be55f40bcb96f44dd074,mean,0.3892857142857143,1.1231131553649902,"[[0], [1], [1], [1], [3], [0], [0], [2], [0], [1], [7], [0], [2], [1], [1], [0], [0], [1], [1], [3], [0], [0], [2], [0], [0], [1], [2], [3], [1], [0], [1], [1], [0], [1], [1], [1], [1], [0], [5], [0], [0], [2], [1], [0], [0], [1], [2], [0], [0], [1], [0], [0], [1], [2], [2], [0], [0], [1], [0], [0], [0], [1], [1], [0], [0], [1], [5], [0], [2], [0], [2], [3], [0], [1], [0], [0], [0], [2], [0], [2], [0], [0], [2], [0], [1], [1], [1], [2], [0], [1], [0], [2], [1], [3], [0], [0], [0], [0], [1], [2], [0], [0], [1], [0], [0], [1], [0], [0], [5], [0], [0], [0], [0], [9], [1], [1], [0], [0], [0], [0], [0], [1], [1], [1], [1], [0], [0], [0], [0], [2], [0], [1], [1], [0], [0], [0], [0], [1], [0], [12], [1], [0], [1], [0], [0], [0], [0], [0], [0], [1], [1], [1], [0], [0], [8], [2], [1], [0], [2], [2], [0]]",1,1.0135663747787476,128,learned,0.3333333333333333,2576,4.0,124,1.2082690000534058,37,88 72 0 16,5149,0.5462962985038757,test,top_r_mean,0.0,0.0,0.25,0.5
0.024859195960380658,1.0,161,1.0,31,101.51729988865554,qasper,0.3076923076923077,0.25,0.07692307692307693,0.0,2002.03407:10d450960907091f13e0be55f40bcb96f44dd074,mean,0.384472049689441,1.1186437606811523,"[[0], [1], [1], [1], [3], [0], [0], [2], [0], [1], [7], [0], [2], [1], [1], [0], [0], [1], [1], [3], [0], [0], [2], [0], [0], [1], [2], [3], [1], [1], [1], [1], [0], [1], [1], [1], [1], [0], [5], [0], [0], [2], [1], [1], [0], [1], [2], [0], [0], [3], [0], [0], [1], [3], [2], [0], [0], [1], [0], [0], [0], [1], [1], [0], [0], [1], [5], [0], [1], [0], [2], [3], [0], [1], [0], [0], [0], [2], [0], [2], [0], [0], [2], [0], [1], [0], [1], [2], [0], [1], [0], [2], [1], [3], [0], [0], [0], [0], [1], [2], [0], [0], [1], [0], [0], [1], [0], [0], [5], [1], [0], [0], [0], [9], [1], [1], [0], [0], [1], [0], [0], [1], [1], [1], [1], [0], [0], [0], [0], [2], [0], [1], [1], [0], [0], [0], [0], [1], [0], [12], [1], [0], [1], [0], [0], [0], [2], [0], [0], [1], [1], [1], [0], [0], [8], [2], [1], [0], [3], [2], [0]]",1,1.005365252494812,128,learned,0.3333333333333333,2576,4.0,124,1.199517011642456,53,88 72 0 16,5149,0.5408240556716919,test,top_r_mean,0.0,0.0,0.25,0.5
0.024859195960380658,1.0,161,1.0,31,136.12959999591112,qasper,0.3076923076923077,0.25,0.07692307692307693,0.0,2002.03407:10d450960907091f13e0be55f40bcb96f44dd074,mean,0.3718944099378882,1.10840904712677,"[[0], [1], [1], [1], [6], [0], [0], [2], [0], [1], [7], [0], [2], [1], [1], [0], [0], [1], [1], [3], [0], [0], [2], [0], [0], [1], [2], [3], [1], [1], [1], [1], [0], [1], [1], [1], [1], [0], [5], [0], [0], [2], [1], [1], [0], [1], [2], [0], [0], [3], [0], [0], [1], [3], [2], [0], [0], [2], [0], [0], [0], [1], [1], [0], [0], [1], [5], [0], [2], [0], [2], [3], [0], [1], [0], [0], [0], [2], [0], [2], [0], [0], [2], [0], [1], [0], [1], [2], [0], [2], [0], [2], [1], [3], [0], [0], [0], [0], [1], [2], [0], [0], [1], [0], [0], [1], [1], [0], [5], [1], [0], [0], [0], [10], [1], [1], [0], [0], [1], [0], [0], [1], [1], [1], [1], [0], [1], [0], [0], [2], [0], [1], [5], [0], [0], [0], [0], [1], [0], [12], [1], [0], [1], [0], [0], [0], [2], [0], [3], [1], [1], [0], [0], [0], [10], [2], [1], [0], [3], [2], [0]]",1,0.9863923192024231,128,learned,0.3333333333333333,2576,4.0,124,1.1837903261184692,71,88 72 0 16,5149,0.5251610279083252,test,top_r_mean,0.0,0.0,0.25,0.5
0.024859195960380658,0.0,161,0.0,31,99.88969983533025,qasper,0.3076923076923077,0.0,0.0,0.0,2002.03407:10d450960907091f13e0be55f40bcb96f44dd074,mean,0.4282608695652174,0.18180030584335327,"[[0, 2], [12, 13], [1, 2], [1, 6], [3, 6], [0, 2], [0, 1], [2, 3], [0, 1], [1, 2], [7, 9], [0, 1], [2, 3], [1, 3], [1, 2], [0, 1], [0, 1], [1, 2], [1, 3], [3, 4], [0, 2], [0, 2], [2, 4], [0, 2], [0, 1], [1, 3], [2, 3], [3, 4], [1, 7], [1, 3], [1, 6], [1, 2], [0, 1], [1, 6], [1, 2], [1, 2], [1, 2], [0, 1], [5, 6], [0, 2], [0, 1], [2, 8], [1, 3], [1, 2], [0, 1], [1, 5], [2, 3], [0, 1], [0, 1], [3, 8], [0, 2], [0, 3], [1, 2], [3, 4], [2, 3], [0, 1], [0, 1], [2, 7], [0, 4], [0, 1], [0, 2], [1, 2], [1, 4], [0, 1], [0, 1], [1, 3], [5, 6], [0, 1], [2, 5], [0, 1], [2, 4], [3, 5], [0, 1], [1, 2], [0, 1], [0, 1], [0, 2], [2, 4], [0, 1], [2, 8], [0, 1], [0, 3], [3, 6], [0, 1], [1, 4], [1, 7], [1, 2], [2, 3], [0, 1], [1, 3], [0, 1], [2, 4], [1, 3], [3, 7], [0, 1], [0, 2], [0, 1], [0, 1], [1, 2], [2, 3], [0, 5], [0, 1], [1, 2], [0, 1], [0, 1], [1, 3], [0, 1], [0, 1], [5, 11], [1, 2], [0, 4], [0, 1], [0, 1], [9, 11], [1, 2], [1, 3], [0, 2], [0, 1], [1, 2], [0, 3], [0, 1], [1, 3], [1, 2], [1, 3], [1, 2], [0, 1], [1, 2], [0, 1], [0, 1], [8, 9], [0, 1], [2, 5], [5, 7], [0, 6], [0, 1], [0, 1], [0, 1], [1, 7], [0, 1], [12, 14], [1, 2], [0, 2], [1, 4], [0, 1], [0, 1], [0, 4], [2, 3], [0, 1], [3, 4], [1, 2], [1, 3], [17, 21], [0, 1], [0, 1], [10, 15], [2, 5], [1, 2], [0, 1], [3, 4], [2, 3], [0, 1]]",2,0.7405017614364624,128,learned,0.0,5152,4.0,124,0.8045505881309509,11,80 64 128 120,5149,0.5829882621765137,test,top_r_mean,0.0,0.0,0.5,0.5
0.024859195960380658,0.0,161,0.0,31,110.97799986600876,qasper,0.3076923076923077,0.0,0.0,0.0,2002.03407:10d450960907091f13e0be55f40bcb96f44dd074,mean,0.4203416149068323,0.1821420043706894,"[[0, 2], [1, 12], [1, 2], [1, 3], [6, 8], [0, 2], [0, 1], [2, 7], [0, 2], [1, 2], [7, 9], [0, 1], [2, 3], [1, 2], [1, 2], [0, 1], [0, 1], [1, 2], [1, 3], [3, 4], [0, 2], [0, 1], [2, 4], [0, 2], [0, 3], [1, 3], [2, 3], [3, 6], [1, 6], [1, 3], [2, 6], [1, 2], [0, 1], [1, 6], [0, 1], [1, 2], [1, 2], [0, 1], [5, 6], [0, 2], [0, 1], [2, 8], [1, 3], [0, 1], [0, 1], [1, 5], [2, 3], [0, 1], [0, 1], [3, 8], [0, 2], [0, 1], [1, 2], [3, 4], [2, 3], [0, 1], [0, 1], [2, 7], [0, 4], [0, 1], [0, 2], [1, 2], [1, 4], [0, 1], [0, 1], [1, 3], [5, 6], [0, 1], [1, 3], [0, 1], [2, 4], [3, 5], [0, 1], [1, 2], [0, 1], [0, 1], [0, 2], [2, 4], [0, 1], [2, 4], [0, 1], [0, 3], [2, 3], [0, 1], [1, 2], [1, 7], [1, 2], [2, 3], [0, 1], [2, 3], [0, 1], [2, 4], [1, 2], [3, 7], [0, 1], [0, 2], [0, 1], [0, 1], [1, 2], [2, 3], [0, 3], [0, 1], [1, 2], [0, 5], [0, 1], [1, 3], [1, 2], [0, 1], [5, 11], [0, 1], [2, 4], [0, 1], [0, 1], [10, 11], [1, 2], [1, 3], [0, 2], [0, 1], [1, 2], [0, 1], [0, 1], [1, 4], [1, 2], [1, 3], [1, 2], [0, 1], [0, 1], [0, 1], [0, 1], [2, 8], [0, 1], [2, 4], [1, 5], [0, 1], [0, 1], [0, 1], [0, 1], [1, 7], [0, 1], [14, 15], [1, 2], [0, 4], [1, 4], [0, 1], [0, 1], [0, 5], [2, 3], [0, 1], [3, 4], [1, 2], [1, 3], [17, 18], [0, 1], [0, 1], [8, 10], [2, 5], [1, 2], [0, 1], [3, 4], [2, 3], [0, 1]]",2,0.7318770289421082,128,learned,0.0,5152,4.0,124,0.7938919067382812,23,80 64 128 120,5149,0.5767741799354553,test,top_r_mean,0.0,0.0,0.5,0.5
0.024859195960380658,0.0,161,0.0,31,108.02219994366169,qasper,0.3076923076923077,0.0,0.0,0.0,2002.03407:10d450960907091f13e0be55f40bcb96f44dd074,mean,0.43059006211180123,0.18787039816379547,"[[0, 1], [1, 12], [1, 2], [1, 3], [3, 5], [0, 2], [0, 1], [2, 3], [0, 1], [1, 2], [7, 9], [0, 1], [2, 3], [1, 3], [1, 2], [0, 1], [0, 1], [1, 2], [1, 3], [3, 4], [0, 2], [0, 1], [2, 4], [0, 2], [0, 1], [1, 3], [2, 3], [3, 4], [1, 7], [0, 1], [1, 6], [1, 2], [0, 1], [1, 2], [1, 2], [1, 2], [1, 2], [0, 1], [5, 6], [0, 2], [0, 1], [2, 8], [1, 3], [0, 1], [0, 1], [1, 2], [2, 3], [0, 1], [0, 1], [1, 3], [0, 2], [0, 1], [1, 2], [2, 3], [2, 3], [0, 1], [0, 1], [1, 2], [0, 4], [0, 1], [0, 1], [1, 2], [1, 4], [0, 1], [0, 1], [1, 3], [5, 6], [0, 1], [2, 3], [0, 1], [2, 4], [3, 5], [0, 1], [1, 2], [0, 1], [0, 1], [0, 2], [2, 4], [0, 1], [2, 3], [0, 1], [0, 3], [2, 3], [0, 1], [1, 2], [1, 2], [1, 2], [2, 3], [0, 1], [1, 2], [0, 1], [2, 4], [1, 2], [3, 7], [0, 1], [0, 2], [0, 1], [0, 1], [1, 2], [2, 3], [0, 5], [0, 1], [1, 2], [0, 1], [0, 1], [1, 3], [0, 1], [0, 1], [5, 10], [0, 1], [0, 4], [0, 1], [0, 1], [9, 11], [1, 2], [1, 3], [0, 2], [0, 1], [0, 1], [0, 3], [0, 1], [1, 3], [1, 2], [1, 3], [1, 2], [0, 1], [0, 1], [0, 1], [0, 1], [2, 8], [0, 1], [1, 2], [1, 5], [0, 5], [0, 1], [0, 1], [0, 1], [1, 7], [0, 1], [12, 14], [1, 2], [0, 2], [1, 3], [0, 1], [0, 1], [0, 4], [0, 2], [0, 1], [0, 3], [1, 2], [1, 3], [1, 17], [0, 1], [0, 1], [8, 10], [2, 5], [1, 2], [0, 1], [2, 3], [2, 3], [0, 1]]",2,0.7656148672103882,128,learned,0.0,5152,4.0,124,0.8362768888473511,37,80 64 128 120,5149,0.5860852003097534,test,top_r_mean,0.0,0.0,0.5,0.375
0.024859195960380658,0.0,161,0.0,31,102.45270002633333,qasper,0.3076923076923077,0.0,0.0,0.0,2002.03407:10d450960907091f13e0be55f40bcb96f44dd074,mean,0.42453416149068324,0.18180857598781586,"[[0, 1], [1, 12], [1, 2], [1, 3], [3, 6], [0, 2], [0, 1], [2, 3], [0, 1], [1, 2], [7, 9], [0, 1], [2, 3], [1, 3], [1, 2], [0, 1], [0, 1], [1, 2], [1, 3], [3, 4], [0, 2], [0, 1], [2, 4], [0, 2], [0, 1], [1, 3], [2, 3], [3, 4], [1, 7], [1, 2], [1, 6], [1, 2], [0, 1], [1, 2], [1, 2], [1, 2], [1, 2], [0, 1], [5, 6], [0, 2], [0, 1], [2, 8], [1, 3], [1, 2], [0, 1], [1, 2], [2, 3], [0, 1], [0, 1], [3, 8], [0, 2], [0, 3], [1, 2], [3, 4], [2, 3], [0, 1], [0, 1], [1, 2], [0, 4], [0, 1], [0, 1], [1, 2], [1, 4], [0, 1], [0, 1], [1, 3], [5, 6], [0, 1], [1, 2], [0, 1], [2, 4], [3, 5], [0, 1], [1, 2], [0, 1], [0, 1], [0, 2], [2, 4], [0, 1], [2, 4], [0, 1], [0, 3], [2, 3], [0, 1], [1, 2], [0, 1], [1, 2], [2, 3], [0, 1], [1, 3], [0, 1], [2, 4], [1, 2], [3, 7], [0, 1], [0, 2], [0, 1], [0, 1], [1, 2], [2, 3], [0, 5], [0, 1], [1, 2], [0, 1], [0, 1], [1, 3], [0, 1], [0, 1], [5, 10], [1, 2], [0, 4], [0, 1], [0, 1], [9, 11], [1, 2], [1, 3], [0, 1], [0, 1], [1, 2], [0, 1], [0, 1], [1, 3], [1, 2], [1, 3], [1, 2], [0, 1], [0, 1], [0, 1], [0, 1], [2, 8], [0, 1], [1, 2], [1, 5], [0, 1], [0, 1], [0, 1], [0, 1], [1, 7], [0, 1], [12, 14], [1, 2], [0, 2], [1, 3], [0, 1], [0, 1], [0, 4], [2, 3], [0, 1], [0, 3], [1, 2], [1, 3], [1, 17], [0, 1], [0, 1], [8, 10], [2, 5], [1, 2], [0, 1], [3, 4], [2, 3], [0, 1]]",2,0.7514750957489014,128,learned,0.0,5152,4.0,124,0.8151413798332214,53,80 64 128 120,5149,0.5826144218444824,test,top_r_mean,0.0,0.0,0.5,0.375
0.024859195960380658,0.0,161,0.0,31,104.22839992679656,qasper,0.3076923076923077,0.0,0.0,0.0,2002.03407:10d450960907091f13e0be55f40bcb96f44dd074,mean,0.4291925465838509,0.18388624489307404,"[[0, 2], [1, 12], [1, 2], [1, 3], [6, 8], [0, 2], [0, 1], [2, 7], [0, 2], [1, 2], [7, 9], [0, 1], [2, 3], [1, 3], [1, 2], [0, 1], [0, 1], [1, 2], [1, 3], [3, 4], [0, 2], [0, 1], [2, 4], [0, 2], [0, 3], [1, 3], [2, 3], [3, 5], [1, 7], [1, 3], [1, 6], [1, 2], [0, 1], [1, 2], [1, 2], [1, 2], [1, 2], [0, 1], [5, 6], [0, 2], [0, 1], [2, 8], [1, 3], [1, 2], [0, 1], [1, 5], [2, 3], [0, 1], [0, 1], [3, 8], [0, 2], [0, 3], [1, 2], [3, 4], [2, 3], [0, 1], [0, 1], [2, 7], [0, 4], [0, 1], [0, 2], [1, 2], [1, 4], [0, 1], [0, 1], [1, 3], [5, 6], [0, 1], [2, 3], [0, 1], [2, 4], [3, 5], [0, 1], [1, 2], [0, 1], [0, 1], [0, 2], [2, 4], [0, 1], [2, 4], [0, 1], [0, 3], [2, 3], [0, 1], [1, 4], [0, 1], [1, 2], [2, 3], [0, 1], [2, 3], [0, 1], [2, 4], [1, 3], [3, 7], [0, 1], [0, 2], [0, 1], [0, 1], [1, 2], [2, 3], [0, 5], [0, 1], [1, 2], [0, 1], [0, 1], [1, 3], [1, 2], [0, 1], [5, 11], [1, 2], [0, 4], [0, 1], [0, 1], [10, 11], [1, 2], [1, 3], [0, 1], [0, 1], [1, 2], [0, 3], [0, 1], [1, 3], [1, 2], [1, 3], [1, 2], [0, 1], [1, 2], [0, 1], [0, 1], [2, 8], [0, 1], [1, 2], [5, 7], [0, 1], [0, 1], [0, 1], [0, 1], [1, 7], [0, 1], [12, 14], [1, 2], [0, 2], [1, 4], [0, 1], [0, 1], [0, 4], [2, 3], [0, 1], [3, 4], [1, 2], [1, 3], [0, 1], [0, 1], [0, 1], [10, 12], [2, 5], [1, 2], [0, 1], [3, 4], [2, 3], [0, 1]]",2,0.7364979386329651,128,learned,0.0,5152,4.0,124,0.8006026148796082,71,80 64 128 120,5149,0.5856826305389404,test,top_r_mean,0.0,0.0,0.5,0.5
0.024859195960380658,0.0,161,0.0,31,100.46279989182949,qasper,0.3076923076923077,0.0,0.0,0.0,2002.03407:10d450960907091f13e0be55f40bcb96f44dd074,mean,0.4631987577639752,0.026056544855237007,"[[0, 2, 8, 10], [12, 13, 14, 15], [1, 2, 10, 11], [1, 6, 7, 9], [3, 6, 8, 11], [0, 2, 3, 4], [0, 1, 2, 4], [2, 3, 7, 9], [0, 1, 2, 8], [1, 2, 4, 7], [7, 9, 14, 15], [0, 1, 2, 3], [2, 3, 6, 15], [1, 3, 5, 6], [1, 2, 4, 6], [0, 1, 6, 7], [0, 1, 8, 10], [1, 2, 4, 6], [1, 3, 5, 8], [3, 4, 5, 6], [0, 2, 3, 6], [0, 2, 5, 7], [2, 4, 5, 6], [0, 2, 4, 8], [0, 1, 3, 5], [1, 3, 5, 8], [2, 3, 5, 10], [3, 4, 6, 9], [1, 7, 8, 9], [1, 3, 4, 7], [1, 6, 7, 8], [1, 2, 8, 19], [0, 1, 4, 5], [1, 6, 8, 9], [1, 2, 5, 6], [1, 2, 3, 4], [1, 2, 4, 12], [0, 1, 2, 3], [5, 6, 16, 17], [0, 2, 3, 4], [0, 1, 3, 5], [2, 8, 9, 12], [1, 3, 5, 6], [1, 2, 4, 6], [0, 1, 3, 4], [1, 5, 10, 11], [2, 3, 4, 5], [0, 1, 2, 6], [0, 1, 4, 7], [3, 8, 16, 19], [0, 2, 3, 6], [0, 3, 5, 7], [1, 2, 3, 5], [3, 4, 5, 6], [2, 3, 5, 7], [0, 1, 3, 4], [0, 1, 4, 7], [2, 7, 8, 9], [0, 4, 6, 7], [0, 1, 2, 7], [0, 2, 3, 12], [1, 2, 4, 8], [1, 4, 5, 6], [0, 1, 2, 10], [0, 1, 4, 8], [1, 3, 4, 5], [5, 6, 7, 8], [0, 1, 3, 4], [2, 5, 6, 10], [0, 1, 12, 17], [2, 4, 5, 8], [3, 5, 6, 10], [0, 1, 3, 4], [1, 2, 6, 7], [0, 1, 3, 4], [0, 1, 2, 6], [0, 2, 8, 12], [2, 4, 5, 6], [0, 1, 3, 11], [2, 8, 9, 12], [0, 1, 2, 3], [0, 3, 4, 6], [3, 6, 8, 9], [0, 1, 9, 10], [1, 4, 7, 10], [1, 7, 8, 13], [1, 2, 4, 7], [2, 3, 8, 9], [0, 1, 6, 16], [1, 3, 5, 8], [0, 1, 2, 3], [2, 4, 5, 7], [1, 3, 4, 7], [3, 7, 10, 11], [0, 1, 3, 7], [0, 2, 4, 6], [0, 1, 4, 10], [0, 1, 3, 4], [1, 2, 3, 4], [2, 3, 4, 5], [0, 5, 6, 8], [0, 1, 2, 6], [1, 2, 3, 5], [0, 1, 5, 6], [0, 1, 7, 8], [1, 3, 5, 6], [0, 1, 2, 11], [0, 1, 4, 9], [5, 11, 12, 14], [1, 2, 3, 4], [0, 4, 5, 12], [0, 1, 4, 5], [0, 1, 2, 4], [9, 11, 12, 16], [1, 2, 3, 6], [1, 3, 6, 7], [0, 2, 4, 5], [0, 1, 2, 6], [1, 2, 5, 6], [0, 3, 5, 11], [0, 1, 3, 9], [1, 3, 4, 5], [1, 2, 3, 4], [1, 3, 4, 5], [1, 2, 3, 5], [0, 1, 7, 8], [1, 2, 4, 7], [0, 1, 4, 5], [0, 1, 2, 4], [8, 9, 10, 12], [0, 1, 2, 5], [2, 5, 7, 8], [5, 7, 9, 14], [0, 6, 7, 8], [0, 1, 2, 7], [0, 1, 2, 4], [0, 1, 2, 3], [1, 7, 13, 14], [0, 1, 2, 3], [12, 14, 15, 18], [1, 2, 5, 10], [0, 2, 4, 5], [1, 4, 5, 6], [0, 1, 6, 12], [0, 1, 3, 6], [0, 4, 5, 8], [2, 3, 5, 6], [0, 1, 2, 6], [3, 4, 6, 11], [1, 2, 3, 4], [1, 3, 4, 5], [17, 21, 22, 23], [0, 1, 2, 4], [0, 1, 4, 5], [10, 15, 17, 18], [2, 5, 6, 7], [1, 2, 6, 7], [0, 1, 5, 10], [3, 4, 7, 8], [2, 3, 4, 5], [0, 1, 2, 3]]",4,0.8145984411239624,128,learned,0.0,10304,4.0,124,0.8443498611450195,11,64 80 128 120,5149,0.6210116147994995,test,top_r_mean,0.0,0.0,0.5,0.5
0.024859195960380658,0.0,161,0.0,31,115.30079995281994,qasper,0.3076923076923077,0.0,0.0,0.0,2002.03407:10d450960907091f13e0be55f40bcb96f44dd074,mean,0.4611801242236025,0.024204043671488762,"[[0, 2, 8, 10], [1, 12, 13, 14], [1, 2, 10, 11], [1, 3, 6, 9], [6, 8, 11, 12], [0, 2, 3, 4], [0, 1, 2, 4], [2, 7, 9, 14], [0, 2, 6, 8], [1, 2, 4, 7], [7, 9, 11, 14], [0, 1, 2, 3], [2, 3, 6, 12], [1, 2, 3, 6], [1, 2, 4, 6], [0, 1, 6, 7], [0, 1, 3, 8], [1, 2, 3, 4], [1, 3, 5, 8], [3, 4, 5, 6], [0, 2, 3, 5], [0, 1, 2, 5], [2, 4, 5, 6], [0, 2, 4, 8], [0, 3, 5, 7], [1, 3, 8, 9], [2, 3, 5, 17], [3, 6, 9, 13], [1, 6, 7, 8], [1, 3, 4, 7], [2, 6, 7, 8], [1, 2, 8, 19], [0, 1, 4, 5], [1, 6, 8, 9], [0, 1, 2, 5], [1, 2, 3, 4], [1, 2, 4, 14], [0, 1, 2, 3], [5, 6, 16, 17], [0, 2, 3, 4], [0, 1, 3, 5], [2, 8, 12, 20], [1, 3, 5, 6], [0, 1, 2, 4], [0, 1, 3, 4], [1, 5, 10, 11], [2, 3, 4, 5], [0, 1, 2, 5], [0, 1, 6, 7], [3, 8, 16, 18], [0, 2, 3, 7], [0, 1, 3, 5], [1, 2, 3, 5], [3, 4, 5, 9], [2, 3, 5, 7], [0, 1, 3, 4], [0, 1, 4, 7], [2, 7, 8, 9], [0, 4, 6, 7], [0, 1, 2, 7], [0, 2, 3, 12], [1, 2, 4, 10], [1, 4, 5, 6], [0, 1, 2, 9], [0, 1, 4, 5], [1, 3, 4, 5], [5, 6, 7, 8], [0, 1, 3, 4], [1, 3, 5, 6], [0, 1, 12, 17], [2, 4, 5, 8], [3, 5, 6, 10], [0, 1, 3, 4], [1, 2, 4, 6], [0, 1, 3, 4], [0, 1, 2, 3], [0, 2, 12, 16], [2, 4, 5, 6], [0, 1, 3, 11], [2, 4, 8, 9], [0, 1, 2, 3], [0, 3, 4, 6], [2, 3, 6, 8], [0, 1, 7, 9], [1, 2, 3, 4], [1, 7, 8, 13], [1, 2, 4, 7], [2, 3, 8, 9], [0, 1, 5, 16], [2, 3, 5, 7], [0, 1, 2, 3], [2, 4, 5, 7], [1, 2, 3, 4], [3, 7, 10, 11], [0, 1, 3, 7], [0, 2, 4, 6], [0, 1, 4, 8], [0, 1, 3, 7], [1, 2, 3, 4], [2, 3, 4, 5], [0, 3, 6, 8], [0, 1, 2, 6], [1, 2, 3, 8], [0, 5, 6, 7], [0, 1, 7, 8], [1, 3, 5, 6], [1, 2, 11, 12], [0, 1, 4, 8], [5, 11, 12, 14], [0, 1, 2, 3], [2, 4, 5, 12], [0, 1, 4, 5], [0, 1, 2, 4], [10, 11, 12, 16], [1, 2, 3, 6], [1, 3, 6, 7], [0, 2, 4, 5], [0, 1, 2, 6], [1, 2, 5, 6], [0, 1, 3, 5], [0, 1, 3, 4], [1, 4, 5, 8], [1, 2, 3, 4], [1, 3, 4, 5], [1, 2, 3, 5], [0, 1, 7, 8], [0, 1, 2, 4], [0, 1, 4, 5], [0, 1, 4, 12], [2, 8, 10, 12], [0, 1, 2, 5], [2, 4, 5, 8], [1, 5, 7, 9], [0, 1, 7, 8], [0, 1, 2, 7], [0, 1, 2, 4], [0, 1, 2, 3], [1, 7, 13, 14], [0, 1, 2, 3], [14, 15, 16, 18], [1, 2, 5, 10], [0, 4, 5, 6], [1, 4, 5, 6], [0, 1, 6, 12], [0, 1, 3, 6], [0, 5, 8, 12], [2, 3, 5, 6], [0, 1, 2, 6], [3, 4, 6, 11], [1, 2, 3, 4], [1, 3, 4, 5], [17, 18, 21, 22], [0, 1, 2, 4], [0, 1, 4, 5], [8, 10, 12, 18], [2, 5, 6, 7], [1, 2, 3, 6], [0, 1, 5, 14], [3, 4, 7, 8], [2, 3, 4, 5], [0, 1, 2, 3]]",4,0.7992828488349915,128,learned,0.0,10304,4.0,124,0.8283794522285461,23,64 128 80 16,5149,0.6197463870048523,test,top_r_mean,0.0,0.5,0.5,0.5
0.024859195960380658,0.0,161,0.0,31,104.62060011923313,qasper,0.3076923076923077,0.0,0.0,0.0,2002.03407:10d450960907091f13e0be55f40bcb96f44dd074,mean,0.47329192546583854,0.028215844184160233,"[[0, 1, 2, 8], [1, 12, 13, 14], [1, 2, 10, 11], [1, 3, 6, 9], [3, 5, 6, 8], [0, 2, 3, 4], [0, 1, 2, 4], [2, 3, 7, 9], [0, 1, 2, 6], [1, 2, 3, 4], [7, 9, 14, 15], [0, 1, 2, 3], [2, 3, 6, 12], [1, 3, 5, 6], [1, 2, 4, 6], [0, 1, 6, 7], [0, 1, 3, 9], [1, 2, 4, 6], [1, 3, 4, 5], [3, 4, 5, 6], [0, 2, 3, 6], [0, 1, 2, 5], [2, 4, 5, 6], [0, 2, 4, 8], [0, 1, 3, 5], [1, 3, 5, 8], [2, 3, 5, 17], [3, 4, 6, 9], [1, 7, 8, 9], [0, 1, 3, 4], [1, 6, 7, 8], [1, 2, 8, 19], [0, 1, 4, 5], [1, 2, 6, 8], [1, 2, 5, 6], [1, 2, 3, 4], [1, 2, 4, 13], [0, 1, 2, 3], [5, 6, 16, 17], [0, 2, 3, 4], [0, 1, 3, 4], [2, 8, 12, 20], [1, 3, 5, 6], [0, 1, 2, 4], [0, 1, 3, 4], [1, 2, 5, 10], [2, 3, 4, 5], [0, 1, 2, 6], [0, 1, 4, 7], [1, 3, 8, 16], [0, 2, 3, 6], [0, 1, 3, 5], [1, 2, 3, 5], [2, 3, 4, 5], [2, 3, 5, 7], [0, 1, 3, 4], [0, 1, 4, 5], [1, 2, 7, 8], [0, 4, 6, 7], [0, 1, 2, 7], [0, 1, 2, 3], [1, 2, 4, 10], [1, 4, 5, 6], [0, 1, 2, 9], [0, 1, 4, 8], [1, 3, 4, 5], [5, 6, 7, 8], [0, 1, 3, 4], [2, 3, 5, 6], [0, 1, 5, 12], [2, 4, 5, 8], [3, 5, 6, 8], [0, 1, 3, 4], [1, 2, 4, 6], [0, 1, 3, 4], [0, 1, 2, 3], [0, 2, 8, 12], [2, 4, 5, 6], [0, 1, 3, 4], [2, 3, 4, 8], [0, 1, 2, 3], [0, 3, 4, 6], [2, 3, 6, 8], [0, 1, 9, 10], [1, 2, 4, 7], [1, 2, 7, 8], [1, 2, 4, 7], [2, 3, 8, 9], [0, 1, 5, 6], [1, 2, 3, 5], [0, 1, 2, 3], [2, 4, 5, 7], [1, 2, 3, 4], [3, 7, 10, 11], [0, 1, 3, 7], [0, 2, 4, 6], [0, 1, 4, 10], [0, 1, 3, 5], [1, 2, 3, 4], [2, 3, 4, 5], [0, 5, 6, 8], [0, 1, 2, 6], [1, 2, 3, 5], [0, 1, 5, 6], [0, 1, 3, 7], [1, 3, 5, 6], [0, 1, 2, 11], [0, 1, 4, 8], [5, 10, 11, 12], [0, 1, 2, 3], [0, 4, 5, 12], [0, 1, 4, 5], [0, 1, 2, 4], [9, 11, 12, 16], [1, 2, 3, 6], [1, 3, 6, 7], [0, 2, 3, 4], [0, 1, 2, 5], [0, 1, 2, 5], [0, 3, 5, 11], [0, 1, 3, 4], [1, 3, 4, 5], [1, 2, 3, 6], [1, 3, 4, 5], [1, 2, 3, 5], [0, 1, 6, 7], [0, 1, 2, 4], [0, 1, 4, 5], [0, 1, 2, 4], [2, 8, 10, 12], [0, 1, 2, 5], [1, 2, 5, 8], [1, 5, 7, 9], [0, 5, 6, 7], [0, 1, 2, 4], [0, 1, 2, 4], [0, 1, 2, 3], [1, 7, 13, 14], [0, 1, 2, 3], [12, 14, 15, 18], [1, 2, 5, 10], [0, 2, 4, 5], [1, 3, 4, 5], [0, 1, 6, 8], [0, 1, 3, 6], [0, 4, 5, 6], [0, 2, 3, 5], [0, 1, 2, 6], [0, 3, 4, 6], [1, 2, 3, 4], [1, 3, 4, 5], [1, 17, 18, 21], [0, 1, 2, 4], [0, 1, 4, 5], [8, 10, 17, 18], [2, 5, 6, 7], [1, 2, 3, 6], [0, 1, 5, 10], [2, 3, 4, 7], [2, 3, 4, 5], [0, 1, 2, 3]]",4,0.8202197551727295,128,learned,0.0,10304,4.0,124,0.8520289063453674,37,64 80 128 136,5149,0.6379140615463257,test,top_r_mean,0.0,0.0,0.5,0.5
0.024859195960380658,0.0,161,0.0,31,101.55729996040463,qasper,0.3076923076923077,0.0,0.0,0.0,2002.03407:10d450960907091f13e0be55f40bcb96f44dd074,mean,0.472360248447205,0.026324238628149033,"[[0, 1, 2, 8], [1, 12, 13, 14], [1, 2, 10, 11], [1, 3, 6, 9], [3, 6, 8, 11], [0, 2, 3, 4], [0, 1, 2, 4], [2, 3, 7, 9], [0, 1, 2, 8], [1, 2, 3, 4], [7, 9, 14, 15], [0, 1, 2, 3], [2, 3, 6, 12], [1, 3, 5, 6], [1, 2, 4, 6], [0, 1, 6, 7], [0, 1, 8, 10], [1, 2, 4, 6], [1, 3, 4, 5], [3, 4, 5, 6], [0, 2, 3, 6], [0, 1, 2, 4], [2, 4, 5, 6], [0, 2, 4, 8], [0, 1, 3, 5], [1, 3, 5, 8], [2, 3, 5, 17], [3, 4, 6, 9], [1, 7, 8, 9], [1, 2, 3, 4], [1, 6, 7, 8], [1, 2, 8, 19], [0, 1, 4, 5], [1, 2, 6, 8], [1, 2, 5, 6], [1, 2, 3, 4], [1, 2, 4, 6], [0, 1, 2, 3], [5, 6, 16, 17], [0, 2, 3, 4], [0, 1, 3, 5], [2, 8, 9, 12], [1, 3, 5, 6], [1, 2, 4, 6], [0, 1, 3, 4], [1, 2, 5, 10], [2, 3, 4, 5], [0, 1, 2, 6], [0, 1, 4, 7], [3, 8, 16, 19], [0, 2, 3, 6], [0, 3, 5, 7], [1, 2, 3, 5], [3, 4, 5, 6], [2, 3, 5, 7], [0, 1, 3, 4], [0, 1, 4, 5], [1, 2, 7, 8], [0, 4, 6, 7], [0, 1, 2, 7], [0, 1, 2, 3], [1, 2, 4, 8], [1, 4, 5, 6], [0, 1, 2, 10], [0, 1, 4, 8], [1, 3, 4, 5], [5, 6, 7, 8], [0, 1, 3, 4], [1, 2, 5, 6], [0, 1, 5, 12], [2, 4, 5, 8], [3, 5, 6, 10], [0, 1, 3, 4], [1, 2, 6, 7], [0, 1, 3, 4], [0, 1, 2, 6], [0, 2, 8, 12], [2, 4, 5, 6], [0, 1, 3, 4], [2, 4, 8, 9], [0, 1, 2, 3], [0, 3, 4, 6], [2, 3, 6, 8], [0, 1, 9, 10], [1, 2, 4, 7], [0, 1, 7, 8], [1, 2, 4, 7], [2, 3, 8, 9], [0, 1, 5, 6], [1, 3, 5, 8], [0, 1, 2, 3], [2, 4, 5, 7], [1, 2, 3, 4], [3, 7, 10, 11], [0, 1, 3, 7], [0, 2, 4, 6], [0, 1, 4, 10], [0, 1, 3, 5], [1, 2, 3, 4], [2, 3, 4, 5], [0, 5, 6, 8], [0, 1, 2, 6], [1, 2, 3, 5], [0, 1, 5, 6], [0, 1, 3, 7], [1, 3, 5, 6], [0, 1, 2, 11], [0, 1, 4, 8], [5, 10, 11, 12], [1, 2, 3, 4], [0, 4, 5, 12], [0, 1, 4, 5], [0, 1, 2, 4], [9, 11, 12, 16], [1, 2, 3, 6], [1, 3, 6, 7], [0, 1, 2, 3], [0, 1, 2, 6], [1, 2, 5, 6], [0, 1, 3, 5], [0, 1, 3, 4], [1, 3, 4, 5], [1, 2, 3, 4], [1, 3, 4, 5], [1, 2, 3, 5], [0, 1, 7, 8], [0, 1, 2, 4], [0, 1, 4, 5], [0, 1, 2, 4], [2, 8, 10, 12], [0, 1, 2, 5], [1, 2, 5, 8], [1, 5, 7, 9], [0, 1, 5, 7], [0, 1, 2, 4], [0, 1, 2, 4], [0, 1, 2, 3], [1, 7, 13, 14], [0, 1, 2, 3], [12, 14, 15, 18], [1, 2, 5, 8], [0, 2, 4, 5], [1, 3, 4, 5], [0, 1, 6, 18], [0, 1, 3, 6], [0, 4, 5, 8], [2, 3, 5, 6], [0, 1, 2, 6], [0, 3, 4, 6], [1, 2, 3, 4], [1, 3, 4, 5], [1, 17, 21, 22], [0, 1, 2, 6], [0, 1, 4, 5], [8, 10, 15, 17], [2, 5, 6, 7], [1, 2, 3, 6], [0, 1, 5, 10], [3, 4, 5, 7], [2, 3, 4, 5], [0, 1, 2, 3]]",4,0.8187438249588013,128,learned,0.0,10304,4.0,124,0.847607433795929,53,64 80 128 136,5149,0.6378076672554016,test,top_r_mean,0.0,0.0,0.5,0.375
0.024859195960380658,0.0,161,0.0,31,120.53969991393387,qasper,0.3076923076923077,0.0,0.0,0.0,2002.03407:10d450960907091f13e0be55f40bcb96f44dd074,mean,0.462111801242236,0.024851590394973755,"[[0, 2, 8, 10], [1, 12, 13, 14], [1, 2, 10, 11], [1, 3, 6, 9], [6, 8, 11, 12], [0, 2, 3, 4], [0, 1, 2, 4], [2, 7, 9, 14], [0, 2, 6, 8], [1, 2, 3, 4], [7, 9, 14, 15], [0, 1, 2, 3], [2, 3, 6, 7], [1, 3, 6, 9], [1, 2, 4, 6], [0, 1, 6, 7], [0, 1, 8, 10], [1, 2, 4, 6], [1, 3, 5, 8], [3, 4, 5, 6], [0, 2, 3, 6], [0, 1, 2, 4], [2, 4, 5, 6], [0, 2, 4, 8], [0, 3, 5, 7], [1, 3, 8, 9], [2, 3, 5, 17], [3, 5, 9, 13], [1, 7, 8, 9], [1, 3, 4, 7], [1, 6, 7, 8], [1, 2, 8, 19], [0, 1, 4, 6], [1, 2, 6, 8], [1, 2, 5, 6], [1, 2, 3, 4], [1, 2, 4, 13], [0, 1, 2, 3], [5, 6, 9, 16], [0, 2, 3, 4], [0, 1, 3, 5], [2, 8, 12, 20], [1, 3, 5, 6], [1, 2, 6, 7], [0, 1, 3, 4], [1, 5, 10, 11], [2, 3, 4, 5], [0, 1, 2, 6], [0, 1, 7, 9], [3, 8, 18, 19], [0, 2, 3, 6], [0, 3, 5, 7], [1, 2, 3, 5], [3, 4, 5, 6], [2, 3, 5, 7], [0, 1, 3, 4], [0, 1, 4, 5], [2, 7, 8, 9], [0, 4, 6, 7], [0, 1, 2, 7], [0, 2, 3, 12], [1, 2, 4, 10], [1, 4, 5, 6], [0, 1, 2, 10], [0, 1, 8, 11], [1, 3, 4, 5], [5, 6, 7, 8], [0, 1, 3, 4], [2, 3, 5, 6], [0, 1, 5, 12], [2, 4, 5, 8], [3, 5, 6, 10], [0, 1, 3, 4], [1, 2, 6, 7], [0, 1, 3, 4], [0, 1, 2, 6], [0, 2, 8, 10], [2, 4, 5, 6], [0, 1, 3, 11], [2, 4, 8, 9], [0, 1, 2, 3], [0, 3, 6, 10], [2, 3, 6, 8], [0, 1, 7, 9], [1, 4, 7, 10], [0, 1, 7, 8], [1, 2, 4, 7], [2, 3, 8, 9], [0, 1, 5, 6], [2, 3, 5, 7], [0, 1, 2, 3], [2, 4, 5, 7], [1, 3, 4, 7], [3, 7, 10, 11], [0, 1, 3, 7], [0, 2, 4, 6], [0, 1, 4, 10], [0, 1, 3, 5], [1, 2, 3, 4], [2, 3, 4, 5], [0, 5, 6, 8], [0, 1, 2, 6], [1, 2, 3, 8], [0, 1, 5, 6], [0, 1, 3, 8], [1, 3, 6, 7], [1, 2, 11, 12], [0, 1, 4, 8], [5, 11, 12, 14], [1, 2, 3, 4], [0, 4, 5, 12], [0, 1, 4, 5], [0, 1, 4, 5], [10, 11, 12, 16], [1, 2, 3, 6], [1, 3, 6, 7], [0, 1, 2, 4], [0, 1, 2, 6], [1, 2, 5, 6], [0, 3, 5, 11], [0, 1, 3, 8], [1, 3, 4, 5], [1, 2, 3, 6], [1, 3, 4, 5], [1, 2, 3, 5], [0, 1, 7, 8], [1, 2, 4, 7], [0, 1, 4, 5], [0, 1, 2, 4], [2, 8, 10, 12], [0, 1, 2, 5], [1, 2, 5, 8], [5, 7, 9, 14], [0, 1, 7, 8], [0, 1, 2, 7], [0, 1, 2, 4], [0, 1, 2, 3], [1, 7, 13, 14], [0, 1, 2, 3], [12, 14, 15, 18], [1, 2, 5, 10], [0, 2, 4, 5], [1, 4, 5, 6], [0, 1, 6, 12], [0, 1, 6, 13], [0, 4, 5, 8], [2, 3, 5, 6], [0, 1, 2, 6], [3, 4, 6, 11], [1, 2, 3, 4], [1, 3, 4, 5], [0, 1, 21, 22], [0, 1, 2, 6], [0, 1, 4, 5], [10, 12, 17, 18], [2, 5, 6, 7], [1, 2, 6, 7], [0, 1, 5, 10], [3, 4, 7, 8], [2, 3, 4, 5], [0, 1, 2, 3]]",4,0.7987256050109863,128,learned,0.0,10304,4.0,124,0.8287708163261414,71,64 120 80 128,5149,0.6223429441452026,test,top_r_mean,0.0,0.0,0.5,0.5
0.024859195960380658,0.0,161,0.0,31,121.42480001784861,qasper,0.3076923076923077,0.0,0.0,0.0,2002.03407:10d450960907091f13e0be55f40bcb96f44dd074,mean,0.5942546583850932,0.009786883369088173,"[[0, 2, 8, 10, 11, 19, 20, 27], [12, 13, 14, 15, 16, 18, 22, 24], [1, 2, 10, 11, 12, 21, 29, 30], [1, 6, 7, 9, 10, 12, 16, 18], [3, 6, 8, 11, 12, 14, 15, 31], [0, 2, 3, 4, 5, 8, 9, 12], [0, 1, 2, 4, 16, 26, 27, 30], [2, 3, 7, 9, 14, 18, 19, 31], [0, 1, 2, 8, 10, 19, 20, 31], [1, 2, 4, 7, 8, 12, 13, 18], [7, 9, 14, 15, 18, 19, 27, 28], [0, 1, 2, 3, 4, 5, 7, 12], [2, 3, 6, 15, 18, 24, 30, 31], [1, 3, 5, 6, 9, 11, 14, 30], [1, 2, 4, 6, 7, 8, 11, 29], [0, 1, 6, 7, 18, 20, 24, 29], [0, 1, 8, 10, 11, 20, 27, 29], [1, 2, 4, 6, 8, 11, 27, 31], [1, 3, 5, 8, 13, 15, 17, 18], [3, 4, 5, 6, 7, 27, 30, 31], [0, 2, 3, 6, 7, 9, 19, 29], [0, 2, 5, 7, 8, 15, 17, 30], [2, 4, 5, 6, 10, 24, 28, 31], [0, 2, 4, 8, 9, 26, 30, 31], [0, 1, 3, 5, 7, 26, 29, 31], [1, 3, 5, 8, 10, 15, 19, 27], [2, 3, 5, 10, 17, 18, 24, 28], [3, 4, 6, 9, 12, 14, 16, 21], [1, 7, 8, 9, 13, 16, 19, 23], [1, 3, 4, 7, 9, 13, 15, 31], [1, 6, 7, 8, 10, 11, 14, 15], [1, 2, 8, 19, 21, 23, 26, 27], [0, 1, 4, 5, 6, 21, 24, 26], [1, 6, 8, 9, 12, 17, 23, 27], [1, 2, 5, 6, 8, 16, 25, 29], [1, 2, 3, 4, 8, 9, 11, 20], [1, 2, 4, 12, 14, 27, 29, 30], [0, 1, 2, 3, 5, 7, 10, 30], [5, 6, 16, 17, 20, 21, 24, 30], [0, 2, 3, 4, 19, 20, 21, 30], [0, 1, 3, 5, 6, 15, 26, 28], [2, 8, 9, 12, 16, 20, 21, 22], [1, 3, 5, 6, 9, 13, 16, 31], [1, 2, 4, 6, 7, 14, 19, 22], [0, 1, 3, 4, 5, 7, 8, 9], [1, 5, 10, 11, 12, 15, 18, 19], [2, 3, 4, 5, 7, 8, 11, 16], [0, 1, 2, 6, 9, 19, 20, 29], [0, 1, 4, 7, 11, 13, 14, 16], [3, 8, 16, 19, 21, 22, 26, 30], [0, 2, 3, 6, 7, 11, 12, 16], [0, 3, 5, 7, 8, 16, 18, 22], [1, 2, 3, 5, 9, 10, 11, 17], [3, 4, 5, 6, 9, 11, 13, 28], [2, 3, 5, 7, 10, 13, 17, 24], [0, 1, 3, 4, 8, 12, 26, 28], [0, 1, 4, 7, 8, 10, 21, 22], [2, 7, 8, 9, 16, 18, 20, 23], [0, 4, 6, 7, 11, 12, 23, 30], [0, 1, 2, 7, 12, 13, 24, 27], [0, 2, 3, 12, 13, 19, 27, 31], [1, 2, 4, 8, 10, 11, 17, 31], [1, 4, 5, 6, 7, 9, 10, 26], [0, 1, 2, 10, 12, 13, 17, 18], [0, 1, 4, 8, 11, 12, 18, 19], [1, 3, 4, 5, 6, 7, 19, 24], [5, 6, 7, 8, 10, 12, 13, 20], [0, 1, 3, 4, 5, 12, 13, 14], [2, 5, 6, 10, 13, 16, 20, 24], [0, 1, 12, 17, 18, 25, 29, 31], [2, 4, 5, 8, 9, 12, 13, 26], [3, 5, 6, 10, 12, 26, 27, 30], [0, 1, 3, 4, 5, 10, 23, 26], [1, 2, 6, 7, 8, 10, 17, 25], [0, 1, 3, 4, 11, 12, 15, 23], [0, 1, 2, 6, 8, 9, 11, 21], [0, 2, 8, 12, 16, 17, 27, 31], [2, 4, 5, 6, 7, 9, 14, 16], [0, 1, 3, 11, 13, 16, 18, 29], [2, 8, 9, 12, 18, 19, 30, 31], [0, 1, 2, 3, 4, 5, 17, 30], [0, 3, 4, 6, 10, 15, 22, 23], [3, 6, 8, 9, 11, 12, 26, 31], [0, 1, 9, 10, 11, 15, 27, 28], [1, 4, 7, 10, 11, 12, 16, 17], [1, 7, 8, 13, 14, 15, 21, 25], [1, 2, 4, 7, 11, 12, 13, 16], [2, 3, 8, 9, 10, 16, 22, 27], [0, 1, 6, 16, 22, 28, 29, 30], [1, 3, 5, 8, 10, 11, 16, 20], [0, 1, 2, 3, 4, 10, 18, 27], [2, 4, 5, 7, 11, 18, 26, 31], [1, 3, 4, 7, 8, 9, 13, 22], [3, 7, 10, 11, 13, 15, 16, 18], [0, 1, 3, 7, 8, 11, 13, 31], [0, 2, 4, 6, 22, 25, 27, 31], [0, 1, 4, 10, 11, 15, 16, 30], [0, 1, 3, 4, 5, 9, 10, 16], [1, 2, 3, 4, 5, 7, 9, 20], [2, 3, 4, 5, 6, 7, 9, 15], [0, 5, 6, 8, 13, 18, 23, 27], [0, 1, 2, 6, 7, 9, 21, 30], [1, 2, 3, 5, 8, 9, 14, 25], [0, 1, 5, 6, 7, 17, 27, 28], [0, 1, 7, 8, 11, 12, 14, 18], [1, 3, 5, 6, 7, 15, 25, 28], [0, 1, 2, 11, 12, 13, 18, 25], [0, 1, 4, 9, 13, 14, 17, 19], [5, 11, 12, 14, 15, 21, 22, 24], [1, 2, 3, 4, 9, 10, 12, 30], [0, 4, 5, 12, 19, 21, 28, 31], [0, 1, 4, 5, 8, 16, 26, 31], [0, 1, 2, 4, 5, 9, 22, 27], [9, 11, 12, 16, 17, 20, 28, 29], [1, 2, 3, 6, 7, 8, 11, 24], [1, 3, 6, 7, 8, 11, 24, 26], [0, 2, 4, 5, 7, 10, 22, 26], [0, 1, 2, 6, 7, 12, 22, 23], [1, 2, 5, 6, 7, 8, 13, 30], [0, 3, 5, 11, 21, 23, 25, 29], [0, 1, 3, 9, 14, 17, 19, 28], [1, 3, 4, 5, 8, 11, 12, 19], [1, 2, 3, 4, 6, 11, 18, 22], [1, 3, 4, 5, 6, 7, 11, 15], [1, 2, 3, 5, 6, 12, 18, 22], [0, 1, 7, 8, 10, 11, 19, 24], [1, 2, 4, 7, 8, 14, 16, 29], [0, 1, 4, 5, 6, 7, 14, 30], [0, 1, 2, 4, 12, 16, 17, 23], [8, 9, 10, 12, 16, 17, 18, 19], [0, 1, 2, 5, 8, 9, 11, 24], [2, 5, 7, 8, 10, 11, 12, 24], [5, 7, 9, 14, 15, 18, 19, 21], [0, 6, 7, 8, 9, 19, 24, 25], [0, 1, 2, 7, 8, 10, 11, 12], [0, 1, 2, 4, 8, 14, 17, 24], [0, 1, 2, 3, 25, 28, 30, 31], [1, 7, 13, 14, 15, 16, 18, 24], [0, 1, 2, 3, 5, 6, 7, 8], [12, 14, 15, 18, 20, 26, 30, 31], [1, 2, 5, 10, 15, 16, 23, 30], [0, 2, 4, 5, 6, 8, 16, 28], [1, 4, 5, 6, 9, 14, 15, 26], [0, 1, 6, 12, 18, 19, 21, 23], [0, 1, 3, 6, 9, 15, 21, 23], [0, 4, 5, 8, 12, 14, 23, 31], [2, 3, 5, 6, 7, 9, 11, 12], [0, 1, 2, 6, 7, 16, 18, 21], [3, 4, 6, 11, 12, 23, 26, 28], [1, 2, 3, 4, 5, 6, 13, 29], [1, 3, 4, 5, 6, 8, 21, 23], [17, 21, 22, 23, 28, 29, 30, 31], [0, 1, 2, 4, 6, 7, 8, 9], [0, 1, 4, 5, 8, 9, 13, 15], [10, 15, 17, 18, 19, 25, 27, 31], [2, 5, 6, 7, 11, 12, 26, 29], [1, 2, 6, 7, 8, 12, 25, 26], [0, 1, 5, 10, 14, 18, 19, 24], [3, 4, 7, 8, 12, 20, 22, 24], [2, 3, 4, 5, 14, 15, 16, 29], [0, 1, 2, 3, 5, 19, 22, 25]]",8,0.3912103474140167,128,learned,0.0,20608,4.0,124,0.41511714458465576,11,64 120 128 136,5149,0.767949104309082,test,top_r_mean,0.0,0.0,0.5,0.625
0.024859195960380658,0.0,161,0.0,31,118.80910000763834,qasper,0.3076923076923077,0.0,0.0,0.0,2002.03407:10d450960907091f13e0be55f40bcb96f44dd074,mean,0.6178571428571429,0.010112885385751724,"[[0, 2, 8, 10, 11, 20, 27, 30], [1, 12, 13, 14, 15, 16, 18, 24], [1, 2, 10, 11, 12, 21, 29, 30], [1, 3, 6, 9, 10, 12, 16, 18], [6, 8, 11, 12, 13, 14, 15, 31], [0, 2, 3, 4, 5, 8, 9, 12], [0, 1, 2, 4, 6, 15, 26, 27], [2, 7, 9, 14, 18, 19, 23, 31], [0, 2, 6, 8, 10, 19, 20, 31], [1, 2, 4, 7, 8, 12, 13, 18], [7, 9, 11, 14, 15, 18, 19, 28], [0, 1, 2, 3, 4, 5, 7, 12], [2, 3, 6, 12, 15, 24, 26, 31], [1, 2, 3, 6, 8, 11, 14, 30], [1, 2, 4, 6, 7, 8, 9, 30], [0, 1, 6, 7, 10, 15, 20, 29], [0, 1, 3, 8, 10, 11, 20, 29], [1, 2, 3, 4, 6, 8, 11, 27], [1, 3, 5, 8, 13, 15, 18, 28], [3, 4, 5, 6, 7, 27, 30, 31], [0, 2, 3, 5, 7, 9, 21, 29], [0, 1, 2, 5, 8, 12, 17, 30], [2, 4, 5, 6, 24, 27, 28, 31], [0, 2, 4, 8, 9, 26, 30, 31], [0, 3, 5, 7, 12, 13, 26, 31], [1, 3, 8, 9, 10, 15, 16, 19], [2, 3, 5, 17, 18, 27, 28, 30], [3, 6, 9, 13, 14, 16, 21, 26], [1, 6, 7, 8, 9, 12, 13, 19], [1, 3, 4, 7, 9, 13, 15, 31], [2, 6, 7, 8, 10, 11, 14, 15], [1, 2, 8, 19, 22, 23, 26, 27], [0, 1, 4, 5, 6, 16, 21, 26], [1, 6, 8, 9, 12, 15, 17, 23], [0, 1, 2, 5, 8, 16, 25, 29], [1, 2, 3, 4, 8, 9, 14, 20], [1, 2, 4, 14, 17, 26, 27, 30], [0, 1, 2, 3, 5, 7, 10, 15], [5, 6, 16, 17, 20, 21, 24, 30], [0, 2, 3, 4, 10, 19, 20, 21], [0, 1, 3, 5, 6, 15, 26, 28], [2, 8, 12, 20, 21, 22, 25, 31], [1, 3, 5, 6, 9, 13, 15, 31], [0, 1, 2, 4, 6, 7, 14, 19], [0, 1, 3, 4, 5, 7, 8, 9], [1, 5, 10, 11, 12, 13, 15, 19], [2, 3, 4, 5, 7, 10, 11, 16], [0, 1, 2, 5, 6, 9, 19, 29], [0, 1, 6, 7, 9, 11, 13, 21], [3, 8, 16, 18, 19, 21, 26, 30], [0, 2, 3, 7, 11, 12, 16, 24], [0, 1, 3, 5, 7, 8, 18, 22], [1, 2, 3, 5, 10, 11, 14, 17], [3, 4, 5, 9, 11, 13, 25, 28], [2, 3, 5, 7, 10, 13, 23, 24], [0, 1, 3, 4, 8, 12, 26, 28], [0, 1, 4, 7, 8, 14, 21, 22], [2, 7, 8, 9, 12, 16, 18, 23], [0, 4, 6, 7, 9, 11, 23, 26], [0, 1, 2, 7, 12, 13, 24, 27], [0, 2, 3, 12, 13, 19, 27, 31], [1, 2, 4, 10, 11, 17, 26, 31], [1, 4, 5, 6, 7, 9, 10, 26], [0, 1, 2, 9, 10, 13, 17, 18], [0, 1, 4, 5, 8, 11, 12, 19], [1, 3, 4, 5, 6, 7, 19, 24], [5, 6, 7, 8, 10, 12, 13, 20], [0, 1, 3, 4, 5, 10, 13, 14], [1, 3, 5, 6, 10, 13, 20, 24], [0, 1, 12, 17, 18, 25, 29, 31], [2, 4, 5, 8, 9, 12, 13, 26], [3, 5, 6, 10, 12, 26, 27, 30], [0, 1, 3, 4, 5, 10, 23, 26], [1, 2, 4, 6, 7, 8, 17, 25], [0, 1, 3, 4, 11, 12, 15, 23], [0, 1, 2, 3, 6, 8, 9, 11], [0, 2, 12, 16, 17, 27, 30, 31], [2, 4, 5, 6, 7, 14, 15, 16], [0, 1, 3, 11, 16, 18, 28, 29], [2, 4, 8, 9, 12, 18, 30, 31], [0, 1, 2, 3, 4, 5, 8, 17], [0, 3, 4, 6, 14, 15, 22, 23], [2, 3, 6, 8, 9, 11, 12, 31], [0, 1, 7, 9, 10, 11, 15, 28], [1, 2, 3, 4, 7, 10, 11, 17], [1, 7, 8, 13, 14, 15, 25, 28], [1, 2, 4, 7, 11, 13, 16, 22], [2, 3, 8, 9, 10, 22, 27, 29], [0, 1, 5, 16, 17, 22, 29, 30], [2, 3, 5, 7, 8, 10, 16, 20], [0, 1, 2, 3, 4, 12, 18, 22], [2, 4, 5, 7, 11, 13, 26, 31], [1, 2, 3, 4, 7, 8, 9, 13], [3, 7, 10, 11, 13, 15, 16, 18], [0, 1, 3, 7, 8, 11, 13, 31], [0, 2, 4, 6, 10, 22, 25, 31], [0, 1, 4, 8, 10, 15, 16, 30], [0, 1, 3, 7, 9, 10, 13, 16], [1, 2, 3, 4, 5, 9, 17, 20], [2, 3, 4, 5, 6, 7, 9, 15], [0, 3, 6, 8, 13, 14, 16, 23], [0, 1, 2, 6, 7, 12, 21, 30], [1, 2, 3, 8, 9, 14, 25, 27], [0, 5, 6, 7, 10, 27, 28, 29], [0, 1, 7, 8, 11, 14, 18, 31], [1, 3, 5, 6, 7, 15, 25, 28], [1, 2, 11, 12, 13, 15, 18, 25], [0, 1, 4, 8, 9, 13, 14, 19], [5, 11, 12, 14, 15, 22, 24, 26], [0, 1, 2, 3, 4, 8, 10, 12], [2, 4, 5, 12, 19, 21, 28, 31], [0, 1, 4, 5, 8, 16, 26, 31], [0, 1, 2, 4, 5, 9, 15, 22], [10, 11, 12, 16, 20, 25, 28, 29], [1, 2, 3, 6, 7, 8, 15, 24], [1, 3, 6, 7, 8, 9, 24, 26], [0, 2, 4, 5, 7, 9, 10, 22], [0, 1, 2, 6, 7, 12, 22, 23], [1, 2, 5, 6, 7, 8, 13, 14], [0, 1, 3, 5, 11, 21, 23, 29], [0, 1, 3, 4, 8, 9, 14, 28], [1, 4, 5, 8, 11, 12, 19, 25], [1, 2, 3, 4, 6, 11, 18, 22], [1, 3, 4, 5, 6, 7, 15, 17], [1, 2, 3, 5, 6, 12, 18, 22], [0, 1, 7, 8, 10, 11, 19, 24], [0, 1, 2, 4, 8, 14, 16, 29], [0, 1, 4, 5, 6, 7, 14, 30], [0, 1, 4, 12, 16, 17, 18, 23], [2, 8, 10, 12, 16, 17, 18, 19], [0, 1, 2, 5, 8, 9, 23, 24], [2, 4, 5, 8, 10, 11, 12, 24], [1, 5, 7, 9, 15, 19, 20, 21], [0, 1, 7, 8, 9, 19, 24, 25], [0, 1, 2, 7, 8, 10, 11, 12], [0, 1, 2, 4, 13, 14, 17, 31], [0, 1, 2, 3, 25, 28, 30, 31], [1, 7, 13, 14, 15, 16, 18, 24], [0, 1, 2, 3, 5, 6, 7, 8], [14, 15, 16, 18, 20, 26, 30, 31], [1, 2, 5, 10, 12, 15, 16, 30], [0, 4, 5, 6, 8, 13, 16, 28], [1, 4, 5, 6, 9, 14, 15, 26], [0, 1, 6, 12, 18, 19, 21, 23], [0, 1, 3, 6, 15, 17, 21, 23], [0, 5, 8, 12, 14, 17, 23, 31], [2, 3, 5, 6, 9, 11, 12, 21], [0, 1, 2, 6, 7, 16, 18, 21], [3, 4, 6, 11, 12, 16, 23, 26], [1, 2, 3, 4, 5, 6, 16, 29], [1, 3, 4, 5, 8, 13, 20, 23], [17, 18, 21, 22, 23, 28, 29, 31], [0, 1, 2, 4, 5, 8, 9, 12], [0, 1, 4, 5, 8, 9, 11, 13], [8, 10, 12, 18, 19, 25, 27, 31], [2, 5, 6, 7, 12, 17, 18, 26], [1, 2, 3, 6, 7, 8, 12, 26], [0, 1, 5, 14, 18, 19, 24, 31], [3, 4, 7, 8, 10, 12, 20, 24], [2, 3, 4, 5, 14, 15, 16, 30], [0, 1, 2, 3, 5, 19, 22, 25]]",8,0.4006800651550293,128,learned,0.0,20608,4.0,124,0.42496800422668457,23,64 136 128 56,5149,0.7974810004234314,test,top_r_mean,0.0,0.0,0.75,0.625
0.024859195960380658,0.0,161,0.0,31,125.01509999856353,qasper,0.3076923076923077,0.0,0.0,0.0,2002.03407:10d450960907091f13e0be55f40bcb96f44dd074,mean,0.6295031055900621,0.009421976283192635,"[[0, 1, 2, 8, 10, 11, 20, 27], [1, 12, 13, 14, 15, 16, 18, 24], [1, 2, 10, 11, 12, 21, 29, 30], [1, 3, 6, 9, 10, 12, 16, 18], [3, 5, 6, 8, 11, 12, 14, 15], [0, 2, 3, 4, 5, 8, 9, 12], [0, 1, 2, 4, 16, 26, 27, 30], [2, 3, 7, 9, 14, 18, 19, 31], [0, 1, 2, 6, 8, 10, 20, 31], [1, 2, 3, 4, 7, 8, 12, 13], [7, 9, 14, 15, 18, 19, 27, 28], [0, 1, 2, 3, 4, 5, 7, 12], [2, 3, 6, 12, 14, 15, 24, 31], [1, 3, 5, 6, 9, 11, 14, 30], [1, 2, 4, 6, 7, 8, 9, 11], [0, 1, 6, 7, 10, 15, 20, 29], [0, 1, 3, 9, 10, 11, 20, 29], [1, 2, 4, 6, 7, 8, 11, 27], [1, 3, 4, 5, 8, 15, 16, 18], [3, 4, 5, 6, 7, 8, 27, 30], [0, 2, 3, 6, 7, 9, 18, 29], [0, 1, 2, 5, 7, 8, 17, 30], [2, 4, 5, 6, 8, 10, 28, 31], [0, 2, 4, 8, 9, 26, 30, 31], [0, 1, 3, 5, 7, 13, 26, 31], [1, 3, 5, 8, 10, 15, 19, 27], [2, 3, 5, 17, 18, 27, 28, 30], [3, 4, 6, 9, 12, 14, 16, 21], [1, 7, 8, 9, 12, 13, 19, 23], [0, 1, 3, 4, 7, 9, 13, 15], [1, 6, 7, 8, 10, 11, 14, 15], [1, 2, 8, 19, 21, 23, 26, 27], [0, 1, 4, 5, 6, 21, 24, 26], [1, 2, 6, 8, 9, 12, 17, 23], [1, 2, 5, 6, 8, 16, 25, 29], [1, 2, 3, 4, 9, 11, 14, 20], [1, 2, 4, 13, 14, 17, 27, 30], [0, 1, 2, 3, 5, 7, 10, 30], [5, 6, 16, 17, 20, 21, 24, 30], [0, 2, 3, 4, 10, 19, 20, 21], [0, 1, 3, 4, 5, 6, 15, 26], [2, 8, 12, 20, 21, 22, 25, 31], [1, 3, 5, 6, 13, 15, 16, 31], [0, 1, 2, 4, 7, 14, 19, 22], [0, 1, 3, 4, 5, 7, 8, 9], [1, 2, 5, 10, 11, 12, 18, 19], [2, 3, 4, 5, 7, 8, 11, 16], [0, 1, 2, 6, 9, 19, 20, 29], [0, 1, 4, 7, 9, 11, 13, 16], [1, 3, 8, 16, 19, 21, 26, 30], [0, 2, 3, 6, 7, 11, 12, 16], [0, 1, 3, 5, 7, 8, 18, 22], [1, 2, 3, 5, 7, 9, 10, 11], [2, 3, 4, 5, 9, 11, 13, 28], [2, 3, 5, 7, 9, 10, 13, 17], [0, 1, 3, 4, 6, 8, 12, 28], [0, 1, 4, 5, 7, 8, 10, 22], [1, 2, 7, 8, 9, 16, 18, 23], [0, 4, 6, 7, 11, 12, 14, 23], [0, 1, 2, 7, 12, 13, 24, 27], [0, 1, 2, 3, 12, 13, 19, 31], [1, 2, 4, 10, 11, 17, 22, 31], [1, 4, 5, 6, 7, 9, 10, 26], [0, 1, 2, 9, 10, 13, 17, 18], [0, 1, 4, 8, 11, 12, 18, 19], [1, 3, 4, 5, 6, 7, 19, 24], [5, 6, 7, 8, 10, 12, 13, 20], [0, 1, 3, 4, 5, 10, 13, 14], [2, 3, 5, 6, 10, 13, 20, 24], [0, 1, 5, 12, 18, 25, 29, 31], [2, 4, 5, 8, 9, 12, 13, 26], [3, 5, 6, 8, 10, 12, 27, 30], [0, 1, 3, 4, 5, 10, 11, 26], [1, 2, 4, 6, 7, 8, 10, 25], [0, 1, 3, 4, 11, 12, 15, 23], [0, 1, 2, 3, 6, 8, 9, 11], [0, 2, 8, 12, 16, 17, 27, 31], [2, 4, 5, 6, 7, 9, 14, 16], [0, 1, 3, 4, 11, 16, 18, 29], [2, 3, 4, 8, 9, 12, 30, 31], [0, 1, 2, 3, 4, 5, 8, 17], [0, 3, 4, 6, 14, 15, 22, 23], [2, 3, 6, 8, 9, 11, 12, 31], [0, 1, 9, 10, 11, 15, 27, 28], [1, 2, 4, 7, 10, 11, 16, 17], [1, 2, 7, 8, 13, 14, 15, 25], [1, 2, 4, 7, 11, 12, 13, 16], [2, 3, 8, 9, 10, 16, 22, 27], [0, 1, 5, 6, 16, 22, 29, 30], [1, 2, 3, 5, 8, 10, 16, 20], [0, 1, 2, 3, 4, 15, 18, 27], [2, 4, 5, 7, 11, 13, 26, 31], [1, 2, 3, 4, 8, 9, 13, 22], [3, 7, 10, 11, 13, 15, 16, 18], [0, 1, 3, 7, 8, 11, 13, 31], [0, 2, 4, 6, 10, 22, 25, 31], [0, 1, 4, 10, 11, 14, 15, 16], [0, 1, 3, 5, 7, 9, 10, 16], [1, 2, 3, 4, 5, 7, 9, 20], [2, 3, 4, 5, 6, 7, 9, 15], [0, 5, 6, 8, 13, 14, 18, 23], [0, 1, 2, 6, 7, 9, 12, 21], [1, 2, 3, 5, 8, 9, 14, 25], [0, 1, 5, 6, 7, 10, 27, 28], [0, 1, 3, 7, 8, 11, 14, 18], [1, 3, 5, 6, 7, 15, 25, 28], [0, 1, 2, 11, 12, 13, 15, 18], [0, 1, 4, 8, 9, 13, 14, 19], [5, 10, 11, 12, 14, 15, 22, 24], [0, 1, 2, 3, 4, 9, 10, 12], [0, 4, 5, 12, 19, 21, 28, 31], [0, 1, 4, 5, 7, 8, 26, 31], [0, 1, 2, 4, 5, 9, 22, 27], [9, 11, 12, 16, 20, 25, 28, 29], [1, 2, 3, 6, 7, 8, 11, 24], [1, 3, 6, 7, 8, 9, 11, 24], [0, 2, 3, 4, 5, 7, 10, 22], [0, 1, 2, 5, 7, 12, 22, 23], [0, 1, 2, 5, 6, 7, 8, 13], [0, 3, 5, 11, 13, 21, 23, 29], [0, 1, 3, 4, 8, 9, 14, 17], [1, 3, 4, 5, 8, 11, 12, 19], [1, 2, 3, 6, 11, 17, 18, 22], [1, 3, 4, 5, 6, 7, 11, 15], [1, 2, 3, 5, 6, 12, 18, 22], [0, 1, 6, 7, 8, 10, 11, 19], [0, 1, 2, 4, 7, 8, 14, 16], [0, 1, 4, 5, 6, 7, 14, 30], [0, 1, 2, 4, 12, 16, 17, 23], [2, 8, 10, 12, 16, 17, 18, 19], [0, 1, 2, 5, 8, 9, 23, 24], [1, 2, 5, 8, 10, 11, 12, 24], [1, 5, 7, 9, 14, 15, 19, 21], [0, 5, 6, 7, 8, 9, 19, 24], [0, 1, 2, 4, 7, 8, 10, 12], [0, 1, 2, 4, 8, 13, 14, 17], [0, 1, 2, 3, 25, 28, 30, 31], [1, 7, 13, 14, 15, 16, 18, 24], [0, 1, 2, 3, 5, 6, 7, 8], [12, 14, 15, 18, 20, 26, 30, 31], [1, 2, 5, 10, 12, 15, 16, 23], [0, 2, 4, 5, 6, 8, 16, 28], [1, 3, 4, 5, 6, 9, 14, 26], [0, 1, 6, 8, 12, 19, 21, 23], [0, 1, 3, 6, 15, 17, 21, 23], [0, 4, 5, 6, 8, 12, 14, 31], [0, 2, 3, 5, 6, 9, 11, 12], [0, 1, 2, 6, 7, 16, 18, 21], [0, 3, 4, 6, 11, 12, 23, 28], [1, 2, 3, 4, 5, 6, 13, 29], [1, 3, 4, 5, 6, 8, 13, 23], [1, 17, 18, 21, 22, 23, 28, 31], [0, 1, 2, 4, 6, 8, 9, 12], [0, 1, 4, 5, 6, 8, 9, 13], [8, 10, 17, 18, 19, 25, 27, 31], [2, 5, 6, 7, 12, 17, 18, 26], [1, 2, 3, 6, 7, 8, 12, 26], [0, 1, 5, 10, 14, 18, 19, 24], [2, 3, 4, 7, 8, 12, 20, 24], [2, 3, 4, 5, 14, 15, 16, 30], [0, 1, 2, 3, 5, 19, 22, 25]]",8,0.39322927594184875,128,learned,0.0,20608,4.0,124,0.41545218229293823,37,64 128 136 120,5149,0.8015987873077393,test,top_r_mean,0.0,0.5,0.5,0.5
0.024859195960380658,0.0,161,0.0,31,114.25510002300143,qasper,0.3076923076923077,0.0,0.0,0.0,2002.03407:10d450960907091f13e0be55f40bcb96f44dd074,mean,0.6131987577639751,0.00980890542268753,"[[0, 1, 2, 8, 10, 11, 20, 27], [1, 12, 13, 14, 15, 16, 18, 24], [1, 2, 10, 11, 12, 21, 29, 30], [1, 3, 6, 9, 10, 12, 16, 18], [3, 6, 8, 11, 12, 13, 14, 15], [0, 2, 3, 4, 5, 8, 9, 12], [0, 1, 2, 4, 16, 26, 27, 30], [2, 3, 7, 9, 14, 18, 19, 31], [0, 1, 2, 8, 10, 19, 20, 31], [1, 2, 3, 4, 7, 8, 12, 13], [7, 9, 14, 15, 18, 19, 27, 28], [0, 1, 2, 3, 4, 5, 7, 12], [2, 3, 6, 12, 15, 24, 26, 31], [1, 3, 5, 6, 9, 11, 14, 30], [1, 2, 4, 6, 7, 8, 9, 11], [0, 1, 6, 7, 18, 20, 24, 29], [0, 1, 8, 10, 11, 20, 27, 29], [1, 2, 4, 6, 8, 11, 12, 27], [1, 3, 4, 5, 8, 15, 18, 28], [3, 4, 5, 6, 7, 27, 30, 31], [0, 2, 3, 6, 7, 9, 19, 29], [0, 1, 2, 4, 5, 8, 17, 30], [2, 4, 5, 6, 10, 24, 28, 31], [0, 2, 4, 8, 9, 26, 30, 31], [0, 1, 3, 5, 7, 26, 29, 31], [1, 3, 5, 8, 10, 15, 19, 27], [2, 3, 5, 17, 18, 23, 28, 30], [3, 4, 6, 9, 12, 14, 16, 21], [1, 7, 8, 9, 12, 13, 19, 23], [1, 2, 3, 4, 7, 9, 13, 15], [1, 6, 7, 8, 10, 11, 14, 15], [1, 2, 8, 19, 21, 23, 26, 27], [0, 1, 4, 5, 6, 21, 24, 26], [1, 2, 6, 8, 9, 12, 17, 23], [1, 2, 5, 6, 8, 16, 25, 29], [1, 2, 3, 4, 8, 9, 11, 20], [1, 2, 4, 6, 12, 14, 27, 30], [0, 1, 2, 3, 5, 7, 10, 30], [5, 6, 16, 17, 20, 21, 24, 30], [0, 2, 3, 4, 10, 19, 20, 21], [0, 1, 3, 5, 6, 15, 26, 28], [2, 8, 9, 12, 20, 21, 22, 31], [1, 3, 5, 6, 9, 13, 16, 31], [1, 2, 4, 6, 7, 14, 19, 22], [0, 1, 3, 4, 5, 7, 8, 9], [1, 2, 5, 10, 11, 12, 15, 19], [2, 3, 4, 5, 7, 8, 11, 16], [0, 1, 2, 6, 9, 19, 20, 29], [0, 1, 4, 7, 9, 11, 13, 16], [3, 8, 16, 19, 21, 22, 26, 30], [0, 2, 3, 6, 7, 11, 12, 16], [0, 3, 5, 7, 8, 16, 18, 22], [1, 2, 3, 5, 9, 10, 11, 17], [3, 4, 5, 6, 9, 11, 13, 28], [2, 3, 5, 7, 9, 10, 13, 24], [0, 1, 3, 4, 6, 8, 12, 28], [0, 1, 4, 5, 7, 8, 10, 22], [1, 2, 7, 8, 9, 16, 18, 23], [0, 4, 6, 7, 11, 12, 23, 30], [0, 1, 2, 7, 12, 13, 24, 27], [0, 1, 2, 3, 12, 13, 19, 31], [1, 2, 4, 8, 10, 11, 17, 31], [1, 4, 5, 6, 7, 9, 10, 26], [0, 1, 2, 10, 12, 13, 17, 18], [0, 1, 4, 8, 11, 12, 18, 19], [1, 3, 4, 5, 6, 7, 19, 24], [5, 6, 7, 8, 10, 12, 13, 20], [0, 1, 3, 4, 5, 10, 13, 14], [1, 2, 5, 6, 10, 13, 20, 24], [0, 1, 5, 12, 18, 25, 29, 31], [2, 4, 5, 8, 9, 12, 13, 26], [3, 5, 6, 10, 12, 26, 27, 30], [0, 1, 3, 4, 5, 10, 23, 26], [1, 2, 6, 7, 8, 10, 17, 25], [0, 1, 3, 4, 11, 12, 15, 23], [0, 1, 2, 6, 8, 9, 11, 21], [0, 2, 8, 12, 16, 17, 27, 31], [2, 4, 5, 6, 7, 9, 15, 16], [0, 1, 3, 4, 11, 16, 18, 29], [2, 4, 8, 9, 12, 18, 30, 31], [0, 1, 2, 3, 4, 5, 8, 30], [0, 3, 4, 6, 10, 15, 22, 23], [2, 3, 6, 8, 9, 11, 12, 31], [0, 1, 9, 10, 11, 15, 27, 28], [1, 2, 4, 7, 10, 11, 12, 17], [0, 1, 7, 8, 13, 14, 15, 25], [1, 2, 4, 7, 11, 12, 13, 16], [2, 3, 8, 9, 10, 16, 22, 27], [0, 1, 5, 6, 16, 22, 29, 30], [1, 3, 5, 8, 10, 11, 16, 20], [0, 1, 2, 3, 4, 10, 15, 18], [2, 4, 5, 7, 11, 18, 26, 31], [1, 2, 3, 4, 8, 9, 13, 22], [3, 7, 10, 11, 13, 15, 16, 18], [0, 1, 3, 7, 8, 11, 13, 31], [0, 2, 4, 6, 10, 22, 25, 31], [0, 1, 4, 10, 11, 15, 16, 30], [0, 1, 3, 5, 7, 9, 10, 16], [1, 2, 3, 4, 5, 7, 9, 20], [2, 3, 4, 5, 6, 7, 9, 15], [0, 5, 6, 8, 13, 14, 23, 27], [0, 1, 2, 6, 7, 9, 21, 30], [1, 2, 3, 5, 8, 9, 14, 25], [0, 1, 5, 6, 7, 10, 27, 28], [0, 1, 3, 7, 8, 11, 14, 18], [1, 3, 5, 6, 7, 15, 25, 28], [0, 1, 2, 11, 12, 13, 15, 18], [0, 1, 4, 8, 9, 13, 14, 19], [5, 10, 11, 12, 14, 15, 22, 24], [1, 2, 3, 4, 8, 9, 10, 12], [0, 4, 5, 12, 19, 21, 28, 31], [0, 1, 4, 5, 7, 8, 26, 31], [0, 1, 2, 4, 5, 9, 22, 27], [9, 11, 12, 16, 17, 20, 28, 29], [1, 2, 3, 6, 7, 8, 11, 24], [1, 3, 6, 7, 8, 11, 24, 26], [0, 1, 2, 3, 4, 5, 7, 10], [0, 1, 2, 6, 7, 12, 22, 23], [1, 2, 5, 6, 7, 8, 13, 14], [0, 1, 3, 5, 11, 21, 23, 29], [0, 1, 3, 4, 9, 14, 17, 28], [1, 3, 4, 5, 8, 11, 12, 19], [1, 2, 3, 4, 6, 11, 18, 22], [1, 3, 4, 5, 6, 7, 11, 15], [1, 2, 3, 5, 6, 12, 18, 22], [0, 1, 7, 8, 10, 11, 19, 24], [0, 1, 2, 4, 7, 8, 14, 16], [0, 1, 4, 5, 6, 7, 14, 30], [0, 1, 2, 4, 12, 16, 17, 23], [2, 8, 10, 12, 16, 17, 18, 19], [0, 1, 2, 5, 8, 9, 23, 24], [1, 2, 5, 8, 10, 11, 12, 24], [1, 5, 7, 9, 14, 15, 19, 21], [0, 1, 5, 7, 8, 9, 19, 24], [0, 1, 2, 4, 7, 8, 10, 12], [0, 1, 2, 4, 8, 13, 14, 17], [0, 1, 2, 3, 25, 28, 30, 31], [1, 7, 13, 14, 15, 16, 18, 24], [0, 1, 2, 3, 5, 6, 7, 8], [12, 14, 15, 18, 20, 26, 30, 31], [1, 2, 5, 8, 10, 15, 16, 23], [0, 2, 4, 5, 6, 8, 16, 28], [1, 3, 4, 5, 6, 9, 14, 26], [0, 1, 6, 18, 19, 21, 23, 29], [0, 1, 3, 6, 9, 15, 21, 23], [0, 4, 5, 8, 12, 14, 17, 31], [2, 3, 5, 6, 7, 9, 11, 12], [0, 1, 2, 6, 7, 16, 18, 21], [0, 3, 4, 6, 11, 12, 23, 28], [1, 2, 3, 4, 5, 6, 13, 29], [1, 3, 4, 5, 6, 8, 13, 23], [1, 17, 21, 22, 23, 28, 29, 31], [0, 1, 2, 6, 7, 8, 9, 12], [0, 1, 4, 5, 8, 9, 11, 13], [8, 10, 15, 17, 19, 25, 27, 31], [2, 5, 6, 7, 11, 12, 26, 29], [1, 2, 3, 6, 7, 8, 12, 26], [0, 1, 5, 10, 14, 18, 19, 24], [3, 4, 5, 7, 8, 12, 20, 24], [2, 3, 4, 5, 11, 14, 15, 16], [0, 1, 2, 3, 5, 10, 19, 22]]",8,0.3942176401615143,128,learned,0.0,20608,4.0,124,0.4173223078250885,53,64 128 136 120,5149,0.7891418933868408,test,top_r_mean,0.0,0.5,0.5,0.5
0.024859195960380658,1.0,161,1.0,31,118.6271000187844,qasper,0.3076923076923077,0.25,0.07692307692307693,0.0,2002.03407:10d450960907091f13e0be55f40bcb96f44dd074,mean,0.6029503105590062,0.009909979067742825,"[[0, 2, 8, 10, 11, 20, 24, 27], [1, 12, 13, 14, 15, 16, 22, 24], [1, 2, 10, 11, 12, 21, 29, 30], [1, 3, 6, 9, 10, 12, 16, 18], [6, 8, 11, 12, 13, 14, 15, 31], [0, 2, 3, 4, 5, 8, 12, 23], [0, 1, 2, 4, 15, 26, 27, 30], [2, 7, 9, 14, 18, 19, 29, 31], [0, 2, 6, 8, 10, 19, 20, 31], [1, 2, 3, 4, 7, 8, 12, 18], [7, 9, 14, 15, 18, 19, 27, 28], [0, 1, 2, 3, 4, 5, 7, 12], [2, 3, 6, 7, 15, 24, 30, 31], [1, 3, 6, 9, 11, 14, 28, 30], [1, 2, 4, 6, 7, 8, 9, 29], [0, 1, 6, 7, 18, 20, 24, 29], [0, 1, 8, 10, 11, 12, 20, 29], [1, 2, 4, 6, 11, 12, 27, 31], [1, 3, 5, 8, 13, 15, 18, 28], [3, 4, 5, 6, 7, 8, 27, 30], [0, 2, 3, 6, 7, 9, 28, 29], [0, 1, 2, 4, 5, 8, 17, 30], [2, 4, 5, 6, 10, 24, 28, 31], [0, 2, 4, 8, 9, 26, 30, 31], [0, 3, 5, 7, 13, 26, 29, 31], [1, 3, 8, 9, 10, 15, 19, 27], [2, 3, 5, 17, 18, 23, 24, 28], [3, 5, 9, 13, 14, 16, 21, 26], [1, 7, 8, 9, 13, 16, 19, 23], [1, 3, 4, 7, 9, 12, 13, 15], [1, 6, 7, 8, 10, 11, 14, 15], [1, 2, 8, 19, 21, 23, 26, 29], [0, 1, 4, 6, 16, 21, 24, 26], [1, 2, 6, 8, 9, 12, 17, 23], [1, 2, 5, 6, 8, 16, 25, 29], [1, 2, 3, 4, 8, 9, 11, 20], [1, 2, 4, 13, 14, 27, 29, 30], [0, 1, 2, 3, 5, 7, 10, 15], [5, 6, 9, 16, 17, 20, 21, 24], [0, 2, 3, 4, 19, 20, 21, 30], [0, 1, 3, 5, 6, 15, 26, 28], [2, 8, 12, 20, 21, 22, 25, 31], [1, 3, 5, 6, 9, 13, 16, 31], [1, 2, 6, 7, 14, 19, 20, 22], [0, 1, 3, 4, 5, 7, 8, 9], [1, 5, 10, 11, 12, 15, 18, 19], [2, 3, 4, 5, 7, 10, 11, 16], [0, 1, 2, 6, 9, 19, 20, 29], [0, 1, 7, 9, 11, 13, 16, 21], [3, 8, 18, 19, 21, 22, 26, 30], [0, 2, 3, 6, 7, 11, 12, 16], [0, 3, 5, 7, 8, 16, 18, 22], [1, 2, 3, 5, 8, 10, 11, 17], [3, 4, 5, 6, 9, 11, 13, 28], [2, 3, 5, 7, 10, 13, 17, 24], [0, 1, 3, 4, 8, 12, 26, 28], [0, 1, 4, 5, 7, 8, 21, 22], [2, 7, 8, 9, 12, 16, 18, 23], [0, 4, 6, 7, 9, 11, 12, 23], [0, 1, 2, 7, 12, 13, 24, 27], [0, 2, 3, 12, 13, 19, 27, 31], [1, 2, 4, 10, 11, 17, 22, 31], [1, 4, 5, 6, 7, 9, 10, 26], [0, 1, 2, 10, 12, 13, 17, 18], [0, 1, 8, 11, 12, 15, 18, 19], [1, 3, 4, 5, 6, 7, 19, 24], [5, 6, 7, 8, 10, 12, 20, 30], [0, 1, 3, 4, 5, 10, 13, 14], [2, 3, 5, 6, 10, 13, 20, 24], [0, 1, 5, 12, 17, 18, 29, 31], [2, 4, 5, 8, 9, 12, 13, 26], [3, 5, 6, 10, 12, 26, 27, 30], [0, 1, 3, 4, 5, 10, 23, 26], [1, 2, 6, 7, 8, 10, 13, 25], [0, 1, 3, 4, 11, 12, 15, 23], [0, 1, 2, 6, 8, 9, 11, 21], [0, 2, 8, 10, 12, 16, 17, 27], [2, 4, 5, 6, 7, 9, 15, 16], [0, 1, 3, 11, 16, 18, 28, 29], [2, 4, 8, 9, 12, 18, 30, 31], [0, 1, 2, 3, 4, 5, 17, 30], [0, 3, 6, 10, 14, 15, 22, 23], [2, 3, 6, 8, 9, 11, 12, 31], [0, 1, 7, 9, 11, 15, 27, 28], [1, 4, 7, 10, 11, 12, 16, 17], [0, 1, 7, 8, 13, 14, 15, 25], [1, 2, 4, 7, 11, 13, 16, 22], [2, 3, 8, 9, 10, 16, 22, 27], [0, 1, 5, 6, 16, 22, 28, 29], [2, 3, 5, 7, 8, 10, 16, 20], [0, 1, 2, 3, 4, 15, 18, 27], [2, 4, 5, 7, 11, 18, 26, 31], [1, 3, 4, 7, 8, 9, 13, 22], [3, 7, 10, 11, 13, 15, 16, 18], [0, 1, 3, 7, 8, 11, 13, 31], [0, 2, 4, 6, 22, 25, 27, 31], [0, 1, 4, 10, 11, 15, 16, 30], [0, 1, 3, 5, 7, 9, 10, 16], [1, 2, 3, 4, 5, 7, 9, 20], [2, 3, 4, 5, 6, 7, 9, 15], [0, 5, 6, 8, 13, 16, 18, 23], [0, 1, 2, 6, 7, 9, 12, 30], [1, 2, 3, 8, 9, 14, 25, 28], [0, 1, 5, 6, 7, 17, 27, 28], [0, 1, 3, 8, 11, 12, 14, 18], [1, 3, 6, 7, 15, 17, 25, 28], [1, 2, 11, 12, 13, 15, 18, 25], [0, 1, 4, 8, 9, 13, 14, 19], [5, 11, 12, 14, 15, 21, 22, 24], [1, 2, 3, 4, 9, 10, 12, 30], [0, 4, 5, 12, 19, 21, 28, 31], [0, 1, 4, 5, 8, 16, 26, 31], [0, 1, 4, 5, 7, 9, 22, 27], [10, 11, 12, 16, 20, 25, 28, 29], [1, 2, 3, 6, 7, 8, 11, 24], [1, 3, 6, 7, 8, 9, 24, 26], [0, 1, 2, 4, 5, 7, 10, 22], [0, 1, 2, 6, 7, 12, 22, 23], [1, 2, 5, 6, 7, 8, 14, 30], [0, 3, 5, 11, 13, 21, 23, 25], [0, 1, 3, 8, 9, 14, 17, 28], [1, 3, 4, 5, 8, 11, 12, 19], [1, 2, 3, 6, 11, 12, 18, 22], [1, 3, 4, 5, 6, 7, 11, 15], [1, 2, 3, 5, 6, 12, 18, 22], [0, 1, 7, 8, 10, 11, 19, 24], [1, 2, 4, 7, 8, 11, 14, 16], [0, 1, 4, 5, 6, 7, 14, 30], [0, 1, 2, 4, 12, 16, 17, 23], [2, 8, 10, 12, 16, 17, 18, 19], [0, 1, 2, 5, 8, 9, 10, 24], [1, 2, 5, 8, 10, 11, 12, 24], [5, 7, 9, 14, 15, 18, 19, 21], [0, 1, 7, 8, 9, 19, 24, 25], [0, 1, 2, 7, 8, 10, 11, 12], [0, 1, 2, 4, 13, 14, 17, 24], [0, 1, 2, 3, 25, 28, 30, 31], [1, 7, 13, 14, 15, 16, 18, 24], [0, 1, 2, 3, 5, 6, 7, 8], [12, 14, 15, 18, 20, 26, 30, 31], [1, 2, 5, 10, 12, 15, 23, 30], [0, 2, 4, 5, 6, 8, 16, 28], [1, 4, 5, 6, 9, 14, 15, 26], [0, 1, 6, 12, 18, 19, 21, 23], [0, 1, 6, 13, 15, 17, 21, 23], [0, 4, 5, 8, 12, 14, 17, 31], [2, 3, 5, 6, 9, 11, 12, 25], [0, 1, 2, 6, 7, 16, 18, 21], [3, 4, 6, 11, 12, 23, 26, 28], [1, 2, 3, 4, 5, 6, 13, 29], [1, 3, 4, 5, 8, 13, 21, 23], [0, 1, 21, 22, 23, 28, 29, 31], [0, 1, 2, 6, 7, 8, 9, 12], [0, 1, 4, 5, 8, 9, 11, 13], [10, 12, 17, 18, 19, 25, 27, 31], [2, 5, 6, 7, 17, 18, 26, 29], [1, 2, 6, 7, 8, 12, 25, 26], [0, 1, 5, 10, 14, 18, 19, 24], [3, 4, 7, 8, 10, 12, 20, 24], [2, 3, 4, 5, 14, 15, 16, 29], [0, 1, 2, 3, 5, 10, 19, 22]]",8,0.38550010323524475,128,learned,1.0,20608,4.0,124,0.4094334542751312,71,0 128 136 120,5149,0.7803312540054321,test,top_r_mean,1.0,1.0,0.5,0.625
0.0426808936312104,0.0,94,0.0,31,60.48220000229776,qasper,0.5714285714285714,0.0,0.0,0.0,1808.10245:da9c0637623885afaf023a319beee87898948fe9,mean,0.32585812356979404,1.1487208604812622,"[[0], [4], [0], [0], [0], [1], [1], [0], [0], [0], [0], [2], [0], [1], [0], [0], [0], [3], [3], [2], [2], [1], [0], [10], [0], [5], [8], [7], [1], [5], [1], [0], [0], [6], [0], [3], [1], [1], [5], [0], [0], [2], [4], [0], [3], [1], [1], [0], [0], [1], [2], [0], [4], [3], [0], [2], [0], [0], [8], [0], [1], [0], [4], [1], [0], [0], [2], [1], [0], [1], [7], [1], [0], [0], [2], [2], [1], [1], [0], [2], [0], [0], [4], [3], [2], [1], [2], [1], [0], [0], [0], [1], [0], [5]]",1,0.9785899519920349,128,learned,0.0,1504,4.0,124,1.1786539554595947,11,56 32 40 64,2999,0.46546250581741333,test,top_r_mean,0.0,0.0,0.5,0.75
0.0426808936312104,0.0,94,0.0,31,58.7782000657171,qasper,0.5714285714285714,0.0,0.0,0.0,1808.10245:da9c0637623885afaf023a319beee87898948fe9,mean,0.3720823798627002,1.1683499813079834,"[[0], [4], [0], [0], [0], [1], [1], [0], [0], [0], [0], [2], [0], [1], [0], [0], [0], [3], [3], [2], [0], [1], [0], [10], [0], [3], [8], [7], [1], [5], [1], [0], [0], [6], [0], [3], [1], [0], [4], [0], [0], [1], [4], [0], [3], [1], [1], [0], [0], [0], [1], [0], [3], [2], [0], [2], [0], [0], [7], [0], [1], [0], [4], [1], [0], [0], [2], [0], [0], [1], [6], [1], [0], [0], [2], [2], [2], [1], [0], [2], [0], [0], [4], [3], [2], [1], [2], [1], [0], [0], [0], [1], [0], [5]]",1,1.0081793069839478,128,learned,0.0,1504,4.0,124,1.2009741067886353,23,56 32 40 64,2999,0.5241122245788574,test,top_r_mean,0.0,0.0,0.5,0.75
0.0426808936312104,0.0,94,0.0,31,57.5764998793602,qasper,0.5714285714285714,0.0,0.0,0.0,1808.10245:da9c0637623885afaf023a319beee87898948fe9,mean,0.3816933638443936,1.1688562631607056,"[[0], [4], [0], [0], [0], [1], [1], [0], [0], [0], [0], [2], [0], [1], [0], [0], [0], [3], [3], [2], [0], [1], [0], [6], [0], [3], [8], [1], [1], [5], [1], [0], [0], [6], [0], [3], [0], [0], [5], [0], [0], [1], [4], [0], [3], [1], [1], [0], [0], [0], [1], [0], [4], [0], [0], [2], [0], [0], [8], [0], [0], [0], [4], [1], [0], [0], [2], [0], [0], [1], [6], [1], [0], [0], [2], [1], [1], [1], [0], [0], [0], [0], [4], [3], [2], [1], [2], [1], [0], [0], [0], [1], [0], [5]]",1,1.0109249353408813,128,learned,0.0,1504,4.0,124,1.203687071800232,37,56 32 40 64,2999,0.533056378364563,test,top_r_mean,0.0,0.0,0.5,0.75
0.0426808936312104,0.0,94,0.0,31,70.88520005345345,qasper,0.5714285714285714,0.0,0.0,0.0,1808.10245:da9c0637623885afaf023a319beee87898948fe9,mean,0.36384439359267734,1.1636208295822144,"[[0], [4], [0], [0], [0], [1], [1], [0], [0], [0], [0], [2], [0], [1], [0], [0], [0], [3], [3], [2], [0], [1], [0], [6], [0], [5], [8], [1], [1], [5], [1], [0], [0], [6], [0], [3], [1], [0], [5], [0], [0], [1], [4], [0], [3], [1], [1], [0], [0], [0], [1], [0], [4], [2], [0], [2], [0], [0], [7], [0], [1], [0], [4], [1], [0], [0], [2], [0], [0], [1], [6], [1], [0], [0], [2], [1], [1], [1], [0], [1], [0], [0], [4], [3], [2], [1], [2], [1], [0], [0], [0], [1], [0], [5]]",1,1.0024874210357666,128,learned,0.0,1504,4.0,124,1.1978530883789062,53,56 32 40 64,2999,0.5144745707511902,test,top_r_mean,0.0,0.0,0.5,0.75
0.0426808936312104,0.0,94,0.0,31,57.959500001743436,qasper,0.5714285714285714,0.0,0.0,0.0,1808.10245:da9c0637623885afaf023a319beee87898948fe9,mean,0.3707093821510298,1.1521581411361694,"[[0], [4], [0], [0], [0], [1], [1], [0], [0], [0], [0], [2], [0], [1], [0], [0], [0], [3], [3], [2], [0], [1], [0], [10], [0], [5], [8], [1], [1], [5], [1], [0], [0], [6], [0], [3], [1], [0], [5], [0], [0], [1], [4], [0], [3], [1], [1], [0], [0], [2], [3], [0], [4], [0], [0], [2], [0], [0], [8], [0], [1], [0], [4], [1], [0], [0], [2], [0], [0], [1], [7], [1], [0], [0], [2], [1], [3], [1], [0], [2], [0], [0], [4], [3], [2], [1], [2], [1], [0], [0], [0], [2], [0], [5]]",1,0.9831666946411133,128,learned,0.0,1504,4.0,124,1.178523063659668,71,56 32 40 64,2999,0.5210201144218445,test,top_r_mean,0.0,0.0,0.5,0.75
0.0426808936312104,1.0,94,1.0,31,64.53710002824664,qasper,0.5714285714285714,0.25,0.14285714285714285,0.0,1808.10245:da9c0637623885afaf023a319beee87898948fe9,mean,0.4339967970716083,0.20095612108707428,"[[0, 1], [4, 5], [0, 1], [0, 1], [0, 1], [1, 2], [1, 2], [0, 1], [0, 1], [0, 3], [0, 5], [2, 5], [0, 7], [1, 10], [0, 1], [0, 2], [0, 1], [3, 6], [3, 4], [2, 3], [2, 14], [1, 6], [0, 2], [10, 12], [0, 1], [5, 13], [8, 10], [7, 8], [1, 4], [5, 6], [1, 3], [0, 1], [0, 1], [6, 7], [0, 1], [3, 5], [1, 2], [1, 3], [5, 6], [0, 2], [0, 1], [2, 12], [4, 8], [0, 2], [3, 5], [1, 2], [1, 2], [0, 4], [0, 1], [1, 2], [2, 3], [0, 1], [4, 5], [3, 8], [0, 1], [2, 4], [0, 1], [0, 1], [8, 9], [0, 3], [1, 2], [0, 5], [4, 8], [1, 3], [0, 1], [0, 1], [2, 3], [1, 3], [0, 4], [1, 2], [7, 9], [1, 8], [0, 1], [0, 1], [2, 5], [2, 3], [1, 3], [1, 2], [0, 1], [2, 3], [0, 1], [0, 3], [4, 6], [3, 4], [2, 4], [1, 6], [2, 4], [1, 3], [0, 2], [0, 1], [0, 1], [1, 2], [0, 1], [5, 10]]",2,0.7794149518013,128,learned,1.0,3008,4.0,124,0.8470900058746338,11,0 80 48 72,2999,0.594119131565094,test,top_r_mean,0.0,0.0,0.0,0.5
0.0426808936312104,1.0,94,1.0,31,57.48299998231232,qasper,0.5714285714285714,0.25,0.14285714285714285,0.0,1808.10245:da9c0637623885afaf023a319beee87898948fe9,mean,0.40608556394417755,0.21547885239124298,"[[0, 1], [4, 9], [0, 1], [0, 1], [0, 1], [1, 2], [1, 2], [0, 1], [0, 1], [0, 2], [0, 5], [2, 5], [0, 5], [1, 4], [0, 1], [0, 2], [0, 1], [3, 6], [3, 4], [2, 3], [0, 2], [1, 5], [0, 2], [10, 12], [0, 1], [3, 5], [8, 10], [7, 8], [1, 2], [5, 6], [1, 3], [0, 1], [0, 1], [6, 7], [0, 1], [3, 5], [1, 2], [0, 1], [4, 5], [0, 2], [0, 1], [1, 2], [4, 8], [0, 2], [3, 5], [1, 2], [1, 2], [0, 4], [0, 1], [0, 2], [1, 3], [0, 1], [3, 4], [2, 3], [0, 1], [2, 6], [0, 1], [0, 1], [7, 8], [0, 3], [1, 2], [0, 5], [4, 8], [1, 2], [0, 1], [0, 1], [2, 3], [0, 1], [0, 4], [1, 2], [6, 7], [1, 8], [0, 1], [0, 1], [2, 5], [2, 3], [2, 3], [1, 2], [0, 1], [2, 3], [0, 1], [0, 3], [4, 7], [3, 4], [2, 4], [1, 6], [2, 4], [1, 2], [0, 1], [0, 1], [0, 1], [1, 2], [0, 1], [5, 10]]",2,0.795458197593689,128,learned,1.0,3008,4.0,124,0.8636837005615234,23,0 88 80 48,2999,0.5584871172904968,test,top_r_mean,0.0,0.0,0.25,0.625
0.0426808936312104,1.0,94,1.0,31,58.99440008215606,qasper,0.5714285714285714,0.25,0.14285714285714285,0.0,1808.10245:da9c0637623885afaf023a319beee87898948fe9,mean,0.4033401967513155,0.2166433185338974,"[[0, 1], [4, 5], [0, 1], [0, 1], [0, 1], [1, 2], [1, 2], [0, 1], [0, 1], [0, 2], [0, 5], [2, 5], [0, 2], [1, 10], [0, 1], [0, 2], [0, 1], [3, 6], [3, 4], [2, 3], [0, 2], [1, 5], [0, 2], [6, 10], [0, 1], [3, 5], [8, 10], [1, 7], [1, 2], [5, 6], [1, 3], [0, 1], [0, 1], [6, 7], [0, 1], [3, 5], [0, 1], [0, 1], [5, 6], [0, 2], [0, 1], [1, 2], [4, 8], [0, 2], [3, 5], [1, 2], [1, 2], [0, 4], [0, 1], [0, 2], [1, 3], [0, 1], [4, 5], [0, 2], [0, 1], [2, 4], [0, 1], [0, 1], [8, 9], [0, 2], [0, 1], [0, 4], [4, 8], [1, 2], [0, 1], [0, 1], [2, 3], [0, 1], [0, 4], [1, 2], [6, 7], [1, 8], [0, 1], [0, 1], [2, 4], [1, 2], [1, 3], [1, 2], [0, 1], [0, 1], [0, 1], [0, 3], [4, 6], [3, 4], [2, 4], [1, 6], [2, 4], [1, 3], [0, 1], [0, 1], [0, 1], [1, 2], [0, 1], [5, 10]]",2,0.7944363355636597,128,learned,1.0,3008,4.0,124,0.867231011390686,37,0 88 80 48,2999,0.5507712364196777,test,top_r_mean,0.0,0.0,0.25,0.625
0.0426808936312104,1.0,94,1.0,31,61.241399962455034,qasper,0.5714285714285714,0.25,0.14285714285714285,0.0,1808.10245:da9c0637623885afaf023a319beee87898948fe9,mean,0.4079158087394189,0.2166033834218979,"[[0, 1], [4, 5], [0, 1], [0, 1], [0, 1], [1, 2], [1, 2], [0, 1], [0, 1], [0, 2], [0, 5], [2, 5], [0, 2], [1, 10], [0, 1], [0, 2], [0, 1], [3, 6], [3, 4], [2, 3], [0, 2], [1, 5], [0, 2], [6, 12], [0, 1], [5, 13], [8, 10], [1, 7], [1, 2], [5, 6], [1, 3], [0, 1], [0, 1], [6, 7], [0, 1], [3, 4], [1, 2], [0, 1], [5, 6], [0, 2], [0, 1], [1, 2], [4, 8], [0, 2], [3, 5], [1, 2], [1, 2], [0, 4], [0, 1], [0, 2], [1, 3], [0, 1], [4, 5], [2, 3], [0, 1], [2, 4], [0, 1], [0, 1], [7, 8], [0, 2], [1, 2], [0, 4], [4, 8], [1, 2], [0, 1], [0, 1], [2, 3], [0, 1], [0, 4], [1, 2], [6, 7], [1, 8], [0, 1], [0, 1], [2, 4], [1, 2], [1, 3], [1, 2], [0, 1], [1, 2], [0, 1], [0, 3], [4, 6], [3, 4], [2, 4], [1, 6], [2, 4], [1, 2], [0, 1], [0, 1], [0, 1], [1, 2], [0, 1], [5, 10]]",2,0.7962209582328796,128,learned,1.0,3008,4.0,124,0.8699020743370056,53,0 88 80 48,2999,0.5622873306274414,test,top_r_mean,0.0,0.0,0.25,0.625
0.0426808936312104,1.0,94,1.0,31,62.907899962738156,qasper,0.5714285714285714,0.25,0.14285714285714285,0.0,1808.10245:da9c0637623885afaf023a319beee87898948fe9,mean,0.40837336993822926,0.21414026618003845,"[[0, 1], [4, 9], [0, 1], [0, 1], [0, 1], [1, 2], [1, 2], [0, 1], [0, 1], [0, 2], [0, 5], [2, 5], [0, 2], [1, 10], [0, 1], [0, 2], [0, 1], [3, 6], [3, 4], [2, 3], [0, 2], [1, 6], [0, 2], [10, 12], [0, 1], [5, 13], [8, 10], [1, 7], [1, 2], [5, 6], [1, 3], [0, 1], [0, 1], [6, 7], [0, 1], [3, 4], [1, 2], [0, 1], [5, 6], [0, 2], [0, 1], [1, 12], [4, 8], [0, 2], [3, 5], [1, 2], [1, 2], [0, 4], [0, 1], [2, 3], [3, 5], [0, 1], [4, 5], [0, 3], [0, 1], [2, 4], [0, 1], [0, 1], [8, 9], [0, 3], [1, 2], [0, 4], [4, 8], [1, 2], [0, 1], [0, 1], [2, 3], [0, 1], [0, 4], [1, 2], [7, 9], [1, 8], [0, 1], [0, 1], [2, 4], [1, 2], [3, 4], [1, 2], [0, 1], [2, 3], [0, 1], [0, 3], [4, 6], [3, 4], [2, 4], [1, 6], [2, 4], [1, 4], [0, 1], [0, 1], [0, 1], [2, 3], [0, 1], [5, 10]]",2,0.7849103808403015,128,learned,1.0,3008,4.0,124,0.8570448160171509,71,0 88 80 48,2999,0.5593685507774353,test,top_r_mean,0.0,0.0,0.25,0.625
0.0426808936312104,1.0,94,1.0,31,62.306900043040514,qasper,0.5714285714285714,0.25,0.14285714285714285,0.0,1808.10245:da9c0637623885afaf023a319beee87898948fe9,mean,0.5653168611301762,0.02600940875709057,"[[0, 1, 5, 6], [4, 5, 9, 10], [0, 1, 3, 4], [0, 1, 2, 7], [0, 1, 5, 7], [1, 2, 4, 7], [1, 2, 3, 5], [0, 1, 2, 3], [0, 1, 3, 6], [0, 3, 4, 6], [0, 5, 7, 9], [2, 5, 7, 8], [0, 7, 15, 16], [1, 10, 11, 17], [0, 1, 2, 4], [0, 2, 6, 9], [0, 1, 11, 12], [3, 6, 9, 11], [3, 4, 6, 8], [2, 3, 4, 5], [2, 14, 15, 16], [1, 6, 12, 13], [0, 2, 4, 6], [10, 12, 13, 14], [0, 1, 3, 4], [5, 13, 14, 15], [8, 10, 12, 13], [7, 8, 9, 11], [1, 4, 5, 6], [5, 6, 8, 9], [1, 3, 5, 6], [0, 1, 2, 4], [0, 1, 3, 9], [6, 7, 9, 11], [0, 1, 4, 8], [3, 5, 6, 8], [1, 2, 4, 5], [1, 3, 4, 8], [5, 6, 9, 16], [0, 2, 7, 8], [0, 1, 2, 3], [2, 12, 14, 17], [4, 8, 13, 16], [0, 2, 4, 7], [3, 5, 6, 10], [1, 2, 3, 4], [1, 2, 3, 5], [0, 4, 7, 8], [0, 1, 2, 4], [1, 2, 3, 4], [2, 3, 5, 6], [0, 1, 4, 9], [4, 5, 7, 8], [3, 8, 14, 15], [0, 1, 5, 6], [2, 4, 6, 10], [0, 1, 2, 4], [0, 1, 2, 14], [8, 9, 10, 11], [0, 3, 6, 18], [1, 2, 13, 14], [0, 5, 9, 10], [4, 8, 9, 12], [1, 3, 5, 9], [0, 1, 6, 14], [0, 1, 3, 6], [2, 3, 4, 5], [1, 3, 4, 6], [0, 4, 8, 13], [1, 2, 4, 7], [7, 9, 12, 17], [1, 8, 9, 11], [0, 1, 3, 8], [0, 1, 4, 6], [2, 5, 6, 13], [2, 3, 7, 8], [1, 3, 4, 5], [1, 2, 3, 4], [0, 1, 2, 4], [2, 3, 5, 8], [0, 1, 2, 3], [0, 3, 5, 8], [4, 6, 7, 9], [3, 4, 6, 11], [2, 4, 8, 12], [1, 6, 7, 8], [2, 4, 5, 7], [1, 3, 4, 5], [0, 2, 4, 5], [0, 1, 2, 11], [0, 1, 3, 10], [1, 2, 3, 4], [0, 1, 4, 6], [5, 10, 14, 15]]",4,0.8523072600364685,128,learned,0.25,6016,4.0,124,0.8792002201080322,11,16 80 48 0,2999,0.7463424801826477,test,top_r_mean,1.0,0.5,0.25,0.625
0.0426808936312104,0.0,94,0.0,31,63.48570017144084,qasper,0.5714285714285714,0.0,0.0,0.0,1808.10245:da9c0637623885afaf023a319beee87898948fe9,mean,0.5593685655456417,0.026947759091854095,"[[0, 1, 5, 6], [4, 9, 10, 11], [0, 1, 3, 4], [0, 1, 2, 7], [0, 1, 5, 7], [1, 2, 4, 7], [1, 2, 3, 5], [0, 1, 2, 3], [0, 1, 3, 6], [0, 2, 3, 4], [0, 5, 7, 9], [2, 5, 7, 8], [0, 5, 15, 16], [1, 4, 10, 11], [0, 1, 2, 4], [0, 2, 6, 9], [0, 1, 11, 12], [3, 6, 9, 11], [3, 4, 5, 6], [2, 3, 4, 5], [0, 2, 14, 15], [1, 5, 6, 12], [0, 2, 4, 6], [10, 12, 13, 14], [0, 1, 3, 4], [3, 5, 13, 14], [8, 10, 12, 14], [7, 8, 9, 11], [1, 2, 4, 6], [5, 6, 8, 9], [1, 3, 5, 6], [0, 1, 2, 4], [0, 1, 3, 8], [6, 7, 9, 11], [0, 1, 4, 8], [3, 5, 6, 8], [1, 2, 4, 14], [0, 1, 3, 4], [4, 5, 6, 9], [0, 2, 7, 8], [0, 1, 2, 3], [1, 2, 12, 13], [4, 8, 13, 15], [0, 2, 4, 7], [3, 5, 6, 10], [1, 2, 3, 4], [1, 2, 3, 5], [0, 4, 7, 8], [0, 1, 2, 4], [0, 2, 3, 4], [1, 3, 5, 6], [0, 1, 4, 8], [3, 4, 5, 7], [2, 3, 8, 14], [0, 1, 6, 9], [2, 6, 8, 9], [0, 1, 2, 4], [0, 1, 2, 12], [7, 8, 9, 10], [0, 3, 6, 9], [1, 2, 14, 15], [0, 5, 9, 10], [4, 8, 9, 12], [1, 2, 3, 5], [0, 1, 14, 19], [0, 1, 3, 6], [2, 3, 4, 5], [0, 1, 3, 4], [0, 4, 5, 16], [1, 2, 4, 7], [6, 7, 8, 9], [1, 8, 9, 11], [0, 1, 3, 8], [0, 1, 4, 6], [2, 5, 6, 13], [2, 3, 6, 7], [2, 3, 4, 5], [1, 2, 3, 4], [0, 1, 2, 4], [2, 3, 8, 14], [0, 1, 2, 3], [0, 3, 5, 8], [4, 7, 9, 10], [3, 4, 6, 11], [2, 4, 8, 12], [1, 6, 7, 8], [2, 4, 5, 7], [1, 2, 4, 5], [0, 1, 3, 4], [0, 1, 2, 5], [0, 1, 3, 8], [1, 2, 3, 4], [0, 1, 3, 4], [5, 10, 15, 16]]",4,0.8491311073303223,128,learned,0.0,6016,4.0,124,0.8791396617889404,23,16 80 88 48,2999,0.7404038310050964,test,top_r_mean,1.0,0.5,0.5,0.625
0.0426808936312104,1.0,94,1.0,31,63.43670003116131,qasper,0.5714285714285714,0.25,0.14285714285714285,0.0,1808.10245:da9c0637623885afaf023a319beee87898948fe9,mean,0.5566231983527797,0.02949889749288559,"[[0, 1, 2, 5], [4, 5, 7, 9], [0, 1, 3, 4], [0, 1, 2, 7], [0, 1, 5, 6], [1, 2, 4, 7], [1, 2, 3, 5], [0, 1, 2, 3], [0, 1, 3, 6], [0, 2, 3, 4], [0, 5, 7, 9], [2, 5, 7, 8], [0, 2, 5, 15], [1, 10, 11, 17], [0, 1, 2, 4], [0, 2, 6, 7], [0, 1, 11, 12], [3, 6, 9, 11], [3, 4, 6, 8], [2, 3, 4, 5], [0, 2, 14, 15], [1, 5, 6, 8], [0, 2, 4, 6], [6, 10, 12, 13], [0, 1, 3, 4], [3, 5, 13, 14], [8, 10, 12, 13], [1, 7, 8, 9], [1, 2, 4, 6], [5, 6, 8, 9], [1, 3, 5, 6], [0, 1, 2, 4], [0, 1, 3, 9], [6, 7, 9, 11], [0, 1, 4, 8], [3, 5, 6, 8], [0, 1, 2, 4], [0, 1, 3, 4], [5, 6, 9, 16], [0, 2, 7, 8], [0, 1, 2, 3], [1, 2, 12, 14], [4, 8, 13, 15], [0, 2, 4, 7], [3, 5, 6, 10], [1, 2, 3, 4], [1, 2, 3, 5], [0, 4, 7, 8], [0, 1, 2, 4], [0, 2, 3, 4], [1, 3, 5, 6], [0, 1, 4, 9], [4, 5, 7, 8], [0, 2, 3, 8], [0, 1, 5, 6], [2, 4, 6, 9], [0, 1, 2, 4], [0, 1, 2, 6], [8, 9, 10, 11], [0, 2, 3, 6], [0, 1, 2, 13], [0, 4, 5, 9], [4, 8, 9, 12], [1, 2, 3, 5], [0, 1, 6, 14], [0, 1, 3, 6], [2, 3, 4, 5], [0, 1, 3, 4], [0, 4, 8, 9], [1, 2, 4, 7], [6, 7, 9, 12], [1, 8, 9, 11], [0, 1, 2, 3], [0, 1, 4, 6], [2, 4, 5, 6], [1, 2, 3, 7], [1, 3, 4, 5], [1, 2, 3, 4], [0, 1, 2, 4], [0, 1, 2, 3], [0, 1, 2, 3], [0, 3, 5, 8], [4, 6, 7, 9], [3, 4, 6, 11], [2, 4, 8, 12], [1, 6, 7, 8], [2, 4, 5, 7], [1, 3, 4, 5], [0, 1, 4, 7], [0, 1, 2, 5], [0, 1, 3, 10], [1, 2, 3, 4], [0, 1, 4, 6], [5, 10, 15, 16]]",4,0.8508497476577759,128,learned,0.3333333333333333,6016,4.0,124,0.8822506666183472,37,16 80 0 48,2999,0.7330491542816162,test,top_r_mean,1.0,0.5,0.25,0.625
0.0426808936312104,1.0,94,1.0,31,66.34680018760264,qasper,0.5714285714285714,0.25,0.14285714285714285,0.0,1808.10245:da9c0637623885afaf023a319beee87898948fe9,mean,0.555708075955159,0.026676412671804428,"[[0, 1, 5, 6], [4, 5, 9, 10], [0, 1, 3, 4], [0, 1, 2, 7], [0, 1, 5, 7], [1, 2, 4, 7], [1, 2, 3, 5], [0, 1, 2, 3], [0, 1, 3, 6], [0, 2, 3, 4], [0, 5, 7, 9], [2, 5, 7, 8], [0, 2, 5, 15], [1, 10, 11, 17], [0, 1, 2, 4], [0, 2, 6, 9], [0, 1, 11, 12], [3, 6, 9, 11], [3, 4, 6, 8], [2, 3, 4, 5], [0, 2, 14, 15], [1, 5, 6, 8], [0, 2, 4, 6], [6, 12, 13, 14], [0, 1, 3, 4], [5, 13, 14, 15], [8, 10, 12, 13], [1, 7, 8, 9], [1, 2, 4, 6], [5, 6, 8, 9], [1, 3, 5, 6], [0, 1, 2, 4], [0, 1, 3, 9], [6, 7, 9, 11], [0, 1, 4, 8], [3, 4, 5, 6], [1, 2, 4, 5], [0, 1, 3, 4], [5, 6, 9, 16], [0, 2, 7, 8], [0, 1, 2, 3], [1, 2, 12, 13], [4, 8, 13, 16], [0, 2, 4, 7], [3, 5, 6, 10], [1, 2, 3, 4], [1, 2, 3, 5], [0, 4, 7, 8], [0, 1, 2, 4], [0, 2, 3, 4], [1, 3, 5, 6], [0, 1, 4, 9], [4, 5, 7, 8], [2, 3, 8, 14], [0, 1, 5, 6], [2, 4, 6, 9], [0, 1, 2, 4], [0, 1, 2, 10], [7, 8, 9, 10], [0, 2, 3, 6], [1, 2, 7, 13], [0, 4, 5, 9], [4, 8, 9, 12], [1, 2, 3, 5], [0, 1, 6, 14], [0, 1, 3, 6], [2, 3, 4, 5], [0, 1, 3, 4], [0, 4, 5, 8], [1, 2, 4, 7], [6, 7, 9, 12], [1, 8, 9, 11], [0, 1, 2, 3], [0, 1, 4, 6], [2, 4, 6, 13], [1, 2, 3, 7], [1, 3, 4, 5], [1, 2, 3, 4], [0, 1, 2, 4], [1, 2, 3, 5], [0, 1, 2, 3], [0, 3, 5, 8], [4, 6, 7, 9], [3, 4, 6, 11], [2, 4, 8, 12], [1, 6, 7, 8], [2, 4, 5, 7], [1, 2, 3, 4], [0, 1, 4, 8], [0, 1, 2, 8], [0, 1, 3, 10], [1, 2, 3, 4], [0, 1, 4, 6], [5, 10, 15, 16]]",4,0.8469759225845337,128,learned,0.25,6016,4.0,124,0.8759133815765381,53,16 80 48 0,2999,0.7372828125953674,test,top_r_mean,1.0,0.5,0.25,0.625
0.0426808936312104,1.0,94,1.0,31,59.569599805399776,qasper,0.5714285714285714,0.25,0.14285714285714285,0.0,1808.10245:da9c0637623885afaf023a319beee87898948fe9,mean,0.5525051475634866,0.02335166186094284,"[[0, 1, 5, 6], [4, 9, 10, 11], [0, 1, 3, 4], [0, 1, 2, 9], [0, 1, 5, 7], [1, 2, 4, 7], [1, 2, 3, 5], [0, 1, 2, 3], [0, 1, 3, 6], [0, 2, 3, 4], [0, 5, 7, 9], [2, 5, 7, 8], [0, 2, 5, 16], [1, 10, 11, 18], [0, 1, 2, 4], [0, 2, 6, 9], [0, 1, 11, 18], [3, 6, 9, 11], [3, 4, 6, 8], [2, 3, 4, 5], [0, 2, 14, 15], [1, 6, 8, 12], [0, 2, 4, 6], [10, 12, 13, 14], [0, 1, 3, 4], [5, 13, 14, 15], [8, 10, 12, 13], [1, 7, 8, 9], [1, 2, 4, 6], [5, 6, 8, 9], [1, 3, 5, 6], [0, 1, 2, 4], [0, 1, 3, 10], [6, 7, 9, 11], [0, 1, 4, 8], [3, 4, 5, 6], [1, 2, 4, 14], [0, 1, 3, 4], [5, 6, 9, 16], [0, 2, 5, 8], [0, 1, 2, 3], [1, 12, 14, 17], [4, 8, 13, 15], [0, 2, 4, 7], [3, 5, 6, 10], [1, 2, 3, 4], [1, 2, 3, 5], [0, 4, 7, 8], [0, 1, 2, 4], [2, 3, 4, 6], [3, 5, 6, 9], [0, 1, 4, 9], [4, 5, 7, 8], [0, 3, 8, 14], [0, 1, 5, 6], [2, 4, 6, 9], [0, 1, 4, 5], [0, 1, 2, 10], [8, 9, 10, 11], [0, 3, 6, 18], [1, 2, 8, 14], [0, 4, 5, 9], [4, 8, 9, 12], [1, 2, 3, 5], [0, 1, 14, 19], [0, 1, 3, 6], [2, 3, 4, 5], [0, 1, 3, 4], [0, 4, 8, 13], [1, 2, 4, 7], [7, 9, 12, 17], [1, 8, 9, 11], [0, 1, 3, 8], [0, 1, 4, 6], [2, 4, 6, 13], [1, 2, 3, 7], [3, 4, 5, 6], [1, 2, 3, 4], [0, 1, 2, 4], [2, 3, 5, 8], [0, 1, 2, 3], [0, 3, 5, 8], [4, 6, 7, 9], [3, 4, 6, 16], [2, 4, 8, 12], [1, 6, 7, 8], [2, 4, 5, 7], [1, 4, 5, 7], [0, 1, 4, 8], [0, 1, 2, 11], [0, 1, 3, 10], [2, 3, 4, 5], [0, 1, 4, 15], [5, 10, 15, 16]]",4,0.8402639627456665,128,learned,0.3333333333333333,6016,4.0,124,0.8665794730186462,71,80 48 0 24,2999,0.7375717759132385,test,top_r_mean,0.0,0.0,0.0,0.5
0.0426808936312104,0.0,94,0.0,31,67.48880003578961,qasper,0.5714285714285714,0.0,0.0,0.0,1808.10245:da9c0637623885afaf023a319beee87898948fe9,mean,0.6490505605124686,0.009926274418830872,"[[0, 1, 5, 6, 8, 10, 11, 15], [4, 5, 9, 10, 11, 12, 14, 16], [0, 1, 3, 4, 6, 14, 22, 23], [0, 1, 2, 7, 9, 12, 19, 22], [0, 1, 5, 7, 9, 12, 15, 23], [1, 2, 4, 7, 8, 12, 23, 28], [1, 2, 3, 5, 9, 14, 17, 20], [0, 1, 2, 3, 7, 8, 10, 14], [0, 1, 3, 6, 12, 14, 16, 28], [0, 3, 4, 6, 17, 21, 28, 30], [0, 5, 7, 9, 10, 12, 21, 22], [2, 5, 7, 8, 12, 16, 17, 23], [0, 7, 15, 16, 20, 25, 26, 27], [1, 10, 11, 17, 18, 25, 28, 31], [0, 1, 2, 4, 7, 8, 9, 10], [0, 2, 6, 9, 16, 18, 20, 31], [0, 1, 11, 12, 18, 19, 23, 26], [3, 6, 9, 11, 13, 14, 20, 28], [3, 4, 6, 8, 9, 14, 20, 24], [2, 3, 4, 5, 6, 7, 11, 27], [2, 14, 15, 16, 25, 27, 29, 30], [1, 6, 12, 13, 14, 15, 18, 24], [0, 2, 4, 6, 10, 11, 21, 22], [10, 12, 13, 14, 18, 20, 30, 31], [0, 1, 3, 4, 6, 7, 11, 13], [5, 13, 14, 15, 16, 19, 21, 22], [8, 10, 12, 13, 14, 17, 23, 31], [7, 8, 9, 11, 13, 14, 16, 30], [1, 4, 5, 6, 7, 8, 12, 14], [5, 6, 8, 9, 14, 16, 24, 25], [1, 3, 5, 6, 15, 17, 18, 23], [0, 1, 2, 4, 6, 13, 23, 27], [0, 1, 3, 9, 10, 11, 15, 27], [6, 7, 9, 11, 12, 15, 16, 25], [0, 1, 4, 8, 14, 16, 21, 22], [3, 5, 6, 8, 9, 15, 24, 29], [1, 2, 4, 5, 14, 17, 26, 27], [1, 3, 4, 8, 9, 11, 13, 18], [5, 6, 9, 16, 20, 22, 24, 26], [0, 2, 7, 8, 11, 14, 16, 26], [0, 1, 2, 3, 9, 15, 22, 30], [2, 12, 14, 17, 18, 27, 28, 29], [4, 8, 13, 16, 17, 20, 24, 29], [0, 2, 4, 7, 9, 11, 16, 18], [3, 5, 6, 10, 14, 16, 18, 30], [1, 2, 3, 4, 5, 8, 9, 18], [1, 2, 3, 5, 6, 15, 21, 26], [0, 4, 7, 8, 10, 18, 22, 28], [0, 1, 2, 4, 6, 7, 10, 12], [1, 2, 3, 4, 6, 9, 10, 13], [2, 3, 5, 6, 9, 15, 20, 28], [0, 1, 4, 9, 10, 16, 17, 24], [4, 5, 7, 8, 10, 11, 22, 31], [3, 8, 14, 15, 17, 23, 26, 30], [0, 1, 5, 6, 12, 16, 24, 25], [2, 4, 6, 10, 11, 16, 17, 18], [0, 1, 2, 4, 13, 16, 18, 19], [0, 1, 2, 14, 17, 18, 21, 23], [8, 9, 10, 11, 19, 21, 23, 31], [0, 3, 6, 18, 19, 25, 28, 29], [1, 2, 13, 14, 15, 22, 24, 25], [0, 5, 9, 10, 11, 12, 18, 24], [4, 8, 9, 12, 13, 16, 17, 25], [1, 3, 5, 9, 11, 14, 19, 23], [0, 1, 6, 14, 19, 20, 21, 24], [0, 1, 3, 6, 7, 9, 11, 21], [2, 3, 4, 5, 8, 11, 19, 21], [1, 3, 4, 6, 9, 10, 11, 12], [0, 4, 8, 13, 16, 20, 23, 31], [1, 2, 4, 7, 10, 15, 16, 22], [7, 9, 12, 17, 18, 20, 22, 23], [1, 8, 9, 11, 12, 14, 23, 24], [0, 1, 3, 8, 10, 13, 14, 30], [0, 1, 4, 6, 7, 9, 19, 20], [2, 5, 6, 13, 14, 15, 16, 31], [2, 3, 7, 8, 12, 17, 18, 21], [1, 3, 4, 5, 6, 10, 20, 21], [1, 2, 3, 4, 7, 10, 12, 22], [0, 1, 2, 4, 5, 7, 12, 31], [2, 3, 5, 8, 15, 18, 25, 28], [0, 1, 2, 3, 7, 14, 17, 25], [0, 3, 5, 8, 9, 12, 14, 26], [4, 6, 7, 9, 10, 12, 25, 26], [3, 4, 6, 11, 16, 17, 21, 31], [2, 4, 8, 12, 17, 22, 26, 30], [1, 6, 7, 8, 10, 12, 17, 22], [2, 4, 5, 7, 13, 22, 24, 30], [1, 3, 4, 5, 21, 24, 27, 30], [0, 2, 4, 5, 8, 19, 21, 28], [0, 1, 2, 11, 12, 13, 16, 27], [0, 1, 3, 10, 14, 18, 24, 25], [1, 2, 3, 4, 5, 10, 11, 25], [0, 1, 4, 6, 15, 16, 17, 31], [5, 10, 14, 15, 16, 18, 19, 20]]",8,0.42913293838500977,128,learned,0.0,12032,4.0,124,0.4501224458217621,11,16 48 80 56,2999,0.8226348161697388,test,top_r_mean,1.0,0.5,0.5,0.625
0.0426808936312104,0.0,94,0.0,31,73.64100008271635,qasper,0.5714285714285714,0.0,0.0,0.0,1808.10245:da9c0637623885afaf023a319beee87898948fe9,mean,0.6463051933196065,0.009998567402362823,"[[0, 1, 5, 6, 8, 10, 11, 13], [4, 9, 10, 11, 12, 14, 22, 26], [0, 1, 3, 4, 6, 14, 22, 23], [0, 1, 2, 7, 9, 16, 19, 22], [0, 1, 5, 7, 8, 9, 12, 15], [1, 2, 4, 7, 8, 12, 28, 30], [1, 2, 3, 5, 8, 9, 17, 20], [0, 1, 2, 3, 7, 10, 14, 27], [0, 1, 3, 6, 12, 14, 18, 28], [0, 2, 3, 4, 6, 17, 21, 23], [0, 5, 7, 9, 10, 12, 21, 22], [2, 5, 7, 8, 16, 17, 23, 29], [0, 5, 15, 16, 20, 25, 26, 27], [1, 4, 10, 11, 18, 25, 28, 31], [0, 1, 2, 4, 7, 8, 9, 10], [0, 2, 6, 9, 16, 18, 20, 31], [0, 1, 11, 12, 22, 23, 26, 28], [3, 6, 9, 11, 13, 14, 20, 28], [3, 4, 5, 6, 8, 9, 20, 24], [2, 3, 4, 5, 6, 7, 11, 27], [0, 2, 14, 15, 16, 25, 27, 31], [1, 5, 6, 12, 13, 14, 15, 24], [0, 2, 4, 6, 8, 11, 21, 22], [10, 12, 13, 14, 20, 21, 30, 31], [0, 1, 3, 4, 6, 7, 11, 13], [3, 5, 13, 14, 17, 19, 21, 22], [8, 10, 12, 14, 17, 23, 26, 31], [7, 8, 9, 11, 13, 14, 29, 30], [1, 2, 4, 6, 7, 8, 12, 14], [5, 6, 8, 9, 14, 16, 25, 28], [1, 3, 5, 6, 15, 17, 18, 24], [0, 1, 2, 4, 5, 6, 27, 29], [0, 1, 3, 8, 9, 11, 15, 27], [6, 7, 9, 11, 12, 14, 15, 16], [0, 1, 4, 8, 13, 14, 16, 22], [3, 5, 6, 8, 9, 15, 24, 29], [1, 2, 4, 14, 17, 26, 27, 29], [0, 1, 3, 4, 7, 8, 11, 18], [4, 5, 6, 9, 16, 20, 24, 26], [0, 2, 7, 8, 11, 14, 16, 26], [0, 1, 2, 3, 5, 9, 19, 30], [1, 2, 12, 13, 14, 27, 28, 29], [4, 8, 13, 15, 16, 17, 20, 29], [0, 2, 4, 7, 9, 11, 16, 18], [3, 5, 6, 10, 14, 16, 18, 30], [1, 2, 3, 4, 5, 8, 16, 18], [1, 2, 3, 5, 6, 15, 21, 26], [0, 4, 7, 8, 18, 22, 27, 28], [0, 1, 2, 4, 6, 7, 10, 12], [0, 2, 3, 4, 6, 9, 10, 13], [1, 3, 5, 6, 9, 15, 20, 28], [0, 1, 4, 8, 9, 16, 17, 24], [3, 4, 5, 7, 8, 11, 14, 31], [2, 3, 8, 14, 15, 23, 26, 29], [0, 1, 6, 9, 12, 16, 22, 24], [2, 6, 8, 9, 10, 16, 17, 18], [0, 1, 2, 4, 13, 16, 18, 19], [0, 1, 2, 12, 14, 17, 18, 23], [7, 8, 9, 10, 11, 23, 30, 31], [0, 3, 6, 9, 18, 19, 25, 28], [1, 2, 14, 15, 22, 24, 25, 26], [0, 5, 9, 10, 11, 12, 18, 24], [4, 8, 9, 12, 13, 15, 17, 25], [1, 2, 3, 5, 9, 11, 14, 23], [0, 1, 14, 19, 20, 21, 24, 30], [0, 1, 3, 6, 7, 9, 11, 21], [2, 3, 4, 5, 8, 11, 19, 21], [0, 1, 3, 4, 6, 9, 11, 23], [0, 4, 5, 16, 20, 23, 25, 31], [1, 2, 4, 7, 10, 15, 16, 22], [6, 7, 8, 9, 12, 17, 18, 23], [1, 8, 9, 11, 12, 14, 23, 24], [0, 1, 3, 8, 10, 14, 16, 30], [0, 1, 4, 6, 7, 9, 19, 20], [2, 5, 6, 13, 15, 16, 26, 31], [2, 3, 6, 7, 8, 12, 17, 18], [2, 3, 4, 5, 6, 10, 20, 21], [1, 2, 3, 4, 7, 10, 12, 19], [0, 1, 2, 4, 5, 7, 12, 31], [2, 3, 8, 14, 15, 18, 25, 28], [0, 1, 2, 3, 7, 14, 17, 25], [0, 3, 5, 8, 9, 12, 14, 26], [4, 7, 9, 10, 12, 13, 25, 26], [3, 4, 6, 11, 16, 17, 21, 31], [2, 4, 8, 12, 17, 22, 26, 30], [1, 6, 7, 8, 11, 12, 17, 22], [2, 4, 5, 7, 13, 22, 24, 30], [1, 2, 4, 5, 7, 24, 27, 30], [0, 1, 3, 4, 8, 19, 21, 28], [0, 1, 2, 5, 11, 13, 16, 27], [0, 1, 3, 8, 10, 18, 24, 25], [1, 2, 3, 4, 5, 10, 11, 25], [0, 1, 3, 4, 15, 16, 17, 31], [5, 10, 15, 16, 18, 19, 20, 22]]",8,0.4350490868091583,128,learned,0.0,12032,4.0,124,0.45719069242477417,23,16 88 48 80,2999,0.8170573115348816,test,top_r_mean,1.0,0.5,0.5,0.625
0.0426808936312104,0.0,94,0.0,31,68.03840002976358,qasper,0.5714285714285714,0.0,0.0,0.0,1808.10245:da9c0637623885afaf023a319beee87898948fe9,mean,0.6925188743994509,0.009334717877209187,"[[0, 1, 2, 5, 6, 8, 10, 11], [4, 5, 7, 9, 10, 11, 12, 14], [0, 1, 3, 4, 5, 6, 14, 22], [0, 1, 2, 7, 9, 16, 19, 22], [0, 1, 5, 6, 7, 8, 9, 12], [1, 2, 4, 7, 8, 12, 28, 30], [1, 2, 3, 5, 9, 14, 17, 20], [0, 1, 2, 3, 7, 8, 10, 14], [0, 1, 3, 6, 12, 14, 16, 28], [0, 2, 3, 4, 6, 17, 21, 30], [0, 5, 7, 9, 10, 12, 21, 22], [2, 5, 7, 8, 12, 16, 17, 23], [0, 2, 5, 15, 16, 20, 26, 27], [1, 10, 11, 17, 18, 25, 28, 31], [0, 1, 2, 4, 7, 8, 9, 10], [0, 2, 6, 7, 9, 18, 20, 31], [0, 1, 11, 12, 18, 23, 26, 28], [3, 6, 9, 11, 13, 14, 20, 28], [3, 4, 6, 8, 9, 14, 20, 24], [2, 3, 4, 5, 6, 7, 11, 27], [0, 2, 14, 15, 16, 25, 27, 31], [1, 5, 6, 8, 13, 14, 15, 24], [0, 2, 4, 6, 10, 11, 21, 22], [6, 10, 12, 13, 14, 20, 30, 31], [0, 1, 3, 4, 6, 7, 11, 13], [3, 5, 13, 14, 16, 19, 21, 22], [8, 10, 12, 13, 14, 17, 23, 31], [1, 7, 8, 9, 11, 13, 14, 30], [1, 2, 4, 6, 7, 8, 12, 14], [5, 6, 8, 9, 14, 24, 25, 28], [1, 3, 5, 6, 15, 17, 18, 23], [0, 1, 2, 4, 6, 13, 23, 27], [0, 1, 3, 9, 10, 11, 15, 27], [6, 7, 9, 11, 12, 14, 15, 16], [0, 1, 4, 8, 13, 14, 16, 22], [3, 5, 6, 8, 9, 15, 24, 29], [0, 1, 2, 4, 5, 14, 26, 27], [0, 1, 3, 4, 8, 9, 11, 18], [5, 6, 9, 16, 20, 22, 24, 26], [0, 2, 7, 8, 11, 14, 16, 26], [0, 1, 2, 3, 9, 15, 17, 30], [1, 2, 12, 14, 17, 27, 28, 29], [4, 8, 13, 15, 16, 17, 20, 24], [0, 2, 4, 7, 9, 11, 16, 18], [3, 5, 6, 10, 14, 16, 18, 30], [1, 2, 3, 4, 5, 8, 16, 18], [1, 2, 3, 5, 6, 15, 21, 26], [0, 4, 7, 8, 10, 18, 22, 28], [0, 1, 2, 4, 6, 7, 10, 12], [0, 2, 3, 4, 6, 9, 10, 13], [1, 3, 5, 6, 9, 15, 20, 28], [0, 1, 4, 9, 10, 16, 17, 24], [4, 5, 7, 8, 10, 11, 14, 31], [0, 2, 3, 8, 14, 15, 23, 26], [0, 1, 5, 6, 9, 12, 16, 24], [2, 4, 6, 9, 10, 16, 17, 18], [0, 1, 2, 4, 13, 16, 18, 19], [0, 1, 2, 6, 14, 17, 18, 23], [8, 9, 10, 11, 21, 23, 30, 31], [0, 2, 3, 6, 19, 25, 28, 29], [0, 1, 2, 13, 14, 15, 22, 24], [0, 4, 5, 9, 10, 11, 12, 18], [4, 8, 9, 12, 13, 15, 17, 25], [1, 2, 3, 5, 9, 11, 14, 23], [0, 1, 6, 14, 19, 20, 21, 24], [0, 1, 3, 6, 7, 9, 11, 21], [2, 3, 4, 5, 8, 11, 19, 21], [0, 1, 3, 4, 6, 9, 10, 11], [0, 4, 8, 9, 13, 16, 20, 31], [1, 2, 4, 7, 10, 15, 16, 22], [6, 7, 9, 12, 17, 18, 20, 23], [1, 8, 9, 11, 12, 14, 23, 24], [0, 1, 2, 3, 8, 10, 14, 30], [0, 1, 4, 6, 7, 9, 19, 20], [2, 4, 5, 6, 13, 15, 16, 31], [1, 2, 3, 7, 8, 12, 17, 18], [1, 3, 4, 5, 6, 10, 20, 21], [1, 2, 3, 4, 7, 9, 10, 12], [0, 1, 2, 4, 5, 6, 7, 12], [0, 1, 2, 3, 5, 7, 8, 15], [0, 1, 2, 3, 7, 14, 17, 25], [0, 3, 5, 8, 9, 12, 14, 26], [4, 6, 7, 9, 10, 12, 13, 26], [3, 4, 6, 11, 16, 17, 21, 31], [2, 4, 8, 12, 17, 22, 26, 30], [1, 6, 7, 8, 11, 12, 17, 22], [2, 4, 5, 7, 13, 22, 24, 30], [1, 3, 4, 5, 7, 8, 24, 27], [0, 1, 4, 7, 8, 19, 21, 28], [0, 1, 2, 5, 8, 11, 13, 27], [0, 1, 3, 10, 14, 18, 24, 25], [1, 2, 3, 4, 5, 10, 11, 25], [0, 1, 4, 6, 15, 16, 17, 31], [5, 10, 15, 16, 18, 19, 20, 22]]",8,0.4121990501880646,128,learned,0.0,12032,4.0,124,0.4322550892829895,37,16 48 88 80,2999,0.8619225025177002,test,top_r_mean,1.0,0.5,0.5,0.625
0.0426808936312104,0.0,94,0.0,31,65.4899999499321,qasper,0.5714285714285714,0.0,0.0,0.0,1808.10245:da9c0637623885afaf023a319beee87898948fe9,mean,0.6659803248684512,0.008227776736021042,"[[0, 1, 5, 6, 8, 10, 11, 15], [4, 5, 9, 10, 11, 12, 14, 16], [0, 1, 3, 4, 5, 6, 14, 22], [0, 1, 2, 7, 9, 12, 19, 22], [0, 1, 5, 7, 8, 9, 12, 23], [1, 2, 4, 7, 8, 12, 28, 30], [1, 2, 3, 5, 8, 9, 14, 20], [0, 1, 2, 3, 7, 8, 10, 14], [0, 1, 3, 6, 12, 14, 18, 28], [0, 2, 3, 4, 6, 21, 28, 30], [0, 5, 7, 9, 10, 12, 21, 22], [2, 5, 7, 8, 12, 16, 17, 23], [0, 2, 5, 15, 16, 20, 26, 27], [1, 10, 11, 17, 18, 25, 28, 31], [0, 1, 2, 4, 7, 8, 9, 10], [0, 2, 6, 9, 18, 20, 28, 31], [0, 1, 11, 12, 18, 23, 26, 28], [3, 6, 9, 11, 13, 14, 20, 28], [3, 4, 6, 8, 9, 14, 20, 24], [2, 3, 4, 5, 6, 7, 11, 27], [0, 2, 14, 15, 16, 25, 27, 29], [1, 5, 6, 8, 13, 14, 15, 24], [0, 2, 4, 6, 10, 11, 21, 22], [6, 12, 13, 14, 18, 20, 30, 31], [0, 1, 3, 4, 6, 7, 11, 13], [5, 13, 14, 15, 16, 19, 21, 22], [8, 10, 12, 13, 14, 17, 23, 31], [1, 7, 8, 9, 11, 13, 14, 30], [1, 2, 4, 6, 7, 8, 12, 14], [5, 6, 8, 9, 14, 24, 25, 28], [1, 3, 5, 6, 15, 17, 18, 23], [0, 1, 2, 4, 6, 13, 23, 27], [0, 1, 3, 9, 11, 15, 16, 27], [6, 7, 9, 11, 12, 15, 16, 25], [0, 1, 4, 8, 13, 14, 16, 22], [3, 4, 5, 6, 8, 9, 24, 29], [1, 2, 4, 5, 14, 17, 26, 27], [0, 1, 3, 4, 8, 9, 11, 18], [5, 6, 9, 16, 20, 22, 24, 26], [0, 2, 7, 8, 11, 14, 16, 26], [0, 1, 2, 3, 9, 19, 22, 30], [1, 2, 12, 13, 14, 17, 27, 28], [4, 8, 13, 16, 17, 20, 24, 29], [0, 2, 4, 7, 9, 11, 16, 18], [3, 5, 6, 10, 14, 16, 18, 30], [1, 2, 3, 4, 5, 8, 16, 18], [1, 2, 3, 5, 6, 15, 21, 26], [0, 4, 7, 8, 10, 18, 22, 28], [0, 1, 2, 4, 7, 10, 12, 30], [0, 2, 3, 4, 6, 9, 10, 13], [1, 3, 5, 6, 9, 15, 20, 28], [0, 1, 4, 9, 10, 16, 17, 24], [4, 5, 7, 8, 10, 11, 22, 31], [2, 3, 8, 14, 15, 23, 26, 30], [0, 1, 5, 6, 9, 12, 16, 24], [2, 4, 6, 9, 10, 11, 16, 17], [0, 1, 2, 4, 13, 16, 18, 19], [0, 1, 2, 10, 14, 17, 18, 23], [7, 8, 9, 10, 11, 21, 23, 31], [0, 2, 3, 6, 19, 25, 28, 29], [1, 2, 7, 13, 14, 15, 22, 24], [0, 4, 5, 9, 10, 11, 12, 18], [4, 8, 9, 12, 13, 15, 17, 25], [1, 2, 3, 5, 9, 11, 14, 23], [0, 1, 6, 14, 19, 21, 24, 30], [0, 1, 3, 6, 7, 9, 11, 21], [2, 3, 4, 5, 8, 11, 19, 21], [0, 1, 3, 4, 6, 9, 10, 11], [0, 4, 5, 8, 13, 16, 20, 31], [1, 2, 4, 7, 10, 15, 16, 22], [6, 7, 9, 12, 17, 18, 20, 23], [1, 8, 9, 11, 12, 14, 23, 24], [0, 1, 2, 3, 8, 10, 14, 30], [0, 1, 4, 6, 7, 9, 19, 20], [2, 4, 6, 13, 14, 15, 16, 31], [1, 2, 3, 7, 8, 12, 17, 21], [1, 3, 4, 5, 6, 10, 20, 21], [1, 2, 3, 4, 7, 10, 12, 22], [0, 1, 2, 4, 5, 7, 12, 31], [1, 2, 3, 5, 7, 8, 15, 28], [0, 1, 2, 3, 7, 14, 17, 25], [0, 3, 5, 8, 9, 12, 14, 26], [4, 6, 7, 9, 10, 12, 25, 26], [3, 4, 6, 11, 16, 17, 21, 31], [2, 4, 8, 12, 17, 22, 26, 30], [1, 6, 7, 8, 10, 12, 17, 22], [2, 4, 5, 7, 13, 22, 24, 30], [1, 2, 3, 4, 5, 7, 24, 27], [0, 1, 4, 8, 19, 21, 28, 31], [0, 1, 2, 8, 11, 13, 16, 27], [0, 1, 3, 10, 14, 18, 24, 25], [1, 2, 3, 4, 5, 10, 11, 25], [0, 1, 4, 6, 15, 16, 17, 31], [5, 10, 15, 16, 18, 19, 20, 22]]",8,0.41658294200897217,128,learned,0.0,12032,4.0,124,0.4366494417190552,53,16 48 88 80,2999,0.8354368209838867,test,top_r_mean,1.0,0.5,0.5,0.75
0.0426808936312104,0.0,94,0.0,31,66.34760019369423,qasper,0.5714285714285714,0.0,0.0,0.0,1808.10245:da9c0637623885afaf023a319beee87898948fe9,mean,0.6636925188743995,0.008941244333982468,"[[0, 1, 5, 6, 8, 10, 11, 15], [4, 9, 10, 11, 12, 14, 16, 26], [0, 1, 3, 4, 6, 14, 22, 23], [0, 1, 2, 9, 12, 16, 19, 22], [0, 1, 5, 7, 8, 9, 12, 24], [1, 2, 4, 7, 8, 12, 28, 30], [1, 2, 3, 5, 8, 9, 14, 17], [0, 1, 2, 3, 7, 10, 12, 14], [0, 1, 3, 6, 12, 14, 25, 28], [0, 2, 3, 4, 6, 17, 21, 30], [0, 5, 7, 9, 10, 12, 21, 22], [2, 5, 7, 8, 10, 16, 17, 23], [0, 2, 5, 16, 20, 25, 26, 27], [1, 10, 11, 18, 25, 28, 29, 31], [0, 1, 2, 4, 7, 8, 9, 10], [0, 2, 6, 9, 16, 18, 20, 31], [0, 1, 11, 18, 22, 23, 26, 28], [3, 6, 9, 11, 13, 14, 20, 28], [3, 4, 6, 8, 9, 14, 20, 24], [2, 3, 4, 5, 6, 7, 11, 27], [0, 2, 14, 15, 16, 25, 27, 29], [1, 6, 8, 12, 13, 14, 15, 24], [0, 2, 4, 6, 10, 11, 21, 22], [10, 12, 13, 14, 18, 20, 30, 31], [0, 1, 3, 4, 6, 7, 11, 13], [5, 13, 14, 15, 17, 19, 21, 22], [8, 10, 12, 13, 14, 17, 23, 31], [1, 7, 8, 9, 11, 13, 14, 30], [1, 2, 4, 6, 7, 8, 12, 14], [5, 6, 8, 9, 14, 24, 25, 28], [1, 3, 5, 6, 15, 17, 18, 24], [0, 1, 2, 4, 6, 13, 23, 27], [0, 1, 3, 10, 11, 15, 16, 27], [6, 7, 9, 11, 12, 15, 16, 25], [0, 1, 4, 8, 12, 13, 16, 22], [3, 4, 5, 6, 9, 13, 15, 29], [1, 2, 4, 14, 15, 26, 27, 29], [0, 1, 3, 4, 8, 9, 11, 18], [5, 6, 9, 16, 20, 24, 26, 27], [0, 2, 5, 8, 11, 14, 16, 26], [0, 1, 2, 3, 9, 15, 22, 30], [1, 12, 14, 17, 18, 27, 28, 29], [4, 8, 13, 15, 16, 17, 20, 29], [0, 2, 4, 7, 9, 11, 16, 18], [3, 5, 6, 10, 14, 16, 18, 30], [1, 2, 3, 4, 5, 8, 9, 18], [1, 2, 3, 5, 6, 16, 21, 26], [0, 4, 7, 8, 10, 18, 22, 28], [0, 1, 2, 4, 7, 10, 12, 30], [2, 3, 4, 6, 9, 10, 13, 15], [3, 5, 6, 9, 15, 20, 25, 28], [0, 1, 4, 9, 16, 24, 26, 28], [4, 5, 7, 8, 10, 11, 14, 31], [0, 3, 8, 14, 15, 23, 26, 30], [0, 1, 5, 6, 12, 16, 24, 25], [2, 4, 6, 9, 10, 11, 16, 17], [0, 1, 4, 5, 13, 16, 18, 19], [0, 1, 2, 10, 14, 17, 18, 23], [8, 9, 10, 11, 21, 23, 30, 31], [0, 3, 6, 18, 19, 25, 28, 29], [1, 2, 8, 14, 15, 22, 24, 25], [0, 4, 5, 9, 10, 11, 12, 18], [4, 8, 9, 12, 13, 15, 16, 17], [1, 2, 3, 5, 9, 11, 14, 23], [0, 1, 14, 19, 20, 21, 24, 30], [0, 1, 3, 6, 7, 9, 11, 21], [2, 3, 4, 5, 8, 11, 19, 21], [0, 1, 3, 4, 6, 9, 11, 12], [0, 4, 8, 13, 16, 20, 23, 31], [1, 2, 4, 7, 10, 15, 16, 22], [7, 9, 12, 17, 18, 20, 22, 23], [1, 8, 9, 11, 12, 14, 23, 24], [0, 1, 3, 8, 10, 13, 14, 30], [0, 1, 4, 6, 7, 9, 19, 20], [2, 4, 6, 13, 15, 16, 28, 31], [1, 2, 3, 7, 8, 12, 17, 21], [3, 4, 5, 6, 9, 10, 20, 21], [1, 2, 3, 4, 7, 10, 12, 22], [0, 1, 2, 4, 5, 7, 12, 31], [2, 3, 5, 8, 14, 15, 25, 28], [0, 1, 2, 3, 7, 14, 17, 25], [0, 3, 5, 8, 9, 12, 14, 26], [4, 6, 7, 9, 10, 12, 25, 26], [3, 4, 6, 16, 17, 21, 22, 31], [2, 4, 8, 12, 17, 22, 26, 30], [1, 6, 7, 8, 11, 12, 17, 22], [2, 4, 5, 7, 13, 22, 24, 30], [1, 4, 5, 7, 24, 26, 27, 30], [0, 1, 4, 8, 19, 21, 28, 31], [0, 1, 2, 11, 12, 13, 16, 27], [0, 1, 3, 10, 14, 18, 24, 25], [2, 3, 4, 5, 10, 11, 14, 25], [0, 1, 4, 15, 16, 17, 29, 31], [5, 10, 15, 16, 18, 19, 20, 22]]",8,0.4175163805484772,128,learned,0.0,12032,4.0,124,0.4384765028953552,71,16 48 88 80,2999,0.8287468552589417,test,top_r_mean,1.0,0.5,0.5,0.75
0.03673938002296211,0.0,109,0.0,31,70.78909990377724,qasper,4.0,0.0,0.0,0.0,2001.02885:96b07373756d7854bccc3c12e8d41454ab8741f5,mean,0.34964322120285424,1.2458264827728271,"[[0], [1], [0], [0], [5], [1], [1], [3], [0], [1], [2], [1], [0], [1], [0], [3], [0], [1], [1], [0], [1], [0], [0], [1], [0], [5], [0], [2], [2], [0], [0], [6], [0], [0], [0], [0], [0], [0], [0], [1], [0], [0], [1], [0], [1], [2], [1], [3], [0], [5], [0], [1], [3], [2], [0], [0], [0], [14], [1], [1], [1], [1], [1], [15], [0], [0], [1], [1], [3], [0], [3], [0], [0], [0], [1], [0], [0], [1], [3], [2], [0], [0], [2], [1], [0], [0], [12], [2], [0], [3], [1], [3], [1], [2], [3], [1], [0], [1], [1], [5], [2], [1], [2], [1], [0], [1], [1], [8], [0]]",1,1.0698271989822388,128,learned,0.0,1744,4.0,124,1.2563612461090088,11,56 16 32 64,3484,0.501510500907898,test,top_r_mean,0.0,0.5,0.25,0.5
0.03673938002296211,0.0,109,0.0,31,70.84789988584816,qasper,4.0,0.0,0.0,0.0,2001.02885:96b07373756d7854bccc3c12e8d41454ab8741f5,mean,0.33197417601087326,1.2382738590240479,"[[0], [1], [0], [0], [5], [1], [1], [3], [0], [1], [1], [1], [0], [1], [0], [3], [0], [1], [1], [0], [1], [0], [0], [1], [0], [8], [0], [2], [2], [0], [0], [6], [0], [0], [0], [0], [0], [0], [0], [1], [0], [0], [1], [0], [1], [2], [1], [3], [0], [5], [0], [1], [3], [2], [0], [0], [0], [14], [1], [1], [0], [1], [1], [13], [0], [0], [1], [1], [3], [0], [3], [0], [0], [0], [1], [0], [0], [2], [3], [1], [0], [0], [4], [1], [0], [0], [12], [2], [0], [1], [1], [3], [1], [2], [4], [1], [0], [0], [0], [5], [2], [1], [18], [1], [0], [0], [0], [8], [0]]",1,1.0572140216827393,128,learned,0.0,1744,4.0,124,1.2475868463516235,23,56 16 32 64,3484,0.48373642563819885,test,top_r_mean,0.0,0.5,0.25,0.5
0.03673938002296211,0.0,109,0.0,31,69.02209995314479,qasper,4.0,0.0,0.0,0.0,2001.02885:96b07373756d7854bccc3c12e8d41454ab8741f5,mean,0.34998301053346925,1.2351957559585571,"[[0], [1], [0], [0], [5], [1], [1], [3], [0], [1], [1], [1], [0], [1], [0], [3], [0], [1], [1], [0], [1], [0], [0], [1], [0], [8], [0], [2], [2], [0], [0], [6], [0], [0], [0], [0], [0], [0], [0], [1], [0], [0], [1], [0], [1], [2], [1], [3], [0], [1], [0], [1], [3], [2], [0], [0], [0], [14], [1], [1], [1], [1], [1], [13], [0], [0], [1], [1], [2], [0], [3], [0], [0], [0], [1], [0], [0], [2], [3], [2], [0], [0], [2], [1], [0], [0], [2], [2], [0], [1], [1], [3], [1], [2], [3], [1], [0], [0], [0], [5], [2], [1], [2], [1], [0], [0], [0], [5], [0]]",1,1.0552818775177002,128,learned,0.0,1744,4.0,124,1.2471739053726196,37,56 16 32 64,3484,0.506449818611145,test,top_r_mean,0.0,0.5,0.25,0.5
0.03673938002296211,0.0,109,0.0,31,71.30629988387227,qasper,4.0,0.0,0.0,0.0,2001.02885:96b07373756d7854bccc3c12e8d41454ab8741f5,mean,0.3540604825008495,1.237283706665039,"[[0], [1], [0], [0], [5], [1], [1], [3], [0], [1], [1], [1], [0], [1], [0], [3], [0], [1], [1], [0], [1], [0], [0], [1], [0], [5], [0], [2], [2], [0], [0], [6], [0], [0], [0], [0], [0], [0], [0], [1], [0], [0], [1], [0], [1], [2], [1], [0], [0], [1], [0], [1], [3], [2], [0], [0], [0], [14], [1], [1], [1], [1], [1], [13], [0], [0], [1], [1], [2], [0], [3], [0], [0], [0], [1], [0], [0], [1], [3], [1], [0], [0], [2], [1], [0], [0], [2], [2], [0], [3], [1], [3], [1], [2], [3], [1], [0], [0], [0], [5], [2], [1], [2], [1], [0], [0], [0], [8], [0]]",1,1.0574288368225098,128,learned,0.0,1744,4.0,124,1.2446764707565308,53,56 16 32 64,3484,0.5120934247970581,test,top_r_mean,0.0,0.5,0.25,0.5
0.03673938002296211,0.0,109,0.0,31,72.18250003643334,qasper,4.0,0.0,0.0,0.0,2001.02885:96b07373756d7854bccc3c12e8d41454ab8741f5,mean,0.34386680258239893,1.240978479385376,"[[0], [1], [0], [0], [5], [1], [1], [3], [0], [1], [1], [1], [0], [1], [0], [3], [0], [1], [1], [0], [1], [0], [0], [1], [0], [8], [0], [2], [2], [0], [0], [6], [0], [0], [0], [0], [0], [0], [0], [1], [0], [0], [1], [0], [1], [2], [1], [0], [0], [5], [0], [1], [3], [2], [0], [0], [0], [14], [1], [1], [1], [1], [1], [13], [0], [0], [1], [1], [3], [0], [3], [0], [0], [0], [1], [0], [0], [1], [3], [2], [0], [0], [4], [1], [0], [0], [2], [2], [0], [3], [1], [3], [1], [2], [3], [1], [0], [0], [1], [5], [2], [1], [2], [1], [0], [1], [0], [8], [0]]",1,1.0600863695144653,128,learned,0.0,1744,4.0,124,1.2477461099624634,71,56 16 32 64,3484,0.4968492090702057,test,top_r_mean,0.0,0.5,0.25,0.5
0.03673938002296211,0.0,109,0.0,31,76.53069985099137,qasper,4.0,0.0,0.0,0.0,2001.02885:96b07373756d7854bccc3c12e8d41454ab8741f5,mean,0.4672103295956507,0.21887773275375366,"[[0, 1], [1, 2], [0, 2], [0, 2], [5, 6], [1, 2], [1, 3], [3, 5], [0, 1], [1, 4], [2, 4], [1, 3], [0, 4], [1, 4], [0, 2], [3, 5], [0, 1], [1, 10], [1, 2], [0, 3], [1, 3], [0, 1], [0, 1], [1, 2], [0, 1], [5, 15], [0, 1], [2, 5], [2, 5], [0, 1], [0, 1], [6, 8], [0, 1], [0, 1], [0, 1], [0, 2], [0, 2], [0, 1], [0, 1], [1, 2], [0, 1], [0, 2], [1, 3], [0, 1], [1, 9], [2, 3], [1, 4], [3, 4], [0, 1], [5, 10], [0, 1], [1, 2], [3, 4], [2, 3], [0, 2], [0, 1], [0, 1], [14, 15], [1, 4], [1, 2], [1, 2], [1, 2], [1, 4], [15, 19], [0, 1], [0, 1], [1, 3], [1, 5], [3, 4], [0, 3], [3, 5], [0, 1], [0, 1], [0, 1], [1, 6], [0, 2], [0, 1], [1, 2], [3, 4], [2, 4], [0, 1], [0, 1], [2, 4], [1, 2], [0, 1], [0, 2], [12, 13], [2, 3], [0, 1], [3, 5], [1, 4], [3, 6], [1, 3], [2, 4], [3, 4], [1, 3], [0, 1], [1, 4], [1, 3], [5, 8], [2, 6], [1, 2], [2, 18], [1, 3], [0, 1], [1, 3], [1, 2], [8, 10], [0, 1]]",2,0.7987441420555115,128,learned,0.0,3488,4.0,124,0.8723751902580261,11,88 24 80 96,3484,0.6349642872810364,test,top_r_mean,0.0,0.0,0.25,0.5
0.03673938002296211,0.0,109,0.0,31,74.43250017240644,qasper,4.0,0.0,0.0,0.0,2001.02885:96b07373756d7854bccc3c12e8d41454ab8741f5,mean,0.48250084947332655,0.21353790163993835,"[[0, 1], [1, 2], [0, 2], [0, 2], [5, 6], [1, 2], [1, 3], [3, 5], [0, 1], [1, 4], [1, 2], [1, 3], [0, 4], [1, 4], [0, 4], [3, 5], [0, 1], [1, 10], [1, 3], [0, 3], [1, 3], [0, 1], [0, 1], [1, 2], [0, 1], [8, 15], [0, 1], [2, 5], [2, 5], [0, 1], [0, 1], [6, 8], [0, 1], [0, 1], [0, 1], [0, 2], [0, 2], [0, 1], [0, 1], [1, 2], [0, 1], [0, 2], [1, 3], [0, 1], [1, 9], [2, 3], [1, 4], [3, 4], [0, 1], [5, 10], [0, 1], [1, 2], [3, 4], [2, 3], [0, 2], [0, 1], [0, 1], [14, 16], [1, 4], [1, 2], [0, 1], [1, 2], [1, 4], [13, 15], [0, 1], [0, 1], [1, 3], [1, 5], [3, 4], [0, 3], [3, 5], [0, 1], [0, 1], [0, 1], [1, 6], [0, 4], [0, 1], [2, 10], [3, 4], [1, 2], [0, 1], [0, 1], [4, 5], [1, 2], [0, 1], [0, 3], [12, 13], [2, 3], [0, 1], [1, 3], [1, 4], [3, 6], [1, 3], [2, 6], [4, 8], [1, 3], [0, 1], [0, 1], [0, 1], [5, 8], [2, 5], [1, 2], [18, 19], [1, 3], [0, 1], [0, 1], [0, 1], [8, 9], [0, 1]]",2,0.7846971750259399,128,learned,0.0,3488,4.0,124,0.8593481779098511,23,88 24 80 96,3484,0.648521900177002,test,top_r_mean,0.0,0.0,0.25,0.5
0.03673938002296211,0.0,109,0.0,31,71.60699996165931,qasper,4.0,0.0,0.0,0.0,2001.02885:96b07373756d7854bccc3c12e8d41454ab8741f5,mean,0.44070676180767926,0.22058001160621643,"[[0, 1], [1, 2], [0, 2], [0, 2], [5, 6], [1, 2], [1, 3], [3, 5], [0, 1], [1, 4], [1, 2], [1, 3], [0, 1], [1, 2], [0, 2], [3, 5], [0, 1], [1, 10], [1, 2], [0, 3], [1, 3], [0, 1], [0, 1], [1, 2], [0, 1], [8, 15], [0, 1], [2, 5], [2, 5], [0, 1], [0, 1], [6, 8], [0, 1], [0, 1], [0, 1], [0, 2], [0, 2], [0, 1], [0, 1], [1, 2], [0, 1], [0, 2], [1, 3], [0, 1], [1, 9], [2, 3], [1, 4], [3, 4], [0, 1], [1, 5], [0, 1], [1, 2], [3, 4], [2, 3], [0, 2], [0, 1], [0, 1], [14, 15], [1, 4], [1, 2], [1, 2], [1, 2], [1, 4], [13, 15], [0, 1], [0, 1], [1, 3], [1, 5], [2, 3], [0, 3], [3, 5], [0, 1], [0, 1], [0, 1], [1, 6], [0, 2], [0, 1], [2, 10], [3, 4], [2, 4], [0, 1], [0, 1], [2, 4], [1, 2], [0, 1], [0, 2], [2, 12], [2, 3], [0, 1], [1, 3], [1, 4], [3, 6], [1, 2], [2, 4], [3, 4], [1, 3], [0, 1], [0, 1], [0, 1], [5, 8], [2, 6], [1, 2], [2, 18], [1, 3], [0, 1], [0, 1], [0, 1], [5, 8], [0, 1]]",2,0.8002820014953613,128,learned,0.0,3488,4.0,124,0.8758347630500793,37,88 24 80 96,3484,0.6046798229217529,test,top_r_mean,0.0,0.0,0.25,0.5
0.03673938002296211,0.0,109,0.0,31,68.02959996275604,qasper,4.0,0.0,0.0,0.0,2001.02885:96b07373756d7854bccc3c12e8d41454ab8741f5,mean,0.4345905538566089,0.22071687877178192,"[[0, 1], [1, 2], [0, 1], [0, 2], [5, 6], [1, 2], [1, 3], [3, 5], [0, 1], [1, 4], [1, 2], [1, 3], [0, 1], [1, 2], [0, 2], [3, 5], [0, 1], [1, 10], [1, 2], [0, 3], [1, 3], [0, 1], [0, 1], [1, 2], [0, 1], [5, 15], [0, 1], [2, 5], [2, 5], [0, 1], [0, 1], [6, 8], [0, 1], [0, 1], [0, 1], [0, 2], [0, 2], [0, 1], [0, 1], [1, 2], [0, 1], [0, 2], [1, 3], [0, 1], [1, 9], [2, 3], [1, 4], [0, 3], [0, 1], [1, 5], [0, 1], [1, 2], [3, 4], [2, 3], [0, 2], [0, 1], [0, 1], [14, 15], [1, 4], [1, 2], [1, 2], [1, 2], [1, 4], [13, 15], [0, 1], [0, 1], [1, 3], [1, 5], [2, 3], [0, 3], [3, 5], [0, 1], [0, 1], [0, 1], [1, 6], [0, 2], [0, 1], [1, 2], [3, 4], [1, 2], [0, 1], [0, 1], [2, 4], [1, 2], [0, 1], [0, 2], [2, 12], [2, 3], [0, 1], [3, 5], [1, 4], [3, 6], [1, 3], [2, 4], [3, 4], [1, 3], [0, 1], [0, 1], [0, 1], [5, 8], [2, 6], [1, 2], [2, 18], [1, 3], [0, 1], [0, 1], [0, 1], [8, 10], [0, 1]]",2,0.7993106245994568,128,learned,0.0,3488,4.0,124,0.8743451833724976,53,88 24 80 96,3484,0.5967843532562256,test,top_r_mean,0.0,0.0,0.25,0.5
0.03673938002296211,0.0,109,0.0,31,70.70509996265173,qasper,4.0,0.0,0.0,0.0,2001.02885:96b07373756d7854bccc3c12e8d41454ab8741f5,mean,0.4712878015630309,0.21608658134937286,"[[0, 1], [1, 2], [0, 2], [0, 2], [5, 6], [1, 2], [1, 3], [3, 5], [0, 1], [1, 4], [1, 2], [1, 3], [0, 1], [1, 4], [0, 2], [3, 5], [0, 1], [1, 10], [1, 2], [0, 3], [1, 3], [0, 1], [0, 1], [1, 17], [0, 1], [8, 15], [0, 1], [2, 5], [2, 5], [0, 1], [0, 1], [6, 8], [0, 1], [0, 1], [0, 1], [0, 2], [0, 2], [0, 1], [0, 1], [1, 2], [0, 2], [0, 2], [1, 3], [0, 1], [1, 9], [2, 3], [1, 4], [0, 3], [0, 1], [5, 10], [0, 1], [1, 2], [3, 4], [2, 3], [0, 2], [0, 1], [0, 1], [14, 15], [1, 4], [1, 2], [1, 2], [1, 2], [1, 4], [13, 15], [0, 3], [0, 1], [1, 3], [1, 5], [3, 4], [0, 1], [3, 5], [0, 1], [0, 1], [0, 1], [1, 6], [0, 4], [0, 1], [1, 2], [3, 4], [2, 4], [0, 1], [0, 1], [4, 5], [1, 2], [0, 1], [0, 2], [2, 12], [2, 3], [0, 1], [3, 6], [1, 4], [3, 6], [1, 3], [2, 6], [3, 4], [1, 3], [0, 1], [0, 1], [1, 3], [5, 8], [2, 6], [1, 2], [2, 18], [1, 3], [0, 1], [1, 3], [0, 1], [8, 10], [0, 1]]",2,0.7939850091934204,128,learned,0.0,3488,4.0,124,0.8652405738830566,71,88 24 80 96,3484,0.640691339969635,test,top_r_mean,0.0,0.0,0.25,0.5
0.03673938002296211,0.0,109,0.0,31,76.15040009841323,qasper,4.0,0.0,0.0,0.0,2001.02885:96b07373756d7854bccc3c12e8d41454ab8741f5,mean,0.4960924226979273,0.032172732055187225,"[[0, 1, 2, 10], [1, 2, 6, 7], [0, 2, 7, 8], [0, 2, 3, 4], [5, 6, 20, 21], [1, 2, 6, 8], [1, 3, 4, 7], [3, 5, 6, 7], [0, 1, 7, 8], [1, 4, 5, 10], [2, 4, 5, 8], [1, 3, 8, 12], [0, 4, 5, 9], [1, 4, 5, 7], [0, 2, 11, 12], [3, 5, 6, 7], [0, 1, 2, 4], [1, 10, 11, 12], [1, 2, 3, 7], [0, 3, 4, 6], [1, 3, 9, 10], [0, 1, 2, 4], [0, 1, 2, 6], [1, 2, 21, 23], [0, 1, 4, 11], [5, 15, 24, 25], [0, 1, 2, 4], [2, 5, 8, 9], [2, 5, 6, 8], [0, 1, 2, 3], [0, 1, 2, 4], [6, 8, 9, 14], [0, 1, 2, 4], [0, 1, 5, 6], [0, 1, 4, 6], [0, 2, 3, 4], [0, 2, 5, 7], [0, 1, 3, 4], [0, 1, 2, 3], [1, 2, 3, 4], [0, 1, 2, 3], [0, 2, 3, 11], [1, 3, 7, 8], [0, 1, 4, 6], [1, 9, 12, 14], [2, 3, 5, 12], [1, 4, 7, 10], [3, 4, 9, 10], [0, 1, 17, 19], [5, 10, 11, 14], [0, 1, 2, 3], [1, 2, 8, 16], [3, 4, 9, 10], [2, 3, 4, 11], [0, 2, 9, 11], [0, 1, 2, 14], [0, 1, 5, 6], [14, 15, 19, 21], [1, 4, 5, 6], [1, 2, 4, 5], [1, 2, 6, 10], [1, 2, 10, 13], [1, 4, 5, 7], [15, 19, 20, 22], [0, 1, 3, 11], [0, 1, 4, 5], [1, 3, 5, 6], [1, 5, 10, 11], [3, 4, 5, 8], [0, 3, 9, 11], [3, 5, 9, 13], [0, 1, 10, 11], [0, 1, 5, 8], [0, 1, 4, 7], [1, 6, 11, 16], [0, 2, 4, 8], [0, 1, 4, 5], [1, 2, 10, 11], [3, 4, 5, 6], [2, 4, 5, 6], [0, 1, 2, 4], [0, 1, 2, 4], [2, 4, 5, 6], [1, 2, 3, 5], [0, 1, 4, 7], [0, 2, 3, 4], [12, 13, 14, 15], [2, 3, 16, 19], [0, 1, 3, 6], [3, 5, 6, 10], [1, 4, 5, 6], [3, 6, 7, 9], [1, 3, 10, 21], [2, 4, 6, 7], [3, 4, 8, 12], [1, 3, 7, 13], [0, 1, 6, 7], [1, 4, 6, 8], [1, 3, 5, 6], [5, 8, 10, 13], [2, 6, 7, 9], [1, 2, 3, 4], [2, 18, 19, 20], [1, 3, 6, 12], [0, 1, 5, 7], [1, 3, 8, 11], [1, 2, 3, 4], [8, 10, 13, 14], [0, 1, 2, 3]]",4,0.8377013206481934,128,learned,0.0,6976,4.0,124,0.8778552412986755,11,80 88 24 96,3484,0.6690760254859924,test,top_r_mean,0.0,0.0,0.25,0.625
0.03673938002296211,0.0,109,0.0,31,77.04439992085099,qasper,4.0,0.0,0.0,0.0,2001.02885:96b07373756d7854bccc3c12e8d41454ab8741f5,mean,0.5246347264695889,0.028429612517356873,"[[0, 1, 2, 10], [1, 2, 5, 6], [0, 2, 6, 7], [0, 2, 3, 4], [5, 6, 20, 21], [1, 2, 5, 6], [1, 3, 4, 7], [3, 5, 6, 7], [0, 1, 7, 8], [1, 4, 5, 10], [1, 2, 4, 5], [1, 3, 7, 8], [0, 4, 5, 9], [1, 4, 5, 7], [0, 4, 8, 11], [3, 5, 6, 7], [0, 1, 2, 4], [1, 10, 11, 12], [1, 3, 7, 8], [0, 3, 4, 6], [1, 3, 9, 10], [0, 1, 2, 4], [0, 1, 2, 6], [1, 2, 21, 23], [0, 1, 4, 11], [8, 15, 24, 25], [0, 1, 2, 3], [2, 5, 8, 9], [2, 5, 6, 8], [0, 1, 2, 3], [0, 1, 2, 4], [6, 8, 9, 14], [0, 1, 2, 10], [0, 1, 5, 6], [0, 1, 4, 6], [0, 2, 3, 4], [0, 2, 5, 7], [0, 1, 3, 4], [0, 1, 2, 3], [1, 2, 3, 4], [0, 1, 2, 3], [0, 2, 3, 11], [1, 3, 7, 8], [0, 1, 4, 6], [1, 9, 12, 14], [2, 3, 5, 13], [1, 4, 6, 7], [3, 4, 9, 10], [0, 1, 17, 19], [5, 10, 11, 14], [0, 1, 2, 3], [1, 2, 5, 8], [3, 4, 9, 10], [2, 3, 4, 11], [0, 2, 9, 11], [0, 1, 2, 3], [0, 1, 5, 6], [14, 16, 19, 21], [1, 4, 5, 6], [1, 2, 4, 5], [0, 1, 2, 6], [1, 2, 7, 10], [1, 4, 5, 7], [13, 15, 16, 19], [0, 1, 6, 11], [0, 1, 4, 5], [1, 3, 5, 6], [1, 5, 10, 11], [3, 4, 5, 8], [0, 3, 9, 11], [3, 5, 9, 13], [0, 1, 10, 11], [0, 1, 8, 9], [0, 1, 4, 7], [1, 6, 11, 15], [0, 4, 10, 11], [0, 1, 4, 5], [2, 10, 11, 15], [3, 4, 5, 6], [1, 2, 4, 5], [0, 1, 2, 6], [0, 1, 2, 4], [4, 5, 6, 8], [1, 2, 3, 5], [0, 1, 4, 7], [0, 3, 4, 6], [12, 13, 14, 15], [2, 3, 18, 19], [0, 1, 3, 6], [1, 3, 6, 10], [1, 4, 5, 6], [3, 6, 9, 13], [1, 3, 6, 10], [2, 6, 7, 9], [4, 8, 9, 12], [1, 3, 7, 13], [0, 1, 6, 7], [0, 1, 4, 6], [0, 1, 3, 5], [5, 8, 10, 12], [2, 5, 7, 9], [1, 2, 3, 4], [18, 19, 20, 24], [1, 3, 4, 23], [0, 1, 4, 5], [0, 1, 3, 8], [0, 1, 2, 3], [8, 9, 10, 14], [0, 1, 2, 3]]",4,0.8253542184829712,128,learned,0.0,6976,4.0,124,0.8598220944404602,23,80 88 24 96,3484,0.6987953186035156,test,top_r_mean,0.0,0.0,0.25,0.5
0.03673938002296211,0.0,109,0.0,31,72.08480010740459,qasper,4.0,0.0,0.0,0.0,2001.02885:96b07373756d7854bccc3c12e8d41454ab8741f5,mean,0.5144410465511383,0.02639794908463955,"[[0, 1, 2, 8], [1, 2, 5, 6], [0, 2, 7, 8], [0, 2, 3, 4], [5, 6, 20, 21], [1, 2, 5, 6], [1, 3, 4, 7], [3, 5, 6, 7], [0, 1, 4, 7], [1, 4, 5, 10], [1, 2, 4, 5], [1, 3, 4, 8], [0, 1, 4, 5], [1, 2, 4, 5], [0, 2, 4, 8], [3, 5, 6, 7], [0, 1, 2, 4], [1, 10, 11, 12], [1, 2, 3, 7], [0, 3, 4, 6], [1, 3, 9, 10], [0, 1, 2, 4], [0, 1, 2, 6], [1, 2, 21, 23], [0, 1, 4, 8], [8, 15, 24, 25], [0, 1, 2, 3], [2, 5, 8, 9], [2, 5, 6, 8], [0, 1, 2, 3], [0, 1, 2, 4], [6, 8, 9, 14], [0, 1, 2, 10], [0, 1, 5, 6], [0, 1, 4, 6], [0, 2, 3, 4], [0, 2, 5, 7], [0, 1, 3, 4], [0, 1, 2, 3], [1, 2, 3, 4], [0, 1, 2, 3], [0, 2, 3, 11], [1, 3, 7, 8], [0, 1, 4, 6], [1, 9, 12, 14], [2, 3, 5, 12], [1, 4, 6, 7], [3, 4, 9, 10], [0, 1, 17, 19], [1, 5, 10, 11], [0, 1, 2, 3], [1, 2, 5, 8], [3, 4, 9, 10], [2, 3, 4, 11], [0, 2, 9, 11], [0, 1, 2, 3], [0, 1, 5, 6], [14, 15, 19, 21], [1, 4, 5, 6], [1, 2, 4, 5], [1, 2, 6, 10], [1, 2, 7, 10], [1, 4, 5, 7], [13, 15, 19, 20], [0, 1, 6, 11], [0, 1, 4, 5], [1, 3, 4, 5], [1, 5, 8, 10], [2, 3, 4, 5], [0, 3, 9, 11], [3, 5, 9, 13], [0, 1, 10, 11], [0, 1, 5, 8], [0, 1, 4, 7], [1, 6, 11, 15], [0, 2, 4, 8], [0, 1, 4, 5], [2, 10, 11, 15], [3, 4, 5, 6], [2, 4, 5, 6], [0, 1, 2, 4], [0, 1, 2, 4], [2, 4, 5, 6], [1, 2, 3, 5], [0, 1, 4, 7], [0, 2, 3, 4], [2, 12, 13, 14], [2, 3, 16, 19], [0, 1, 6, 7], [1, 3, 6, 10], [1, 4, 5, 6], [3, 6, 7, 9], [1, 2, 3, 6], [2, 4, 6, 7], [3, 4, 8, 12], [1, 3, 7, 13], [0, 1, 6, 7], [0, 1, 4, 6], [0, 1, 3, 5], [5, 8, 10, 13], [2, 6, 7, 9], [1, 2, 3, 4], [2, 18, 19, 20], [1, 3, 6, 12], [0, 1, 5, 7], [0, 1, 2, 3], [0, 1, 2, 3], [5, 8, 10, 14], [0, 1, 2, 3]]",4,0.8428835272789001,128,learned,0.0,6976,4.0,124,0.8769637942314148,37,80 96 64 48,3484,0.6853395700454712,test,top_r_mean,0.0,0.0,0.0,0.625
0.03673938002296211,0.0,109,0.0,31,79.60109994746745,qasper,4.0,0.0,0.0,0.0,2001.02885:96b07373756d7854bccc3c12e8d41454ab8741f5,mean,0.5208970438328236,0.02797376736998558,"[[0, 1, 2, 8], [1, 2, 6, 7], [0, 1, 2, 7], [0, 2, 3, 4], [5, 6, 20, 21], [1, 2, 5, 6], [1, 3, 4, 7], [3, 5, 6, 7], [0, 1, 4, 7], [1, 4, 5, 10], [1, 2, 4, 5], [1, 3, 8, 12], [0, 1, 4, 5], [1, 2, 4, 5], [0, 2, 4, 11], [3, 5, 6, 7], [0, 1, 2, 4], [1, 10, 11, 12], [1, 2, 3, 7], [0, 3, 4, 6], [1, 3, 9, 10], [0, 1, 2, 4], [0, 1, 2, 6], [1, 2, 21, 23], [0, 1, 4, 8], [5, 15, 24, 25], [0, 1, 2, 3], [2, 5, 8, 9], [2, 5, 6, 8], [0, 1, 2, 3], [0, 1, 2, 4], [6, 8, 9, 14], [0, 1, 2, 10], [0, 1, 5, 6], [0, 1, 4, 6], [0, 2, 3, 4], [0, 2, 5, 7], [0, 1, 3, 4], [0, 1, 2, 3], [1, 2, 3, 4], [0, 1, 2, 3], [0, 2, 3, 11], [1, 3, 7, 8], [0, 1, 4, 6], [1, 9, 12, 14], [2, 3, 5, 6], [1, 4, 6, 7], [0, 3, 4, 9], [0, 1, 17, 19], [1, 5, 10, 11], [0, 1, 2, 3], [1, 2, 5, 8], [3, 4, 8, 9], [2, 3, 4, 11], [0, 2, 9, 11], [0, 1, 2, 3], [0, 1, 5, 6], [14, 15, 19, 21], [1, 4, 5, 6], [1, 2, 4, 5], [1, 2, 6, 10], [1, 2, 7, 10], [1, 4, 5, 6], [13, 15, 19, 20], [0, 1, 3, 11], [0, 1, 4, 5], [1, 3, 5, 6], [1, 5, 10, 11], [2, 3, 4, 5], [0, 3, 9, 11], [3, 5, 9, 13], [0, 1, 10, 11], [0, 1, 5, 8], [0, 1, 4, 7], [1, 6, 11, 15], [0, 2, 4, 8], [0, 1, 4, 5], [1, 2, 10, 11], [3, 4, 5, 6], [1, 2, 4, 5], [0, 1, 2, 6], [0, 1, 2, 4], [2, 4, 5, 6], [1, 2, 3, 5], [0, 1, 4, 7], [0, 2, 3, 4], [2, 12, 13, 14], [2, 3, 16, 19], [0, 1, 3, 6], [3, 5, 6, 10], [1, 4, 5, 6], [3, 6, 7, 9], [1, 3, 6, 10], [2, 4, 6, 7], [3, 4, 8, 12], [1, 3, 7, 13], [0, 1, 6, 7], [0, 1, 4, 6], [0, 1, 3, 5], [5, 8, 10, 13], [2, 6, 7, 9], [1, 2, 3, 4], [2, 18, 19, 20], [1, 3, 4, 6], [0, 1, 5, 7], [0, 1, 2, 3], [0, 1, 2, 3], [8, 10, 13, 14], [0, 1, 2, 3]]",4,0.8466074466705322,128,learned,0.0,6976,4.0,124,0.8832641243934631,53,80 88 96 48,3484,0.6905661821365356,test,top_r_mean,0.0,0.0,0.25,0.625
0.03673938002296211,0.0,109,0.0,31,71.17160013876855,qasper,4.0,0.0,0.0,0.0,2001.02885:96b07373756d7854bccc3c12e8d41454ab8741f5,mean,0.5351681957186545,0.02923360839486122,"[[0, 1, 2, 10], [1, 2, 6, 7], [0, 2, 7, 9], [0, 2, 3, 4], [5, 6, 20, 21], [1, 2, 5, 6], [1, 3, 4, 7], [3, 5, 6, 7], [0, 1, 7, 8], [1, 4, 5, 10], [1, 2, 4, 5], [1, 3, 7, 8], [0, 1, 4, 9], [1, 4, 5, 7], [0, 2, 4, 12], [3, 5, 6, 7], [0, 1, 2, 4], [1, 10, 11, 12], [1, 2, 3, 7], [0, 3, 4, 6], [1, 3, 9, 10], [0, 1, 2, 4], [0, 1, 2, 6], [1, 17, 21, 23], [0, 1, 4, 11], [8, 15, 24, 25], [0, 1, 2, 3], [2, 5, 8, 9], [2, 5, 6, 8], [0, 1, 2, 3], [0, 1, 2, 4], [6, 8, 9, 14], [0, 1, 2, 10], [0, 1, 5, 6], [0, 1, 4, 6], [0, 2, 3, 4], [0, 2, 5, 7], [0, 1, 3, 4], [0, 1, 2, 3], [1, 2, 3, 4], [0, 2, 3, 4], [0, 2, 3, 11], [1, 3, 7, 8], [0, 1, 4, 6], [1, 9, 12, 14], [2, 3, 5, 12], [1, 4, 6, 7], [0, 3, 4, 9], [0, 1, 17, 19], [5, 10, 11, 14], [0, 1, 2, 3], [1, 2, 5, 8], [3, 4, 9, 10], [2, 3, 4, 11], [0, 2, 9, 11], [0, 1, 2, 3], [0, 1, 5, 6], [14, 15, 19, 21], [1, 4, 5, 6], [1, 2, 4, 5], [1, 2, 6, 7], [1, 2, 10, 12], [1, 4, 5, 7], [13, 15, 19, 20], [0, 3, 6, 11], [0, 1, 4, 5], [1, 3, 5, 6], [1, 5, 10, 11], [3, 4, 5, 8], [0, 1, 3, 9], [3, 5, 9, 13], [0, 1, 10, 11], [0, 1, 5, 8], [0, 1, 4, 7], [1, 6, 11, 15], [0, 4, 10, 11], [0, 1, 4, 5], [1, 2, 10, 11], [3, 4, 5, 6], [2, 4, 5, 6], [0, 1, 2, 6], [0, 1, 2, 4], [4, 5, 6, 11], [1, 2, 3, 5], [0, 1, 4, 7], [0, 2, 3, 4], [2, 12, 13, 14], [2, 3, 18, 19], [0, 1, 6, 7], [3, 6, 10, 11], [1, 4, 5, 6], [3, 6, 7, 9], [1, 3, 10, 21], [2, 6, 7, 9], [3, 4, 8, 12], [1, 3, 7, 13], [0, 1, 6, 7], [0, 1, 4, 6], [1, 3, 5, 6], [5, 8, 10, 12], [2, 6, 7, 9], [1, 2, 3, 4], [2, 18, 19, 20], [1, 3, 6, 23], [0, 1, 5, 7], [1, 3, 8, 9], [0, 1, 2, 3], [8, 10, 14, 17], [0, 1, 2, 3]]",4,0.8391050100326538,128,learned,0.0,6976,4.0,124,0.8766177296638489,71,80 24 96 40,3484,0.7034843564033508,test,top_r_mean,0.0,0.0,0.25,0.5
0.03673938002296211,0.0,109,0.0,31,84.42079997621477,qasper,4.0,0.0,0.0,0.0,2001.02885:96b07373756d7854bccc3c12e8d41454ab8741f5,mean,0.6547740400951411,0.011208213865756989,"[[0, 1, 2, 10, 13, 23, 30, 31], [1, 2, 6, 7, 12, 14, 26, 30], [0, 2, 7, 8, 9, 11, 14, 19], [0, 2, 3, 4, 6, 19, 23, 30], [5, 6, 20, 21, 24, 26, 28, 31], [1, 2, 6, 8, 9, 12, 15, 16], [1, 3, 4, 7, 10, 13, 14, 21], [3, 5, 6, 7, 8, 9, 17, 25], [0, 1, 7, 8, 10, 14, 15, 30], [1, 4, 5, 10, 11, 14, 16, 28], [2, 4, 5, 8, 9, 12, 20, 23], [1, 3, 8, 12, 17, 18, 24, 28], [0, 4, 5, 9, 11, 13, 14, 21], [1, 4, 5, 7, 8, 9, 21, 31], [0, 2, 11, 12, 16, 17, 18, 20], [3, 5, 6, 7, 10, 14, 18, 23], [0, 1, 2, 4, 5, 17, 28, 30], [1, 10, 11, 12, 26, 28, 30, 31], [1, 2, 3, 7, 8, 10, 19, 21], [0, 3, 4, 6, 8, 19, 20, 26], [1, 3, 9, 10, 13, 26, 28, 29], [0, 1, 2, 4, 5, 12, 22, 24], [0, 1, 2, 6, 10, 13, 14, 15], [1, 2, 21, 23, 24, 25, 27, 28], [0, 1, 4, 11, 25, 26, 29, 31], [5, 15, 24, 25, 27, 28, 29, 30], [0, 1, 2, 4, 5, 7, 10, 15], [2, 5, 8, 9, 11, 14, 15, 17], [2, 5, 6, 8, 14, 27, 29, 31], [0, 1, 2, 3, 5, 6, 23, 30], [0, 1, 2, 4, 5, 7, 8, 25], [6, 8, 9, 14, 15, 17, 20, 26], [0, 1, 2, 4, 10, 14, 19, 31], [0, 1, 5, 6, 9, 15, 17, 20], [0, 1, 4, 6, 12, 18, 29, 30], [0, 2, 3, 4, 5, 7, 8, 12], [0, 2, 5, 7, 9, 12, 15, 30], [0, 1, 3, 4, 5, 6, 16, 17], [0, 1, 2, 3, 4, 5, 6, 16], [1, 2, 3, 4, 6, 10, 20, 23], [0, 1, 2, 3, 4, 25, 26, 28], [0, 2, 3, 11, 13, 18, 20, 30], [1, 3, 7, 8, 9, 13, 19, 20], [0, 1, 4, 6, 10, 12, 18, 30], [1, 9, 12, 14, 16, 17, 19, 20], [2, 3, 5, 12, 13, 15, 17, 18], [1, 4, 7, 10, 11, 15, 20, 21], [3, 4, 9, 10, 14, 17, 18, 27], [0, 1, 17, 19, 23, 24, 26, 28], [5, 10, 11, 14, 15, 17, 25, 28], [0, 1, 2, 3, 4, 7, 9, 12], [1, 2, 8, 16, 21, 22, 24, 25], [3, 4, 9, 10, 12, 14, 15, 28], [2, 3, 4, 11, 12, 13, 16, 17], [0, 2, 9, 11, 12, 14, 15, 22], [0, 1, 2, 14, 17, 19, 25, 26], [0, 1, 5, 6, 11, 12, 13, 22], [14, 15, 19, 21, 23, 24, 30, 31], [1, 4, 5, 6, 7, 17, 21, 23], [1, 2, 4, 5, 8, 11, 19, 25], [1, 2, 6, 10, 17, 27, 28, 30], [1, 2, 10, 13, 15, 22, 26, 27], [1, 4, 5, 7, 8, 9, 12, 26], [15, 19, 20, 22, 25, 28, 29, 31], [0, 1, 3, 11, 15, 16, 20, 27], [0, 1, 4, 5, 11, 18, 27, 30], [1, 3, 5, 6, 8, 16, 17, 22], [1, 5, 10, 11, 15, 19, 25, 26], [3, 4, 5, 8, 23, 24, 26, 29], [0, 3, 9, 11, 12, 13, 18, 26], [3, 5, 9, 13, 14, 15, 17, 31], [0, 1, 10, 11, 14, 15, 16, 24], [0, 1, 5, 8, 9, 15, 16, 25], [0, 1, 4, 7, 8, 12, 16, 19], [1, 6, 11, 16, 17, 24, 27, 29], [0, 2, 4, 8, 10, 11, 15, 28], [0, 1, 4, 5, 7, 12, 16, 18], [1, 2, 10, 11, 15, 17, 28, 29], [3, 4, 5, 6, 14, 15, 16, 17], [2, 4, 5, 6, 7, 14, 28, 31], [0, 1, 2, 4, 6, 9, 20, 23], [0, 1, 2, 4, 5, 11, 13, 21], [2, 4, 5, 6, 11, 16, 20, 30], [1, 2, 3, 5, 6, 8, 12, 13], [0, 1, 4, 7, 8, 11, 12, 13], [0, 2, 3, 4, 7, 9, 12, 13], [12, 13, 14, 15, 19, 20, 23, 27], [2, 3, 16, 19, 20, 23, 24, 26], [0, 1, 3, 6, 7, 14, 17, 23], [3, 5, 6, 10, 11, 13, 14, 30], [1, 4, 5, 6, 7, 8, 11, 21], [3, 6, 7, 9, 13, 14, 27, 29], [1, 3, 10, 21, 23, 25, 26, 28], [2, 4, 6, 7, 9, 10, 13, 14], [3, 4, 8, 12, 13, 21, 28, 30], [1, 3, 7, 13, 23, 25, 27, 31], [0, 1, 6, 7, 8, 11, 19, 22], [1, 4, 6, 8, 9, 21, 25, 29], [1, 3, 5, 6, 10, 14, 17, 20], [5, 8, 10, 13, 14, 15, 16, 17], [2, 6, 7, 9, 11, 18, 20, 29], [1, 2, 3, 4, 5, 9, 10, 14], [2, 18, 19, 20, 25, 26, 27, 29], [1, 3, 6, 12, 23, 24, 25, 26], [0, 1, 5, 7, 19, 20, 26, 31], [1, 3, 8, 11, 12, 14, 16, 23], [1, 2, 3, 4, 6, 13, 15, 26], [8, 10, 13, 14, 17, 22, 28, 29], [0, 1, 2, 3, 4, 19, 20, 27]]",8,0.3954130709171295,128,learned,0.0,13952,4.0,124,0.4241672456264496,11,8 40 80 96,3484,0.8294227123260498,test,top_r_mean,0.0,0.5,0.5,0.875
0.03673938002296211,1.0,109,1.0,31,70.97989995963871,qasper,4.0,0.25,1.0,0.0,2001.02885:96b07373756d7854bccc3c12e8d41454ab8741f5,mean,0.6476384641522256,0.010720983147621155,"[[0, 1, 2, 10, 13, 21, 25, 30], [1, 2, 5, 6, 7, 12, 29, 30], [0, 2, 6, 7, 9, 11, 14, 19], [0, 2, 3, 4, 6, 19, 23, 30], [5, 6, 20, 21, 24, 25, 28, 31], [1, 2, 5, 6, 8, 9, 12, 15], [1, 3, 4, 7, 10, 13, 14, 21], [3, 5, 6, 7, 8, 9, 11, 25], [0, 1, 7, 8, 10, 15, 30, 31], [1, 4, 5, 10, 11, 14, 16, 28], [1, 2, 4, 5, 9, 12, 20, 23], [1, 3, 7, 8, 12, 18, 24, 28], [0, 4, 5, 9, 11, 13, 14, 21], [1, 4, 5, 7, 8, 9, 24, 28], [0, 4, 8, 11, 12, 16, 17, 18], [3, 5, 6, 7, 10, 14, 18, 23], [0, 1, 2, 4, 5, 17, 28, 30], [1, 10, 11, 12, 26, 28, 30, 31], [1, 3, 7, 8, 10, 17, 19, 21], [0, 3, 4, 6, 7, 8, 19, 20], [1, 3, 9, 10, 12, 13, 28, 29], [0, 1, 2, 4, 7, 13, 22, 24], [0, 1, 2, 6, 9, 10, 13, 15], [1, 2, 21, 23, 24, 25, 27, 28], [0, 1, 4, 11, 25, 26, 28, 29], [8, 15, 24, 25, 27, 28, 29, 30], [0, 1, 2, 3, 4, 7, 10, 15], [2, 5, 8, 9, 11, 14, 15, 17], [2, 5, 6, 8, 14, 27, 29, 31], [0, 1, 2, 3, 5, 6, 23, 30], [0, 1, 2, 4, 5, 7, 8, 25], [6, 8, 9, 14, 15, 17, 20, 26], [0, 1, 2, 10, 14, 19, 27, 31], [0, 1, 5, 6, 9, 12, 17, 20], [0, 1, 4, 6, 9, 12, 29, 30], [0, 2, 3, 4, 5, 7, 8, 13], [0, 2, 5, 7, 12, 15, 29, 30], [0, 1, 3, 4, 5, 6, 16, 17], [0, 1, 2, 3, 4, 5, 6, 16], [1, 2, 3, 4, 6, 10, 20, 23], [0, 1, 2, 3, 18, 25, 26, 28], [0, 2, 3, 11, 14, 18, 20, 29], [1, 3, 7, 8, 9, 13, 19, 20], [0, 1, 4, 6, 10, 12, 18, 30], [1, 9, 12, 14, 16, 17, 19, 20], [2, 3, 5, 13, 17, 18, 26, 31], [1, 4, 6, 7, 10, 11, 21, 31], [3, 4, 9, 10, 14, 17, 18, 27], [0, 1, 17, 19, 22, 23, 24, 26], [5, 10, 11, 14, 15, 17, 25, 28], [0, 1, 2, 3, 4, 7, 9, 12], [1, 2, 5, 8, 16, 21, 24, 25], [3, 4, 9, 10, 12, 14, 15, 28], [2, 3, 4, 11, 12, 13, 16, 17], [0, 2, 9, 11, 12, 14, 15, 22], [0, 1, 2, 3, 17, 19, 25, 26], [0, 1, 5, 6, 11, 12, 13, 22], [14, 16, 19, 21, 23, 24, 30, 31], [1, 4, 5, 6, 7, 17, 21, 23], [1, 2, 4, 5, 8, 11, 19, 25], [0, 1, 2, 6, 23, 27, 28, 30], [1, 2, 7, 10, 13, 15, 26, 27], [1, 4, 5, 7, 8, 9, 12, 23], [13, 15, 16, 19, 20, 25, 28, 31], [0, 1, 6, 11, 15, 16, 20, 27], [0, 1, 4, 5, 8, 18, 27, 30], [1, 3, 5, 6, 8, 16, 17, 22], [1, 5, 10, 11, 15, 19, 25, 26], [3, 4, 5, 8, 23, 24, 26, 29], [0, 3, 9, 11, 12, 13, 18, 26], [3, 5, 9, 13, 14, 15, 17, 31], [0, 1, 10, 11, 14, 15, 16, 24], [0, 1, 8, 9, 11, 15, 16, 25], [0, 1, 4, 7, 8, 12, 19, 24], [1, 6, 11, 15, 16, 17, 24, 27], [0, 4, 10, 11, 15, 19, 25, 28], [0, 1, 4, 5, 12, 16, 18, 28], [2, 10, 11, 15, 17, 18, 28, 29], [3, 4, 5, 6, 14, 15, 16, 17], [1, 2, 4, 5, 6, 7, 28, 31], [0, 1, 2, 6, 9, 20, 25, 27], [0, 1, 2, 4, 5, 11, 13, 21], [4, 5, 6, 8, 11, 15, 16, 20], [1, 2, 3, 5, 6, 8, 12, 13], [0, 1, 4, 7, 8, 11, 12, 13], [0, 3, 4, 6, 7, 9, 12, 15], [12, 13, 14, 15, 19, 20, 23, 27], [2, 3, 18, 19, 20, 23, 24, 26], [0, 1, 3, 6, 7, 17, 23, 25], [1, 3, 6, 10, 11, 13, 14, 30], [1, 4, 5, 6, 7, 8, 11, 21], [3, 6, 9, 13, 14, 27, 28, 29], [1, 3, 6, 10, 21, 25, 26, 28], [2, 6, 7, 9, 10, 13, 14, 31], [4, 8, 9, 12, 13, 21, 28, 30], [1, 3, 7, 13, 23, 24, 25, 27], [0, 1, 6, 7, 8, 14, 21, 25], [0, 1, 4, 6, 8, 9, 21, 25], [0, 1, 3, 5, 6, 10, 14, 20], [5, 8, 10, 12, 13, 14, 15, 16], [2, 5, 7, 9, 11, 18, 20, 29], [1, 2, 3, 4, 5, 8, 9, 10], [18, 19, 20, 24, 25, 26, 27, 29], [1, 3, 4, 23, 24, 25, 26, 28], [0, 1, 4, 5, 19, 20, 26, 31], [0, 1, 3, 8, 9, 11, 14, 16], [0, 1, 2, 3, 4, 6, 15, 26], [8, 9, 10, 14, 17, 22, 28, 29], [0, 1, 2, 3, 4, 19, 20, 27]]",8,0.39766237139701843,128,learned,0.25,13952,4.0,124,0.4268251657485962,23,8 40 88 0,3484,0.8244833946228027,test,top_r_mean,0.0,0.5,0.75,0.875
0.03673938002296211,0.0,109,0.0,31,74.26750008016825,qasper,4.0,0.0,0.0,0.0,2001.02885:96b07373756d7854bccc3c12e8d41454ab8741f5,mean,0.6506965681277608,0.010591343976557255,"[[0, 1, 2, 8, 10, 13, 21, 30], [1, 2, 5, 6, 7, 12, 14, 30], [0, 2, 7, 8, 9, 11, 14, 19], [0, 2, 3, 4, 6, 19, 23, 30], [5, 6, 20, 21, 24, 26, 28, 30], [1, 2, 5, 6, 8, 9, 12, 15], [1, 3, 4, 7, 10, 13, 14, 21], [3, 5, 6, 7, 8, 9, 17, 25], [0, 1, 4, 7, 8, 10, 15, 30], [1, 4, 5, 10, 11, 14, 16, 28], [1, 2, 4, 5, 8, 9, 12, 23], [1, 3, 4, 8, 12, 18, 24, 28], [0, 1, 4, 5, 9, 11, 14, 21], [1, 2, 4, 5, 7, 8, 9, 21], [0, 2, 4, 8, 11, 12, 16, 17], [3, 5, 6, 7, 10, 12, 14, 23], [0, 1, 2, 4, 5, 17, 28, 30], [1, 10, 11, 12, 26, 28, 30, 31], [1, 2, 3, 7, 8, 10, 19, 21], [0, 3, 4, 6, 8, 19, 20, 23], [1, 3, 9, 10, 13, 26, 28, 29], [0, 1, 2, 4, 5, 13, 22, 24], [0, 1, 2, 6, 10, 13, 14, 15], [1, 2, 21, 23, 24, 25, 27, 28], [0, 1, 4, 8, 11, 25, 29, 31], [8, 15, 24, 25, 27, 28, 29, 30], [0, 1, 2, 3, 4, 7, 10, 15], [2, 5, 8, 9, 11, 14, 15, 17], [2, 5, 6, 8, 14, 27, 29, 31], [0, 1, 2, 3, 5, 6, 23, 30], [0, 1, 2, 4, 5, 7, 8, 25], [6, 8, 9, 14, 15, 17, 20, 26], [0, 1, 2, 10, 14, 24, 27, 29], [0, 1, 5, 6, 9, 15, 17, 20], [0, 1, 4, 6, 9, 12, 18, 29], [0, 2, 3, 4, 5, 7, 8, 22], [0, 2, 5, 7, 9, 12, 15, 30], [0, 1, 3, 4, 5, 6, 16, 17], [0, 1, 2, 3, 4, 5, 6, 16], [1, 2, 3, 4, 6, 10, 20, 23], [0, 1, 2, 3, 4, 25, 26, 28], [0, 2, 3, 11, 13, 14, 18, 20], [1, 3, 7, 8, 9, 13, 19, 20], [0, 1, 4, 6, 7, 10, 12, 18], [1, 9, 12, 14, 16, 17, 19, 20], [2, 3, 5, 12, 13, 17, 18, 23], [1, 4, 6, 7, 10, 11, 16, 21], [3, 4, 9, 10, 14, 17, 18, 27], [0, 1, 17, 19, 22, 23, 24, 26], [1, 5, 10, 11, 14, 15, 17, 25], [0, 1, 2, 3, 4, 7, 9, 12], [1, 2, 5, 8, 16, 21, 24, 25], [3, 4, 9, 10, 12, 14, 15, 28], [2, 3, 4, 11, 12, 13, 16, 17], [0, 2, 9, 11, 12, 14, 15, 22], [0, 1, 2, 3, 14, 17, 19, 25], [0, 1, 5, 6, 11, 12, 13, 22], [14, 15, 19, 21, 23, 24, 30, 31], [1, 4, 5, 6, 7, 17, 21, 23], [1, 2, 4, 5, 8, 11, 19, 25], [1, 2, 6, 10, 17, 23, 27, 30], [1, 2, 7, 10, 13, 15, 26, 27], [1, 4, 5, 7, 8, 9, 12, 26], [13, 15, 19, 20, 22, 25, 28, 31], [0, 1, 6, 11, 15, 16, 20, 27], [0, 1, 4, 5, 11, 18, 27, 30], [1, 3, 4, 5, 6, 8, 17, 22], [1, 5, 8, 10, 11, 15, 19, 25], [2, 3, 4, 5, 8, 23, 24, 26], [0, 3, 9, 11, 12, 13, 17, 18], [3, 5, 9, 13, 14, 15, 17, 31], [0, 1, 10, 11, 14, 15, 16, 24], [0, 1, 5, 8, 9, 11, 16, 25], [0, 1, 4, 7, 8, 12, 16, 19], [1, 6, 11, 15, 16, 17, 24, 27], [0, 2, 4, 8, 10, 11, 15, 28], [0, 1, 4, 5, 7, 12, 16, 18], [2, 10, 11, 15, 17, 18, 28, 29], [3, 4, 5, 6, 14, 15, 16, 17], [2, 4, 5, 6, 7, 14, 28, 31], [0, 1, 2, 4, 6, 9, 20, 25], [0, 1, 2, 4, 5, 11, 13, 21], [2, 4, 5, 6, 8, 11, 16, 20], [1, 2, 3, 5, 6, 8, 12, 13], [0, 1, 4, 7, 8, 11, 12, 13], [0, 2, 3, 4, 7, 9, 12, 15], [2, 12, 13, 14, 15, 19, 20, 23], [2, 3, 16, 19, 20, 23, 24, 26], [0, 1, 6, 7, 14, 17, 23, 25], [1, 3, 6, 10, 11, 13, 14, 30], [1, 4, 5, 6, 7, 8, 11, 21], [3, 6, 7, 9, 13, 14, 27, 29], [1, 2, 3, 6, 10, 21, 26, 28], [2, 4, 6, 7, 9, 10, 13, 14], [3, 4, 8, 12, 13, 21, 28, 30], [1, 3, 7, 13, 23, 24, 25, 27], [0, 1, 6, 7, 8, 19, 21, 22], [0, 1, 4, 6, 8, 9, 21, 25], [0, 1, 3, 5, 6, 10, 14, 20], [5, 8, 10, 13, 14, 15, 16, 17], [2, 6, 7, 9, 11, 18, 20, 29], [1, 2, 3, 4, 5, 9, 10, 14], [2, 18, 19, 20, 25, 27, 29, 31], [1, 3, 6, 12, 23, 24, 25, 26], [0, 1, 5, 7, 19, 20, 26, 31], [0, 1, 2, 3, 8, 11, 14, 16], [0, 1, 2, 3, 4, 6, 15, 26], [5, 8, 10, 14, 17, 22, 28, 29], [0, 1, 2, 3, 4, 19, 20, 27]]",8,0.394035667181015,128,learned,0.0,13952,4.0,124,0.42262619733810425,37,40 80 8 96,3484,0.8282179236412048,test,top_r_mean,0.0,0.0,0.5,0.875
0.03673938002296211,1.0,109,1.0,31,78.01240007393062,qasper,4.0,0.25,1.0,0.0,2001.02885:96b07373756d7854bccc3c12e8d41454ab8741f5,mean,0.6598708800543663,0.009967229329049587,"[[0, 1, 2, 8, 10, 13, 30, 31], [1, 2, 6, 7, 12, 14, 26, 30], [0, 1, 2, 7, 9, 11, 14, 19], [0, 2, 3, 4, 6, 19, 23, 30], [5, 6, 20, 21, 24, 28, 30, 31], [1, 2, 5, 6, 8, 9, 12, 15], [1, 3, 4, 7, 10, 13, 14, 21], [3, 5, 6, 7, 8, 9, 17, 25], [0, 1, 4, 7, 8, 10, 15, 30], [1, 4, 5, 10, 11, 14, 16, 28], [1, 2, 4, 5, 8, 9, 12, 23], [1, 3, 8, 12, 17, 18, 24, 28], [0, 1, 4, 5, 9, 11, 14, 21], [1, 2, 4, 5, 7, 8, 9, 21], [0, 2, 4, 11, 12, 16, 17, 20], [3, 5, 6, 7, 9, 10, 14, 23], [0, 1, 2, 4, 5, 17, 28, 30], [1, 10, 11, 12, 26, 28, 30, 31], [1, 2, 3, 7, 8, 10, 19, 21], [0, 3, 4, 6, 8, 11, 19, 20], [1, 3, 9, 10, 13, 26, 28, 29], [0, 1, 2, 4, 5, 12, 22, 24], [0, 1, 2, 6, 9, 10, 13, 15], [1, 2, 21, 23, 24, 25, 27, 28], [0, 1, 4, 8, 11, 25, 29, 31], [5, 15, 24, 25, 27, 28, 29, 30], [0, 1, 2, 3, 4, 7, 10, 15], [2, 5, 8, 9, 11, 14, 15, 17], [2, 5, 6, 8, 14, 27, 29, 31], [0, 1, 2, 3, 5, 6, 23, 30], [0, 1, 2, 4, 5, 7, 8, 25], [6, 8, 9, 14, 15, 17, 20, 26], [0, 1, 2, 10, 14, 19, 27, 31], [0, 1, 5, 6, 9, 15, 17, 20], [0, 1, 4, 6, 12, 18, 29, 30], [0, 2, 3, 4, 5, 7, 8, 13], [0, 2, 5, 7, 11, 12, 15, 30], [0, 1, 3, 4, 5, 6, 16, 17], [0, 1, 2, 3, 4, 5, 6, 16], [1, 2, 3, 4, 6, 10, 20, 23], [0, 1, 2, 3, 4, 25, 26, 28], [0, 2, 3, 11, 13, 18, 20, 30], [1, 3, 7, 8, 9, 13, 19, 20], [0, 1, 4, 6, 7, 10, 12, 18], [1, 9, 12, 14, 16, 17, 19, 20], [2, 3, 5, 6, 12, 13, 17, 18], [1, 4, 6, 7, 10, 11, 20, 21], [0, 3, 4, 9, 10, 17, 18, 27], [0, 1, 17, 19, 22, 23, 24, 26], [1, 5, 10, 11, 14, 15, 17, 25], [0, 1, 2, 3, 4, 7, 9, 12], [1, 2, 5, 8, 16, 21, 24, 25], [3, 4, 8, 9, 10, 12, 14, 15], [2, 3, 4, 11, 12, 13, 16, 17], [0, 2, 9, 11, 12, 14, 15, 22], [0, 1, 2, 3, 11, 14, 19, 25], [0, 1, 5, 6, 11, 12, 13, 22], [14, 15, 19, 21, 23, 24, 30, 31], [1, 4, 5, 6, 7, 17, 21, 23], [1, 2, 4, 5, 8, 11, 19, 25], [1, 2, 6, 10, 17, 27, 28, 30], [1, 2, 7, 10, 13, 15, 26, 27], [1, 4, 5, 6, 7, 8, 9, 12], [13, 15, 19, 20, 22, 25, 28, 31], [0, 1, 3, 11, 15, 16, 20, 27], [0, 1, 4, 5, 11, 18, 27, 30], [1, 3, 5, 6, 8, 16, 17, 22], [1, 5, 10, 11, 15, 19, 25, 26], [2, 3, 4, 5, 8, 23, 24, 26], [0, 3, 9, 11, 12, 13, 17, 18], [3, 5, 9, 13, 14, 15, 17, 31], [0, 1, 10, 11, 14, 15, 16, 24], [0, 1, 5, 8, 9, 15, 16, 25], [0, 1, 4, 7, 8, 12, 16, 19], [1, 6, 11, 15, 16, 17, 24, 27], [0, 2, 4, 8, 10, 11, 15, 28], [0, 1, 4, 5, 7, 12, 16, 18], [1, 2, 10, 11, 15, 17, 28, 29], [3, 4, 5, 6, 14, 15, 16, 17], [1, 2, 4, 5, 6, 7, 28, 31], [0, 1, 2, 6, 9, 20, 23, 25], [0, 1, 2, 4, 5, 11, 13, 21], [2, 4, 5, 6, 11, 15, 16, 20], [1, 2, 3, 5, 6, 8, 12, 13], [0, 1, 4, 7, 8, 11, 12, 13], [0, 2, 3, 4, 7, 9, 12, 15], [2, 12, 13, 14, 15, 19, 20, 23], [2, 3, 16, 19, 20, 23, 24, 26], [0, 1, 3, 6, 7, 14, 17, 23], [3, 5, 6, 10, 11, 13, 14, 30], [1, 4, 5, 6, 7, 8, 11, 21], [3, 6, 7, 9, 13, 14, 27, 29], [1, 3, 6, 10, 21, 23, 26, 28], [2, 4, 6, 7, 9, 10, 13, 14], [3, 4, 8, 12, 13, 21, 28, 30], [1, 3, 7, 13, 23, 24, 25, 27], [0, 1, 6, 7, 8, 11, 19, 22], [0, 1, 4, 6, 8, 9, 21, 25], [0, 1, 3, 5, 6, 10, 14, 17], [5, 8, 10, 13, 14, 15, 16, 17], [2, 6, 7, 9, 11, 18, 20, 29], [1, 2, 3, 4, 5, 9, 10, 14], [2, 18, 19, 20, 25, 26, 27, 29], [1, 3, 4, 6, 23, 24, 25, 26], [0, 1, 5, 7, 19, 20, 26, 31], [0, 1, 2, 3, 8, 14, 16, 23], [0, 1, 2, 3, 4, 6, 13, 15], [8, 10, 13, 14, 17, 22, 28, 29], [0, 1, 2, 3, 4, 19, 20, 27]]",8,0.394882470369339,128,learned,0.25,13952,4.0,124,0.4226842224597931,53,40 8 96 0,3484,0.8347975015640259,test,top_r_mean,0.0,0.5,0.5,0.75
0.03673938002296211,1.0,109,1.0,31,71.1016000714153,qasper,4.0,0.25,1.0,0.0,2001.02885:96b07373756d7854bccc3c12e8d41454ab8741f5,mean,0.6704043493034318,0.009218346327543259,"[[0, 1, 2, 10, 13, 29, 30, 31], [1, 2, 6, 7, 12, 18, 26, 30], [0, 2, 7, 9, 11, 14, 17, 19], [0, 2, 3, 4, 6, 19, 23, 30], [5, 6, 20, 21, 24, 26, 28, 31], [1, 2, 5, 6, 8, 9, 12, 15], [1, 3, 4, 7, 10, 13, 14, 21], [3, 5, 6, 7, 8, 9, 17, 25], [0, 1, 7, 8, 10, 14, 15, 30], [1, 4, 5, 10, 11, 14, 16, 28], [1, 2, 4, 5, 8, 9, 20, 23], [1, 3, 7, 8, 12, 17, 24, 28], [0, 1, 4, 9, 11, 13, 14, 21], [1, 4, 5, 7, 8, 9, 21, 28], [0, 2, 4, 12, 16, 17, 18, 20], [3, 5, 6, 7, 10, 12, 14, 23], [0, 1, 2, 4, 5, 17, 28, 30], [1, 10, 11, 12, 26, 28, 30, 31], [1, 2, 3, 7, 8, 10, 19, 21], [0, 3, 4, 6, 8, 19, 20, 26], [1, 3, 9, 10, 13, 26, 28, 29], [0, 1, 2, 4, 12, 13, 22, 24], [0, 1, 2, 6, 9, 10, 13, 15], [1, 17, 21, 23, 24, 25, 27, 28], [0, 1, 4, 11, 25, 26, 29, 31], [8, 15, 24, 25, 27, 28, 29, 30], [0, 1, 2, 3, 4, 7, 10, 15], [2, 5, 8, 9, 11, 14, 15, 17], [2, 5, 6, 8, 14, 19, 29, 31], [0, 1, 2, 3, 5, 6, 23, 30], [0, 1, 2, 4, 5, 7, 8, 25], [6, 8, 9, 14, 15, 17, 20, 26], [0, 1, 2, 10, 14, 19, 27, 31], [0, 1, 5, 6, 9, 15, 17, 20], [0, 1, 4, 6, 12, 18, 29, 30], [0, 2, 3, 4, 5, 7, 8, 12], [0, 2, 5, 7, 11, 12, 15, 30], [0, 1, 3, 4, 5, 6, 16, 17], [0, 1, 2, 3, 4, 5, 6, 16], [1, 2, 3, 4, 6, 10, 20, 23], [0, 2, 3, 4, 11, 25, 26, 28], [0, 2, 3, 11, 13, 18, 20, 30], [1, 3, 7, 8, 9, 13, 19, 20], [0, 1, 4, 6, 7, 10, 12, 18], [1, 9, 12, 14, 16, 17, 19, 20], [2, 3, 5, 12, 13, 15, 17, 18], [1, 4, 6, 7, 10, 11, 16, 21], [0, 3, 4, 9, 10, 17, 18, 27], [0, 1, 17, 19, 23, 24, 26, 28], [5, 10, 11, 14, 15, 17, 25, 28], [0, 1, 2, 3, 4, 7, 9, 12], [1, 2, 5, 8, 16, 21, 24, 25], [3, 4, 9, 10, 12, 14, 15, 28], [2, 3, 4, 11, 12, 13, 16, 17], [0, 2, 9, 11, 12, 14, 15, 22], [0, 1, 2, 3, 17, 19, 25, 26], [0, 1, 5, 6, 11, 12, 13, 22], [14, 15, 19, 21, 23, 24, 30, 31], [1, 4, 5, 6, 7, 17, 21, 23], [1, 2, 4, 5, 8, 11, 19, 25], [1, 2, 6, 7, 17, 27, 28, 30], [1, 2, 10, 12, 13, 15, 26, 27], [1, 4, 5, 7, 8, 9, 12, 26], [13, 15, 19, 20, 25, 28, 29, 31], [0, 3, 6, 11, 15, 16, 20, 27], [0, 1, 4, 5, 8, 11, 18, 27], [1, 3, 5, 6, 8, 16, 17, 22], [1, 5, 10, 11, 15, 19, 25, 31], [3, 4, 5, 8, 23, 24, 26, 29], [0, 1, 3, 9, 11, 12, 13, 18], [3, 5, 9, 13, 14, 15, 17, 31], [0, 1, 10, 11, 14, 15, 16, 24], [0, 1, 5, 8, 11, 16, 25, 28], [0, 1, 4, 7, 8, 12, 16, 19], [1, 6, 11, 15, 16, 17, 24, 27], [0, 4, 10, 11, 15, 19, 25, 28], [0, 1, 4, 5, 7, 12, 16, 18], [1, 2, 10, 11, 14, 15, 17, 28], [3, 4, 5, 6, 14, 15, 16, 17], [2, 4, 5, 6, 7, 14, 28, 31], [0, 1, 2, 6, 9, 20, 23, 25], [0, 1, 2, 4, 5, 11, 13, 21], [4, 5, 6, 11, 15, 16, 20, 30], [1, 2, 3, 5, 6, 8, 12, 13], [0, 1, 4, 7, 8, 11, 12, 13], [0, 2, 3, 4, 7, 9, 12, 15], [2, 12, 13, 14, 15, 19, 20, 23], [2, 3, 18, 19, 20, 23, 24, 26], [0, 1, 6, 7, 14, 17, 23, 25], [3, 6, 10, 11, 13, 14, 30, 31], [1, 4, 5, 6, 7, 8, 11, 21], [3, 6, 7, 9, 13, 14, 27, 29], [1, 3, 10, 21, 23, 25, 26, 28], [2, 6, 7, 9, 10, 13, 14, 22], [3, 4, 8, 12, 13, 21, 28, 30], [1, 3, 7, 13, 23, 24, 25, 27], [0, 1, 6, 7, 8, 14, 22, 25], [0, 1, 4, 6, 8, 9, 21, 25], [1, 3, 5, 6, 10, 14, 17, 20], [5, 8, 10, 12, 13, 14, 15, 16], [2, 6, 7, 9, 11, 18, 20, 29], [1, 2, 3, 4, 5, 9, 10, 14], [2, 18, 19, 20, 24, 25, 27, 29], [1, 3, 6, 23, 24, 25, 26, 28], [0, 1, 5, 7, 19, 20, 26, 31], [1, 3, 8, 9, 11, 14, 16, 23], [0, 1, 2, 3, 4, 6, 8, 15], [8, 10, 14, 17, 19, 22, 28, 29], [0, 1, 2, 3, 4, 19, 20, 27]]",8,0.39112216234207153,128,learned,0.25,13952,4.0,124,0.4165757894515991,71,8 40 32 0,3484,0.8429431319236755,test,top_r_mean,0.0,0.5,0.5,0.625
0.03150381491508737,0.0,127,0.0,31,81.46579982712865,qasper,0.26666666666666666,0.0,0.0,0.0,1810.12085:c2cb6c4500d9e02fc9a1bdffd22c3df69655189f,mean,0.43907011623547054,1.197418451309204,"[[0], [5], [0], [0], [0], [1], [3], [1], [0], [0], [1], [1], [1], [2], [3], [0], [0], [6], [2], [1], [0], [6], [1], [0], [0], [1], [5], [0], [1], [1], [2], [1], [0], [2], [1], [0], [0], [1], [1], [0], [0], [0], [1], [1], [3], [0], [0], [1], [0], [2], [0], [2], [0], [3], [0], [0], [0], [6], [2], [3], [0], [0], [1], [0], [0], [0], [0], [4], [0], [6], [0], [1], [0], [0], [3], [0], [0], [7], [0], [2], [0], [9], [3], [1], [7], [0], [0], [2], [0], [4], [1], [0], [0], [0], [1], [5], [0], [0], [2], [1], [2], [0], [0], [3], [0], [11], [7], [5], [0], [0], [1], [0], [0], [6], [0], [2], [0], [13], [1], [1], [0], [0], [2], [0], [0], [0], [8]]",1,1.0713236331939697,128,learned,0.0,2032,4.0,124,1.243882179260254,11,48 104 72 80,4063,0.6006045937538147,test,top_r_mean,0.0,0.0,0.5,0.875
0.03150381491508737,0.0,127,0.0,31,83.04860000498593,qasper,0.26666666666666666,0.0,0.0,0.0,1810.12085:c2cb6c4500d9e02fc9a1bdffd22c3df69655189f,mean,0.4293213348331459,1.2183347940444946,"[[0], [5], [0], [0], [0], [0], [3], [1], [0], [0], [0], [1], [1], [2], [3], [0], [0], [6], [0], [1], [0], [2], [0], [0], [0], [1], [5], [0], [1], [1], [2], [1], [0], [2], [1], [0], [0], [1], [0], [0], [0], [0], [1], [0], [3], [0], [0], [1], [0], [1], [0], [2], [0], [5], [0], [0], [0], [5], [1], [0], [0], [0], [1], [0], [0], [0], [0], [2], [0], [6], [0], [2], [0], [0], [3], [0], [0], [7], [0], [2], [0], [9], [3], [1], [7], [0], [0], [2], [0], [4], [1], [0], [0], [0], [1], [5], [0], [0], [2], [1], [2], [0], [0], [3], [0], [11], [7], [5], [0], [0], [1], [0], [0], [6], [0], [2], [0], [0], [1], [1], [0], [0], [2], [0], [0], [0], [8]]",1,1.1003564596176147,128,learned,0.0,2032,4.0,124,1.270194172859192,23,48 104 72 80,4063,0.5881081223487854,test,top_r_mean,0.0,0.0,0.5,0.875
0.03150381491508737,0.0,127,0.0,31,79.49330005794764,qasper,0.26666666666666666,0.0,0.0,0.0,1810.12085:c2cb6c4500d9e02fc9a1bdffd22c3df69655189f,mean,0.4330708661417323,1.226563572883606,"[[0], [5], [0], [0], [0], [0], [3], [0], [0], [0], [0], [1], [1], [2], [3], [0], [0], [6], [0], [1], [0], [2], [0], [0], [0], [1], [5], [0], [1], [1], [2], [1], [0], [2], [1], [0], [0], [1], [0], [0], [0], [0], [1], [1], [3], [0], [0], [1], [0], [2], [0], [2], [0], [3], [0], [0], [0], [6], [2], [0], [0], [0], [1], [0], [0], [0], [0], [4], [0], [6], [0], [1], [0], [0], [3], [0], [0], [4], [0], [2], [0], [9], [3], [1], [7], [0], [0], [2], [0], [2], [1], [0], [0], [0], [1], [5], [0], [0], [2], [1], [2], [0], [0], [3], [0], [11], [7], [5], [0], [0], [1], [0], [0], [1], [0], [2], [0], [0], [1], [1], [0], [0], [2], [0], [0], [0], [8]]",1,1.1109641790390015,128,learned,0.0,2032,4.0,124,1.2738040685653687,37,48 104 72 80,4063,0.5924786329269409,test,top_r_mean,0.0,0.0,0.5,0.875
0.03150381491508737,0.0,127,0.0,31,77.70149991847575,qasper,0.26666666666666666,0.0,0.0,0.0,1810.12085:c2cb6c4500d9e02fc9a1bdffd22c3df69655189f,mean,0.41807274090738655,1.222741723060608,"[[0], [5], [0], [0], [0], [1], [3], [1], [0], [0], [0], [1], [1], [2], [3], [0], [0], [6], [0], [1], [0], [2], [0], [0], [0], [1], [5], [0], [1], [1], [2], [1], [0], [2], [1], [0], [0], [1], [0], [0], [0], [0], [1], [1], [3], [0], [0], [1], [0], [1], [0], [2], [0], [3], [0], [0], [0], [3], [1], [0], [0], [0], [1], [0], [0], [0], [0], [4], [0], [6], [0], [1], [0], [0], [3], [0], [0], [7], [0], [2], [0], [9], [3], [1], [0], [0], [0], [2], [0], [2], [1], [0], [0], [0], [1], [5], [0], [0], [2], [1], [2], [0], [0], [3], [0], [11], [7], [5], [0], [0], [1], [0], [0], [6], [0], [2], [0], [0], [1], [1], [0], [0], [2], [0], [0], [0], [8]]",1,1.1048853397369385,128,learned,0.0,2032,4.0,124,1.2733432054519653,53,48 104 72 80,4063,0.5728170871734619,test,top_r_mean,0.0,0.0,0.5,0.875
0.03150381491508737,0.0,127,0.0,31,88.70600000955164,qasper,0.26666666666666666,0.0,0.0,0.0,1810.12085:c2cb6c4500d9e02fc9a1bdffd22c3df69655189f,mean,0.41907261592300965,1.2122383117675781,"[[0], [5], [0], [0], [0], [1], [3], [1], [0], [0], [0], [1], [1], [2], [3], [0], [0], [6], [0], [1], [0], [2], [0], [0], [0], [1], [5], [0], [1], [1], [6], [1], [0], [2], [1], [0], [0], [1], [0], [0], [0], [0], [1], [0], [3], [0], [0], [10], [0], [1], [0], [2], [0], [3], [0], [0], [0], [6], [2], [0], [0], [0], [1], [0], [0], [0], [0], [4], [0], [6], [0], [2], [0], [0], [3], [0], [0], [7], [0], [2], [0], [9], [3], [1], [0], [0], [0], [2], [0], [4], [1], [0], [0], [0], [1], [5], [0], [0], [2], [4], [2], [0], [0], [3], [0], [11], [7], [5], [0], [0], [1], [0], [0], [6], [0], [2], [0], [13], [1], [1], [0], [0], [2], [0], [0], [0], [8]]",1,1.0894584655761719,128,learned,0.0,2032,4.0,124,1.2601033449172974,71,48 104 72 80,4063,0.5751429200172424,test,top_r_mean,0.0,0.0,0.5,0.875
0.03150381491508737,1.0,127,1.0,31,86.67370001785457,qasper,0.26666666666666666,0.25,0.06666666666666667,0.0,1810.12085:c2cb6c4500d9e02fc9a1bdffd22c3df69655189f,mean,0.4950631171103612,0.20064741373062134,"[[0, 1], [5, 7], [0, 2], [0, 7], [0, 5], [1, 2], [3, 4], [1, 3], [0, 1], [0, 9], [1, 2], [1, 2], [1, 2], [2, 7], [3, 7], [0, 3], [0, 1], [6, 10], [2, 5], [1, 2], [0, 2], [6, 7], [1, 2], [0, 2], [0, 1], [1, 3], [5, 6], [0, 5], [1, 2], [1, 2], [2, 6], [1, 2], [0, 1], [2, 5], [1, 2], [0, 1], [0, 6], [1, 2], [1, 2], [0, 1], [0, 1], [0, 5], [1, 2], [1, 2], [3, 4], [0, 2], [0, 3], [1, 10], [0, 1], [2, 6], [0, 5], [2, 3], [0, 5], [3, 5], [0, 1], [0, 2], [0, 1], [6, 9], [2, 4], [3, 4], [0, 2], [0, 1], [1, 2], [0, 14], [0, 1], [0, 1], [0, 1], [4, 6], [0, 2], [6, 9], [0, 3], [1, 2], [0, 1], [0, 2], [3, 7], [0, 1], [0, 1], [7, 10], [0, 1], [2, 3], [0, 1], [9, 17], [3, 4], [1, 6], [7, 9], [0, 1], [0, 2], [2, 4], [0, 1], [4, 9], [1, 3], [0, 2], [0, 1], [0, 7], [1, 2], [5, 7], [0, 1], [0, 1], [2, 3], [1, 9], [2, 3], [0, 1], [0, 1], [3, 4], [0, 1], [11, 12], [7, 8], [5, 6], [0, 2], [0, 1], [1, 2], [0, 1], [0, 1], [6, 13], [0, 4], [2, 10], [0, 2], [13, 16], [1, 2], [1, 6], [0, 3], [0, 1], [2, 4], [0, 2], [0, 1], [0, 2], [8, 10]]",2,0.8024769425392151,128,learned,0.5,4064,4.0,124,0.8793860673904419,11,80 0 88 96,4063,0.6587632894515991,test,top_r_mean,1.0,0.5,0.5,0.625
0.03150381491508737,1.0,127,1.0,31,88.6941000353545,qasper,0.26666666666666666,0.25,0.06666666666666667,0.0,1810.12085:c2cb6c4500d9e02fc9a1bdffd22c3df69655189f,mean,0.49206349206349204,0.2199489027261734,"[[0, 1], [5, 7], [0, 2], [0, 7], [0, 2], [0, 1], [3, 4], [1, 3], [0, 1], [0, 16], [0, 2], [1, 2], [1, 2], [2, 7], [3, 7], [0, 5], [0, 1], [6, 8], [0, 1], [1, 2], [0, 2], [2, 6], [0, 1], [0, 2], [0, 1], [1, 2], [5, 6], [0, 4], [1, 2], [1, 2], [2, 6], [1, 2], [0, 1], [2, 5], [1, 2], [0, 1], [0, 6], [1, 4], [0, 1], [0, 1], [0, 1], [0, 5], [1, 2], [0, 2], [3, 4], [0, 2], [0, 3], [1, 10], [0, 1], [1, 6], [0, 5], [2, 3], [0, 5], [5, 6], [0, 1], [0, 2], [0, 1], [5, 6], [1, 2], [0, 2], [0, 2], [0, 1], [1, 2], [0, 14], [0, 2], [0, 1], [0, 1], [2, 4], [0, 2], [6, 9], [0, 3], [2, 5], [0, 1], [0, 2], [3, 7], [0, 1], [0, 1], [7, 10], [0, 1], [2, 3], [0, 1], [9, 17], [3, 4], [1, 6], [7, 9], [0, 1], [0, 2], [2, 4], [0, 1], [4, 9], [1, 3], [0, 2], [0, 1], [0, 7], [1, 2], [5, 7], [0, 1], [0, 1], [2, 3], [1, 9], [2, 3], [0, 1], [0, 1], [3, 4], [0, 1], [11, 12], [7, 8], [5, 6], [0, 2], [0, 1], [1, 2], [0, 1], [0, 1], [6, 12], [0, 4], [2, 10], [0, 2], [0, 13], [1, 2], [1, 6], [0, 1], [0, 1], [2, 4], [0, 2], [0, 1], [0, 3], [8, 10]]",2,0.8288141489028931,128,learned,0.5,4064,4.0,124,0.9088646173477173,23,80 0 88 96,4063,0.6615520715713501,test,top_r_mean,1.0,0.5,0.5,0.5
0.03150381491508737,1.0,127,1.0,31,87.18769997358322,qasper,0.26666666666666666,0.25,0.06666666666666667,0.0,1810.12085:c2cb6c4500d9e02fc9a1bdffd22c3df69655189f,mean,0.4870641169853768,0.2208244949579239,"[[0, 1], [5, 7], [0, 2], [0, 7], [0, 5], [0, 1], [3, 4], [0, 1], [0, 1], [0, 9], [0, 1], [1, 2], [1, 2], [2, 7], [3, 7], [0, 2], [0, 1], [6, 8], [0, 2], [1, 2], [0, 3], [2, 6], [0, 1], [0, 2], [0, 1], [1, 2], [5, 6], [0, 5], [1, 2], [1, 2], [2, 6], [1, 2], [0, 1], [2, 5], [1, 2], [0, 1], [0, 2], [1, 2], [0, 1], [0, 1], [0, 1], [0, 5], [1, 2], [1, 2], [3, 4], [0, 2], [0, 3], [1, 10], [0, 1], [2, 7], [0, 5], [2, 3], [0, 5], [3, 5], [0, 1], [0, 1], [0, 1], [6, 9], [2, 4], [0, 3], [0, 2], [0, 1], [1, 2], [0, 1], [0, 1], [0, 1], [0, 1], [4, 6], [0, 2], [6, 9], [0, 3], [1, 2], [0, 1], [0, 2], [3, 6], [0, 1], [0, 1], [4, 7], [0, 1], [2, 3], [0, 1], [9, 17], [3, 4], [1, 6], [7, 9], [0, 1], [0, 2], [2, 4], [0, 1], [2, 4], [1, 3], [0, 2], [0, 1], [0, 4], [1, 2], [5, 7], [0, 1], [0, 1], [2, 3], [1, 4], [2, 3], [0, 1], [0, 1], [3, 4], [0, 1], [11, 12], [7, 8], [5, 6], [0, 2], [0, 1], [1, 2], [0, 1], [0, 1], [1, 6], [0, 4], [2, 10], [0, 2], [0, 13], [1, 2], [1, 6], [0, 1], [0, 1], [2, 4], [0, 2], [0, 1], [0, 2], [8, 10]]",2,0.833504855632782,128,learned,0.5,4064,4.0,124,0.9146367311477661,37,80 0 88 96,4063,0.6529222726821899,test,top_r_mean,1.0,0.5,0.5,0.5
0.03150381491508737,1.0,127,1.0,31,92.63889980502427,qasper,0.26666666666666666,0.25,0.06666666666666667,0.0,1810.12085:c2cb6c4500d9e02fc9a1bdffd22c3df69655189f,mean,0.46281714785651795,0.22041550278663635,"[[0, 1], [5, 7], [0, 2], [0, 7], [0, 5], [1, 2], [3, 4], [1, 3], [0, 1], [0, 9], [0, 1], [1, 2], [1, 2], [2, 7], [3, 7], [0, 2], [0, 1], [6, 8], [0, 2], [1, 2], [0, 2], [2, 6], [0, 1], [0, 2], [0, 1], [1, 3], [5, 6], [0, 5], [1, 2], [1, 2], [2, 6], [1, 2], [0, 1], [2, 5], [1, 2], [0, 1], [0, 6], [1, 2], [0, 1], [0, 1], [0, 1], [0, 5], [1, 2], [1, 2], [3, 4], [0, 2], [0, 3], [1, 10], [0, 1], [1, 2], [0, 5], [2, 3], [0, 5], [3, 5], [0, 1], [0, 1], [0, 1], [3, 6], [1, 2], [0, 3], [0, 2], [0, 1], [1, 2], [0, 14], [0, 1], [0, 1], [0, 1], [4, 6], [0, 2], [6, 9], [0, 3], [1, 2], [0, 1], [0, 2], [3, 7], [0, 1], [0, 1], [7, 10], [0, 1], [2, 3], [0, 1], [9, 17], [3, 4], [1, 6], [0, 7], [0, 1], [0, 2], [2, 4], [0, 1], [2, 4], [1, 3], [0, 2], [0, 1], [0, 4], [1, 2], [5, 7], [0, 1], [0, 1], [2, 3], [1, 4], [2, 3], [0, 1], [0, 1], [3, 4], [0, 1], [11, 12], [7, 8], [5, 6], [0, 2], [0, 1], [1, 2], [0, 1], [0, 1], [6, 12], [0, 4], [2, 10], [0, 2], [0, 13], [1, 2], [1, 6], [0, 1], [0, 1], [2, 4], [0, 2], [0, 1], [0, 2], [8, 10]]",2,0.828791081905365,128,learned,0.5,4064,4.0,124,0.9085760712623596,53,80 0 88 96,4063,0.6327919363975525,test,top_r_mean,1.0,0.5,0.5,0.5
0.03150381491508737,1.0,127,1.0,31,86.232699919492,qasper,0.26666666666666666,0.25,0.06666666666666667,0.0,1810.12085:c2cb6c4500d9e02fc9a1bdffd22c3df69655189f,mean,0.4730658667666542,0.22012527287006378,"[[0, 1], [5, 7], [0, 2], [0, 7], [0, 2], [1, 2], [3, 4], [1, 3], [0, 1], [0, 9], [0, 1], [1, 2], [1, 2], [2, 7], [3, 7], [0, 2], [0, 1], [6, 10], [0, 2], [1, 2], [0, 2], [2, 6], [0, 2], [0, 2], [0, 1], [1, 4], [5, 6], [0, 5], [1, 2], [1, 2], [6, 7], [1, 2], [0, 1], [2, 5], [1, 2], [0, 1], [0, 3], [1, 2], [0, 1], [0, 1], [0, 1], [0, 6], [1, 2], [0, 1], [3, 4], [0, 2], [0, 3], [10, 18], [0, 1], [1, 6], [0, 3], [2, 3], [0, 5], [3, 5], [0, 1], [0, 1], [0, 1], [6, 9], [2, 4], [0, 3], [0, 2], [0, 1], [1, 2], [0, 14], [0, 2], [0, 1], [0, 1], [4, 6], [0, 2], [6, 9], [0, 3], [2, 5], [0, 1], [0, 2], [3, 7], [0, 1], [0, 1], [7, 10], [0, 1], [2, 3], [0, 1], [9, 17], [3, 4], [1, 6], [0, 9], [0, 1], [0, 2], [2, 4], [0, 1], [4, 9], [1, 6], [0, 2], [0, 1], [0, 7], [1, 2], [5, 7], [0, 1], [0, 1], [2, 3], [4, 9], [2, 3], [0, 1], [0, 1], [3, 4], [0, 1], [11, 12], [7, 8], [5, 6], [0, 2], [0, 1], [1, 2], [0, 1], [0, 1], [6, 13], [0, 4], [2, 10], [0, 2], [13, 16], [1, 2], [1, 7], [0, 1], [0, 1], [2, 4], [0, 2], [0, 1], [0, 2], [8, 10]]",2,0.8257330656051636,128,learned,0.5,4064,4.0,124,0.9062931537628174,71,80 0 88 96,4063,0.6399688124656677,test,top_r_mean,1.0,0.5,0.5,0.5
0.03150381491508737,1.0,127,1.0,31,86.5883999504149,qasper,0.26666666666666666,0.25,0.06666666666666667,0.0,1810.12085:c2cb6c4500d9e02fc9a1bdffd22c3df69655189f,mean,0.5513060867391576,0.023196367546916008,"[[0, 1, 2, 3], [5, 7, 11, 12], [0, 2, 10, 17], [0, 7, 8, 9], [0, 5, 6, 15], [1, 2, 3, 4], [3, 4, 6, 7], [1, 3, 5, 6], [0, 1, 2, 5], [0, 9, 16, 18], [1, 2, 3, 6], [1, 2, 4, 7], [1, 2, 3, 4], [2, 7, 8, 10], [3, 7, 8, 10], [0, 3, 5, 7], [0, 1, 3, 7], [6, 10, 11, 13], [2, 5, 7, 17], [1, 2, 4, 11], [0, 2, 3, 5], [6, 7, 10, 11], [1, 2, 5, 9], [0, 2, 4, 5], [0, 1, 2, 6], [1, 3, 4, 6], [5, 6, 9, 14], [0, 5, 6, 9], [1, 2, 6, 7], [1, 2, 3, 5], [2, 6, 7, 14], [1, 2, 8, 9], [0, 1, 4, 8], [2, 5, 7, 10], [1, 2, 5, 7], [0, 1, 2, 5], [0, 6, 7, 9], [1, 2, 4, 5], [1, 2, 3, 4], [0, 1, 2, 11], [0, 1, 2, 3], [0, 5, 6, 7], [1, 2, 4, 5], [1, 2, 19, 20], [3, 4, 6, 7], [0, 2, 3, 9], [0, 3, 8, 9], [1, 10, 18, 23], [0, 1, 2, 3], [2, 6, 7, 12], [0, 5, 6, 12], [2, 3, 6, 9], [0, 5, 6, 8], [3, 5, 6, 8], [0, 1, 4, 6], [0, 2, 3, 4], [0, 1, 3, 4], [6, 9, 20, 22], [2, 4, 5, 10], [3, 4, 6, 7], [0, 2, 3, 6], [0, 1, 2, 3], [1, 2, 7, 8], [0, 14, 19, 20], [0, 1, 2, 6], [0, 1, 3, 9], [0, 1, 3, 7], [4, 6, 7, 11], [0, 2, 3, 5], [6, 9, 10, 12], [0, 3, 4, 5], [1, 2, 5, 7], [0, 1, 2, 5], [0, 2, 4, 8], [3, 7, 8, 12], [0, 1, 2, 3], [0, 1, 4, 6], [7, 10, 11, 12], [0, 1, 2, 3], [2, 3, 4, 8], [0, 1, 3, 7], [9, 17, 20, 21], [3, 4, 5, 7], [1, 6, 8, 9], [7, 9, 10, 16], [0, 1, 4, 5], [0, 2, 5, 8], [2, 4, 5, 7], [0, 1, 3, 6], [4, 9, 12, 13], [1, 3, 6, 7], [0, 2, 11, 12], [0, 1, 5, 13], [0, 7, 8, 12], [1, 2, 7, 12], [5, 7, 8, 9], [0, 1, 7, 8], [0, 1, 2, 3], [2, 3, 4, 5], [1, 9, 11, 14], [2, 3, 4, 7], [0, 1, 9, 10], [0, 1, 2, 3], [3, 4, 7, 13], [0, 1, 7, 11], [11, 12, 14, 16], [7, 8, 10, 14], [5, 6, 7, 8], [0, 2, 3, 9], [0, 1, 3, 4], [1, 2, 3, 4], [0, 1, 3, 6], [0, 1, 2, 6], [6, 13, 15, 17], [0, 4, 6, 7], [2, 10, 14, 16], [0, 2, 3, 6], [13, 16, 18, 19], [1, 2, 5, 6], [1, 6, 7, 9], [0, 3, 5, 9], [0, 1, 3, 4], [2, 4, 6, 9], [0, 2, 5, 6], [0, 1, 2, 7], [0, 2, 3, 6], [8, 10, 11, 12]]",4,0.881154477596283,128,learned,1.0,8128,4.0,124,0.9100232124328613,11,0 80 88 104,4063,0.7254522442817688,test,top_r_mean,0.0,0.5,0.75,0.625
0.03150381491508737,1.0,127,1.0,31,79.00950009934604,qasper,0.26666666666666666,0.25,0.06666666666666667,0.0,1810.12085:c2cb6c4500d9e02fc9a1bdffd22c3df69655189f,mean,0.5325584301962255,0.02417723834514618,"[[0, 1, 2, 3], [5, 7, 11, 12], [0, 2, 10, 17], [0, 7, 8, 9], [0, 2, 5, 6], [0, 1, 2, 3], [3, 4, 5, 6], [1, 3, 5, 6], [0, 1, 2, 5], [0, 16, 22, 23], [0, 2, 3, 6], [1, 2, 4, 7], [1, 2, 3, 4], [2, 7, 8, 10], [3, 7, 8, 10], [0, 5, 7, 14], [0, 1, 3, 5], [6, 8, 10, 11], [0, 1, 2, 5], [1, 2, 4, 9], [0, 2, 3, 5], [2, 6, 7, 10], [0, 1, 2, 5], [0, 2, 4, 5], [0, 1, 2, 3], [1, 2, 4, 6], [5, 6, 9, 14], [0, 4, 5, 6], [1, 2, 6, 7], [1, 2, 3, 5], [2, 6, 7, 14], [1, 2, 8, 9], [0, 1, 4, 8], [2, 5, 7, 10], [1, 2, 4, 5], [0, 1, 2, 5], [0, 6, 7, 9], [1, 4, 5, 12], [0, 1, 2, 3], [0, 1, 2, 11], [0, 1, 2, 3], [0, 5, 6, 7], [1, 2, 4, 5], [0, 2, 12, 19], [3, 4, 6, 7], [0, 2, 3, 16], [0, 3, 8, 9], [1, 10, 23, 24], [0, 1, 2, 3], [1, 6, 7, 11], [0, 5, 6, 7], [2, 3, 5, 6], [0, 5, 6, 8], [5, 6, 8, 11], [0, 1, 4, 6], [0, 2, 3, 4], [0, 1, 3, 4], [5, 6, 9, 20], [1, 2, 4, 5], [0, 2, 3, 4], [0, 2, 3, 6], [0, 1, 2, 4], [1, 2, 7, 8], [0, 14, 19, 20], [0, 2, 7, 9], [0, 1, 3, 8], [0, 1, 3, 7], [2, 4, 6, 7], [0, 2, 3, 5], [6, 9, 10, 12], [0, 3, 4, 5], [2, 5, 7, 12], [0, 1, 2, 4], [0, 2, 4, 6], [3, 7, 8, 12], [0, 1, 2, 3], [0, 1, 4, 6], [7, 10, 11, 12], [0, 1, 2, 3], [2, 3, 4, 10], [0, 1, 3, 5], [9, 17, 21, 25], [3, 4, 7, 8], [1, 6, 8, 9], [7, 9, 12, 16], [0, 1, 2, 4], [0, 2, 5, 8], [2, 4, 5, 7], [0, 1, 3, 6], [4, 9, 10, 13], [1, 3, 6, 7], [0, 2, 11, 12], [0, 1, 13, 17], [0, 7, 8, 12], [1, 2, 7, 12], [5, 7, 8, 9], [0, 1, 7, 8], [0, 1, 2, 3], [2, 3, 4, 5], [1, 9, 11, 14], [2, 3, 4, 8], [0, 1, 9, 10], [0, 1, 2, 3], [3, 4, 13, 14], [0, 1, 7, 10], [11, 12, 17, 18], [7, 8, 14, 17], [5, 6, 7, 8], [0, 2, 3, 8], [0, 1, 3, 11], [1, 2, 3, 4], [0, 1, 3, 6], [0, 1, 2, 6], [6, 12, 13, 15], [0, 4, 6, 7], [2, 10, 13, 14], [0, 2, 3, 6], [0, 13, 16, 18], [1, 2, 5, 6], [1, 6, 7, 9], [0, 1, 3, 5], [0, 1, 3, 4], [2, 4, 5, 6], [0, 2, 5, 6], [0, 1, 2, 7], [0, 3, 6, 11], [8, 10, 11, 12]]",4,0.8875643610954285,128,learned,0.5,8128,4.0,124,0.9175689220428467,23,80 0 88 96,4063,0.707524836063385,test,top_r_mean,1.0,0.5,0.5,0.625
0.03150381491508737,1.0,127,1.0,31,77.17199996113777,qasper,0.26666666666666666,0.25,0.06666666666666667,0.0,1810.12085:c2cb6c4500d9e02fc9a1bdffd22c3df69655189f,mean,0.5560554930633671,0.02316264621913433,"[[0, 1, 2, 3], [5, 7, 11, 12], [0, 2, 10, 17], [0, 7, 8, 9], [0, 5, 6, 9], [0, 1, 2, 3], [3, 4, 5, 6], [0, 1, 3, 5], [0, 1, 2, 5], [0, 9, 16, 22], [0, 1, 2, 3], [1, 2, 4, 7], [1, 2, 3, 4], [2, 7, 8, 10], [3, 7, 8, 10], [0, 2, 3, 5], [0, 1, 3, 5], [6, 8, 10, 11], [0, 2, 5, 17], [1, 2, 4, 9], [0, 3, 5, 6], [2, 6, 7, 10], [0, 1, 2, 5], [0, 2, 4, 5], [0, 1, 2, 6], [1, 2, 3, 4], [5, 6, 9, 12], [0, 5, 6, 9], [1, 2, 6, 7], [1, 2, 3, 5], [2, 6, 7, 14], [1, 2, 8, 9], [0, 1, 4, 8], [2, 5, 7, 10], [1, 2, 4, 5], [0, 1, 2, 5], [0, 2, 6, 7], [1, 2, 4, 5], [0, 1, 2, 3], [0, 1, 2, 11], [0, 1, 2, 3], [0, 5, 6, 7], [1, 2, 4, 5], [1, 2, 12, 19], [3, 4, 6, 7], [0, 2, 3, 9], [0, 3, 8, 9], [1, 10, 18, 23], [0, 1, 2, 3], [2, 7, 11, 12], [0, 5, 6, 12], [2, 3, 6, 9], [0, 5, 6, 8], [3, 5, 6, 8], [0, 1, 3, 4], [0, 1, 2, 3], [0, 1, 3, 4], [6, 9, 20, 22], [2, 4, 5, 10], [0, 3, 4, 6], [0, 2, 3, 6], [0, 1, 2, 3], [1, 2, 7, 8], [0, 1, 14, 19], [0, 1, 2, 6], [0, 1, 3, 8], [0, 1, 3, 7], [4, 6, 7, 11], [0, 2, 3, 5], [6, 9, 10, 12], [0, 3, 4, 5], [1, 2, 5, 7], [0, 1, 2, 4], [0, 2, 4, 8], [3, 6, 7, 8], [0, 1, 2, 3], [0, 1, 4, 6], [4, 7, 10, 11], [0, 1, 2, 3], [2, 3, 4, 8], [0, 1, 3, 5], [9, 17, 20, 21], [3, 4, 7, 8], [1, 6, 8, 9], [7, 9, 10, 16], [0, 1, 2, 4], [0, 2, 5, 8], [2, 4, 5, 7], [0, 1, 3, 6], [2, 4, 9, 13], [1, 3, 6, 7], [0, 2, 11, 12], [0, 1, 5, 13], [0, 4, 7, 8], [1, 2, 7, 12], [5, 7, 8, 9], [0, 1, 7, 8], [0, 1, 2, 3], [2, 3, 4, 5], [1, 4, 9, 11], [2, 3, 4, 7], [0, 1, 4, 9], [0, 1, 2, 3], [3, 4, 7, 13], [0, 1, 7, 11], [11, 12, 14, 16], [7, 8, 14, 17], [5, 6, 7, 8], [0, 2, 3, 8], [0, 1, 3, 4], [1, 2, 3, 4], [0, 1, 3, 6], [0, 1, 2, 6], [1, 6, 12, 13], [0, 4, 6, 7], [2, 10, 13, 14], [0, 2, 3, 4], [0, 13, 16, 18], [1, 2, 5, 6], [1, 6, 7, 9], [0, 1, 3, 5], [0, 1, 3, 4], [2, 4, 6, 9], [0, 2, 5, 6], [0, 1, 2, 7], [0, 2, 3, 6], [8, 10, 11, 12]]",4,0.8905631899833679,128,learned,0.5,8128,4.0,124,0.918902575969696,37,80 0 88 104,4063,0.7360094785690308,test,top_r_mean,1.0,0.5,0.75,0.625
0.03150381491508737,1.0,127,1.0,31,81.81879995390773,qasper,0.26666666666666666,0.25,0.06666666666666667,0.0,1810.12085:c2cb6c4500d9e02fc9a1bdffd22c3df69655189f,mean,0.5370578677665292,0.025139816105365753,"[[0, 1, 2, 3], [5, 7, 11, 12], [0, 2, 10, 17], [0, 7, 8, 9], [0, 5, 6, 9], [1, 2, 3, 4], [3, 4, 5, 6], [1, 3, 5, 6], [0, 1, 2, 5], [0, 9, 16, 22], [0, 1, 2, 3], [1, 2, 4, 7], [1, 2, 3, 4], [2, 7, 8, 10], [3, 7, 8, 10], [0, 2, 3, 5], [0, 1, 3, 7], [6, 8, 10, 11], [0, 2, 5, 17], [1, 2, 4, 9], [0, 2, 3, 5], [2, 6, 7, 10], [0, 1, 2, 5], [0, 2, 4, 5], [0, 1, 2, 6], [1, 3, 4, 6], [5, 6, 9, 14], [0, 5, 6, 9], [1, 2, 6, 7], [1, 2, 3, 5], [2, 6, 7, 14], [1, 2, 8, 9], [0, 1, 4, 8], [2, 5, 7, 10], [1, 2, 4, 5], [0, 1, 2, 5], [0, 6, 7, 9], [1, 2, 4, 5], [0, 1, 2, 3], [0, 1, 2, 11], [0, 1, 2, 3], [0, 5, 6, 7], [1, 2, 4, 5], [1, 2, 19, 20], [3, 4, 6, 7], [0, 2, 3, 9], [0, 3, 8, 9], [1, 10, 18, 23], [0, 1, 2, 3], [1, 2, 6, 7], [0, 5, 6, 12], [2, 3, 6, 9], [0, 5, 6, 8], [3, 5, 6, 8], [0, 1, 3, 4], [0, 1, 2, 3], [0, 1, 3, 4], [3, 6, 9, 20], [1, 2, 4, 5], [0, 3, 4, 6], [0, 2, 3, 6], [0, 1, 2, 3], [1, 2, 7, 8], [0, 14, 19, 20], [0, 1, 2, 6], [0, 1, 3, 9], [0, 1, 3, 7], [4, 6, 7, 11], [0, 2, 3, 5], [6, 9, 10, 12], [0, 3, 4, 5], [1, 2, 5, 7], [0, 1, 2, 5], [0, 2, 4, 8], [3, 7, 8, 12], [0, 1, 2, 3], [0, 1, 4, 6], [7, 10, 11, 12], [0, 1, 2, 3], [2, 3, 4, 8], [0, 1, 3, 7], [9, 17, 21, 25], [3, 4, 5, 7], [1, 6, 8, 9], [0, 7, 9, 10], [0, 1, 2, 4], [0, 2, 5, 8], [2, 4, 5, 7], [0, 1, 3, 6], [2, 4, 9, 13], [1, 3, 6, 7], [0, 2, 11, 12], [0, 1, 5, 13], [0, 4, 7, 8], [1, 2, 7, 12], [5, 7, 8, 9], [0, 1, 7, 8], [0, 1, 2, 3], [2, 3, 4, 5], [1, 4, 9, 11], [2, 3, 4, 7], [0, 1, 4, 9], [0, 1, 2, 3], [3, 4, 7, 13], [0, 1, 7, 10], [11, 12, 14, 16], [7, 8, 14, 17], [5, 6, 7, 8], [0, 2, 3, 9], [0, 1, 3, 4], [1, 2, 3, 4], [0, 1, 3, 6], [0, 1, 2, 6], [6, 12, 13, 15], [0, 4, 6, 7], [2, 10, 13, 14], [0, 2, 3, 4], [0, 13, 16, 18], [1, 2, 5, 6], [1, 6, 7, 9], [0, 1, 3, 5], [0, 1, 3, 4], [2, 4, 5, 6], [0, 2, 5, 6], [0, 1, 2, 7], [0, 2, 3, 6], [8, 10, 11, 12]]",4,0.8929871320724487,128,learned,1.0,8128,4.0,124,0.9241469502449036,53,0 80 88 96,4063,0.711918830871582,test,top_r_mean,0.0,0.5,0.5,0.625
0.03150381491508737,1.0,127,1.0,31,91.96879994124174,qasper,0.26666666666666666,0.25,0.06666666666666667,0.0,1810.12085:c2cb6c4500d9e02fc9a1bdffd22c3df69655189f,mean,0.5315585551806025,0.024468205869197845,"[[0, 1, 2, 4], [5, 7, 12, 13], [0, 2, 10, 17], [0, 7, 8, 9], [0, 2, 5, 6], [1, 2, 3, 4], [3, 4, 5, 6], [1, 3, 5, 6], [0, 1, 2, 5], [0, 9, 16, 22], [0, 1, 2, 3], [1, 2, 4, 7], [1, 2, 3, 4], [2, 7, 8, 10], [3, 7, 8, 10], [0, 2, 7, 14], [0, 1, 3, 6], [6, 10, 11, 16], [0, 2, 5, 17], [1, 2, 4, 11], [0, 2, 3, 5], [2, 6, 7, 10], [0, 2, 5, 9], [0, 2, 4, 5], [0, 1, 2, 6], [1, 4, 6, 8], [5, 6, 9, 12], [0, 5, 6, 9], [1, 2, 6, 7], [1, 2, 3, 5], [6, 7, 14, 15], [1, 2, 8, 9], [0, 1, 4, 8], [2, 5, 7, 10], [1, 2, 5, 7], [0, 1, 2, 5], [0, 3, 6, 7], [1, 2, 4, 5], [0, 1, 2, 3], [0, 1, 2, 11], [0, 1, 2, 3], [0, 6, 7, 9], [1, 2, 4, 5], [0, 1, 2, 19], [3, 4, 6, 7], [0, 2, 3, 16], [0, 3, 8, 9], [10, 18, 23, 24], [0, 1, 2, 3], [1, 6, 7, 12], [0, 3, 6, 7], [2, 3, 6, 9], [0, 5, 6, 8], [3, 5, 6, 8], [0, 1, 3, 4], [0, 1, 2, 3], [0, 1, 3, 4], [6, 9, 20, 22], [2, 4, 5, 10], [0, 3, 4, 7], [0, 2, 3, 6], [0, 1, 2, 5], [1, 2, 7, 14], [0, 14, 19, 20], [0, 2, 7, 9], [0, 1, 3, 8], [0, 1, 3, 7], [4, 6, 7, 11], [0, 2, 3, 5], [6, 9, 10, 12], [0, 3, 4, 5], [2, 5, 7, 12], [0, 1, 2, 8], [0, 2, 4, 8], [3, 7, 8, 12], [0, 1, 2, 3], [0, 1, 4, 6], [7, 10, 11, 12], [0, 1, 2, 3], [2, 3, 4, 11], [0, 1, 3, 7], [9, 17, 20, 21], [3, 4, 7, 15], [1, 6, 8, 9], [0, 9, 10, 16], [0, 1, 4, 5], [0, 2, 5, 8], [2, 4, 5, 7], [0, 1, 3, 6], [4, 9, 13, 18], [1, 6, 7, 9], [0, 2, 11, 12], [0, 1, 5, 13], [0, 7, 8, 12], [1, 2, 7, 12], [5, 7, 8, 9], [0, 1, 7, 8], [0, 1, 2, 3], [2, 3, 4, 5], [4, 9, 11, 14], [2, 3, 4, 7], [0, 1, 4, 9], [0, 1, 2, 3], [3, 4, 13, 14], [0, 1, 7, 11], [11, 12, 17, 18], [7, 8, 14, 17], [5, 6, 7, 8], [0, 2, 3, 8], [0, 1, 3, 10], [1, 2, 3, 4], [0, 1, 3, 6], [0, 1, 2, 7], [6, 13, 15, 17], [0, 4, 6, 7], [2, 10, 14, 16], [0, 2, 3, 6], [13, 16, 18, 19], [1, 2, 5, 6], [1, 7, 9, 12], [0, 1, 3, 9], [0, 1, 3, 4], [2, 4, 6, 9], [0, 2, 5, 6], [0, 1, 2, 15], [0, 2, 3, 6], [8, 10, 11, 12]]",4,0.8720894455909729,128,learned,1.0,8128,4.0,124,0.9020875692367554,71,0 80 88 112,4063,0.702064573764801,test,top_r_mean,0.0,0.5,0.5,0.625
0.03150381491508737,0.0,127,0.0,31,86.56279998831451,qasper,0.26666666666666666,0.0,0.0,0.0,1810.12085:c2cb6c4500d9e02fc9a1bdffd22c3df69655189f,mean,0.6772903387076615,0.00955725833773613,"[[0, 1, 2, 3, 4, 5, 23, 30], [5, 7, 11, 12, 13, 14, 18, 31], [0, 2, 10, 17, 18, 21, 26, 31], [0, 7, 8, 9, 22, 23, 29, 30], [0, 5, 6, 15, 16, 19, 23, 30], [1, 2, 3, 4, 6, 7, 10, 21], [3, 4, 6, 7, 11, 15, 18, 21], [1, 3, 5, 6, 15, 16, 22, 31], [0, 1, 2, 5, 8, 9, 18, 25], [0, 9, 16, 18, 22, 23, 28, 31], [1, 2, 3, 6, 15, 18, 20, 21], [1, 2, 4, 7, 9, 10, 24, 30], [1, 2, 3, 4, 6, 11, 14, 19], [2, 7, 8, 10, 15, 16, 17, 22], [3, 7, 8, 10, 11, 15, 28, 31], [0, 3, 5, 7, 14, 18, 28, 30], [0, 1, 3, 7, 9, 10, 11, 25], [6, 10, 11, 13, 16, 17, 23, 27], [2, 5, 7, 17, 22, 25, 26, 28], [1, 2, 4, 11, 12, 19, 20, 24], [0, 2, 3, 5, 6, 12, 14, 29], [6, 7, 10, 11, 17, 24, 26, 31], [1, 2, 5, 9, 10, 16, 29, 31], [0, 2, 4, 5, 25, 26, 28, 30], [0, 1, 2, 6, 10, 17, 23, 27], [1, 3, 4, 6, 8, 10, 16, 24], [5, 6, 9, 14, 15, 18, 19, 28], [0, 5, 6, 9, 10, 13, 19, 27], [1, 2, 6, 7, 10, 16, 18, 26], [1, 2, 3, 5, 11, 12, 24, 27], [2, 6, 7, 14, 15, 16, 18, 20], [1, 2, 8, 9, 12, 14, 21, 26], [0, 1, 4, 8, 11, 13, 16, 19], [2, 5, 7, 10, 11, 18, 26, 28], [1, 2, 5, 7, 9, 15, 17, 28], [0, 1, 2, 5, 6, 8, 9, 16], [0, 6, 7, 9, 12, 13, 15, 23], [1, 2, 4, 5, 12, 13, 22, 23], [1, 2, 3, 4, 6, 7, 19, 25], [0, 1, 2, 11, 24, 25, 29, 31], [0, 1, 2, 3, 6, 9, 30, 31], [0, 5, 6, 7, 9, 10, 13, 21], [1, 2, 4, 5, 6, 9, 10, 11], [1, 2, 19, 20, 21, 24, 28, 29], [3, 4, 6, 7, 9, 24, 30, 31], [0, 2, 3, 9, 16, 17, 23, 24], [0, 3, 8, 9, 10, 13, 24, 25], [1, 10, 18, 23, 24, 26, 28, 31], [0, 1, 2, 3, 5, 6, 9, 27], [2, 6, 7, 12, 13, 15, 18, 19], [0, 5, 6, 12, 19, 20, 25, 29], [2, 3, 6, 9, 16, 20, 21, 28], [0, 5, 6, 8, 9, 14, 18, 21], [3, 5, 6, 8, 11, 16, 20, 27], [0, 1, 4, 6, 15, 22, 28, 31], [0, 2, 3, 4, 5, 7, 9, 10], [0, 1, 3, 4, 5, 6, 7, 23], [6, 9, 20, 22, 23, 24, 25, 29], [2, 4, 5, 10, 13, 18, 23, 27], [3, 4, 6, 7, 8, 15, 20, 22], [0, 2, 3, 6, 8, 15, 16, 20], [0, 1, 2, 3, 5, 7, 9, 29], [1, 2, 7, 8, 11, 14, 15, 30], [0, 14, 19, 20, 21, 24, 28, 29], [0, 1, 2, 6, 10, 20, 22, 23], [0, 1, 3, 9, 12, 20, 23, 28], [0, 1, 3, 7, 10, 15, 18, 21], [4, 6, 7, 11, 20, 28, 29, 30], [0, 2, 3, 5, 6, 9, 13, 27], [6, 9, 10, 12, 17, 19, 20, 23], [0, 3, 4, 5, 7, 25, 26, 28], [1, 2, 5, 7, 12, 14, 15, 16], [0, 1, 2, 5, 8, 12, 15, 21], [0, 2, 4, 8, 14, 15, 16, 17], [3, 7, 8, 12, 14, 16, 20, 23], [0, 1, 2, 3, 4, 10, 11, 17], [0, 1, 4, 6, 10, 12, 14, 17], [7, 10, 11, 12, 18, 19, 22, 25], [0, 1, 2, 3, 4, 5, 6, 22], [2, 3, 4, 8, 12, 14, 15, 19], [0, 1, 3, 7, 9, 10, 13, 18], [9, 17, 20, 21, 25, 28, 30, 31], [3, 4, 5, 7, 8, 15, 16, 22], [1, 6, 8, 9, 12, 19, 23, 28], [7, 9, 10, 16, 17, 26, 27, 31], [0, 1, 4, 5, 8, 13, 14, 19], [0, 2, 5, 8, 23, 24, 26, 28], [2, 4, 5, 7, 8, 11, 12, 13], [0, 1, 3, 6, 12, 16, 17, 29], [4, 9, 12, 13, 18, 19, 22, 27], [1, 3, 6, 7, 9, 13, 14, 19], [0, 2, 11, 12, 14, 15, 18, 19], [0, 1, 5, 13, 17, 20, 21, 27], [0, 7, 8, 12, 14, 15, 19, 27], [1, 2, 7, 12, 13, 17, 19, 20], [5, 7, 8, 9, 10, 13, 18, 24], [0, 1, 7, 8, 9, 13, 16, 21], [0, 1, 2, 3, 6, 9, 12, 14], [2, 3, 4, 5, 7, 8, 9, 29], [1, 9, 11, 14, 15, 24, 27, 28], [2, 3, 4, 7, 8, 9, 11, 12], [0, 1, 9, 10, 15, 24, 30, 31], [0, 1, 2, 3, 7, 8, 13, 14], [3, 4, 7, 13, 14, 25, 26, 28], [0, 1, 7, 11, 17, 20, 21, 26], [11, 12, 14, 16, 17, 18, 19, 23], [7, 8, 10, 14, 17, 21, 23, 24], [5, 6, 7, 8, 10, 15, 17, 21], [0, 2, 3, 9, 11, 13, 18, 25], [0, 1, 3, 4, 10, 11, 12, 31], [1, 2, 3, 4, 8, 13, 16, 18], [0, 1, 3, 6, 7, 14, 17, 18], [0, 1, 2, 6, 7, 18, 28, 29], [6, 13, 15, 17, 21, 24, 26, 29], [0, 4, 6, 7, 9, 10, 11, 12], [2, 10, 14, 16, 17, 19, 26, 27], [0, 2, 3, 6, 12, 13, 19, 21], [13, 16, 18, 19, 20, 21, 25, 27], [1, 2, 5, 6, 8, 10, 14, 26], [1, 6, 7, 9, 12, 13, 14, 21], [0, 3, 5, 9, 16, 17, 28, 29], [0, 1, 3, 4, 7, 11, 14, 19], [2, 4, 6, 9, 14, 21, 22, 25], [0, 2, 5, 6, 8, 12, 15, 19], [0, 1, 2, 7, 15, 16, 26, 27], [0, 2, 3, 6, 11, 14, 26, 27], [8, 10, 11, 12, 13, 17, 22, 23]]",8,0.4380004107952118,128,learned,0.0,16256,4.0,124,0.46036645770072937,11,56 104 80 88,4063,0.853486955165863,test,top_r_mean,0.0,0.5,1.0,0.625
0.03150381491508737,0.0,127,0.0,31,85.50749998539686,qasper,0.26666666666666666,0.0,0.0,0.0,1810.12085:c2cb6c4500d9e02fc9a1bdffd22c3df69655189f,mean,0.6657917760279966,0.011641029268503189,"[[0, 1, 2, 3, 4, 5, 21, 30], [5, 7, 11, 12, 13, 14, 18, 31], [0, 2, 10, 17, 18, 21, 26, 31], [0, 7, 8, 9, 22, 23, 29, 30], [0, 2, 5, 6, 9, 15, 16, 19], [0, 1, 2, 3, 4, 7, 18, 21], [3, 4, 5, 6, 7, 11, 18, 21], [1, 3, 5, 6, 15, 16, 24, 31], [0, 1, 2, 5, 8, 9, 12, 25], [0, 16, 22, 23, 25, 28, 29, 31], [0, 2, 3, 6, 15, 20, 21, 23], [1, 2, 4, 7, 9, 10, 24, 30], [1, 2, 3, 4, 6, 11, 14, 19], [2, 7, 8, 10, 15, 16, 17, 22], [3, 7, 8, 10, 11, 12, 15, 28], [0, 5, 7, 14, 17, 18, 28, 30], [0, 1, 3, 5, 6, 9, 11, 25], [6, 8, 10, 11, 16, 17, 27, 30], [0, 1, 2, 5, 17, 25, 26, 28], [1, 2, 4, 9, 11, 12, 20, 24], [0, 2, 3, 5, 6, 12, 14, 29], [2, 6, 7, 10, 11, 13, 17, 24], [0, 1, 2, 5, 9, 10, 11, 31], [0, 2, 4, 5, 25, 26, 28, 30], [0, 1, 2, 3, 10, 11, 23, 27], [1, 2, 4, 6, 8, 10, 14, 19], [5, 6, 9, 14, 15, 19, 27, 28], [0, 4, 5, 6, 9, 10, 19, 27], [1, 2, 6, 7, 18, 26, 28, 31], [1, 2, 3, 5, 11, 12, 24, 27], [2, 6, 7, 14, 15, 18, 19, 20], [1, 2, 8, 9, 12, 14, 21, 26], [0, 1, 4, 8, 11, 13, 15, 16], [2, 5, 7, 10, 11, 18, 26, 28], [1, 2, 4, 5, 7, 9, 15, 28], [0, 1, 2, 5, 6, 8, 9, 16], [0, 6, 7, 9, 12, 13, 15, 26], [1, 4, 5, 12, 13, 18, 22, 23], [0, 1, 2, 3, 4, 6, 19, 25], [0, 1, 2, 11, 16, 24, 25, 29], [0, 1, 2, 3, 6, 9, 30, 31], [0, 5, 6, 7, 9, 10, 12, 21], [1, 2, 4, 5, 6, 9, 10, 11], [0, 2, 12, 19, 21, 24, 28, 29], [3, 4, 6, 7, 9, 17, 30, 31], [0, 2, 3, 16, 17, 23, 24, 29], [0, 3, 8, 9, 10, 13, 24, 25], [1, 10, 23, 24, 25, 26, 28, 31], [0, 1, 2, 3, 5, 6, 10, 30], [1, 6, 7, 11, 12, 13, 15, 18], [0, 5, 6, 7, 19, 20, 25, 29], [2, 3, 5, 6, 9, 16, 21, 28], [0, 5, 6, 8, 9, 18, 20, 24], [5, 6, 8, 11, 16, 20, 21, 27], [0, 1, 4, 6, 15, 19, 28, 31], [0, 2, 3, 4, 7, 9, 10, 11], [0, 1, 3, 4, 5, 6, 7, 23], [5, 6, 9, 20, 23, 24, 25, 29], [1, 2, 4, 5, 10, 13, 18, 23], [0, 2, 3, 4, 7, 8, 20, 22], [0, 2, 3, 6, 7, 8, 16, 20], [0, 1, 2, 4, 5, 9, 11, 29], [1, 2, 7, 8, 13, 14, 15, 30], [0, 14, 19, 20, 21, 23, 24, 28], [0, 2, 7, 9, 10, 20, 22, 23], [0, 1, 3, 8, 9, 12, 20, 23], [0, 1, 3, 7, 10, 15, 18, 21], [2, 4, 6, 7, 20, 28, 29, 30], [0, 2, 3, 5, 6, 9, 13, 27], [6, 9, 10, 12, 17, 19, 20, 23], [0, 3, 4, 5, 9, 26, 28, 29], [2, 5, 7, 12, 14, 15, 16, 21], [0, 1, 2, 4, 8, 15, 18, 21], [0, 2, 4, 6, 8, 15, 16, 17], [3, 7, 8, 12, 14, 16, 20, 23], [0, 1, 2, 3, 4, 8, 11, 17], [0, 1, 4, 6, 10, 12, 14, 17], [7, 10, 11, 12, 18, 19, 22, 25], [0, 1, 2, 3, 4, 5, 6, 12], [2, 3, 4, 10, 11, 12, 14, 15], [0, 1, 3, 5, 7, 10, 13, 18], [9, 17, 21, 25, 27, 28, 30, 31], [3, 4, 7, 8, 11, 15, 16, 22], [1, 6, 8, 9, 19, 22, 30, 31], [7, 9, 12, 16, 17, 26, 27, 31], [0, 1, 2, 4, 5, 8, 14, 19], [0, 2, 5, 8, 23, 24, 26, 28], [2, 4, 5, 7, 8, 11, 12, 13], [0, 1, 3, 6, 12, 16, 17, 29], [4, 9, 10, 13, 19, 22, 27, 28], [1, 3, 6, 7, 9, 13, 14, 25], [0, 2, 11, 12, 15, 18, 19, 22], [0, 1, 13, 17, 21, 22, 25, 27], [0, 7, 8, 12, 14, 15, 19, 27], [1, 2, 7, 12, 13, 17, 19, 25], [5, 7, 8, 9, 10, 13, 18, 24], [0, 1, 7, 8, 9, 13, 16, 21], [0, 1, 2, 3, 5, 6, 9, 14], [2, 3, 4, 5, 7, 8, 9, 29], [1, 9, 11, 14, 15, 24, 25, 28], [2, 3, 4, 8, 9, 11, 12, 14], [0, 1, 9, 10, 15, 24, 30, 31], [0, 1, 2, 3, 7, 8, 14, 23], [3, 4, 13, 14, 23, 25, 26, 28], [0, 1, 7, 10, 11, 18, 20, 21], [11, 12, 17, 18, 19, 21, 22, 23], [7, 8, 14, 17, 19, 21, 23, 24], [5, 6, 7, 8, 10, 11, 15, 21], [0, 2, 3, 8, 9, 13, 18, 25], [0, 1, 3, 11, 12, 26, 29, 31], [1, 2, 3, 4, 7, 11, 13, 16], [0, 1, 3, 6, 13, 14, 17, 18], [0, 1, 2, 6, 7, 18, 20, 21], [6, 12, 13, 15, 17, 21, 26, 29], [0, 4, 6, 7, 9, 10, 11, 12], [2, 10, 13, 14, 16, 17, 19, 26], [0, 2, 3, 6, 9, 12, 13, 19], [0, 13, 16, 18, 19, 20, 21, 25], [1, 2, 5, 6, 8, 10, 14, 26], [1, 6, 7, 9, 12, 13, 14, 21], [0, 1, 3, 5, 7, 9, 16, 17], [0, 1, 3, 4, 7, 11, 14, 19], [2, 4, 5, 6, 9, 12, 22, 25], [0, 2, 5, 6, 8, 12, 15, 19], [0, 1, 2, 7, 15, 16, 24, 26], [0, 3, 6, 11, 14, 19, 23, 26], [8, 10, 11, 12, 13, 17, 22, 23]]",8,0.45525839924812317,128,learned,0.0,16256,4.0,124,0.4803134799003601,23,80 56 24 88,4063,0.8418166041374207,test,top_r_mean,1.0,1.0,0.75,0.75
0.03150381491508737,0.0,127,0.0,31,83.27340008690953,qasper,0.26666666666666666,0.0,0.0,0.0,1810.12085:c2cb6c4500d9e02fc9a1bdffd22c3df69655189f,mean,0.6870391201099862,0.010345803573727608,"[[0, 1, 2, 3, 4, 5, 21, 30], [5, 7, 11, 12, 13, 14, 18, 31], [0, 2, 10, 17, 18, 21, 26, 31], [0, 7, 8, 9, 22, 23, 29, 30], [0, 5, 6, 9, 15, 16, 19, 23], [0, 1, 2, 3, 4, 7, 10, 21], [3, 4, 5, 6, 7, 11, 18, 21], [0, 1, 3, 5, 6, 15, 16, 31], [0, 1, 2, 5, 8, 9, 25, 29], [0, 9, 16, 22, 23, 25, 28, 31], [0, 1, 2, 3, 6, 15, 18, 20], [1, 2, 4, 7, 9, 10, 24, 30], [1, 2, 3, 4, 6, 11, 14, 19], [2, 7, 8, 10, 15, 16, 17, 22], [3, 7, 8, 10, 11, 12, 15, 28], [0, 2, 3, 5, 7, 18, 28, 30], [0, 1, 3, 5, 7, 9, 11, 25], [6, 8, 10, 11, 13, 16, 17, 27], [0, 2, 5, 17, 22, 25, 26, 28], [1, 2, 4, 9, 12, 19, 20, 24], [0, 3, 5, 6, 12, 14, 18, 29], [2, 6, 7, 10, 11, 12, 17, 24], [0, 1, 2, 5, 9, 10, 16, 31], [0, 2, 4, 5, 25, 26, 28, 30], [0, 1, 2, 6, 10, 11, 23, 27], [1, 2, 3, 4, 6, 8, 10, 16], [5, 6, 9, 12, 14, 15, 19, 28], [0, 5, 6, 9, 10, 13, 19, 27], [1, 2, 6, 7, 16, 18, 26, 28], [1, 2, 3, 5, 11, 12, 13, 24], [2, 6, 7, 14, 15, 16, 18, 20], [1, 2, 8, 9, 12, 14, 21, 23], [0, 1, 4, 8, 11, 13, 15, 16], [2, 5, 7, 10, 11, 18, 26, 28], [1, 2, 4, 5, 7, 9, 15, 28], [0, 1, 2, 5, 6, 8, 9, 16], [0, 2, 6, 7, 9, 12, 13, 15], [1, 2, 4, 5, 12, 13, 18, 23], [0, 1, 2, 3, 4, 6, 7, 19], [0, 1, 2, 11, 24, 25, 28, 29], [0, 1, 2, 3, 6, 9, 30, 31], [0, 5, 6, 7, 9, 10, 13, 21], [1, 2, 4, 5, 6, 9, 10, 11], [1, 2, 12, 19, 21, 24, 28, 29], [3, 4, 6, 7, 9, 11, 17, 31], [0, 2, 3, 9, 10, 16, 17, 24], [0, 3, 8, 9, 10, 13, 24, 25], [1, 10, 18, 23, 24, 26, 28, 31], [0, 1, 2, 3, 5, 6, 7, 30], [2, 7, 11, 12, 13, 15, 18, 19], [0, 5, 6, 12, 19, 20, 25, 29], [2, 3, 6, 9, 16, 20, 21, 28], [0, 5, 6, 8, 9, 18, 21, 24], [3, 5, 6, 8, 11, 16, 20, 27], [0, 1, 3, 4, 6, 15, 19, 28], [0, 1, 2, 3, 4, 7, 9, 10], [0, 1, 3, 4, 5, 6, 7, 23], [6, 9, 20, 22, 23, 24, 25, 29], [2, 4, 5, 10, 13, 18, 23, 27], [0, 3, 4, 6, 7, 8, 15, 20], [0, 2, 3, 6, 7, 8, 16, 20], [0, 1, 2, 3, 5, 7, 9, 29], [1, 2, 7, 8, 11, 14, 15, 30], [0, 1, 14, 19, 20, 21, 24, 28], [0, 1, 2, 6, 10, 20, 22, 23], [0, 1, 3, 8, 9, 12, 20, 23], [0, 1, 3, 7, 10, 15, 18, 21], [4, 6, 7, 11, 20, 28, 29, 30], [0, 2, 3, 5, 6, 9, 13, 27], [6, 9, 10, 12, 17, 19, 20, 23], [0, 3, 4, 5, 7, 26, 28, 29], [1, 2, 5, 7, 12, 14, 15, 16], [0, 1, 2, 4, 8, 15, 18, 21], [0, 2, 4, 8, 15, 16, 17, 24], [3, 6, 7, 8, 12, 14, 16, 23], [0, 1, 2, 3, 4, 8, 10, 17], [0, 1, 4, 6, 8, 10, 12, 14], [4, 7, 10, 11, 12, 18, 19, 22], [0, 1, 2, 3, 4, 5, 6, 22], [2, 3, 4, 8, 10, 12, 14, 15], [0, 1, 3, 5, 7, 10, 13, 18], [9, 17, 20, 21, 25, 27, 28, 31], [3, 4, 7, 8, 11, 15, 16, 22], [1, 6, 8, 9, 12, 19, 23, 28], [7, 9, 10, 16, 17, 26, 27, 31], [0, 1, 2, 4, 5, 8, 14, 19], [0, 2, 5, 8, 23, 24, 26, 28], [2, 4, 5, 7, 8, 11, 12, 13], [0, 1, 3, 6, 12, 16, 17, 29], [2, 4, 9, 13, 18, 19, 22, 27], [1, 3, 6, 7, 9, 13, 14, 19], [0, 2, 11, 12, 14, 15, 18, 19], [0, 1, 5, 13, 17, 20, 21, 27], [0, 4, 7, 8, 12, 14, 15, 19], [1, 2, 7, 12, 13, 17, 19, 20], [5, 7, 8, 9, 10, 13, 18, 24], [0, 1, 7, 8, 9, 13, 16, 21], [0, 1, 2, 3, 6, 9, 12, 14], [2, 3, 4, 5, 7, 8, 9, 29], [1, 4, 9, 11, 14, 15, 24, 28], [2, 3, 4, 7, 8, 9, 11, 12], [0, 1, 4, 9, 10, 15, 24, 30], [0, 1, 2, 3, 7, 8, 13, 14], [3, 4, 7, 13, 14, 15, 26, 28], [0, 1, 7, 11, 17, 18, 20, 21], [11, 12, 14, 16, 17, 18, 19, 23], [7, 8, 14, 17, 19, 21, 23, 24], [5, 6, 7, 8, 10, 11, 15, 21], [0, 2, 3, 8, 9, 13, 18, 25], [0, 1, 3, 4, 10, 11, 12, 31], [1, 2, 3, 4, 8, 13, 16, 18], [0, 1, 3, 6, 7, 14, 17, 18], [0, 1, 2, 6, 7, 18, 20, 21], [1, 6, 12, 13, 15, 17, 21, 26], [0, 4, 6, 7, 9, 10, 11, 12], [2, 10, 13, 14, 16, 17, 19, 26], [0, 2, 3, 4, 6, 12, 13, 19], [0, 13, 16, 18, 20, 21, 25, 27], [1, 2, 5, 6, 8, 10, 14, 26], [1, 6, 7, 9, 12, 13, 14, 21], [0, 1, 3, 5, 9, 16, 17, 28], [0, 1, 3, 4, 7, 11, 14, 19], [2, 4, 6, 9, 14, 21, 22, 25], [0, 2, 5, 6, 8, 12, 15, 19], [0, 1, 2, 7, 15, 16, 24, 26], [0, 2, 3, 6, 11, 14, 19, 26], [8, 10, 11, 12, 13, 17, 22, 23]]",8,0.4393841028213501,128,learned,0.0,16256,4.0,124,0.46260374784469604,37,80 104 56 24,4063,0.8640325665473938,test,top_r_mean,1.0,0.5,0.75,0.75
0.03150381491508737,0.0,127,0.0,31,104.70789996907115,qasper,0.26666666666666666,0.0,0.0,0.0,1810.12085:c2cb6c4500d9e02fc9a1bdffd22c3df69655189f,mean,0.6790401199850019,0.010600727051496506,"[[0, 1, 2, 3, 4, 5, 23, 30], [5, 7, 11, 12, 13, 14, 18, 31], [0, 2, 10, 17, 18, 21, 26, 31], [0, 7, 8, 9, 22, 23, 29, 30], [0, 5, 6, 9, 15, 16, 19, 30], [1, 2, 3, 4, 6, 7, 10, 21], [3, 4, 5, 6, 7, 11, 18, 21], [1, 3, 5, 6, 15, 16, 22, 31], [0, 1, 2, 5, 8, 9, 25, 29], [0, 9, 16, 22, 23, 25, 28, 31], [0, 1, 2, 3, 6, 15, 18, 20], [1, 2, 4, 7, 9, 10, 24, 30], [1, 2, 3, 4, 6, 11, 14, 19], [2, 7, 8, 10, 15, 16, 17, 22], [3, 7, 8, 10, 11, 15, 28, 31], [0, 2, 3, 5, 6, 7, 18, 28], [0, 1, 3, 7, 9, 10, 11, 25], [6, 8, 10, 11, 13, 16, 17, 27], [0, 2, 5, 17, 22, 25, 26, 28], [1, 2, 4, 9, 12, 19, 20, 24], [0, 2, 3, 5, 6, 12, 14, 29], [2, 6, 7, 10, 11, 17, 24, 31], [0, 1, 2, 5, 9, 10, 16, 31], [0, 2, 4, 5, 25, 26, 28, 30], [0, 1, 2, 6, 17, 23, 27, 30], [1, 3, 4, 6, 8, 10, 24, 31], [5, 6, 9, 14, 15, 18, 19, 28], [0, 5, 6, 9, 10, 19, 27, 30], [1, 2, 6, 7, 16, 18, 26, 28], [1, 2, 3, 5, 11, 12, 24, 27], [2, 6, 7, 14, 15, 16, 18, 20], [1, 2, 8, 9, 12, 14, 21, 26], [0, 1, 4, 8, 11, 13, 16, 19], [2, 5, 7, 10, 11, 26, 28, 31], [1, 2, 4, 5, 7, 9, 15, 28], [0, 1, 2, 5, 6, 8, 9, 16], [0, 6, 7, 9, 12, 13, 15, 26], [1, 2, 4, 5, 12, 13, 22, 23], [0, 1, 2, 3, 4, 6, 7, 19], [0, 1, 2, 11, 24, 25, 29, 31], [0, 1, 2, 3, 6, 9, 30, 31], [0, 5, 6, 7, 9, 10, 13, 21], [1, 2, 4, 5, 6, 9, 10, 11], [1, 2, 19, 20, 21, 24, 28, 29], [3, 4, 6, 7, 9, 11, 17, 31], [0, 2, 3, 9, 16, 17, 23, 24], [0, 3, 8, 9, 10, 13, 24, 25], [1, 10, 18, 23, 24, 26, 28, 31], [0, 1, 2, 3, 5, 6, 27, 30], [1, 2, 6, 7, 12, 13, 15, 18], [0, 5, 6, 12, 19, 20, 25, 29], [2, 3, 6, 9, 16, 20, 21, 28], [0, 5, 6, 8, 9, 18, 20, 21], [3, 5, 6, 8, 11, 16, 20, 27], [0, 1, 3, 4, 6, 15, 28, 31], [0, 1, 2, 3, 4, 7, 9, 10], [0, 1, 3, 4, 5, 6, 7, 23], [3, 6, 9, 20, 23, 24, 25, 29], [1, 2, 4, 5, 10, 13, 18, 23], [0, 3, 4, 6, 7, 8, 15, 20], [0, 2, 3, 6, 7, 8, 16, 20], [0, 1, 2, 3, 5, 7, 9, 29], [1, 2, 7, 8, 11, 14, 15, 30], [0, 14, 19, 20, 21, 23, 24, 28], [0, 1, 2, 6, 10, 20, 22, 23], [0, 1, 3, 9, 12, 20, 23, 28], [0, 1, 3, 7, 10, 15, 18, 21], [4, 6, 7, 11, 20, 28, 29, 30], [0, 2, 3, 5, 6, 9, 13, 27], [6, 9, 10, 12, 17, 19, 20, 23], [0, 3, 4, 5, 7, 9, 26, 28], [1, 2, 5, 7, 12, 14, 15, 16], [0, 1, 2, 5, 8, 12, 15, 21], [0, 2, 4, 8, 14, 15, 16, 17], [3, 7, 8, 12, 14, 16, 20, 23], [0, 1, 2, 3, 4, 10, 11, 17], [0, 1, 4, 6, 10, 12, 14, 17], [7, 10, 11, 12, 18, 19, 22, 25], [0, 1, 2, 3, 4, 5, 6, 22], [2, 3, 4, 8, 10, 12, 14, 15], [0, 1, 3, 7, 9, 10, 13, 18], [9, 17, 21, 25, 27, 28, 30, 31], [3, 4, 5, 7, 8, 15, 16, 22], [1, 6, 8, 9, 12, 19, 28, 31], [0, 7, 9, 10, 16, 26, 27, 31], [0, 1, 2, 4, 5, 8, 14, 19], [0, 2, 5, 8, 23, 24, 26, 28], [2, 4, 5, 7, 8, 11, 12, 13], [0, 1, 3, 6, 12, 16, 17, 29], [2, 4, 9, 13, 18, 19, 22, 27], [1, 3, 6, 7, 9, 13, 14, 19], [0, 2, 11, 12, 14, 15, 18, 19], [0, 1, 5, 13, 17, 20, 21, 27], [0, 4, 7, 8, 12, 14, 15, 19], [1, 2, 7, 12, 13, 17, 19, 20], [5, 7, 8, 9, 10, 13, 18, 24], [0, 1, 7, 8, 9, 13, 16, 21], [0, 1, 2, 3, 6, 9, 12, 14], [2, 3, 4, 5, 7, 8, 9, 29], [1, 4, 9, 11, 14, 15, 24, 28], [2, 3, 4, 7, 8, 9, 11, 12], [0, 1, 4, 9, 10, 15, 24, 30], [0, 1, 2, 3, 7, 8, 13, 14], [3, 4, 7, 13, 14, 25, 26, 28], [0, 1, 7, 10, 11, 17, 20, 21], [11, 12, 14, 16, 17, 18, 19, 23], [7, 8, 14, 17, 19, 21, 23, 24], [5, 6, 7, 8, 10, 11, 15, 21], [0, 2, 3, 9, 11, 13, 18, 25], [0, 1, 3, 4, 10, 11, 12, 31], [1, 2, 3, 4, 8, 13, 16, 18], [0, 1, 3, 6, 7, 14, 17, 18], [0, 1, 2, 6, 7, 8, 18, 28], [6, 12, 13, 15, 17, 21, 26, 29], [0, 4, 6, 7, 9, 10, 11, 12], [2, 10, 13, 14, 16, 17, 26, 29], [0, 2, 3, 4, 6, 12, 13, 21], [0, 13, 16, 18, 20, 21, 25, 27], [1, 2, 5, 6, 8, 10, 26, 28], [1, 6, 7, 9, 12, 13, 14, 21], [0, 1, 3, 5, 9, 16, 17, 29], [0, 1, 3, 4, 7, 11, 14, 19], [2, 4, 5, 6, 9, 21, 22, 25], [0, 2, 5, 6, 8, 12, 15, 19], [0, 1, 2, 7, 15, 16, 26, 27], [0, 2, 3, 6, 11, 14, 26, 27], [8, 10, 11, 12, 13, 17, 22, 23]]",8,0.4379377067089081,128,learned,0.0,16256,4.0,124,0.46300235390663147,53,56 104 80 88,4063,0.8537155389785767,test,top_r_mean,0.0,0.5,1.0,0.625
0.03150381491508737,0.0,127,0.0,31,91.9508000370115,qasper,0.26666666666666666,0.0,0.0,0.0,1810.12085:c2cb6c4500d9e02fc9a1bdffd22c3df69655189f,mean,0.6665416822897138,0.009299501776695251,"[[0, 1, 2, 4, 5, 21, 23, 30], [5, 7, 12, 13, 14, 17, 18, 31], [0, 2, 10, 17, 18, 21, 26, 31], [0, 7, 8, 9, 22, 23, 29, 30], [0, 2, 5, 6, 15, 16, 19, 23], [1, 2, 3, 4, 7, 10, 18, 21], [3, 4, 5, 6, 7, 11, 18, 21], [1, 3, 5, 6, 15, 16, 24, 31], [0, 1, 2, 5, 8, 9, 25, 27], [0, 9, 16, 22, 23, 25, 28, 31], [0, 1, 2, 3, 6, 15, 20, 21], [1, 2, 4, 7, 10, 20, 24, 30], [1, 2, 3, 4, 6, 11, 14, 19], [2, 7, 8, 10, 15, 16, 17, 22], [3, 7, 8, 10, 11, 12, 15, 28], [0, 2, 7, 14, 17, 18, 28, 30], [0, 1, 3, 6, 7, 9, 11, 25], [6, 10, 11, 16, 17, 21, 23, 27], [0, 2, 5, 17, 22, 25, 26, 28], [1, 2, 4, 11, 12, 18, 20, 24], [0, 2, 3, 5, 6, 14, 20, 29], [2, 6, 7, 10, 11, 13, 17, 24], [0, 2, 5, 9, 10, 11, 16, 31], [0, 2, 4, 5, 25, 26, 28, 30], [0, 1, 2, 6, 17, 23, 27, 30], [1, 4, 6, 8, 10, 14, 21, 24], [5, 6, 9, 12, 14, 15, 19, 28], [0, 5, 6, 9, 10, 19, 27, 30], [1, 2, 6, 7, 18, 26, 28, 31], [1, 2, 3, 5, 11, 12, 24, 27], [6, 7, 14, 15, 16, 18, 19, 20], [1, 2, 8, 9, 12, 14, 21, 23], [0, 1, 4, 8, 11, 13, 15, 19], [2, 5, 7, 10, 11, 18, 26, 28], [1, 2, 5, 7, 9, 15, 17, 28], [0, 1, 2, 5, 6, 9, 15, 16], [0, 3, 6, 7, 12, 13, 15, 23], [1, 2, 4, 5, 12, 13, 22, 23], [0, 1, 2, 3, 4, 6, 19, 25], [0, 1, 2, 11, 24, 25, 29, 31], [0, 1, 2, 3, 6, 9, 30, 31], [0, 6, 7, 9, 10, 13, 15, 21], [1, 2, 4, 5, 6, 9, 10, 11], [0, 1, 2, 19, 21, 24, 28, 29], [3, 4, 6, 7, 9, 25, 30, 31], [0, 2, 3, 16, 17, 23, 24, 29], [0, 3, 8, 9, 10, 13, 24, 25], [10, 18, 23, 24, 25, 26, 28, 31], [0, 1, 2, 3, 5, 6, 10, 27], [1, 6, 7, 12, 13, 15, 18, 19], [0, 3, 6, 7, 19, 20, 25, 29], [2, 3, 6, 9, 16, 20, 21, 28], [0, 5, 6, 8, 9, 18, 21, 30], [3, 5, 6, 8, 11, 16, 20, 27], [0, 1, 3, 4, 6, 15, 28, 31], [0, 1, 2, 3, 4, 7, 9, 10], [0, 1, 3, 4, 5, 6, 7, 23], [6, 9, 20, 22, 23, 24, 25, 29], [2, 4, 5, 10, 13, 18, 23, 27], [0, 3, 4, 7, 8, 15, 20, 22], [0, 2, 3, 6, 8, 15, 16, 20], [0, 1, 2, 5, 7, 9, 11, 29], [1, 2, 7, 14, 15, 20, 30, 31], [0, 14, 19, 20, 23, 24, 27, 29], [0, 2, 7, 9, 10, 20, 22, 23], [0, 1, 3, 8, 9, 12, 20, 23], [0, 1, 3, 7, 10, 15, 18, 21], [4, 6, 7, 11, 20, 28, 29, 30], [0, 2, 3, 5, 6, 9, 13, 27], [6, 9, 10, 12, 17, 19, 20, 23], [0, 3, 4, 5, 7, 9, 26, 28], [2, 5, 7, 12, 14, 15, 16, 21], [0, 1, 2, 8, 11, 15, 18, 21], [0, 2, 4, 8, 14, 15, 16, 17], [3, 7, 8, 12, 14, 16, 20, 23], [0, 1, 2, 3, 4, 10, 11, 17], [0, 1, 4, 6, 10, 12, 14, 28], [7, 10, 11, 12, 18, 19, 22, 25], [0, 1, 2, 3, 4, 5, 6, 22], [2, 3, 4, 11, 12, 14, 15, 19], [0, 1, 3, 7, 9, 10, 13, 18], [9, 17, 20, 21, 25, 28, 30, 31], [3, 4, 7, 15, 16, 22, 28, 29], [1, 6, 8, 9, 12, 19, 23, 30], [0, 9, 10, 16, 20, 26, 27, 31], [0, 1, 4, 5, 8, 13, 14, 19], [0, 2, 5, 8, 23, 24, 26, 28], [2, 4, 5, 7, 11, 12, 13, 20], [0, 1, 3, 6, 12, 16, 17, 29], [4, 9, 13, 18, 19, 22, 27, 28], [1, 6, 7, 9, 10, 13, 14, 19], [0, 2, 11, 12, 14, 15, 18, 19], [0, 1, 5, 13, 17, 20, 21, 27], [0, 7, 8, 12, 14, 15, 19, 27], [1, 2, 7, 12, 13, 17, 19, 20], [5, 7, 8, 9, 10, 13, 18, 24], [0, 1, 7, 8, 9, 13, 16, 21], [0, 1, 2, 3, 6, 9, 12, 14], [2, 3, 4, 5, 7, 8, 9, 29], [4, 9, 11, 14, 15, 22, 24, 28], [2, 3, 4, 7, 8, 9, 11, 12], [0, 1, 4, 9, 10, 15, 24, 30], [0, 1, 2, 3, 7, 8, 13, 14], [3, 4, 13, 14, 15, 25, 26, 28], [0, 1, 7, 11, 18, 20, 21, 26], [11, 12, 17, 18, 19, 20, 21, 23], [7, 8, 14, 17, 19, 21, 23, 24], [5, 6, 7, 8, 10, 11, 15, 21], [0, 2, 3, 8, 9, 13, 18, 25], [0, 1, 3, 10, 11, 12, 29, 31], [1, 2, 3, 4, 8, 13, 16, 18], [0, 1, 3, 6, 7, 14, 17, 18], [0, 1, 2, 7, 18, 20, 21, 28], [6, 13, 15, 17, 21, 26, 28, 29], [0, 4, 6, 7, 9, 10, 11, 12], [2, 10, 14, 16, 17, 19, 26, 27], [0, 2, 3, 6, 12, 13, 19, 21], [13, 16, 18, 19, 20, 21, 25, 27], [1, 2, 5, 6, 8, 10, 26, 28], [1, 7, 9, 12, 13, 14, 18, 21], [0, 1, 3, 9, 16, 17, 28, 29], [0, 1, 3, 4, 7, 11, 14, 19], [2, 4, 6, 9, 12, 21, 22, 25], [0, 2, 5, 6, 8, 12, 15, 19], [0, 1, 2, 15, 16, 18, 26, 27], [0, 2, 3, 6, 11, 14, 26, 27], [8, 10, 11, 12, 13, 17, 22, 23]]",8,0.44051414728164673,128,learned,0.0,16256,4.0,124,0.463459312915802,71,56 80 88 104,4063,0.8420801758766174,test,top_r_mean,0.0,1.0,1.0,0.75
0.04560028500178126,1.0,88,1.0,31,56.33020005188882,qasper,0.5,0.25,0.125,0.0,2003.11562:fc4ae12576ea3a85ea6d150b46938890d63a7d18,mean,0.39080459770114945,1.250870704650879,"[[0], [2], [0], [1], [0], [3], [1], [1], [0], [1], [1], [2], [0], [3], [2], [0], [0], [1], [1], [1], [2], [4], [4], [1], [0], [0], [0], [1], [0], [3], [16], [3], [0], [7], [0], [2], [2], [1], [0], [5], [0], [0], [7], [0], [5], [6], [2], [1], [0], [0], [4], [0], [2], [0], [1], [1], [0], [0], [1], [6], [6], [1], [2], [1], [0], [0], [4], [4], [1], [1], [2], [7], [0], [2], [1], [0], [1], [1], [0], [0], [0], [1], [2], [8], [1], [0], [0], [3]]",1,1.0540790557861328,128,learned,0.5,1408,4.0,124,1.2457962036132812,11,40 0 56 80,2807,0.5353632569313049,test,top_r_mean,0.0,0.5,0.25,0.75
0.04560028500178126,1.0,88,1.0,31,57.13739991188049,qasper,0.5,0.25,0.125,0.0,2003.11562:fc4ae12576ea3a85ea6d150b46938890d63a7d18,mean,0.40229885057471265,1.2561097145080566,"[[0], [0], [0], [1], [0], [3], [0], [1], [0], [1], [1], [2], [0], [3], [2], [0], [0], [1], [1], [1], [2], [4], [4], [1], [0], [0], [0], [1], [0], [3], [16], [3], [0], [6], [0], [2], [2], [1], [0], [4], [0], [0], [7], [1], [5], [2], [2], [1], [0], [0], [3], [0], [2], [0], [1], [1], [0], [0], [1], [6], [6], [1], [2], [1], [0], [0], [4], [4], [1], [1], [2], [7], [0], [2], [0], [0], [1], [1], [0], [0], [0], [8], [2], [8], [1], [0], [0], [0]]",1,1.0637826919555664,128,learned,0.5,1408,4.0,124,1.2555392980575562,23,40 0 56 80,2807,0.5535204410552979,test,top_r_mean,0.0,0.5,0.25,0.75
0.04560028500178126,1.0,88,1.0,31,54.62459987029433,qasper,0.5,0.25,0.125,0.0,2003.11562:fc4ae12576ea3a85ea6d150b46938890d63a7d18,mean,0.3766980146290491,1.2677838802337646,"[[0], [0], [0], [1], [0], [3], [0], [1], [0], [1], [1], [2], [0], [3], [2], [0], [0], [1], [1], [1], [2], [4], [4], [1], [0], [0], [0], [1], [0], [3], [6], [3], [0], [7], [0], [2], [2], [1], [0], [4], [0], [0], [7], [0], [2], [2], [2], [1], [0], [0], [3], [0], [2], [0], [1], [1], [0], [0], [1], [4], [5], [1], [1], [1], [0], [0], [4], [4], [1], [1], [2], [7], [0], [2], [1], [0], [1], [1], [0], [0], [0], [1], [2], [8], [1], [0], [0], [3]]",1,1.0805613994598389,128,learned,0.5,1408,4.0,124,1.2751612663269043,37,40 0 56 80,2807,0.522700846195221,test,top_r_mean,0.0,0.5,0.25,0.75
0.04560028500178126,1.0,88,1.0,31,66.31370005197823,qasper,0.5,0.25,0.125,0.0,2003.11562:fc4ae12576ea3a85ea6d150b46938890d63a7d18,mean,0.4216300940438871,1.2693959474563599,"[[0], [0], [0], [1], [0], [3], [1], [1], [0], [1], [1], [2], [0], [3], [2], [0], [0], [1], [1], [1], [2], [4], [4], [1], [0], [0], [0], [1], [0], [3], [6], [3], [0], [2], [0], [2], [2], [1], [0], [4], [0], [0], [7], [0], [5], [2], [2], [1], [0], [0], [3], [0], [2], [0], [1], [1], [0], [0], [1], [4], [6], [1], [1], [1], [0], [0], [2], [0], [1], [1], [2], [7], [0], [2], [0], [0], [1], [1], [0], [0], [0], [1], [2], [8], [1], [0], [0], [3]]",1,1.087714433670044,128,learned,0.5,1408,4.0,124,1.2830371856689453,53,40 0 56 80,2807,0.5819801688194275,test,top_r_mean,0.0,0.5,0.25,0.75
0.04560028500178126,1.0,88,1.0,31,50.824400037527084,qasper,0.5,0.25,0.125,0.0,2003.11562:fc4ae12576ea3a85ea6d150b46938890d63a7d18,mean,0.4106583072100313,1.2567672729492188,"[[0], [0], [0], [1], [0], [3], [1], [1], [0], [1], [1], [2], [0], [3], [2], [0], [0], [1], [2], [1], [2], [4], [4], [1], [0], [0], [0], [1], [0], [3], [16], [3], [0], [7], [0], [4], [2], [1], [0], [4], [0], [0], [7], [1], [5], [2], [2], [1], [0], [0], [3], [0], [2], [0], [1], [1], [0], [0], [1], [4], [6], [1], [1], [1], [0], [0], [4], [0], [1], [1], [2], [7], [0], [2], [1], [0], [1], [1], [0], [0], [0], [1], [2], [8], [1], [0], [0], [3]]",1,1.0661020278930664,128,learned,0.5,1408,4.0,124,1.2590315341949463,71,40 0 56 80,2807,0.5561797618865967,test,top_r_mean,0.0,0.5,0.25,0.75
0.04560028500178126,0.0,88,0.0,31,59.34559996239841,qasper,0.5,0.0,0.0,0.0,2003.11562:fc4ae12576ea3a85ea6d150b46938890d63a7d18,mean,0.45245559038662486,0.24097377061843872,"[[0, 1], [2, 6], [0, 1], [1, 3], [0, 2], [3, 4], [1, 3], [1, 3], [0, 1], [1, 2], [1, 2], [2, 6], [0, 1], [3, 18], [2, 3], [0, 3], [0, 1], [1, 3], [1, 2], [1, 2], [2, 3], [4, 12], [4, 7], [1, 2], [0, 1], [0, 2], [0, 3], [1, 4], [0, 3], [3, 5], [16, 18], [3, 4], [0, 1], [7, 8], [0, 1], [2, 4], [2, 7], [1, 3], [0, 1], [5, 6], [0, 1], [0, 1], [7, 8], [0, 1], [5, 7], [6, 10], [2, 3], [1, 3], [0, 1], [0, 2], [4, 6], [0, 1], [2, 3], [0, 1], [1, 2], [1, 2], [0, 1], [0, 1], [1, 6], [6, 7], [6, 7], [1, 2], [2, 6], [1, 7], [0, 1], [0, 1], [4, 5], [4, 6], [1, 3], [1, 4], [2, 4], [7, 8], [0, 1], [2, 3], [1, 4], [0, 2], [1, 5], [1, 2], [0, 1], [0, 3], [0, 1], [1, 8], [2, 3], [8, 9], [1, 2], [0, 1], [0, 5], [3, 5]]",2,0.8219911456108093,128,learned,0.0,2816,4.0,124,0.8815276026725769,11,40 72 24 8,2807,0.6060723662376404,test,top_r_mean,0.0,0.0,0.5,0.75
0.04560028500178126,1.0,88,1.0,31,53.56110003776848,qasper,0.5,0.25,0.125,0.0,2003.11562:fc4ae12576ea3a85ea6d150b46938890d63a7d18,mean,0.4942528735632184,0.24647340178489685,"[[0, 4], [0, 2], [0, 1], [1, 3], [0, 2], [3, 4], [0, 1], [1, 3], [0, 1], [1, 2], [1, 2], [2, 5], [0, 1], [3, 12], [2, 3], [0, 7], [0, 1], [1, 3], [1, 2], [1, 2], [2, 3], [4, 16], [4, 7], [1, 2], [0, 1], [0, 1], [0, 2], [1, 4], [0, 3], [3, 5], [16, 18], [3, 11], [0, 1], [6, 7], [0, 1], [2, 4], [2, 7], [1, 3], [0, 1], [4, 5], [0, 1], [0, 1], [7, 8], [1, 2], [5, 7], [2, 4], [2, 3], [1, 3], [0, 1], [0, 2], [3, 6], [0, 2], [2, 3], [0, 1], [1, 2], [1, 2], [0, 1], [0, 1], [1, 5], [6, 7], [6, 7], [1, 2], [2, 6], [1, 7], [0, 1], [0, 1], [4, 5], [4, 6], [1, 3], [1, 2], [2, 4], [7, 8], [0, 1], [2, 3], [0, 4], [0, 2], [1, 5], [1, 2], [0, 1], [0, 3], [0, 1], [8, 9], [2, 3], [8, 9], [1, 2], [0, 1], [0, 3], [0, 3]]",2,0.8224349021911621,128,learned,0.5,2816,4.0,124,0.8765129446983337,23,40 0 72 24,2807,0.6627979874610901,test,top_r_mean,0.0,0.5,0.5,0.75
0.04560028500178126,0.0,88,0.0,31,53.0330000910908,qasper,0.5,0.0,0.0,0.0,2003.11562:fc4ae12576ea3a85ea6d150b46938890d63a7d18,mean,0.4780564263322884,0.24430696666240692,"[[0, 1], [0, 2], [0, 1], [1, 3], [0, 2], [3, 4], [0, 1], [1, 3], [0, 1], [1, 2], [1, 2], [2, 5], [0, 1], [3, 8], [2, 3], [0, 3], [0, 1], [1, 3], [1, 2], [1, 2], [2, 3], [4, 6], [4, 7], [1, 2], [0, 1], [0, 1], [0, 3], [1, 4], [0, 3], [3, 5], [6, 16], [3, 4], [0, 1], [7, 8], [0, 1], [2, 4], [2, 7], [1, 3], [0, 1], [4, 5], [0, 1], [0, 1], [7, 8], [0, 1], [2, 5], [2, 6], [2, 3], [1, 3], [0, 1], [0, 2], [3, 4], [0, 1], [2, 3], [0, 1], [1, 2], [1, 2], [0, 1], [0, 1], [1, 5], [4, 6], [5, 6], [1, 2], [1, 2], [1, 4], [0, 1], [0, 1], [4, 5], [4, 6], [1, 3], [1, 2], [2, 4], [7, 8], [0, 1], [2, 3], [1, 4], [0, 1], [1, 5], [1, 2], [0, 1], [0, 3], [0, 1], [1, 8], [2, 3], [8, 9], [1, 2], [0, 1], [0, 3], [3, 5]]",2,0.8343941569328308,128,learned,0.0,2816,4.0,124,0.8928415179252625,37,40 72 24 8,2807,0.645222008228302,test,top_r_mean,0.0,0.0,0.5,0.75
0.04560028500178126,0.0,88,0.0,31,53.15020005218685,qasper,0.5,0.0,0.0,0.0,2003.11562:fc4ae12576ea3a85ea6d150b46938890d63a7d18,mean,0.49895506792058514,0.24915125966072083,"[[0, 1], [0, 2], [0, 1], [1, 3], [0, 2], [3, 4], [1, 3], [1, 3], [0, 1], [1, 2], [1, 2], [2, 5], [0, 1], [3, 12], [2, 3], [0, 3], [0, 1], [1, 3], [1, 2], [1, 2], [2, 3], [4, 6], [4, 7], [1, 2], [0, 1], [0, 1], [0, 3], [1, 4], [0, 3], [3, 5], [6, 16], [3, 4], [0, 1], [2, 7], [0, 1], [2, 4], [2, 7], [1, 3], [0, 1], [4, 5], [0, 1], [0, 1], [7, 8], [0, 1], [5, 7], [2, 6], [2, 3], [1, 3], [0, 1], [0, 2], [3, 4], [0, 1], [2, 3], [0, 1], [1, 2], [1, 2], [0, 1], [0, 1], [1, 5], [4, 6], [6, 7], [1, 2], [1, 2], [1, 4], [0, 1], [0, 1], [2, 4], [0, 4], [1, 3], [1, 2], [2, 4], [7, 8], [0, 1], [2, 3], [0, 1], [0, 1], [1, 5], [1, 2], [0, 1], [0, 3], [0, 1], [1, 8], [2, 3], [8, 12], [1, 2], [0, 1], [0, 3], [3, 5]]",2,0.8486933708190918,128,learned,0.0,2816,4.0,124,0.9078988432884216,53,40 72 24 8,2807,0.6692261099815369,test,top_r_mean,0.0,0.0,0.5,0.75
0.04560028500178126,1.0,88,1.0,31,53.515000035986304,qasper,0.5,0.25,0.125,0.0,2003.11562:fc4ae12576ea3a85ea6d150b46938890d63a7d18,mean,0.45141065830721006,0.24776685237884521,"[[0, 4], [0, 2], [0, 1], [1, 3], [0, 2], [3, 4], [1, 3], [1, 3], [0, 1], [1, 2], [1, 2], [2, 6], [0, 1], [3, 4], [2, 3], [0, 3], [0, 1], [1, 3], [2, 3], [1, 2], [2, 3], [4, 6], [4, 7], [1, 2], [0, 1], [0, 6], [0, 3], [1, 4], [0, 3], [3, 5], [16, 18], [3, 4], [0, 1], [7, 8], [0, 1], [4, 5], [2, 7], [1, 3], [0, 1], [4, 5], [0, 1], [0, 1], [7, 8], [1, 2], [5, 7], [2, 6], [2, 3], [1, 3], [0, 1], [0, 2], [3, 4], [0, 2], [2, 3], [0, 1], [1, 2], [1, 2], [0, 1], [0, 1], [1, 10], [4, 6], [6, 7], [1, 2], [1, 2], [1, 7], [0, 1], [0, 1], [4, 5], [0, 4], [1, 3], [1, 2], [2, 4], [7, 8], [0, 1], [2, 3], [1, 4], [0, 1], [1, 5], [1, 2], [0, 1], [0, 3], [0, 1], [1, 8], [2, 3], [8, 13], [1, 2], [0, 1], [0, 5], [3, 5]]",2,0.8217357397079468,128,learned,0.5,2816,4.0,124,0.8786585330963135,71,40 0 72 24,2807,0.6098763346672058,test,top_r_mean,0.0,0.5,0.5,0.75
0.04560028500178126,1.0,88,1.0,31,55.65660004504025,qasper,0.5,0.25,0.125,0.0,2003.11562:fc4ae12576ea3a85ea6d150b46938890d63a7d18,mean,0.5297805642633229,0.018945995718240738,"[[0, 1, 4, 5], [2, 6, 7, 12], [0, 1, 4, 8], [1, 3, 6, 7], [0, 2, 3, 7], [3, 4, 5, 7], [1, 3, 4, 7], [1, 3, 4, 5], [0, 1, 2, 3], [1, 2, 3, 12], [1, 2, 3, 8], [2, 6, 8, 10], [0, 1, 3, 4], [3, 18, 19, 20], [2, 3, 6, 7], [0, 3, 7, 11], [0, 1, 3, 4], [1, 3, 4, 8], [1, 2, 3, 10], [1, 2, 3, 9], [2, 3, 4, 10], [4, 12, 16, 18], [4, 7, 9, 10], [1, 2, 3, 5], [0, 1, 2, 6], [0, 2, 6, 9], [0, 3, 6, 8], [1, 4, 6, 10], [0, 3, 7, 8], [3, 5, 6, 9], [16, 18, 19, 22], [3, 4, 11, 12], [0, 1, 3, 5], [7, 8, 11, 12], [0, 1, 4, 9], [2, 4, 5, 6], [2, 7, 9, 10], [1, 3, 5, 7], [0, 1, 2, 5], [5, 6, 8, 9], [0, 1, 2, 5], [0, 1, 2, 3], [7, 8, 12, 17], [0, 1, 2, 3], [5, 7, 9, 18], [6, 10, 14, 15], [2, 3, 6, 8], [1, 3, 5, 8], [0, 1, 2, 3], [0, 2, 3, 9], [4, 6, 7, 8], [0, 1, 2, 5], [2, 3, 7, 8], [0, 1, 3, 4], [1, 2, 8, 10], [1, 2, 3, 5], [0, 1, 2, 3], [0, 1, 3, 4], [1, 6, 10, 11], [6, 7, 8, 14], [6, 7, 13, 14], [1, 2, 4, 6], [2, 6, 9, 10], [1, 7, 8, 11], [0, 1, 4, 6], [0, 1, 2, 4], [4, 5, 6, 13], [4, 6, 8, 9], [1, 3, 4, 5], [1, 4, 8, 9], [2, 4, 6, 8], [7, 8, 10, 19], [0, 1, 2, 3], [2, 3, 6, 7], [1, 4, 7, 8], [0, 2, 4, 5], [1, 5, 6, 7], [1, 2, 3, 4], [0, 1, 3, 4], [0, 3, 5, 18], [0, 1, 5, 6], [1, 8, 9, 10], [2, 3, 5, 7], [8, 9, 13, 18], [1, 2, 4, 5], [0, 1, 2, 11], [0, 5, 6, 10], [3, 5, 7, 9]]",4,0.8162633180618286,128,learned,1.0,5632,4.0,124,0.8393536806106567,11,0 32 72 24,2807,0.6994998455047607,test,top_r_mean,0.0,0.5,0.75,0.875
0.04560028500178126,0.0,88,0.0,31,56.73630000092089,qasper,0.5,0.0,0.0,0.0,2003.11562:fc4ae12576ea3a85ea6d150b46938890d63a7d18,mean,0.5229885057471264,0.02009197324514389,"[[0, 4, 5, 6], [0, 2, 6, 7], [0, 1, 4, 8], [1, 3, 6, 7], [0, 2, 3, 6], [3, 4, 5, 7], [0, 1, 3, 4], [1, 3, 4, 5], [0, 1, 2, 3], [1, 2, 3, 7], [1, 2, 3, 8], [2, 5, 6, 8], [0, 1, 2, 3], [3, 12, 20, 21], [2, 3, 6, 7], [0, 7, 11, 12], [0, 1, 3, 4], [1, 3, 4, 8], [1, 2, 3, 10], [1, 2, 3, 7], [2, 3, 4, 10], [4, 16, 18, 21], [4, 7, 9, 10], [1, 2, 3, 9], [0, 1, 2, 5], [0, 1, 6, 9], [0, 2, 3, 8], [1, 4, 6, 10], [0, 3, 6, 7], [3, 5, 6, 9], [16, 18, 19, 22], [3, 11, 12, 14], [0, 1, 3, 5], [6, 7, 8, 12], [0, 1, 4, 9], [2, 4, 6, 7], [2, 7, 9, 10], [1, 3, 5, 7], [0, 1, 2, 5], [4, 5, 6, 8], [0, 1, 2, 5], [0, 1, 2, 3], [7, 8, 12, 18], [1, 2, 3, 4], [5, 7, 9, 18], [2, 4, 10, 15], [2, 3, 6, 8], [1, 3, 5, 8], [0, 1, 2, 3], [0, 2, 3, 5], [3, 6, 7, 8], [0, 2, 5, 6], [2, 3, 7, 8], [0, 1, 3, 4], [1, 2, 5, 8], [1, 2, 3, 5], [0, 1, 2, 3], [0, 1, 3, 4], [1, 5, 10, 11], [6, 7, 8, 14], [6, 7, 13, 14], [1, 2, 4, 6], [2, 6, 8, 10], [1, 7, 8, 11], [0, 1, 4, 5], [0, 1, 2, 4], [4, 5, 6, 13], [4, 6, 8, 9], [1, 3, 4, 5], [1, 2, 4, 8], [2, 4, 6, 8], [7, 8, 10, 12], [0, 1, 2, 3], [2, 3, 6, 7], [0, 4, 7, 8], [0, 2, 4, 5], [1, 5, 7, 8], [1, 2, 3, 4], [0, 1, 3, 5], [0, 3, 5, 11], [0, 1, 5, 6], [8, 9, 10, 11], [2, 3, 5, 7], [8, 9, 12, 13], [1, 2, 4, 5], [0, 1, 2, 7], [0, 3, 5, 6], [0, 3, 5, 7]]",4,0.8381927013397217,128,learned,0.0,5632,4.0,124,0.8611772656440735,23,32 24 72 8,2807,0.6943045258522034,test,top_r_mean,0.0,0.0,0.75,0.875
0.04560028500178126,1.0,88,1.0,31,62.61390005238354,qasper,0.5,0.25,0.125,0.0,2003.11562:fc4ae12576ea3a85ea6d150b46938890d63a7d18,mean,0.5094043887147336,0.022897958755493164,"[[0, 1, 4, 5], [0, 2, 6, 7], [0, 1, 4, 8], [1, 3, 6, 7], [0, 2, 3, 6], [3, 4, 5, 7], [0, 1, 3, 7], [1, 3, 4, 5], [0, 1, 2, 3], [1, 2, 3, 7], [1, 2, 3, 6], [2, 5, 6, 8], [0, 1, 2, 3], [3, 8, 12, 18], [2, 3, 6, 7], [0, 3, 7, 11], [0, 1, 3, 4], [1, 3, 4, 8], [1, 2, 3, 10], [1, 2, 3, 7], [2, 3, 4, 10], [4, 6, 12, 16], [4, 7, 9, 10], [1, 2, 3, 5], [0, 1, 2, 5], [0, 1, 6, 9], [0, 3, 6, 8], [1, 4, 6, 10], [0, 3, 6, 7], [3, 5, 6, 9], [6, 16, 18, 19], [3, 4, 11, 12], [0, 1, 3, 5], [7, 8, 11, 12], [0, 1, 4, 9], [2, 4, 5, 6], [2, 7, 9, 10], [1, 3, 5, 7], [0, 1, 2, 5], [4, 5, 6, 8], [0, 1, 2, 5], [0, 1, 2, 3], [7, 8, 12, 17], [0, 1, 2, 3], [2, 5, 7, 9], [2, 6, 10, 15], [2, 3, 6, 8], [1, 3, 5, 8], [0, 1, 2, 3], [0, 2, 3, 9], [3, 4, 7, 8], [0, 1, 2, 5], [2, 3, 7, 8], [0, 1, 3, 4], [1, 2, 3, 5], [1, 2, 3, 5], [0, 1, 2, 3], [0, 1, 3, 4], [1, 5, 6, 7], [4, 6, 7, 8], [5, 6, 7, 14], [1, 2, 4, 6], [1, 2, 6, 9], [1, 4, 7, 8], [0, 1, 4, 5], [0, 1, 2, 4], [4, 5, 6, 13], [4, 6, 8, 9], [1, 3, 4, 5], [1, 2, 4, 8], [2, 4, 6, 8], [7, 8, 10, 12], [0, 1, 2, 3], [2, 3, 6, 7], [1, 4, 7, 8], [0, 1, 2, 4], [1, 5, 6, 7], [1, 2, 3, 4], [0, 1, 3, 4], [0, 3, 5, 7], [0, 1, 3, 5], [1, 8, 9, 10], [2, 3, 5, 7], [8, 9, 12, 13], [1, 2, 4, 5], [0, 1, 2, 11], [0, 3, 5, 6], [3, 5, 7, 9]]",4,0.8504845499992371,128,learned,1.0,5632,4.0,124,0.8758735656738281,37,0 32 24 72,2807,0.683068573474884,test,top_r_mean,0.0,0.5,0.75,0.875
0.04560028500178126,1.0,88,1.0,31,57.749800151214004,qasper,0.5,0.25,0.125,0.0,2003.11562:fc4ae12576ea3a85ea6d150b46938890d63a7d18,mean,0.509926854754441,0.022074487060308456,"[[0, 1, 4, 5], [0, 2, 6, 7], [0, 1, 4, 8], [1, 3, 6, 7], [0, 2, 3, 6], [3, 4, 5, 7], [1, 3, 4, 7], [1, 3, 4, 5], [0, 1, 2, 3], [1, 2, 3, 12], [1, 2, 3, 8], [2, 5, 6, 8], [0, 1, 3, 4], [3, 12, 18, 19], [2, 3, 6, 7], [0, 3, 7, 11], [0, 1, 3, 4], [1, 3, 4, 8], [1, 2, 3, 10], [1, 2, 3, 9], [2, 3, 4, 10], [4, 6, 12, 16], [4, 7, 9, 10], [1, 2, 3, 5], [0, 1, 2, 6], [0, 1, 6, 9], [0, 3, 7, 8], [1, 4, 6, 9], [0, 3, 7, 8], [3, 5, 6, 9], [6, 16, 18, 19], [3, 4, 11, 12], [0, 1, 3, 5], [2, 7, 8, 12], [0, 1, 4, 9], [2, 4, 5, 6], [2, 7, 9, 10], [1, 3, 5, 7], [0, 1, 2, 5], [4, 5, 6, 8], [0, 1, 2, 5], [0, 1, 2, 3], [7, 8, 12, 17], [0, 1, 2, 3], [5, 7, 9, 18], [2, 6, 10, 15], [2, 3, 6, 8], [1, 3, 5, 8], [0, 1, 2, 3], [0, 2, 3, 5], [3, 4, 6, 7], [0, 1, 2, 5], [2, 3, 7, 8], [0, 1, 3, 4], [1, 2, 3, 5], [1, 2, 3, 5], [0, 1, 2, 3], [0, 1, 3, 4], [1, 5, 6, 11], [4, 6, 7, 8], [6, 7, 13, 14], [1, 2, 4, 6], [1, 2, 6, 9], [1, 4, 7, 8], [0, 1, 4, 6], [0, 1, 2, 4], [2, 4, 5, 6], [0, 4, 8, 9], [1, 3, 4, 5], [1, 2, 4, 8], [2, 4, 6, 8], [7, 8, 10, 12], [0, 1, 2, 3], [2, 3, 6, 7], [0, 1, 4, 7], [0, 1, 2, 4], [1, 5, 6, 7], [1, 2, 3, 4], [0, 1, 3, 4], [0, 3, 5, 18], [0, 1, 3, 5], [1, 8, 9, 10], [2, 3, 5, 7], [8, 12, 13, 18], [1, 2, 4, 5], [0, 1, 2, 7], [0, 3, 5, 6], [3, 5, 7, 9]]",4,0.8408713936805725,128,learned,1.0,5632,4.0,124,0.8658486008644104,53,0 32 72 24,2807,0.6705821752548218,test,top_r_mean,0.0,0.5,0.75,0.875
0.04560028500178126,1.0,88,1.0,31,55.958100128918886,qasper,0.5,0.25,0.125,0.0,2003.11562:fc4ae12576ea3a85ea6d150b46938890d63a7d18,mean,0.5256008359456635,0.021281355991959572,"[[0, 4, 5, 7], [0, 2, 6, 7], [0, 1, 4, 8], [1, 3, 6, 7], [0, 2, 3, 7], [3, 4, 5, 7], [1, 3, 4, 7], [1, 3, 4, 5], [0, 1, 2, 3], [1, 2, 3, 12], [1, 2, 3, 8], [2, 6, 8, 10], [0, 1, 3, 4], [3, 4, 18, 20], [2, 3, 6, 7], [0, 3, 7, 11], [0, 1, 3, 4], [1, 3, 4, 8], [2, 3, 10, 12], [1, 2, 3, 4], [2, 3, 4, 10], [4, 6, 16, 18], [4, 7, 9, 10], [1, 2, 3, 5], [0, 1, 2, 5], [0, 6, 9, 10], [0, 3, 7, 8], [1, 4, 6, 10], [0, 3, 6, 7], [3, 5, 6, 9], [16, 18, 19, 22], [3, 4, 11, 12], [0, 1, 3, 5], [7, 8, 11, 12], [0, 1, 4, 9], [4, 5, 6, 7], [2, 7, 9, 10], [1, 3, 5, 7], [0, 1, 2, 5], [4, 5, 6, 8], [0, 1, 2, 5], [0, 1, 2, 3], [7, 8, 12, 18], [1, 2, 3, 4], [5, 7, 9, 18], [2, 6, 10, 15], [2, 3, 6, 8], [1, 3, 8, 11], [0, 1, 3, 6], [0, 2, 3, 11], [3, 4, 7, 8], [0, 2, 5, 6], [2, 3, 7, 8], [0, 1, 3, 4], [1, 2, 3, 8], [1, 2, 3, 5], [0, 1, 2, 3], [0, 1, 3, 4], [1, 10, 11, 12], [4, 6, 7, 8], [6, 7, 13, 14], [1, 2, 4, 5], [1, 2, 6, 10], [1, 7, 8, 11], [0, 1, 4, 6], [0, 1, 2, 4], [4, 5, 6, 13], [0, 4, 8, 9], [1, 3, 4, 5], [1, 2, 4, 8], [2, 4, 6, 8], [7, 8, 10, 12], [0, 1, 2, 3], [2, 3, 6, 7], [1, 4, 7, 8], [0, 1, 2, 4], [1, 5, 7, 8], [1, 2, 3, 4], [0, 1, 3, 5], [0, 3, 5, 18], [0, 1, 3, 5], [1, 8, 9, 10], [2, 3, 5, 7], [8, 13, 18, 19], [1, 2, 4, 5], [0, 1, 2, 7], [0, 5, 6, 10], [3, 5, 7, 9]]",4,0.82518070936203,128,learned,1.0,5632,4.0,124,0.8515584468841553,71,0 32 24 72,2807,0.6985487937927246,test,top_r_mean,0.0,0.5,0.75,0.875
0.04560028500178126,1.0,88,1.0,31,72.51320010982454,qasper,0.5,0.25,0.125,0.0,2003.11562:fc4ae12576ea3a85ea6d150b46938890d63a7d18,mean,0.6311389759665622,0.007042168639600277,"[[0, 1, 4, 5, 7, 9, 25, 29], [2, 6, 7, 12, 14, 16, 21, 24], [0, 1, 4, 8, 11, 14, 26, 27], [1, 3, 6, 7, 8, 23, 24, 25], [0, 2, 3, 7, 8, 14, 17, 21], [3, 4, 5, 7, 8, 12, 13, 26], [1, 3, 4, 7, 15, 26, 27, 31], [1, 3, 4, 5, 7, 18, 19, 31], [0, 1, 2, 3, 4, 14, 18, 19], [1, 2, 3, 12, 14, 16, 17, 18], [1, 2, 3, 8, 17, 23, 28, 31], [2, 6, 8, 10, 12, 14, 20, 22], [0, 1, 3, 4, 5, 13, 16, 27], [3, 18, 19, 20, 21, 23, 28, 29], [2, 3, 6, 7, 8, 13, 16, 26], [0, 3, 7, 11, 19, 21, 22, 26], [0, 1, 3, 4, 5, 16, 19, 27], [1, 3, 4, 8, 9, 13, 18, 26], [1, 2, 3, 10, 12, 14, 15, 16], [1, 2, 3, 9, 16, 22, 23, 28], [2, 3, 4, 10, 13, 21, 28, 31], [4, 12, 16, 18, 21, 23, 24, 27], [4, 7, 9, 10, 13, 14, 15, 25], [1, 2, 3, 5, 14, 20, 25, 29], [0, 1, 2, 6, 11, 14, 20, 26], [0, 2, 6, 9, 10, 12, 13, 22], [0, 3, 6, 8, 9, 16, 17, 22], [1, 4, 6, 10, 15, 20, 22, 26], [0, 3, 7, 8, 9, 11, 13, 21], [3, 5, 6, 9, 10, 12, 13, 14], [16, 18, 19, 22, 24, 25, 28, 31], [3, 4, 11, 12, 14, 15, 18, 19], [0, 1, 3, 5, 6, 8, 11, 26], [7, 8, 11, 12, 13, 17, 26, 29], [0, 1, 4, 9, 11, 14, 23, 29], [2, 4, 5, 6, 7, 21, 27, 28], [2, 7, 9, 10, 15, 25, 28, 29], [1, 3, 5, 7, 8, 10, 13, 29], [0, 1, 2, 5, 8, 9, 12, 14], [5, 6, 8, 9, 12, 13, 18, 31], [0, 1, 2, 5, 10, 11, 13, 27], [0, 1, 2, 3, 9, 11, 14, 21], [7, 8, 12, 17, 18, 23, 24, 29], [0, 1, 2, 3, 4, 9, 10, 15], [5, 7, 9, 18, 19, 23, 24, 29], [6, 10, 14, 15, 16, 20, 21, 23], [2, 3, 6, 8, 10, 28, 29, 30], [1, 3, 5, 8, 11, 12, 13, 28], [0, 1, 2, 3, 6, 13, 14, 16], [0, 2, 3, 9, 11, 14, 22, 23], [4, 6, 7, 8, 11, 13, 15, 26], [0, 1, 2, 5, 6, 10, 14, 18], [2, 3, 7, 8, 10, 18, 20, 25], [0, 1, 3, 4, 6, 9, 23, 24], [1, 2, 8, 10, 14, 19, 20, 31], [1, 2, 3, 5, 7, 16, 24, 26], [0, 1, 2, 3, 4, 8, 9, 31], [0, 1, 3, 4, 7, 12, 16, 27], [1, 6, 10, 11, 12, 16, 19, 25], [6, 7, 8, 14, 16, 17, 25, 26], [6, 7, 13, 14, 17, 18, 22, 23], [1, 2, 4, 6, 9, 10, 18, 24], [2, 6, 9, 10, 11, 12, 21, 23], [1, 7, 8, 11, 12, 16, 26, 27], [0, 1, 4, 6, 7, 16, 18, 29], [0, 1, 2, 4, 6, 9, 19, 29], [4, 5, 6, 13, 14, 15, 17, 18], [4, 6, 8, 9, 10, 12, 17, 25], [1, 3, 4, 5, 12, 14, 15, 21], [1, 4, 8, 9, 10, 12, 13, 16], [2, 4, 6, 8, 11, 16, 20, 22], [7, 8, 10, 19, 20, 22, 23, 24], [0, 1, 2, 3, 13, 15, 16, 29], [2, 3, 6, 7, 10, 13, 15, 23], [1, 4, 7, 8, 9, 13, 23, 27], [0, 2, 4, 5, 8, 13, 20, 22], [1, 5, 6, 7, 8, 10, 21, 29], [1, 2, 3, 4, 6, 9, 13, 25], [0, 1, 3, 4, 5, 7, 18, 30], [0, 3, 5, 18, 22, 24, 26, 29], [0, 1, 5, 6, 8, 9, 13, 22], [1, 8, 9, 10, 11, 12, 27, 30], [2, 3, 5, 7, 12, 13, 16, 23], [8, 9, 13, 18, 19, 24, 25, 31], [1, 2, 4, 5, 7, 17, 20, 24], [0, 1, 2, 11, 22, 23, 26, 30], [0, 5, 6, 10, 16, 18, 22, 23], [3, 5, 7, 9, 10, 12, 20, 22]]",8,0.38594645261764526,128,learned,1.0,11264,4.0,124,0.4029932916164398,11,0 72 8 24,2807,0.8027191162109375,test,top_r_mean,0.0,0.5,0.75,0.875
0.04560028500178126,1.0,88,1.0,31,62.60409997776151,qasper,0.5,0.25,0.125,0.0,2003.11562:fc4ae12576ea3a85ea6d150b46938890d63a7d18,mean,0.6159874608150471,0.008541204035282135,"[[0, 4, 5, 6, 8, 9, 25, 29], [0, 2, 6, 7, 12, 14, 23, 24], [0, 1, 4, 8, 11, 17, 26, 27], [1, 3, 6, 7, 8, 10, 23, 25], [0, 2, 3, 6, 7, 8, 14, 17], [3, 4, 5, 7, 8, 12, 13, 26], [0, 1, 3, 4, 7, 26, 27, 31], [1, 3, 4, 5, 7, 18, 28, 31], [0, 1, 2, 3, 4, 14, 18, 19], [1, 2, 3, 7, 12, 14, 17, 18], [1, 2, 3, 8, 14, 17, 19, 28], [2, 5, 6, 8, 10, 12, 20, 22], [0, 1, 2, 3, 4, 5, 16, 27], [3, 12, 20, 21, 23, 26, 28, 29], [2, 3, 6, 7, 8, 13, 16, 26], [0, 7, 11, 12, 19, 21, 22, 26], [0, 1, 3, 4, 5, 19, 25, 27], [1, 3, 4, 8, 13, 18, 23, 26], [1, 2, 3, 10, 12, 15, 16, 19], [1, 2, 3, 7, 16, 22, 23, 28], [2, 3, 4, 10, 13, 15, 28, 31], [4, 16, 18, 21, 23, 24, 25, 27], [4, 7, 9, 10, 12, 13, 14, 15], [1, 2, 3, 9, 14, 20, 25, 29], [0, 1, 2, 5, 6, 14, 20, 26], [0, 1, 6, 9, 10, 12, 29, 31], [0, 2, 3, 8, 9, 16, 17, 22], [1, 4, 6, 10, 15, 20, 23, 26], [0, 3, 6, 7, 8, 9, 11, 13], [3, 5, 6, 9, 12, 13, 14, 15], [16, 18, 19, 22, 24, 25, 28, 31], [3, 11, 12, 14, 15, 17, 18, 19], [0, 1, 3, 5, 6, 8, 11, 26], [6, 7, 8, 12, 13, 17, 26, 29], [0, 1, 4, 9, 11, 14, 17, 23], [2, 4, 6, 7, 20, 21, 27, 28], [2, 7, 9, 10, 12, 15, 25, 29], [1, 3, 5, 7, 8, 10, 29, 30], [0, 1, 2, 5, 8, 9, 12, 15], [4, 5, 6, 8, 9, 13, 17, 18], [0, 1, 2, 5, 10, 13, 27, 30], [0, 1, 2, 3, 9, 11, 14, 21], [7, 8, 12, 18, 23, 24, 28, 29], [1, 2, 3, 4, 9, 10, 15, 28], [5, 7, 9, 18, 19, 23, 24, 29], [2, 4, 10, 15, 16, 20, 21, 23], [2, 3, 6, 8, 10, 28, 29, 30], [1, 3, 5, 8, 11, 12, 13, 19], [0, 1, 2, 3, 6, 13, 14, 16], [0, 2, 3, 5, 9, 14, 23, 27], [3, 6, 7, 8, 11, 13, 16, 26], [0, 2, 5, 6, 10, 11, 14, 18], [2, 3, 7, 8, 10, 18, 20, 25], [0, 1, 3, 4, 5, 6, 23, 24], [1, 2, 5, 8, 10, 14, 19, 20], [1, 2, 3, 5, 7, 16, 24, 26], [0, 1, 2, 3, 4, 8, 9, 31], [0, 1, 3, 4, 7, 12, 16, 17], [1, 5, 10, 11, 12, 15, 16, 25], [6, 7, 8, 14, 16, 17, 26, 27], [6, 7, 13, 14, 17, 18, 22, 23], [1, 2, 4, 6, 9, 10, 18, 24], [2, 6, 8, 10, 11, 12, 21, 23], [1, 7, 8, 11, 12, 16, 26, 27], [0, 1, 4, 5, 6, 7, 16, 29], [0, 1, 2, 4, 6, 9, 19, 29], [4, 5, 6, 13, 14, 15, 17, 18], [4, 6, 8, 9, 10, 12, 17, 25], [1, 3, 4, 5, 14, 15, 21, 22], [1, 2, 4, 8, 9, 10, 13, 16], [2, 4, 6, 8, 9, 11, 20, 22], [7, 8, 10, 12, 16, 19, 20, 24], [0, 1, 2, 3, 12, 13, 15, 29], [2, 3, 6, 7, 10, 13, 15, 23], [0, 4, 7, 8, 9, 13, 23, 27], [0, 2, 4, 5, 8, 12, 13, 22], [1, 5, 7, 8, 10, 21, 26, 29], [1, 2, 3, 4, 6, 9, 13, 25], [0, 1, 3, 5, 7, 18, 25, 30], [0, 3, 5, 11, 18, 22, 26, 29], [0, 1, 5, 6, 8, 9, 13, 22], [8, 9, 10, 11, 12, 20, 27, 30], [2, 3, 5, 7, 13, 16, 23, 26], [8, 9, 12, 13, 21, 24, 25, 31], [1, 2, 4, 5, 6, 9, 17, 24], [0, 1, 2, 7, 22, 23, 26, 30], [0, 3, 5, 6, 10, 18, 22, 23], [0, 3, 5, 7, 9, 10, 12, 20]]",8,0.41304486989974976,128,learned,0.25,11264,4.0,124,0.43144288659095764,23,72 8 24 0,2807,0.7863054275512695,test,top_r_mean,0.0,0.5,0.75,0.75
0.04560028500178126,1.0,88,1.0,31,66.11199979670346,qasper,0.5,0.25,0.125,0.0,2003.11562:fc4ae12576ea3a85ea6d150b46938890d63a7d18,mean,0.6415882967607106,0.0077322255820035934,"[[0, 1, 4, 5, 7, 9, 25, 29], [0, 2, 6, 7, 12, 14, 21, 24], [0, 1, 4, 8, 11, 14, 26, 27], [1, 3, 6, 7, 8, 10, 23, 24], [0, 2, 3, 6, 7, 8, 14, 17], [3, 4, 5, 7, 8, 12, 13, 26], [0, 1, 3, 7, 15, 26, 27, 31], [1, 3, 4, 5, 7, 18, 19, 31], [0, 1, 2, 3, 4, 14, 18, 19], [1, 2, 3, 7, 12, 14, 17, 18], [1, 2, 3, 6, 8, 17, 23, 28], [2, 5, 6, 8, 10, 12, 20, 22], [0, 1, 2, 3, 4, 5, 16, 27], [3, 8, 12, 18, 20, 21, 23, 29], [2, 3, 6, 7, 8, 13, 16, 26], [0, 3, 7, 11, 12, 19, 21, 22], [0, 1, 3, 4, 5, 16, 19, 27], [1, 3, 4, 8, 9, 13, 18, 26], [1, 2, 3, 10, 12, 14, 15, 16], [1, 2, 3, 7, 9, 16, 23, 28], [2, 3, 4, 10, 13, 15, 21, 28], [4, 6, 12, 16, 18, 21, 23, 25], [4, 7, 9, 10, 12, 13, 14, 15], [1, 2, 3, 5, 14, 20, 25, 29], [0, 1, 2, 5, 6, 14, 20, 26], [0, 1, 6, 9, 10, 12, 13, 22], [0, 3, 6, 8, 9, 16, 17, 22], [1, 4, 6, 10, 15, 20, 23, 26], [0, 3, 6, 7, 8, 9, 11, 13], [3, 5, 6, 9, 12, 13, 14, 15], [6, 16, 18, 19, 24, 25, 28, 31], [3, 4, 11, 12, 14, 15, 18, 19], [0, 1, 3, 5, 6, 8, 11, 26], [7, 8, 11, 12, 13, 17, 26, 29], [0, 1, 4, 9, 11, 14, 17, 23], [2, 4, 5, 6, 7, 21, 27, 28], [2, 7, 9, 10, 15, 25, 28, 29], [1, 3, 5, 7, 8, 10, 13, 29], [0, 1, 2, 5, 8, 9, 12, 15], [4, 5, 6, 8, 9, 12, 13, 18], [0, 1, 2, 5, 10, 11, 13, 27], [0, 1, 2, 3, 9, 11, 14, 21], [7, 8, 12, 17, 18, 23, 24, 29], [0, 1, 2, 3, 4, 9, 10, 15], [2, 5, 7, 9, 18, 19, 23, 24], [2, 6, 10, 15, 16, 20, 21, 23], [2, 3, 6, 8, 10, 28, 29, 30], [1, 3, 5, 8, 11, 12, 13, 28], [0, 1, 2, 3, 6, 13, 14, 16], [0, 2, 3, 9, 11, 14, 22, 23], [3, 4, 7, 8, 11, 13, 16, 26], [0, 1, 2, 5, 6, 10, 11, 14], [2, 3, 7, 8, 10, 18, 20, 25], [0, 1, 3, 4, 5, 6, 8, 23], [1, 2, 3, 5, 8, 10, 19, 20], [1, 2, 3, 5, 7, 16, 24, 26], [0, 1, 2, 3, 4, 7, 8, 9], [0, 1, 3, 4, 7, 12, 16, 17], [1, 5, 6, 7, 11, 12, 16, 25], [4, 6, 7, 8, 14, 16, 17, 26], [5, 6, 7, 14, 17, 18, 22, 23], [1, 2, 4, 6, 9, 10, 18, 24], [1, 2, 6, 9, 10, 12, 21, 23], [1, 4, 7, 8, 11, 12, 16, 26], [0, 1, 4, 5, 6, 7, 16, 18], [0, 1, 2, 4, 6, 9, 19, 29], [4, 5, 6, 13, 14, 15, 17, 18], [4, 6, 8, 9, 10, 12, 17, 25], [1, 3, 4, 5, 14, 15, 21, 22], [1, 2, 4, 8, 9, 10, 13, 16], [2, 4, 6, 8, 9, 11, 16, 20], [7, 8, 10, 12, 16, 19, 20, 22], [0, 1, 2, 3, 12, 13, 15, 29], [2, 3, 6, 7, 10, 13, 15, 23], [1, 4, 7, 8, 9, 13, 23, 27], [0, 1, 2, 4, 5, 8, 13, 22], [1, 5, 6, 7, 8, 10, 21, 26], [1, 2, 3, 4, 6, 9, 13, 25], [0, 1, 3, 4, 5, 7, 18, 30], [0, 3, 5, 7, 18, 22, 26, 29], [0, 1, 3, 5, 6, 8, 9, 22], [1, 8, 9, 10, 11, 12, 27, 30], [2, 3, 5, 7, 12, 13, 16, 23], [8, 9, 12, 13, 18, 19, 24, 25], [1, 2, 4, 5, 6, 7, 17, 24], [0, 1, 2, 11, 22, 23, 26, 30], [0, 3, 5, 6, 10, 16, 22, 23], [3, 5, 7, 9, 10, 12, 20, 22]]",8,0.3931029736995697,128,learned,0.5,11264,4.0,124,0.4105072617530823,37,72 0 8 24,2807,0.8020675182342529,test,top_r_mean,0.0,0.5,0.75,1.0
0.04560028500178126,1.0,88,1.0,31,62.629499938338995,qasper,0.5,0.25,0.125,0.0,2003.11562:fc4ae12576ea3a85ea6d150b46938890d63a7d18,mean,0.6327063740856844,0.007280798628926277,"[[0, 1, 4, 5, 8, 9, 25, 29], [0, 2, 6, 7, 12, 14, 21, 24], [0, 1, 4, 8, 11, 14, 26, 27], [1, 3, 6, 7, 8, 23, 24, 25], [0, 2, 3, 6, 7, 8, 14, 17], [3, 4, 5, 7, 8, 12, 13, 26], [1, 3, 4, 7, 15, 26, 27, 31], [1, 3, 4, 5, 7, 18, 19, 31], [0, 1, 2, 3, 4, 14, 18, 19], [1, 2, 3, 12, 14, 16, 17, 18], [1, 2, 3, 8, 17, 23, 28, 31], [2, 5, 6, 8, 10, 12, 20, 22], [0, 1, 3, 4, 5, 16, 27, 31], [3, 12, 18, 19, 20, 21, 23, 29], [2, 3, 6, 7, 8, 13, 16, 26], [0, 3, 7, 11, 12, 21, 22, 26], [0, 1, 3, 4, 5, 16, 19, 27], [1, 3, 4, 8, 9, 13, 18, 26], [1, 2, 3, 10, 12, 14, 15, 16], [1, 2, 3, 9, 16, 22, 23, 28], [2, 3, 4, 10, 13, 15, 28, 31], [4, 6, 12, 16, 18, 21, 23, 25], [4, 7, 9, 10, 12, 13, 14, 15], [1, 2, 3, 5, 14, 20, 25, 29], [0, 1, 2, 6, 11, 14, 20, 26], [0, 1, 6, 9, 10, 12, 13, 22], [0, 3, 7, 8, 9, 16, 17, 22], [1, 4, 6, 9, 10, 15, 20, 22], [0, 3, 7, 8, 9, 13, 19, 21], [3, 5, 6, 9, 12, 13, 14, 16], [6, 16, 18, 19, 24, 25, 28, 31], [3, 4, 11, 12, 14, 15, 18, 19], [0, 1, 3, 5, 6, 8, 11, 26], [2, 7, 8, 12, 13, 17, 26, 29], [0, 1, 4, 9, 11, 14, 23, 29], [2, 4, 5, 6, 7, 21, 27, 28], [2, 7, 9, 10, 15, 25, 28, 29], [1, 3, 5, 7, 8, 10, 13, 29], [0, 1, 2, 5, 8, 9, 12, 14], [4, 5, 6, 8, 9, 12, 13, 18], [0, 1, 2, 5, 10, 11, 13, 27], [0, 1, 2, 3, 9, 11, 14, 21], [7, 8, 12, 17, 18, 23, 24, 29], [0, 1, 2, 3, 4, 9, 10, 15], [5, 7, 9, 18, 19, 23, 24, 29], [2, 6, 10, 15, 16, 20, 21, 23], [2, 3, 6, 8, 10, 28, 29, 30], [1, 3, 5, 8, 11, 12, 13, 28], [0, 1, 2, 3, 6, 13, 14, 16], [0, 2, 3, 5, 11, 14, 22, 23], [3, 4, 6, 7, 8, 11, 13, 26], [0, 1, 2, 5, 6, 10, 14, 18], [2, 3, 7, 8, 10, 18, 20, 25], [0, 1, 3, 4, 6, 8, 23, 24], [1, 2, 3, 5, 8, 10, 19, 20], [1, 2, 3, 5, 7, 16, 24, 26], [0, 1, 2, 3, 4, 7, 9, 31], [0, 1, 3, 4, 7, 12, 16, 27], [1, 5, 6, 11, 12, 16, 19, 25], [4, 6, 7, 8, 14, 16, 17, 26], [6, 7, 13, 14, 17, 18, 22, 23], [1, 2, 4, 6, 9, 10, 18, 24], [1, 2, 6, 9, 10, 12, 21, 23], [1, 4, 7, 8, 11, 12, 16, 26], [0, 1, 4, 6, 7, 16, 18, 29], [0, 1, 2, 4, 6, 9, 19, 29], [2, 4, 5, 6, 13, 14, 15, 17], [0, 4, 8, 9, 10, 12, 17, 25], [1, 3, 4, 5, 12, 14, 15, 21], [1, 2, 4, 8, 9, 10, 13, 16], [2, 4, 6, 8, 9, 11, 16, 20], [7, 8, 10, 12, 19, 20, 22, 23], [0, 1, 2, 3, 12, 13, 15, 29], [2, 3, 6, 7, 10, 13, 15, 23], [0, 1, 4, 7, 8, 9, 13, 23], [0, 1, 2, 4, 5, 8, 13, 22], [1, 5, 6, 7, 8, 10, 21, 29], [1, 2, 3, 4, 6, 9, 13, 25], [0, 1, 3, 4, 5, 7, 18, 30], [0, 3, 5, 18, 22, 24, 26, 29], [0, 1, 3, 5, 6, 8, 9, 22], [1, 8, 9, 10, 11, 12, 27, 30], [2, 3, 5, 7, 12, 13, 16, 23], [8, 12, 13, 18, 19, 24, 25, 31], [1, 2, 4, 5, 6, 7, 17, 24], [0, 1, 2, 7, 22, 23, 26, 30], [0, 3, 5, 6, 10, 18, 22, 23], [3, 5, 7, 9, 10, 12, 20, 22]]",8,0.39042776823043823,128,learned,0.3333333333333333,11264,4.0,124,0.40812909603118896,53,72 8 0 24,2807,0.7979113459587097,test,top_r_mean,0.0,0.5,0.75,1.0
0.04560028500178126,1.0,88,1.0,31,66.8432000093162,qasper,0.5,0.25,0.125,0.0,2003.11562:fc4ae12576ea3a85ea6d150b46938890d63a7d18,mean,0.6442006269592476,0.006639834493398666,"[[0, 4, 5, 7, 8, 9, 25, 29], [0, 2, 6, 7, 12, 14, 21, 24], [0, 1, 4, 8, 11, 24, 26, 27], [1, 3, 6, 7, 8, 23, 24, 25], [0, 2, 3, 7, 8, 14, 17, 21], [3, 4, 5, 7, 8, 12, 13, 26], [1, 3, 4, 7, 15, 26, 27, 31], [1, 3, 4, 5, 7, 18, 19, 31], [0, 1, 2, 3, 4, 14, 18, 19], [1, 2, 3, 12, 14, 16, 17, 18], [1, 2, 3, 8, 17, 23, 28, 31], [2, 6, 8, 10, 12, 20, 21, 22], [0, 1, 3, 4, 5, 16, 27, 31], [3, 4, 18, 20, 21, 23, 28, 29], [2, 3, 6, 7, 8, 13, 16, 26], [0, 3, 7, 11, 12, 21, 22, 26], [0, 1, 3, 4, 5, 16, 27, 30], [1, 3, 4, 8, 13, 18, 23, 26], [2, 3, 10, 12, 14, 15, 16, 19], [1, 2, 3, 4, 9, 16, 23, 28], [2, 3, 4, 10, 13, 21, 28, 31], [4, 6, 16, 18, 21, 23, 24, 25], [4, 7, 9, 10, 13, 14, 15, 27], [1, 2, 3, 5, 14, 20, 25, 29], [0, 1, 2, 5, 6, 14, 20, 26], [0, 6, 9, 10, 12, 13, 22, 31], [0, 3, 7, 8, 9, 16, 17, 22], [1, 4, 6, 10, 15, 20, 22, 26], [0, 3, 6, 7, 8, 9, 13, 19], [3, 5, 6, 9, 12, 13, 14, 16], [16, 18, 19, 22, 24, 25, 28, 31], [3, 4, 11, 12, 14, 15, 18, 19], [0, 1, 3, 5, 6, 8, 11, 26], [7, 8, 11, 12, 13, 17, 26, 29], [0, 1, 4, 9, 11, 14, 23, 29], [4, 5, 6, 7, 21, 25, 27, 28], [2, 7, 9, 10, 12, 15, 25, 28], [1, 3, 5, 7, 8, 10, 29, 30], [0, 1, 2, 5, 8, 9, 12, 15], [4, 5, 6, 8, 9, 13, 17, 18], [0, 1, 2, 5, 10, 13, 27, 30], [0, 1, 2, 3, 11, 14, 21, 26], [7, 8, 12, 18, 23, 24, 28, 29], [1, 2, 3, 4, 9, 10, 15, 28], [5, 7, 9, 18, 19, 23, 24, 29], [2, 6, 10, 15, 16, 20, 21, 23], [2, 3, 6, 8, 10, 28, 29, 30], [1, 3, 8, 11, 12, 13, 28, 30], [0, 1, 3, 6, 13, 14, 16, 30], [0, 2, 3, 11, 14, 22, 23, 27], [3, 4, 7, 8, 11, 13, 16, 26], [0, 2, 5, 6, 10, 11, 14, 18], [2, 3, 7, 8, 10, 18, 20, 25], [0, 1, 3, 4, 6, 8, 23, 24], [1, 2, 3, 8, 10, 19, 20, 31], [1, 2, 3, 5, 7, 16, 24, 26], [0, 1, 2, 3, 4, 8, 9, 31], [0, 1, 3, 4, 7, 16, 17, 27], [1, 10, 11, 12, 16, 19, 21, 25], [4, 6, 7, 8, 14, 16, 17, 26], [6, 7, 13, 14, 17, 18, 22, 23], [1, 2, 4, 5, 6, 9, 10, 18], [1, 2, 6, 10, 11, 12, 21, 23], [1, 7, 8, 11, 12, 16, 26, 27], [0, 1, 4, 6, 7, 16, 18, 29], [0, 1, 2, 4, 6, 9, 18, 29], [4, 5, 6, 13, 14, 15, 17, 18], [0, 4, 8, 9, 10, 12, 17, 25], [1, 3, 4, 5, 14, 15, 21, 22], [1, 2, 4, 8, 9, 10, 13, 16], [2, 4, 6, 8, 9, 11, 20, 22], [7, 8, 10, 12, 19, 20, 23, 24], [0, 1, 2, 3, 12, 13, 15, 29], [2, 3, 6, 7, 10, 13, 15, 23], [1, 4, 7, 8, 9, 13, 23, 27], [0, 1, 2, 4, 5, 8, 13, 22], [1, 5, 7, 8, 10, 21, 26, 29], [1, 2, 3, 4, 6, 9, 12, 13], [0, 1, 3, 5, 7, 18, 25, 30], [0, 3, 5, 18, 22, 24, 26, 29], [0, 1, 3, 5, 6, 8, 9, 22], [1, 8, 9, 10, 11, 12, 27, 30], [2, 3, 5, 7, 13, 16, 23, 26], [8, 13, 18, 19, 21, 24, 25, 31], [1, 2, 4, 5, 6, 9, 17, 24], [0, 1, 2, 7, 22, 23, 26, 30], [0, 5, 6, 10, 16, 18, 22, 23], [3, 5, 7, 9, 10, 12, 20, 22]]",8,0.38086986541748047,128,learned,0.3333333333333333,11264,4.0,124,0.3963904082775116,71,72 8 0 24,2807,0.8139902949333191,test,top_r_mean,0.0,0.5,0.75,0.875
0.013797563867629621,0.0,290,0.0,31,169.09079998731613,qasper,0.05333333333333334,0.0,0.0,0.0,1912.13337:e97186c51d4af490dba6faaf833d269c8256426c,mean,0.3505811594548796,1.2262051105499268,"[[0], [1], [7], [1], [1], [2], [1], [6], [0], [3], [0], [0], [9], [1], [3], [1], [0], [0], [5], [2], [3], [1], [0], [0], [0], [0], [4], [0], [0], [2], [0], [1], [0], [1], [5], [2], [4], [1], [0], [0], [0], [4], [0], [0], [1], [1], [1], [1], [0], [0], [2], [5], [2], [2], [1], [2], [0], [3], [0], [1], [0], [0], [1], [3], [0], [1], [4], [1], [0], [1], [1], [0], [0], [0], [2], [1], [0], [0], [0], [0], [0], [1], [1], [0], [3], [1], [3], [1], [0], [2], [2], [2], [5], [2], [0], [0], [0], [0], [0], [0], [2], [0], [1], [1], [0], [0], [10], [3], [1], [0], [0], [4], [0], [2], [3], [0], [0], [1], [0], [12], [0], [13], [1], [0], [1], [2], [1], [1], [0], [0], [0], [1], [2], [0], [1], [0], [0], [0], [1], [0], [2], [1], [1], [0], [0], [0], [11], [0], [2], [2], [0], [3], [0], [1], [0], [0], [3], [2], [1], [1], [0], [2], [1], [0], [2], [0], [2], [2], [0], [0], [0], [1], [1], [1], [0], [19], [0], [1], [2], [2], [1], [1], [1], [1], [0], [0], [0], [2], [1], [1], [1], [4], [0], [1], [0], [0], [0], [0], [2], [1], [0], [0], [0], [0], [0], [0], [5], [2], [0], [1], [1], [0], [0], [0], [0], [3], [0], [0], [3], [0], [2], [4], [1], [3], [0], [0], [1], [4], [3], [0], [2], [1], [0], [0], [2], [3], [1], [1], [2], [0], [0], [1], [2], [0], [1], [0], [0], [1], [0], [1], [1], [0], [1], [0], [10], [0], [0], [0], [1], [0], [0], [2], [0], [0], [0], [2], [2], [0], [0], [0], [2], [0], [0], [1], [1], [1], [2], [1], [0], [8], [0], [1], [2], [0], [1], [0], [0], [0], [0], [0]]",1,1.0553659200668335,128,learned,0.0,4640,4.0,124,1.256404995918274,11,136 112 128 96,9277,0.5003076791763306,test,top_r_mean,0.0,0.5,0.25,0.25
0.013797563867629621,0.0,290,0.0,31,190.62789995223284,qasper,0.05333333333333334,0.0,0.0,0.0,1912.13337:e97186c51d4af490dba6faaf833d269c8256426c,mean,0.36241915081505527,1.224775791168213,"[[0], [1], [7], [0], [1], [2], [1], [6], [0], [3], [0], [0], [9], [1], [3], [1], [0], [0], [5], [2], [3], [2], [0], [0], [0], [0], [4], [0], [0], [2], [0], [2], [0], [1], [5], [2], [6], [1], [0], [0], [0], [4], [0], [0], [1], [1], [1], [1], [0], [0], [1], [5], [1], [1], [1], [2], [0], [1], [0], [1], [0], [0], [1], [2], [0], [1], [4], [3], [0], [1], [1], [0], [0], [0], [2], [1], [0], [0], [0], [0], [0], [1], [1], [0], [3], [1], [3], [1], [0], [2], [2], [2], [0], [2], [0], [0], [0], [0], [0], [0], [2], [0], [1], [1], [0], [0], [10], [3], [1], [0], [0], [4], [0], [2], [3], [0], [0], [1], [0], [12], [0], [13], [1], [0], [1], [2], [1], [2], [0], [0], [1], [2], [2], [0], [1], [0], [0], [0], [1], [0], [2], [1], [1], [0], [0], [1], [10], [0], [2], [2], [0], [3], [0], [0], [0], [1], [3], [2], [1], [1], [0], [2], [1], [0], [2], [0], [3], [0], [0], [0], [2], [1], [1], [0], [0], [19], [0], [1], [2], [5], [1], [1], [1], [1], [0], [0], [2], [2], [1], [1], [1], [5], [0], [1], [1], [0], [0], [0], [2], [1], [0], [0], [0], [0], [0], [0], [5], [2], [0], [1], [1], [0], [0], [0], [0], [3], [0], [0], [3], [0], [0], [4], [0], [0], [0], [0], [1], [4], [0], [0], [2], [1], [0], [0], [2], [3], [1], [1], [8], [0], [0], [1], [0], [0], [1], [0], [0], [1], [0], [1], [1], [0], [1], [0], [10], [0], [0], [0], [1], [0], [0], [2], [0], [0], [0], [2], [2], [0], [0], [0], [2], [0], [0], [1], [0], [1], [2], [1], [0], [1], [0], [1], [2], [0], [1], [0], [0], [0], [0], [0]]",1,1.0531885623931885,128,learned,0.0,4640,4.0,124,1.2548574209213257,23,136 112 128 96,9277,0.515558660030365,test,top_r_mean,0.0,0.5,0.25,0.25
0.013797563867629621,0.0,290,0.0,31,178.2877000514418,qasper,0.05333333333333334,0.0,0.0,0.0,1912.13337:e97186c51d4af490dba6faaf833d269c8256426c,mean,0.34074798921215305,1.2374458312988281,"[[0], [1], [7], [1], [1], [2], [1], [5], [0], [3], [0], [0], [9], [1], [3], [0], [0], [0], [5], [2], [3], [2], [0], [0], [0], [0], [4], [0], [0], [2], [0], [1], [0], [1], [5], [2], [4], [1], [0], [0], [0], [3], [0], [0], [1], [1], [1], [1], [0], [0], [1], [5], [2], [1], [1], [2], [0], [3], [0], [1], [0], [0], [1], [2], [0], [1], [0], [1], [0], [0], [1], [0], [0], [0], [2], [1], [0], [0], [0], [0], [0], [1], [1], [0], [0], [1], [3], [1], [0], [2], [1], [2], [0], [2], [0], [0], [0], [0], [0], [0], [2], [0], [1], [1], [0], [0], [10], [3], [1], [0], [0], [4], [0], [2], [3], [0], [0], [1], [0], [2], [0], [13], [1], [0], [1], [1], [1], [2], [0], [0], [0], [1], [2], [0], [1], [0], [0], [0], [1], [0], [2], [1], [1], [0], [0], [0], [10], [0], [2], [2], [0], [3], [0], [0], [0], [0], [3], [2], [1], [1], [0], [2], [1], [0], [2], [0], [2], [0], [0], [0], [0], [1], [1], [1], [0], [19], [0], [1], [2], [2], [1], [1], [1], [1], [0], [0], [0], [2], [1], [1], [1], [4], [0], [0], [0], [0], [0], [0], [2], [1], [0], [0], [0], [0], [0], [0], [5], [2], [0], [1], [1], [0], [0], [0], [0], [3], [0], [0], [3], [0], [0], [1], [0], [0], [0], [0], [0], [4], [0], [0], [2], [1], [0], [0], [2], [3], [1], [1], [2], [0], [0], [1], [0], [0], [1], [0], [0], [1], [0], [1], [1], [0], [1], [0], [10], [0], [0], [0], [1], [0], [0], [2], [0], [0], [0], [2], [2], [0], [0], [0], [2], [0], [0], [1], [0], [1], [2], [1], [0], [1], [0], [1], [2], [0], [1], [0], [0], [0], [0], [0]]",1,1.0686640739440918,128,learned,0.0,4640,4.0,124,1.2674130201339722,37,136 112 128 96,9277,0.48954200744628906,test,top_r_mean,0.0,0.5,0.25,0.25
0.013797563867629621,0.0,290,0.0,31,177.10740002803504,qasper,0.05333333333333334,0.0,0.0,0.0,1912.13337:e97186c51d4af490dba6faaf833d269c8256426c,mean,0.3657605193441371,1.2245681285858154,"[[0], [1], [7], [1], [1], [2], [1], [6], [0], [3], [0], [0], [9], [1], [3], [0], [0], [0], [5], [2], [3], [1], [0], [0], [0], [0], [4], [0], [0], [2], [0], [1], [0], [1], [5], [2], [4], [1], [0], [0], [0], [0], [0], [0], [1], [1], [1], [1], [0], [0], [1], [5], [2], [1], [1], [2], [0], [3], [0], [1], [0], [0], [1], [2], [0], [1], [4], [1], [0], [1], [1], [0], [0], [0], [2], [1], [0], [0], [0], [0], [0], [1], [1], [0], [3], [1], [3], [1], [0], [2], [1], [2], [0], [1], [0], [0], [0], [0], [0], [0], [2], [0], [1], [1], [0], [0], [10], [3], [1], [0], [0], [4], [0], [2], [3], [0], [0], [1], [0], [2], [0], [13], [1], [0], [1], [1], [1], [1], [0], [0], [0], [1], [2], [0], [1], [0], [0], [0], [1], [0], [2], [1], [1], [0], [0], [0], [11], [0], [2], [2], [0], [3], [0], [0], [0], [0], [3], [2], [1], [1], [0], [2], [1], [0], [2], [0], [2], [0], [0], [0], [0], [1], [1], [1], [0], [19], [0], [1], [2], [2], [1], [1], [1], [1], [0], [0], [0], [2], [1], [1], [1], [5], [0], [1], [0], [0], [0], [0], [2], [1], [0], [0], [0], [0], [0], [0], [5], [2], [0], [1], [1], [0], [0], [0], [0], [3], [0], [0], [3], [0], [0], [4], [0], [0], [0], [0], [0], [4], [0], [0], [2], [1], [0], [0], [2], [3], [1], [1], [2], [0], [0], [1], [2], [0], [1], [0], [0], [1], [0], [1], [1], [0], [1], [0], [10], [0], [0], [0], [1], [0], [0], [2], [0], [0], [0], [2], [2], [0], [0], [0], [2], [0], [0], [1], [1], [1], [2], [1], [0], [7], [0], [1], [2], [0], [1], [0], [0], [0], [0], [0]]",1,1.0537397861480713,128,learned,0.0,4640,4.0,124,1.2563565969467163,53,136 112 128 96,9277,0.5207889080047607,test,top_r_mean,0.0,0.5,0.25,0.25
0.013797563867629621,0.0,290,0.0,31,172.0333001576364,qasper,0.05333333333333334,0.0,0.0,0.0,1912.13337:e97186c51d4af490dba6faaf833d269c8256426c,mean,0.36490131029380174,1.2176100015640259,"[[0], [1], [7], [1], [1], [2], [1], [6], [0], [3], [0], [0], [9], [1], [3], [1], [0], [0], [5], [2], [3], [2], [0], [0], [0], [0], [4], [0], [0], [2], [0], [2], [0], [1], [5], [2], [4], [1], [0], [0], [0], [4], [0], [0], [1], [1], [1], [1], [0], [0], [2], [5], [1], [1], [1], [2], [0], [3], [0], [1], [0], [0], [1], [3], [0], [1], [4], [1], [0], [1], [1], [0], [0], [0], [2], [1], [0], [0], [0], [0], [0], [1], [1], [0], [3], [1], [3], [1], [0], [2], [2], [2], [5], [2], [0], [0], [0], [0], [0], [0], [2], [0], [2], [1], [0], [0], [10], [3], [1], [0], [0], [4], [0], [2], [3], [0], [0], [1], [0], [12], [0], [13], [1], [0], [1], [2], [1], [2], [0], [0], [1], [1], [2], [0], [1], [4], [0], [0], [1], [0], [2], [1], [1], [0], [0], [1], [11], [0], [2], [2], [0], [3], [0], [0], [0], [1], [3], [2], [1], [1], [0], [2], [1], [0], [2], [0], [2], [2], [0], [0], [0], [1], [1], [1], [0], [19], [0], [1], [2], [2], [1], [1], [1], [1], [0], [0], [2], [2], [1], [1], [1], [5], [0], [1], [1], [0], [0], [0], [2], [1], [0], [0], [0], [0], [0], [0], [5], [2], [0], [1], [1], [0], [0], [0], [0], [3], [0], [0], [3], [0], [1], [4], [1], [3], [0], [1], [0], [4], [3], [0], [2], [1], [0], [0], [2], [3], [1], [1], [2], [0], [0], [1], [2], [0], [1], [0], [0], [1], [0], [1], [1], [0], [1], [0], [12], [0], [0], [2], [1], [0], [0], [2], [0], [0], [0], [2], [2], [0], [0], [0], [2], [0], [0], [1], [1], [1], [2], [1], [0], [7], [0], [1], [2], [0], [1], [0], [0], [0], [0], [0]]",1,1.0445129871368408,128,learned,0.0,4640,4.0,124,1.2486048936843872,71,136 112 128 96,9277,0.5190854668617249,test,top_r_mean,0.0,0.5,0.25,0.25
0.013797563867629621,1.0,290,1.0,31,177.91279987432063,qasper,0.05333333333333334,0.25,0.013333333333333334,0.0,1912.13337:e97186c51d4af490dba6faaf833d269c8256426c,mean,0.38599212504474406,0.213654026389122,"[[0, 3], [1, 2], [7, 8], [1, 4], [1, 2], [2, 5], [1, 2], [6, 10], [0, 1], [3, 4], [0, 1], [0, 3], [9, 12], [1, 6], [3, 6], [1, 4], [0, 1], [0, 1], [5, 7], [2, 8], [3, 4], [1, 2], [0, 4], [0, 4], [0, 1], [0, 11], [4, 8], [0, 1], [0, 1], [2, 3], [0, 3], [1, 2], [0, 1], [1, 2], [5, 6], [2, 5], [4, 9], [1, 2], [0, 1], [0, 1], [0, 1], [4, 8], [0, 3], [0, 1], [1, 9], [1, 2], [1, 4], [1, 5], [0, 1], [0, 7], [2, 8], [5, 9], [2, 4], [2, 6], [1, 2], [2, 4], [0, 1], [3, 5], [0, 3], [1, 2], [0, 1], [0, 2], [1, 5], [3, 7], [0, 1], [1, 3], [4, 8], [1, 6], [0, 1], [1, 2], [1, 3], [0, 1], [0, 1], [0, 2], [2, 3], [1, 2], [0, 1], [0, 1], [0, 1], [0, 3], [0, 1], [1, 3], [1, 2], [0, 1], [3, 4], [1, 4], [3, 5], [1, 9], [0, 1], [2, 4], [2, 3], [2, 7], [5, 6], [2, 3], [0, 2], [0, 1], [0, 1], [0, 2], [0, 1], [0, 2], [2, 3], [0, 1], [1, 2], [1, 2], [0, 1], [0, 6], [10, 11], [3, 8], [1, 7], [0, 1], [0, 4], [4, 5], [0, 1], [2, 3], [3, 4], [0, 1], [0, 1], [1, 4], [0, 1], [12, 14], [0, 1], [13, 15], [1, 3], [0, 2], [1, 2], [2, 3], [1, 3], [1, 2], [0, 1], [0, 1], [0, 1], [1, 4], [2, 5], [0, 1], [1, 2], [0, 4], [0, 1], [0, 1], [1, 2], [0, 1], [2, 4], [1, 2], [1, 4], [0, 1], [0, 1], [0, 1], [11, 13], [0, 2], [2, 7], [2, 12], [0, 1], [3, 4], [0, 1], [1, 4], [0, 1], [0, 1], [3, 9], [2, 3], [1, 20], [1, 2], [0, 1], [2, 4], [1, 2], [0, 2], [2, 3], [0, 3], [2, 4], [2, 4], [0, 1], [0, 1], [0, 2], [1, 2], [1, 9], [1, 4], [0, 1], [19, 21], [0, 1], [1, 3], [2, 5], [2, 5], [1, 3], [1, 2], [1, 2], [1, 2], [0, 1], [0, 1], [0, 2], [2, 4], [1, 4], [1, 2], [1, 3], [4, 5], [0, 1], [1, 2], [0, 1], [0, 1], [0, 1], [0, 1], [2, 4], [1, 3], [0, 1], [0, 1], [0, 3], [0, 1], [0, 1], [0, 3], [5, 7], [2, 3], [0, 1], [1, 2], [1, 2], [0, 6], [0, 2], [0, 2], [0, 2], [3, 5], [0, 1], [0, 1], [3, 7], [0, 1], [2, 3], [4, 6], [1, 4], [3, 4], [0, 1], [0, 1], [1, 2], [4, 6], [3, 5], [0, 1], [2, 4], [1, 5], [0, 1], [0, 2], [2, 5], [3, 4], [1, 2], [1, 2], [2, 9], [0, 1], [0, 1], [1, 4], [2, 3], [0, 1], [1, 2], [0, 1], [0, 1], [1, 2], [0, 1], [1, 3], [1, 3], [0, 10], [1, 2], [0, 4], [10, 12], [0, 3], [0, 1], [0, 2], [1, 4], [0, 2], [0, 1], [2, 3], [0, 1], [0, 1], [0, 1], [2, 3], [2, 3], [0, 1], [0, 1], [0, 3], [2, 3], [0, 3], [0, 1], [1, 3], [1, 3], [1, 3], [2, 4], [1, 4], [0, 3], [8, 9], [0, 1], [1, 2], [2, 3], [0, 3], [1, 3], [0, 1], [0, 1], [0, 1], [0, 1], [0, 2]]",2,0.7975629568099976,128,learned,1.0,9280,4.0,124,0.8786394596099854,11,8 216 104 136,9277,0.535341739654541,test,top_r_mean,0.0,0.0,0.5,0.5
0.013797563867629621,1.0,290,1.0,31,176.78760015405715,qasper,0.05333333333333334,0.25,0.013333333333333334,0.0,1912.13337:e97186c51d4af490dba6faaf833d269c8256426c,mean,0.38876029113470945,0.21077734231948853,"[[0, 3], [1, 2], [7, 8], [0, 1], [1, 2], [2, 5], [1, 2], [6, 10], [0, 1], [3, 4], [0, 1], [0, 3], [9, 12], [1, 6], [3, 6], [1, 4], [0, 1], [0, 1], [5, 7], [2, 3], [3, 4], [2, 4], [0, 4], [0, 4], [0, 1], [0, 5], [4, 6], [0, 1], [0, 1], [2, 3], [0, 3], [2, 3], [0, 1], [1, 2], [5, 6], [2, 8], [6, 9], [1, 2], [0, 1], [0, 1], [0, 1], [4, 8], [0, 3], [0, 1], [1, 10], [1, 2], [1, 4], [1, 3], [0, 1], [0, 13], [1, 2], [5, 9], [1, 2], [1, 2], [1, 2], [2, 4], [0, 1], [1, 3], [0, 3], [1, 2], [0, 1], [0, 2], [1, 5], [2, 3], [0, 1], [1, 3], [4, 5], [3, 6], [0, 1], [1, 2], [1, 3], [0, 1], [0, 1], [0, 2], [2, 3], [1, 2], [0, 1], [0, 1], [0, 1], [0, 3], [0, 1], [1, 3], [1, 3], [0, 1], [3, 4], [1, 4], [3, 5], [1, 9], [0, 1], [2, 4], [2, 3], [2, 4], [0, 5], [2, 3], [0, 2], [0, 1], [0, 1], [0, 2], [0, 1], [0, 2], [2, 3], [0, 1], [1, 2], [1, 2], [0, 1], [0, 6], [10, 11], [3, 9], [1, 7], [0, 1], [0, 4], [4, 5], [0, 1], [2, 3], [3, 4], [0, 1], [0, 1], [1, 2], [0, 1], [12, 14], [0, 1], [13, 15], [1, 5], [0, 2], [1, 4], [2, 3], [1, 3], [2, 3], [0, 1], [0, 1], [1, 6], [2, 3], [2, 8], [0, 1], [1, 2], [0, 4], [0, 1], [0, 1], [1, 2], [0, 1], [2, 4], [1, 4], [1, 4], [0, 1], [0, 1], [1, 2], [10, 11], [0, 1], [2, 6], [2, 12], [0, 1], [3, 4], [0, 1], [0, 1], [0, 1], [1, 2], [3, 9], [2, 3], [1, 20], [1, 2], [0, 1], [2, 4], [1, 2], [0, 2], [2, 3], [0, 3], [3, 4], [0, 2], [0, 1], [0, 1], [2, 4], [1, 2], [1, 7], [0, 1], [0, 1], [19, 21], [0, 1], [1, 2], [2, 5], [5, 7], [1, 4], [1, 2], [1, 2], [1, 2], [0, 1], [0, 1], [2, 3], [2, 4], [1, 4], [1, 2], [1, 3], [5, 10], [0, 1], [1, 2], [1, 2], [0, 1], [0, 1], [0, 1], [2, 8], [1, 3], [0, 1], [0, 1], [0, 2], [0, 1], [0, 1], [0, 3], [5, 7], [2, 3], [0, 1], [1, 2], [1, 2], [0, 8], [0, 3], [0, 2], [0, 2], [3, 4], [0, 1], [0, 1], [3, 7], [0, 1], [0, 2], [4, 6], [0, 1], [0, 1], [0, 1], [0, 1], [1, 2], [4, 9], [0, 3], [0, 1], [2, 3], [1, 5], [0, 1], [0, 2], [2, 5], [3, 4], [1, 2], [1, 3], [8, 9], [0, 1], [0, 1], [1, 16], [0, 2], [0, 1], [1, 2], [0, 1], [0, 1], [1, 2], [0, 1], [1, 3], [1, 3], [0, 1], [1, 2], [0, 4], [10, 12], [0, 3], [0, 1], [0, 2], [1, 4], [0, 2], [0, 1], [2, 3], [0, 1], [0, 1], [0, 1], [2, 3], [2, 3], [0, 1], [0, 1], [0, 3], [2, 3], [0, 3], [0, 1], [1, 3], [0, 1], [1, 3], [2, 4], [1, 3], [0, 1], [1, 8], [0, 1], [1, 2], [2, 3], [0, 3], [1, 3], [0, 1], [0, 1], [0, 1], [0, 1], [0, 2]]",2,0.7886977791786194,128,learned,1.0,9280,4.0,124,0.8687818050384521,23,8 216 104 136,9277,0.5376970767974854,test,top_r_mean,0.0,0.0,0.5,0.5
0.013797563867629621,1.0,290,1.0,31,178.0930000822991,qasper,0.05333333333333334,0.25,0.013333333333333334,0.0,1912.13337:e97186c51d4af490dba6faaf833d269c8256426c,mean,0.36986039852046293,0.21789583563804626,"[[0, 1], [1, 2], [7, 8], [1, 4], [1, 2], [2, 5], [1, 2], [5, 6], [0, 1], [3, 4], [0, 1], [0, 3], [9, 12], [1, 2], [3, 6], [0, 1], [0, 1], [0, 1], [5, 7], [2, 8], [3, 4], [2, 4], [0, 4], [0, 4], [0, 1], [0, 5], [4, 8], [0, 1], [0, 1], [2, 3], [0, 3], [1, 2], [0, 1], [1, 2], [5, 6], [2, 5], [4, 6], [1, 2], [0, 1], [0, 1], [0, 1], [3, 4], [0, 3], [0, 1], [1, 3], [1, 2], [1, 4], [1, 5], [0, 1], [0, 7], [1, 2], [5, 6], [2, 5], [1, 2], [1, 2], [2, 4], [0, 1], [3, 5], [0, 3], [1, 2], [0, 1], [0, 2], [1, 5], [2, 3], [0, 1], [1, 3], [0, 4], [1, 3], [0, 1], [0, 1], [1, 3], [0, 1], [0, 1], [0, 2], [2, 3], [1, 2], [0, 1], [0, 1], [0, 1], [0, 1], [0, 1], [1, 3], [1, 2], [0, 1], [0, 3], [1, 4], [3, 5], [1, 9], [0, 1], [2, 4], [1, 2], [2, 4], [0, 5], [2, 3], [0, 2], [0, 1], [0, 1], [0, 2], [0, 1], [0, 2], [2, 3], [0, 1], [1, 2], [1, 2], [0, 1], [0, 6], [10, 11], [3, 8], [1, 7], [0, 1], [0, 4], [4, 5], [0, 1], [2, 3], [3, 4], [0, 1], [0, 1], [1, 4], [0, 1], [2, 12], [0, 1], [13, 15], [1, 3], [0, 1], [1, 2], [1, 2], [1, 3], [2, 3], [0, 1], [0, 1], [0, 1], [1, 5], [2, 5], [0, 1], [1, 2], [0, 4], [0, 1], [0, 1], [1, 2], [0, 1], [2, 5], [1, 2], [1, 4], [0, 1], [0, 1], [0, 1], [10, 11], [0, 1], [2, 6], [2, 12], [0, 1], [3, 4], [0, 1], [0, 1], [0, 1], [0, 1], [3, 9], [2, 3], [1, 20], [1, 2], [0, 1], [2, 4], [1, 2], [0, 2], [2, 3], [0, 3], [2, 3], [0, 2], [0, 1], [0, 1], [0, 2], [1, 2], [1, 7], [1, 2], [0, 1], [19, 21], [0, 1], [1, 2], [2, 5], [2, 5], [1, 3], [1, 2], [1, 2], [1, 2], [0, 1], [0, 1], [0, 2], [2, 4], [1, 4], [1, 2], [1, 3], [4, 5], [0, 1], [0, 1], [0, 1], [0, 1], [0, 1], [0, 1], [2, 8], [1, 3], [0, 1], [0, 1], [0, 2], [0, 1], [0, 1], [0, 3], [5, 7], [2, 3], [0, 1], [1, 2], [1, 2], [0, 6], [0, 2], [0, 2], [0, 2], [3, 4], [0, 1], [0, 1], [3, 6], [0, 1], [0, 2], [1, 4], [0, 1], [0, 1], [0, 1], [0, 1], [0, 1], [4, 6], [0, 3], [0, 1], [2, 3], [1, 5], [0, 1], [0, 5], [2, 5], [3, 4], [1, 2], [1, 3], [2, 9], [0, 1], [0, 1], [1, 4], [0, 2], [0, 1], [1, 2], [0, 1], [0, 1], [1, 2], [0, 1], [1, 3], [1, 3], [0, 1], [1, 2], [0, 4], [10, 12], [0, 3], [0, 1], [0, 2], [1, 4], [0, 2], [0, 1], [2, 3], [0, 1], [0, 1], [0, 1], [2, 3], [2, 3], [0, 1], [0, 1], [0, 3], [2, 3], [0, 3], [0, 1], [1, 3], [0, 1], [1, 3], [2, 4], [1, 3], [0, 3], [1, 7], [0, 1], [1, 2], [2, 3], [0, 3], [1, 3], [0, 1], [0, 1], [0, 1], [0, 1], [0, 2]]",2,0.8117918968200684,128,learned,1.0,9280,4.0,124,0.8962705135345459,37,8 216 104 136,9277,0.514522910118103,test,top_r_mean,0.0,0.0,0.5,0.375
0.013797563867629621,1.0,290,1.0,31,188.7170998379588,qasper,0.05333333333333334,0.25,0.013333333333333334,0.0,1912.13337:e97186c51d4af490dba6faaf833d269c8256426c,mean,0.3785944398043193,0.20879927277565002,"[[0, 1], [1, 2], [7, 8], [1, 4], [1, 2], [2, 5], [1, 2], [6, 10], [0, 1], [3, 4], [0, 1], [0, 3], [9, 12], [1, 6], [3, 5], [0, 1], [0, 1], [0, 1], [5, 7], [2, 8], [3, 4], [1, 2], [0, 4], [0, 4], [0, 1], [0, 5], [4, 8], [0, 1], [0, 1], [2, 3], [0, 3], [1, 2], [0, 1], [1, 2], [5, 6], [2, 5], [4, 9], [1, 2], [0, 1], [0, 1], [0, 1], [0, 4], [0, 3], [0, 1], [1, 9], [1, 2], [1, 4], [1, 5], [0, 1], [0, 6], [1, 2], [5, 6], [2, 4], [1, 2], [1, 2], [2, 4], [0, 1], [3, 5], [0, 3], [1, 2], [0, 1], [0, 2], [1, 5], [2, 3], [0, 1], [1, 3], [4, 5], [1, 3], [0, 1], [1, 2], [1, 3], [0, 1], [0, 1], [0, 2], [2, 3], [1, 2], [0, 1], [0, 1], [0, 1], [0, 1], [0, 1], [1, 3], [1, 3], [0, 1], [3, 4], [1, 4], [3, 5], [1, 4], [0, 1], [2, 4], [1, 2], [2, 4], [0, 5], [1, 2], [0, 2], [0, 1], [0, 1], [0, 2], [0, 1], [0, 2], [2, 3], [0, 1], [1, 2], [1, 2], [0, 1], [0, 6], [10, 11], [3, 8], [1, 7], [0, 1], [0, 4], [4, 5], [0, 1], [2, 4], [3, 4], [0, 1], [0, 1], [1, 4], [0, 1], [2, 12], [0, 1], [13, 15], [1, 3], [0, 2], [1, 2], [1, 2], [1, 3], [1, 2], [0, 1], [0, 1], [0, 1], [1, 4], [2, 5], [0, 1], [1, 2], [0, 4], [0, 1], [0, 1], [1, 2], [0, 1], [2, 4], [1, 2], [1, 4], [0, 1], [0, 1], [0, 1], [11, 13], [0, 1], [2, 7], [2, 6], [0, 1], [3, 4], [0, 1], [0, 1], [0, 1], [0, 1], [3, 9], [2, 3], [1, 20], [1, 2], [0, 1], [2, 4], [1, 2], [0, 1], [2, 3], [0, 3], [2, 4], [0, 2], [0, 1], [0, 1], [0, 2], [1, 2], [1, 7], [1, 2], [0, 1], [19, 21], [0, 1], [1, 2], [2, 5], [2, 5], [1, 3], [1, 2], [1, 2], [1, 2], [0, 1], [0, 1], [0, 3], [2, 4], [1, 2], [1, 2], [1, 3], [5, 10], [0, 1], [1, 2], [0, 1], [0, 1], [0, 1], [0, 1], [2, 4], [1, 3], [0, 1], [0, 1], [0, 2], [0, 1], [0, 1], [0, 1], [5, 7], [2, 3], [0, 1], [1, 2], [1, 2], [0, 6], [0, 3], [0, 2], [0, 2], [3, 4], [0, 1], [0, 1], [3, 7], [0, 1], [0, 2], [4, 6], [0, 1], [0, 1], [0, 1], [0, 1], [0, 1], [4, 6], [0, 2], [0, 1], [2, 3], [1, 5], [0, 1], [0, 5], [2, 5], [3, 4], [1, 2], [1, 3], [2, 9], [0, 1], [0, 1], [1, 4], [2, 4], [0, 1], [1, 2], [0, 1], [0, 1], [1, 2], [0, 1], [1, 3], [1, 3], [0, 1], [1, 2], [0, 4], [10, 12], [0, 3], [0, 1], [0, 2], [1, 4], [0, 2], [0, 1], [2, 3], [0, 1], [0, 1], [0, 1], [2, 3], [2, 3], [0, 1], [0, 1], [0, 3], [2, 3], [0, 3], [0, 1], [1, 3], [1, 3], [1, 3], [2, 4], [1, 3], [0, 1], [7, 8], [0, 1], [1, 2], [2, 3], [0, 3], [1, 3], [0, 1], [0, 1], [0, 1], [0, 1], [0, 2]]",2,0.7875118851661682,128,learned,1.0,9280,4.0,124,0.8707938194274902,53,8 216 104 136,9277,0.5252098441123962,test,top_r_mean,0.0,0.0,0.5,0.375
0.013797563867629621,1.0,290,1.0,31,191.013399977237,qasper,0.05333333333333334,0.25,0.013333333333333334,0.0,1912.13337:e97186c51d4af490dba6faaf833d269c8256426c,mean,0.3882830211191982,0.21349172294139862,"[[0, 3], [1, 3], [7, 8], [1, 4], [1, 2], [2, 5], [1, 2], [6, 10], [0, 1], [3, 4], [0, 1], [0, 3], [9, 12], [1, 6], [3, 5], [1, 4], [0, 1], [0, 1], [5, 8], [2, 8], [3, 4], [2, 4], [0, 4], [0, 4], [0, 1], [0, 11], [4, 8], [0, 1], [0, 1], [2, 3], [0, 3], [2, 3], [0, 1], [1, 2], [5, 6], [2, 5], [4, 9], [1, 2], [0, 1], [0, 1], [0, 1], [4, 8], [0, 3], [0, 1], [1, 10], [1, 2], [1, 4], [1, 5], [0, 5], [0, 6], [2, 8], [5, 9], [1, 2], [1, 2], [1, 2], [2, 4], [0, 1], [3, 4], [0, 3], [1, 2], [0, 1], [0, 2], [1, 5], [3, 7], [0, 1], [1, 3], [4, 5], [1, 6], [0, 1], [1, 2], [1, 4], [0, 1], [0, 1], [0, 2], [2, 3], [1, 2], [0, 1], [0, 1], [0, 1], [0, 3], [0, 1], [1, 3], [1, 3], [0, 1], [3, 4], [1, 4], [3, 5], [1, 9], [0, 1], [2, 4], [2, 3], [2, 4], [5, 6], [2, 3], [0, 2], [0, 1], [0, 1], [0, 2], [0, 1], [0, 2], [2, 3], [0, 1], [2, 3], [1, 2], [0, 1], [0, 6], [10, 11], [3, 9], [1, 7], [0, 1], [0, 4], [4, 5], [0, 1], [2, 3], [3, 7], [0, 1], [0, 1], [1, 2], [0, 1], [12, 14], [0, 1], [13, 15], [1, 5], [0, 2], [1, 6], [2, 5], [1, 3], [2, 3], [0, 1], [0, 1], [1, 6], [1, 5], [2, 8], [0, 1], [1, 2], [4, 7], [0, 1], [0, 1], [1, 2], [0, 1], [2, 4], [1, 2], [1, 4], [0, 1], [0, 1], [1, 2], [11, 13], [0, 1], [2, 7], [2, 12], [0, 1], [3, 4], [0, 2], [0, 1], [0, 4], [1, 2], [3, 9], [2, 3], [1, 20], [1, 2], [0, 1], [2, 4], [1, 2], [0, 2], [2, 3], [0, 3], [2, 3], [2, 4], [0, 1], [0, 1], [0, 2], [1, 2], [1, 7], [1, 4], [0, 1], [19, 21], [0, 1], [1, 3], [2, 5], [2, 5], [1, 3], [1, 2], [1, 2], [1, 2], [0, 1], [0, 1], [2, 3], [2, 4], [1, 4], [1, 2], [1, 3], [5, 10], [0, 1], [1, 2], [1, 2], [0, 1], [0, 1], [0, 1], [2, 9], [1, 3], [0, 1], [0, 3], [0, 3], [0, 1], [0, 1], [0, 3], [5, 7], [2, 3], [0, 1], [1, 2], [1, 2], [0, 8], [0, 2], [0, 2], [0, 2], [3, 4], [0, 1], [0, 1], [3, 7], [0, 1], [1, 2], [4, 6], [1, 4], [3, 4], [0, 1], [1, 2], [0, 1], [4, 6], [3, 6], [0, 1], [2, 4], [1, 5], [0, 3], [0, 2], [2, 5], [3, 4], [1, 2], [1, 3], [2, 8], [0, 1], [0, 1], [1, 4], [2, 4], [0, 1], [1, 2], [0, 1], [0, 1], [1, 2], [0, 1], [1, 3], [1, 3], [0, 1], [1, 2], [0, 4], [12, 14], [0, 3], [0, 1], [2, 3], [1, 7], [0, 2], [0, 1], [2, 3], [0, 1], [0, 1], [0, 1], [2, 3], [2, 3], [0, 1], [0, 1], [0, 3], [2, 3], [0, 3], [0, 1], [1, 3], [1, 3], [1, 3], [2, 4], [1, 4], [0, 1], [7, 8], [0, 1], [1, 2], [2, 3], [0, 2], [1, 2], [0, 1], [0, 1], [0, 1], [0, 1], [0, 2]]",2,0.7916092872619629,128,learned,1.0,9280,4.0,124,0.8717700839042664,71,8 216 104 136,9277,0.5380921959877014,test,top_r_mean,0.0,0.0,0.5,0.5
0.013797563867629621,1.0,290,1.0,31,212.1111999731511,qasper,0.05333333333333334,0.5,0.02666666666666667,0.0,1912.13337:e97186c51d4af490dba6faaf833d269c8256426c,mean,0.46097124448156546,0.030662350356578827,"[[0, 3, 6, 8], [1, 2, 3, 6], [7, 8, 9, 13], [1, 4, 8, 19], [1, 2, 4, 7], [2, 5, 6, 9], [1, 2, 6, 10], [6, 10, 16, 17], [0, 1, 7, 11], [3, 4, 9, 13], [0, 1, 2, 14], [0, 3, 5, 9], [9, 12, 15, 16], [1, 6, 7, 10], [3, 6, 13, 17], [1, 4, 11, 20], [0, 1, 7, 15], [0, 1, 3, 4], [5, 7, 8, 13], [2, 8, 9, 14], [3, 4, 5, 9], [1, 2, 4, 12], [0, 4, 6, 9], [0, 4, 5, 11], [0, 1, 10, 11], [0, 11, 12, 13], [4, 8, 10, 11], [0, 1, 3, 5], [0, 1, 3, 5], [2, 3, 10, 21], [0, 3, 4, 5], [1, 2, 3, 4], [0, 1, 3, 5], [1, 2, 4, 9], [5, 6, 8, 12], [2, 5, 8, 9], [4, 9, 14, 16], [1, 2, 17, 19], [0, 1, 3, 4], [0, 1, 4, 5], [0, 1, 6, 7], [4, 8, 13, 16], [0, 3, 6, 7], [0, 1, 2, 3], [1, 9, 10, 11], [1, 2, 3, 7], [1, 4, 5, 6], [1, 5, 8, 11], [0, 1, 5, 15], [0, 7, 13, 14], [2, 8, 15, 18], [5, 9, 11, 14], [2, 4, 5, 7], [2, 6, 7, 12], [1, 2, 4, 8], [2, 4, 5, 7], [0, 1, 4, 5], [3, 5, 8, 9], [0, 3, 4, 9], [1, 2, 5, 8], [0, 1, 3, 4], [0, 2, 3, 5], [1, 5, 8, 14], [3, 7, 8, 10], [0, 1, 5, 8], [1, 3, 4, 8], [4, 8, 11, 12], [1, 6, 15, 16], [0, 1, 8, 9], [1, 2, 4, 6], [1, 3, 4, 6], [0, 1, 2, 4], [0, 1, 4, 6], [0, 2, 8, 9], [2, 3, 5, 7], [1, 2, 7, 8], [0, 1, 2, 3], [0, 1, 3, 13], [0, 1, 2, 16], [0, 3, 5, 6], [0, 1, 3, 6], [1, 3, 6, 7], [1, 2, 3, 5], [0, 1, 3, 10], [3, 4, 7, 8], [1, 4, 5, 6], [3, 5, 12, 13], [1, 9, 10, 11], [0, 1, 2, 3], [2, 4, 5, 18], [2, 3, 6, 7], [2, 7, 8, 11], [5, 6, 9, 11], [2, 3, 4, 6], [0, 2, 3, 6], [0, 1, 3, 6], [0, 1, 3, 5], [0, 2, 3, 7], [0, 1, 5, 8], [0, 2, 5, 6], [2, 3, 4, 5], [0, 1, 2, 10], [1, 2, 3, 4], [1, 2, 4, 7], [0, 1, 3, 4], [0, 6, 7, 8], [10, 11, 12, 14], [3, 8, 9, 13], [1, 7, 9, 10], [0, 1, 3, 5], [0, 4, 5, 6], [4, 5, 6, 7], [0, 1, 6, 7], [2, 3, 4, 5], [3, 4, 7, 8], [0, 1, 3, 8], [0, 1, 2, 4], [1, 4, 6, 12], [0, 1, 2, 3], [12, 14, 15, 18], [0, 1, 2, 3], [13, 15, 16, 17], [1, 3, 5, 6], [0, 2, 3, 5], [1, 2, 6, 7], [2, 3, 5, 6], [1, 3, 5, 24], [1, 2, 6, 7], [0, 1, 2, 3], [0, 1, 3, 4], [0, 1, 6, 8], [1, 4, 5, 11], [2, 5, 8, 9], [0, 1, 2, 3], [1, 2, 18, 21], [0, 4, 11, 12], [0, 1, 9, 11], [0, 1, 5, 6], [1, 2, 8, 11], [0, 1, 2, 6], [2, 4, 5, 7], [1, 2, 4, 5], [1, 4, 6, 8], [0, 1, 2, 13], [0, 1, 5, 7], [0, 1, 2, 6], [11, 13, 14, 17], [0, 2, 12, 13], [2, 7, 8, 11], [2, 12, 13, 19], [0, 1, 3, 12], [3, 4, 5, 8], [0, 1, 3, 10], [1, 4, 5, 6], [0, 1, 4, 5], [0, 1, 2, 3], [3, 9, 13, 14], [2, 3, 5, 7], [1, 20, 23, 24], [1, 2, 9, 10], [0, 1, 2, 3], [2, 4, 6, 9], [1, 2, 3, 5], [0, 2, 3, 4], [2, 3, 4, 5], [0, 3, 4, 5], [2, 4, 7, 8], [2, 4, 9, 11], [0, 1, 14, 16], [0, 1, 2, 4], [0, 2, 6, 12], [1, 2, 3, 5], [1, 9, 21, 22], [1, 4, 5, 14], [0, 1, 2, 4], [19, 21, 22, 24], [0, 1, 4, 6], [1, 3, 4, 8], [2, 5, 7, 8], [2, 5, 6, 7], [1, 3, 4, 5], [1, 2, 3, 9], [1, 2, 3, 4], [1, 2, 4, 8], [0, 1, 2, 11], [0, 1, 2, 3], [0, 2, 3, 4], [2, 4, 5, 7], [1, 4, 5, 6], [1, 2, 3, 9], [1, 3, 5, 8], [4, 5, 10, 11], [0, 1, 2, 5], [1, 2, 7, 8], [0, 1, 2, 3], [0, 1, 2, 5], [0, 1, 2, 4], [0, 1, 4, 11], [2, 4, 8, 9], [1, 3, 4, 6], [0, 1, 3, 7], [0, 1, 3, 4], [0, 3, 4, 7], [0, 1, 3, 4], [0, 1, 2, 3], [0, 3, 4, 5], [5, 7, 8, 9], [2, 3, 4, 8], [0, 1, 5, 6], [1, 2, 5, 13], [1, 2, 5, 6], [0, 6, 8, 9], [0, 2, 3, 5], [0, 2, 3, 6], [0, 2, 3, 5], [3, 5, 13, 14], [0, 1, 2, 4], [0, 1, 2, 3], [3, 7, 13, 16], [0, 1, 3, 4], [2, 3, 7, 9], [4, 6, 7, 8], [1, 4, 5, 7], [3, 4, 5, 10], [0, 1, 5, 6], [0, 1, 2, 4], [1, 2, 3, 10], [4, 6, 9, 16], [3, 5, 6, 8], [0, 1, 2, 3], [2, 4, 7, 13], [1, 5, 8, 10], [0, 1, 3, 4], [0, 2, 5, 6], [2, 5, 7, 8], [3, 4, 5, 10], [1, 2, 3, 4], [1, 2, 3, 10], [2, 9, 11, 13], [0, 1, 2, 3], [0, 1, 2, 4], [1, 4, 16, 18], [2, 3, 4, 6], [0, 1, 3, 4], [1, 2, 4, 5], [0, 1, 7, 8], [0, 1, 2, 5], [1, 2, 7, 8], [0, 1, 11, 17], [1, 3, 4, 6], [1, 3, 4, 5], [0, 10, 12, 17], [1, 2, 3, 6], [0, 4, 5, 8], [10, 12, 16, 17], [0, 3, 4, 5], [0, 1, 2, 7], [0, 2, 3, 6], [1, 4, 7, 8], [0, 2, 4, 5], [0, 1, 2, 3], [2, 3, 13, 14], [0, 1, 6, 7], [0, 1, 6, 8], [0, 1, 2, 3], [2, 3, 4, 7], [2, 3, 5, 6], [0, 1, 2, 3], [0, 1, 2, 9], [0, 3, 4, 11], [2, 3, 4, 14], [0, 3, 5, 6], [0, 1, 3, 5], [1, 3, 4, 5], [1, 3, 4, 7], [1, 3, 5, 8], [2, 4, 8, 9], [1, 4, 5, 6], [0, 3, 6, 7], [8, 9, 12, 14], [0, 1, 2, 5], [1, 2, 3, 4], [2, 3, 4, 5], [0, 3, 5, 9], [1, 3, 5, 10], [0, 1, 3, 4], [0, 1, 3, 4], [0, 1, 4, 5], [0, 1, 2, 8], [0, 2, 6, 7]]",4,0.8495168685913086,128,learned,0.5,18560,4.0,124,0.8857622146606445,11,88 0 8 104,9277,0.6209831833839417,test,top_r_mean,0.0,0.5,0.5,0.5
0.013797563867629621,1.0,290,1.0,31,197.77839980088174,qasper,0.05333333333333334,0.5,0.02666666666666667,0.0,1912.13337:e97186c51d4af490dba6faaf833d269c8256426c,mean,0.47123254981505786,0.03108503483235836,"[[0, 3, 6, 8], [1, 2, 3, 5], [7, 8, 9, 13], [0, 1, 4, 8], [1, 2, 4, 7], [2, 5, 6, 9], [1, 2, 6, 10], [6, 10, 16, 17], [0, 1, 7, 9], [3, 4, 6, 9], [0, 1, 2, 7], [0, 3, 4, 5], [9, 12, 14, 15], [1, 6, 7, 10], [3, 6, 7, 13], [1, 4, 5, 6], [0, 1, 7, 15], [0, 1, 3, 4], [5, 7, 8, 19], [2, 3, 8, 9], [3, 4, 5, 8], [2, 4, 8, 12], [0, 4, 9, 11], [0, 4, 5, 11], [0, 1, 10, 11], [0, 5, 8, 11], [4, 6, 8, 10], [0, 1, 2, 3], [0, 1, 3, 5], [2, 3, 10, 22], [0, 3, 4, 5], [2, 3, 4, 6], [0, 1, 3, 6], [1, 2, 4, 8], [5, 6, 8, 12], [2, 8, 9, 10], [6, 9, 14, 16], [1, 2, 19, 21], [0, 1, 3, 4], [0, 1, 4, 5], [0, 1, 6, 7], [4, 8, 13, 16], [0, 3, 6, 7], [0, 1, 2, 3], [1, 10, 11, 14], [1, 2, 3, 8], [1, 4, 5, 6], [1, 3, 5, 11], [0, 1, 4, 5], [0, 13, 14, 15], [1, 2, 8, 15], [5, 9, 11, 14], [1, 2, 5, 7], [1, 2, 6, 7], [1, 2, 6, 8], [2, 4, 5, 7], [0, 1, 3, 4], [1, 3, 4, 5], [0, 3, 4, 9], [1, 2, 5, 8], [0, 1, 3, 4], [0, 2, 3, 5], [1, 5, 8, 14], [2, 3, 7, 8], [0, 1, 5, 8], [1, 3, 4, 8], [4, 5, 8, 11], [3, 6, 11, 15], [0, 1, 8, 9], [1, 2, 4, 6], [1, 3, 4, 6], [0, 1, 2, 4], [0, 1, 4, 6], [0, 2, 8, 10], [2, 3, 5, 7], [1, 2, 6, 7], [0, 1, 2, 3], [0, 1, 5, 8], [0, 1, 2, 16], [0, 3, 6, 10], [0, 1, 3, 6], [1, 3, 6, 7], [1, 3, 5, 6], [0, 1, 3, 10], [3, 4, 7, 8], [1, 4, 5, 6], [3, 5, 12, 13], [1, 9, 10, 13], [0, 1, 2, 3], [2, 4, 5, 7], [2, 3, 6, 7], [2, 4, 7, 8], [0, 5, 6, 7], [2, 3, 4, 6], [0, 2, 3, 6], [0, 1, 3, 5], [0, 1, 3, 6], [0, 2, 3, 10], [0, 1, 5, 7], [0, 2, 5, 6], [2, 3, 4, 5], [0, 1, 2, 10], [1, 2, 3, 4], [1, 2, 4, 7], [0, 1, 3, 4], [0, 6, 7, 8], [10, 11, 12, 14], [3, 9, 13, 17], [1, 7, 9, 10], [0, 1, 3, 5], [0, 4, 5, 6], [4, 5, 6, 7], [0, 1, 6, 7], [2, 3, 4, 5], [3, 4, 7, 8], [0, 1, 3, 8], [0, 1, 2, 4], [1, 2, 4, 12], [0, 1, 3, 4], [12, 14, 15, 17], [0, 1, 2, 3], [13, 15, 16, 18], [1, 5, 6, 7], [0, 2, 3, 5], [1, 4, 6, 7], [2, 3, 5, 6], [1, 3, 5, 24], [2, 3, 6, 7], [0, 1, 2, 3], [0, 1, 3, 4], [1, 6, 13, 20], [2, 3, 5, 10], [2, 8, 9, 10], [0, 1, 2, 3], [1, 2, 18, 21], [0, 4, 7, 11], [0, 1, 9, 11], [0, 1, 5, 6], [1, 2, 11, 12], [0, 1, 2, 3], [2, 4, 5, 7], [1, 4, 5, 6], [1, 4, 6, 8], [0, 1, 2, 13], [0, 1, 7, 9], [1, 2, 6, 9], [10, 11, 13, 14], [0, 1, 2, 12], [2, 6, 7, 8], [2, 12, 13, 19], [0, 1, 3, 4], [3, 4, 5, 7], [0, 1, 2, 3], [0, 1, 5, 6], [0, 1, 4, 5], [1, 2, 3, 6], [3, 9, 13, 14], [2, 3, 5, 6], [1, 20, 23, 24], [1, 2, 8, 9], [0, 1, 2, 3], [2, 4, 6, 9], [1, 2, 3, 5], [0, 2, 3, 4], [2, 3, 4, 5], [0, 3, 4, 5], [3, 4, 7, 8], [0, 2, 4, 9], [0, 1, 14, 15], [0, 1, 2, 5], [2, 4, 6, 9], [1, 2, 3, 4], [1, 7, 9, 21], [0, 1, 4, 5], [0, 1, 2, 4], [19, 21, 22, 24], [0, 1, 4, 6], [1, 2, 3, 4], [2, 5, 7, 8], [5, 7, 8, 10], [1, 4, 5, 6], [1, 2, 3, 9], [1, 2, 3, 4], [1, 2, 4, 8], [0, 1, 2, 11], [0, 1, 2, 3], [2, 3, 4, 8], [2, 4, 5, 7], [1, 4, 5, 6], [1, 2, 3, 9], [1, 3, 5, 8], [5, 10, 11, 12], [0, 1, 2, 5], [1, 2, 6, 7], [1, 2, 3, 5], [0, 1, 2, 5], [0, 1, 2, 4], [0, 1, 4, 11], [2, 8, 9, 14], [1, 3, 4, 6], [0, 1, 3, 7], [0, 1, 3, 4], [0, 2, 4, 7], [0, 1, 3, 4], [0, 1, 2, 3], [0, 3, 4, 5], [5, 7, 8, 9], [2, 3, 4, 8], [0, 1, 5, 6], [1, 2, 5, 19], [1, 2, 5, 6], [0, 8, 9, 10], [0, 3, 5, 6], [0, 2, 3, 5], [0, 2, 3, 5], [3, 4, 5, 14], [0, 1, 2, 3], [0, 1, 3, 5], [3, 7, 13, 16], [0, 1, 3, 4], [0, 2, 3, 7], [4, 6, 7, 8], [0, 1, 4, 5], [0, 1, 3, 4], [0, 1, 3, 5], [0, 1, 2, 4], [1, 2, 3, 5], [4, 9, 10, 16], [0, 3, 5, 6], [0, 1, 2, 3], [2, 3, 7, 13], [1, 5, 6, 8], [0, 1, 3, 4], [0, 2, 5, 6], [2, 5, 7, 8], [3, 4, 5, 10], [1, 2, 3, 4], [1, 3, 5, 8], [8, 9, 11, 13], [0, 1, 2, 3], [0, 1, 2, 4], [1, 16, 18, 22], [0, 2, 4, 6], [0, 1, 3, 4], [1, 2, 4, 5], [0, 1, 6, 7], [0, 1, 2, 3], [1, 2, 7, 8], [0, 1, 13, 17], [1, 3, 4, 6], [1, 3, 4, 5], [0, 1, 10, 12], [1, 2, 3, 4], [0, 4, 5, 8], [10, 12, 16, 17], [0, 3, 4, 5], [0, 1, 2, 7], [0, 2, 3, 6], [1, 4, 7, 8], [0, 2, 4, 5], [0, 1, 2, 3], [2, 3, 13, 14], [0, 1, 2, 6], [0, 1, 6, 7], [0, 1, 2, 3], [2, 3, 4, 6], [2, 3, 5, 6], [0, 1, 2, 6], [0, 1, 2, 22], [0, 3, 4, 10], [2, 3, 4, 14], [0, 3, 5, 6], [0, 1, 3, 5], [1, 3, 4, 5], [0, 1, 3, 4], [1, 3, 5, 8], [2, 4, 8, 9], [1, 3, 4, 5], [0, 1, 3, 6], [1, 8, 9, 12], [0, 1, 2, 4], [1, 2, 3, 4], [2, 3, 4, 5], [0, 3, 5, 9], [1, 3, 5, 10], [0, 1, 3, 4], [0, 1, 4, 11], [0, 1, 4, 5], [0, 1, 2, 8], [0, 2, 4, 6]]",4,0.8446352481842041,128,learned,1.0,18560,4.0,124,0.8816354870796204,23,8 88 0 216,9277,0.635748028755188,test,top_r_mean,0.0,0.0,0.5,0.625
0.013797563867629621,1.0,290,1.0,31,201.7636001110077,qasper,0.05333333333333334,0.25,0.013333333333333334,0.0,1912.13337:e97186c51d4af490dba6faaf833d269c8256426c,mean,0.4468440520224317,0.032912787050008774,"[[0, 1, 3, 6], [1, 2, 3, 6], [7, 8, 9, 13], [1, 4, 7, 8], [1, 2, 4, 7], [2, 5, 6, 9], [1, 2, 6, 10], [5, 6, 10, 16], [0, 1, 7, 11], [3, 4, 6, 9], [0, 1, 2, 7], [0, 3, 4, 5], [9, 12, 15, 16], [1, 2, 6, 7], [3, 6, 7, 13], [0, 1, 4, 5], [0, 1, 7, 15], [0, 1, 3, 4], [5, 7, 8, 13], [2, 8, 9, 10], [3, 4, 5, 9], [2, 4, 8, 12], [0, 4, 9, 11], [0, 4, 5, 11], [0, 1, 4, 10], [0, 5, 8, 11], [4, 8, 10, 11], [0, 1, 2, 3], [0, 1, 3, 5], [2, 3, 10, 21], [0, 3, 4, 5], [1, 2, 3, 4], [0, 1, 3, 6], [1, 2, 4, 9], [5, 6, 8, 12], [2, 5, 8, 9], [4, 6, 9, 14], [1, 2, 17, 19], [0, 1, 3, 4], [0, 1, 4, 5], [0, 1, 6, 7], [3, 4, 8, 13], [0, 3, 6, 7], [0, 1, 2, 3], [1, 3, 10, 11], [1, 2, 3, 7], [1, 4, 5, 6], [1, 5, 8, 11], [0, 1, 4, 5], [0, 7, 13, 14], [1, 2, 8, 15], [5, 6, 9, 11], [2, 5, 7, 11], [1, 2, 6, 7], [1, 2, 4, 8], [2, 4, 5, 7], [0, 1, 3, 4], [3, 5, 9, 11], [0, 3, 4, 9], [1, 2, 5, 8], [0, 1, 3, 4], [0, 2, 3, 5], [1, 5, 8, 13], [2, 3, 7, 8], [0, 1, 5, 8], [1, 3, 4, 8], [0, 4, 8, 11], [1, 3, 6, 15], [0, 1, 8, 9], [0, 1, 2, 4], [1, 3, 4, 6], [0, 1, 2, 4], [0, 1, 4, 6], [0, 2, 8, 10], [2, 3, 5, 7], [1, 2, 6, 7], [0, 1, 2, 3], [0, 1, 3, 5], [0, 1, 2, 16], [0, 1, 3, 6], [0, 1, 6, 7], [1, 3, 6, 7], [1, 2, 3, 5], [0, 1, 3, 9], [0, 3, 4, 7], [1, 4, 5, 6], [3, 5, 12, 13], [1, 9, 10, 11], [0, 1, 2, 3], [2, 4, 5, 7], [1, 2, 3, 7], [2, 4, 7, 8], [0, 5, 6, 9], [2, 3, 4, 6], [0, 2, 3, 6], [0, 1, 3, 6], [0, 1, 3, 5], [0, 2, 3, 10], [0, 1, 5, 7], [0, 2, 5, 6], [2, 3, 4, 5], [0, 1, 2, 10], [1, 2, 3, 4], [1, 2, 4, 5], [0, 1, 3, 4], [0, 6, 7, 8], [10, 11, 12, 14], [3, 8, 9, 12], [1, 7, 9, 10], [0, 1, 3, 4], [0, 4, 5, 6], [4, 5, 6, 7], [0, 1, 6, 7], [2, 3, 4, 5], [3, 4, 7, 8], [0, 1, 3, 8], [0, 1, 2, 4], [1, 4, 12, 13], [0, 1, 2, 3], [2, 12, 14, 15], [0, 1, 2, 3], [13, 15, 16, 18], [1, 3, 5, 6], [0, 1, 2, 3], [1, 2, 6, 7], [1, 2, 3, 5], [1, 3, 5, 24], [2, 3, 6, 7], [0, 1, 2, 3], [0, 1, 3, 4], [0, 1, 6, 8], [1, 5, 10, 11], [2, 5, 8, 9], [0, 1, 2, 3], [1, 2, 18, 21], [0, 4, 7, 11], [0, 1, 2, 9], [0, 1, 5, 6], [1, 2, 11, 12], [0, 1, 2, 3], [2, 5, 7, 8], [1, 2, 4, 5], [1, 4, 6, 8], [0, 1, 2, 13], [0, 1, 5, 9], [0, 1, 2, 4], [10, 11, 13, 14], [0, 1, 2, 12], [2, 6, 7, 8], [2, 12, 13, 15], [0, 1, 3, 4], [3, 4, 5, 7], [0, 1, 2, 3], [0, 1, 4, 5], [0, 1, 4, 5], [0, 1, 2, 3], [3, 9, 13, 14], [2, 3, 5, 6], [1, 20, 23, 24], [1, 2, 4, 8], [0, 1, 2, 3], [2, 4, 6, 9], [1, 2, 3, 5], [0, 2, 3, 4], [2, 3, 4, 5], [0, 3, 4, 5], [2, 3, 4, 7], [0, 2, 4, 9], [0, 1, 14, 15], [0, 1, 2, 5], [0, 2, 3, 6], [1, 2, 3, 5], [1, 7, 9, 21], [1, 2, 4, 5], [0, 1, 2, 4], [19, 21, 22, 24], [0, 1, 2, 4], [1, 2, 3, 4], [2, 5, 6, 8], [2, 5, 6, 7], [1, 3, 5, 6], [1, 2, 3, 9], [1, 2, 3, 4], [1, 2, 4, 8], [0, 1, 2, 11], [0, 1, 2, 3], [0, 2, 3, 4], [2, 4, 5, 7], [1, 4, 5, 6], [1, 2, 3, 9], [1, 3, 5, 8], [4, 5, 10, 11], [0, 1, 2, 5], [0, 1, 2, 7], [0, 1, 2, 3], [0, 1, 2, 3], [0, 1, 2, 4], [0, 1, 2, 4], [2, 8, 9, 14], [1, 3, 4, 6], [0, 1, 3, 7], [0, 1, 3, 4], [0, 2, 3, 4], [0, 1, 3, 4], [0, 1, 2, 3], [0, 3, 4, 5], [5, 7, 8, 9], [2, 3, 4, 8], [0, 1, 5, 6], [1, 2, 5, 18], [1, 2, 5, 6], [0, 6, 8, 9], [0, 2, 3, 5], [0, 2, 3, 6], [0, 2, 3, 5], [3, 4, 5, 9], [0, 1, 2, 4], [0, 1, 2, 3], [3, 6, 7, 13], [0, 1, 3, 4], [0, 2, 3, 7], [1, 4, 6, 8], [0, 1, 4, 5], [0, 1, 3, 4], [0, 1, 3, 5], [0, 1, 2, 4], [0, 1, 2, 3], [4, 6, 9, 16], [0, 3, 5, 6], [0, 1, 2, 3], [2, 3, 4, 7], [1, 5, 6, 8], [0, 1, 3, 4], [0, 5, 6, 7], [2, 5, 7, 8], [3, 4, 5, 8], [1, 2, 3, 4], [1, 3, 5, 8], [2, 9, 11, 13], [0, 1, 2, 3], [0, 1, 2, 4], [1, 4, 18, 22], [0, 2, 4, 6], [0, 1, 3, 4], [1, 2, 4, 5], [0, 1, 2, 7], [0, 1, 2, 3], [1, 2, 7, 8], [0, 1, 7, 11], [1, 3, 4, 6], [1, 3, 4, 5], [0, 1, 3, 10], [1, 2, 3, 4], [0, 4, 5, 8], [10, 12, 14, 16], [0, 3, 4, 5], [0, 1, 2, 7], [0, 2, 3, 6], [1, 4, 7, 8], [0, 2, 4, 5], [0, 1, 2, 3], [2, 3, 8, 13], [0, 1, 2, 3], [0, 1, 6, 7], [0, 1, 2, 3], [2, 3, 7, 8], [2, 3, 5, 6], [0, 1, 2, 6], [0, 1, 2, 9], [0, 3, 4, 11], [2, 3, 4, 14], [0, 3, 5, 6], [0, 1, 3, 5], [1, 3, 4, 5], [0, 1, 3, 4], [1, 3, 5, 8], [2, 4, 8, 9], [1, 3, 4, 5], [0, 3, 6, 7], [1, 7, 8, 9], [0, 1, 2, 5], [1, 2, 3, 4], [2, 3, 4, 5], [0, 3, 5, 9], [1, 3, 5, 6], [0, 1, 3, 4], [0, 1, 4, 8], [0, 1, 4, 5], [0, 1, 2, 8], [0, 2, 6, 7]]",4,0.860523521900177,128,learned,0.5,18560,4.0,124,0.8992583155632019,37,88 8 104 216,9277,0.6064845323562622,test,top_r_mean,0.0,0.0,0.25,0.375
0.013797563867629621,1.0,290,1.0,31,200.80679981037974,qasper,0.05333333333333334,0.5,0.02666666666666667,0.0,1912.13337:e97186c51d4af490dba6faaf833d269c8256426c,mean,0.4702302827824842,0.031425245106220245,"[[0, 1, 3, 6], [1, 2, 3, 6], [7, 8, 9, 13], [1, 4, 8, 19], [1, 2, 4, 7], [2, 5, 6, 9], [1, 2, 6, 10], [6, 10, 16, 17], [0, 1, 7, 11], [3, 4, 6, 9], [0, 1, 2, 14], [0, 3, 4, 5], [9, 12, 15, 16], [1, 6, 7, 10], [3, 5, 6, 7], [0, 1, 4, 5], [0, 1, 7, 15], [0, 1, 3, 4], [5, 7, 8, 13], [2, 8, 9, 14], [3, 4, 5, 9], [1, 2, 4, 12], [0, 4, 6, 9], [0, 4, 5, 11], [0, 1, 10, 11], [0, 5, 11, 12], [4, 8, 9, 10], [0, 1, 2, 3], [0, 1, 3, 5], [2, 3, 10, 22], [0, 3, 4, 5], [1, 2, 3, 4], [0, 1, 2, 3], [1, 2, 4, 9], [5, 6, 8, 12], [2, 5, 8, 9], [4, 9, 14, 16], [1, 2, 17, 19], [0, 1, 3, 4], [0, 1, 4, 5], [0, 1, 6, 7], [0, 4, 8, 13], [0, 3, 6, 7], [0, 1, 2, 3], [1, 9, 10, 11], [1, 2, 3, 7], [1, 4, 5, 6], [1, 5, 8, 11], [0, 1, 5, 15], [0, 6, 7, 13], [1, 2, 8, 15], [5, 6, 9, 11], [2, 4, 5, 7], [1, 2, 6, 7], [1, 2, 4, 8], [2, 4, 5, 7], [0, 1, 3, 4], [3, 5, 9, 11], [0, 3, 4, 9], [1, 2, 5, 8], [0, 1, 3, 4], [0, 2, 3, 5], [1, 5, 8, 14], [2, 3, 7, 8], [0, 1, 5, 8], [1, 3, 4, 8], [4, 5, 8, 11], [1, 3, 6, 15], [0, 1, 8, 9], [1, 2, 4, 6], [1, 3, 4, 6], [0, 1, 2, 4], [0, 1, 3, 4], [0, 2, 8, 9], [2, 3, 5, 7], [1, 2, 6, 8], [0, 1, 2, 3], [0, 1, 3, 16], [0, 1, 2, 16], [0, 1, 3, 6], [0, 1, 6, 7], [1, 3, 6, 7], [1, 3, 5, 6], [0, 1, 3, 10], [3, 4, 7, 8], [1, 4, 5, 6], [3, 5, 12, 14], [1, 4, 9, 10], [0, 1, 2, 3], [2, 4, 5, 7], [1, 2, 3, 7], [2, 4, 7, 8], [0, 5, 6, 9], [1, 2, 3, 4], [0, 2, 3, 6], [0, 1, 3, 6], [0, 1, 3, 5], [0, 2, 3, 7], [0, 1, 4, 5], [0, 2, 5, 6], [2, 3, 4, 5], [0, 1, 2, 10], [1, 2, 3, 4], [1, 2, 4, 5], [0, 1, 3, 4], [0, 6, 7, 8], [10, 11, 12, 14], [3, 8, 9, 13], [1, 7, 9, 10], [0, 1, 3, 5], [0, 4, 5, 6], [4, 5, 6, 7], [0, 1, 6, 7], [2, 4, 5, 7], [3, 4, 7, 8], [0, 1, 3, 8], [0, 1, 2, 4], [1, 4, 12, 13], [0, 1, 2, 3], [2, 12, 14, 15], [0, 1, 2, 3], [13, 15, 16, 25], [1, 3, 6, 7], [0, 2, 3, 5], [1, 2, 6, 7], [1, 2, 3, 5], [1, 3, 5, 24], [1, 2, 3, 6], [0, 1, 2, 3], [0, 1, 3, 4], [0, 1, 3, 6], [1, 4, 5, 11], [2, 5, 8, 9], [0, 1, 2, 3], [1, 2, 18, 21], [0, 4, 7, 11], [0, 1, 2, 9], [0, 1, 5, 6], [1, 2, 11, 12], [0, 1, 2, 3], [2, 4, 5, 7], [1, 2, 4, 5], [1, 4, 6, 8], [0, 1, 2, 13], [0, 1, 5, 7], [0, 1, 2, 6], [11, 13, 14, 17], [0, 1, 2, 12], [2, 7, 8, 11], [2, 6, 12, 13], [0, 1, 3, 4], [3, 4, 5, 8], [0, 1, 2, 3], [0, 1, 5, 6], [0, 1, 4, 5], [0, 1, 2, 3], [3, 9, 13, 14], [2, 3, 5, 7], [1, 20, 23, 24], [1, 2, 8, 9], [0, 1, 2, 3], [2, 4, 6, 9], [1, 2, 3, 5], [0, 1, 2, 3], [2, 3, 4, 5], [0, 3, 4, 5], [2, 4, 7, 15], [0, 2, 4, 9], [0, 1, 14, 15], [0, 1, 2, 4], [0, 2, 6, 15], [1, 2, 3, 5], [1, 7, 9, 21], [1, 2, 4, 5], [0, 1, 2, 4], [19, 21, 22, 24], [0, 1, 4, 6], [1, 2, 3, 4], [2, 5, 7, 8], [2, 5, 7, 8], [1, 3, 4, 5], [1, 2, 3, 9], [1, 2, 3, 4], [1, 2, 4, 8], [0, 1, 2, 11], [0, 1, 2, 3], [0, 3, 4, 8], [2, 4, 5, 7], [1, 2, 4, 5], [1, 2, 3, 9], [1, 3, 5, 8], [5, 10, 11, 12], [0, 1, 2, 5], [1, 2, 5, 7], [0, 1, 2, 3], [0, 1, 2, 3], [0, 1, 2, 4], [0, 1, 2, 4], [2, 4, 8, 9], [1, 3, 4, 6], [0, 1, 3, 5], [0, 1, 3, 4], [0, 2, 3, 4], [0, 1, 3, 4], [0, 1, 2, 3], [0, 1, 3, 4], [5, 7, 8, 9], [2, 3, 4, 8], [0, 1, 5, 6], [1, 2, 5, 13], [1, 2, 5, 6], [0, 6, 8, 9], [0, 3, 5, 6], [0, 2, 3, 6], [0, 2, 3, 5], [3, 4, 5, 14], [0, 1, 2, 4], [0, 1, 3, 5], [3, 7, 13, 16], [0, 1, 3, 4], [0, 2, 3, 7], [4, 6, 7, 8], [0, 1, 4, 5], [0, 1, 3, 4], [0, 1, 5, 6], [0, 1, 2, 4], [0, 1, 2, 3], [4, 6, 9, 16], [0, 2, 3, 5], [0, 1, 2, 3], [2, 3, 4, 7], [1, 5, 8, 10], [0, 1, 3, 4], [0, 5, 6, 7], [2, 5, 7, 8], [3, 4, 5, 8], [1, 2, 3, 4], [1, 3, 5, 8], [2, 9, 11, 13], [0, 1, 2, 3], [0, 1, 2, 4], [1, 4, 18, 22], [2, 4, 6, 7], [0, 1, 3, 4], [1, 2, 4, 5], [0, 1, 7, 8], [0, 1, 2, 3], [1, 2, 7, 8], [0, 1, 7, 11], [1, 3, 4, 6], [1, 3, 4, 5], [0, 1, 3, 10], [1, 2, 3, 4], [0, 4, 5, 8], [10, 12, 14, 16], [0, 3, 4, 5], [0, 1, 2, 7], [0, 2, 3, 6], [1, 4, 7, 8], [0, 2, 4, 5], [0, 1, 2, 3], [2, 3, 8, 12], [0, 1, 2, 3], [0, 1, 6, 7], [0, 1, 2, 3], [2, 3, 4, 7], [2, 3, 5, 6], [0, 1, 2, 3], [0, 1, 2, 9], [0, 3, 4, 11], [2, 3, 4, 14], [0, 3, 5, 6], [0, 1, 3, 5], [1, 3, 4, 5], [1, 3, 4, 7], [1, 3, 5, 8], [2, 4, 6, 8], [1, 3, 4, 5], [0, 1, 3, 6], [7, 8, 9, 12], [0, 1, 2, 5], [1, 2, 3, 4], [2, 3, 4, 5], [0, 3, 5, 9], [1, 3, 5, 6], [0, 1, 3, 4], [0, 1, 3, 4], [0, 1, 4, 5], [0, 1, 2, 8], [0, 2, 6, 7]]",4,0.8519995808601379,128,learned,0.5,18560,4.0,124,0.8894155621528625,53,88 72 8 104,9277,0.6354228258132935,test,top_r_mean,0.0,0.0,0.25,0.375
0.013797563867629621,1.0,290,1.0,31,211.56700002029538,qasper,0.05333333333333334,0.5,0.02666666666666667,0.0,1912.13337:e97186c51d4af490dba6faaf833d269c8256426c,mean,0.4835461162152488,0.03175213932991028,"[[0, 3, 6, 8], [1, 3, 5, 6], [7, 8, 9, 13], [1, 4, 8, 19], [1, 2, 4, 7], [2, 5, 6, 9], [1, 2, 6, 19], [6, 10, 16, 17], [0, 1, 7, 11], [3, 4, 9, 13], [0, 1, 2, 14], [0, 3, 5, 9], [9, 12, 14, 15], [1, 6, 7, 10], [3, 5, 6, 13], [1, 4, 5, 11], [0, 1, 7, 15], [0, 1, 3, 4], [5, 8, 13, 19], [2, 8, 9, 14], [3, 4, 5, 9], [2, 4, 12, 17], [0, 4, 9, 11], [0, 4, 5, 11], [0, 1, 10, 11], [0, 11, 12, 13], [4, 8, 10, 11], [0, 1, 3, 5], [0, 1, 3, 5], [2, 3, 10, 22], [0, 3, 4, 5], [2, 3, 4, 6], [0, 1, 3, 5], [1, 2, 4, 9], [5, 6, 8, 12], [2, 5, 8, 9], [4, 9, 14, 16], [1, 2, 17, 19], [0, 1, 2, 3], [0, 1, 4, 5], [0, 1, 6, 7], [4, 8, 13, 16], [0, 3, 7, 11], [0, 1, 2, 3], [1, 10, 11, 14], [1, 2, 3, 8], [1, 4, 5, 6], [1, 5, 11, 12], [0, 5, 10, 15], [0, 6, 13, 15], [2, 8, 15, 18], [5, 9, 11, 14], [1, 2, 5, 11], [1, 2, 6, 7], [1, 2, 8, 9], [2, 4, 5, 7], [0, 1, 4, 5], [3, 4, 5, 11], [0, 3, 4, 9], [1, 2, 5, 8], [0, 1, 3, 4], [0, 2, 3, 5], [1, 5, 8, 14], [3, 7, 8, 10], [0, 1, 5, 8], [1, 3, 4, 8], [4, 5, 8, 11], [1, 6, 15, 16], [0, 1, 8, 9], [1, 2, 4, 6], [1, 4, 6, 14], [0, 1, 2, 4], [0, 1, 4, 6], [0, 2, 8, 10], [2, 3, 5, 7], [1, 2, 6, 7], [0, 1, 2, 3], [0, 1, 3, 5], [0, 1, 2, 16], [0, 3, 5, 6], [0, 1, 6, 9], [1, 3, 6, 7], [1, 3, 5, 6], [0, 1, 3, 9], [3, 4, 7, 8], [1, 4, 5, 6], [3, 5, 12, 13], [1, 9, 10, 14], [0, 1, 2, 3], [2, 4, 5, 19], [2, 3, 6, 7], [2, 4, 7, 8], [5, 6, 11, 13], [2, 3, 4, 6], [0, 2, 3, 6], [0, 1, 3, 6], [0, 1, 3, 5], [0, 2, 3, 10], [0, 1, 5, 7], [0, 2, 5, 6], [2, 3, 4, 5], [0, 1, 2, 10], [2, 3, 4, 6], [1, 2, 4, 7], [0, 1, 3, 4], [0, 6, 7, 8], [10, 11, 12, 14], [3, 9, 13, 15], [1, 7, 9, 10], [0, 1, 3, 5], [0, 4, 5, 6], [4, 5, 6, 7], [0, 1, 6, 7], [2, 3, 4, 5], [3, 7, 8, 9], [0, 1, 3, 8], [0, 1, 2, 4], [1, 2, 4, 12], [0, 1, 2, 3], [12, 14, 15, 17], [0, 1, 2, 13], [13, 15, 16, 25], [1, 5, 6, 7], [0, 2, 3, 5], [1, 6, 7, 8], [2, 5, 6, 16], [1, 3, 5, 24], [2, 3, 6, 7], [0, 1, 2, 3], [0, 1, 3, 4], [1, 6, 13, 19], [1, 5, 11, 12], [2, 8, 9, 24], [0, 1, 2, 3], [1, 2, 18, 21], [4, 7, 11, 12], [0, 1, 2, 11], [0, 1, 5, 6], [1, 2, 11, 12], [0, 1, 2, 6], [2, 4, 5, 7], [1, 2, 4, 5], [1, 4, 8, 10], [0, 1, 2, 13], [0, 1, 5, 7], [1, 2, 6, 23], [11, 13, 14, 17], [0, 1, 2, 12], [2, 7, 8, 11], [2, 12, 13, 19], [0, 1, 3, 12], [3, 4, 5, 8], [0, 2, 3, 10], [0, 1, 5, 6], [0, 4, 5, 8], [1, 2, 3, 10], [3, 9, 13, 14], [2, 3, 5, 7], [1, 20, 23, 24], [1, 2, 4, 9], [0, 1, 2, 3], [2, 4, 6, 9], [1, 2, 3, 5], [0, 2, 3, 4], [2, 3, 4, 5], [0, 3, 4, 5], [2, 3, 4, 7], [2, 4, 9, 11], [0, 1, 14, 15], [0, 1, 2, 5], [0, 2, 6, 9], [1, 2, 3, 7], [1, 7, 9, 21], [1, 4, 5, 15], [0, 1, 2, 4], [19, 21, 22, 24], [0, 1, 4, 6], [1, 3, 4, 6], [2, 5, 8, 10], [2, 5, 7, 8], [1, 3, 5, 6], [1, 2, 3, 9], [1, 2, 3, 4], [1, 2, 4, 8], [0, 1, 9, 16], [0, 1, 2, 3], [2, 3, 4, 8], [2, 4, 5, 7], [1, 4, 5, 6], [1, 2, 3, 9], [1, 3, 5, 8], [5, 10, 11, 12], [0, 1, 2, 5], [1, 2, 7, 8], [1, 2, 3, 5], [0, 1, 2, 5], [0, 1, 2, 4], [0, 1, 4, 11], [2, 9, 14, 17], [1, 3, 4, 6], [0, 1, 3, 7], [0, 3, 4, 7], [0, 3, 4, 7], [0, 1, 3, 4], [0, 1, 2, 3], [0, 3, 4, 5], [5, 7, 8, 9], [2, 3, 4, 11], [0, 1, 5, 6], [1, 2, 5, 19], [1, 2, 5, 6], [0, 8, 9, 10], [0, 2, 3, 5], [0, 2, 3, 5], [0, 2, 3, 5], [3, 4, 5, 14], [0, 1, 2, 4], [0, 1, 3, 5], [3, 7, 13, 16], [0, 1, 3, 4], [1, 2, 3, 7], [4, 6, 7, 8], [1, 4, 5, 7], [3, 4, 5, 10], [0, 1, 5, 6], [1, 2, 4, 5], [0, 1, 2, 3], [4, 6, 10, 16], [3, 6, 8, 9], [0, 1, 2, 3], [2, 4, 7, 13], [1, 5, 8, 10], [0, 3, 4, 5], [0, 2, 5, 6], [2, 5, 7, 8], [3, 4, 5, 10], [1, 2, 3, 4], [1, 3, 5, 10], [2, 8, 9, 11], [0, 1, 2, 3], [0, 1, 2, 4], [1, 4, 16, 18], [2, 4, 6, 7], [0, 1, 3, 4], [1, 2, 4, 5], [0, 1, 7, 11], [0, 1, 2, 5], [1, 2, 7, 8], [0, 1, 7, 11], [1, 3, 4, 6], [1, 3, 4, 5], [0, 1, 10, 12], [1, 2, 3, 6], [0, 4, 5, 8], [12, 14, 16, 17], [0, 3, 4, 5], [0, 1, 2, 7], [2, 3, 6, 7], [1, 7, 8, 10], [0, 2, 4, 5], [0, 1, 2, 3], [2, 3, 8, 13], [0, 1, 2, 3], [0, 1, 6, 8], [0, 1, 2, 3], [2, 3, 4, 7], [2, 3, 5, 6], [0, 1, 2, 6], [0, 1, 2, 22], [0, 3, 4, 11], [2, 3, 4, 14], [0, 3, 5, 6], [0, 1, 3, 5], [1, 3, 4, 5], [1, 3, 4, 7], [1, 3, 5, 8], [2, 4, 8, 9], [1, 4, 5, 6], [0, 1, 3, 6], [7, 8, 9, 12], [0, 1, 2, 5], [1, 2, 3, 4], [2, 3, 4, 5], [0, 2, 3, 5], [1, 2, 3, 5], [0, 1, 3, 4], [0, 1, 4, 11], [0, 1, 4, 5], [0, 1, 2, 8], [0, 2, 6, 7]]",4,0.8415331840515137,128,learned,0.5,18560,4.0,124,0.8799053430557251,71,88 0 8 104,9277,0.6508268117904663,test,top_r_mean,0.0,0.5,0.5,0.625
0.013797563867629621,1.0,290,1.0,31,223.87939994223416,qasper,0.05333333333333334,0.5,0.02666666666666667,0.0,1912.13337:e97186c51d4af490dba6faaf833d269c8256426c,mean,0.720844767927455,0.0075057512149214745,"[[0, 3, 6, 8, 10, 11, 12, 28], [1, 2, 3, 6, 7, 11, 13, 20], [7, 8, 9, 13, 14, 15, 16, 28], [1, 4, 8, 19, 20, 22, 25, 26], [1, 2, 4, 7, 15, 19, 22, 25], [2, 5, 6, 9, 10, 12, 25, 27], [1, 2, 6, 10, 25, 26, 28, 30], [6, 10, 16, 17, 19, 28, 29, 31], [0, 1, 7, 11, 15, 21, 25, 29], [3, 4, 9, 13, 14, 24, 26, 30], [0, 1, 2, 14, 17, 22, 24, 26], [0, 3, 5, 9, 11, 17, 23, 25], [9, 12, 15, 16, 17, 20, 23, 25], [1, 6, 7, 10, 19, 20, 29, 30], [3, 6, 13, 17, 20, 23, 29, 30], [1, 4, 11, 20, 22, 24, 27, 28], [0, 1, 7, 15, 23, 25, 26, 30], [0, 1, 3, 4, 27, 28, 29, 31], [5, 7, 8, 13, 19, 22, 26, 28], [2, 8, 9, 14, 17, 24, 26, 28], [3, 4, 5, 9, 10, 13, 22, 27], [1, 2, 4, 12, 18, 21, 25, 28], [0, 4, 6, 9, 11, 17, 23, 30], [0, 4, 5, 11, 12, 17, 20, 25], [0, 1, 10, 11, 20, 21, 22, 27], [0, 11, 12, 13, 19, 27, 29, 30], [4, 8, 10, 11, 16, 18, 24, 28], [0, 1, 3, 5, 15, 16, 24, 28], [0, 1, 3, 5, 6, 10, 17, 31], [2, 3, 10, 21, 22, 24, 25, 27], [0, 3, 4, 5, 7, 10, 15, 18], [1, 2, 3, 4, 6, 9, 14, 28], [0, 1, 3, 5, 6, 11, 19, 20], [1, 2, 4, 9, 10, 14, 16, 30], [5, 6, 8, 12, 13, 19, 20, 31], [2, 5, 8, 9, 10, 11, 20, 29], [4, 9, 14, 16, 25, 26, 29, 30], [1, 2, 17, 19, 21, 23, 24, 26], [0, 1, 3, 4, 7, 12, 30, 31], [0, 1, 4, 5, 20, 22, 24, 31], [0, 1, 6, 7, 18, 22, 29, 31], [4, 8, 13, 16, 18, 27, 28, 31], [0, 3, 6, 7, 11, 13, 22, 28], [0, 1, 2, 3, 6, 10, 29, 30], [1, 9, 10, 11, 14, 15, 25, 28], [1, 2, 3, 7, 8, 17, 18, 31], [1, 4, 5, 6, 8, 16, 20, 22], [1, 5, 8, 11, 12, 13, 18, 21], [0, 1, 5, 15, 18, 21, 23, 27], [0, 7, 13, 14, 15, 22, 25, 31], [2, 8, 15, 18, 21, 24, 28, 29], [5, 9, 11, 14, 17, 26, 29, 31], [2, 4, 5, 7, 11, 16, 20, 30], [2, 6, 7, 12, 13, 20, 25, 26], [1, 2, 4, 8, 9, 11, 21, 23], [2, 4, 5, 7, 8, 10, 19, 31], [0, 1, 4, 5, 7, 16, 18, 20], [3, 5, 8, 9, 11, 13, 14, 16], [0, 3, 4, 9, 10, 14, 17, 18], [1, 2, 5, 8, 9, 10, 14, 21], [0, 1, 3, 4, 7, 12, 16, 18], [0, 2, 3, 5, 10, 11, 13, 19], [1, 5, 8, 14, 17, 18, 19, 29], [3, 7, 8, 10, 21, 22, 25, 30], [0, 1, 5, 8, 13, 18, 23, 28], [1, 3, 4, 8, 9, 11, 12, 22], [4, 8, 11, 12, 14, 15, 22, 28], [1, 6, 15, 16, 21, 24, 27, 31], [0, 1, 8, 9, 12, 20, 29, 31], [1, 2, 4, 6, 10, 12, 17, 23], [1, 3, 4, 6, 14, 24, 26, 29], [0, 1, 2, 4, 5, 6, 10, 11], [0, 1, 4, 6, 8, 13, 16, 25], [0, 2, 8, 9, 10, 14, 16, 20], [2, 3, 5, 7, 14, 18, 19, 27], [1, 2, 7, 8, 10, 11, 19, 31], [0, 1, 2, 3, 7, 12, 14, 21], [0, 1, 3, 13, 16, 21, 23, 30], [0, 1, 2, 16, 19, 25, 28, 29], [0, 3, 5, 6, 10, 15, 28, 29], [0, 1, 3, 6, 7, 9, 10, 12], [1, 3, 6, 7, 10, 14, 24, 29], [1, 2, 3, 5, 6, 10, 13, 25], [0, 1, 3, 10, 12, 13, 18, 26], [3, 4, 7, 8, 16, 17, 18, 28], [1, 4, 5, 6, 9, 21, 25, 26], [3, 5, 12, 13, 19, 25, 29, 30], [1, 9, 10, 11, 13, 14, 15, 18], [0, 1, 2, 3, 4, 9, 10, 13], [2, 4, 5, 18, 19, 20, 21, 22], [2, 3, 6, 7, 8, 11, 16, 25], [2, 7, 8, 11, 24, 25, 28, 31], [5, 6, 9, 11, 13, 16, 25, 31], [2, 3, 4, 6, 7, 10, 11, 18], [0, 2, 3, 6, 13, 15, 20, 23], [0, 1, 3, 6, 14, 18, 20, 22], [0, 1, 3, 5, 6, 13, 27, 28], [0, 2, 3, 7, 10, 13, 15, 20], [0, 1, 5, 8, 14, 19, 20, 21], [0, 2, 5, 6, 8, 14, 18, 19], [2, 3, 4, 5, 9, 12, 15, 16], [0, 1, 2, 10, 16, 17, 24, 27], [1, 2, 3, 4, 6, 8, 14, 17], [1, 2, 4, 7, 8, 12, 15, 20], [0, 1, 3, 4, 5, 9, 11, 27], [0, 6, 7, 8, 9, 10, 20, 23], [10, 11, 12, 14, 16, 18, 21, 22], [3, 8, 9, 13, 15, 17, 18, 26], [1, 7, 9, 10, 13, 20, 24, 28], [0, 1, 3, 5, 9, 15, 19, 23], [0, 4, 5, 6, 12, 15, 16, 26], [4, 5, 6, 7, 9, 11, 12, 17], [0, 1, 6, 7, 12, 15, 16, 30], [2, 3, 4, 5, 7, 8, 15, 31], [3, 4, 7, 8, 9, 10, 11, 24], [0, 1, 3, 8, 13, 14, 21, 22], [0, 1, 2, 4, 7, 11, 12, 14], [1, 4, 6, 12, 13, 17, 18, 23], [0, 1, 2, 3, 4, 6, 9, 12], [12, 14, 15, 18, 20, 22, 27, 29], [0, 1, 2, 3, 13, 16, 18, 20], [13, 15, 16, 17, 25, 28, 29, 30], [1, 3, 5, 6, 7, 11, 14, 16], [0, 2, 3, 5, 7, 9, 17, 29], [1, 2, 6, 7, 8, 9, 12, 13], [2, 3, 5, 6, 18, 27, 30, 31], [1, 3, 5, 24, 26, 28, 30, 31], [1, 2, 6, 7, 8, 11, 18, 22], [0, 1, 2, 3, 7, 8, 17, 28], [0, 1, 3, 4, 9, 13, 21, 28], [0, 1, 6, 8, 13, 20, 24, 30], [1, 4, 5, 11, 12, 14, 15, 21], [2, 5, 8, 9, 24, 25, 27, 31], [0, 1, 2, 3, 4, 23, 29, 30], [1, 2, 18, 21, 24, 26, 27, 28], [0, 4, 11, 12, 14, 22, 25, 31], [0, 1, 9, 11, 16, 20, 27, 29], [0, 1, 5, 6, 17, 20, 25, 26], [1, 2, 8, 11, 12, 14, 17, 26], [0, 1, 2, 6, 8, 10, 13, 26], [2, 4, 5, 7, 8, 9, 12, 16], [1, 2, 4, 5, 6, 8, 9, 26], [1, 4, 6, 8, 10, 19, 28, 31], [0, 1, 2, 13, 15, 22, 24, 27], [0, 1, 5, 7, 9, 15, 21, 29], [0, 1, 2, 6, 23, 25, 27, 28], [11, 13, 14, 17, 18, 23, 24, 31], [0, 2, 12, 13, 14, 16, 27, 31], [2, 7, 8, 11, 12, 13, 22, 23], [2, 12, 13, 19, 27, 29, 30, 31], [0, 1, 3, 12, 28, 29, 30, 31], [3, 4, 5, 8, 11, 12, 23, 26], [0, 1, 3, 10, 11, 25, 26, 27], [1, 4, 5, 6, 7, 9, 28, 30], [0, 1, 4, 5, 7, 10, 13, 14], [0, 1, 2, 3, 6, 10, 19, 24], [3, 9, 13, 14, 15, 26, 28, 30], [2, 3, 5, 7, 8, 16, 17, 25], [1, 20, 23, 24, 25, 26, 29, 30], [1, 2, 9, 10, 14, 27, 28, 29], [0, 1, 2, 3, 7, 16, 22, 26], [2, 4, 6, 9, 12, 15, 21, 26], [1, 2, 3, 5, 8, 12, 19, 22], [0, 2, 3, 4, 6, 8, 11, 28], [2, 3, 4, 5, 7, 18, 30, 31], [0, 3, 4, 5, 6, 7, 8, 18], [2, 4, 7, 8, 15, 20, 21, 30], [2, 4, 9, 11, 19, 23, 25, 26], [0, 1, 14, 16, 22, 24, 28, 30], [0, 1, 2, 4, 5, 20, 21, 26], [0, 2, 6, 12, 15, 19, 20, 30], [1, 2, 3, 5, 7, 8, 15, 17], [1, 9, 21, 22, 25, 28, 29, 31], [1, 4, 5, 14, 15, 16, 24, 25], [0, 1, 2, 4, 5, 7, 10, 30], [19, 21, 22, 24, 25, 26, 29, 31], [0, 1, 4, 6, 8, 10, 17, 19], [1, 3, 4, 8, 9, 15, 23, 25], [2, 5, 7, 8, 13, 18, 21, 24], [2, 5, 6, 7, 8, 15, 25, 29], [1, 3, 4, 5, 6, 17, 18, 28], [1, 2, 3, 9, 10, 18, 20, 21], [1, 2, 3, 4, 6, 7, 17, 31], [1, 2, 4, 8, 9, 12, 24, 27], [0, 1, 2, 11, 16, 17, 21, 22], [0, 1, 2, 3, 9, 14, 17, 26], [0, 2, 3, 4, 8, 9, 17, 25], [2, 4, 5, 7, 10, 11, 15, 16], [1, 4, 5, 6, 8, 10, 13, 31], [1, 2, 3, 9, 10, 19, 22, 26], [1, 3, 5, 8, 11, 14, 23, 29], [4, 5, 10, 11, 12, 16, 30, 31], [0, 1, 2, 5, 10, 11, 19, 29], [1, 2, 7, 8, 11, 13, 14, 27], [0, 1, 2, 3, 5, 10, 11, 14], [0, 1, 2, 5, 6, 7, 15, 19], [0, 1, 2, 4, 6, 18, 19, 29], [0, 1, 4, 11, 12, 15, 17, 18], [2, 4, 8, 9, 17, 23, 24, 26], [1, 3, 4, 6, 7, 9, 10, 11], [0, 1, 3, 7, 12, 13, 27, 30], [0, 1, 3, 4, 7, 20, 21, 24], [0, 3, 4, 7, 8, 11, 13, 25], [0, 1, 3, 4, 6, 7, 8, 13], [0, 1, 2, 3, 6, 7, 8, 30], [0, 3, 4, 5, 7, 8, 21, 24], [5, 7, 8, 9, 19, 22, 25, 31], [2, 3, 4, 8, 11, 14, 23, 25], [0, 1, 5, 6, 9, 11, 25, 27], [1, 2, 5, 13, 19, 25, 28, 29], [1, 2, 5, 6, 10, 11, 15, 16], [0, 6, 8, 9, 10, 17, 22, 23], [0, 2, 3, 5, 8, 16, 23, 28], [0, 2, 3, 6, 7, 9, 10, 21], [0, 2, 3, 5, 8, 10, 15, 19], [3, 5, 13, 14, 17, 18, 21, 29], [0, 1, 2, 4, 6, 9, 14, 26], [0, 1, 2, 3, 5, 8, 21, 29], [3, 7, 13, 16, 17, 19, 20, 27], [0, 1, 3, 4, 5, 6, 11, 18], [2, 3, 7, 9, 13, 18, 23, 28], [4, 6, 7, 8, 9, 14, 16, 21], [1, 4, 5, 7, 8, 17, 20, 23], [3, 4, 5, 10, 11, 16, 17, 22], [0, 1, 5, 6, 11, 18, 25, 28], [0, 1, 2, 4, 5, 6, 8, 16], [1, 2, 3, 10, 11, 16, 24, 26], [4, 6, 9, 16, 21, 22, 23, 31], [3, 5, 6, 8, 9, 10, 11, 15], [0, 1, 2, 3, 6, 8, 16, 29], [2, 4, 7, 13, 18, 21, 22, 28], [1, 5, 8, 10, 13, 22, 25, 28], [0, 1, 3, 4, 5, 11, 17, 29], [0, 2, 5, 6, 7, 21, 22, 28], [2, 5, 7, 8, 12, 16, 19, 26], [3, 4, 5, 10, 16, 26, 29, 30], [1, 2, 3, 4, 8, 9, 12, 13], [1, 2, 3, 10, 14, 17, 20, 31], [2, 9, 11, 13, 17, 24, 25, 27], [0, 1, 2, 3, 6, 7, 10, 19], [0, 1, 2, 4, 6, 13, 18, 25], [1, 4, 16, 18, 22, 25, 26, 29], [2, 3, 4, 6, 7, 8, 9, 22], [0, 1, 3, 4, 5, 11, 14, 15], [1, 2, 4, 5, 7, 9, 20, 27], [0, 1, 7, 8, 11, 22, 23, 24], [0, 1, 2, 5, 11, 12, 15, 31], [1, 2, 7, 8, 11, 14, 19, 26], [0, 1, 11, 17, 20, 21, 22, 28], [1, 3, 4, 6, 7, 9, 11, 25], [1, 3, 4, 5, 12, 14, 21, 22], [0, 10, 12, 17, 20, 22, 24, 26], [1, 2, 3, 6, 14, 16, 19, 24], [0, 4, 5, 8, 9, 10, 16, 18], [10, 12, 16, 17, 20, 27, 28, 29], [0, 3, 4, 5, 9, 16, 17, 22], [0, 1, 2, 7, 11, 14, 17, 22], [0, 2, 3, 6, 7, 10, 12, 15], [1, 4, 7, 8, 10, 14, 27, 29], [0, 2, 4, 5, 7, 10, 13, 20], [0, 1, 2, 3, 4, 5, 15, 21], [2, 3, 13, 14, 15, 16, 20, 31], [0, 1, 6, 7, 12, 15, 22, 30], [0, 1, 6, 8, 23, 28, 30, 31], [0, 1, 2, 3, 5, 8, 12, 26], [2, 3, 4, 7, 8, 9, 17, 22], [2, 3, 5, 6, 11, 12, 22, 25], [0, 1, 2, 3, 6, 7, 10, 21], [0, 1, 2, 9, 22, 25, 26, 27], [0, 3, 4, 11, 13, 26, 29, 30], [2, 3, 4, 14, 15, 16, 20, 25], [0, 3, 5, 6, 7, 10, 12, 27], [0, 1, 3, 5, 9, 10, 13, 17], [1, 3, 4, 5, 6, 22, 27, 31], [1, 3, 4, 7, 9, 10, 14, 27], [1, 3, 5, 8, 9, 16, 19, 22], [2, 4, 8, 9, 15, 16, 29, 30], [1, 4, 5, 6, 9, 12, 25, 27], [0, 3, 6, 7, 10, 11, 12, 25], [8, 9, 12, 14, 17, 19, 20, 24], [0, 1, 2, 5, 7, 9, 12, 29], [1, 2, 3, 4, 5, 6, 11, 29], [2, 3, 4, 5, 6, 8, 25, 27], [0, 3, 5, 9, 11, 15, 16, 26], [1, 3, 5, 10, 15, 20, 24, 28], [0, 1, 3, 4, 6, 7, 24, 27], [0, 1, 3, 4, 11, 12, 15, 16], [0, 1, 4, 5, 6, 11, 16, 30], [0, 1, 2, 8, 16, 17, 26, 29], [0, 2, 6, 7, 10, 14, 21, 28]]",8,0.3875507712364197,128,learned,0.5,37120,4.0,124,0.40433239936828613,11,88 8 0 272,9277,0.8856284022331238,test,top_r_mean,0.0,0.0,0.5,0.5
0.013797563867629621,1.0,290,1.0,31,230.9896000660956,qasper,0.05333333333333334,0.5,0.02666666666666667,0.0,1912.13337:e97186c51d4af490dba6faaf833d269c8256426c,mean,0.6923517480014318,0.008764117956161499,"[[0, 3, 6, 8, 10, 11, 12, 28], [1, 2, 3, 5, 6, 7, 11, 20], [7, 8, 9, 13, 14, 15, 16, 28], [0, 1, 4, 8, 19, 20, 22, 26], [1, 2, 4, 7, 15, 19, 22, 25], [2, 5, 6, 9, 10, 12, 25, 26], [1, 2, 6, 10, 25, 26, 28, 30], [6, 10, 16, 17, 19, 28, 29, 31], [0, 1, 7, 9, 11, 15, 21, 29], [3, 4, 6, 9, 13, 14, 26, 30], [0, 1, 2, 7, 8, 17, 22, 24], [0, 3, 4, 5, 9, 11, 17, 25], [9, 12, 14, 15, 16, 17, 20, 25], [1, 6, 7, 10, 20, 28, 29, 30], [3, 6, 7, 13, 17, 20, 23, 30], [1, 4, 5, 6, 11, 20, 22, 24], [0, 1, 7, 15, 23, 25, 26, 30], [0, 1, 3, 4, 27, 28, 29, 31], [5, 7, 8, 19, 22, 26, 28, 29], [2, 3, 8, 9, 14, 17, 26, 28], [3, 4, 5, 8, 9, 13, 22, 27], [2, 4, 8, 12, 18, 21, 25, 28], [0, 4, 9, 11, 17, 21, 23, 30], [0, 4, 5, 11, 12, 17, 20, 25], [0, 1, 10, 11, 20, 21, 22, 24], [0, 5, 8, 11, 12, 13, 19, 30], [4, 6, 8, 10, 11, 16, 24, 28], [0, 1, 2, 3, 5, 24, 28, 31], [0, 1, 3, 5, 6, 10, 17, 29], [2, 3, 10, 22, 24, 25, 27, 31], [0, 3, 4, 5, 7, 8, 15, 18], [2, 3, 4, 6, 8, 9, 14, 28], [0, 1, 3, 6, 11, 19, 20, 23], [1, 2, 4, 8, 9, 10, 14, 30], [5, 6, 8, 12, 13, 19, 26, 31], [2, 8, 9, 10, 11, 20, 29, 30], [6, 9, 14, 16, 25, 26, 29, 30], [1, 2, 19, 21, 22, 23, 24, 26], [0, 1, 3, 4, 7, 21, 30, 31], [0, 1, 4, 5, 10, 22, 24, 31], [0, 1, 6, 7, 14, 18, 29, 31], [4, 8, 13, 16, 18, 27, 28, 31], [0, 3, 6, 7, 11, 13, 22, 28], [0, 1, 2, 3, 5, 6, 10, 30], [1, 10, 11, 14, 15, 25, 27, 28], [1, 2, 3, 8, 10, 18, 28, 31], [1, 4, 5, 6, 8, 16, 20, 22], [1, 3, 5, 11, 12, 13, 18, 21], [0, 1, 4, 5, 10, 15, 18, 27], [0, 13, 14, 15, 20, 21, 22, 31], [1, 2, 8, 15, 18, 20, 24, 28], [5, 9, 11, 14, 22, 26, 29, 31], [1, 2, 5, 7, 11, 16, 28, 30], [1, 2, 6, 7, 12, 13, 20, 25], [1, 2, 6, 8, 9, 11, 22, 23], [2, 4, 5, 7, 8, 10, 19, 31], [0, 1, 3, 4, 5, 7, 16, 18], [1, 3, 4, 5, 13, 14, 16, 25], [0, 3, 4, 9, 10, 14, 17, 18], [1, 2, 5, 8, 9, 10, 14, 26], [0, 1, 3, 4, 7, 11, 12, 16], [0, 2, 3, 5, 10, 11, 13, 19], [1, 5, 8, 14, 17, 18, 19, 29], [2, 3, 7, 8, 21, 22, 25, 30], [0, 1, 5, 8, 13, 18, 24, 28], [1, 3, 4, 8, 9, 11, 12, 22], [4, 5, 8, 11, 12, 14, 15, 28], [3, 6, 11, 15, 21, 24, 27, 31], [0, 1, 8, 9, 12, 20, 29, 31], [1, 2, 4, 6, 10, 11, 12, 17], [1, 3, 4, 6, 14, 24, 29, 31], [0, 1, 2, 4, 5, 6, 10, 11], [0, 1, 4, 6, 8, 13, 16, 25], [0, 2, 8, 10, 14, 16, 17, 20], [2, 3, 5, 7, 14, 18, 19, 27], [1, 2, 6, 7, 8, 10, 19, 31], [0, 1, 2, 3, 7, 12, 14, 21], [0, 1, 5, 8, 16, 21, 23, 30], [0, 1, 2, 16, 19, 25, 28, 29], [0, 3, 6, 10, 15, 20, 28, 29], [0, 1, 3, 6, 9, 10, 11, 14], [1, 3, 6, 7, 10, 14, 19, 29], [1, 3, 5, 6, 8, 10, 13, 25], [0, 1, 3, 10, 12, 13, 18, 26], [3, 4, 7, 8, 16, 17, 18, 28], [1, 4, 5, 6, 9, 21, 26, 28], [3, 5, 12, 13, 14, 19, 29, 30], [1, 9, 10, 13, 14, 15, 18, 30], [0, 1, 2, 3, 4, 10, 12, 13], [2, 4, 5, 7, 19, 20, 21, 29], [2, 3, 6, 7, 8, 11, 16, 25], [2, 4, 7, 8, 11, 25, 28, 31], [0, 5, 6, 7, 11, 13, 16, 22], [2, 3, 4, 6, 7, 10, 11, 18], [0, 2, 3, 6, 13, 20, 23, 26], [0, 1, 3, 5, 6, 14, 18, 20], [0, 1, 3, 6, 18, 27, 28, 30], [0, 2, 3, 10, 12, 13, 15, 20], [0, 1, 5, 7, 8, 19, 20, 21], [0, 2, 5, 6, 8, 14, 15, 18], [2, 3, 4, 5, 9, 11, 12, 16], [0, 1, 2, 10, 16, 17, 24, 27], [1, 2, 3, 4, 6, 8, 14, 16], [1, 2, 4, 7, 8, 12, 15, 25], [0, 1, 3, 4, 5, 9, 16, 27], [0, 6, 7, 8, 9, 10, 20, 22], [10, 11, 12, 14, 16, 18, 21, 22], [3, 9, 13, 17, 18, 26, 27, 28], [1, 7, 9, 10, 13, 24, 27, 28], [0, 1, 3, 5, 9, 15, 19, 30], [0, 4, 5, 6, 12, 15, 16, 26], [4, 5, 6, 7, 9, 11, 17, 28], [0, 1, 6, 7, 14, 15, 16, 30], [2, 3, 4, 5, 7, 26, 28, 31], [3, 4, 7, 8, 9, 10, 11, 24], [0, 1, 3, 8, 14, 20, 21, 22], [0, 1, 2, 4, 7, 11, 12, 14], [1, 2, 4, 12, 13, 17, 20, 23], [0, 1, 3, 4, 6, 9, 12, 16], [12, 14, 15, 17, 18, 20, 27, 29], [0, 1, 2, 3, 13, 15, 16, 20], [13, 15, 16, 18, 25, 26, 28, 30], [1, 5, 6, 7, 9, 11, 14, 20], [0, 2, 3, 5, 7, 16, 17, 29], [1, 4, 6, 7, 8, 11, 12, 13], [2, 3, 5, 6, 16, 18, 23, 27], [1, 3, 5, 24, 26, 28, 30, 31], [2, 3, 6, 7, 8, 11, 18, 22], [0, 1, 2, 3, 7, 8, 17, 28], [0, 1, 3, 4, 6, 21, 28, 31], [1, 6, 13, 20, 24, 29, 30, 31], [2, 3, 5, 10, 11, 12, 15, 21], [2, 8, 9, 10, 24, 25, 27, 31], [0, 1, 2, 3, 4, 23, 29, 30], [1, 2, 18, 21, 24, 26, 27, 28], [0, 4, 7, 11, 12, 15, 22, 31], [0, 1, 9, 11, 19, 20, 27, 29], [0, 1, 5, 6, 17, 20, 25, 27], [1, 2, 11, 12, 14, 17, 23, 26], [0, 1, 2, 3, 6, 8, 12, 26], [2, 4, 5, 7, 8, 9, 11, 16], [1, 4, 5, 6, 7, 8, 9, 26], [1, 4, 6, 8, 10, 11, 28, 31], [0, 1, 2, 13, 15, 22, 27, 31], [0, 1, 7, 9, 15, 20, 21, 29], [1, 2, 6, 9, 23, 25, 27, 28], [10, 11, 13, 14, 17, 18, 24, 31], [0, 1, 2, 12, 13, 14, 16, 27], [2, 6, 7, 8, 11, 12, 13, 22], [2, 12, 13, 19, 27, 29, 30, 31], [0, 1, 3, 4, 22, 29, 30, 31], [3, 4, 5, 7, 8, 11, 12, 23], [0, 1, 2, 3, 10, 11, 25, 26], [0, 1, 5, 6, 7, 9, 15, 30], [0, 1, 4, 5, 8, 10, 13, 14], [1, 2, 3, 6, 19, 24, 26, 30], [3, 9, 13, 14, 15, 26, 28, 30], [2, 3, 5, 6, 7, 16, 17, 25], [1, 20, 23, 24, 25, 26, 29, 30], [1, 2, 8, 9, 10, 14, 28, 29], [0, 1, 2, 3, 7, 19, 22, 26], [2, 4, 6, 9, 12, 15, 21, 26], [1, 2, 3, 5, 8, 18, 19, 22], [0, 2, 3, 4, 6, 8, 11, 23], [2, 3, 4, 5, 7, 8, 12, 30], [0, 3, 4, 5, 6, 7, 8, 18], [3, 4, 7, 8, 15, 20, 21, 30], [0, 2, 4, 9, 11, 19, 21, 23], [0, 1, 14, 15, 22, 23, 24, 30], [0, 1, 2, 5, 19, 20, 21, 26], [2, 4, 6, 9, 15, 19, 28, 30], [1, 2, 3, 4, 5, 7, 8, 15], [1, 7, 9, 21, 25, 28, 29, 31], [0, 1, 4, 5, 15, 16, 24, 25], [0, 1, 2, 4, 5, 6, 7, 30], [19, 21, 22, 24, 25, 26, 29, 31], [0, 1, 4, 6, 8, 16, 17, 19], [1, 2, 3, 4, 6, 15, 23, 25], [2, 5, 7, 8, 10, 13, 18, 24], [5, 7, 8, 10, 15, 16, 25, 29], [1, 4, 5, 6, 11, 17, 18, 28], [1, 2, 3, 9, 10, 18, 20, 21], [1, 2, 3, 4, 6, 7, 17, 31], [1, 2, 4, 8, 9, 12, 24, 27], [0, 1, 2, 11, 17, 21, 22, 31], [0, 1, 2, 3, 9, 14, 17, 26], [2, 3, 4, 8, 9, 17, 25, 30], [2, 4, 5, 7, 10, 11, 15, 16], [1, 4, 5, 6, 8, 10, 13, 21], [1, 2, 3, 9, 10, 19, 22, 26], [1, 3, 5, 8, 13, 14, 23, 29], [5, 10, 11, 12, 16, 29, 30, 31], [0, 1, 2, 5, 9, 11, 19, 29], [1, 2, 6, 7, 8, 11, 13, 14], [1, 2, 3, 5, 10, 11, 14, 16], [0, 1, 2, 5, 6, 7, 15, 19], [0, 1, 2, 4, 6, 10, 18, 19], [0, 1, 4, 11, 12, 15, 17, 18], [2, 8, 9, 14, 17, 20, 24, 26], [1, 3, 4, 6, 7, 10, 11, 23], [0, 1, 3, 7, 12, 13, 27, 30], [0, 1, 3, 4, 7, 10, 20, 24], [0, 2, 4, 7, 8, 11, 13, 25], [0, 1, 3, 4, 6, 7, 8, 13], [0, 1, 2, 3, 6, 7, 8, 30], [0, 3, 4, 5, 7, 8, 21, 24], [5, 7, 8, 9, 19, 22, 25, 31], [2, 3, 4, 8, 11, 14, 23, 25], [0, 1, 5, 6, 9, 11, 25, 27], [1, 2, 5, 19, 25, 28, 29, 31], [1, 2, 5, 6, 10, 11, 16, 29], [0, 8, 9, 10, 17, 22, 23, 29], [0, 3, 5, 6, 8, 16, 23, 28], [0, 2, 3, 5, 6, 7, 9, 10], [0, 2, 3, 5, 8, 10, 15, 16], [3, 4, 5, 14, 17, 21, 26, 29], [0, 1, 2, 3, 4, 6, 14, 15], [0, 1, 3, 5, 8, 21, 29, 31], [3, 7, 13, 16, 17, 19, 20, 27], [0, 1, 3, 4, 5, 6, 9, 18], [0, 2, 3, 7, 9, 13, 23, 28], [4, 6, 7, 8, 9, 14, 16, 21], [0, 1, 4, 5, 7, 8, 17, 20], [0, 1, 3, 4, 5, 10, 16, 22], [0, 1, 3, 5, 6, 11, 15, 18], [0, 1, 2, 4, 5, 6, 8, 28], [1, 2, 3, 5, 10, 11, 20, 24], [4, 9, 10, 16, 21, 22, 23, 31], [0, 3, 5, 6, 9, 10, 11, 29], [0, 1, 2, 3, 6, 8, 16, 26], [2, 3, 7, 13, 18, 21, 22, 28], [1, 5, 6, 8, 10, 22, 25, 28], [0, 1, 3, 4, 5, 11, 17, 29], [0, 2, 5, 6, 7, 21, 22, 28], [2, 5, 7, 8, 12, 16, 19, 26], [3, 4, 5, 10, 16, 26, 29, 30], [1, 2, 3, 4, 8, 9, 12, 13], [1, 3, 5, 8, 10, 14, 17, 31], [8, 9, 11, 13, 17, 24, 27, 29], [0, 1, 2, 3, 6, 7, 10, 19], [0, 1, 2, 4, 6, 13, 18, 25], [1, 16, 18, 22, 26, 28, 29, 31], [0, 2, 4, 6, 7, 8, 9, 22], [0, 1, 3, 4, 5, 11, 14, 15], [1, 2, 4, 5, 7, 16, 20, 28], [0, 1, 6, 7, 8, 11, 22, 23], [0, 1, 2, 3, 11, 12, 15, 31], [1, 2, 7, 8, 9, 11, 14, 19], [0, 1, 13, 17, 21, 22, 28, 29], [1, 3, 4, 6, 7, 9, 11, 25], [1, 3, 4, 5, 12, 14, 21, 22], [0, 1, 10, 12, 20, 22, 24, 26], [1, 2, 3, 4, 6, 16, 19, 24], [0, 4, 5, 8, 9, 10, 18, 25], [10, 12, 16, 17, 20, 27, 28, 29], [0, 3, 4, 5, 9, 16, 17, 22], [0, 1, 2, 7, 11, 14, 17, 22], [0, 2, 3, 6, 7, 12, 15, 27], [1, 4, 7, 8, 10, 14, 27, 29], [0, 2, 4, 5, 7, 10, 13, 20], [0, 1, 2, 3, 4, 6, 11, 21], [2, 3, 13, 14, 15, 27, 30, 31], [0, 1, 2, 6, 7, 15, 22, 30], [0, 1, 6, 7, 8, 27, 28, 31], [0, 1, 2, 3, 5, 8, 12, 25], [2, 3, 4, 6, 7, 8, 17, 22], [2, 3, 5, 6, 11, 22, 25, 31], [0, 1, 2, 6, 7, 10, 16, 21], [0, 1, 2, 22, 24, 25, 26, 27], [0, 3, 4, 10, 11, 13, 26, 29], [2, 3, 4, 14, 15, 16, 24, 25], [0, 3, 5, 6, 7, 8, 12, 27], [0, 1, 3, 5, 9, 10, 17, 30], [1, 3, 4, 5, 6, 8, 27, 31], [0, 1, 3, 4, 7, 9, 10, 14], [1, 3, 5, 8, 9, 16, 19, 22], [2, 4, 8, 9, 15, 16, 29, 30], [1, 3, 4, 5, 6, 9, 12, 27], [0, 1, 3, 6, 10, 11, 12, 25], [1, 8, 9, 12, 14, 17, 21, 24], [0, 1, 2, 4, 5, 7, 9, 29], [1, 2, 3, 4, 5, 6, 11, 29], [2, 3, 4, 5, 6, 7, 25, 27], [0, 3, 5, 9, 10, 11, 15, 16], [1, 3, 5, 10, 15, 20, 24, 28], [0, 1, 3, 4, 7, 9, 24, 27], [0, 1, 4, 11, 12, 15, 16, 29], [0, 1, 4, 5, 6, 16, 17, 30], [0, 1, 2, 8, 16, 17, 29, 30], [0, 2, 4, 6, 10, 14, 21, 28]]",8,0.3865400552749634,128,learned,0.5,37120,4.0,124,0.40687280893325806,23,216 8 0 88,9277,0.8576421737670898,test,top_r_mean,0.0,0.0,0.5,0.75
0.013797563867629621,1.0,290,1.0,31,207.10249990224838,qasper,0.05333333333333334,0.5,0.02666666666666667,0.0,1912.13337:e97186c51d4af490dba6faaf833d269c8256426c,mean,0.6911512027491409,0.009091537445783615,"[[0, 1, 3, 6, 8, 10, 11, 12], [1, 2, 3, 6, 7, 11, 13, 20], [7, 8, 9, 13, 14, 15, 16, 28], [1, 4, 7, 8, 19, 20, 22, 26], [1, 2, 4, 7, 15, 19, 22, 25], [2, 5, 6, 9, 10, 11, 12, 25], [1, 2, 6, 10, 25, 26, 28, 30], [5, 6, 10, 16, 17, 19, 29, 31], [0, 1, 7, 11, 15, 21, 25, 29], [3, 4, 6, 9, 13, 14, 26, 30], [0, 1, 2, 7, 14, 17, 22, 24], [0, 3, 4, 5, 9, 11, 17, 25], [9, 12, 15, 16, 17, 20, 23, 25], [1, 2, 6, 7, 10, 20, 29, 30], [3, 6, 7, 13, 17, 20, 23, 30], [0, 1, 4, 5, 11, 20, 22, 24], [0, 1, 7, 15, 23, 25, 26, 30], [0, 1, 3, 4, 27, 28, 29, 31], [5, 7, 8, 13, 19, 22, 26, 28], [2, 8, 9, 10, 14, 17, 26, 28], [3, 4, 5, 9, 10, 13, 22, 27], [2, 4, 8, 12, 18, 21, 25, 28], [0, 4, 9, 11, 17, 21, 23, 30], [0, 4, 5, 11, 12, 17, 20, 25], [0, 1, 4, 10, 11, 20, 21, 22], [0, 5, 8, 11, 12, 13, 19, 30], [4, 8, 10, 11, 16, 18, 24, 28], [0, 1, 2, 3, 5, 15, 24, 28], [0, 1, 3, 5, 6, 10, 17, 31], [2, 3, 10, 21, 22, 24, 25, 27], [0, 3, 4, 5, 7, 8, 10, 15], [1, 2, 3, 4, 6, 9, 14, 28], [0, 1, 3, 6, 11, 19, 20, 23], [1, 2, 4, 9, 10, 14, 16, 30], [5, 6, 8, 12, 13, 19, 20, 31], [2, 5, 8, 9, 10, 11, 20, 29], [4, 6, 9, 14, 16, 25, 26, 30], [1, 2, 17, 19, 21, 23, 24, 26], [0, 1, 3, 4, 7, 12, 21, 30], [0, 1, 4, 5, 20, 22, 24, 31], [0, 1, 6, 7, 10, 18, 29, 31], [3, 4, 8, 13, 16, 18, 27, 31], [0, 3, 6, 7, 11, 13, 22, 28], [0, 1, 2, 3, 6, 10, 29, 30], [1, 3, 10, 11, 14, 15, 25, 28], [1, 2, 3, 7, 8, 10, 18, 31], [1, 4, 5, 6, 8, 16, 20, 22], [1, 5, 8, 11, 12, 13, 18, 21], [0, 1, 4, 5, 10, 15, 18, 27], [0, 7, 13, 14, 15, 21, 22, 31], [1, 2, 8, 15, 18, 21, 28, 29], [5, 6, 9, 11, 14, 26, 30, 31], [2, 5, 7, 11, 16, 18, 20, 30], [1, 2, 6, 7, 12, 13, 20, 25], [1, 2, 4, 8, 9, 11, 23, 25], [2, 4, 5, 7, 8, 10, 19, 31], [0, 1, 3, 4, 5, 7, 16, 18], [3, 5, 9, 11, 13, 14, 16, 27], [0, 3, 4, 9, 10, 14, 17, 18], [1, 2, 5, 8, 9, 10, 14, 21], [0, 1, 3, 4, 6, 7, 12, 16], [0, 2, 3, 5, 10, 11, 13, 19], [1, 5, 8, 13, 14, 17, 18, 19], [2, 3, 7, 8, 21, 22, 25, 30], [0, 1, 5, 8, 13, 18, 23, 28], [1, 3, 4, 8, 9, 11, 12, 22], [0, 4, 8, 11, 12, 14, 15, 28], [1, 3, 6, 15, 16, 21, 24, 27], [0, 1, 8, 9, 12, 20, 29, 31], [0, 1, 2, 4, 6, 10, 12, 17], [1, 3, 4, 6, 7, 14, 24, 29], [0, 1, 2, 4, 5, 10, 11, 19], [0, 1, 4, 6, 8, 13, 16, 25], [0, 2, 8, 10, 14, 16, 17, 20], [2, 3, 5, 7, 14, 18, 19, 27], [1, 2, 6, 7, 8, 10, 11, 19], [0, 1, 2, 3, 7, 12, 14, 21], [0, 1, 3, 5, 13, 16, 21, 23], [0, 1, 2, 16, 19, 25, 28, 29], [0, 1, 3, 6, 10, 15, 28, 29], [0, 1, 6, 7, 9, 10, 12, 14], [1, 3, 6, 7, 10, 14, 19, 29], [1, 2, 3, 5, 6, 13, 23, 25], [0, 1, 3, 9, 10, 12, 13, 18], [0, 3, 4, 7, 8, 16, 17, 18], [1, 4, 5, 6, 9, 21, 25, 26], [3, 5, 12, 13, 14, 19, 25, 30], [1, 9, 10, 11, 14, 15, 18, 30], [0, 1, 2, 3, 4, 9, 10, 13], [2, 4, 5, 7, 19, 20, 21, 22], [1, 2, 3, 7, 8, 11, 16, 25], [2, 4, 7, 8, 11, 25, 28, 31], [0, 5, 6, 9, 11, 13, 16, 31], [2, 3, 4, 6, 7, 10, 11, 18], [0, 2, 3, 6, 13, 15, 20, 23], [0, 1, 3, 6, 14, 18, 20, 22], [0, 1, 3, 5, 6, 18, 27, 28], [0, 2, 3, 10, 12, 13, 15, 20], [0, 1, 5, 7, 8, 19, 20, 21], [0, 2, 5, 6, 8, 14, 15, 18], [2, 3, 4, 5, 9, 12, 15, 16], [0, 1, 2, 10, 12, 16, 17, 27], [1, 2, 3, 4, 6, 8, 14, 17], [1, 2, 4, 5, 7, 8, 12, 15], [0, 1, 3, 4, 5, 9, 16, 27], [0, 6, 7, 8, 9, 10, 15, 20], [10, 11, 12, 14, 16, 18, 21, 22], [3, 8, 9, 12, 13, 17, 18, 26], [1, 7, 9, 10, 13, 20, 24, 28], [0, 1, 3, 4, 5, 9, 15, 19], [0, 4, 5, 6, 12, 15, 16, 26], [4, 5, 6, 7, 9, 11, 12, 17], [0, 1, 6, 7, 15, 16, 27, 30], [2, 3, 4, 5, 7, 8, 15, 28], [3, 4, 7, 8, 9, 10, 11, 24], [0, 1, 3, 8, 14, 20, 21, 22], [0, 1, 2, 4, 7, 11, 12, 14], [1, 4, 12, 13, 17, 18, 20, 23], [0, 1, 2, 3, 4, 6, 9, 12], [2, 12, 14, 15, 18, 20, 27, 29], [0, 1, 2, 3, 13, 15, 16, 20], [13, 15, 16, 18, 25, 26, 28, 30], [1, 3, 5, 6, 7, 9, 11, 14], [0, 1, 2, 3, 5, 7, 17, 29], [1, 2, 6, 7, 8, 9, 12, 13], [1, 2, 3, 5, 6, 16, 18, 27], [1, 3, 5, 24, 26, 28, 30, 31], [2, 3, 6, 7, 8, 11, 18, 22], [0, 1, 2, 3, 7, 8, 17, 28], [0, 1, 3, 4, 9, 21, 28, 31], [0, 1, 6, 8, 13, 19, 20, 30], [1, 5, 10, 11, 12, 14, 15, 21], [2, 5, 8, 9, 10, 25, 27, 31], [0, 1, 2, 3, 4, 23, 29, 30], [1, 2, 18, 21, 24, 26, 27, 28], [0, 4, 7, 11, 12, 22, 25, 31], [0, 1, 2, 9, 11, 20, 27, 29], [0, 1, 5, 6, 17, 20, 25, 27], [1, 2, 11, 12, 14, 17, 23, 26], [0, 1, 2, 3, 6, 8, 10, 26], [2, 5, 7, 8, 9, 11, 12, 16], [1, 2, 4, 5, 6, 8, 9, 26], [1, 4, 6, 8, 10, 13, 28, 31], [0, 1, 2, 13, 15, 22, 27, 31], [0, 1, 5, 9, 14, 15, 21, 29], [0, 1, 2, 4, 6, 23, 25, 28], [10, 11, 13, 14, 17, 18, 24, 31], [0, 1, 2, 12, 13, 14, 16, 27], [2, 6, 7, 8, 11, 12, 13, 22], [2, 12, 13, 15, 27, 29, 30, 31], [0, 1, 3, 4, 12, 29, 30, 31], [3, 4, 5, 7, 8, 11, 12, 23], [0, 1, 2, 3, 11, 25, 26, 27], [0, 1, 4, 5, 6, 7, 9, 30], [0, 1, 4, 5, 7, 10, 13, 14], [0, 1, 2, 3, 10, 19, 24, 26], [3, 9, 13, 14, 15, 26, 28, 30], [2, 3, 5, 6, 7, 8, 16, 17], [1, 20, 23, 24, 25, 26, 29, 30], [1, 2, 4, 8, 9, 10, 14, 29], [0, 1, 2, 3, 7, 16, 22, 26], [2, 4, 6, 9, 12, 15, 21, 26], [1, 2, 3, 5, 8, 18, 19, 22], [0, 2, 3, 4, 6, 8, 11, 28], [2, 3, 4, 5, 7, 8, 18, 30], [0, 3, 4, 5, 6, 7, 8, 18], [2, 3, 4, 7, 8, 15, 20, 21], [0, 2, 4, 9, 11, 19, 23, 25], [0, 1, 14, 15, 22, 23, 24, 30], [0, 1, 2, 5, 19, 20, 21, 26], [0, 2, 3, 6, 12, 15, 19, 30], [1, 2, 3, 5, 7, 8, 15, 17], [1, 7, 9, 21, 22, 25, 28, 31], [1, 2, 4, 5, 15, 16, 24, 25], [0, 1, 2, 4, 5, 6, 7, 10], [19, 21, 22, 24, 25, 26, 29, 31], [0, 1, 2, 4, 6, 8, 17, 19], [1, 2, 3, 4, 8, 12, 15, 23], [2, 5, 6, 8, 13, 18, 23, 24], [2, 5, 6, 7, 8, 15, 25, 29], [1, 3, 5, 6, 11, 17, 18, 28], [1, 2, 3, 9, 10, 18, 20, 21], [1, 2, 3, 4, 6, 7, 17, 31], [1, 2, 4, 8, 9, 12, 24, 27], [0, 1, 2, 11, 17, 21, 22, 31], [0, 1, 2, 3, 9, 14, 17, 26], [0, 2, 3, 4, 8, 9, 17, 25], [2, 4, 5, 7, 10, 11, 15, 16], [1, 4, 5, 6, 8, 10, 13, 21], [1, 2, 3, 9, 10, 19, 22, 26], [1, 3, 5, 8, 11, 13, 14, 23], [4, 5, 10, 11, 12, 13, 16, 30], [0, 1, 2, 5, 10, 11, 19, 29], [0, 1, 2, 7, 13, 14, 15, 18], [0, 1, 2, 3, 5, 10, 11, 14], [0, 1, 2, 3, 5, 6, 7, 15], [0, 1, 2, 4, 6, 10, 18, 19], [0, 1, 2, 4, 11, 12, 15, 18], [2, 8, 9, 14, 17, 20, 24, 26], [1, 3, 4, 6, 7, 9, 10, 11], [0, 1, 3, 7, 12, 13, 25, 30], [0, 1, 3, 4, 7, 20, 24, 28], [0, 2, 3, 4, 7, 8, 11, 13], [0, 1, 3, 4, 6, 7, 8, 13], [0, 1, 2, 3, 6, 7, 8, 30], [0, 3, 4, 5, 8, 9, 21, 24], [5, 7, 8, 9, 17, 19, 22, 25], [2, 3, 4, 8, 11, 14, 23, 25], [0, 1, 5, 6, 9, 11, 25, 27], [1, 2, 5, 18, 19, 25, 28, 29], [1, 2, 5, 6, 7, 10, 11, 16], [0, 6, 8, 9, 10, 17, 22, 23], [0, 2, 3, 5, 8, 16, 23, 26], [0, 2, 3, 6, 7, 9, 10, 21], [0, 2, 3, 5, 8, 10, 15, 19], [3, 4, 5, 9, 14, 17, 21, 29], [0, 1, 2, 4, 6, 9, 14, 22], [0, 1, 2, 3, 5, 8, 21, 31], [3, 6, 7, 13, 17, 19, 20, 27], [0, 1, 3, 4, 5, 6, 9, 18], [0, 2, 3, 7, 9, 13, 23, 28], [1, 4, 6, 8, 9, 14, 16, 21], [0, 1, 4, 5, 7, 8, 17, 20], [0, 1, 3, 4, 5, 10, 16, 22], [0, 1, 3, 5, 6, 11, 18, 28], [0, 1, 2, 4, 5, 6, 8, 16], [0, 1, 2, 3, 5, 10, 11, 24], [4, 6, 9, 16, 21, 22, 23, 31], [0, 3, 5, 6, 8, 9, 10, 11], [0, 1, 2, 3, 6, 8, 9, 16], [2, 3, 4, 7, 13, 18, 21, 28], [1, 5, 6, 8, 10, 13, 22, 28], [0, 1, 3, 4, 5, 11, 17, 29], [0, 5, 6, 7, 21, 22, 24, 28], [2, 5, 7, 8, 12, 16, 19, 26], [3, 4, 5, 8, 10, 16, 26, 30], [1, 2, 3, 4, 8, 9, 12, 13], [1, 3, 5, 8, 10, 14, 17, 20], [2, 9, 11, 13, 17, 24, 25, 27], [0, 1, 2, 3, 6, 7, 10, 19], [0, 1, 2, 4, 6, 13, 18, 25], [1, 4, 18, 22, 25, 26, 28, 29], [0, 2, 4, 6, 7, 8, 9, 22], [0, 1, 3, 4, 5, 11, 14, 15], [1, 2, 4, 5, 7, 9, 19, 20], [0, 1, 2, 7, 8, 11, 22, 23], [0, 1, 2, 3, 5, 11, 12, 15], [1, 2, 7, 8, 11, 14, 19, 26], [0, 1, 7, 11, 17, 20, 21, 28], [1, 3, 4, 6, 7, 9, 11, 25], [1, 3, 4, 5, 12, 14, 21, 22], [0, 1, 3, 10, 12, 20, 24, 26], [1, 2, 3, 4, 6, 14, 16, 24], [0, 4, 5, 8, 9, 10, 18, 25], [10, 12, 14, 16, 17, 20, 27, 28], [0, 3, 4, 5, 9, 16, 17, 22], [0, 1, 2, 7, 11, 14, 17, 22], [0, 2, 3, 6, 7, 12, 15, 27], [1, 4, 7, 8, 10, 14, 27, 29], [0, 2, 4, 5, 7, 10, 13, 20], [0, 1, 2, 3, 4, 5, 15, 21], [2, 3, 8, 13, 14, 15, 30, 31], [0, 1, 2, 3, 6, 7, 12, 30], [0, 1, 6, 7, 8, 28, 30, 31], [0, 1, 2, 3, 5, 8, 12, 25], [2, 3, 7, 8, 9, 17, 19, 22], [2, 3, 5, 6, 11, 12, 22, 25], [0, 1, 2, 6, 7, 10, 11, 21], [0, 1, 2, 9, 22, 24, 26, 27], [0, 3, 4, 11, 13, 26, 29, 30], [2, 3, 4, 14, 15, 16, 20, 25], [0, 3, 5, 6, 7, 8, 12, 27], [0, 1, 3, 5, 9, 10, 13, 17], [1, 3, 4, 5, 6, 8, 27, 31], [0, 1, 3, 4, 7, 9, 10, 14], [1, 3, 5, 8, 9, 16, 19, 22], [2, 4, 8, 9, 15, 16, 29, 30], [1, 3, 4, 5, 6, 9, 12, 25], [0, 3, 6, 7, 10, 11, 12, 25], [1, 7, 8, 9, 12, 14, 17, 24], [0, 1, 2, 5, 7, 9, 11, 29], [1, 2, 3, 4, 5, 6, 11, 29], [2, 3, 4, 5, 6, 8, 25, 27], [0, 3, 5, 9, 10, 11, 15, 16], [1, 3, 5, 6, 10, 15, 20, 24], [0, 1, 3, 4, 6, 7, 24, 27], [0, 1, 4, 8, 11, 12, 15, 16], [0, 1, 4, 5, 6, 11, 16, 17], [0, 1, 2, 8, 16, 17, 26, 29], [0, 2, 6, 7, 10, 14, 21, 28]]",8,0.38868239521980286,128,learned,0.5,37120,4.0,124,0.40905147790908813,37,88 8 216 0,9277,0.8557966351509094,test,top_r_mean,0.0,0.0,0.5,0.625
0.013797563867629621,1.0,290,1.0,31,206.56389999203384,qasper,0.05333333333333334,0.5,0.02666666666666667,0.0,1912.13337:e97186c51d4af490dba6faaf833d269c8256426c,mean,0.7108698246032693,0.008429015055298805,"[[0, 1, 3, 6, 8, 10, 11, 12], [1, 2, 3, 6, 7, 11, 13, 20], [7, 8, 9, 13, 14, 15, 16, 28], [1, 4, 8, 19, 20, 22, 25, 26], [1, 2, 4, 7, 15, 19, 22, 25], [2, 5, 6, 9, 10, 12, 25, 26], [1, 2, 6, 10, 25, 26, 28, 30], [6, 10, 16, 17, 19, 28, 29, 31], [0, 1, 7, 11, 15, 21, 25, 29], [3, 4, 6, 9, 14, 24, 26, 30], [0, 1, 2, 14, 17, 22, 24, 26], [0, 3, 4, 5, 9, 11, 17, 25], [9, 12, 15, 16, 17, 20, 23, 25], [1, 6, 7, 10, 20, 28, 29, 30], [3, 5, 6, 7, 13, 17, 23, 30], [0, 1, 4, 5, 11, 20, 22, 24], [0, 1, 7, 15, 23, 25, 26, 30], [0, 1, 3, 4, 27, 28, 29, 31], [5, 7, 8, 13, 19, 22, 26, 28], [2, 8, 9, 14, 17, 24, 26, 28], [3, 4, 5, 9, 10, 13, 22, 27], [1, 2, 4, 12, 18, 21, 25, 28], [0, 4, 6, 9, 11, 17, 23, 30], [0, 4, 5, 11, 12, 17, 20, 25], [0, 1, 10, 11, 20, 21, 22, 27], [0, 5, 11, 12, 13, 19, 29, 30], [4, 8, 9, 10, 11, 16, 24, 28], [0, 1, 2, 3, 5, 15, 24, 28], [0, 1, 3, 5, 6, 10, 17, 31], [2, 3, 10, 22, 24, 25, 27, 31], [0, 3, 4, 5, 7, 8, 10, 15], [1, 2, 3, 4, 6, 9, 14, 28], [0, 1, 2, 3, 6, 11, 19, 20], [1, 2, 4, 9, 10, 14, 16, 30], [5, 6, 8, 12, 13, 19, 20, 31], [2, 5, 8, 9, 10, 11, 20, 29], [4, 9, 14, 16, 25, 26, 29, 30], [1, 2, 17, 19, 21, 23, 24, 26], [0, 1, 3, 4, 7, 12, 30, 31], [0, 1, 4, 5, 20, 22, 24, 31], [0, 1, 6, 7, 10, 18, 29, 31], [0, 4, 8, 13, 16, 18, 27, 31], [0, 3, 6, 7, 11, 13, 22, 28], [0, 1, 2, 3, 6, 10, 29, 30], [1, 9, 10, 11, 14, 15, 25, 28], [1, 2, 3, 7, 8, 10, 18, 31], [1, 4, 5, 6, 8, 16, 20, 22], [1, 5, 8, 11, 12, 13, 18, 21], [0, 1, 5, 15, 18, 21, 23, 27], [0, 6, 7, 13, 15, 22, 29, 31], [1, 2, 8, 15, 18, 21, 28, 29], [5, 6, 9, 11, 14, 17, 26, 31], [2, 4, 5, 7, 11, 16, 20, 30], [1, 2, 6, 7, 12, 13, 20, 25], [1, 2, 4, 8, 9, 11, 21, 23], [2, 4, 5, 7, 8, 10, 19, 31], [0, 1, 3, 4, 5, 7, 16, 18], [3, 5, 9, 11, 13, 14, 16, 25], [0, 3, 4, 9, 10, 14, 17, 18], [1, 2, 5, 8, 9, 10, 14, 26], [0, 1, 3, 4, 6, 7, 12, 16], [0, 2, 3, 5, 10, 11, 13, 19], [1, 5, 8, 14, 17, 18, 19, 29], [2, 3, 7, 8, 21, 22, 25, 30], [0, 1, 5, 8, 13, 18, 23, 28], [1, 3, 4, 8, 9, 11, 12, 22], [4, 5, 8, 11, 12, 14, 15, 28], [1, 3, 6, 15, 16, 21, 24, 31], [0, 1, 8, 9, 12, 20, 29, 31], [1, 2, 4, 6, 10, 12, 17, 23], [1, 3, 4, 6, 14, 24, 26, 31], [0, 1, 2, 4, 5, 6, 10, 11], [0, 1, 3, 4, 6, 8, 16, 25], [0, 2, 8, 9, 10, 14, 16, 17], [2, 3, 5, 7, 14, 18, 19, 27], [1, 2, 6, 8, 10, 11, 19, 31], [0, 1, 2, 3, 6, 12, 14, 21], [0, 1, 3, 16, 21, 23, 27, 30], [0, 1, 2, 16, 19, 25, 28, 29], [0, 1, 3, 6, 10, 15, 28, 29], [0, 1, 6, 7, 9, 10, 11, 12], [1, 3, 6, 7, 10, 14, 24, 29], [1, 3, 5, 6, 10, 13, 25, 27], [0, 1, 3, 10, 12, 13, 18, 26], [3, 4, 7, 8, 16, 17, 18, 28], [1, 4, 5, 6, 9, 21, 25, 26], [3, 5, 12, 14, 19, 25, 29, 30], [1, 4, 9, 10, 11, 14, 15, 18], [0, 1, 2, 3, 4, 9, 10, 13], [2, 4, 5, 7, 19, 20, 21, 22], [1, 2, 3, 7, 8, 11, 16, 25], [2, 4, 7, 8, 11, 25, 28, 31], [0, 5, 6, 9, 11, 13, 16, 25], [1, 2, 3, 4, 6, 7, 10, 11], [0, 2, 3, 6, 13, 15, 20, 23], [0, 1, 3, 6, 14, 18, 20, 22], [0, 1, 3, 5, 6, 18, 27, 28], [0, 2, 3, 7, 10, 13, 15, 20], [0, 1, 4, 5, 8, 19, 20, 21], [0, 2, 5, 6, 8, 12, 14, 18], [2, 3, 4, 5, 9, 12, 15, 16], [0, 1, 2, 10, 16, 17, 27, 30], [1, 2, 3, 4, 6, 8, 14, 17], [1, 2, 4, 5, 7, 8, 12, 15], [0, 1, 3, 4, 5, 9, 16, 27], [0, 6, 7, 8, 9, 10, 20, 23], [10, 11, 12, 14, 16, 18, 21, 22], [3, 8, 9, 13, 17, 18, 26, 27], [1, 7, 9, 10, 13, 24, 26, 28], [0, 1, 3, 5, 9, 15, 19, 23], [0, 4, 5, 6, 12, 15, 16, 26], [4, 5, 6, 7, 9, 11, 12, 17], [0, 1, 6, 7, 14, 15, 16, 30], [2, 4, 5, 7, 8, 15, 26, 28], [3, 4, 7, 8, 9, 10, 11, 24], [0, 1, 3, 8, 13, 14, 21, 22], [0, 1, 2, 4, 7, 11, 12, 14], [1, 4, 12, 13, 17, 18, 23, 30], [0, 1, 2, 3, 4, 6, 9, 12], [2, 12, 14, 15, 18, 20, 27, 29], [0, 1, 2, 3, 13, 16, 20, 25], [13, 15, 16, 25, 26, 28, 29, 30], [1, 3, 6, 7, 9, 11, 14, 16], [0, 2, 3, 5, 7, 9, 17, 29], [1, 2, 6, 7, 8, 9, 12, 13], [1, 2, 3, 5, 6, 18, 27, 30], [1, 3, 5, 24, 26, 28, 30, 31], [1, 2, 3, 6, 7, 11, 18, 22], [0, 1, 2, 3, 7, 8, 17, 28], [0, 1, 3, 4, 6, 13, 21, 28], [0, 1, 3, 6, 8, 13, 20, 30], [1, 4, 5, 11, 12, 14, 15, 21], [2, 5, 8, 9, 10, 25, 27, 31], [0, 1, 2, 3, 4, 23, 29, 30], [1, 2, 18, 21, 24, 26, 27, 28], [0, 4, 7, 11, 12, 22, 25, 31], [0, 1, 2, 9, 11, 20, 27, 29], [0, 1, 5, 6, 20, 25, 26, 27], [1, 2, 11, 12, 14, 17, 23, 26], [0, 1, 2, 3, 6, 8, 10, 26], [2, 4, 5, 7, 8, 11, 12, 16], [1, 2, 4, 5, 6, 8, 9, 26], [1, 4, 6, 8, 10, 13, 28, 31], [0, 1, 2, 13, 15, 22, 27, 31], [0, 1, 5, 7, 9, 15, 21, 29], [0, 1, 2, 6, 23, 25, 27, 28], [11, 13, 14, 17, 18, 23, 24, 31], [0, 1, 2, 12, 13, 14, 16, 27], [2, 7, 8, 11, 12, 13, 22, 23], [2, 6, 12, 13, 27, 29, 30, 31], [0, 1, 3, 4, 12, 29, 30, 31], [3, 4, 5, 8, 11, 12, 23, 26], [0, 1, 2, 3, 10, 11, 25, 26], [0, 1, 5, 6, 7, 9, 28, 30], [0, 1, 4, 5, 7, 10, 13, 14], [0, 1, 2, 3, 6, 10, 19, 24], [3, 9, 13, 14, 15, 26, 28, 30], [2, 3, 5, 7, 8, 16, 17, 25], [1, 20, 23, 24, 25, 26, 29, 30], [1, 2, 8, 9, 10, 14, 28, 29], [0, 1, 2, 3, 7, 16, 22, 26], [2, 4, 6, 9, 12, 15, 21, 28], [1, 2, 3, 5, 8, 12, 19, 22], [0, 1, 2, 3, 4, 6, 8, 11], [2, 3, 4, 5, 7, 8, 18, 30], [0, 3, 4, 5, 6, 7, 8, 18], [2, 4, 7, 15, 20, 21, 26, 30], [0, 2, 4, 9, 11, 19, 23, 25], [0, 1, 14, 15, 16, 22, 24, 30], [0, 1, 2, 4, 5, 20, 21, 26], [0, 2, 6, 15, 19, 20, 28, 30], [1, 2, 3, 5, 7, 8, 15, 17], [1, 7, 9, 21, 22, 25, 28, 31], [1, 2, 4, 5, 15, 16, 24, 25], [0, 1, 2, 4, 5, 6, 7, 10], [19, 21, 22, 24, 25, 26, 29, 31], [0, 1, 4, 6, 8, 10, 17, 19], [1, 2, 3, 4, 9, 15, 23, 25], [2, 5, 7, 8, 13, 18, 21, 24], [2, 5, 7, 8, 10, 15, 25, 29], [1, 3, 4, 5, 6, 17, 18, 28], [1, 2, 3, 9, 10, 18, 20, 21], [1, 2, 3, 4, 6, 7, 17, 31], [1, 2, 4, 8, 9, 12, 24, 27], [0, 1, 2, 11, 17, 21, 22, 31], [0, 1, 2, 3, 9, 14, 17, 26], [0, 3, 4, 8, 9, 17, 25, 30], [2, 4, 5, 7, 10, 11, 15, 16], [1, 2, 4, 5, 6, 8, 10, 13], [1, 2, 3, 9, 10, 19, 22, 26], [1, 3, 5, 8, 11, 14, 23, 29], [5, 10, 11, 12, 13, 16, 30, 31], [0, 1, 2, 5, 7, 11, 19, 29], [1, 2, 5, 7, 11, 13, 14, 27], [0, 1, 2, 3, 5, 10, 11, 14], [0, 1, 2, 3, 5, 6, 7, 15], [0, 1, 2, 4, 6, 18, 19, 29], [0, 1, 2, 4, 11, 12, 15, 18], [2, 4, 8, 9, 14, 17, 24, 26], [1, 3, 4, 6, 7, 9, 10, 11], [0, 1, 3, 5, 7, 13, 27, 30], [0, 1, 3, 4, 7, 20, 21, 24], [0, 2, 3, 4, 7, 8, 11, 13], [0, 1, 3, 4, 6, 7, 8, 13], [0, 1, 2, 3, 6, 7, 8, 30], [0, 1, 3, 4, 5, 7, 8, 24], [5, 7, 8, 9, 19, 22, 25, 27], [2, 3, 4, 8, 11, 14, 23, 25], [0, 1, 5, 6, 9, 11, 25, 27], [1, 2, 5, 13, 19, 25, 28, 29], [1, 2, 5, 6, 10, 11, 15, 16], [0, 6, 8, 9, 10, 17, 22, 23], [0, 3, 5, 6, 8, 16, 23, 28], [0, 2, 3, 6, 7, 9, 10, 21], [0, 2, 3, 5, 8, 10, 15, 19], [3, 4, 5, 14, 17, 21, 29, 31], [0, 1, 2, 4, 6, 9, 14, 26], [0, 1, 3, 5, 8, 21, 29, 31], [3, 7, 13, 16, 17, 19, 20, 27], [0, 1, 3, 4, 5, 6, 11, 18], [0, 2, 3, 7, 9, 13, 23, 28], [4, 6, 7, 8, 9, 14, 16, 21], [0, 1, 4, 5, 7, 8, 17, 23], [0, 1, 3, 4, 5, 10, 16, 22], [0, 1, 5, 6, 11, 18, 25, 28], [0, 1, 2, 4, 5, 6, 8, 28], [0, 1, 2, 3, 9, 10, 11, 24], [4, 6, 9, 16, 21, 22, 23, 31], [0, 2, 3, 5, 8, 9, 10, 11], [0, 1, 2, 3, 6, 8, 16, 29], [2, 3, 4, 7, 13, 18, 21, 28], [1, 5, 8, 10, 13, 22, 25, 28], [0, 1, 3, 4, 5, 11, 17, 29], [0, 5, 6, 7, 21, 22, 24, 28], [2, 5, 7, 8, 12, 16, 19, 26], [3, 4, 5, 8, 10, 16, 26, 30], [1, 2, 3, 4, 8, 9, 12, 13], [1, 3, 5, 8, 10, 14, 17, 20], [2, 9, 11, 13, 17, 24, 25, 27], [0, 1, 2, 3, 5, 6, 7, 19], [0, 1, 2, 4, 6, 13, 18, 25], [1, 4, 18, 22, 25, 26, 28, 29], [2, 4, 6, 7, 8, 9, 21, 22], [0, 1, 3, 4, 5, 11, 14, 15], [1, 2, 4, 5, 7, 9, 27, 28], [0, 1, 7, 8, 11, 22, 23, 24], [0, 1, 2, 3, 5, 11, 15, 31], [1, 2, 7, 8, 11, 14, 19, 26], [0, 1, 7, 11, 17, 20, 21, 28], [1, 3, 4, 6, 7, 9, 11, 25], [1, 3, 4, 5, 12, 14, 21, 22], [0, 1, 3, 10, 12, 20, 24, 26], [1, 2, 3, 4, 6, 14, 16, 24], [0, 4, 5, 8, 9, 10, 16, 18], [10, 12, 14, 16, 17, 20, 27, 28], [0, 3, 4, 5, 9, 16, 17, 22], [0, 1, 2, 7, 11, 14, 17, 22], [0, 2, 3, 6, 7, 10, 12, 27], [1, 4, 7, 8, 10, 14, 27, 29], [0, 2, 4, 5, 7, 10, 13, 20], [0, 1, 2, 3, 4, 5, 11, 21], [2, 3, 8, 12, 13, 14, 15, 31], [0, 1, 2, 3, 6, 7, 12, 30], [0, 1, 6, 7, 8, 23, 28, 31], [0, 1, 2, 3, 5, 8, 12, 28], [2, 3, 4, 7, 8, 9, 17, 22], [2, 3, 5, 6, 11, 12, 22, 25], [0, 1, 2, 3, 6, 7, 10, 21], [0, 1, 2, 9, 22, 25, 26, 27], [0, 3, 4, 11, 13, 26, 29, 30], [2, 3, 4, 14, 15, 16, 20, 25], [0, 3, 5, 6, 7, 10, 12, 27], [0, 1, 3, 5, 9, 10, 13, 17], [1, 3, 4, 5, 6, 8, 27, 31], [1, 3, 4, 7, 9, 10, 14, 27], [1, 3, 5, 8, 9, 16, 19, 22], [2, 4, 6, 8, 9, 16, 29, 30], [1, 3, 4, 5, 6, 9, 12, 25], [0, 1, 3, 6, 10, 11, 12, 25], [7, 8, 9, 12, 14, 17, 20, 24], [0, 1, 2, 5, 7, 9, 12, 29], [1, 2, 3, 4, 5, 6, 11, 29], [2, 3, 4, 5, 6, 8, 25, 27], [0, 3, 5, 9, 11, 15, 16, 26], [1, 3, 5, 6, 10, 15, 20, 24], [0, 1, 3, 4, 6, 7, 24, 27], [0, 1, 3, 4, 11, 12, 15, 16], [0, 1, 4, 5, 6, 11, 16, 30], [0, 1, 2, 8, 16, 17, 26, 29], [0, 2, 6, 7, 10, 14, 21, 28]]",8,0.38740986585617065,128,learned,0.5,37120,4.0,124,0.40583711862564087,53,88 8 0 272,9277,0.8742871284484863,test,top_r_mean,0.0,0.0,0.5,0.625
0.013797563867629621,1.0,290,1.0,31,203.14770005643368,qasper,0.05333333333333334,0.5,0.02666666666666667,0.0,1912.13337:e97186c51d4af490dba6faaf833d269c8256426c,mean,0.7236606610189715,0.00744945602491498,"[[0, 3, 6, 8, 10, 11, 12, 28], [1, 3, 5, 6, 7, 11, 13, 20], [7, 8, 9, 13, 15, 16, 27, 28], [1, 4, 8, 19, 20, 22, 25, 26], [1, 2, 4, 7, 15, 19, 22, 25], [2, 5, 6, 9, 10, 12, 25, 27], [1, 2, 6, 19, 25, 26, 28, 30], [6, 10, 16, 17, 19, 28, 29, 31], [0, 1, 7, 11, 15, 21, 25, 29], [3, 4, 9, 13, 14, 24, 26, 30], [0, 1, 2, 14, 17, 22, 24, 26], [0, 3, 5, 9, 11, 17, 23, 25], [9, 12, 14, 15, 16, 17, 20, 25], [1, 6, 7, 10, 20, 28, 29, 30], [3, 5, 6, 13, 17, 20, 23, 30], [1, 4, 5, 11, 20, 22, 24, 28], [0, 1, 7, 15, 23, 25, 26, 30], [0, 1, 3, 4, 27, 28, 29, 31], [5, 8, 13, 19, 22, 26, 28, 31], [2, 8, 9, 14, 17, 24, 26, 28], [3, 4, 5, 9, 10, 13, 22, 27], [2, 4, 12, 17, 18, 21, 25, 28], [0, 4, 9, 11, 17, 21, 23, 30], [0, 4, 5, 11, 12, 17, 20, 25], [0, 1, 10, 11, 20, 21, 22, 27], [0, 11, 12, 13, 19, 27, 29, 30], [4, 8, 10, 11, 16, 18, 24, 28], [0, 1, 3, 5, 15, 24, 28, 31], [0, 1, 3, 5, 6, 10, 17, 31], [2, 3, 10, 22, 24, 25, 27, 31], [0, 3, 4, 5, 7, 8, 10, 18], [2, 3, 4, 6, 9, 14, 26, 28], [0, 1, 3, 5, 6, 11, 19, 20], [1, 2, 4, 9, 10, 14, 16, 30], [5, 6, 8, 12, 13, 17, 19, 31], [2, 5, 8, 9, 10, 11, 20, 29], [4, 9, 14, 16, 25, 26, 29, 30], [1, 2, 17, 19, 21, 23, 24, 26], [0, 1, 2, 3, 4, 7, 30, 31], [0, 1, 4, 5, 20, 22, 24, 31], [0, 1, 6, 7, 18, 22, 29, 31], [4, 8, 13, 16, 18, 27, 28, 31], [0, 3, 7, 11, 13, 22, 28, 30], [0, 1, 2, 3, 6, 10, 29, 30], [1, 10, 11, 14, 15, 25, 27, 28], [1, 2, 3, 8, 10, 17, 18, 31], [1, 4, 5, 6, 8, 16, 20, 22], [1, 5, 11, 12, 13, 18, 21, 26], [0, 5, 10, 15, 18, 21, 23, 27], [0, 6, 13, 15, 21, 22, 25, 31], [2, 8, 15, 18, 21, 24, 28, 29], [5, 9, 11, 14, 17, 26, 29, 31], [1, 2, 5, 11, 16, 20, 28, 30], [1, 2, 6, 7, 12, 13, 20, 25], [1, 2, 8, 9, 11, 23, 25, 28], [2, 4, 5, 7, 8, 10, 19, 31], [0, 1, 4, 5, 7, 16, 18, 20], [3, 4, 5, 11, 13, 14, 15, 16], [0, 3, 4, 9, 10, 14, 17, 18], [1, 2, 5, 8, 9, 10, 14, 26], [0, 1, 3, 4, 7, 12, 16, 22], [0, 2, 3, 5, 10, 11, 13, 19], [1, 5, 8, 14, 17, 18, 19, 29], [3, 7, 8, 10, 21, 22, 25, 30], [0, 1, 5, 8, 13, 18, 24, 28], [1, 3, 4, 8, 9, 11, 12, 22], [4, 5, 8, 11, 12, 14, 15, 28], [1, 6, 15, 16, 21, 24, 27, 31], [0, 1, 8, 9, 12, 29, 30, 31], [1, 2, 4, 6, 10, 12, 17, 23], [1, 4, 6, 14, 24, 26, 29, 31], [0, 1, 2, 4, 5, 10, 11, 19], [0, 1, 4, 6, 8, 16, 20, 25], [0, 2, 8, 10, 14, 16, 17, 20], [2, 3, 5, 7, 14, 18, 19, 27], [1, 2, 6, 7, 8, 10, 19, 31], [0, 1, 2, 3, 7, 12, 14, 21], [0, 1, 3, 5, 16, 21, 23, 30], [0, 1, 2, 16, 19, 25, 28, 29], [0, 3, 5, 6, 10, 15, 28, 29], [0, 1, 6, 9, 10, 11, 12, 14], [1, 3, 6, 7, 10, 14, 23, 29], [1, 3, 5, 6, 8, 10, 13, 25], [0, 1, 3, 9, 10, 12, 13, 18], [3, 4, 7, 8, 16, 17, 18, 28], [1, 4, 5, 6, 9, 21, 25, 26], [3, 5, 12, 13, 14, 19, 25, 30], [1, 9, 10, 14, 15, 18, 30, 31], [0, 1, 2, 3, 4, 9, 10, 13], [2, 4, 5, 19, 20, 21, 22, 29], [2, 3, 6, 7, 8, 11, 16, 25], [2, 4, 7, 8, 11, 25, 28, 31], [5, 6, 11, 13, 16, 22, 25, 31], [2, 3, 4, 6, 7, 10, 11, 18], [0, 2, 3, 6, 15, 20, 23, 26], [0, 1, 3, 6, 14, 18, 20, 22], [0, 1, 3, 5, 6, 18, 27, 28], [0, 2, 3, 10, 12, 15, 20, 25], [0, 1, 5, 7, 8, 19, 20, 21], [0, 2, 5, 6, 8, 14, 18, 26], [2, 3, 4, 5, 9, 11, 12, 16], [0, 1, 2, 10, 16, 17, 27, 30], [2, 3, 4, 6, 8, 14, 16, 17], [1, 2, 4, 7, 8, 12, 15, 20], [0, 1, 3, 4, 5, 9, 11, 27], [0, 6, 7, 8, 9, 10, 20, 23], [10, 11, 12, 14, 16, 18, 21, 22], [3, 9, 13, 15, 17, 18, 21, 26], [1, 7, 9, 10, 13, 24, 26, 28], [0, 1, 3, 5, 9, 15, 19, 23], [0, 4, 5, 6, 12, 15, 16, 26], [4, 5, 6, 7, 9, 11, 12, 17], [0, 1, 6, 7, 14, 15, 27, 30], [2, 3, 4, 5, 7, 15, 28, 31], [3, 7, 8, 9, 10, 11, 24, 31], [0, 1, 3, 8, 11, 14, 21, 22], [0, 1, 2, 4, 7, 11, 12, 14], [1, 2, 4, 12, 13, 17, 18, 23], [0, 1, 2, 3, 4, 6, 9, 12], [12, 14, 15, 17, 18, 20, 27, 29], [0, 1, 2, 13, 15, 16, 19, 20], [13, 15, 16, 25, 26, 28, 29, 30], [1, 5, 6, 7, 9, 11, 14, 16], [0, 2, 3, 5, 7, 9, 17, 29], [1, 6, 7, 8, 9, 12, 13, 29], [2, 5, 6, 16, 18, 23, 27, 31], [1, 3, 5, 24, 26, 28, 30, 31], [2, 3, 6, 7, 8, 11, 18, 22], [0, 1, 2, 3, 7, 8, 17, 28], [0, 1, 3, 4, 6, 21, 28, 31], [1, 6, 13, 19, 20, 24, 30, 31], [1, 5, 11, 12, 14, 15, 17, 21], [2, 8, 9, 24, 25, 27, 30, 31], [0, 1, 2, 3, 4, 23, 29, 30], [1, 2, 18, 21, 24, 26, 27, 28], [4, 7, 11, 12, 15, 22, 25, 31], [0, 1, 2, 11, 19, 20, 27, 29], [0, 1, 5, 6, 17, 20, 25, 27], [1, 2, 11, 12, 14, 17, 23, 26], [0, 1, 2, 6, 8, 10, 12, 26], [2, 4, 5, 7, 8, 11, 12, 16], [1, 2, 4, 5, 6, 8, 9, 26], [1, 4, 8, 10, 11, 13, 28, 31], [0, 1, 2, 13, 15, 22, 27, 31], [0, 1, 5, 7, 9, 15, 21, 29], [1, 2, 6, 23, 25, 27, 28, 29], [11, 13, 14, 17, 18, 23, 24, 31], [0, 1, 2, 12, 13, 14, 16, 27], [2, 7, 8, 11, 12, 13, 22, 23], [2, 12, 13, 19, 27, 29, 30, 31], [0, 1, 3, 12, 28, 29, 30, 31], [3, 4, 5, 8, 11, 12, 23, 26], [0, 2, 3, 10, 11, 25, 26, 27], [0, 1, 5, 6, 7, 9, 28, 30], [0, 4, 5, 8, 10, 13, 14, 29], [1, 2, 3, 10, 19, 24, 26, 30], [3, 9, 13, 14, 15, 26, 28, 30], [2, 3, 5, 7, 8, 16, 17, 25], [1, 20, 23, 24, 25, 26, 29, 30], [1, 2, 4, 9, 10, 14, 28, 29], [0, 1, 2, 3, 7, 16, 22, 26], [2, 4, 6, 9, 12, 15, 21, 26], [1, 2, 3, 5, 8, 12, 18, 22], [0, 2, 3, 4, 6, 8, 11, 28], [2, 3, 4, 5, 7, 18, 20, 30], [0, 3, 4, 5, 6, 7, 8, 18], [2, 3, 4, 7, 10, 20, 21, 30], [2, 4, 9, 11, 19, 21, 23, 25], [0, 1, 14, 15, 16, 22, 24, 30], [0, 1, 2, 5, 19, 20, 21, 26], [0, 2, 6, 9, 15, 19, 20, 30], [1, 2, 3, 7, 8, 15, 17, 31], [1, 7, 9, 21, 22, 28, 29, 31], [1, 4, 5, 15, 16, 24, 25, 28], [0, 1, 2, 4, 5, 7, 10, 30], [19, 21, 22, 24, 25, 26, 29, 31], [0, 1, 4, 6, 8, 10, 17, 19], [1, 3, 4, 6, 15, 18, 23, 25], [2, 5, 8, 10, 13, 18, 23, 24], [2, 5, 7, 8, 10, 15, 25, 29], [1, 3, 5, 6, 11, 17, 18, 28], [1, 2, 3, 9, 10, 18, 20, 21], [1, 2, 3, 4, 6, 7, 17, 31], [1, 2, 4, 8, 9, 12, 24, 27], [0, 1, 9, 16, 17, 21, 22, 31], [0, 1, 2, 3, 9, 14, 17, 26], [2, 3, 4, 8, 9, 17, 25, 30], [2, 4, 5, 7, 10, 11, 15, 16], [1, 4, 5, 6, 8, 10, 13, 21], [1, 2, 3, 9, 10, 19, 22, 26], [1, 3, 5, 8, 13, 14, 23, 26], [5, 10, 11, 12, 16, 29, 30, 31], [0, 1, 2, 5, 11, 19, 25, 29], [1, 2, 7, 8, 13, 14, 25, 27], [1, 2, 3, 5, 10, 11, 14, 16], [0, 1, 2, 5, 6, 7, 15, 16], [0, 1, 2, 4, 10, 18, 19, 29], [0, 1, 4, 11, 12, 15, 17, 18], [2, 9, 14, 17, 20, 23, 24, 26], [1, 3, 4, 6, 7, 10, 11, 23], [0, 1, 3, 7, 12, 13, 25, 30], [0, 3, 4, 7, 20, 21, 23, 24], [0, 3, 4, 7, 8, 11, 13, 25], [0, 1, 3, 4, 6, 7, 8, 13], [0, 1, 2, 3, 6, 7, 8, 30], [0, 3, 4, 5, 7, 8, 21, 24], [5, 7, 8, 9, 19, 22, 25, 31], [2, 3, 4, 11, 14, 19, 23, 25], [0, 1, 5, 6, 9, 11, 25, 27], [1, 2, 5, 19, 25, 28, 29, 31], [1, 2, 5, 6, 10, 11, 15, 16], [0, 8, 9, 10, 13, 17, 22, 23], [0, 2, 3, 5, 6, 8, 23, 28], [0, 2, 3, 5, 6, 7, 10, 21], [0, 2, 3, 5, 8, 10, 15, 19], [3, 4, 5, 14, 17, 21, 26, 29], [0, 1, 2, 4, 6, 9, 14, 26], [0, 1, 3, 5, 8, 21, 29, 31], [3, 7, 13, 16, 17, 19, 20, 27], [0, 1, 3, 4, 5, 6, 9, 18], [1, 2, 3, 7, 9, 13, 23, 28], [4, 6, 7, 8, 9, 14, 16, 21], [1, 4, 5, 7, 17, 20, 23, 29], [3, 4, 5, 10, 11, 16, 17, 22], [0, 1, 5, 6, 11, 18, 25, 28], [1, 2, 4, 5, 6, 8, 16, 19], [0, 1, 2, 3, 10, 11, 18, 24], [4, 6, 10, 16, 21, 22, 23, 31], [3, 6, 8, 9, 10, 11, 15, 29], [0, 1, 2, 3, 6, 16, 26, 29], [2, 4, 7, 13, 18, 21, 22, 28], [1, 5, 8, 10, 13, 22, 25, 28], [0, 3, 4, 5, 11, 17, 28, 29], [0, 2, 5, 6, 7, 21, 22, 28], [2, 5, 7, 8, 12, 16, 19, 26], [3, 4, 5, 10, 16, 26, 29, 30], [1, 2, 3, 4, 8, 9, 12, 13], [1, 3, 5, 10, 14, 17, 20, 31], [2, 8, 9, 11, 13, 17, 24, 25], [0, 1, 2, 3, 6, 7, 10, 19], [0, 1, 2, 4, 6, 13, 18, 25], [1, 4, 16, 18, 22, 25, 26, 29], [2, 4, 6, 7, 8, 9, 21, 22], [0, 1, 3, 4, 5, 11, 14, 15], [1, 2, 4, 5, 7, 20, 22, 27], [0, 1, 7, 11, 22, 23, 24, 26], [0, 1, 2, 5, 11, 12, 15, 31], [1, 2, 7, 8, 11, 14, 19, 26], [0, 1, 7, 11, 17, 21, 22, 28], [1, 3, 4, 6, 7, 9, 11, 25], [1, 3, 4, 5, 12, 14, 21, 22], [0, 1, 10, 12, 20, 22, 24, 26], [1, 2, 3, 6, 14, 16, 19, 24], [0, 4, 5, 8, 9, 10, 16, 18], [12, 14, 16, 17, 20, 27, 28, 29], [0, 3, 4, 5, 9, 16, 17, 22], [0, 1, 2, 7, 14, 17, 20, 22], [2, 3, 6, 7, 10, 12, 15, 27], [1, 7, 8, 10, 14, 23, 27, 29], [0, 2, 4, 5, 7, 10, 13, 20], [0, 1, 2, 3, 4, 11, 15, 21], [2, 3, 8, 13, 14, 15, 27, 31], [0, 1, 2, 3, 6, 7, 12, 30], [0, 1, 6, 8, 27, 28, 30, 31], [0, 1, 2, 3, 5, 8, 12, 28], [2, 3, 4, 7, 8, 9, 17, 22], [2, 3, 5, 6, 11, 22, 25, 31], [0, 1, 2, 6, 7, 10, 16, 21], [0, 1, 2, 22, 24, 25, 26, 27], [0, 3, 4, 11, 13, 26, 29, 30], [2, 3, 4, 14, 16, 20, 24, 25], [0, 3, 5, 6, 7, 10, 12, 27], [0, 1, 3, 5, 9, 10, 13, 17], [1, 3, 4, 5, 6, 8, 27, 31], [1, 3, 4, 7, 8, 9, 10, 14], [1, 3, 5, 8, 9, 16, 19, 22], [2, 4, 8, 9, 15, 16, 29, 30], [1, 4, 5, 6, 9, 12, 25, 27], [0, 1, 3, 6, 10, 11, 12, 25], [7, 8, 9, 12, 14, 17, 19, 24], [0, 1, 2, 5, 7, 9, 25, 29], [1, 2, 3, 4, 5, 6, 11, 29], [2, 3, 4, 5, 6, 7, 25, 27], [0, 2, 3, 5, 9, 11, 15, 16], [1, 2, 3, 5, 10, 15, 20, 24], [0, 1, 3, 4, 6, 7, 24, 27], [0, 1, 4, 11, 12, 15, 16, 29], [0, 1, 4, 5, 6, 16, 17, 30], [0, 1, 2, 8, 17, 26, 28, 29], [0, 2, 6, 7, 10, 14, 21, 28]]",8,0.3808309733867645,128,learned,0.5,37120,4.0,124,0.3981039524078369,71,88 8 0 272,9277,0.8852973580360413,test,top_r_mean,0.0,0.0,0.5,0.625
0.036036036036036036,0.0,111,0.0,32,68.25489993207157,qasper,4.0,0.0,0.0,0.0,2003.11645:c2d1387e08cf25cb6b1f482178cca58030e85b70,mean,0.33420707732634336,1.2071499824523926,"[[0], [1], [2], [0], [0], [2], [6], [0], [0], [3], [7], [0], [0], [2], [4], [0], [0], [8], [1], [4], [0], [1], [1], [0], [0], [0], [2], [3], [1], [1], [2], [0], [0], [1], [7], [1], [5], [0], [0], [5], [0], [0], [0], [4], [0], [1], [0], [2], [0], [3], [2], [2], [1], [0], [0], [2], [0], [9], [1], [6], [2], [8], [1], [0], [0], [1], [1], [1], [0], [2], [7], [1], [0], [2], [1], [0], [3], [0], [0], [1], [0], [3], [2], [0], [1], [0], [3], [2], [0], [0], [1], [4], [1], [3], [0], [1], [0], [6], [2], [0], [0], [8], [2], [1], [0], [5], [0], [4], [0], [1], [0]]",1,1.0078082084655762,128,learned,0.0,1776,4.0,128,1.212146282196045,11,48 24 72 56,3552,0.4692786633968353,test,top_r_mean,0.0,0.0,0.25,0.5
0.036036036036036036,0.0,111,0.0,32,67.69840000197291,qasper,4.0,0.0,0.0,0.0,2003.11645:c2d1387e08cf25cb6b1f482178cca58030e85b70,mean,0.34895150720838797,1.256251573562622,"[[0], [1], [2], [0], [0], [2], [1], [0], [0], [0], [8], [0], [0], [2], [2], [0], [0], [8], [0], [4], [0], [1], [1], [0], [0], [0], [2], [3], [1], [1], [2], [0], [0], [1], [7], [1], [0], [0], [0], [0], [0], [0], [0], [4], [0], [1], [0], [1], [0], [2], [2], [2], [1], [0], [0], [2], [0], [7], [1], [6], [0], [4], [1], [0], [0], [1], [1], [0], [0], [0], [7], [1], [0], [1], [1], [0], [3], [0], [0], [1], [0], [3], [2], [0], [1], [0], [3], [2], [0], [0], [1], [4], [1], [3], [0], [1], [0], [0], [2], [0], [0], [7], [2], [1], [0], [3], [2], [4], [0], [1], [0]]",1,1.0789673328399658,128,learned,0.0,1776,4.0,128,1.2940750122070312,23,48 24 72 56,3552,0.48574936389923096,test,top_r_mean,0.0,0.0,0.25,0.5
0.036036036036036036,0.0,111,0.0,32,76.50540000759065,qasper,4.0,0.0,0.0,0.0,2003.11645:c2d1387e08cf25cb6b1f482178cca58030e85b70,mean,0.3394495412844037,1.2371737957000732,"[[0], [1], [2], [0], [0], [1], [6], [0], [0], [0], [5], [0], [0], [2], [2], [0], [0], [1], [1], [4], [0], [1], [1], [0], [0], [0], [1], [3], [1], [1], [2], [0], [0], [1], [7], [1], [0], [0], [0], [0], [0], [0], [0], [4], [0], [1], [0], [1], [0], [3], [2], [2], [0], [0], [0], [2], [0], [9], [1], [6], [2], [4], [1], [0], [0], [1], [1], [0], [0], [0], [2], [1], [0], [1], [1], [0], [3], [0], [0], [1], [0], [2], [2], [0], [1], [0], [3], [2], [0], [0], [1], [4], [1], [3], [0], [1], [0], [0], [0], [0], [0], [1], [2], [1], [0], [3], [0], [4], [0], [1], [0]]",1,1.0501950979232788,128,learned,0.0,1776,4.0,128,1.2469141483306885,37,48 24 72 56,3552,0.47235873341560364,test,top_r_mean,0.0,0.0,0.25,0.5
0.036036036036036036,0.0,111,0.0,32,76.52560016140342,qasper,4.0,0.0,0.0,0.0,2003.11645:c2d1387e08cf25cb6b1f482178cca58030e85b70,mean,0.31815203145478377,1.227174997329712,"[[0], [1], [2], [0], [0], [1], [6], [0], [0], [0], [7], [0], [0], [2], [2], [0], [0], [1], [1], [4], [0], [1], [1], [0], [0], [0], [1], [3], [1], [1], [2], [0], [0], [1], [7], [1], [0], [0], [0], [0], [0], [0], [0], [4], [0], [1], [0], [1], [0], [3], [2], [2], [1], [0], [0], [2], [0], [9], [1], [6], [1], [4], [1], [0], [0], [1], [1], [0], [0], [0], [7], [1], [0], [1], [1], [0], [3], [0], [0], [1], [0], [2], [2], [0], [1], [0], [3], [2], [0], [0], [1], [4], [1], [3], [0], [1], [0], [0], [2], [0], [0], [1], [2], [1], [0], [3], [0], [4], [0], [1], [0]]",1,1.032679796218872,128,learned,0.0,1776,4.0,128,1.233465313911438,53,48 24 72 56,3552,0.44527024030685425,test,top_r_mean,0.0,0.0,0.25,0.5
0.036036036036036036,0.0,111,0.0,32,70.81319997087121,qasper,4.0,0.0,0.0,0.0,2003.11645:c2d1387e08cf25cb6b1f482178cca58030e85b70,mean,0.3515727391874181,1.2130224704742432,"[[0], [1], [2], [0], [0], [2], [6], [0], [0], [0], [7], [0], [0], [2], [2], [0], [0], [8], [1], [4], [0], [1], [1], [0], [0], [0], [1], [3], [1], [1], [2], [0], [0], [1], [7], [1], [0], [0], [0], [0], [0], [0], [0], [4], [0], [1], [0], [2], [0], [3], [2], [2], [1], [0], [0], [2], [0], [9], [1], [6], [2], [4], [1], [0], [0], [1], [1], [0], [0], [0], [7], [1], [0], [1], [1], [0], [3], [0], [0], [1], [0], [2], [1], [0], [1], [0], [3], [2], [0], [0], [1], [4], [1], [3], [0], [1], [0], [6], [0], [0], [0], [8], [2], [1], [0], [3], [2], [4], [0], [1], [0]]",1,1.0184321403503418,128,learned,0.0,1776,4.0,128,1.2232656478881836,71,48 24 72 56,3552,0.4896717965602875,test,top_r_mean,0.0,0.0,0.25,0.5
0.036036036036036036,0.0,111,0.0,32,79.44050012156367,qasper,4.0,0.0,0.0,0.0,2003.11645:c2d1387e08cf25cb6b1f482178cca58030e85b70,mean,0.41097461097461097,0.1849701851606369,"[[0, 1], [1, 4], [2, 3], [0, 1], [0, 1], [2, 5], [6, 7], [0, 1], [0, 1], [3, 4], [7, 8], [0, 8], [0, 1], [2, 4], [4, 9], [0, 2], [0, 1], [8, 9], [1, 2], [4, 6], [0, 1], [1, 2], [1, 3], [0, 16], [0, 1], [0, 2], [2, 7], [3, 4], [1, 4], [1, 3], [2, 3], [0, 1], [0, 2], [1, 2], [7, 8], [1, 4], [5, 6], [0, 3], [0, 1], [5, 7], [0, 1], [0, 1], [0, 2], [4, 15], [0, 3], [1, 2], [0, 2], [2, 5], [0, 1], [3, 4], [2, 3], [2, 3], [1, 2], [0, 1], [0, 1], [2, 6], [0, 1], [9, 14], [1, 4], [6, 10], [2, 3], [8, 16], [1, 2], [0, 2], [0, 1], [1, 2], [1, 2], [1, 2], [0, 2], [2, 3], [7, 8], [1, 5], [0, 1], [2, 5], [1, 3], [0, 1], [3, 4], [0, 1], [0, 1], [1, 4], [0, 1], [3, 4], [2, 3], [0, 1], [1, 9], [0, 3], [3, 4], [2, 10], [0, 1], [0, 3], [1, 2], [4, 11], [1, 8], [3, 4], [0, 1], [1, 3], [0, 1], [6, 9], [2, 4], [0, 1], [0, 1], [8, 14], [2, 3], [1, 2], [0, 1], [5, 6], [0, 2], [4, 5], [0, 4], [1, 2], [0, 3]]",2,0.7314127683639526,128,learned,0.0,3552,4.0,128,0.7848978638648987,11,96 80 32 16,3552,0.5503070950508118,test,top_r_mean,0.0,0.5,0.5,0.375
0.036036036036036036,0.0,111,0.0,32,81.73179998993874,qasper,4.0,0.0,0.0,0.0,2003.11645:c2d1387e08cf25cb6b1f482178cca58030e85b70,mean,0.44242424242424244,0.20711182057857513,"[[0, 1], [1, 4], [2, 5], [0, 1], [0, 1], [2, 5], [1, 6], [0, 1], [0, 1], [0, 3], [8, 9], [0, 8], [0, 2], [2, 4], [2, 4], [0, 2], [0, 1], [8, 9], [0, 1], [4, 6], [0, 1], [1, 2], [1, 3], [0, 6], [0, 1], [0, 2], [2, 7], [3, 4], [1, 4], [1, 3], [2, 3], [0, 1], [0, 1], [1, 2], [7, 10], [1, 4], [0, 5], [0, 3], [0, 1], [0, 7], [0, 1], [0, 1], [0, 2], [4, 15], [0, 3], [1, 2], [0, 2], [1, 2], [0, 1], [2, 3], [2, 3], [2, 3], [1, 2], [0, 1], [0, 1], [2, 6], [0, 1], [7, 8], [1, 4], [6, 10], [0, 2], [4, 16], [1, 2], [0, 2], [0, 1], [1, 2], [1, 2], [0, 1], [0, 2], [0, 3], [7, 8], [1, 6], [0, 1], [1, 2], [1, 3], [0, 1], [3, 4], [0, 1], [0, 1], [1, 4], [0, 1], [3, 4], [2, 4], [0, 1], [1, 9], [0, 3], [3, 4], [2, 10], [0, 1], [0, 3], [1, 3], [4, 11], [1, 8], [3, 4], [0, 1], [1, 3], [0, 1], [0, 6], [2, 4], [0, 1], [0, 1], [7, 8], [2, 3], [1, 2], [0, 1], [3, 5], [2, 3], [4, 5], [0, 4], [1, 2], [0, 3]]",2,0.7842468023300171,128,learned,0.0,3552,4.0,128,0.8621899485588074,23,96 32 80 16,3552,0.594383955001831,test,top_r_mean,0.0,0.5,0.5,0.375
0.036036036036036036,0.0,111,0.0,32,90.20590013824403,qasper,4.0,0.0,0.0,0.0,2003.11645:c2d1387e08cf25cb6b1f482178cca58030e85b70,mean,0.4037674037674038,0.19212791323661804,"[[0, 1], [1, 4], [2, 3], [0, 1], [0, 1], [1, 2], [6, 7], [0, 1], [0, 1], [0, 3], [5, 7], [0, 8], [0, 1], [2, 4], [2, 4], [0, 2], [0, 1], [1, 8], [1, 2], [4, 6], [0, 1], [1, 2], [1, 3], [0, 16], [0, 1], [0, 2], [1, 2], [3, 4], [1, 4], [1, 3], [2, 3], [0, 1], [0, 1], [1, 2], [7, 10], [1, 4], [0, 5], [0, 3], [0, 1], [0, 7], [0, 1], [0, 1], [0, 2], [4, 15], [0, 3], [1, 2], [0, 1], [1, 2], [0, 1], [3, 4], [2, 3], [2, 3], [0, 1], [0, 1], [0, 1], [2, 3], [0, 1], [9, 14], [1, 4], [6, 10], [2, 3], [4, 8], [1, 2], [0, 2], [0, 1], [1, 2], [1, 2], [0, 1], [0, 2], [0, 2], [2, 7], [1, 5], [0, 1], [1, 2], [1, 3], [0, 1], [3, 4], [0, 1], [0, 1], [1, 4], [0, 1], [2, 3], [2, 3], [0, 1], [1, 3], [0, 3], [3, 4], [2, 8], [0, 1], [0, 3], [1, 2], [4, 11], [1, 8], [3, 4], [0, 1], [1, 3], [0, 1], [0, 6], [0, 2], [0, 1], [0, 1], [1, 7], [2, 3], [1, 2], [0, 1], [3, 5], [0, 2], [4, 5], [0, 4], [1, 2], [0, 3]]",2,0.7478018403053284,128,learned,0.0,3552,4.0,128,0.8022788763046265,37,96 32 80 16,3552,0.5446910858154297,test,top_r_mean,0.0,0.5,0.5,0.375
0.036036036036036036,0.0,111,0.0,32,76.67859992943704,qasper,4.0,0.0,0.0,0.0,2003.11645:c2d1387e08cf25cb6b1f482178cca58030e85b70,mean,0.3906633906633907,0.1916540265083313,"[[0, 1], [1, 4], [2, 3], [0, 1], [0, 1], [1, 2], [6, 7], [0, 1], [0, 1], [0, 3], [7, 8], [0, 8], [0, 1], [2, 4], [2, 4], [0, 2], [0, 1], [1, 8], [1, 2], [4, 6], [0, 1], [1, 2], [1, 3], [0, 16], [0, 1], [0, 2], [1, 2], [3, 4], [1, 4], [1, 3], [2, 3], [0, 1], [0, 1], [1, 2], [7, 10], [1, 4], [0, 5], [0, 3], [0, 1], [0, 5], [0, 1], [0, 1], [0, 2], [4, 15], [0, 3], [1, 2], [0, 1], [1, 2], [0, 1], [3, 4], [2, 3], [2, 3], [1, 2], [0, 1], [0, 1], [2, 6], [0, 1], [9, 14], [1, 4], [6, 8], [1, 2], [4, 8], [1, 2], [0, 2], [0, 1], [1, 2], [1, 2], [0, 1], [0, 2], [0, 2], [7, 8], [1, 5], [0, 1], [1, 2], [1, 3], [0, 1], [3, 4], [0, 1], [0, 1], [1, 4], [0, 1], [2, 3], [2, 3], [0, 1], [1, 3], [0, 3], [3, 4], [2, 10], [0, 1], [0, 3], [1, 2], [4, 11], [1, 8], [3, 4], [0, 1], [1, 3], [0, 1], [0, 6], [2, 3], [0, 1], [0, 1], [1, 8], [2, 3], [1, 2], [0, 1], [3, 5], [0, 2], [4, 5], [0, 4], [1, 2], [0, 3]]",2,0.7436867356300354,128,learned,0.0,3552,4.0,128,0.799462616443634,53,96 32 80 16,3552,0.5289925932884216,test,top_r_mean,0.0,0.5,0.5,0.375
0.036036036036036036,0.0,111,0.0,32,74.17830009944737,qasper,4.0,0.0,0.0,0.0,2003.11645:c2d1387e08cf25cb6b1f482178cca58030e85b70,mean,0.3962325962325962,0.1888512223958969,"[[0, 1], [1, 4], [2, 3], [0, 1], [0, 1], [2, 5], [6, 7], [0, 1], [0, 1], [0, 3], [7, 8], [0, 8], [0, 1], [2, 4], [2, 4], [0, 2], [0, 1], [8, 9], [1, 2], [4, 6], [0, 1], [1, 2], [1, 3], [0, 16], [0, 1], [0, 2], [1, 2], [3, 4], [1, 4], [1, 3], [2, 3], [0, 1], [0, 1], [1, 2], [7, 10], [1, 4], [0, 5], [0, 3], [0, 1], [0, 5], [0, 1], [0, 1], [0, 2], [4, 11], [0, 3], [1, 2], [0, 2], [2, 5], [0, 1], [3, 4], [2, 3], [2, 3], [1, 2], [0, 1], [0, 1], [2, 6], [0, 1], [9, 14], [1, 4], [6, 10], [2, 3], [4, 8], [1, 2], [0, 2], [0, 1], [1, 2], [1, 2], [0, 1], [0, 2], [0, 2], [7, 8], [1, 5], [0, 1], [1, 2], [1, 3], [0, 1], [3, 4], [0, 1], [0, 1], [1, 4], [0, 1], [2, 3], [1, 2], [0, 1], [1, 3], [0, 3], [3, 4], [2, 8], [0, 1], [0, 3], [1, 2], [4, 11], [1, 8], [3, 4], [0, 1], [1, 3], [0, 1], [6, 9], [0, 2], [0, 1], [0, 1], [8, 9], [2, 3], [1, 2], [0, 1], [3, 5], [2, 3], [4, 5], [0, 4], [1, 2], [0, 3]]",2,0.7352651953697205,128,learned,0.0,3552,4.0,128,0.7928593754768372,71,96 32 80 16,3552,0.5329413414001465,test,top_r_mean,0.0,0.5,0.5,0.375
0.036036036036036036,0.0,111,0.0,32,78.62090016715229,qasper,4.0,0.0,0.0,0.0,2003.11645:c2d1387e08cf25cb6b1f482178cca58030e85b70,mean,0.46601146601146604,0.02394995093345642,"[[0, 1, 2, 7], [1, 4, 11, 12], [2, 3, 5, 7], [0, 1, 5, 7], [0, 1, 2, 3], [2, 5, 6, 8], [6, 7, 9, 10], [0, 1, 5, 6], [0, 1, 3, 5], [3, 4, 5, 7], [7, 8, 9, 10], [0, 8, 10, 11], [0, 1, 2, 3], [2, 4, 5, 7], [4, 9, 11, 14], [0, 2, 5, 8], [0, 1, 2, 4], [8, 9, 11, 14], [1, 2, 3, 4], [4, 6, 7, 11], [0, 1, 4, 5], [1, 2, 3, 7], [1, 3, 4, 5], [0, 16, 21, 22], [0, 1, 10, 11], [0, 2, 3, 10], [2, 7, 9, 12], [3, 4, 8, 11], [1, 4, 7, 9], [1, 3, 4, 7], [2, 3, 4, 9], [0, 1, 3, 7], [0, 2, 3, 8], [1, 2, 3, 7], [7, 8, 10, 13], [1, 4, 5, 10], [5, 6, 8, 9], [0, 3, 4, 6], [0, 1, 3, 11], [5, 7, 14, 15], [0, 1, 5, 6], [0, 1, 2, 4], [0, 2, 3, 5], [4, 15, 19, 23], [0, 3, 4, 5], [1, 2, 3, 4], [0, 2, 3, 4], [2, 5, 6, 9], [0, 1, 3, 6], [3, 4, 8, 12], [2, 3, 7, 8], [2, 3, 13, 24], [1, 2, 11, 16], [0, 1, 2, 5], [0, 1, 6, 7], [2, 6, 7, 8], [0, 1, 9, 10], [9, 14, 15, 18], [1, 4, 5, 6], [6, 10, 14, 18], [2, 3, 9, 10], [8, 16, 17, 19], [1, 2, 4, 6], [0, 2, 3, 4], [0, 1, 2, 5], [1, 2, 5, 6], [1, 2, 4, 5], [1, 2, 3, 4], [0, 2, 3, 4], [2, 3, 4, 5], [7, 8, 14, 15], [1, 5, 6, 7], [0, 1, 2, 3], [2, 5, 6, 7], [1, 3, 6, 8], [0, 1, 4, 9], [3, 4, 5, 13], [0, 1, 4, 17], [0, 1, 2, 4], [1, 4, 8, 9], [0, 1, 2, 10], [3, 4, 5, 11], [2, 3, 4, 5], [0, 1, 3, 10], [1, 9, 12, 14], [0, 3, 5, 8], [3, 4, 7, 8], [2, 10, 11, 13], [0, 1, 2, 3], [0, 3, 5, 6], [1, 2, 3, 7], [4, 11, 12, 13], [1, 8, 10, 13], [3, 4, 20, 23], [0, 1, 2, 4], [1, 3, 4, 5], [0, 1, 3, 4], [6, 9, 14, 19], [2, 4, 5, 6], [0, 1, 3, 7], [0, 1, 2, 3], [8, 14, 21, 22], [2, 3, 5, 9], [1, 2, 8, 10], [0, 1, 2, 3], [5, 6, 8, 10], [0, 2, 3, 5], [4, 5, 6, 10], [0, 4, 5, 7], [1, 2, 4, 6], [0, 3, 4, 5]]",4,0.7971137762069702,128,learned,0.0,7104,4.0,128,0.8266758918762207,11,56 32 96 88,3552,0.6265355348587036,test,top_r_mean,0.0,0.0,0.5,0.625
0.036036036036036036,0.0,111,0.0,32,78.11999996192753,qasper,4.0,0.0,0.0,0.0,2003.11645:c2d1387e08cf25cb6b1f482178cca58030e85b70,mean,0.5017199017199018,0.026654798537492752,"[[0, 1, 2, 4], [1, 4, 12, 19], [2, 5, 6, 7], [0, 1, 4, 5], [0, 1, 2, 3], [2, 5, 6, 8], [1, 6, 7, 10], [0, 1, 2, 6], [0, 1, 3, 5], [0, 3, 4, 5], [8, 9, 10, 11], [0, 8, 10, 11], [0, 2, 3, 7], [2, 4, 5, 7], [2, 4, 9, 20], [0, 2, 8, 9], [0, 1, 2, 3], [8, 9, 11, 14], [0, 1, 2, 3], [4, 6, 11, 14], [0, 1, 2, 5], [1, 2, 7, 8], [1, 3, 4, 5], [0, 6, 16, 22], [0, 1, 4, 10], [0, 2, 3, 12], [2, 7, 9, 12], [3, 4, 8, 11], [1, 4, 7, 12], [1, 3, 4, 7], [2, 3, 4, 9], [0, 1, 3, 7], [0, 1, 2, 3], [1, 2, 3, 7], [7, 10, 11, 15], [1, 4, 5, 10], [0, 5, 6, 9], [0, 3, 4, 6], [0, 1, 3, 10], [0, 7, 14, 15], [0, 1, 5, 6], [0, 1, 2, 4], [0, 2, 3, 5], [4, 15, 19, 23], [0, 3, 4, 5], [1, 2, 3, 4], [0, 2, 4, 5], [1, 2, 4, 5], [0, 1, 3, 6], [2, 3, 4, 8], [2, 3, 7, 8], [2, 3, 5, 13], [1, 2, 11, 16], [0, 1, 2, 4], [0, 1, 6, 7], [2, 6, 7, 8], [0, 1, 9, 10], [7, 8, 14, 15], [1, 4, 5, 6], [6, 10, 17, 18], [0, 2, 3, 9], [4, 16, 17, 19], [1, 2, 3, 4], [0, 2, 3, 4], [0, 1, 2, 5], [1, 2, 4, 5], [1, 2, 4, 5], [0, 1, 3, 4], [0, 2, 3, 4], [0, 3, 4, 5], [7, 8, 14, 15], [1, 6, 7, 8], [0, 1, 2, 3], [1, 2, 5, 6], [1, 3, 8, 13], [0, 1, 4, 9], [3, 4, 5, 14], [0, 1, 4, 5], [0, 1, 2, 4], [1, 4, 9, 13], [0, 1, 2, 10], [3, 4, 5, 18], [2, 4, 5, 11], [0, 1, 3, 10], [1, 9, 12, 15], [0, 3, 5, 8], [3, 4, 7, 8], [2, 10, 11, 13], [0, 1, 3, 4], [0, 3, 5, 6], [1, 3, 7, 11], [4, 11, 12, 13], [1, 8, 9, 10], [3, 4, 20, 22], [0, 1, 4, 5], [1, 3, 4, 5], [0, 1, 3, 7], [0, 6, 9, 14], [2, 4, 5, 6], [0, 1, 3, 7], [0, 1, 2, 3], [7, 8, 14, 21], [2, 3, 5, 9], [1, 2, 4, 8], [0, 1, 2, 3], [3, 5, 6, 10], [2, 3, 5, 6], [4, 5, 6, 10], [0, 4, 5, 7], [1, 2, 6, 8], [0, 3, 4, 5]]",4,0.8087944984436035,128,learned,0.0,7104,4.0,128,0.8418171405792236,23,32 56 88 96,3552,0.6722183227539062,test,top_r_mean,0.0,0.0,0.5,0.625
0.036036036036036036,0.0,111,0.0,32,76.02209993638098,qasper,4.0,0.0,0.0,0.0,2003.11645:c2d1387e08cf25cb6b1f482178cca58030e85b70,mean,0.4722358722358722,0.024498580023646355,"[[0, 1, 2, 3], [1, 4, 12, 16], [2, 3, 5, 7], [0, 1, 5, 7], [0, 1, 2, 3], [1, 2, 5, 6], [6, 7, 9, 10], [0, 1, 2, 5], [0, 1, 3, 5], [0, 3, 4, 5], [5, 7, 8, 9], [0, 8, 10, 11], [0, 1, 2, 3], [2, 4, 5, 7], [2, 4, 9, 11], [0, 2, 5, 8], [0, 1, 2, 3], [1, 8, 9, 11], [1, 2, 3, 4], [4, 6, 7, 11], [0, 1, 2, 4], [1, 2, 3, 7], [1, 3, 4, 5], [0, 16, 21, 22], [0, 1, 7, 10], [0, 2, 3, 13], [1, 2, 7, 9], [3, 4, 8, 11], [1, 4, 7, 9], [1, 3, 4, 7], [2, 3, 4, 6], [0, 1, 3, 7], [0, 1, 2, 3], [1, 2, 3, 7], [7, 10, 13, 15], [1, 4, 5, 8], [0, 5, 6, 8], [0, 3, 4, 6], [0, 1, 3, 9], [0, 7, 14, 15], [0, 1, 5, 6], [0, 1, 2, 4], [0, 2, 3, 5], [4, 15, 19, 23], [0, 3, 4, 5], [1, 2, 3, 4], [0, 1, 2, 3], [1, 2, 5, 6], [0, 1, 3, 6], [3, 4, 8, 12], [2, 3, 6, 7], [2, 3, 5, 13], [0, 1, 2, 3], [0, 1, 2, 5], [0, 1, 6, 7], [2, 3, 6, 7], [0, 1, 9, 10], [9, 14, 15, 18], [1, 4, 5, 6], [6, 10, 14, 18], [2, 3, 9, 10], [4, 8, 16, 17], [1, 2, 3, 4], [0, 2, 3, 4], [0, 1, 2, 5], [1, 2, 4, 5], [1, 2, 4, 5], [0, 1, 2, 3], [0, 2, 3, 4], [0, 2, 3, 4], [2, 7, 8, 14], [1, 5, 6, 7], [0, 1, 2, 3], [1, 2, 5, 6], [1, 3, 6, 8], [0, 1, 4, 9], [3, 4, 5, 13], [0, 1, 4, 5], [0, 1, 2, 4], [1, 4, 8, 9], [0, 1, 2, 10], [2, 3, 4, 5], [2, 3, 4, 5], [0, 1, 2, 3], [1, 3, 9, 12], [0, 3, 5, 8], [3, 4, 6, 7], [2, 8, 10, 11], [0, 1, 2, 3], [0, 3, 4, 5], [1, 2, 3, 7], [4, 11, 12, 13], [1, 8, 9, 10], [3, 4, 6, 20], [0, 1, 2, 4], [1, 3, 4, 5], [0, 1, 3, 4], [0, 6, 9, 11], [0, 2, 3, 4], [0, 1, 3, 7], [0, 1, 2, 3], [1, 7, 8, 9], [2, 3, 5, 9], [1, 2, 8, 10], [0, 1, 2, 3], [3, 5, 6, 8], [0, 2, 3, 5], [4, 5, 6, 8], [0, 4, 5, 7], [1, 2, 6, 8], [0, 3, 4, 5]]",4,0.7926377058029175,128,learned,0.0,7104,4.0,128,0.8230538964271545,37,32 56 96 88,3552,0.6362495422363281,test,top_r_mean,0.0,0.0,0.5,0.625
0.036036036036036036,0.0,111,0.0,32,73.41099996119738,qasper,4.0,0.0,0.0,0.0,2003.11645:c2d1387e08cf25cb6b1f482178cca58030e85b70,mean,0.46306306306306305,0.024965325370430946,"[[0, 1, 2, 4], [1, 4, 11, 16], [2, 3, 5, 7], [0, 1, 5, 7], [0, 1, 2, 3], [1, 2, 5, 6], [6, 7, 9, 10], [0, 1, 2, 6], [0, 1, 3, 5], [0, 3, 4, 5], [7, 8, 9, 10], [0, 8, 10, 11], [0, 1, 2, 3], [2, 4, 5, 7], [2, 4, 9, 11], [0, 2, 5, 8], [0, 1, 2, 4], [1, 8, 9, 11], [1, 2, 3, 4], [4, 6, 7, 11], [0, 1, 2, 4], [1, 2, 3, 7], [1, 3, 4, 5], [0, 16, 21, 22], [0, 1, 10, 11], [0, 2, 3, 5], [1, 2, 7, 9], [3, 4, 8, 11], [1, 4, 7, 9], [1, 3, 4, 7], [2, 3, 4, 6], [0, 1, 3, 7], [0, 1, 2, 3], [1, 2, 3, 7], [7, 10, 13, 15], [1, 4, 5, 8], [0, 5, 6, 8], [0, 3, 4, 6], [0, 1, 3, 9], [0, 5, 14, 15], [0, 1, 5, 6], [0, 1, 2, 4], [0, 2, 3, 5], [4, 15, 19, 23], [0, 3, 4, 5], [1, 2, 3, 4], [0, 1, 2, 3], [1, 2, 5, 6], [0, 1, 3, 6], [3, 4, 8, 12], [2, 3, 6, 7], [2, 3, 5, 13], [1, 2, 11, 16], [0, 1, 2, 5], [0, 1, 3, 6], [2, 6, 7, 8], [0, 1, 9, 10], [9, 14, 15, 18], [1, 4, 5, 6], [6, 8, 10, 14], [1, 2, 3, 9], [4, 8, 16, 17], [1, 2, 4, 5], [0, 2, 3, 4], [0, 1, 2, 5], [1, 2, 4, 5], [1, 2, 4, 5], [0, 1, 2, 3], [0, 2, 3, 4], [0, 2, 3, 4], [7, 8, 14, 15], [1, 5, 6, 7], [0, 1, 2, 3], [1, 2, 5, 6], [1, 3, 6, 8], [0, 1, 4, 9], [3, 4, 5, 13], [0, 1, 3, 4], [0, 1, 2, 4], [1, 4, 8, 9], [0, 1, 2, 10], [2, 3, 4, 5], [2, 3, 4, 5], [0, 1, 2, 3], [1, 3, 9, 12], [0, 3, 5, 8], [3, 4, 6, 7], [2, 10, 11, 13], [0, 1, 2, 3], [0, 3, 4, 5], [1, 2, 3, 7], [4, 11, 12, 13], [1, 8, 9, 10], [3, 4, 20, 23], [0, 1, 2, 4], [1, 3, 4, 5], [0, 1, 3, 4], [0, 6, 9, 14], [2, 3, 4, 5], [0, 1, 3, 7], [0, 1, 2, 3], [1, 8, 14, 22], [2, 3, 5, 9], [1, 2, 8, 10], [0, 1, 2, 4], [3, 5, 6, 8], [0, 2, 3, 5], [4, 5, 6, 8], [0, 4, 5, 7], [1, 2, 4, 6], [0, 3, 4, 5]]",4,0.7964329719543457,128,learned,0.0,7104,4.0,128,0.8260146379470825,53,32 56 96 88,3552,0.6318357586860657,test,top_r_mean,0.0,0.0,0.5,0.5
0.036036036036036036,0.0,111,0.0,32,72.1303999889642,qasper,4.0,0.0,0.0,0.0,2003.11645:c2d1387e08cf25cb6b1f482178cca58030e85b70,mean,0.49025389025389027,0.023707903921604156,"[[0, 1, 2, 4], [1, 4, 12, 16], [2, 3, 5, 7], [0, 1, 5, 7], [0, 1, 2, 3], [2, 5, 6, 8], [6, 7, 9, 10], [0, 1, 2, 6], [0, 1, 3, 5], [0, 3, 4, 5], [7, 8, 9, 10], [0, 8, 10, 11], [0, 1, 2, 3], [2, 4, 5, 7], [2, 4, 9, 14], [0, 2, 5, 9], [0, 1, 2, 4], [8, 9, 11, 14], [1, 2, 3, 4], [4, 6, 7, 11], [0, 1, 2, 4], [1, 2, 7, 8], [1, 3, 4, 5], [0, 16, 21, 22], [0, 1, 10, 11], [0, 2, 3, 12], [1, 2, 7, 9], [3, 4, 8, 11], [1, 4, 12, 13], [1, 3, 4, 7], [2, 3, 4, 6], [0, 1, 3, 7], [0, 1, 2, 3], [1, 2, 3, 7], [7, 10, 13, 15], [1, 4, 5, 10], [0, 5, 6, 8], [0, 3, 4, 6], [0, 1, 3, 9], [0, 5, 14, 15], [0, 1, 5, 6], [0, 1, 2, 4], [0, 2, 3, 5], [4, 11, 19, 23], [0, 3, 4, 5], [1, 2, 3, 4], [0, 2, 3, 4], [2, 5, 6, 9], [0, 1, 3, 6], [3, 4, 8, 12], [2, 3, 6, 7], [2, 3, 5, 13], [1, 2, 11, 16], [0, 1, 2, 4], [0, 1, 6, 7], [2, 6, 7, 8], [0, 1, 9, 10], [9, 14, 15, 18], [1, 4, 5, 7], [6, 10, 17, 18], [2, 3, 9, 10], [4, 8, 17, 19], [1, 2, 4, 5], [0, 2, 3, 4], [0, 1, 2, 5], [1, 2, 4, 5], [1, 2, 4, 5], [0, 1, 3, 4], [0, 2, 3, 4], [0, 2, 3, 4], [7, 8, 11, 14], [1, 5, 6, 7], [0, 1, 2, 3], [1, 2, 5, 6], [1, 3, 6, 8], [0, 1, 4, 9], [3, 4, 5, 14], [0, 1, 4, 17], [0, 1, 2, 4], [1, 4, 9, 13], [0, 1, 2, 10], [2, 3, 4, 5], [1, 2, 3, 4], [0, 1, 3, 7], [1, 3, 9, 12], [0, 3, 8, 9], [3, 4, 7, 8], [2, 8, 10, 11], [0, 1, 2, 3], [0, 3, 5, 6], [1, 2, 3, 7], [4, 11, 12, 13], [1, 8, 9, 10], [3, 4, 20, 22], [0, 1, 2, 4], [1, 3, 4, 5], [0, 1, 3, 7], [6, 9, 14, 19], [0, 2, 4, 5], [0, 1, 3, 7], [0, 1, 2, 3], [8, 9, 14, 22], [2, 3, 5, 9], [1, 2, 8, 10], [0, 1, 2, 3], [3, 5, 6, 8], [2, 3, 5, 6], [4, 5, 6, 10], [0, 4, 5, 7], [1, 2, 6, 15], [0, 3, 4, 5]]",4,0.7852402329444885,128,learned,0.0,7104,4.0,128,0.814222514629364,71,32 56 96 88,3552,0.6563969254493713,test,top_r_mean,0.0,0.0,0.5,0.5
0.036036036036036036,1.0,111,1.0,32,86.89359994605184,qasper,4.0,0.25,1.0,0.0,2003.11645:c2d1387e08cf25cb6b1f482178cca58030e85b70,mean,0.6285012285012285,0.0080293919891119,"[[0, 1, 2, 7, 14, 15, 17, 25], [1, 4, 11, 12, 16, 19, 24, 25], [2, 3, 5, 7, 9, 16, 23, 24], [0, 1, 5, 7, 8, 11, 28, 30], [0, 1, 2, 3, 4, 10, 13, 28], [2, 5, 6, 8, 10, 15, 20, 27], [6, 7, 9, 10, 12, 13, 17, 19], [0, 1, 5, 6, 9, 13, 17, 25], [0, 1, 3, 5, 11, 14, 26, 29], [3, 4, 5, 7, 8, 10, 13, 22], [7, 8, 9, 10, 11, 12, 25, 31], [0, 8, 10, 11, 14, 18, 19, 22], [0, 1, 2, 3, 7, 26, 28, 31], [2, 4, 5, 7, 10, 15, 16, 22], [4, 9, 11, 14, 17, 20, 21, 22], [0, 2, 5, 8, 9, 21, 28, 31], [0, 1, 2, 4, 6, 7, 9, 23], [8, 9, 11, 14, 21, 28, 29, 31], [1, 2, 3, 4, 6, 7, 9, 20], [4, 6, 7, 11, 14, 15, 19, 29], [0, 1, 4, 5, 8, 16, 22, 25], [1, 2, 3, 7, 9, 13, 18, 25], [1, 3, 4, 5, 7, 9, 10, 12], [0, 16, 21, 22, 23, 25, 28, 30], [0, 1, 10, 11, 13, 14, 17, 28], [0, 2, 3, 10, 12, 13, 23, 28], [2, 7, 9, 12, 18, 19, 26, 29], [3, 4, 8, 11, 13, 16, 19, 20], [1, 4, 7, 9, 12, 13, 18, 19], [1, 3, 4, 7, 9, 17, 19, 20], [2, 3, 4, 9, 10, 12, 14, 31], [0, 1, 3, 7, 14, 17, 18, 19], [0, 2, 3, 8, 14, 18, 24, 29], [1, 2, 3, 7, 13, 17, 25, 26], [7, 8, 10, 13, 15, 16, 26, 30], [1, 4, 5, 10, 11, 16, 20, 30], [5, 6, 8, 9, 13, 14, 24, 31], [0, 3, 4, 6, 7, 19, 21, 27], [0, 1, 3, 11, 18, 22, 23, 27], [5, 7, 14, 15, 16, 22, 26, 30], [0, 1, 5, 6, 8, 10, 26, 29], [0, 1, 2, 4, 6, 7, 8, 24], [0, 2, 3, 5, 8, 12, 14, 18], [4, 15, 19, 23, 25, 26, 29, 31], [0, 3, 4, 5, 24, 25, 30, 31], [1, 2, 3, 4, 8, 9, 13, 30], [0, 2, 3, 4, 5, 18, 23, 27], [2, 5, 6, 9, 11, 12, 18, 20], [0, 1, 3, 6, 7, 9, 13, 14], [3, 4, 8, 12, 13, 19, 20, 29], [2, 3, 7, 8, 10, 11, 13, 15], [2, 3, 13, 24, 26, 27, 28, 31], [1, 2, 11, 16, 17, 20, 22, 30], [0, 1, 2, 5, 7, 12, 13, 15], [0, 1, 6, 7, 14, 16, 17, 18], [2, 6, 7, 8, 10, 12, 17, 30], [0, 1, 9, 10, 12, 14, 15, 16], [9, 14, 15, 18, 25, 26, 27, 29], [1, 4, 5, 6, 7, 13, 14, 16], [6, 10, 14, 18, 19, 22, 24, 26], [2, 3, 9, 10, 12, 20, 23, 26], [8, 16, 17, 19, 22, 27, 28, 31], [1, 2, 4, 6, 9, 13, 16, 21], [0, 2, 3, 4, 5, 8, 21, 31], [0, 1, 2, 5, 7, 13, 24, 27], [1, 2, 5, 6, 14, 18, 21, 24], [1, 2, 4, 5, 6, 7, 17, 31], [1, 2, 3, 4, 18, 21, 23, 25], [0, 2, 3, 4, 8, 12, 25, 31], [2, 3, 4, 5, 11, 23, 30, 31], [7, 8, 14, 15, 26, 27, 28, 29], [1, 5, 6, 7, 8, 9, 10, 11], [0, 1, 2, 3, 5, 6, 10, 13], [2, 5, 6, 7, 13, 14, 20, 23], [1, 3, 6, 8, 13, 14, 19, 26], [0, 1, 4, 9, 10, 13, 28, 29], [3, 4, 5, 13, 14, 15, 28, 30], [0, 1, 4, 17, 22, 27, 28, 29], [0, 1, 2, 4, 5, 11, 14, 16], [1, 4, 8, 9, 13, 15, 20, 31], [0, 1, 2, 10, 25, 28, 29, 30], [3, 4, 5, 11, 18, 19, 24, 27], [2, 3, 4, 5, 11, 13, 22, 25], [0, 1, 3, 10, 16, 21, 22, 30], [1, 9, 12, 14, 15, 25, 27, 28], [0, 3, 5, 8, 9, 13, 15, 23], [3, 4, 7, 8, 12, 15, 19, 31], [2, 10, 11, 13, 17, 18, 30, 31], [0, 1, 2, 3, 4, 5, 15, 26], [0, 3, 5, 6, 8, 10, 14, 28], [1, 2, 3, 7, 11, 14, 23, 24], [4, 11, 12, 13, 14, 16, 22, 23], [1, 8, 10, 13, 15, 16, 17, 19], [3, 4, 20, 23, 26, 27, 28, 30], [0, 1, 2, 4, 5, 6, 7, 8], [1, 3, 4, 5, 7, 10, 26, 31], [0, 1, 3, 4, 7, 9, 17, 18], [6, 9, 14, 19, 20, 25, 26, 30], [2, 4, 5, 6, 7, 11, 19, 28], [0, 1, 3, 7, 8, 12, 13, 20], [0, 1, 2, 3, 4, 15, 19, 22], [8, 14, 21, 22, 27, 28, 29, 31], [2, 3, 5, 9, 13, 18, 22, 26], [1, 2, 8, 10, 11, 13, 24, 31], [0, 1, 2, 3, 4, 5, 8, 10], [5, 6, 8, 10, 17, 18, 24, 25], [0, 2, 3, 5, 6, 14, 19, 22], [4, 5, 6, 10, 12, 18, 26, 28], [0, 4, 5, 7, 12, 17, 22, 25], [1, 2, 4, 6, 8, 16, 23, 24], [0, 3, 4, 5, 19, 22, 30, 31]]",8,0.3604002296924591,128,learned,0.25,14208,4.0,128,0.3829321563243866,11,56 32 80 0,3552,0.8100122213363647,test,top_r_mean,0.0,0.0,0.75,0.75
0.036036036036036036,1.0,111,1.0,32,80.70419984869659,qasper,4.0,0.25,1.0,0.0,2003.11645:c2d1387e08cf25cb6b1f482178cca58030e85b70,mean,0.6812448812448813,0.008629593066871166,"[[0, 1, 2, 4, 7, 14, 15, 17], [1, 4, 12, 19, 24, 25, 27, 31], [2, 5, 6, 7, 9, 16, 23, 24], [0, 1, 4, 5, 7, 8, 11, 30], [0, 1, 2, 3, 4, 10, 13, 23], [2, 5, 6, 8, 10, 15, 20, 27], [1, 6, 7, 10, 12, 13, 17, 19], [0, 1, 2, 6, 9, 13, 17, 25], [0, 1, 3, 5, 12, 14, 26, 29], [0, 3, 4, 5, 7, 8, 11, 13], [8, 9, 10, 11, 12, 19, 25, 31], [0, 8, 10, 11, 14, 18, 22, 28], [0, 2, 3, 7, 25, 26, 28, 31], [2, 4, 5, 7, 15, 16, 20, 22], [2, 4, 9, 20, 21, 26, 27, 28], [0, 2, 8, 9, 21, 28, 29, 31], [0, 1, 2, 3, 4, 6, 7, 21], [8, 9, 11, 14, 21, 28, 29, 31], [0, 1, 2, 3, 4, 6, 7, 20], [4, 6, 11, 14, 15, 19, 29, 31], [0, 1, 2, 5, 8, 16, 22, 25], [1, 2, 7, 8, 9, 13, 18, 25], [1, 3, 4, 5, 7, 9, 10, 12], [0, 6, 16, 22, 23, 25, 28, 30], [0, 1, 4, 10, 11, 13, 17, 28], [0, 2, 3, 12, 13, 23, 24, 28], [2, 7, 9, 12, 18, 19, 26, 29], [3, 4, 8, 11, 13, 18, 19, 20], [1, 4, 7, 12, 13, 16, 18, 19], [1, 3, 4, 7, 9, 18, 19, 20], [2, 3, 4, 9, 11, 13, 14, 31], [0, 1, 3, 7, 14, 17, 18, 19], [0, 1, 2, 3, 14, 18, 24, 29], [1, 2, 3, 7, 13, 17, 25, 26], [7, 10, 11, 15, 16, 20, 26, 30], [1, 4, 5, 10, 11, 15, 16, 30], [0, 5, 6, 9, 13, 14, 24, 31], [0, 3, 4, 6, 7, 19, 21, 27], [0, 1, 3, 10, 11, 22, 23, 27], [0, 7, 14, 15, 16, 22, 26, 30], [0, 1, 5, 6, 8, 10, 26, 29], [0, 1, 2, 4, 6, 8, 24, 30], [0, 2, 3, 5, 11, 12, 14, 18], [4, 15, 19, 23, 25, 26, 29, 31], [0, 3, 4, 5, 24, 25, 30, 31], [1, 2, 3, 4, 8, 13, 30, 31], [0, 2, 4, 5, 9, 18, 23, 27], [1, 2, 4, 5, 6, 9, 11, 12], [0, 1, 3, 6, 7, 9, 13, 14], [2, 3, 4, 8, 12, 19, 20, 29], [2, 3, 7, 8, 10, 11, 13, 15], [2, 3, 5, 13, 24, 27, 28, 31], [1, 2, 11, 16, 17, 20, 22, 30], [0, 1, 2, 4, 5, 7, 12, 13], [0, 1, 6, 7, 14, 16, 17, 18], [2, 6, 7, 8, 10, 12, 17, 30], [0, 1, 9, 10, 12, 14, 15, 16], [7, 8, 14, 15, 18, 25, 26, 27], [1, 4, 5, 6, 7, 13, 14, 16], [6, 10, 17, 18, 21, 22, 24, 26], [0, 2, 3, 9, 12, 20, 23, 26], [4, 16, 17, 19, 22, 27, 28, 31], [1, 2, 3, 4, 5, 6, 9, 13], [0, 2, 3, 4, 5, 8, 21, 31], [0, 1, 2, 5, 7, 13, 24, 27], [1, 2, 4, 5, 6, 18, 21, 24], [1, 2, 4, 5, 6, 8, 17, 31], [0, 1, 3, 4, 8, 18, 21, 23], [0, 2, 3, 4, 8, 14, 25, 31], [0, 3, 4, 5, 11, 12, 30, 31], [7, 8, 14, 15, 26, 27, 28, 29], [1, 6, 7, 8, 9, 10, 11, 21], [0, 1, 2, 3, 5, 6, 10, 18], [1, 2, 5, 6, 13, 14, 20, 23], [1, 3, 8, 13, 14, 19, 26, 27], [0, 1, 4, 9, 10, 13, 28, 29], [3, 4, 5, 14, 15, 28, 29, 30], [0, 1, 4, 5, 22, 27, 28, 29], [0, 1, 2, 4, 5, 13, 16, 31], [1, 4, 9, 13, 15, 20, 27, 31], [0, 1, 2, 10, 25, 28, 29, 30], [3, 4, 5, 18, 19, 21, 24, 27], [2, 4, 5, 11, 13, 22, 23, 25], [0, 1, 3, 10, 16, 21, 22, 30], [1, 9, 12, 15, 25, 27, 28, 29], [0, 3, 5, 8, 9, 15, 23, 28], [3, 4, 7, 8, 15, 17, 19, 31], [2, 10, 11, 13, 17, 18, 30, 31], [0, 1, 3, 4, 5, 15, 19, 26], [0, 3, 5, 6, 8, 14, 23, 28], [1, 3, 7, 11, 14, 19, 23, 24], [4, 11, 12, 13, 14, 16, 22, 31], [1, 8, 9, 10, 13, 15, 16, 17], [3, 4, 20, 22, 23, 26, 27, 30], [0, 1, 4, 5, 6, 7, 8, 11], [1, 3, 4, 5, 7, 10, 14, 31], [0, 1, 3, 7, 17, 18, 25, 31], [0, 6, 9, 14, 19, 20, 26, 30], [2, 4, 5, 6, 7, 11, 28, 29], [0, 1, 3, 7, 8, 12, 13, 20], [0, 1, 2, 3, 4, 15, 19, 20], [7, 8, 14, 21, 22, 27, 28, 29], [2, 3, 5, 9, 12, 13, 18, 22], [1, 2, 4, 8, 10, 11, 16, 24], [0, 1, 2, 3, 4, 5, 10, 27], [3, 5, 6, 10, 18, 24, 25, 27], [2, 3, 5, 6, 8, 10, 14, 22], [4, 5, 6, 10, 12, 18, 27, 28], [0, 4, 5, 7, 12, 17, 21, 31], [1, 2, 6, 8, 11, 15, 23, 24], [0, 3, 4, 5, 19, 22, 30, 31]]",8,0.3708162009716034,128,learned,0.25,14208,4.0,128,0.39281582832336426,23,56 32 80 0,3552,0.860740602016449,test,top_r_mean,0.0,0.0,0.75,0.875
0.036036036036036036,0.0,111,0.0,32,73.7578000407666,qasper,4.0,0.0,0.0,0.0,2003.11645:c2d1387e08cf25cb6b1f482178cca58030e85b70,mean,0.6511056511056511,0.008231982588768005,"[[0, 1, 2, 3, 4, 7, 14, 17], [1, 4, 12, 16, 19, 24, 25, 31], [2, 3, 5, 7, 9, 16, 23, 24], [0, 1, 5, 7, 8, 11, 28, 30], [0, 1, 2, 3, 4, 10, 13, 28], [1, 2, 5, 6, 8, 10, 15, 20], [6, 7, 9, 10, 12, 13, 17, 19], [0, 1, 2, 5, 6, 9, 13, 25], [0, 1, 3, 5, 11, 14, 26, 29], [0, 3, 4, 5, 7, 8, 13, 22], [5, 7, 8, 9, 10, 12, 25, 31], [0, 8, 10, 11, 14, 18, 19, 22], [0, 1, 2, 3, 7, 25, 26, 28], [2, 4, 5, 7, 15, 16, 20, 22], [2, 4, 9, 11, 14, 17, 20, 21], [0, 2, 5, 8, 9, 21, 28, 31], [0, 1, 2, 3, 4, 6, 7, 9], [1, 8, 9, 11, 14, 28, 29, 31], [1, 2, 3, 4, 6, 7, 9, 20], [4, 6, 7, 11, 14, 15, 19, 29], [0, 1, 2, 4, 5, 8, 16, 22], [1, 2, 3, 7, 8, 9, 18, 25], [1, 3, 4, 5, 7, 9, 10, 12], [0, 16, 21, 22, 23, 25, 28, 30], [0, 1, 7, 10, 11, 13, 17, 28], [0, 2, 3, 13, 21, 23, 24, 28], [1, 2, 7, 9, 12, 18, 19, 26], [3, 4, 8, 11, 13, 16, 19, 20], [1, 4, 7, 9, 12, 13, 18, 19], [1, 3, 4, 7, 9, 18, 19, 20], [2, 3, 4, 6, 9, 10, 11, 14], [0, 1, 3, 7, 14, 17, 18, 19], [0, 1, 2, 3, 8, 14, 24, 29], [1, 2, 3, 7, 13, 17, 25, 26], [7, 10, 13, 15, 16, 20, 26, 30], [1, 4, 5, 8, 10, 11, 16, 30], [0, 5, 6, 8, 13, 14, 24, 31], [0, 3, 4, 6, 7, 19, 21, 27], [0, 1, 3, 9, 11, 22, 23, 27], [0, 7, 14, 15, 16, 22, 26, 30], [0, 1, 5, 6, 8, 10, 26, 29], [0, 1, 2, 4, 6, 7, 8, 24], [0, 2, 3, 5, 8, 12, 14, 18], [4, 15, 19, 23, 25, 26, 29, 31], [0, 3, 4, 5, 24, 25, 30, 31], [1, 2, 3, 4, 8, 9, 13, 30], [0, 1, 2, 3, 4, 5, 23, 27], [1, 2, 5, 6, 9, 10, 11, 12], [0, 1, 3, 6, 7, 9, 13, 14], [3, 4, 8, 12, 13, 19, 20, 29], [2, 3, 6, 7, 8, 10, 11, 15], [2, 3, 5, 13, 24, 27, 28, 31], [0, 1, 2, 3, 11, 16, 17, 30], [0, 1, 2, 5, 7, 12, 13, 15], [0, 1, 6, 7, 14, 16, 17, 18], [2, 3, 6, 7, 8, 10, 17, 30], [0, 1, 9, 10, 12, 14, 15, 16], [9, 14, 15, 18, 25, 26, 27, 29], [1, 4, 5, 6, 7, 13, 14, 16], [6, 10, 14, 18, 19, 22, 24, 26], [2, 3, 9, 10, 12, 20, 23, 26], [4, 8, 16, 17, 19, 22, 27, 31], [1, 2, 3, 4, 5, 6, 9, 13], [0, 2, 3, 4, 5, 8, 21, 31], [0, 1, 2, 5, 7, 13, 24, 27], [1, 2, 4, 5, 6, 14, 21, 24], [1, 2, 4, 5, 6, 7, 17, 31], [0, 1, 2, 3, 4, 18, 21, 23], [0, 2, 3, 4, 8, 9, 12, 31], [0, 2, 3, 4, 5, 11, 30, 31], [2, 7, 8, 14, 15, 26, 28, 29], [1, 5, 6, 7, 8, 9, 10, 11], [0, 1, 2, 3, 5, 6, 10, 13], [1, 2, 5, 6, 7, 14, 20, 23], [1, 3, 6, 8, 13, 14, 19, 26], [0, 1, 4, 9, 10, 13, 28, 29], [3, 4, 5, 13, 14, 15, 28, 30], [0, 1, 4, 5, 22, 27, 28, 29], [0, 1, 2, 4, 5, 11, 14, 16], [1, 4, 8, 9, 13, 15, 20, 31], [0, 1, 2, 10, 25, 28, 29, 30], [2, 3, 4, 5, 11, 18, 19, 24], [2, 3, 4, 5, 11, 13, 22, 25], [0, 1, 2, 3, 16, 21, 22, 30], [1, 3, 9, 12, 15, 25, 27, 28], [0, 3, 5, 8, 9, 13, 15, 23], [3, 4, 6, 7, 8, 12, 15, 17], [2, 8, 10, 11, 17, 18, 30, 31], [0, 1, 2, 3, 4, 5, 15, 19], [0, 3, 4, 5, 6, 14, 23, 28], [1, 2, 3, 7, 11, 14, 23, 24], [4, 11, 12, 13, 14, 16, 17, 22], [1, 8, 9, 10, 13, 15, 16, 17], [3, 4, 6, 20, 22, 23, 26, 27], [0, 1, 2, 4, 5, 6, 7, 8], [1, 3, 4, 5, 7, 10, 26, 31], [0, 1, 3, 4, 7, 17, 18, 25], [0, 6, 9, 11, 14, 19, 20, 26], [0, 2, 3, 4, 5, 6, 7, 11], [0, 1, 3, 7, 8, 12, 13, 20], [0, 1, 2, 3, 4, 6, 9, 15], [1, 7, 8, 9, 14, 27, 28, 29], [2, 3, 5, 9, 12, 13, 18, 22], [1, 2, 8, 10, 11, 13, 16, 24], [0, 1, 2, 3, 4, 5, 8, 10], [3, 5, 6, 8, 10, 17, 18, 27], [0, 2, 3, 5, 6, 14, 19, 22], [4, 5, 6, 8, 10, 12, 18, 28], [0, 4, 5, 7, 12, 17, 21, 22], [1, 2, 6, 8, 15, 16, 23, 24], [0, 3, 4, 5, 19, 22, 30, 31]]",8,0.3570117652416229,128,learned,0.0,14208,4.0,128,0.3800836503505707,37,56 80 32 88,3552,0.8312214016914368,test,top_r_mean,0.0,0.0,0.5,0.75
0.036036036036036036,1.0,111,1.0,32,77.64989999122918,qasper,4.0,0.25,1.0,0.0,2003.11645:c2d1387e08cf25cb6b1f482178cca58030e85b70,mean,0.6543816543816544,0.008579643443226814,"[[0, 1, 2, 4, 7, 14, 15, 17], [1, 4, 11, 16, 19, 24, 25, 30], [2, 3, 5, 7, 9, 16, 23, 24], [0, 1, 5, 7, 8, 11, 28, 30], [0, 1, 2, 3, 4, 10, 13, 28], [1, 2, 5, 6, 8, 10, 20, 27], [6, 7, 9, 10, 12, 13, 17, 19], [0, 1, 2, 6, 9, 13, 17, 25], [0, 1, 3, 5, 11, 14, 26, 29], [0, 3, 4, 5, 7, 8, 13, 22], [7, 8, 9, 10, 11, 12, 25, 31], [0, 8, 10, 11, 14, 18, 19, 22], [0, 1, 2, 3, 7, 25, 26, 28], [2, 4, 5, 7, 15, 16, 20, 22], [2, 4, 9, 11, 20, 21, 22, 27], [0, 2, 5, 8, 9, 21, 28, 31], [0, 1, 2, 4, 5, 6, 7, 9], [1, 8, 9, 11, 14, 28, 29, 31], [1, 2, 3, 4, 6, 7, 9, 20], [4, 6, 7, 11, 14, 15, 19, 29], [0, 1, 2, 4, 5, 8, 16, 22], [1, 2, 3, 7, 9, 13, 18, 25], [1, 3, 4, 5, 7, 9, 10, 12], [0, 16, 21, 22, 23, 25, 28, 30], [0, 1, 10, 11, 13, 14, 17, 28], [0, 2, 3, 5, 12, 13, 23, 28], [1, 2, 7, 9, 12, 18, 26, 29], [3, 4, 8, 11, 13, 16, 19, 20], [1, 4, 7, 9, 12, 13, 18, 19], [1, 3, 4, 7, 9, 17, 19, 20], [2, 3, 4, 6, 9, 10, 12, 14], [0, 1, 3, 7, 14, 17, 18, 19], [0, 1, 2, 3, 14, 18, 24, 29], [1, 2, 3, 7, 13, 17, 25, 26], [7, 10, 13, 15, 16, 20, 26, 30], [1, 4, 5, 8, 10, 11, 16, 30], [0, 5, 6, 8, 13, 14, 24, 31], [0, 3, 4, 6, 7, 19, 21, 27], [0, 1, 3, 9, 11, 22, 23, 27], [0, 5, 14, 15, 16, 22, 26, 30], [0, 1, 5, 6, 8, 10, 26, 29], [0, 1, 2, 4, 6, 7, 8, 24], [0, 2, 3, 5, 8, 12, 14, 18], [4, 15, 19, 23, 25, 26, 29, 31], [0, 3, 4, 5, 24, 25, 30, 31], [1, 2, 3, 4, 8, 9, 13, 30], [0, 1, 2, 3, 4, 5, 23, 27], [1, 2, 5, 6, 9, 11, 12, 20], [0, 1, 3, 6, 7, 9, 13, 14], [3, 4, 8, 12, 13, 19, 20, 29], [2, 3, 6, 7, 8, 10, 11, 15], [2, 3, 5, 13, 24, 27, 28, 31], [1, 2, 11, 16, 17, 20, 22, 30], [0, 1, 2, 5, 7, 12, 13, 15], [0, 1, 3, 6, 7, 14, 17, 18], [2, 6, 7, 8, 10, 12, 17, 30], [0, 1, 9, 10, 12, 14, 15, 16], [9, 14, 15, 18, 25, 26, 27, 29], [1, 4, 5, 6, 7, 13, 14, 16], [6, 8, 10, 14, 18, 22, 24, 26], [1, 2, 3, 9, 12, 20, 23, 26], [4, 8, 16, 17, 19, 22, 27, 31], [1, 2, 4, 5, 6, 9, 13, 21], [0, 2, 3, 4, 5, 8, 21, 31], [0, 1, 2, 5, 7, 13, 24, 27], [1, 2, 4, 5, 6, 14, 18, 24], [1, 2, 4, 5, 6, 7, 17, 31], [0, 1, 2, 3, 4, 18, 21, 23], [0, 2, 3, 4, 8, 12, 25, 31], [0, 2, 3, 4, 5, 11, 30, 31], [7, 8, 14, 15, 26, 27, 28, 29], [1, 5, 6, 7, 8, 9, 10, 11], [0, 1, 2, 3, 5, 6, 10, 13], [1, 2, 5, 6, 7, 14, 20, 23], [1, 3, 6, 8, 13, 14, 19, 26], [0, 1, 4, 9, 10, 13, 28, 29], [3, 4, 5, 13, 14, 15, 28, 30], [0, 1, 3, 4, 22, 27, 28, 29], [0, 1, 2, 4, 5, 11, 14, 16], [1, 4, 8, 9, 13, 15, 20, 31], [0, 1, 2, 10, 25, 28, 29, 30], [2, 3, 4, 5, 18, 19, 24, 27], [2, 3, 4, 5, 11, 13, 22, 25], [0, 1, 2, 3, 16, 21, 22, 30], [1, 3, 9, 12, 15, 25, 27, 28], [0, 3, 5, 8, 9, 13, 15, 23], [3, 4, 6, 7, 8, 12, 15, 31], [2, 10, 11, 13, 17, 18, 30, 31], [0, 1, 2, 3, 4, 5, 15, 19], [0, 3, 4, 5, 6, 8, 14, 28], [1, 2, 3, 7, 11, 14, 23, 24], [4, 11, 12, 13, 14, 16, 22, 31], [1, 8, 9, 10, 13, 15, 16, 17], [3, 4, 20, 23, 26, 27, 28, 30], [0, 1, 2, 4, 5, 6, 7, 8], [1, 3, 4, 5, 7, 10, 26, 31], [0, 1, 3, 4, 7, 17, 18, 25], [0, 6, 9, 14, 19, 20, 26, 30], [2, 3, 4, 5, 6, 7, 11, 28], [0, 1, 3, 7, 8, 12, 13, 20], [0, 1, 2, 3, 4, 9, 15, 19], [1, 8, 14, 22, 27, 28, 29, 31], [2, 3, 5, 9, 13, 18, 22, 26], [1, 2, 8, 10, 11, 13, 16, 24], [0, 1, 2, 4, 5, 8, 10, 27], [3, 5, 6, 8, 10, 17, 18, 25], [0, 2, 3, 5, 6, 14, 19, 22], [4, 5, 6, 8, 10, 12, 18, 28], [0, 4, 5, 7, 9, 12, 17, 25], [1, 2, 4, 6, 8, 16, 23, 24], [0, 3, 4, 5, 19, 22, 30, 31]]",8,0.3604077398777008,128,learned,0.25,14208,4.0,128,0.3840440809726715,53,56 32 80 0,3552,0.8360740542411804,test,top_r_mean,0.0,0.0,0.75,0.75
0.036036036036036036,1.0,111,1.0,32,80.28140012174845,qasper,4.0,0.25,1.0,0.0,2003.11645:c2d1387e08cf25cb6b1f482178cca58030e85b70,mean,0.6714168714168715,0.007905497215688229,"[[0, 1, 2, 4, 7, 14, 15, 17], [1, 4, 12, 16, 19, 24, 25, 30], [2, 3, 5, 7, 9, 16, 23, 24], [0, 1, 5, 7, 8, 11, 28, 30], [0, 1, 2, 3, 4, 10, 13, 28], [2, 5, 6, 8, 10, 15, 20, 26], [6, 7, 9, 10, 12, 13, 17, 19], [0, 1, 2, 6, 9, 13, 25, 29], [0, 1, 3, 5, 6, 14, 26, 29], [0, 3, 4, 5, 7, 8, 13, 22], [7, 8, 9, 10, 12, 19, 25, 31], [0, 8, 10, 11, 14, 18, 19, 22], [0, 1, 2, 3, 7, 26, 28, 31], [2, 4, 5, 7, 15, 16, 20, 22], [2, 4, 9, 14, 20, 21, 22, 28], [0, 2, 5, 9, 21, 28, 29, 31], [0, 1, 2, 4, 6, 7, 9, 23], [8, 9, 11, 14, 21, 28, 29, 31], [1, 2, 3, 4, 5, 6, 9, 20], [4, 6, 7, 11, 14, 15, 19, 29], [0, 1, 2, 4, 5, 8, 16, 22], [1, 2, 7, 8, 9, 13, 14, 18], [1, 3, 4, 5, 7, 9, 10, 12], [0, 16, 21, 22, 23, 25, 28, 30], [0, 1, 10, 11, 13, 14, 17, 28], [0, 2, 3, 12, 13, 20, 23, 28], [1, 2, 7, 9, 12, 18, 19, 26], [3, 4, 8, 11, 13, 16, 19, 20], [1, 4, 12, 13, 16, 18, 19, 27], [1, 3, 4, 7, 9, 18, 19, 20], [2, 3, 4, 6, 9, 10, 11, 14], [0, 1, 3, 7, 14, 17, 18, 26], [0, 1, 2, 3, 14, 18, 24, 29], [1, 2, 3, 7, 13, 17, 25, 26], [7, 10, 13, 15, 16, 20, 26, 30], [1, 4, 5, 10, 11, 16, 20, 30], [0, 5, 6, 8, 9, 13, 24, 31], [0, 3, 4, 6, 7, 19, 21, 27], [0, 1, 3, 9, 11, 22, 23, 27], [0, 5, 14, 15, 16, 22, 26, 30], [0, 1, 5, 6, 8, 10, 26, 29], [0, 1, 2, 4, 6, 7, 8, 24], [0, 2, 3, 5, 11, 12, 14, 18], [4, 11, 19, 23, 25, 26, 29, 31], [0, 3, 4, 5, 24, 25, 30, 31], [1, 2, 3, 4, 8, 13, 18, 30], [0, 2, 3, 4, 5, 18, 23, 27], [2, 5, 6, 9, 11, 12, 18, 20], [0, 1, 3, 6, 7, 9, 13, 14], [3, 4, 8, 12, 13, 19, 20, 29], [2, 3, 6, 7, 8, 11, 13, 15], [2, 3, 5, 13, 24, 27, 28, 31], [1, 2, 11, 16, 17, 20, 22, 30], [0, 1, 2, 4, 5, 7, 12, 13], [0, 1, 6, 7, 14, 16, 17, 18], [2, 6, 7, 8, 10, 12, 17, 30], [0, 1, 9, 10, 12, 14, 15, 16], [9, 14, 15, 18, 25, 26, 27, 29], [1, 4, 5, 7, 9, 13, 14, 16], [6, 10, 17, 18, 21, 22, 24, 26], [2, 3, 9, 10, 12, 20, 23, 26], [4, 8, 17, 19, 22, 27, 28, 31], [1, 2, 4, 5, 6, 9, 13, 16], [0, 2, 3, 4, 5, 8, 21, 31], [0, 1, 2, 5, 7, 13, 24, 27], [1, 2, 4, 5, 6, 18, 21, 24], [1, 2, 4, 5, 6, 14, 17, 31], [0, 1, 3, 4, 18, 21, 23, 30], [0, 2, 3, 4, 8, 21, 25, 31], [0, 2, 3, 4, 5, 11, 30, 31], [7, 8, 11, 14, 15, 26, 28, 29], [1, 5, 6, 7, 9, 10, 11, 21], [0, 1, 2, 3, 5, 6, 10, 13], [1, 2, 5, 6, 7, 14, 20, 23], [1, 3, 6, 8, 13, 14, 19, 26], [0, 1, 4, 9, 10, 13, 28, 29], [3, 4, 5, 14, 15, 28, 29, 30], [0, 1, 4, 17, 22, 27, 28, 29], [0, 1, 2, 4, 5, 13, 14, 16], [1, 4, 9, 13, 15, 20, 27, 30], [0, 1, 2, 10, 25, 28, 29, 30], [2, 3, 4, 5, 18, 19, 21, 24], [1, 2, 3, 4, 5, 11, 13, 25], [0, 1, 3, 7, 10, 16, 22, 30], [1, 3, 9, 12, 15, 25, 27, 28], [0, 3, 8, 9, 13, 15, 23, 28], [3, 4, 7, 8, 15, 17, 19, 31], [2, 8, 10, 11, 17, 18, 30, 31], [0, 1, 2, 3, 4, 5, 15, 19], [0, 3, 5, 6, 8, 14, 23, 28], [1, 2, 3, 7, 11, 14, 23, 24], [4, 11, 12, 13, 14, 16, 23, 31], [1, 8, 9, 10, 13, 15, 16, 17], [3, 4, 20, 22, 23, 26, 27, 30], [0, 1, 2, 4, 5, 6, 7, 8], [1, 3, 4, 5, 7, 10, 26, 31], [0, 1, 3, 7, 17, 18, 29, 31], [6, 9, 14, 19, 20, 26, 29, 30], [0, 2, 4, 5, 6, 7, 11, 28], [0, 1, 3, 7, 8, 12, 13, 20], [0, 1, 2, 3, 4, 15, 19, 20], [8, 9, 14, 22, 27, 28, 29, 31], [2, 3, 5, 9, 12, 13, 18, 22], [1, 2, 8, 10, 11, 16, 24, 31], [0, 1, 2, 3, 4, 5, 10, 27], [3, 5, 6, 8, 10, 17, 18, 25], [2, 3, 5, 6, 14, 16, 19, 22], [4, 5, 6, 10, 12, 18, 27, 28], [0, 4, 5, 7, 9, 12, 17, 21], [1, 2, 6, 15, 16, 18, 23, 24], [0, 3, 4, 5, 19, 22, 30, 31]]",8,0.35395336151123047,128,learned,0.25,14208,4.0,128,0.3756805956363678,71,56 32 80 0,3552,0.8499560952186584,test,top_r_mean,0.0,0.0,0.75,0.625
0.027147401908801695,0.0,148,0.0,31,94.26309983246028,qasper,0.2857142857142857,0.0,0.0,0.0,1912.03804:2ccc26e11df4eb26fcccdd1f446dc749aff5d572,mean,0.37170175599889677,1.159669280052185,"[[0], [1], [4], [4], [0], [0], [1], [0], [0], [1], [0], [0], [1], [0], [1], [2], [0], [2], [1], [6], [1], [0], [1], [1], [0], [0], [1], [2], [0], [1], [2], [0], [0], [0], [1], [2], [2], [0], [3], [2], [0], [7], [0], [2], [0], [0], [1], [1], [0], [1], [1], [0], [0], [7], [0], [1], [0], [2], [0], [1], [0], [0], [4], [1], [0], [2], [1], [0], [0], [10], [0], [1], [0], [0], [14], [2], [2], [0], [0], [2], [0], [7], [0], [2], [0], [1], [0], [3], [0], [0], [4], [5], [0], [1], [0], [0], [0], [2], [3], [3], [1], [0], [0], [0], [0], [3], [0], [0], [5], [3], [1], [0], [0], [1], [2], [0], [2], [1], [0], [2], [0], [1], [0], [1], [1], [1], [1], [3], [0], [0], [0], [3], [1], [0], [0], [2], [0], [0], [1], [1], [0], [0], [0], [0], [0], [0], [0], [0]]",1,1.0389291048049927,128,learned,0.0,2368,4.0,124,1.221976637840271,11,64 104 40 56,4715,0.5236417055130005,test,top_r_mean,1.0,0.5,0.25,0.25
0.027147401908801695,0.0,148,0.0,31,88.55680003762245,qasper,0.2857142857142857,0.0,0.0,0.0,1912.03804:2ccc26e11df4eb26fcccdd1f446dc749aff5d572,mean,0.34485611841500413,1.172149658203125,"[[0], [1], [0], [4], [0], [0], [1], [0], [0], [1], [0], [0], [1], [0], [1], [2], [0], [2], [1], [6], [0], [0], [1], [1], [0], [0], [1], [2], [0], [1], [2], [0], [0], [0], [0], [0], [2], [0], [5], [2], [0], [5], [0], [0], [0], [0], [1], [1], [0], [1], [1], [0], [0], [7], [0], [1], [0], [2], [0], [1], [0], [0], [0], [1], [0], [2], [1], [0], [0], [11], [0], [1], [0], [0], [14], [2], [2], [0], [0], [2], [0], [7], [0], [2], [0], [1], [0], [3], [0], [0], [4], [5], [0], [1], [0], [0], [0], [2], [3], [3], [1], [0], [2], [0], [0], [2], [0], [1], [6], [3], [1], [0], [0], [1], [2], [0], [2], [1], [0], [1], [0], [1], [0], [1], [1], [1], [1], [2], [0], [0], [0], [3], [1], [0], [0], [2], [0], [0], [1], [1], [0], [0], [0], [0], [0], [0], [1], [0]]",1,1.0540082454681396,128,learned,0.0,2368,4.0,124,1.234502911567688,23,64 104 40 56,4715,0.4913284480571747,test,top_r_mean,1.0,0.5,0.25,0.25
0.027147401908801695,0.0,148,0.0,31,91.15890017710626,qasper,0.2857142857142857,0.0,0.0,0.0,1912.03804:2ccc26e11df4eb26fcccdd1f446dc749aff5d572,mean,0.3562563206766572,1.1692216396331787,"[[0], [1], [0], [2], [0], [0], [1], [0], [0], [1], [0], [0], [1], [0], [1], [2], [0], [2], [1], [6], [0], [0], [1], [1], [0], [0], [1], [2], [0], [0], [2], [0], [0], [0], [0], [0], [2], [0], [3], [1], [0], [7], [0], [2], [0], [0], [1], [0], [0], [1], [1], [0], [0], [7], [0], [1], [0], [2], [0], [1], [0], [0], [0], [1], [0], [2], [1], [0], [0], [10], [0], [1], [0], [0], [14], [2], [2], [0], [0], [1], [0], [7], [0], [2], [0], [1], [0], [3], [0], [0], [4], [5], [0], [1], [0], [0], [0], [2], [3], [3], [1], [0], [0], [0], [0], [3], [0], [0], [5], [0], [1], [0], [0], [2], [2], [0], [2], [0], [0], [1], [0], [1], [0], [1], [1], [1], [1], [2], [0], [0], [0], [3], [1], [0], [0], [2], [0], [0], [1], [1], [0], [0], [0], [0], [0], [0], [0], [0]]",1,1.0509802103042603,128,learned,0.0,2368,4.0,124,1.2304072380065918,37,64 104 40 56,4715,0.5034334063529968,test,top_r_mean,1.0,0.5,0.25,0.25
0.027147401908801695,0.0,148,0.0,31,97.97140001319349,qasper,0.2857142857142857,0.0,0.0,0.0,1912.03804:2ccc26e11df4eb26fcccdd1f446dc749aff5d572,mean,0.36103705065735037,1.1671907901763916,"[[0], [1], [0], [4], [0], [0], [1], [0], [0], [1], [0], [0], [1], [0], [1], [2], [0], [2], [1], [6], [0], [0], [1], [1], [0], [0], [1], [2], [0], [0], [2], [0], [0], [0], [0], [0], [2], [0], [3], [1], [0], [8], [0], [2], [0], [0], [1], [0], [0], [1], [1], [0], [0], [7], [0], [1], [0], [2], [0], [1], [0], [0], [0], [1], [0], [2], [1], [0], [0], [10], [0], [1], [0], [0], [14], [2], [2], [0], [0], [1], [0], [7], [0], [2], [0], [1], [0], [3], [0], [0], [4], [5], [0], [1], [0], [0], [0], [2], [3], [3], [1], [0], [0], [0], [0], [3], [0], [0], [5], [3], [1], [0], [0], [1], [2], [0], [2], [1], [0], [1], [0], [1], [0], [1], [1], [1], [1], [2], [0], [0], [0], [3], [1], [0], [0], [2], [0], [0], [1], [1], [0], [0], [0], [0], [0], [0], [0], [0]]",1,1.0486302375793457,128,learned,0.0,2368,4.0,124,1.2276116609573364,53,64 104 40 56,4715,0.5098006129264832,test,top_r_mean,1.0,0.5,0.25,0.25
0.027147401908801695,0.0,148,0.0,31,87.2382998932153,qasper,0.2857142857142857,0.0,0.0,0.0,1912.03804:2ccc26e11df4eb26fcccdd1f446dc749aff5d572,mean,0.35257883607612395,1.161902904510498,"[[0], [1], [0], [4], [0], [0], [1], [0], [0], [1], [0], [0], [1], [0], [1], [2], [0], [2], [1], [6], [0], [0], [1], [2], [0], [0], [1], [2], [0], [1], [2], [0], [0], [0], [1], [2], [2], [0], [3], [2], [0], [8], [0], [2], [0], [0], [1], [1], [0], [1], [1], [0], [0], [7], [0], [1], [0], [6], [0], [1], [0], [0], [1], [1], [0], [2], [1], [0], [0], [10], [0], [1], [0], [0], [14], [2], [2], [0], [0], [1], [0], [7], [0], [2], [0], [1], [0], [3], [0], [0], [4], [5], [0], [1], [0], [0], [0], [2], [3], [3], [1], [0], [2], [0], [0], [3], [0], [1], [5], [3], [1], [0], [0], [1], [2], [0], [2], [0], [0], [1], [0], [1], [0], [1], [1], [1], [1], [3], [0], [0], [0], [3], [1], [0], [0], [2], [0], [0], [1], [1], [0], [0], [0], [0], [0], [0], [1], [0]]",1,1.040794014930725,128,learned,0.0,2368,4.0,124,1.2237589359283447,71,64 104 40 56,4715,0.5022377371788025,test,top_r_mean,1.0,0.5,0.25,0.25
0.027147401908801695,1.0,148,1.0,31,107.16570005752146,qasper,0.2857142857142857,0.25,0.07142857142857142,0.0,1912.03804:2ccc26e11df4eb26fcccdd1f446dc749aff5d572,mean,0.4506343077771649,0.21006612479686737,"[[0, 1], [1, 2], [4, 5], [4, 7], [0, 2], [0, 5], [1, 2], [0, 1], [0, 1], [1, 3], [0, 1], [0, 1], [1, 3], [0, 2], [1, 2], [2, 3], [0, 1], [2, 4], [1, 4], [6, 8], [1, 2], [0, 1], [1, 3], [1, 2], [0, 1], [0, 2], [1, 3], [2, 3], [0, 2], [1, 3], [2, 3], [0, 3], [0, 3], [0, 1], [1, 2], [2, 5], [2, 3], [0, 3], [3, 5], [2, 3], [0, 1], [7, 8], [0, 2], [2, 5], [0, 3], [0, 1], [1, 2], [1, 3], [0, 1], [1, 5], [1, 2], [0, 1], [0, 1], [7, 9], [0, 1], [1, 2], [0, 1], [2, 6], [0, 1], [1, 2], [0, 1], [0, 1], [4, 6], [1, 2], [0, 1], [2, 3], [1, 2], [0, 2], [0, 2], [10, 11], [0, 4], [1, 2], [0, 1], [0, 5], [14, 15], [2, 5], [2, 6], [0, 2], [0, 1], [2, 5], [0, 1], [7, 8], [0, 1], [2, 5], [0, 2], [1, 4], [0, 2], [3, 7], [0, 1], [0, 5], [4, 7], [5, 8], [0, 7], [1, 2], [0, 3], [0, 1], [0, 1], [2, 5], [3, 4], [3, 4], [1, 4], [0, 1], [0, 4], [0, 7], [0, 1], [3, 4], [0, 2], [0, 1], [5, 7], [3, 4], [1, 3], [0, 1], [0, 1], [1, 2], [2, 5], [0, 1], [2, 6], [1, 4], [0, 1], [2, 5], [0, 1], [1, 2], [0, 1], [1, 2], [1, 2], [1, 3], [1, 4], [3, 6], [0, 1], [0, 5], [0, 1], [3, 4], [1, 2], [0, 6], [0, 1], [2, 3], [0, 1], [0, 1], [1, 2], [1, 2], [0, 3], [0, 1], [0, 2], [0, 4], [0, 2], [0, 1], [0, 1], [0, 1]]",2,0.804210901260376,128,learned,1.0,4736,4.0,124,0.8710185289382935,11,8 128 72 56,4715,0.6172904372215271,test,top_r_mean,0.0,0.0,0.25,0.375
0.027147401908801695,1.0,148,1.0,31,101.16539988666773,qasper,0.2857142857142857,0.25,0.07142857142857142,0.0,1912.03804:2ccc26e11df4eb26fcccdd1f446dc749aff5d572,mean,0.43059385916528775,0.22523844242095947,"[[0, 1], [1, 2], [0, 4], [4, 7], [0, 2], [0, 3], [1, 2], [0, 1], [0, 1], [1, 3], [0, 1], [0, 1], [1, 3], [0, 2], [1, 2], [2, 4], [0, 1], [2, 4], [1, 4], [6, 8], [0, 2], [0, 1], [1, 3], [1, 2], [0, 1], [0, 2], [1, 3], [2, 3], [0, 2], [1, 3], [2, 3], [0, 3], [0, 1], [0, 1], [0, 1], [0, 2], [2, 3], [0, 1], [5, 6], [2, 3], [0, 1], [5, 8], [0, 2], [0, 5], [0, 2], [0, 1], [1, 2], [1, 2], [0, 1], [1, 6], [1, 2], [0, 1], [0, 1], [7, 9], [0, 1], [1, 2], [0, 1], [2, 6], [0, 1], [1, 2], [0, 1], [0, 1], [0, 1], [1, 2], [0, 1], [2, 3], [1, 2], [0, 2], [0, 2], [11, 12], [0, 3], [1, 2], [0, 1], [0, 5], [14, 15], [2, 5], [2, 6], [0, 2], [0, 1], [2, 5], [0, 2], [7, 8], [0, 1], [2, 5], [0, 2], [1, 4], [0, 2], [3, 7], [0, 1], [0, 5], [4, 7], [5, 8], [0, 7], [1, 2], [0, 3], [0, 1], [0, 1], [2, 5], [3, 4], [3, 4], [1, 4], [0, 1], [2, 4], [0, 7], [0, 1], [2, 3], [0, 2], [1, 4], [6, 7], [3, 4], [1, 3], [0, 1], [0, 1], [1, 2], [2, 5], [0, 1], [2, 6], [1, 2], [0, 1], [1, 2], [0, 1], [1, 2], [0, 1], [1, 2], [1, 2], [1, 3], [1, 4], [2, 3], [0, 1], [0, 3], [0, 1], [3, 4], [1, 2], [0, 2], [0, 1], [2, 3], [0, 1], [0, 1], [1, 2], [1, 2], [0, 3], [0, 1], [0, 1], [0, 1], [0, 2], [0, 1], [1, 3], [0, 1]]",2,0.8236708045005798,128,learned,1.0,4736,4.0,124,0.8925558924674988,23,8 128 72 56,4715,0.5889456272125244,test,top_r_mean,0.0,0.0,0.25,0.375
0.027147401908801695,1.0,148,1.0,31,105.66110000945628,qasper,0.2857142857142857,0.25,0.07142857142857142,0.0,1912.03804:2ccc26e11df4eb26fcccdd1f446dc749aff5d572,mean,0.43298400441257584,0.21707309782505035,"[[0, 1], [1, 2], [0, 4], [2, 4], [0, 1], [0, 5], [1, 2], [0, 1], [0, 1], [1, 3], [0, 1], [0, 1], [1, 3], [0, 2], [1, 2], [2, 3], [0, 1], [2, 4], [1, 3], [6, 8], [0, 1], [0, 1], [1, 3], [1, 2], [0, 1], [0, 2], [1, 3], [2, 3], [0, 2], [0, 1], [2, 3], [0, 3], [0, 1], [0, 1], [0, 1], [0, 2], [2, 3], [0, 3], [3, 5], [1, 2], [0, 1], [7, 8], [0, 2], [2, 5], [0, 3], [0, 1], [1, 2], [0, 1], [0, 1], [1, 5], [1, 2], [0, 1], [0, 1], [7, 9], [0, 1], [1, 2], [0, 1], [2, 6], [0, 1], [1, 2], [0, 1], [0, 1], [0, 4], [1, 2], [0, 1], [2, 3], [1, 2], [0, 2], [0, 2], [10, 11], [0, 3], [1, 2], [0, 1], [0, 5], [14, 15], [2, 5], [2, 6], [0, 2], [0, 1], [1, 2], [0, 1], [7, 8], [0, 1], [2, 5], [0, 2], [1, 4], [0, 2], [3, 7], [0, 1], [0, 5], [4, 7], [5, 8], [0, 7], [1, 2], [0, 2], [0, 1], [0, 1], [2, 5], [3, 4], [3, 4], [1, 4], [0, 1], [0, 2], [0, 6], [0, 1], [3, 4], [0, 1], [0, 1], [5, 6], [0, 3], [1, 3], [0, 1], [0, 1], [2, 4], [2, 5], [0, 1], [2, 4], [0, 1], [0, 1], [1, 2], [0, 1], [1, 3], [0, 1], [1, 2], [1, 2], [1, 3], [1, 4], [2, 3], [0, 1], [0, 5], [0, 1], [3, 4], [1, 2], [0, 2], [0, 1], [2, 3], [0, 1], [0, 1], [1, 2], [1, 2], [0, 3], [0, 1], [0, 1], [0, 1], [0, 2], [0, 1], [0, 1], [0, 1]]",2,0.8147795796394348,128,learned,1.0,4736,4.0,124,0.8863652348518372,37,8 128 72 56,4715,0.5942355394363403,test,top_r_mean,0.0,0.0,0.25,0.375
0.027147401908801695,1.0,148,1.0,31,104.26719998940825,qasper,0.2857142857142857,0.25,0.07142857142857142,0.0,1912.03804:2ccc26e11df4eb26fcccdd1f446dc749aff5d572,mean,0.4331678617392903,0.21578004956245422,"[[0, 1], [1, 2], [0, 4], [4, 7], [0, 2], [0, 5], [1, 2], [0, 1], [0, 1], [1, 3], [0, 1], [0, 1], [1, 3], [0, 2], [1, 2], [2, 3], [0, 1], [2, 4], [1, 3], [6, 8], [0, 1], [0, 1], [1, 3], [1, 2], [0, 1], [0, 2], [1, 3], [2, 3], [0, 2], [0, 1], [2, 3], [0, 3], [0, 1], [0, 1], [0, 1], [0, 2], [2, 3], [0, 3], [3, 4], [1, 2], [0, 1], [8, 9], [0, 2], [2, 5], [0, 3], [0, 1], [1, 2], [0, 1], [0, 1], [1, 5], [1, 2], [0, 1], [0, 1], [7, 11], [0, 1], [1, 2], [0, 1], [2, 6], [0, 1], [1, 2], [0, 1], [0, 1], [0, 1], [1, 2], [0, 1], [2, 3], [1, 2], [0, 2], [0, 2], [10, 11], [0, 4], [1, 2], [0, 1], [0, 5], [14, 15], [2, 5], [2, 6], [0, 2], [0, 1], [1, 2], [0, 1], [7, 8], [0, 1], [2, 5], [0, 2], [1, 4], [0, 2], [3, 7], [0, 1], [0, 1], [4, 5], [5, 8], [0, 7], [1, 2], [0, 2], [0, 1], [0, 1], [2, 5], [3, 4], [3, 4], [1, 4], [0, 1], [0, 2], [0, 6], [0, 1], [3, 4], [0, 2], [0, 1], [5, 6], [3, 4], [1, 3], [0, 1], [0, 1], [1, 2], [2, 5], [0, 1], [2, 4], [1, 4], [0, 1], [1, 2], [0, 1], [1, 2], [0, 1], [1, 2], [1, 2], [1, 3], [1, 4], [2, 3], [0, 1], [0, 5], [0, 1], [3, 4], [1, 2], [0, 2], [0, 1], [2, 3], [0, 1], [0, 1], [1, 2], [1, 2], [0, 3], [0, 1], [0, 1], [0, 1], [0, 2], [0, 1], [0, 1], [0, 1]]",2,0.8122594952583313,128,learned,1.0,4736,4.0,124,0.8822380900382996,53,8 128 72 56,4715,0.5899894833564758,test,top_r_mean,0.0,0.0,0.25,0.375
0.027147401908801695,1.0,148,1.0,31,112.18410008586943,qasper,0.2857142857142857,0.25,0.07142857142857142,0.0,1912.03804:2ccc26e11df4eb26fcccdd1f446dc749aff5d572,mean,0.44511858797573084,0.21786810457706451,"[[0, 1], [1, 2], [0, 4], [4, 7], [0, 2], [0, 3], [1, 2], [0, 1], [0, 1], [1, 3], [0, 1], [0, 1], [1, 3], [0, 2], [1, 2], [2, 4], [0, 1], [2, 4], [1, 10], [6, 8], [0, 2], [0, 1], [1, 4], [2, 4], [0, 1], [0, 2], [1, 3], [2, 3], [0, 3], [1, 3], [2, 3], [0, 3], [0, 1], [0, 1], [1, 2], [2, 5], [2, 3], [0, 2], [3, 6], [2, 3], [0, 1], [8, 9], [0, 2], [2, 5], [0, 2], [0, 1], [1, 2], [1, 3], [0, 1], [1, 5], [1, 2], [0, 1], [0, 1], [7, 9], [0, 1], [1, 2], [0, 1], [6, 7], [0, 1], [1, 2], [0, 1], [0, 1], [1, 4], [1, 2], [0, 1], [2, 3], [1, 2], [0, 2], [0, 2], [10, 11], [0, 4], [1, 2], [0, 1], [0, 5], [14, 15], [2, 5], [2, 6], [0, 2], [0, 1], [1, 2], [0, 2], [7, 8], [0, 1], [2, 5], [0, 1], [1, 4], [0, 2], [3, 7], [0, 1], [0, 5], [4, 7], [5, 8], [0, 10], [1, 2], [0, 3], [0, 1], [0, 1], [2, 5], [3, 4], [3, 4], [1, 4], [0, 1], [2, 4], [0, 7], [0, 1], [3, 4], [0, 2], [1, 4], [5, 7], [3, 4], [1, 3], [0, 1], [0, 3], [1, 2], [2, 5], [0, 1], [2, 6], [0, 1], [0, 1], [1, 2], [0, 1], [1, 2], [0, 1], [1, 2], [1, 2], [1, 3], [1, 4], [3, 6], [0, 1], [0, 5], [0, 1], [3, 4], [1, 2], [0, 6], [0, 1], [2, 3], [0, 1], [0, 1], [1, 2], [1, 2], [0, 3], [0, 1], [0, 2], [0, 1], [0, 2], [0, 1], [1, 3], [0, 1]]",2,0.8086420893669128,128,learned,1.0,4736,4.0,124,0.8734728097915649,71,8 128 72 56,4715,0.609283447265625,test,top_r_mean,0.0,0.0,0.25,0.375
0.027147401908801695,1.0,148,1.0,31,101.78019991144538,qasper,0.2857142857142857,0.25,0.07142857142857142,0.0,1912.03804:2ccc26e11df4eb26fcccdd1f446dc749aff5d572,mean,0.5361279646993933,0.023240046575665474,"[[0, 1, 3, 6], [1, 2, 4, 9], [4, 5, 7, 8], [4, 7, 9, 22], [0, 2, 5, 6], [0, 5, 8, 18], [1, 2, 3, 6], [0, 1, 3, 4], [0, 1, 4, 6], [1, 3, 5, 7], [0, 1, 2, 18], [0, 1, 4, 8], [1, 3, 5, 6], [0, 2, 8, 9], [1, 2, 3, 9], [2, 3, 4, 6], [0, 1, 9, 10], [2, 4, 6, 9], [1, 4, 10, 12], [6, 8, 16, 18], [1, 2, 3, 7], [0, 1, 5, 6], [1, 3, 4, 6], [1, 2, 4, 5], [0, 1, 2, 3], [0, 2, 5, 15], [1, 3, 4, 6], [2, 3, 5, 12], [0, 2, 3, 5], [1, 3, 5, 8], [2, 3, 4, 7], [0, 3, 6, 7], [0, 3, 6, 7], [0, 1, 2, 4], [1, 2, 4, 9], [2, 5, 7, 8], [2, 3, 6, 8], [0, 3, 4, 5], [3, 5, 6, 10], [2, 3, 4, 7], [0, 1, 3, 8], [7, 8, 9, 10], [0, 2, 5, 7], [2, 5, 6, 7], [0, 3, 4, 6], [0, 1, 3, 4], [1, 2, 3, 5], [1, 3, 5, 6], [0, 1, 4, 6], [1, 5, 6, 10], [1, 2, 4, 5], [0, 1, 2, 5], [0, 1, 2, 4], [7, 9, 11, 15], [0, 1, 2, 3], [1, 2, 5, 6], [0, 1, 3, 4], [2, 6, 7, 8], [0, 1, 3, 4], [1, 2, 6, 10], [0, 1, 2, 4], [0, 1, 2, 7], [4, 6, 7, 8], [1, 2, 4, 5], [0, 1, 6, 9], [2, 3, 4, 5], [1, 2, 4, 7], [0, 2, 5, 6], [0, 2, 7, 10], [10, 11, 12, 15], [0, 4, 5, 6], [1, 2, 3, 5], [0, 1, 2, 4], [0, 5, 6, 8], [14, 15, 16, 20], [2, 5, 15, 18], [2, 6, 13, 15], [0, 2, 3, 5], [0, 1, 2, 3], [2, 5, 6, 9], [0, 1, 9, 11], [7, 8, 10, 11], [0, 1, 3, 7], [2, 5, 6, 7], [0, 2, 4, 5], [1, 4, 5, 10], [0, 2, 4, 5], [3, 7, 8, 9], [0, 1, 3, 4], [0, 5, 6, 26], [4, 7, 8, 9], [5, 8, 9, 14], [0, 7, 11, 12], [1, 2, 7, 8], [0, 3, 7, 8], [0, 1, 2, 4], [0, 1, 4, 9], [2, 5, 6, 16], [3, 4, 7, 11], [3, 4, 5, 7], [1, 4, 6, 7], [0, 1, 2, 3], [0, 4, 5, 6], [0, 7, 12, 14], [0, 1, 2, 3], [3, 4, 5, 8], [0, 2, 3, 4], [0, 1, 4, 5], [5, 7, 8, 10], [3, 4, 7, 11], [1, 3, 4, 8], [0, 1, 2, 5], [0, 1, 3, 4], [1, 2, 4, 6], [2, 5, 6, 7], [0, 1, 3, 4], [2, 6, 7, 9], [1, 4, 7, 12], [0, 1, 6, 10], [2, 5, 6, 9], [0, 1, 2, 6], [1, 2, 3, 4], [0, 1, 2, 6], [1, 2, 3, 5], [1, 2, 5, 9], [1, 3, 4, 7], [1, 4, 5, 12], [3, 6, 7, 9], [0, 1, 2, 4], [0, 5, 6, 7], [0, 1, 6, 9], [3, 4, 5, 8], [1, 2, 5, 7], [0, 6, 12, 15], [0, 1, 3, 9], [2, 3, 4, 5], [0, 1, 2, 3], [0, 1, 3, 4], [1, 2, 4, 6], [1, 2, 4, 5], [0, 3, 6, 7], [0, 1, 2, 6], [0, 2, 3, 5], [0, 4, 5, 6], [0, 2, 4, 10], [0, 1, 3, 4], [0, 1, 3, 4], [0, 1, 2, 3]]",4,0.850066065788269,128,learned,1.0,9472,4.0,124,0.8766865134239197,11,8 136 128 48,4715,0.7163290977478027,test,top_r_mean,0.0,0.5,0.5,0.5
0.027147401908801695,1.0,148,1.0,31,92.65839983709157,qasper,0.2857142857142857,0.25,0.07142857142857142,0.0,1912.03804:2ccc26e11df4eb26fcccdd1f446dc749aff5d572,mean,0.5210516639088068,0.02460482157766819,"[[0, 1, 3, 9], [1, 2, 7, 9], [0, 4, 5, 7], [4, 7, 9, 22], [0, 2, 4, 5], [0, 3, 5, 18], [1, 2, 3, 6], [0, 1, 3, 4], [0, 1, 4, 6], [1, 3, 7, 8], [0, 1, 2, 6], [0, 1, 4, 8], [1, 3, 5, 6], [0, 2, 4, 9], [1, 2, 3, 9], [2, 4, 6, 15], [0, 1, 9, 10], [2, 4, 6, 9], [1, 4, 10, 13], [6, 8, 16, 17], [0, 2, 3, 7], [0, 1, 4, 5], [1, 3, 4, 8], [1, 2, 4, 5], [0, 1, 2, 3], [0, 2, 5, 15], [1, 3, 4, 6], [2, 3, 5, 12], [0, 2, 3, 5], [1, 3, 5, 8], [2, 3, 4, 7], [0, 3, 5, 6], [0, 1, 3, 6], [0, 1, 2, 4], [0, 1, 2, 4], [0, 2, 5, 7], [2, 3, 6, 8], [0, 1, 3, 4], [5, 6, 10, 13], [2, 3, 4, 7], [0, 1, 2, 3], [5, 8, 9, 10], [0, 2, 5, 7], [0, 5, 6, 7], [0, 2, 3, 4], [0, 1, 3, 4], [1, 2, 3, 5], [1, 2, 3, 5], [0, 1, 4, 6], [1, 6, 10, 11], [1, 2, 4, 5], [0, 1, 2, 5], [0, 1, 2, 4], [7, 9, 11, 15], [0, 1, 2, 3], [1, 2, 5, 6], [0, 1, 3, 4], [2, 6, 7, 8], [0, 1, 3, 4], [1, 2, 6, 7], [0, 1, 2, 4], [0, 1, 2, 7], [0, 1, 4, 8], [1, 2, 4, 5], [0, 1, 7, 9], [2, 3, 4, 5], [1, 2, 4, 7], [0, 2, 5, 9], [0, 2, 7, 10], [11, 12, 15, 19], [0, 3, 4, 5], [1, 2, 3, 5], [0, 1, 2, 4], [0, 5, 6, 8], [14, 15, 16, 20], [2, 5, 15, 18], [2, 6, 12, 13], [0, 2, 3, 5], [0, 1, 2, 3], [2, 5, 6, 9], [0, 2, 9, 11], [7, 8, 10, 11], [0, 1, 3, 7], [2, 5, 6, 7], [0, 2, 4, 5], [1, 4, 5, 10], [0, 2, 4, 5], [3, 7, 8, 9], [0, 1, 4, 6], [0, 5, 6, 26], [4, 7, 8, 9], [5, 8, 9, 11], [0, 7, 10, 11], [1, 2, 5, 7], [0, 3, 8, 20], [0, 1, 2, 4], [0, 1, 4, 9], [2, 5, 6, 16], [3, 4, 7, 11], [3, 4, 5, 7], [1, 4, 6, 7], [0, 1, 2, 3], [2, 4, 5, 6], [0, 7, 12, 14], [0, 1, 2, 3], [2, 3, 4, 5], [0, 2, 3, 4], [1, 4, 5, 6], [6, 7, 8, 14], [3, 4, 7, 8], [1, 3, 4, 8], [0, 1, 2, 4], [0, 1, 3, 4], [1, 2, 4, 13], [2, 5, 6, 7], [0, 1, 3, 4], [2, 6, 7, 15], [1, 2, 4, 7], [0, 1, 6, 11], [1, 2, 5, 6], [0, 1, 2, 6], [1, 2, 3, 4], [0, 1, 2, 5], [1, 2, 3, 6], [1, 2, 5, 9], [1, 3, 4, 7], [1, 4, 5, 8], [2, 3, 4, 6], [0, 1, 2, 4], [0, 3, 5, 6], [0, 1, 6, 9], [3, 4, 5, 8], [1, 2, 5, 7], [0, 2, 6, 12], [0, 1, 3, 9], [2, 3, 5, 6], [0, 1, 2, 3], [0, 1, 2, 3], [1, 2, 4, 6], [1, 2, 4, 5], [0, 3, 6, 7], [0, 1, 2, 6], [0, 1, 2, 3], [0, 1, 4, 5], [0, 2, 4, 5], [0, 1, 2, 3], [1, 3, 4, 5], [0, 1, 2, 3]]",4,0.8528804779052734,128,learned,1.0,9472,4.0,124,0.8811707496643066,23,8 136 88 128,4715,0.6964688301086426,test,top_r_mean,0.0,0.5,0.5,0.5
0.027147401908801695,1.0,148,1.0,31,95.90170020237565,qasper,0.2857142857142857,0.25,0.07142857142857142,0.0,1912.03804:2ccc26e11df4eb26fcccdd1f446dc749aff5d572,mean,0.5225225225225225,0.02585405856370926,"[[0, 1, 3, 6], [1, 2, 4, 9], [0, 4, 5, 7], [2, 4, 7, 9], [0, 1, 2, 6], [0, 5, 8, 18], [1, 2, 3, 6], [0, 1, 3, 4], [0, 1, 4, 6], [1, 3, 7, 8], [0, 1, 2, 18], [0, 1, 2, 4], [1, 3, 5, 6], [0, 2, 4, 8], [1, 2, 3, 5], [2, 3, 4, 6], [0, 1, 10, 13], [2, 4, 6, 9], [1, 3, 4, 10], [6, 8, 15, 16], [0, 1, 2, 3], [0, 1, 4, 5], [1, 3, 4, 8], [1, 2, 4, 5], [0, 1, 2, 3], [0, 2, 5, 15], [1, 3, 4, 6], [2, 3, 5, 12], [0, 2, 3, 5], [0, 1, 3, 5], [2, 3, 4, 7], [0, 3, 6, 7], [0, 1, 3, 6], [0, 1, 2, 4], [0, 1, 2, 4], [0, 2, 5, 7], [2, 3, 6, 8], [0, 3, 4, 5], [3, 5, 6, 10], [1, 2, 3, 4], [0, 1, 2, 3], [7, 8, 9, 10], [0, 2, 5, 7], [2, 5, 6, 7], [0, 3, 4, 6], [0, 1, 3, 4], [1, 2, 3, 5], [0, 1, 3, 5], [0, 1, 4, 6], [1, 5, 6, 7], [1, 2, 4, 5], [0, 1, 2, 5], [0, 1, 2, 4], [7, 9, 11, 15], [0, 1, 2, 3], [1, 2, 3, 5], [0, 1, 3, 4], [2, 6, 7, 8], [0, 1, 3, 4], [1, 2, 6, 10], [0, 1, 2, 4], [0, 1, 2, 7], [0, 4, 6, 7], [1, 2, 4, 5], [0, 1, 7, 9], [2, 3, 4, 5], [1, 2, 4, 6], [0, 2, 5, 8], [0, 2, 3, 7], [10, 11, 12, 15], [0, 3, 4, 5], [1, 2, 3, 5], [0, 1, 2, 4], [0, 5, 6, 8], [14, 15, 16, 20], [2, 5, 15, 18], [2, 6, 12, 13], [0, 2, 3, 5], [0, 1, 2, 3], [1, 2, 5, 6], [0, 1, 2, 9], [7, 8, 10, 11], [0, 1, 3, 7], [2, 5, 6, 7], [0, 2, 4, 5], [1, 4, 5, 10], [0, 2, 4, 5], [3, 7, 8, 9], [0, 1, 4, 6], [0, 5, 6, 12], [4, 7, 8, 9], [5, 8, 9, 14], [0, 7, 10, 11], [1, 2, 3, 7], [0, 2, 3, 8], [0, 1, 2, 4], [0, 1, 4, 9], [2, 5, 6, 12], [3, 4, 7, 11], [3, 4, 5, 7], [1, 4, 6, 7], [0, 1, 2, 3], [0, 2, 4, 5], [0, 6, 7, 12], [0, 1, 2, 3], [3, 4, 5, 8], [0, 1, 2, 3], [0, 1, 4, 5], [5, 6, 7, 8], [0, 3, 4, 7], [1, 3, 4, 8], [0, 1, 2, 5], [0, 1, 3, 4], [2, 4, 13, 16], [2, 5, 6, 7], [0, 1, 3, 4], [2, 4, 6, 7], [0, 1, 4, 7], [0, 1, 2, 6], [1, 2, 3, 5], [0, 1, 2, 6], [1, 3, 4, 5], [0, 1, 2, 6], [1, 2, 3, 5], [1, 2, 5, 9], [1, 3, 4, 7], [1, 4, 5, 8], [2, 3, 4, 6], [0, 1, 2, 4], [0, 5, 6, 7], [0, 1, 6, 9], [3, 4, 5, 8], [1, 2, 5, 7], [0, 2, 6, 12], [0, 1, 3, 9], [2, 3, 4, 5], [0, 1, 2, 3], [0, 1, 3, 4], [1, 2, 4, 6], [1, 2, 4, 5], [0, 3, 6, 7], [0, 1, 2, 6], [0, 1, 2, 3], [0, 1, 4, 5], [0, 2, 4, 10], [0, 1, 3, 4], [0, 1, 3, 4], [0, 1, 2, 3]]",4,0.8623100519180298,128,learned,1.0,9472,4.0,124,0.8918613791465759,37,8 136 88 128,4715,0.7059454321861267,test,top_r_mean,0.0,0.5,0.5,0.5
0.027147401908801695,1.0,148,1.0,31,105.47759989276528,qasper,0.2857142857142857,0.25,0.07142857142857142,0.0,1912.03804:2ccc26e11df4eb26fcccdd1f446dc749aff5d572,mean,0.525464239749954,0.02417747676372528,"[[0, 1, 3, 6], [1, 2, 4, 9], [0, 4, 5, 7], [4, 7, 9, 22], [0, 2, 5, 6], [0, 5, 8, 18], [1, 2, 3, 6], [0, 1, 3, 4], [0, 1, 4, 6], [1, 3, 5, 7], [0, 1, 2, 6], [0, 1, 4, 8], [1, 3, 5, 6], [0, 2, 4, 8], [1, 2, 3, 9], [2, 3, 4, 6], [0, 1, 9, 10], [2, 4, 6, 9], [1, 3, 4, 10], [6, 8, 16, 18], [0, 1, 2, 3], [0, 1, 4, 5], [1, 3, 4, 6], [1, 2, 4, 5], [0, 1, 2, 3], [0, 2, 5, 15], [1, 3, 4, 6], [2, 3, 5, 12], [0, 2, 3, 5], [0, 1, 3, 5], [2, 3, 4, 7], [0, 3, 6, 7], [0, 1, 3, 6], [0, 1, 2, 4], [0, 1, 2, 4], [0, 2, 5, 7], [2, 3, 6, 8], [0, 3, 4, 5], [3, 4, 6, 10], [1, 2, 3, 4], [0, 1, 3, 8], [8, 9, 10, 13], [0, 2, 5, 7], [2, 5, 6, 7], [0, 3, 4, 6], [0, 1, 3, 4], [1, 2, 3, 4], [0, 1, 3, 5], [0, 1, 4, 6], [1, 5, 6, 10], [1, 2, 4, 5], [0, 1, 2, 5], [0, 1, 2, 4], [7, 11, 12, 15], [0, 1, 2, 3], [1, 2, 3, 5], [0, 1, 3, 4], [2, 6, 7, 8], [0, 1, 3, 4], [1, 2, 6, 10], [0, 1, 2, 4], [0, 1, 2, 7], [0, 1, 4, 7], [1, 2, 4, 5], [0, 1, 6, 9], [2, 3, 4, 5], [1, 2, 4, 7], [0, 2, 5, 6], [0, 2, 7, 10], [10, 11, 12, 15], [0, 4, 5, 6], [1, 2, 3, 5], [0, 1, 2, 4], [0, 5, 6, 8], [14, 15, 16, 20], [2, 5, 15, 18], [2, 6, 12, 13], [0, 2, 3, 5], [0, 1, 2, 3], [1, 2, 5, 6], [0, 1, 2, 9], [7, 8, 10, 11], [0, 1, 3, 7], [2, 5, 6, 7], [0, 2, 4, 5], [1, 4, 5, 10], [0, 2, 4, 5], [3, 7, 8, 9], [0, 1, 3, 4], [0, 1, 5, 6], [4, 5, 7, 8], [5, 8, 9, 11], [0, 7, 11, 12], [1, 2, 3, 7], [0, 2, 3, 8], [0, 1, 2, 4], [0, 1, 4, 9], [2, 5, 6, 12], [3, 4, 7, 11], [3, 4, 5, 7], [1, 4, 6, 7], [0, 1, 2, 3], [0, 2, 4, 5], [0, 6, 7, 12], [0, 1, 2, 3], [3, 4, 5, 8], [0, 2, 3, 4], [0, 1, 4, 5], [5, 6, 7, 8], [3, 4, 7, 8], [1, 3, 4, 8], [0, 1, 2, 5], [0, 1, 3, 4], [1, 2, 4, 6], [2, 5, 6, 7], [0, 1, 3, 4], [2, 4, 6, 7], [1, 4, 7, 12], [0, 1, 6, 10], [1, 2, 5, 6], [0, 1, 2, 6], [1, 2, 3, 4], [0, 1, 2, 6], [1, 2, 3, 5], [1, 2, 5, 9], [1, 3, 4, 7], [1, 4, 5, 8], [2, 3, 4, 6], [0, 1, 2, 4], [0, 5, 6, 7], [0, 1, 6, 9], [3, 4, 5, 8], [1, 2, 5, 7], [0, 2, 6, 12], [0, 1, 3, 9], [2, 3, 4, 5], [0, 1, 2, 3], [0, 1, 2, 3], [1, 2, 4, 6], [1, 2, 4, 5], [0, 3, 6, 7], [0, 1, 2, 6], [0, 1, 2, 3], [0, 1, 4, 5], [0, 2, 4, 10], [0, 1, 2, 3], [0, 1, 3, 4], [0, 1, 2, 3]]",4,0.8549346327781677,128,learned,1.0,9472,4.0,124,0.8832363486289978,53,8 136 128 48,4715,0.705390214920044,test,top_r_mean,0.0,0.5,0.5,0.5
0.027147401908801695,1.0,148,1.0,31,109.14639988914132,qasper,0.2857142857142857,0.25,0.07142857142857142,0.0,1912.03804:2ccc26e11df4eb26fcccdd1f446dc749aff5d572,mean,0.5423791138076852,0.020507993176579475,"[[0, 1, 3, 6], [1, 2, 4, 9], [0, 4, 5, 7], [4, 7, 9, 22], [0, 2, 4, 6], [0, 3, 5, 18], [1, 2, 3, 6], [0, 1, 3, 4], [0, 1, 7, 9], [1, 3, 7, 8], [0, 1, 2, 6], [0, 1, 4, 8], [1, 3, 5, 6], [0, 2, 4, 8], [1, 2, 3, 9], [2, 4, 6, 15], [0, 1, 9, 10], [2, 4, 6, 9], [1, 10, 12, 14], [6, 8, 16, 17], [0, 2, 3, 7], [0, 1, 4, 5], [1, 4, 8, 16], [2, 4, 5, 8], [0, 1, 2, 3], [0, 2, 5, 15], [1, 3, 4, 6], [2, 3, 5, 12], [0, 3, 5, 6], [1, 3, 5, 8], [2, 3, 4, 7], [0, 3, 6, 7], [0, 1, 6, 7], [0, 1, 2, 4], [1, 2, 4, 9], [2, 5, 7, 9], [2, 3, 6, 8], [0, 2, 4, 5], [3, 6, 10, 13], [2, 3, 4, 7], [0, 1, 3, 11], [8, 9, 10, 13], [0, 2, 5, 9], [2, 5, 6, 7], [0, 2, 3, 4], [0, 1, 3, 4], [1, 2, 3, 5], [1, 3, 5, 6], [0, 1, 4, 6], [1, 5, 6, 11], [1, 2, 4, 5], [0, 1, 2, 5], [0, 1, 2, 4], [7, 9, 11, 15], [0, 1, 2, 3], [1, 2, 3, 5], [0, 1, 3, 4], [6, 7, 8, 15], [0, 1, 3, 4], [1, 2, 6, 10], [0, 1, 2, 4], [0, 1, 2, 7], [1, 4, 7, 8], [1, 2, 4, 5], [0, 1, 6, 9], [2, 3, 4, 5], [1, 2, 4, 7], [0, 2, 5, 9], [0, 2, 7, 10], [10, 11, 12, 15], [0, 4, 5, 6], [1, 2, 3, 5], [0, 1, 2, 4], [0, 5, 6, 8], [14, 15, 16, 20], [2, 5, 15, 18], [2, 6, 12, 13], [0, 2, 3, 5], [0, 1, 2, 3], [1, 2, 5, 6], [0, 2, 9, 11], [7, 8, 10, 11], [0, 1, 3, 7], [2, 5, 6, 7], [0, 1, 2, 5], [1, 4, 5, 10], [0, 2, 4, 5], [3, 7, 8, 9], [0, 1, 3, 4], [0, 5, 6, 26], [4, 7, 8, 9], [5, 8, 9, 11], [0, 10, 11, 12], [1, 2, 3, 8], [0, 3, 8, 20], [0, 1, 2, 4], [0, 1, 4, 9], [2, 5, 6, 16], [3, 4, 7, 11], [3, 4, 5, 7], [1, 4, 6, 7], [0, 1, 2, 3], [2, 4, 5, 6], [0, 7, 12, 14], [0, 1, 2, 3], [3, 4, 5, 8], [0, 2, 3, 4], [1, 4, 5, 6], [5, 7, 8, 10], [3, 4, 7, 8], [1, 3, 4, 8], [0, 1, 2, 5], [0, 3, 4, 9], [1, 2, 4, 6], [2, 5, 6, 7], [0, 1, 3, 4], [2, 6, 7, 9], [0, 1, 4, 7], [0, 1, 6, 10], [1, 2, 5, 6], [0, 1, 2, 6], [1, 2, 3, 4], [0, 1, 2, 5], [1, 2, 3, 5], [1, 2, 5, 9], [1, 3, 4, 7], [1, 4, 5, 18], [3, 6, 7, 9], [0, 1, 2, 4], [0, 5, 6, 7], [0, 1, 6, 9], [3, 4, 5, 8], [1, 2, 5, 7], [0, 6, 12, 15], [0, 1, 3, 9], [2, 3, 4, 5], [0, 1, 2, 3], [0, 1, 4, 6], [1, 2, 4, 6], [1, 2, 4, 5], [0, 3, 6, 7], [0, 1, 2, 6], [0, 2, 3, 5], [0, 1, 4, 5], [0, 2, 4, 10], [0, 1, 3, 4], [1, 3, 4, 5], [0, 1, 2, 3]]",4,0.8481740355491638,128,learned,0.5,9472,4.0,124,0.873014509677887,71,136 8 128 48,4715,0.7230737805366516,test,top_r_mean,0.0,0.5,0.5,0.5
0.027147401908801695,1.0,148,1.0,31,111.2006998155266,qasper,0.2857142857142857,0.25,0.07142857142857142,0.0,1912.03804:2ccc26e11df4eb26fcccdd1f446dc749aff5d572,mean,0.703989703989704,0.008154056034982204,"[[0, 1, 3, 6, 9, 13, 14, 21], [1, 2, 4, 9, 10, 13, 14, 16], [4, 5, 7, 8, 11, 18, 27, 28], [4, 7, 9, 22, 23, 25, 27, 30], [0, 2, 5, 6, 15, 19, 23, 24], [0, 5, 8, 18, 20, 26, 28, 31], [1, 2, 3, 6, 10, 19, 23, 31], [0, 1, 3, 4, 5, 6, 7, 20], [0, 1, 4, 6, 7, 10, 13, 17], [1, 3, 5, 7, 8, 9, 10, 11], [0, 1, 2, 18, 19, 27, 28, 30], [0, 1, 4, 8, 9, 18, 22, 30], [1, 3, 5, 6, 7, 8, 18, 25], [0, 2, 8, 9, 10, 14, 15, 26], [1, 2, 3, 9, 10, 12, 19, 30], [2, 3, 4, 6, 15, 16, 17, 27], [0, 1, 9, 10, 13, 16, 27, 30], [2, 4, 6, 9, 13, 14, 15, 22], [1, 4, 10, 12, 14, 21, 24, 27], [6, 8, 16, 18, 20, 22, 23, 26], [1, 2, 3, 7, 12, 13, 16, 18], [0, 1, 5, 6, 8, 9, 16, 28], [1, 3, 4, 6, 8, 16, 26, 29], [1, 2, 4, 5, 8, 19, 29, 31], [0, 1, 2, 3, 12, 15, 17, 22], [0, 2, 5, 15, 24, 26, 28, 29], [1, 3, 4, 6, 8, 12, 14, 20], [2, 3, 5, 12, 20, 24, 27, 28], [0, 2, 3, 5, 6, 13, 17, 30], [1, 3, 5, 8, 14, 19, 21, 27], [2, 3, 4, 7, 9, 12, 16, 30], [0, 3, 6, 7, 10, 15, 18, 24], [0, 3, 6, 7, 11, 16, 21, 28], [0, 1, 2, 4, 13, 18, 19, 22], [1, 2, 4, 9, 12, 13, 20, 21], [2, 5, 7, 8, 9, 20, 29, 30], [2, 3, 6, 8, 10, 13, 15, 18], [0, 3, 4, 5, 10, 11, 15, 26], [3, 5, 6, 10, 13, 18, 20, 22], [2, 3, 4, 7, 8, 9, 12, 17], [0, 1, 3, 8, 11, 13, 16, 23], [7, 8, 9, 10, 13, 14, 20, 25], [0, 2, 5, 7, 9, 11, 13, 30], [2, 5, 6, 7, 14, 15, 18, 29], [0, 3, 4, 6, 7, 14, 17, 18], [0, 1, 3, 4, 7, 19, 20, 28], [1, 2, 3, 5, 16, 18, 29, 31], [1, 3, 5, 6, 7, 12, 17, 21], [0, 1, 4, 6, 7, 10, 15, 17], [1, 5, 6, 10, 11, 29, 30, 31], [1, 2, 4, 5, 6, 7, 15, 22], [0, 1, 2, 5, 11, 12, 21, 22], [0, 1, 2, 4, 5, 7, 8, 21], [7, 9, 11, 15, 16, 20, 25, 27], [0, 1, 2, 3, 5, 6, 8, 12], [1, 2, 5, 6, 16, 20, 29, 30], [0, 1, 3, 4, 7, 11, 12, 13], [2, 6, 7, 8, 15, 17, 25, 28], [0, 1, 3, 4, 5, 7, 8, 21], [1, 2, 6, 10, 15, 20, 23, 29], [0, 1, 2, 4, 10, 13, 15, 29], [0, 1, 2, 7, 10, 14, 25, 28], [4, 6, 7, 8, 9, 10, 25, 29], [1, 2, 4, 5, 9, 15, 21, 26], [0, 1, 6, 9, 13, 19, 23, 25], [2, 3, 4, 5, 7, 10, 12, 16], [1, 2, 4, 7, 10, 11, 12, 24], [0, 2, 5, 6, 9, 11, 19, 22], [0, 2, 7, 10, 14, 17, 18, 20], [10, 11, 12, 15, 19, 20, 22, 23], [0, 4, 5, 6, 8, 10, 13, 14], [1, 2, 3, 5, 10, 13, 19, 20], [0, 1, 2, 4, 11, 12, 28, 31], [0, 5, 6, 8, 9, 11, 17, 18], [14, 15, 16, 20, 21, 27, 28, 30], [2, 5, 15, 18, 23, 24, 26, 29], [2, 6, 13, 15, 17, 18, 19, 28], [0, 2, 3, 5, 8, 24, 27, 30], [0, 1, 2, 3, 6, 7, 9, 19], [2, 5, 6, 9, 10, 19, 29, 30], [0, 1, 9, 11, 13, 18, 19, 22], [7, 8, 10, 11, 14, 17, 23, 25], [0, 1, 3, 7, 15, 20, 23, 25], [2, 5, 6, 7, 10, 11, 13, 24], [0, 2, 4, 5, 11, 12, 18, 28], [1, 4, 5, 10, 13, 21, 27, 30], [0, 2, 4, 5, 10, 15, 16, 21], [3, 7, 8, 9, 14, 15, 16, 22], [0, 1, 3, 4, 6, 8, 10, 12], [0, 5, 6, 26, 28, 29, 30, 31], [4, 7, 8, 9, 10, 15, 22, 31], [5, 8, 9, 14, 17, 18, 19, 20], [0, 7, 11, 12, 14, 22, 27, 28], [1, 2, 7, 8, 12, 15, 20, 29], [0, 3, 7, 8, 20, 22, 25, 29], [0, 1, 2, 4, 11, 16, 22, 24], [0, 1, 4, 9, 22, 23, 24, 25], [2, 5, 6, 16, 19, 23, 24, 27], [3, 4, 7, 11, 15, 20, 27, 30], [3, 4, 5, 7, 8, 9, 10, 22], [1, 4, 6, 7, 14, 23, 25, 31], [0, 1, 2, 3, 15, 16, 20, 30], [0, 4, 5, 6, 7, 26, 28, 29], [0, 7, 12, 14, 15, 19, 20, 27], [0, 1, 2, 3, 4, 5, 7, 17], [3, 4, 5, 8, 9, 17, 18, 29], [0, 2, 3, 4, 7, 22, 23, 24], [0, 1, 4, 5, 6, 12, 16, 24], [5, 7, 8, 10, 14, 16, 17, 31], [3, 4, 7, 11, 14, 15, 24, 25], [1, 3, 4, 8, 9, 18, 21, 30], [0, 1, 2, 5, 6, 9, 13, 23], [0, 1, 3, 4, 9, 23, 29, 31], [1, 2, 4, 6, 13, 16, 17, 21], [2, 5, 6, 7, 10, 18, 27, 30], [0, 1, 3, 4, 7, 11, 15, 21], [2, 6, 7, 9, 15, 16, 18, 23], [1, 4, 7, 12, 13, 21, 22, 25], [0, 1, 6, 10, 11, 19, 24, 27], [2, 5, 6, 9, 15, 17, 25, 30], [0, 1, 2, 6, 7, 8, 10, 16], [1, 2, 3, 4, 5, 8, 12, 15], [0, 1, 2, 6, 7, 8, 9, 17], [1, 2, 3, 5, 6, 8, 18, 30], [1, 2, 5, 9, 15, 16, 24, 31], [1, 3, 4, 7, 11, 12, 18, 20], [1, 4, 5, 12, 13, 19, 20, 23], [3, 6, 7, 9, 13, 15, 30, 31], [0, 1, 2, 4, 6, 10, 14, 27], [0, 5, 6, 7, 8, 9, 14, 29], [0, 1, 6, 9, 11, 14, 18, 29], [3, 4, 5, 8, 11, 13, 14, 25], [1, 2, 5, 7, 9, 15, 20, 25], [0, 6, 12, 15, 18, 23, 26, 27], [0, 1, 3, 9, 12, 13, 19, 31], [2, 3, 4, 5, 6, 9, 15, 20], [0, 1, 2, 3, 9, 10, 21, 22], [0, 1, 3, 4, 6, 12, 20, 25], [1, 2, 4, 6, 9, 10, 25, 31], [1, 2, 4, 5, 9, 11, 27, 30], [0, 3, 6, 7, 8, 13, 16, 17], [0, 1, 2, 6, 7, 11, 14, 19], [0, 2, 3, 5, 6, 9, 21, 27], [0, 4, 5, 6, 7, 10, 14, 19], [0, 2, 4, 10, 15, 17, 19, 23], [0, 1, 3, 4, 5, 8, 15, 25], [0, 1, 3, 4, 5, 10, 11, 16], [0, 1, 2, 3, 5, 6, 8, 10]]",8,0.4333939552307129,128,learned,0.3333333333333333,18944,4.0,124,0.45169609785079956,11,136 72 8 88,4715,0.881441593170166,test,top_r_mean,0.0,0.5,0.25,0.625
0.027147401908801695,1.0,148,1.0,31,105.71289993822575,qasper,0.2857142857142857,0.25,0.07142857142857142,0.0,1912.03804:2ccc26e11df4eb26fcccdd1f446dc749aff5d572,mean,0.6929582643868358,0.0083509162068367,"[[0, 1, 3, 9, 12, 19, 21, 28], [1, 2, 7, 9, 13, 14, 16, 17], [0, 4, 5, 7, 8, 11, 27, 28], [4, 7, 9, 22, 23, 25, 27, 30], [0, 2, 4, 5, 6, 19, 23, 24], [0, 3, 5, 18, 26, 27, 28, 31], [1, 2, 3, 6, 10, 19, 23, 31], [0, 1, 3, 4, 5, 6, 20, 31], [0, 1, 4, 6, 7, 10, 13, 14], [1, 3, 7, 8, 9, 10, 11, 20], [0, 1, 2, 6, 18, 19, 28, 30], [0, 1, 4, 8, 9, 18, 22, 30], [1, 3, 5, 6, 8, 9, 12, 18], [0, 2, 4, 9, 10, 14, 24, 26], [1, 2, 3, 9, 10, 12, 19, 30], [2, 4, 6, 15, 16, 17, 27, 30], [0, 1, 9, 10, 16, 26, 27, 30], [2, 4, 6, 9, 13, 14, 15, 23], [1, 4, 10, 13, 14, 21, 24, 27], [6, 8, 16, 17, 18, 20, 22, 23], [0, 2, 3, 7, 12, 13, 16, 18], [0, 1, 4, 5, 6, 8, 9, 28], [1, 3, 4, 8, 16, 22, 29, 31], [1, 2, 4, 5, 8, 17, 29, 31], [0, 1, 2, 3, 4, 15, 22, 23], [0, 2, 5, 15, 24, 27, 28, 29], [1, 3, 4, 6, 8, 9, 20, 30], [2, 3, 5, 12, 20, 24, 27, 28], [0, 2, 3, 5, 6, 13, 17, 26], [1, 3, 5, 8, 11, 14, 19, 21], [2, 3, 4, 7, 8, 9, 12, 16], [0, 3, 5, 6, 10, 15, 18, 24], [0, 1, 3, 6, 7, 16, 21, 28], [0, 1, 2, 4, 13, 18, 19, 20], [0, 1, 2, 4, 12, 13, 20, 21], [0, 2, 5, 7, 9, 15, 29, 30], [2, 3, 6, 8, 10, 13, 15, 18], [0, 1, 3, 4, 5, 10, 11, 15], [5, 6, 10, 13, 14, 18, 20, 22], [2, 3, 4, 7, 8, 9, 12, 17], [0, 1, 2, 3, 8, 13, 16, 23], [5, 8, 9, 10, 13, 14, 16, 25], [0, 2, 5, 7, 9, 11, 29, 30], [0, 5, 6, 7, 14, 15, 18, 29], [0, 2, 3, 4, 6, 7, 17, 18], [0, 1, 3, 4, 7, 19, 20, 31], [1, 2, 3, 5, 16, 18, 29, 31], [1, 2, 3, 5, 6, 16, 17, 21], [0, 1, 4, 6, 7, 10, 14, 17], [1, 6, 10, 11, 15, 23, 29, 31], [1, 2, 4, 5, 6, 7, 14, 22], [0, 1, 2, 5, 11, 12, 21, 22], [0, 1, 2, 4, 7, 8, 21, 26], [7, 9, 11, 15, 16, 20, 25, 27], [0, 1, 2, 3, 5, 6, 8, 12], [1, 2, 5, 6, 17, 20, 29, 30], [0, 1, 3, 4, 7, 11, 12, 13], [2, 6, 7, 8, 17, 24, 25, 28], [0, 1, 3, 4, 5, 7, 8, 21], [1, 2, 6, 7, 10, 20, 23, 29], [0, 1, 2, 4, 10, 15, 25, 30], [0, 1, 2, 7, 10, 14, 25, 28], [0, 1, 4, 8, 9, 10, 25, 29], [1, 2, 4, 5, 9, 15, 21, 26], [0, 1, 7, 9, 12, 18, 23, 25], [2, 3, 4, 5, 7, 10, 13, 16], [1, 2, 4, 7, 10, 11, 12, 24], [0, 2, 5, 9, 19, 22, 25, 27], [0, 2, 7, 10, 12, 14, 18, 20], [11, 12, 15, 19, 20, 22, 23, 31], [0, 3, 4, 5, 6, 8, 10, 14], [1, 2, 3, 5, 6, 10, 13, 20], [0, 1, 2, 4, 6, 11, 14, 31], [0, 5, 6, 8, 9, 11, 17, 18], [14, 15, 16, 20, 21, 27, 28, 30], [2, 5, 15, 18, 23, 24, 26, 29], [2, 6, 12, 13, 17, 18, 19, 28], [0, 2, 3, 5, 8, 17, 27, 30], [0, 1, 2, 3, 6, 7, 9, 19], [2, 5, 6, 9, 10, 19, 28, 29], [0, 2, 9, 11, 12, 13, 18, 19], [7, 8, 10, 11, 14, 17, 23, 25], [0, 1, 3, 7, 14, 15, 20, 23], [2, 5, 6, 7, 10, 11, 13, 24], [0, 2, 4, 5, 11, 12, 18, 28], [1, 4, 5, 10, 11, 21, 27, 30], [0, 2, 4, 5, 7, 10, 15, 16], [3, 7, 8, 9, 14, 15, 16, 22], [0, 1, 4, 6, 8, 10, 12, 15], [0, 5, 6, 26, 28, 29, 30, 31], [4, 7, 8, 9, 10, 15, 22, 31], [5, 8, 9, 11, 14, 17, 18, 19], [0, 7, 10, 11, 12, 14, 22, 28], [1, 2, 5, 7, 8, 12, 20, 31], [0, 3, 8, 20, 21, 22, 25, 29], [0, 1, 2, 4, 10, 11, 22, 24], [0, 1, 4, 9, 22, 23, 24, 25], [2, 5, 6, 16, 19, 23, 24, 27], [3, 4, 7, 11, 15, 17, 27, 30], [3, 4, 5, 7, 8, 9, 10, 22], [1, 4, 6, 7, 8, 14, 25, 31], [0, 1, 2, 3, 15, 16, 20, 28], [2, 4, 5, 6, 7, 25, 26, 28], [0, 7, 12, 14, 15, 19, 20, 27], [0, 1, 2, 3, 4, 5, 6, 7], [2, 3, 4, 5, 8, 9, 17, 29], [0, 2, 3, 4, 7, 22, 23, 24], [1, 4, 5, 6, 12, 16, 18, 24], [6, 7, 8, 14, 16, 17, 20, 31], [3, 4, 7, 8, 11, 14, 24, 25], [1, 3, 4, 8, 9, 18, 21, 30], [0, 1, 2, 4, 5, 6, 9, 23], [0, 1, 3, 4, 23, 27, 29, 31], [1, 2, 4, 13, 17, 21, 23, 26], [2, 5, 6, 7, 10, 14, 18, 25], [0, 1, 3, 4, 7, 8, 11, 15], [2, 6, 7, 15, 16, 18, 25, 27], [1, 2, 4, 7, 13, 21, 22, 25], [0, 1, 6, 11, 19, 24, 27, 29], [1, 2, 5, 6, 8, 9, 11, 30], [0, 1, 2, 6, 7, 8, 10, 16], [1, 2, 3, 4, 5, 8, 12, 15], [0, 1, 2, 5, 6, 7, 8, 9], [1, 2, 3, 6, 8, 19, 20, 30], [1, 2, 5, 9, 16, 23, 30, 31], [1, 3, 4, 7, 11, 18, 20, 24], [1, 4, 5, 8, 16, 19, 20, 31], [2, 3, 4, 6, 7, 9, 13, 30], [0, 1, 2, 4, 6, 10, 14, 27], [0, 3, 5, 6, 8, 9, 14, 29], [0, 1, 6, 9, 11, 14, 18, 29], [3, 4, 5, 8, 11, 13, 14, 25], [1, 2, 5, 7, 9, 17, 20, 25], [0, 2, 6, 12, 15, 18, 23, 26], [0, 1, 3, 9, 10, 13, 19, 31], [2, 3, 5, 6, 9, 14, 15, 20], [0, 1, 2, 3, 9, 10, 21, 22], [0, 1, 2, 3, 4, 6, 12, 20], [1, 2, 4, 6, 9, 10, 25, 31], [1, 2, 4, 5, 9, 11, 22, 27], [0, 3, 6, 7, 8, 12, 16, 17], [0, 1, 2, 6, 7, 11, 14, 27], [0, 1, 2, 3, 5, 6, 9, 27], [0, 1, 4, 5, 6, 7, 10, 14], [0, 2, 4, 5, 17, 19, 23, 28], [0, 1, 2, 3, 4, 5, 15, 25], [1, 3, 4, 5, 10, 11, 15, 16], [0, 1, 2, 3, 5, 6, 8, 10]]",8,0.4473034739494324,128,learned,0.5,18944,4.0,124,0.4656023681163788,23,136 8 72 88,4715,0.8654053211212158,test,top_r_mean,0.0,0.5,0.25,0.625
0.027147401908801695,1.0,148,1.0,31,109.57169998437166,qasper,0.2857142857142857,0.25,0.07142857142857142,0.0,1912.03804:2ccc26e11df4eb26fcccdd1f446dc749aff5d572,mean,0.7104247104247104,0.007176368497312069,"[[0, 1, 3, 6, 9, 12, 13, 21], [1, 2, 4, 9, 10, 13, 14, 16], [0, 4, 5, 7, 8, 11, 27, 28], [2, 4, 7, 9, 23, 25, 27, 30], [0, 1, 2, 6, 15, 19, 23, 24], [0, 5, 8, 18, 20, 26, 28, 31], [1, 2, 3, 6, 10, 19, 23, 31], [0, 1, 3, 4, 5, 6, 7, 20], [0, 1, 4, 6, 7, 10, 13, 17], [1, 3, 7, 8, 9, 10, 11, 20], [0, 1, 2, 18, 19, 27, 28, 30], [0, 1, 2, 4, 8, 9, 22, 30], [1, 3, 5, 6, 7, 8, 9, 18], [0, 2, 4, 8, 9, 10, 14, 26], [1, 2, 3, 5, 9, 10, 19, 30], [2, 3, 4, 6, 15, 16, 17, 27], [0, 1, 10, 13, 16, 26, 27, 30], [2, 4, 6, 9, 10, 13, 14, 15], [1, 3, 4, 10, 12, 14, 24, 27], [6, 8, 15, 16, 18, 20, 22, 23], [0, 1, 2, 3, 7, 13, 16, 18], [0, 1, 4, 5, 6, 8, 9, 28], [1, 3, 4, 8, 16, 22, 29, 31], [1, 2, 4, 5, 8, 21, 29, 31], [0, 1, 2, 3, 4, 12, 15, 22], [0, 2, 5, 15, 24, 27, 28, 29], [1, 3, 4, 6, 8, 12, 20, 30], [2, 3, 5, 12, 14, 20, 24, 28], [0, 2, 3, 5, 6, 13, 17, 26], [0, 1, 3, 5, 8, 14, 19, 21], [2, 3, 4, 7, 9, 12, 16, 22], [0, 3, 6, 7, 10, 15, 18, 24], [0, 1, 3, 6, 7, 16, 21, 28], [0, 1, 2, 4, 13, 18, 19, 20], [0, 1, 2, 4, 9, 12, 13, 21], [0, 2, 5, 7, 8, 9, 29, 30], [2, 3, 6, 8, 10, 13, 15, 18], [0, 3, 4, 5, 10, 11, 15, 26], [3, 5, 6, 10, 13, 18, 20, 22], [1, 2, 3, 4, 7, 8, 9, 12], [0, 1, 2, 3, 8, 13, 16, 26], [7, 8, 9, 10, 13, 14, 16, 25], [0, 2, 5, 7, 11, 13, 29, 30], [2, 5, 6, 7, 14, 15, 18, 29], [0, 3, 4, 6, 7, 8, 17, 18], [0, 1, 3, 4, 7, 19, 20, 28], [1, 2, 3, 5, 16, 18, 29, 31], [0, 1, 3, 5, 6, 7, 12, 17], [0, 1, 4, 6, 7, 10, 15, 17], [1, 5, 6, 7, 10, 11, 29, 31], [1, 2, 4, 5, 6, 7, 14, 22], [0, 1, 2, 5, 11, 12, 21, 22], [0, 1, 2, 4, 5, 7, 8, 21], [7, 9, 11, 15, 16, 20, 25, 27], [0, 1, 2, 3, 5, 6, 8, 12], [1, 2, 3, 5, 6, 8, 20, 29], [0, 1, 3, 4, 7, 11, 12, 13], [2, 6, 7, 8, 15, 17, 25, 28], [0, 1, 3, 4, 5, 7, 8, 21], [1, 2, 6, 10, 15, 20, 23, 29], [0, 1, 2, 4, 10, 13, 15, 26], [0, 1, 2, 7, 10, 14, 25, 28], [0, 4, 6, 7, 8, 9, 10, 29], [1, 2, 4, 5, 9, 15, 21, 26], [0, 1, 7, 9, 13, 18, 23, 25], [2, 3, 4, 5, 7, 10, 12, 16], [1, 2, 4, 6, 7, 11, 12, 24], [0, 2, 5, 8, 9, 11, 19, 22], [0, 2, 3, 7, 10, 14, 18, 20], [10, 11, 12, 15, 19, 20, 22, 23], [0, 3, 4, 5, 6, 8, 10, 14], [1, 2, 3, 5, 8, 10, 13, 20], [0, 1, 2, 4, 7, 9, 11, 31], [0, 5, 6, 8, 9, 11, 17, 18], [14, 15, 16, 20, 21, 27, 28, 30], [2, 5, 15, 18, 23, 24, 26, 29], [2, 6, 12, 13, 15, 17, 18, 19], [0, 2, 3, 5, 8, 24, 27, 30], [0, 1, 2, 3, 6, 7, 9, 19], [1, 2, 5, 6, 9, 10, 19, 29], [0, 1, 2, 9, 11, 13, 19, 22], [7, 8, 10, 11, 14, 17, 23, 25], [0, 1, 3, 7, 14, 15, 20, 23], [2, 5, 6, 7, 10, 11, 13, 24], [0, 2, 4, 5, 11, 12, 18, 28], [1, 4, 5, 10, 11, 13, 21, 30], [0, 2, 4, 5, 10, 15, 16, 21], [3, 7, 8, 9, 14, 15, 16, 22], [0, 1, 4, 6, 8, 10, 12, 15], [0, 5, 6, 12, 26, 28, 29, 30], [4, 7, 8, 9, 10, 15, 22, 31], [5, 8, 9, 14, 17, 18, 19, 20], [0, 7, 10, 11, 12, 14, 22, 28], [1, 2, 3, 7, 8, 12, 15, 20], [0, 2, 3, 8, 20, 22, 25, 29], [0, 1, 2, 4, 11, 16, 22, 24], [0, 1, 4, 9, 22, 23, 24, 25], [2, 5, 6, 12, 16, 19, 23, 24], [3, 4, 7, 11, 15, 20, 27, 30], [3, 4, 5, 7, 8, 9, 10, 22], [1, 4, 6, 7, 8, 23, 25, 31], [0, 1, 2, 3, 15, 16, 20, 30], [0, 2, 4, 5, 6, 7, 26, 28], [0, 6, 7, 12, 14, 15, 20, 27], [0, 1, 2, 3, 4, 5, 7, 17], [3, 4, 5, 8, 9, 17, 18, 29], [0, 1, 2, 3, 4, 7, 22, 23], [0, 1, 4, 5, 6, 12, 16, 24], [5, 6, 7, 8, 14, 16, 17, 31], [0, 3, 4, 7, 8, 11, 14, 25], [1, 3, 4, 8, 9, 18, 21, 30], [0, 1, 2, 5, 6, 9, 13, 23], [0, 1, 3, 4, 9, 23, 29, 31], [2, 4, 13, 16, 17, 21, 23, 26], [2, 5, 6, 7, 10, 14, 18, 25], [0, 1, 3, 4, 7, 8, 11, 15], [2, 4, 6, 7, 9, 16, 18, 25], [0, 1, 4, 7, 13, 21, 22, 25], [0, 1, 2, 6, 11, 19, 24, 27], [1, 2, 3, 5, 6, 9, 11, 30], [0, 1, 2, 6, 7, 8, 10, 16], [1, 3, 4, 5, 8, 12, 15, 18], [0, 1, 2, 6, 7, 8, 9, 17], [1, 2, 3, 5, 6, 8, 18, 30], [1, 2, 5, 9, 15, 16, 23, 30], [1, 3, 4, 7, 11, 12, 18, 20], [1, 4, 5, 8, 10, 19, 20, 23], [2, 3, 4, 6, 7, 9, 13, 15], [0, 1, 2, 4, 6, 10, 14, 27], [0, 5, 6, 7, 8, 9, 14, 29], [0, 1, 6, 9, 11, 14, 18, 29], [3, 4, 5, 8, 11, 13, 14, 25], [1, 2, 5, 7, 9, 15, 17, 20], [0, 2, 6, 12, 15, 18, 23, 26], [0, 1, 3, 9, 10, 13, 19, 31], [2, 3, 4, 5, 6, 9, 15, 20], [0, 1, 2, 3, 9, 10, 21, 22], [0, 1, 3, 4, 6, 10, 12, 20], [1, 2, 4, 6, 9, 10, 25, 31], [1, 2, 4, 5, 9, 11, 22, 27], [0, 3, 6, 7, 8, 12, 16, 17], [0, 1, 2, 6, 7, 11, 14, 27], [0, 1, 2, 3, 5, 6, 9, 27], [0, 1, 4, 5, 6, 7, 10, 14], [0, 2, 4, 10, 17, 19, 23, 28], [0, 1, 3, 4, 5, 8, 15, 25], [0, 1, 3, 4, 5, 10, 11, 16], [0, 1, 2, 3, 5, 6, 8, 10]]",8,0.43148937821388245,128,learned,0.5,18944,4.0,124,0.4475112855434418,37,136 8 72 88,4715,0.8824781179428101,test,top_r_mean,0.0,0.5,0.25,0.625
0.027147401908801695,1.0,148,1.0,31,103.16719999536872,qasper,0.2857142857142857,0.25,0.07142857142857142,0.0,1912.03804:2ccc26e11df4eb26fcccdd1f446dc749aff5d572,mean,0.7045412759698474,0.007394490763545036,"[[0, 1, 3, 6, 9, 12, 14, 21], [1, 2, 4, 9, 10, 13, 14, 16], [0, 4, 5, 7, 8, 11, 27, 28], [4, 7, 9, 22, 23, 25, 27, 30], [0, 2, 5, 6, 15, 19, 23, 24], [0, 5, 8, 18, 20, 26, 28, 31], [1, 2, 3, 6, 10, 19, 23, 31], [0, 1, 3, 4, 5, 6, 7, 20], [0, 1, 4, 6, 7, 10, 13, 17], [1, 3, 5, 7, 8, 9, 10, 11], [0, 1, 2, 6, 18, 19, 28, 30], [0, 1, 4, 8, 9, 18, 22, 30], [1, 3, 5, 6, 7, 8, 9, 18], [0, 2, 4, 8, 9, 10, 14, 26], [1, 2, 3, 9, 10, 12, 19, 30], [2, 3, 4, 6, 15, 16, 17, 27], [0, 1, 9, 10, 13, 16, 27, 30], [2, 4, 6, 9, 13, 14, 15, 22], [1, 3, 4, 10, 12, 14, 24, 27], [6, 8, 16, 18, 20, 22, 23, 26], [0, 1, 2, 3, 7, 12, 16, 18], [0, 1, 4, 5, 6, 8, 9, 28], [1, 3, 4, 6, 8, 16, 26, 29], [1, 2, 4, 5, 8, 19, 29, 31], [0, 1, 2, 3, 12, 17, 22, 23], [0, 2, 5, 15, 24, 26, 28, 29], [1, 3, 4, 6, 8, 12, 20, 30], [2, 3, 5, 12, 20, 24, 27, 28], [0, 2, 3, 5, 6, 13, 17, 30], [0, 1, 3, 5, 8, 14, 19, 21], [2, 3, 4, 7, 9, 12, 16, 30], [0, 3, 6, 7, 10, 15, 18, 24], [0, 1, 3, 6, 7, 16, 21, 28], [0, 1, 2, 4, 13, 18, 19, 22], [0, 1, 2, 4, 12, 13, 20, 21], [0, 2, 5, 7, 8, 9, 29, 30], [2, 3, 6, 8, 10, 13, 15, 18], [0, 3, 4, 5, 10, 11, 15, 26], [3, 4, 6, 10, 13, 18, 20, 22], [1, 2, 3, 4, 7, 8, 9, 12], [0, 1, 3, 8, 13, 16, 23, 26], [8, 9, 10, 13, 14, 16, 20, 25], [0, 2, 5, 7, 11, 13, 30, 31], [2, 5, 6, 7, 14, 15, 18, 29], [0, 3, 4, 6, 7, 14, 17, 18], [0, 1, 3, 4, 7, 19, 20, 31], [1, 2, 3, 4, 5, 16, 18, 29], [0, 1, 3, 5, 6, 7, 12, 17], [0, 1, 4, 6, 7, 10, 17, 24], [1, 5, 6, 10, 11, 29, 30, 31], [1, 2, 4, 5, 6, 7, 15, 22], [0, 1, 2, 5, 11, 12, 21, 22], [0, 1, 2, 4, 5, 7, 8, 21], [7, 11, 12, 15, 16, 20, 25, 27], [0, 1, 2, 3, 5, 6, 8, 12], [1, 2, 3, 5, 6, 16, 20, 29], [0, 1, 3, 4, 7, 11, 12, 13], [2, 6, 7, 8, 15, 17, 25, 28], [0, 1, 3, 4, 5, 7, 8, 21], [1, 2, 6, 10, 15, 20, 23, 29], [0, 1, 2, 4, 10, 13, 15, 29], [0, 1, 2, 7, 10, 14, 25, 28], [0, 1, 4, 7, 8, 9, 10, 29], [1, 2, 4, 5, 9, 15, 21, 26], [0, 1, 6, 9, 13, 19, 23, 25], [2, 3, 4, 5, 7, 10, 12, 16], [1, 2, 4, 7, 10, 11, 12, 24], [0, 2, 5, 6, 8, 9, 19, 22], [0, 2, 7, 10, 14, 17, 18, 20], [10, 11, 12, 15, 19, 20, 22, 23], [0, 4, 5, 6, 8, 10, 13, 14], [1, 2, 3, 5, 6, 10, 13, 20], [0, 1, 2, 4, 7, 9, 11, 31], [0, 5, 6, 8, 9, 11, 17, 18], [14, 15, 16, 20, 21, 27, 28, 30], [2, 5, 15, 18, 23, 24, 26, 29], [2, 6, 12, 13, 15, 17, 18, 19], [0, 2, 3, 5, 8, 24, 27, 30], [0, 1, 2, 3, 6, 7, 9, 19], [1, 2, 5, 6, 9, 10, 19, 29], [0, 1, 2, 9, 11, 13, 19, 22], [7, 8, 10, 11, 14, 17, 23, 25], [0, 1, 3, 7, 14, 15, 20, 23], [2, 5, 6, 7, 10, 11, 13, 24], [0, 2, 4, 5, 11, 12, 18, 28], [1, 4, 5, 10, 11, 21, 27, 30], [0, 2, 4, 5, 10, 15, 16, 21], [3, 7, 8, 9, 14, 15, 16, 22], [0, 1, 3, 4, 6, 8, 10, 12], [0, 1, 5, 6, 26, 28, 29, 30], [4, 5, 7, 8, 9, 10, 15, 31], [5, 8, 9, 11, 14, 17, 18, 19], [0, 7, 11, 12, 14, 22, 27, 28], [1, 2, 3, 7, 8, 10, 12, 20], [0, 2, 3, 8, 20, 22, 25, 29], [0, 1, 2, 4, 11, 16, 22, 24], [0, 1, 4, 9, 14, 23, 24, 25], [2, 5, 6, 12, 16, 19, 23, 24], [3, 4, 7, 11, 15, 20, 27, 30], [3, 4, 5, 7, 8, 9, 10, 22], [1, 4, 6, 7, 8, 23, 25, 31], [0, 1, 2, 3, 15, 16, 20, 30], [0, 2, 4, 5, 6, 7, 26, 28], [0, 6, 7, 12, 14, 15, 20, 27], [0, 1, 2, 3, 4, 5, 7, 17], [3, 4, 5, 8, 9, 17, 18, 29], [0, 2, 3, 4, 7, 22, 23, 24], [0, 1, 4, 5, 6, 12, 16, 24], [5, 6, 7, 8, 14, 16, 17, 31], [3, 4, 7, 8, 11, 14, 24, 25], [1, 3, 4, 8, 9, 18, 21, 30], [0, 1, 2, 5, 6, 9, 13, 23], [0, 1, 3, 4, 9, 23, 29, 31], [1, 2, 4, 6, 13, 16, 17, 21], [2, 5, 6, 7, 10, 18, 27, 30], [0, 1, 3, 4, 7, 11, 15, 21], [2, 4, 6, 7, 9, 15, 16, 18], [1, 4, 7, 12, 13, 21, 22, 25], [0, 1, 6, 10, 11, 19, 24, 27], [1, 2, 5, 6, 9, 15, 25, 30], [0, 1, 2, 6, 7, 8, 10, 16], [1, 2, 3, 4, 5, 8, 12, 15], [0, 1, 2, 6, 7, 8, 9, 12], [1, 2, 3, 5, 6, 8, 19, 30], [1, 2, 5, 9, 15, 16, 23, 31], [1, 3, 4, 7, 11, 12, 18, 20], [1, 4, 5, 8, 12, 19, 20, 23], [2, 3, 4, 6, 7, 9, 13, 30], [0, 1, 2, 4, 6, 10, 14, 27], [0, 5, 6, 7, 8, 9, 14, 29], [0, 1, 6, 9, 11, 14, 18, 29], [3, 4, 5, 8, 11, 13, 14, 25], [1, 2, 5, 7, 9, 15, 20, 25], [0, 2, 6, 12, 15, 18, 23, 26], [0, 1, 3, 9, 10, 13, 19, 31], [2, 3, 4, 5, 6, 9, 15, 20], [0, 1, 2, 3, 9, 10, 21, 22], [0, 1, 2, 3, 4, 6, 12, 20], [1, 2, 4, 6, 9, 10, 25, 31], [1, 2, 4, 5, 9, 11, 27, 30], [0, 3, 6, 7, 8, 12, 16, 17], [0, 1, 2, 6, 7, 11, 14, 19], [0, 1, 2, 3, 5, 6, 9, 27], [0, 1, 4, 5, 6, 7, 10, 14], [0, 2, 4, 10, 17, 19, 23, 31], [0, 1, 2, 3, 4, 5, 8, 15], [0, 1, 3, 4, 5, 10, 11, 16], [0, 1, 2, 3, 5, 6, 8, 10]]",8,0.4325702488422394,128,learned,0.5,18944,4.0,124,0.4497223496437073,53,136 8 72 88,4715,0.8834628462791443,test,top_r_mean,0.0,0.5,0.25,0.625
0.027147401908801695,0.0,148,0.0,31,109.31030008941889,qasper,0.2857142857142857,0.0,0.0,0.0,1912.03804:2ccc26e11df4eb26fcccdd1f446dc749aff5d572,mean,0.713366427652142,0.006712658330798149,"[[0, 1, 3, 6, 9, 14, 21, 28], [1, 2, 4, 9, 10, 14, 16, 17], [0, 4, 5, 7, 8, 11, 27, 28], [4, 7, 9, 22, 23, 25, 27, 30], [0, 2, 4, 6, 15, 19, 23, 24], [0, 3, 5, 18, 20, 26, 28, 31], [1, 2, 3, 6, 10, 19, 23, 31], [0, 1, 3, 4, 5, 6, 7, 31], [0, 1, 7, 9, 10, 13, 17, 31], [1, 3, 7, 8, 9, 10, 11, 16], [0, 1, 2, 6, 18, 19, 28, 30], [0, 1, 4, 8, 9, 18, 22, 30], [1, 3, 5, 6, 7, 8, 18, 25], [0, 2, 4, 8, 9, 10, 14, 24], [1, 2, 3, 9, 10, 12, 19, 30], [2, 4, 6, 15, 16, 17, 27, 30], [0, 1, 9, 10, 13, 26, 27, 30], [2, 4, 6, 9, 13, 14, 15, 22], [1, 10, 12, 14, 17, 21, 24, 27], [6, 8, 16, 17, 18, 20, 22, 23], [0, 2, 3, 7, 12, 13, 16, 18], [0, 1, 4, 5, 6, 8, 9, 28], [1, 4, 8, 16, 22, 26, 29, 31], [2, 4, 5, 8, 17, 19, 29, 31], [0, 1, 2, 3, 12, 15, 17, 22], [0, 2, 5, 15, 23, 24, 28, 29], [1, 3, 4, 6, 8, 12, 20, 30], [2, 3, 5, 12, 20, 24, 27, 28], [0, 3, 5, 6, 13, 17, 26, 30], [1, 3, 5, 8, 14, 19, 21, 27], [2, 3, 4, 7, 9, 12, 16, 24], [0, 3, 6, 7, 10, 15, 18, 24], [0, 1, 6, 7, 11, 16, 21, 28], [0, 1, 2, 4, 13, 18, 19, 30], [1, 2, 4, 9, 12, 13, 20, 21], [2, 5, 7, 9, 15, 20, 29, 30], [2, 3, 6, 8, 10, 13, 15, 18], [0, 2, 4, 5, 10, 11, 15, 26], [3, 6, 10, 13, 14, 18, 20, 22], [2, 3, 4, 7, 8, 9, 12, 17], [0, 1, 3, 11, 13, 16, 23, 26], [8, 9, 10, 13, 14, 16, 20, 25], [0, 2, 5, 9, 11, 13, 29, 30], [2, 5, 6, 7, 14, 15, 18, 29], [0, 2, 3, 4, 6, 7, 17, 18], [0, 1, 3, 4, 7, 19, 20, 28], [1, 2, 3, 5, 16, 18, 29, 31], [1, 3, 5, 6, 7, 12, 17, 21], [0, 1, 4, 6, 7, 10, 15, 17], [1, 5, 6, 11, 23, 29, 30, 31], [1, 2, 4, 5, 6, 7, 15, 22], [0, 1, 2, 5, 11, 12, 21, 22], [0, 1, 2, 4, 5, 7, 8, 21], [7, 9, 11, 15, 16, 20, 25, 27], [0, 1, 2, 3, 5, 6, 8, 12], [1, 2, 3, 5, 6, 20, 29, 30], [0, 1, 3, 4, 7, 11, 12, 13], [6, 7, 8, 15, 17, 24, 25, 28], [0, 1, 3, 4, 5, 7, 8, 21], [1, 2, 6, 10, 15, 20, 23, 29], [0, 1, 2, 4, 10, 15, 25, 29], [0, 1, 2, 7, 10, 14, 25, 28], [1, 4, 7, 8, 9, 10, 25, 29], [1, 2, 4, 5, 9, 15, 21, 26], [0, 1, 6, 9, 18, 19, 23, 25], [2, 3, 4, 5, 7, 10, 12, 16], [1, 2, 4, 7, 10, 11, 12, 24], [0, 2, 5, 9, 19, 22, 25, 27], [0, 2, 7, 10, 14, 17, 18, 20], [10, 11, 12, 15, 19, 20, 22, 23], [0, 4, 5, 6, 8, 10, 13, 14], [1, 2, 3, 5, 10, 13, 15, 20], [0, 1, 2, 4, 7, 11, 12, 31], [0, 5, 6, 8, 9, 11, 17, 18], [14, 15, 16, 20, 21, 27, 28, 30], [2, 5, 15, 18, 23, 24, 26, 29], [2, 6, 12, 13, 15, 17, 18, 19], [0, 2, 3, 5, 8, 14, 27, 30], [0, 1, 2, 3, 6, 7, 9, 19], [1, 2, 5, 6, 9, 10, 19, 29], [0, 2, 9, 11, 13, 18, 19, 22], [7, 8, 10, 11, 14, 17, 23, 25], [0, 1, 3, 7, 14, 15, 23, 27], [2, 5, 6, 7, 10, 11, 13, 24], [0, 1, 2, 5, 11, 12, 18, 28], [1, 4, 5, 10, 11, 21, 27, 30], [0, 2, 4, 5, 10, 15, 16, 21], [3, 7, 8, 9, 14, 15, 16, 22], [0, 1, 3, 4, 6, 8, 10, 15], [0, 5, 6, 26, 28, 29, 30, 31], [4, 7, 8, 9, 10, 15, 22, 31], [5, 8, 9, 11, 14, 17, 18, 19], [0, 10, 11, 12, 14, 22, 27, 28], [1, 2, 3, 8, 12, 15, 20, 31], [0, 3, 8, 20, 21, 22, 25, 29], [0, 1, 2, 4, 10, 11, 22, 24], [0, 1, 4, 9, 22, 23, 24, 25], [2, 5, 6, 16, 19, 23, 24, 27], [3, 4, 7, 11, 15, 20, 27, 30], [3, 4, 5, 7, 8, 9, 10, 22], [1, 4, 6, 7, 14, 23, 25, 31], [0, 1, 2, 3, 15, 16, 20, 30], [2, 4, 5, 6, 7, 25, 26, 28], [0, 7, 12, 14, 15, 19, 20, 27], [0, 1, 2, 3, 4, 5, 7, 17], [3, 4, 5, 8, 9, 17, 18, 29], [0, 2, 3, 4, 7, 22, 23, 24], [1, 4, 5, 6, 12, 16, 24, 28], [5, 7, 8, 10, 14, 16, 17, 31], [3, 4, 7, 8, 11, 14, 24, 25], [1, 3, 4, 8, 9, 18, 21, 30], [0, 1, 2, 5, 6, 9, 13, 23], [0, 3, 4, 9, 20, 23, 29, 31], [1, 2, 4, 6, 13, 16, 17, 21], [2, 5, 6, 7, 10, 18, 27, 30], [0, 1, 3, 4, 7, 11, 15, 21], [2, 6, 7, 9, 15, 16, 18, 23], [0, 1, 4, 7, 13, 21, 22, 25], [0, 1, 6, 10, 11, 19, 24, 27], [1, 2, 5, 6, 9, 15, 25, 30], [0, 1, 2, 6, 7, 8, 10, 16], [1, 2, 3, 4, 5, 8, 12, 15], [0, 1, 2, 5, 6, 7, 8, 9], [1, 2, 3, 5, 6, 8, 19, 30], [1, 2, 5, 9, 15, 16, 24, 31], [1, 3, 4, 7, 11, 18, 20, 24], [1, 4, 5, 18, 19, 20, 23, 31], [3, 6, 7, 9, 13, 15, 30, 31], [0, 1, 2, 4, 6, 10, 14, 27], [0, 5, 6, 7, 8, 9, 14, 29], [0, 1, 6, 9, 14, 18, 24, 29], [3, 4, 5, 8, 13, 14, 18, 25], [1, 2, 5, 7, 9, 17, 20, 25], [0, 6, 12, 15, 18, 23, 26, 27], [0, 1, 3, 9, 10, 13, 19, 31], [2, 3, 4, 5, 6, 9, 15, 20], [0, 1, 2, 3, 9, 10, 21, 22], [0, 1, 4, 6, 12, 18, 20, 25], [1, 2, 4, 6, 9, 10, 25, 31], [1, 2, 4, 5, 9, 11, 27, 30], [0, 3, 6, 7, 8, 13, 16, 17], [0, 1, 2, 6, 7, 11, 19, 27], [0, 2, 3, 5, 6, 9, 21, 27], [0, 1, 4, 5, 6, 7, 10, 14], [0, 2, 4, 10, 17, 19, 23, 31], [0, 1, 3, 4, 5, 15, 19, 25], [1, 3, 4, 5, 10, 11, 15, 16], [0, 1, 2, 3, 5, 6, 8, 10]]",8,0.4296624958515167,128,learned,0.0,18944,4.0,124,0.4457895755767822,71,136 88 64 128,4715,0.8880122900009155,test,top_r_mean,0.0,0.5,0.75,0.625
0.01942042178728569,1.0,206,1.0,31,133.41510016471148,qasper,0.8,0.25,0.2,0.0,1910.14599:ee2c9bc24d70daa0c87e38e0558e09ab97feb4f2,mean,0.35881405702377567,1.1680376529693604,"[[0], [3], [1], [2], [0], [1], [2], [1], [0], [2], [2], [1], [1], [2], [1], [6], [0], [0], [14], [4], [0], [1], [3], [0], [0], [0], [1], [0], [1], [1], [5], [2], [0], [7], [1], [2], [0], [0], [1], [1], [0], [1], [3], [0], [0], [0], [2], [0], [0], [1], [2], [1], [2], [6], [0], [0], [0], [1], [1], [0], [1], [0], [3], [1], [0], [0], [0], [2], [3], [0], [3], [4], [0], [0], [2], [2], [1], [0], [1], [2], [0], [1], [0], [0], [0], [0], [0], [5], [0], [1], [1], [7], [3], [3], [8], [0], [0], [0], [0], [6], [0], [1], [2], [0], [0], [0], [5], [5], [2], [1], [0], [1], [0], [1], [1], [0], [2], [1], [1], [4], [0], [0], [1], [11], [1], [1], [1], [1], [0], [1], [4], [3], [4], [0], [0], [0], [0], [0], [0], [1], [2], [1], [1], [1], [0], [0], [0], [1], [1], [4], [5], [1], [0], [1], [0], [1], [2], [5], [3], [0], [0], [1], [1], [1], [1], [0], [1], [2], [0], [1], [6], [1], [4], [1], [1], [4], [0], [0], [1], [5], [0], [0], [0], [1], [0], [1], [0], [3], [1], [3], [4], [1], [0], [0], [0], [2], [0], [2], [0], [0], [0], [0], [1], [0], [0], [2]]",1,1.0314198732376099,128,learned,0.5,3296,4.0,124,1.2208583354949951,11,200 0 120 192,6591,0.4998212158679962,test,top_r_mean,0.0,0.5,0.5,0.25
0.01942042178728569,1.0,206,1.0,31,134.33359982445836,qasper,0.8,0.25,0.2,0.0,1910.14599:ee2c9bc24d70daa0c87e38e0558e09ab97feb4f2,mean,0.34517381831959837,1.176957130432129,"[[0], [4], [1], [2], [0], [1], [2], [1], [0], [0], [2], [2], [1], [2], [1], [6], [0], [0], [14], [1], [0], [1], [3], [0], [0], [0], [1], [0], [1], [1], [5], [2], [0], [7], [1], [2], [0], [0], [1], [2], [0], [1], [3], [0], [0], [0], [2], [0], [0], [1], [2], [1], [1], [6], [0], [0], [0], [1], [1], [0], [1], [0], [3], [1], [0], [0], [0], [2], [3], [0], [3], [4], [0], [0], [2], [1], [1], [0], [2], [2], [0], [1], [0], [0], [0], [0], [0], [5], [0], [1], [6], [7], [3], [0], [0], [0], [0], [0], [0], [6], [0], [1], [1], [0], [0], [0], [5], [5], [2], [1], [0], [1], [0], [1], [1], [0], [2], [1], [1], [4], [0], [0], [1], [1], [1], [1], [1], [1], [0], [1], [4], [0], [4], [0], [0], [0], [0], [0], [0], [2], [1], [1], [1], [1], [0], [0], [0], [1], [1], [5], [5], [1], [0], [1], [0], [3], [2], [4], [3], [0], [0], [1], [1], [1], [1], [0], [1], [0], [0], [1], [6], [1], [4], [1], [1], [4], [0], [0], [1], [5], [0], [0], [0], [1], [0], [1], [0], [3], [1], [3], [2], [1], [0], [0], [0], [2], [0], [2], [0], [0], [0], [0], [1], [0], [0], [2]]",1,1.043412208557129,128,learned,0.5,3296,4.0,124,1.231396198272705,23,200 0 120 192,6591,0.4868130683898926,test,top_r_mean,0.0,0.5,0.5,0.25
0.01942042178728569,1.0,206,1.0,31,152.53870002925396,qasper,0.8,0.25,0.2,0.0,1910.14599:ee2c9bc24d70daa0c87e38e0558e09ab97feb4f2,mean,0.34829970635597235,1.1817030906677246,"[[0], [3], [1], [2], [0], [1], [2], [1], [0], [0], [2], [1], [1], [2], [1], [6], [0], [0], [14], [4], [0], [1], [1], [0], [0], [0], [1], [0], [1], [1], [5], [2], [0], [7], [1], [2], [0], [0], [1], [1], [0], [1], [0], [0], [0], [0], [2], [0], [0], [1], [2], [1], [1], [3], [0], [0], [0], [1], [1], [0], [1], [0], [3], [1], [0], [0], [0], [2], [3], [0], [3], [4], [0], [0], [2], [2], [1], [0], [1], [2], [0], [1], [0], [0], [0], [0], [0], [5], [0], [1], [6], [7], [3], [0], [2], [0], [0], [0], [0], [1], [0], [1], [2], [0], [0], [0], [5], [2], [1], [1], [0], [1], [0], [1], [1], [0], [2], [1], [1], [4], [0], [0], [0], [1], [1], [1], [1], [1], [0], [1], [3], [0], [4], [0], [0], [0], [0], [0], [0], [1], [1], [1], [1], [1], [0], [0], [0], [1], [1], [4], [5], [1], [0], [1], [0], [1], [2], [4], [3], [0], [0], [1], [1], [1], [1], [0], [1], [0], [0], [1], [6], [1], [4], [1], [1], [3], [0], [0], [0], [5], [0], [0], [0], [1], [0], [1], [0], [3], [1], [3], [2], [1], [0], [0], [0], [4], [0], [2], [0], [0], [0], [0], [1], [0], [0], [7]]",1,1.051357626914978,128,learned,0.5,3296,4.0,124,1.2334671020507812,37,200 0 120 192,6591,0.4901364743709564,test,top_r_mean,0.0,0.5,0.5,0.25
0.01942042178728569,1.0,206,1.0,31,128.1019002199173,qasper,0.8,0.25,0.2,0.0,1910.14599:ee2c9bc24d70daa0c87e38e0558e09ab97feb4f2,mean,0.3593824003031164,1.1725003719329834,"[[0], [3], [1], [2], [0], [1], [2], [1], [0], [0], [2], [1], [1], [2], [1], [6], [0], [0], [14], [4], [0], [1], [1], [0], [0], [0], [1], [0], [1], [1], [5], [2], [0], [7], [1], [2], [0], [0], [1], [1], [0], [1], [3], [0], [0], [0], [2], [0], [0], [1], [2], [1], [1], [6], [0], [0], [0], [1], [1], [0], [1], [0], [3], [1], [0], [0], [0], [2], [3], [0], [3], [4], [0], [0], [2], [1], [1], [0], [1], [2], [0], [1], [0], [0], [0], [0], [0], [5], [0], [1], [1], [7], [3], [0], [2], [0], [0], [0], [0], [1], [0], [1], [1], [0], [0], [0], [5], [2], [2], [1], [0], [1], [0], [1], [1], [0], [2], [1], [1], [4], [0], [0], [1], [1], [1], [1], [1], [1], [0], [1], [4], [3], [4], [0], [0], [0], [0], [0], [0], [1], [1], [1], [1], [1], [0], [0], [0], [1], [1], [4], [5], [1], [0], [2], [0], [2], [2], [5], [3], [0], [0], [1], [1], [1], [1], [0], [1], [1], [0], [1], [6], [1], [4], [1], [1], [4], [0], [0], [1], [5], [0], [0], [0], [1], [0], [1], [0], [3], [1], [3], [1], [1], [0], [0], [0], [4], [0], [2], [0], [0], [0], [0], [1], [0], [0], [2]]",1,1.0379539728164673,128,learned,0.5,3296,4.0,124,1.2262916564941406,53,200 0 120 192,6591,0.5029593110084534,test,top_r_mean,0.0,0.5,0.5,0.25
0.01942042178728569,1.0,206,1.0,31,140.53620002232492,qasper,0.8,0.25,0.2,0.0,1910.14599:ee2c9bc24d70daa0c87e38e0558e09ab97feb4f2,mean,0.33342805721322344,1.1862266063690186,"[[0], [4], [1], [2], [2], [1], [2], [1], [0], [0], [2], [1], [1], [2], [1], [3], [0], [0], [14], [4], [0], [1], [3], [0], [0], [0], [1], [0], [1], [1], [5], [2], [0], [7], [1], [2], [0], [0], [1], [2], [0], [2], [3], [0], [0], [0], [2], [0], [0], [1], [2], [1], [1], [3], [0], [0], [0], [1], [1], [0], [1], [0], [3], [1], [0], [0], [0], [2], [3], [0], [3], [4], [0], [0], [2], [1], [1], [0], [1], [2], [0], [1], [0], [0], [0], [0], [0], [5], [0], [1], [1], [7], [3], [0], [8], [0], [0], [0], [0], [6], [0], [1], [1], [0], [0], [0], [5], [2], [2], [1], [0], [1], [0], [1], [1], [0], [2], [1], [1], [4], [0], [0], [1], [4], [1], [1], [1], [1], [0], [1], [4], [3], [4], [0], [0], [0], [0], [0], [0], [2], [1], [1], [1], [1], [0], [0], [0], [1], [1], [4], [5], [1], [0], [1], [2], [3], [2], [4], [3], [0], [0], [1], [1], [1], [1], [0], [1], [2], [0], [1], [6], [1], [4], [1], [1], [4], [0], [0], [1], [5], [0], [0], [0], [1], [0], [1], [0], [3], [1], [3], [4], [1], [0], [0], [0], [4], [0], [2], [0], [0], [0], [0], [1], [0], [0], [2]]",1,1.0527528524398804,128,learned,0.5,3296,4.0,124,1.2458417415618896,71,200 0 120 192,6591,0.46874773502349854,test,top_r_mean,0.0,0.5,0.5,0.25
0.01942042178728569,1.0,206,1.0,31,123.42209997586906,qasper,0.8,0.25,0.2,0.0,1910.14599:ee2c9bc24d70daa0c87e38e0558e09ab97feb4f2,mean,0.3974899360644092,0.21307159960269928,"[[0, 1], [3, 4], [1, 5], [2, 5], [0, 2], [1, 3], [2, 3], [1, 2], [0, 1], [2, 5], [2, 4], [1, 2], [1, 2], [2, 3], [1, 6], [6, 7], [0, 1], [0, 1], [14, 15], [4, 9], [0, 3], [1, 2], [3, 4], [0, 1], [0, 1], [0, 1], [1, 3], [0, 1], [1, 2], [1, 3], [5, 6], [2, 3], [0, 1], [7, 8], [1, 2], [2, 9], [0, 9], [0, 1], [1, 2], [1, 2], [0, 1], [1, 2], [3, 5], [0, 3], [0, 2], [0, 1], [2, 4], [0, 2], [0, 1], [1, 3], [2, 4], [1, 10], [2, 4], [6, 8], [0, 1], [0, 2], [0, 1], [1, 2], [1, 2], [0, 2], [1, 4], [0, 1], [3, 4], [1, 3], [0, 1], [0, 6], [0, 1], [2, 3], [3, 6], [0, 1], [3, 4], [4, 12], [0, 1], [0, 1], [2, 3], [2, 4], [1, 3], [0, 3], [1, 2], [2, 4], [0, 1], [1, 8], [0, 3], [0, 1], [0, 3], [0, 2], [0, 2], [5, 6], [0, 1], [1, 2], [1, 11], [7, 8], [3, 6], [3, 4], [8, 11], [0, 1], [0, 1], [0, 1], [0, 2], [6, 7], [0, 2], [1, 2], [2, 3], [0, 4], [0, 1], [0, 2], [5, 6], [5, 12], [2, 3], [1, 5], [0, 1], [1, 2], [0, 1], [1, 4], [1, 2], [0, 1], [2, 3], [1, 3], [1, 2], [4, 5], [0, 1], [0, 2], [1, 4], [11, 12], [1, 2], [1, 4], [1, 2], [1, 2], [0, 1], [1, 3], [4, 13], [3, 5], [4, 8], [0, 1], [0, 2], [0, 7], [0, 1], [0, 4], [0, 1], [1, 2], [2, 3], [1, 3], [1, 3], [1, 2], [0, 1], [0, 2], [0, 3], [1, 2], [1, 2], [4, 5], [5, 6], [1, 3], [0, 1], [1, 2], [0, 2], [1, 3], [2, 3], [5, 8], [3, 4], [0, 1], [0, 1], [1, 2], [1, 3], [1, 2], [1, 2], [0, 2], [1, 2], [2, 10], [0, 1], [1, 2], [6, 9], [1, 2], [4, 5], [1, 2], [1, 2], [4, 8], [0, 1], [0, 2], [1, 3], [5, 10], [0, 3], [0, 2], [0, 1], [1, 4], [0, 1], [1, 3], [0, 1], [3, 6], [1, 4], [3, 4], [4, 5], [1, 3], [0, 1], [0, 1], [0, 1], [2, 4], [0, 1], [2, 5], [0, 1], [0, 1], [0, 1], [0, 2], [1, 3], [0, 2], [0, 4], [2, 7]]",2,0.791742742061615,128,learned,0.5,6592,4.0,124,0.8576643466949463,11,8 0 16 168,6591,0.5542464256286621,test,top_r_mean,0.0,0.5,0.25,0.375
0.01942042178728569,1.0,206,1.0,31,137.91999989189208,qasper,0.8,0.25,0.2,0.0,1910.14599:ee2c9bc24d70daa0c87e38e0558e09ab97feb4f2,mean,0.38602888941510777,0.21353593468666077,"[[0, 1], [4, 5], [1, 5], [2, 5], [0, 2], [1, 3], [2, 3], [1, 3], [0, 1], [0, 2], [2, 3], [2, 3], [1, 2], [2, 3], [1, 6], [6, 7], [0, 1], [0, 1], [14, 15], [1, 4], [0, 3], [1, 5], [3, 4], [0, 1], [0, 1], [0, 1], [1, 3], [0, 1], [1, 2], [1, 3], [5, 6], [2, 3], [0, 1], [7, 8], [1, 2], [2, 9], [0, 9], [0, 1], [1, 2], [2, 6], [0, 1], [1, 2], [3, 5], [0, 1], [0, 2], [0, 1], [2, 4], [0, 2], [0, 1], [1, 3], [2, 4], [1, 2], [1, 2], [6, 8], [0, 1], [0, 2], [0, 1], [1, 2], [1, 5], [0, 8], [1, 4], [0, 1], [3, 4], [1, 3], [0, 1], [0, 5], [0, 1], [2, 3], [3, 6], [0, 1], [3, 4], [4, 12], [0, 1], [0, 1], [2, 3], [1, 2], [1, 8], [0, 3], [2, 3], [2, 4], [0, 1], [1, 8], [0, 3], [0, 1], [0, 3], [0, 2], [0, 1], [5, 6], [0, 1], [1, 2], [6, 11], [7, 8], [3, 6], [0, 3], [0, 5], [0, 1], [0, 1], [0, 1], [0, 2], [6, 7], [0, 1], [1, 3], [1, 2], [0, 1], [0, 1], [0, 2], [5, 6], [5, 12], [2, 3], [1, 5], [0, 1], [1, 2], [0, 1], [1, 6], [1, 2], [0, 1], [2, 3], [1, 3], [1, 2], [4, 5], [0, 1], [0, 2], [1, 4], [1, 4], [1, 2], [1, 4], [1, 2], [1, 2], [0, 1], [1, 5], [4, 13], [0, 3], [4, 8], [0, 1], [0, 2], [0, 3], [0, 1], [0, 3], [0, 1], [2, 3], [1, 2], [1, 3], [1, 3], [1, 2], [0, 1], [0, 2], [0, 3], [1, 2], [1, 2], [5, 12], [5, 6], [1, 3], [0, 1], [1, 4], [0, 2], [3, 4], [2, 4], [4, 5], [3, 4], [0, 1], [0, 1], [1, 2], [1, 3], [1, 2], [1, 2], [0, 2], [1, 2], [0, 2], [0, 1], [1, 2], [6, 9], [1, 2], [4, 5], [1, 2], [1, 2], [4, 6], [0, 1], [0, 4], [1, 3], [5, 15], [0, 3], [0, 2], [0, 1], [1, 4], [0, 1], [1, 3], [0, 1], [3, 6], [1, 4], [3, 4], [2, 4], [1, 3], [0, 1], [0, 1], [0, 1], [2, 4], [0, 1], [2, 5], [0, 1], [0, 1], [0, 1], [0, 2], [1, 3], [0, 2], [0, 1], [2, 13]]",2,0.7894753217697144,128,learned,0.5,6592,4.0,124,0.8539597392082214,23,8 0 16 168,6591,0.5393260717391968,test,top_r_mean,0.0,0.5,0.25,0.375
0.01942042178728569,1.0,206,1.0,31,156.94550005719066,qasper,0.8,0.25,0.2,0.0,1910.14599:ee2c9bc24d70daa0c87e38e0558e09ab97feb4f2,mean,0.38195595548188493,0.22310349345207214,"[[0, 1], [3, 4], [1, 5], [2, 5], [0, 2], [1, 3], [2, 3], [1, 2], [0, 1], [0, 2], [2, 3], [1, 2], [1, 2], [2, 3], [1, 2], [6, 7], [0, 1], [0, 1], [14, 15], [4, 9], [0, 3], [1, 5], [1, 3], [0, 1], [0, 1], [0, 1], [1, 3], [0, 1], [1, 2], [1, 2], [5, 6], [2, 3], [0, 1], [7, 8], [1, 2], [2, 9], [0, 9], [0, 1], [1, 2], [1, 2], [0, 1], [1, 2], [0, 3], [0, 1], [0, 2], [0, 1], [2, 4], [0, 2], [0, 1], [1, 3], [2, 4], [1, 2], [1, 2], [3, 6], [0, 1], [0, 2], [0, 1], [1, 2], [1, 2], [0, 2], [1, 4], [0, 1], [3, 4], [1, 3], [0, 1], [0, 6], [0, 1], [2, 3], [3, 6], [0, 1], [3, 4], [4, 12], [0, 1], [0, 1], [2, 3], [2, 4], [1, 3], [0, 3], [1, 2], [2, 4], [0, 1], [1, 4], [0, 3], [0, 1], [0, 3], [0, 2], [0, 1], [5, 6], [0, 1], [1, 2], [6, 11], [7, 8], [3, 6], [0, 3], [2, 8], [0, 1], [0, 1], [0, 1], [0, 2], [1, 6], [0, 1], [1, 3], [2, 3], [0, 1], [0, 1], [0, 2], [5, 6], [2, 5], [1, 2], [1, 5], [0, 1], [1, 2], [0, 1], [1, 4], [1, 2], [0, 1], [2, 3], [1, 3], [1, 2], [4, 5], [0, 1], [0, 2], [0, 1], [1, 4], [1, 2], [1, 4], [1, 2], [1, 2], [0, 1], [1, 3], [3, 4], [0, 3], [4, 6], [0, 1], [0, 2], [0, 3], [0, 1], [0, 3], [0, 1], [1, 2], [1, 2], [1, 3], [1, 3], [1, 2], [0, 1], [0, 1], [0, 3], [1, 2], [1, 2], [4, 5], [5, 6], [1, 3], [0, 1], [1, 2], [0, 1], [1, 2], [2, 3], [4, 5], [3, 4], [0, 1], [0, 1], [1, 2], [1, 3], [1, 2], [1, 2], [0, 2], [1, 2], [0, 2], [0, 1], [1, 2], [6, 9], [1, 2], [4, 5], [1, 2], [1, 2], [3, 4], [0, 1], [0, 2], [0, 1], [5, 15], [0, 3], [0, 1], [0, 1], [1, 2], [0, 1], [1, 3], [0, 1], [3, 6], [1, 4], [3, 4], [2, 4], [1, 2], [0, 1], [0, 1], [0, 1], [4, 5], [0, 1], [2, 5], [0, 1], [0, 1], [0, 1], [0, 4], [1, 3], [0, 2], [0, 1], [7, 9]]",2,0.8140521049499512,128,learned,0.5,6592,4.0,124,0.8880466818809509,37,8 0 16 168,6591,0.5395964980125427,test,top_r_mean,0.0,0.5,0.25,0.375
0.01942042178728569,1.0,206,1.0,31,149.25880008377135,qasper,0.8,0.25,0.2,0.0,1910.14599:ee2c9bc24d70daa0c87e38e0558e09ab97feb4f2,mean,0.37305233246507224,0.21954089403152466,"[[0, 1], [3, 4], [1, 5], [2, 5], [0, 2], [1, 3], [2, 3], [1, 2], [0, 1], [0, 2], [2, 4], [1, 2], [1, 2], [2, 3], [1, 2], [6, 7], [0, 1], [0, 1], [14, 15], [4, 7], [0, 3], [1, 2], [1, 3], [0, 1], [0, 1], [0, 1], [1, 3], [0, 1], [1, 2], [1, 2], [5, 6], [2, 3], [0, 1], [7, 8], [1, 2], [2, 9], [0, 9], [0, 1], [1, 2], [1, 2], [0, 1], [1, 2], [3, 5], [0, 1], [0, 2], [0, 1], [2, 4], [0, 2], [0, 1], [1, 3], [2, 4], [1, 2], [1, 2], [6, 8], [0, 1], [0, 2], [0, 1], [1, 2], [1, 2], [0, 2], [1, 4], [0, 1], [3, 4], [1, 3], [0, 1], [0, 6], [0, 1], [2, 3], [3, 6], [0, 1], [3, 4], [4, 12], [0, 1], [0, 1], [2, 3], [1, 2], [1, 3], [0, 3], [1, 2], [2, 4], [0, 1], [1, 3], [0, 3], [0, 1], [0, 3], [0, 2], [0, 1], [5, 6], [0, 1], [1, 2], [1, 11], [7, 8], [3, 6], [0, 1], [2, 8], [0, 1], [0, 1], [0, 1], [0, 2], [1, 6], [0, 1], [1, 3], [1, 2], [0, 1], [0, 1], [0, 2], [5, 6], [2, 5], [2, 3], [1, 5], [0, 1], [1, 2], [0, 1], [1, 4], [1, 2], [0, 1], [2, 3], [1, 3], [1, 2], [4, 5], [0, 1], [0, 2], [1, 4], [1, 4], [1, 2], [1, 4], [1, 2], [1, 2], [0, 1], [1, 3], [4, 13], [3, 5], [4, 6], [0, 1], [0, 2], [0, 3], [0, 1], [0, 3], [0, 1], [1, 2], [1, 2], [1, 3], [1, 3], [1, 2], [0, 1], [0, 1], [0, 3], [1, 2], [1, 2], [4, 5], [5, 6], [1, 3], [0, 1], [2, 4], [0, 1], [2, 3], [2, 3], [5, 9], [3, 4], [0, 1], [0, 1], [1, 2], [1, 3], [1, 2], [1, 2], [0, 2], [1, 2], [1, 2], [0, 1], [1, 2], [6, 9], [1, 2], [4, 5], [1, 2], [1, 2], [4, 6], [0, 1], [0, 2], [1, 3], [5, 10], [0, 3], [0, 1], [0, 1], [1, 2], [0, 1], [1, 3], [0, 1], [3, 6], [1, 4], [3, 4], [1, 4], [1, 2], [0, 1], [0, 1], [0, 1], [4, 5], [0, 1], [2, 5], [0, 1], [0, 1], [0, 1], [0, 2], [1, 3], [0, 2], [0, 1], [2, 7]]",2,0.8021999597549438,128,learned,0.5,6592,4.0,124,0.8752830028533936,53,8 0 16 168,6591,0.5245086550712585,test,top_r_mean,0.0,0.5,0.25,0.375
0.01942042178728569,1.0,206,1.0,31,144.72900005057454,qasper,0.8,0.25,0.2,0.0,1910.14599:ee2c9bc24d70daa0c87e38e0558e09ab97feb4f2,mean,0.37333649064645985,0.2157408446073532,"[[0, 1], [4, 5], [1, 5], [2, 5], [2, 3], [1, 3], [2, 3], [1, 2], [0, 1], [0, 2], [2, 4], [1, 2], [1, 2], [2, 3], [1, 2], [3, 6], [0, 1], [0, 1], [14, 15], [4, 9], [0, 3], [1, 5], [3, 4], [0, 1], [0, 1], [0, 1], [1, 3], [0, 1], [1, 2], [1, 3], [5, 6], [2, 3], [0, 1], [7, 8], [1, 2], [2, 9], [0, 9], [0, 1], [1, 2], [2, 6], [0, 1], [2, 6], [3, 5], [0, 3], [0, 2], [0, 1], [2, 4], [0, 2], [0, 1], [1, 3], [2, 4], [1, 10], [1, 2], [3, 8], [0, 1], [0, 2], [0, 1], [1, 2], [1, 2], [0, 8], [1, 4], [0, 1], [3, 4], [1, 3], [0, 1], [0, 5], [0, 1], [2, 3], [3, 6], [0, 1], [3, 4], [4, 12], [0, 1], [0, 1], [2, 3], [1, 2], [1, 3], [0, 3], [1, 2], [2, 4], [0, 1], [1, 8], [0, 3], [0, 1], [0, 3], [0, 2], [0, 1], [5, 6], [0, 1], [1, 2], [1, 11], [7, 8], [3, 6], [0, 3], [8, 11], [0, 1], [0, 1], [0, 1], [0, 2], [6, 7], [0, 2], [1, 3], [1, 2], [0, 4], [0, 1], [0, 2], [5, 6], [2, 5], [2, 3], [1, 5], [0, 1], [1, 2], [0, 1], [1, 4], [1, 2], [0, 1], [2, 3], [1, 2], [1, 2], [4, 5], [0, 1], [0, 2], [1, 4], [4, 11], [1, 2], [1, 4], [1, 2], [1, 2], [0, 1], [1, 5], [4, 13], [3, 5], [4, 8], [0, 1], [0, 2], [0, 3], [0, 1], [0, 4], [0, 1], [2, 3], [1, 2], [1, 3], [1, 3], [1, 2], [0, 1], [0, 2], [0, 3], [1, 2], [1, 2], [4, 5], [5, 6], [1, 3], [0, 1], [1, 4], [2, 8], [3, 4], [2, 4], [4, 8], [3, 4], [0, 1], [0, 1], [1, 3], [1, 3], [1, 2], [1, 2], [0, 2], [1, 2], [2, 10], [0, 1], [1, 2], [6, 9], [1, 2], [4, 5], [1, 2], [1, 2], [4, 6], [0, 1], [0, 2], [1, 3], [5, 15], [0, 3], [0, 2], [0, 1], [1, 2], [0, 1], [1, 3], [0, 1], [3, 6], [1, 4], [3, 4], [4, 5], [1, 3], [0, 1], [0, 1], [0, 1], [4, 5], [0, 1], [2, 5], [0, 1], [0, 1], [0, 1], [0, 2], [1, 3], [0, 2], [0, 2], [2, 7]]",2,0.7922954559326172,128,learned,0.5,6592,4.0,124,0.8629425168037415,71,8 0 16 168,6591,0.5248779058456421,test,top_r_mean,0.0,0.5,0.25,0.375
0.01942042178728569,1.0,206,1.0,31,143.9209000673145,qasper,0.8,0.25,0.2,0.0,1910.14599:ee2c9bc24d70daa0c87e38e0558e09ab97feb4f2,mean,0.4384087141842292,0.027893101796507835,"[[0, 1, 4, 5], [3, 4, 5, 7], [1, 5, 6, 8], [2, 5, 6, 8], [0, 2, 3, 4], [1, 3, 4, 5], [2, 3, 4, 8], [1, 2, 3, 4], [0, 1, 3, 5], [2, 5, 15, 16], [2, 4, 6, 7], [1, 2, 3, 5], [1, 2, 3, 4], [2, 3, 7, 8], [1, 6, 9, 11], [6, 7, 8, 9], [0, 1, 2, 4], [0, 1, 2, 4], [14, 15, 18, 19], [4, 9, 13, 16], [0, 3, 5, 13], [1, 2, 5, 10], [3, 4, 5, 6], [0, 1, 2, 8], [0, 1, 3, 9], [0, 1, 3, 8], [1, 3, 6, 7], [0, 1, 2, 4], [1, 2, 3, 5], [1, 3, 4, 7], [5, 6, 8, 11], [2, 3, 4, 7], [0, 1, 3, 5], [7, 8, 11, 12], [1, 2, 3, 4], [2, 9, 10, 13], [0, 9, 12, 13], [0, 1, 5, 6], [1, 2, 5, 8], [1, 2, 6, 9], [0, 1, 2, 5], [1, 2, 6, 8], [3, 5, 6, 7], [0, 3, 8, 9], [0, 2, 3, 13], [0, 1, 2, 3], [2, 4, 5, 7], [0, 2, 4, 5], [0, 1, 2, 3], [1, 3, 4, 6], [2, 4, 5, 6], [1, 10, 12, 17], [2, 4, 5, 10], [6, 8, 11, 16], [0, 1, 2, 5], [0, 2, 3, 11], [0, 1, 2, 3], [1, 2, 3, 4], [1, 2, 5, 6], [0, 2, 8, 9], [1, 4, 6, 7], [0, 1, 3, 4], [3, 4, 5, 6], [1, 3, 5, 6], [0, 1, 11, 12], [0, 6, 7, 8], [0, 1, 5, 9], [2, 3, 4, 8], [3, 6, 7, 12], [0, 1, 3, 4], [3, 4, 8, 9], [4, 12, 13, 14], [0, 1, 2, 3], [0, 1, 2, 8], [2, 3, 4, 5], [2, 4, 5, 8], [1, 3, 8, 11], [0, 3, 4, 5], [1, 2, 3, 5], [2, 4, 10, 12], [0, 1, 4, 8], [1, 8, 9, 10], [0, 3, 5, 7], [0, 1, 2, 4], [0, 3, 4, 5], [0, 2, 4, 9], [0, 2, 5, 7], [5, 6, 8, 10], [0, 1, 5, 6], [1, 2, 6, 7], [1, 11, 15, 18], [7, 8, 11, 12], [3, 6, 7, 9], [3, 4, 7, 12], [8, 11, 18, 20], [0, 1, 2, 3], [0, 1, 3, 5], [0, 1, 2, 9], [0, 2, 5, 6], [6, 7, 8, 12], [0, 2, 4, 5], [1, 2, 3, 4], [2, 3, 8, 9], [0, 4, 5, 9], [0, 1, 2, 7], [0, 2, 9, 10], [5, 6, 10, 11], [5, 12, 15, 16], [2, 3, 9, 10], [1, 5, 7, 8], [0, 1, 2, 4], [1, 2, 4, 5], [0, 1, 2, 3], [1, 4, 9, 10], [1, 2, 6, 8], [0, 1, 4, 6], [2, 3, 5, 8], [1, 3, 4, 9], [1, 2, 4, 5], [4, 5, 8, 9], [0, 1, 3, 6], [0, 2, 4, 5], [1, 4, 5, 8], [11, 12, 13, 16], [1, 2, 5, 8], [1, 4, 7, 8], [1, 2, 5, 6], [1, 2, 6, 9], [0, 1, 2, 3], [1, 3, 5, 6], [4, 13, 15, 16], [3, 5, 8, 9], [4, 8, 17, 18], [0, 1, 6, 7], [0, 2, 7, 8], [0, 7, 8, 10], [0, 1, 7, 11], [0, 4, 7, 8], [0, 1, 4, 12], [1, 2, 3, 5], [2, 3, 12, 15], [1, 3, 5, 8], [1, 3, 5, 8], [1, 2, 4, 5], [0, 1, 3, 6], [0, 2, 7, 12], [0, 3, 5, 9], [1, 2, 4, 7], [1, 2, 7, 15], [4, 5, 13, 14], [5, 6, 7, 9], [1, 3, 4, 5], [0, 1, 2, 5], [1, 2, 4, 7], [0, 2, 8, 9], [1, 3, 7, 8], [2, 3, 5, 8], [5, 8, 9, 11], [3, 4, 9, 12], [0, 1, 3, 5], [0, 1, 9, 10], [1, 2, 3, 4], [1, 3, 4, 5], [1, 2, 3, 5], [1, 2, 3, 4], [0, 2, 4, 6], [1, 2, 3, 4], [2, 10, 11, 12], [0, 1, 2, 5], [1, 2, 3, 5], [6, 9, 18, 21], [1, 2, 4, 6], [4, 5, 6, 8], [1, 2, 5, 6], [1, 2, 3, 5], [4, 8, 10, 24], [0, 1, 3, 5], [0, 2, 4, 7], [1, 3, 5, 6], [5, 10, 15, 19], [0, 3, 4, 5], [0, 2, 4, 7], [0, 1, 2, 3], [1, 4, 9, 10], [0, 1, 3, 12], [1, 3, 11, 12], [0, 1, 2, 5], [3, 6, 7, 10], [1, 4, 5, 7], [3, 4, 5, 11], [4, 5, 6, 7], [1, 3, 5, 6], [0, 1, 2, 8], [0, 1, 2, 4], [0, 1, 5, 8], [2, 4, 5, 7], [0, 1, 4, 6], [2, 5, 8, 9], [0, 1, 4, 7], [0, 1, 4, 5], [0, 1, 7, 8], [0, 2, 4, 6], [1, 3, 5, 13], [0, 2, 3, 5], [0, 4, 10, 15], [2, 7, 9, 13]]",4,0.8422064185142517,128,learned,0.3333333333333333,13184,4.0,124,0.8774466514587402,11,48 112 0 56,6591,0.5947479009628296,test,top_r_mean,0.0,0.0,0.5,0.625
0.01942042178728569,1.0,206,1.0,31,122.15110007673502,qasper,0.8,0.25,0.2,0.0,1910.14599:ee2c9bc24d70daa0c87e38e0558e09ab97feb4f2,mean,0.44096613781671795,0.02867921069264412,"[[0, 1, 4, 5], [4, 5, 7, 8], [1, 5, 6, 10], [2, 5, 6, 8], [0, 2, 3, 6], [1, 3, 4, 5], [2, 3, 7, 8], [1, 3, 6, 8], [0, 1, 3, 5], [0, 2, 5, 16], [2, 3, 4, 7], [2, 3, 4, 5], [1, 2, 3, 4], [2, 3, 5, 7], [1, 6, 8, 9], [6, 7, 8, 9], [0, 1, 5, 7], [0, 1, 2, 4], [14, 15, 18, 19], [1, 4, 9, 13], [0, 3, 5, 15], [1, 5, 6, 10], [3, 4, 5, 6], [0, 1, 2, 7], [0, 1, 3, 6], [0, 1, 3, 8], [1, 3, 6, 7], [0, 1, 2, 4], [1, 2, 3, 5], [1, 3, 4, 7], [5, 6, 8, 11], [2, 3, 4, 7], [0, 1, 3, 5], [7, 8, 11, 14], [1, 2, 3, 4], [2, 9, 10, 17], [0, 9, 12, 19], [0, 1, 5, 6], [1, 2, 5, 8], [2, 6, 9, 10], [0, 1, 2, 5], [1, 2, 6, 8], [3, 5, 6, 9], [0, 1, 3, 9], [0, 2, 3, 11], [0, 1, 2, 3], [2, 4, 5, 7], [0, 2, 4, 5], [0, 1, 2, 3], [1, 3, 4, 6], [2, 4, 5, 6], [1, 2, 10, 12], [1, 2, 4, 5], [6, 8, 11, 16], [0, 1, 2, 5], [0, 2, 3, 11], [0, 1, 2, 3], [1, 2, 3, 4], [1, 5, 6, 7], [0, 8, 9, 14], [1, 4, 6, 10], [0, 1, 3, 4], [3, 4, 5, 6], [1, 3, 5, 6], [0, 1, 8, 11], [0, 5, 6, 7], [0, 1, 5, 9], [2, 3, 4, 8], [3, 6, 7, 8], [0, 1, 3, 4], [3, 4, 6, 8], [4, 12, 14, 17], [0, 1, 2, 3], [0, 1, 2, 7], [2, 3, 4, 5], [1, 2, 4, 5], [1, 8, 11, 12], [0, 3, 4, 6], [2, 3, 5, 8], [2, 4, 10, 12], [0, 1, 4, 8], [1, 8, 9, 10], [0, 3, 5, 7], [0, 1, 2, 4], [0, 3, 4, 5], [0, 2, 4, 9], [0, 1, 2, 5], [5, 6, 10, 11], [0, 1, 5, 6], [1, 2, 6, 12], [6, 11, 18, 20], [7, 8, 11, 12], [3, 6, 8, 9], [0, 3, 4, 7], [0, 5, 8, 11], [0, 1, 2, 3], [0, 1, 3, 5], [0, 1, 2, 9], [0, 2, 6, 7], [6, 7, 8, 12], [0, 1, 2, 4], [1, 3, 4, 5], [1, 2, 3, 8], [0, 1, 4, 5], [0, 1, 7, 9], [0, 2, 9, 10], [5, 6, 9, 10], [5, 12, 15, 16], [2, 3, 9, 10], [1, 5, 7, 8], [0, 1, 2, 4], [1, 2, 4, 5], [0, 1, 2, 3], [1, 6, 9, 10], [1, 2, 4, 8], [0, 1, 4, 6], [2, 3, 8, 10], [1, 3, 4, 9], [1, 2, 4, 5], [4, 5, 8, 9], [0, 1, 3, 6], [0, 2, 4, 5], [1, 4, 5, 8], [1, 4, 11, 12], [1, 2, 5, 7], [1, 4, 7, 8], [1, 2, 4, 5], [1, 2, 6, 9], [0, 1, 2, 3], [1, 5, 6, 9], [4, 13, 15, 16], [0, 3, 5, 6], [4, 8, 15, 18], [0, 1, 4, 7], [0, 2, 7, 8], [0, 3, 8, 10], [0, 1, 7, 11], [0, 3, 4, 7], [0, 1, 3, 4], [2, 3, 10, 11], [1, 2, 3, 12], [1, 3, 5, 8], [1, 3, 8, 11], [1, 2, 4, 5], [0, 1, 3, 6], [0, 2, 7, 9], [0, 3, 5, 14], [1, 2, 4, 7], [1, 2, 7, 15], [5, 12, 13, 14], [5, 6, 7, 9], [1, 3, 4, 5], [0, 1, 2, 5], [1, 4, 6, 7], [0, 2, 8, 9], [3, 4, 7, 8], [2, 4, 5, 8], [4, 5, 9, 11], [3, 4, 9, 11], [0, 1, 3, 5], [0, 1, 9, 10], [1, 2, 3, 4], [1, 3, 4, 5], [1, 2, 3, 8], [1, 2, 3, 4], [0, 2, 4, 6], [1, 2, 3, 4], [0, 2, 10, 12], [0, 1, 5, 7], [1, 2, 3, 5], [6, 9, 18, 20], [1, 2, 4, 6], [4, 5, 6, 8], [1, 2, 5, 6], [1, 2, 3, 8], [4, 6, 8, 10], [0, 1, 3, 4], [0, 4, 6, 7], [1, 3, 5, 6], [5, 15, 19, 20], [0, 3, 4, 5], [0, 2, 4, 7], [0, 1, 2, 3], [1, 4, 9, 10], [0, 1, 3, 11], [1, 3, 12, 19], [0, 1, 2, 5], [3, 6, 7, 10], [1, 4, 5, 7], [3, 4, 5, 11], [2, 4, 5, 6], [1, 3, 6, 8], [0, 1, 2, 8], [0, 1, 2, 4], [0, 1, 5, 7], [2, 4, 5, 7], [0, 1, 3, 4], [2, 5, 8, 9], [0, 1, 4, 7], [0, 1, 3, 4], [0, 1, 7, 8], [0, 2, 4, 6], [1, 3, 5, 13], [0, 2, 3, 5], [0, 1, 2, 4], [2, 13, 14, 18]]",4,0.8284797668457031,128,learned,0.3333333333333333,13184,4.0,124,0.8643018007278442,23,48 112 0 56,6591,0.6000343561172485,test,top_r_mean,0.0,0.0,0.5,0.5
0.01942042178728569,1.0,206,1.0,31,136.11850002780557,qasper,0.8,0.25,0.2,0.0,1910.14599:ee2c9bc24d70daa0c87e38e0558e09ab97feb4f2,mean,0.4451337911437367,0.02856558747589588,"[[0, 1, 4, 5], [3, 4, 5, 7], [1, 5, 6, 8], [2, 5, 6, 8], [0, 2, 3, 4], [1, 3, 4, 5], [2, 3, 4, 8], [1, 2, 3, 4], [0, 1, 3, 5], [0, 2, 5, 15], [2, 3, 4, 7], [1, 2, 3, 5], [1, 2, 3, 4], [2, 3, 5, 7], [1, 2, 6, 9], [6, 7, 8, 9], [0, 1, 2, 5], [0, 1, 2, 4], [14, 15, 18, 19], [4, 9, 13, 16], [0, 3, 5, 13], [1, 5, 6, 10], [1, 3, 4, 5], [0, 1, 2, 7], [0, 1, 3, 6], [0, 1, 3, 8], [1, 3, 6, 7], [0, 1, 2, 4], [1, 2, 3, 5], [1, 2, 3, 4], [5, 6, 8, 11], [2, 3, 4, 7], [0, 1, 3, 5], [7, 8, 11, 14], [1, 2, 3, 4], [2, 9, 10, 13], [0, 9, 12, 13], [0, 1, 5, 6], [1, 2, 5, 8], [1, 2, 6, 7], [0, 1, 2, 5], [1, 2, 6, 8], [0, 3, 5, 6], [0, 1, 3, 8], [0, 2, 3, 11], [0, 1, 2, 3], [2, 4, 5, 7], [0, 2, 4, 5], [0, 1, 2, 3], [1, 3, 4, 6], [2, 4, 5, 6], [1, 2, 10, 11], [1, 2, 4, 5], [3, 6, 8, 11], [0, 1, 2, 5], [0, 2, 3, 11], [0, 1, 2, 3], [1, 2, 3, 4], [1, 2, 5, 6], [0, 2, 8, 9], [1, 4, 6, 7], [0, 1, 3, 4], [3, 4, 5, 6], [1, 3, 5, 6], [0, 1, 11, 13], [0, 6, 7, 8], [0, 1, 2, 5], [2, 3, 4, 8], [3, 6, 7, 8], [0, 1, 3, 4], [3, 4, 6, 8], [4, 12, 13, 14], [0, 1, 2, 3], [0, 1, 2, 8], [2, 3, 4, 5], [2, 4, 5, 8], [1, 3, 8, 11], [0, 3, 4, 6], [1, 2, 3, 5], [2, 4, 9, 10], [0, 1, 2, 4], [1, 4, 8, 9], [0, 3, 5, 7], [0, 1, 2, 4], [0, 3, 4, 5], [0, 2, 4, 9], [0, 1, 2, 5], [5, 6, 10, 11], [0, 1, 5, 6], [1, 2, 6, 7], [6, 11, 18, 20], [7, 8, 11, 12], [3, 6, 7, 9], [0, 3, 4, 7], [2, 8, 11, 18], [0, 1, 2, 3], [0, 1, 3, 5], [0, 1, 2, 9], [0, 2, 5, 6], [1, 6, 7, 8], [0, 1, 4, 5], [1, 3, 4, 5], [2, 3, 8, 9], [0, 1, 4, 5], [0, 1, 2, 7], [0, 2, 9, 10], [5, 6, 9, 10], [2, 5, 12, 15], [1, 2, 3, 9], [1, 5, 7, 8], [0, 1, 2, 4], [1, 2, 5, 6], [0, 1, 2, 3], [1, 4, 9, 10], [1, 2, 6, 8], [0, 1, 2, 4], [2, 3, 8, 10], [1, 3, 4, 9], [1, 2, 4, 5], [4, 5, 7, 8], [0, 1, 3, 6], [0, 2, 4, 5], [0, 1, 4, 5], [1, 4, 11, 12], [1, 2, 5, 7], [1, 4, 7, 8], [1, 2, 5, 6], [1, 2, 6, 9], [0, 1, 2, 3], [1, 3, 5, 6], [3, 4, 13, 15], [0, 3, 5, 9], [4, 6, 17, 18], [0, 1, 4, 7], [0, 2, 7, 8], [0, 3, 7, 8], [0, 1, 7, 11], [0, 3, 4, 5], [0, 1, 3, 4], [1, 2, 3, 11], [1, 2, 3, 12], [1, 3, 5, 9], [1, 3, 5, 8], [1, 2, 4, 5], [0, 1, 3, 6], [0, 1, 2, 7], [0, 3, 5, 9], [1, 2, 3, 4], [1, 2, 7, 15], [4, 5, 13, 14], [5, 6, 7, 9], [1, 3, 4, 5], [0, 1, 2, 5], [1, 2, 4, 7], [0, 1, 2, 8], [1, 2, 3, 7], [2, 3, 5, 8], [4, 5, 9, 11], [3, 4, 9, 11], [0, 1, 3, 4], [0, 1, 3, 9], [1, 2, 3, 4], [1, 3, 4, 5], [1, 2, 3, 8], [1, 2, 3, 4], [0, 2, 4, 6], [1, 2, 3, 4], [0, 2, 10, 11], [0, 1, 2, 5], [1, 2, 3, 5], [6, 9, 18, 21], [1, 2, 4, 6], [4, 5, 6, 8], [1, 2, 5, 6], [1, 2, 3, 5], [3, 4, 6, 8], [0, 1, 3, 6], [0, 2, 4, 7], [0, 1, 3, 5], [5, 15, 19, 20], [0, 3, 4, 5], [0, 1, 2, 4], [0, 1, 2, 3], [1, 2, 4, 9], [0, 1, 3, 11], [1, 3, 11, 12], [0, 1, 2, 5], [3, 6, 7, 10], [1, 4, 5, 7], [3, 4, 5, 11], [2, 4, 5, 6], [1, 2, 3, 6], [0, 1, 2, 8], [0, 1, 2, 4], [0, 1, 5, 8], [4, 5, 7, 9], [0, 1, 4, 6], [2, 5, 8, 9], [0, 1, 4, 7], [0, 1, 4, 5], [0, 1, 7, 8], [0, 4, 6, 7], [1, 3, 5, 13], [0, 2, 3, 5], [0, 1, 2, 4], [7, 9, 13, 18]]",4,0.8469259738922119,128,learned,0.3333333333333333,13184,4.0,124,0.8820645809173584,37,48 112 0 56,6591,0.6058904528617859,test,top_r_mean,0.0,0.0,0.5,0.5
0.01942042178728569,1.0,206,1.0,31,135.73469989933074,qasper,0.8,0.25,0.2,0.0,1910.14599:ee2c9bc24d70daa0c87e38e0558e09ab97feb4f2,mean,0.4408714184229221,0.027347559109330177,"[[0, 1, 4, 5], [3, 4, 5, 7], [1, 5, 6, 8], [2, 5, 6, 8], [0, 2, 3, 4], [1, 3, 4, 5], [2, 3, 4, 8], [1, 2, 3, 4], [0, 1, 3, 5], [0, 2, 5, 15], [2, 4, 6, 7], [1, 2, 3, 5], [1, 2, 3, 4], [2, 3, 5, 7], [1, 2, 6, 9], [6, 7, 8, 9], [0, 1, 2, 5], [0, 1, 2, 4], [14, 15, 18, 19], [4, 7, 9, 13], [0, 3, 5, 15], [1, 2, 5, 6], [1, 3, 4, 5], [0, 1, 2, 6], [0, 1, 3, 6], [0, 1, 3, 8], [1, 3, 6, 7], [0, 1, 2, 4], [1, 2, 3, 5], [1, 2, 3, 4], [5, 6, 7, 8], [2, 3, 4, 7], [0, 1, 3, 5], [7, 8, 11, 12], [1, 2, 3, 4], [2, 9, 10, 13], [0, 9, 10, 12], [0, 1, 5, 6], [1, 2, 5, 8], [1, 2, 6, 9], [0, 1, 2, 5], [1, 2, 6, 8], [3, 5, 6, 7], [0, 1, 3, 8], [0, 2, 3, 13], [0, 1, 2, 3], [2, 4, 5, 7], [0, 2, 4, 5], [0, 1, 2, 3], [1, 3, 4, 6], [2, 4, 5, 6], [1, 2, 10, 11], [1, 2, 4, 5], [6, 8, 11, 16], [0, 1, 2, 5], [0, 2, 3, 11], [0, 1, 2, 3], [1, 2, 3, 4], [1, 2, 5, 6], [0, 2, 8, 9], [1, 4, 6, 7], [0, 1, 3, 4], [3, 4, 5, 6], [1, 3, 5, 6], [0, 1, 11, 12], [0, 6, 7, 8], [0, 1, 2, 5], [2, 3, 4, 8], [3, 6, 7, 12], [0, 1, 3, 4], [3, 4, 6, 8], [4, 12, 14, 17], [0, 1, 2, 3], [0, 1, 2, 8], [2, 3, 4, 5], [1, 2, 4, 5], [1, 3, 8, 11], [0, 3, 4, 5], [1, 2, 3, 5], [2, 4, 10, 12], [0, 1, 2, 4], [1, 3, 8, 9], [0, 3, 5, 7], [0, 1, 2, 4], [0, 3, 4, 5], [0, 2, 3, 4], [0, 1, 2, 4], [5, 6, 10, 11], [0, 1, 5, 6], [1, 2, 3, 6], [1, 11, 15, 18], [7, 8, 11, 12], [3, 6, 7, 9], [0, 1, 3, 4], [2, 8, 11, 18], [0, 1, 2, 3], [0, 1, 3, 5], [0, 1, 2, 9], [0, 2, 5, 6], [1, 6, 7, 8], [0, 1, 4, 5], [1, 3, 4, 5], [1, 2, 3, 8], [0, 1, 4, 5], [0, 1, 2, 7], [0, 2, 9, 10], [5, 6, 9, 10], [2, 5, 12, 15], [2, 3, 9, 10], [1, 5, 7, 8], [0, 1, 2, 4], [1, 2, 4, 5], [0, 1, 2, 3], [1, 4, 9, 10], [1, 2, 6, 8], [0, 1, 4, 6], [2, 3, 5, 8], [1, 3, 4, 9], [1, 2, 4, 5], [4, 5, 7, 8], [0, 1, 3, 9], [0, 2, 4, 5], [1, 4, 5, 8], [1, 4, 11, 12], [1, 2, 5, 8], [1, 4, 7, 8], [1, 2, 5, 6], [1, 2, 6, 9], [0, 1, 2, 3], [1, 3, 5, 6], [4, 13, 15, 16], [3, 5, 8, 9], [4, 6, 17, 18], [0, 1, 4, 7], [0, 2, 7, 8], [0, 3, 7, 8], [0, 1, 2, 7], [0, 3, 4, 5], [0, 1, 3, 4], [1, 2, 3, 11], [1, 2, 3, 15], [1, 3, 5, 8], [1, 3, 5, 8], [1, 2, 4, 5], [0, 1, 3, 6], [0, 1, 2, 7], [0, 3, 5, 9], [1, 2, 3, 4], [1, 2, 4, 7], [4, 5, 13, 14], [5, 6, 7, 9], [1, 3, 4, 5], [0, 1, 2, 5], [2, 4, 6, 7], [0, 1, 2, 8], [2, 3, 7, 8], [2, 3, 5, 8], [5, 9, 11, 15], [3, 4, 9, 12], [0, 1, 3, 5], [0, 1, 9, 10], [1, 2, 3, 4], [1, 3, 4, 5], [1, 2, 3, 5], [1, 2, 3, 4], [0, 2, 4, 6], [1, 2, 3, 4], [1, 2, 10, 11], [0, 1, 5, 7], [1, 2, 3, 5], [6, 9, 18, 21], [1, 2, 4, 6], [4, 5, 6, 8], [1, 2, 5, 6], [1, 2, 3, 5], [4, 6, 8, 10], [0, 1, 3, 5], [0, 2, 4, 7], [1, 3, 5, 6], [5, 10, 15, 19], [0, 3, 4, 5], [0, 1, 2, 4], [0, 1, 2, 3], [1, 2, 4, 9], [0, 1, 3, 12], [1, 3, 11, 12], [0, 1, 2, 5], [3, 6, 7, 10], [1, 4, 5, 7], [3, 4, 5, 11], [1, 4, 5, 6], [1, 2, 3, 6], [0, 1, 2, 8], [0, 1, 2, 4], [0, 1, 5, 8], [4, 5, 7, 9], [0, 1, 3, 4], [2, 5, 8, 9], [0, 1, 4, 7], [0, 1, 4, 5], [0, 1, 7, 8], [0, 2, 4, 6], [1, 3, 5, 13], [0, 2, 3, 5], [0, 1, 2, 4], [2, 7, 9, 13]]",4,0.843211829662323,128,learned,0.3333333333333333,13184,4.0,124,0.8773550987243652,53,48 112 0 56,6591,0.5997776389122009,test,top_r_mean,0.0,0.0,0.5,0.5
0.01942042178728569,1.0,206,1.0,31,135.31999988481402,qasper,0.8,0.25,0.2,0.0,1910.14599:ee2c9bc24d70daa0c87e38e0558e09ab97feb4f2,mean,0.43784039782145395,0.027856800705194473,"[[0, 1, 4, 5], [4, 5, 7, 8], [1, 5, 6, 10], [2, 5, 6, 8], [2, 3, 4, 6], [1, 3, 4, 5], [2, 3, 4, 8], [1, 2, 3, 8], [0, 1, 3, 5], [0, 2, 5, 15], [2, 4, 7, 9], [1, 2, 3, 5], [1, 2, 3, 4], [2, 3, 5, 7], [1, 2, 6, 9], [3, 6, 7, 8], [0, 1, 2, 5], [0, 1, 2, 6], [14, 15, 18, 19], [4, 9, 13, 19], [0, 3, 5, 13], [1, 5, 10, 11], [3, 4, 5, 6], [0, 1, 2, 7], [0, 1, 3, 6], [0, 1, 3, 8], [1, 3, 6, 7], [0, 1, 2, 4], [1, 2, 3, 5], [1, 3, 4, 7], [5, 6, 8, 11], [2, 3, 4, 7], [0, 1, 3, 5], [7, 8, 11, 14], [1, 2, 3, 4], [2, 9, 10, 13], [0, 9, 10, 12], [0, 1, 5, 6], [1, 2, 5, 8], [2, 6, 9, 10], [0, 1, 2, 5], [2, 6, 8, 9], [3, 5, 6, 7], [0, 3, 8, 9], [0, 2, 3, 11], [0, 1, 2, 3], [2, 4, 5, 7], [0, 2, 4, 5], [0, 1, 2, 3], [1, 3, 4, 9], [2, 4, 5, 6], [1, 10, 12, 17], [1, 2, 4, 5], [3, 8, 11, 16], [0, 1, 2, 5], [0, 2, 3, 11], [0, 1, 2, 3], [1, 2, 3, 4], [1, 2, 5, 6], [0, 8, 9, 14], [1, 4, 6, 10], [0, 1, 3, 4], [3, 4, 5, 6], [1, 3, 5, 6], [0, 1, 11, 13], [0, 5, 6, 7], [0, 1, 5, 9], [2, 3, 4, 8], [3, 6, 7, 12], [0, 1, 3, 4], [3, 4, 8, 9], [4, 12, 13, 14], [0, 1, 2, 3], [0, 1, 2, 8], [2, 3, 4, 5], [1, 2, 5, 12], [1, 3, 8, 11], [0, 3, 4, 5], [1, 2, 3, 5], [2, 4, 10, 12], [0, 1, 4, 21], [1, 8, 9, 10], [0, 3, 5, 7], [0, 1, 2, 4], [0, 3, 4, 5], [0, 2, 4, 9], [0, 1, 2, 5], [5, 6, 10, 11], [0, 1, 5, 6], [1, 2, 6, 12], [1, 11, 18, 20], [7, 8, 11, 12], [3, 6, 7, 9], [0, 3, 4, 12], [8, 11, 18, 20], [0, 1, 2, 3], [0, 1, 3, 5], [0, 1, 2, 4], [0, 2, 6, 7], [6, 7, 8, 12], [0, 2, 5, 9], [1, 3, 4, 5], [1, 2, 3, 8], [0, 4, 5, 9], [0, 1, 7, 8], [0, 2, 9, 10], [5, 6, 9, 10], [2, 5, 12, 15], [2, 3, 9, 10], [1, 5, 7, 8], [0, 1, 2, 4], [1, 2, 4, 5], [0, 1, 2, 3], [1, 4, 6, 10], [1, 2, 8, 9], [0, 1, 4, 6], [2, 3, 8, 10], [1, 2, 3, 4], [1, 2, 4, 5], [4, 5, 8, 9], [0, 1, 3, 9], [0, 2, 4, 5], [1, 4, 5, 8], [4, 11, 12, 13], [1, 2, 5, 8], [1, 4, 7, 8], [1, 2, 4, 5], [1, 2, 6, 9], [0, 1, 2, 3], [1, 5, 6, 9], [4, 13, 15, 16], [3, 5, 6, 9], [4, 8, 17, 18], [0, 1, 7, 10], [0, 2, 7, 8], [0, 3, 7, 8], [0, 1, 7, 11], [0, 4, 5, 7], [0, 1, 3, 4], [2, 3, 10, 11], [1, 2, 3, 15], [1, 3, 5, 8], [1, 3, 8, 11], [1, 2, 4, 5], [0, 1, 3, 6], [0, 2, 7, 12], [0, 3, 5, 14], [1, 2, 3, 4], [1, 2, 7, 22], [4, 5, 13, 14], [5, 6, 7, 9], [1, 3, 4, 5], [0, 1, 2, 5], [1, 4, 6, 7], [2, 8, 9, 12], [3, 4, 7, 8], [2, 4, 5, 8], [4, 8, 9, 11], [3, 4, 9, 18], [0, 1, 3, 5], [0, 1, 9, 10], [1, 3, 4, 5], [1, 3, 4, 5], [1, 2, 3, 5], [1, 2, 3, 4], [0, 2, 4, 6], [1, 2, 3, 4], [2, 10, 11, 12], [0, 1, 5, 7], [1, 2, 3, 5], [6, 9, 18, 21], [1, 2, 4, 6], [4, 5, 6, 8], [1, 2, 5, 6], [1, 2, 3, 5], [4, 6, 8, 10], [0, 1, 3, 5], [0, 2, 4, 7], [1, 3, 5, 6], [5, 15, 19, 20], [0, 3, 4, 5], [0, 2, 4, 7], [0, 1, 2, 4], [1, 2, 4, 9], [0, 1, 3, 11], [1, 3, 11, 12], [0, 1, 2, 5], [3, 6, 7, 10], [1, 4, 5, 7], [3, 4, 5, 11], [4, 5, 6, 7], [1, 3, 6, 8], [0, 1, 2, 8], [0, 1, 2, 4], [0, 1, 5, 7], [4, 5, 7, 9], [0, 1, 3, 4], [2, 5, 8, 9], [0, 1, 4, 7], [0, 1, 4, 5], [0, 1, 7, 8], [0, 2, 4, 6], [1, 3, 5, 13], [0, 2, 3, 5], [0, 2, 4, 15], [2, 7, 13, 18]]",4,0.8333842754364014,128,learned,0.3333333333333333,13184,4.0,124,0.8676317930221558,71,48 112 0 56,6591,0.598657488822937,test,top_r_mean,0.0,0.0,0.5,0.5
0.01942042178728569,0.0,206,0.0,31,149.1156998090446,qasper,0.8,0.0,0.0,0.0,1910.14599:ee2c9bc24d70daa0c87e38e0558e09ab97feb4f2,mean,0.6201752308785223,0.007959921844303608,"[[0, 1, 4, 5, 8, 13, 15, 30], [3, 4, 5, 7, 8, 16, 17, 23], [1, 5, 6, 8, 10, 16, 18, 27], [2, 5, 6, 8, 10, 11, 12, 26], [0, 2, 3, 4, 6, 7, 17, 30], [1, 3, 4, 5, 6, 8, 15, 26], [2, 3, 4, 8, 11, 17, 29, 30], [1, 2, 3, 4, 8, 9, 21, 25], [0, 1, 3, 5, 6, 11, 14, 17], [2, 5, 15, 16, 17, 18, 24, 25], [2, 4, 6, 7, 9, 10, 12, 31], [1, 2, 3, 5, 6, 7, 8, 11], [1, 2, 3, 4, 10, 11, 12, 17], [2, 3, 7, 8, 12, 28, 30, 31], [1, 6, 9, 11, 13, 19, 23, 25], [6, 7, 8, 9, 13, 15, 23, 24], [0, 1, 2, 4, 5, 7, 13, 24], [0, 1, 2, 4, 6, 7, 8, 14], [14, 15, 18, 19, 20, 21, 22, 31], [4, 9, 13, 16, 23, 27, 30, 31], [0, 3, 5, 13, 15, 18, 21, 24], [1, 2, 5, 10, 11, 22, 23, 24], [3, 4, 5, 6, 9, 12, 16, 19], [0, 1, 2, 8, 12, 14, 16, 21], [0, 1, 3, 9, 12, 16, 19, 29], [0, 1, 3, 8, 9, 10, 21, 26], [1, 3, 6, 7, 11, 12, 13, 28], [0, 1, 2, 4, 7, 11, 13, 16], [1, 2, 3, 5, 8, 12, 13, 22], [1, 3, 4, 7, 11, 16, 21, 22], [5, 6, 8, 11, 12, 13, 15, 22], [2, 3, 4, 7, 8, 10, 14, 25], [0, 1, 3, 5, 6, 8, 9, 12], [7, 8, 11, 12, 14, 16, 18, 19], [1, 2, 3, 4, 6, 7, 17, 27], [2, 9, 10, 13, 17, 18, 27, 31], [0, 9, 12, 13, 19, 22, 24, 28], [0, 1, 5, 6, 7, 8, 14, 15], [1, 2, 5, 8, 9, 17, 25, 26], [1, 2, 6, 9, 10, 15, 18, 25], [0, 1, 2, 5, 6, 9, 16, 22], [1, 2, 6, 8, 9, 15, 19, 24], [3, 5, 6, 7, 9, 10, 11, 15], [0, 3, 8, 9, 24, 25, 26, 27], [0, 2, 3, 13, 14, 23, 26, 27], [0, 1, 2, 3, 5, 6, 11, 22], [2, 4, 5, 7, 8, 12, 13, 26], [0, 2, 4, 5, 7, 8, 13, 14], [0, 1, 2, 3, 7, 8, 22, 23], [1, 3, 4, 6, 9, 11, 15, 18], [2, 4, 5, 6, 7, 18, 27, 30], [1, 10, 12, 17, 21, 25, 26, 28], [2, 4, 5, 10, 16, 19, 21, 29], [6, 8, 11, 16, 26, 28, 29, 30], [0, 1, 2, 5, 6, 10, 21, 24], [0, 2, 3, 11, 12, 13, 14, 17], [0, 1, 2, 3, 9, 22, 27, 28], [1, 2, 3, 4, 5, 6, 14, 24], [1, 2, 5, 6, 7, 10, 23, 25], [0, 2, 8, 9, 14, 19, 20, 29], [1, 4, 6, 7, 10, 11, 14, 18], [0, 1, 3, 4, 5, 16, 24, 29], [3, 4, 5, 6, 7, 14, 16, 30], [1, 3, 5, 6, 7, 9, 14, 18], [0, 1, 11, 12, 13, 14, 18, 24], [0, 6, 7, 8, 9, 16, 18, 27], [0, 1, 5, 9, 15, 25, 27, 29], [2, 3, 4, 8, 16, 19, 29, 30], [3, 6, 7, 12, 15, 19, 23, 25], [0, 1, 3, 4, 8, 16, 22, 24], [3, 4, 8, 9, 10, 16, 18, 21], [4, 12, 13, 14, 17, 21, 30, 31], [0, 1, 2, 3, 6, 10, 12, 23], [0, 1, 2, 8, 15, 16, 20, 24], [2, 3, 4, 5, 6, 16, 19, 23], [2, 4, 5, 8, 12, 15, 16, 25], [1, 3, 8, 11, 12, 14, 17, 31], [0, 3, 4, 5, 6, 7, 8, 17], [1, 2, 3, 5, 8, 10, 29, 30], [2, 4, 10, 12, 14, 17, 24, 28], [0, 1, 4, 8, 21, 26, 29, 31], [1, 8, 9, 10, 17, 18, 19, 31], [0, 3, 5, 7, 10, 13, 18, 19], [0, 1, 2, 4, 5, 8, 9, 11], [0, 3, 4, 5, 7, 10, 18, 21], [0, 2, 4, 9, 10, 15, 28, 29], [0, 2, 5, 7, 9, 19, 20, 25], [5, 6, 8, 10, 18, 20, 21, 26], [0, 1, 5, 6, 13, 15, 16, 27], [1, 2, 6, 7, 14, 22, 27, 28], [1, 11, 15, 18, 20, 25, 27, 30], [7, 8, 11, 12, 14, 17, 18, 21], [3, 6, 7, 9, 10, 12, 14, 17], [3, 4, 7, 12, 16, 17, 26, 27], [8, 11, 18, 20, 22, 28, 29, 31], [0, 1, 2, 3, 4, 5, 12, 15], [0, 1, 3, 5, 8, 11, 16, 22], [0, 1, 2, 9, 14, 17, 19, 26], [0, 2, 5, 6, 7, 8, 9, 17], [6, 7, 8, 12, 13, 15, 17, 21], [0, 2, 4, 5, 9, 10, 18, 21], [1, 2, 3, 4, 5, 23, 30, 31], [2, 3, 8, 9, 12, 13, 14, 17], [0, 4, 5, 9, 19, 23, 24, 25], [0, 1, 2, 7, 9, 18, 19, 20], [0, 2, 9, 10, 16, 19, 21, 23], [5, 6, 10, 11, 13, 20, 27, 28], [5, 12, 15, 16, 20, 21, 22, 29], [2, 3, 9, 10, 15, 17, 18, 24], [1, 5, 7, 8, 9, 23, 24, 29], [0, 1, 2, 4, 12, 14, 16, 24], [1, 2, 4, 5, 6, 11, 16, 19], [0, 1, 2, 3, 4, 7, 8, 11], [1, 4, 9, 10, 15, 16, 22, 29], [1, 2, 6, 8, 9, 12, 15, 30], [0, 1, 4, 6, 12, 16, 22, 29], [2, 3, 5, 8, 10, 13, 14, 16], [1, 3, 4, 9, 13, 27, 29, 30], [1, 2, 4, 5, 8, 12, 24, 31], [4, 5, 8, 9, 25, 27, 28, 31], [0, 1, 3, 6, 9, 17, 20, 28], [0, 2, 4, 5, 18, 19, 25, 30], [1, 4, 5, 8, 9, 13, 14, 26], [11, 12, 13, 16, 18, 23, 30, 31], [1, 2, 5, 8, 11, 14, 24, 30], [1, 4, 7, 8, 13, 17, 27, 31], [1, 2, 5, 6, 12, 13, 14, 22], [1, 2, 6, 9, 10, 12, 26, 29], [0, 1, 2, 3, 5, 9, 16, 30], [1, 3, 5, 6, 10, 11, 18, 19], [4, 13, 15, 16, 17, 18, 20, 22], [3, 5, 8, 9, 14, 15, 18, 29], [4, 8, 17, 18, 20, 23, 29, 30], [0, 1, 6, 7, 10, 11, 20, 21], [0, 2, 7, 8, 9, 11, 12, 14], [0, 7, 8, 10, 16, 29, 30, 31], [0, 1, 7, 11, 13, 14, 18, 26], [0, 4, 7, 8, 11, 24, 28, 29], [0, 1, 4, 12, 18, 27, 30, 31], [1, 2, 3, 5, 11, 17, 24, 31], [2, 3, 12, 15, 16, 22, 24, 27], [1, 3, 5, 8, 9, 10, 13, 29], [1, 3, 5, 8, 11, 12, 14, 26], [1, 2, 4, 5, 7, 13, 17, 29], [0, 1, 3, 6, 10, 18, 21, 26], [0, 2, 7, 12, 16, 17, 24, 28], [0, 3, 5, 9, 14, 17, 20, 31], [1, 2, 4, 7, 10, 12, 21, 31], [1, 2, 7, 15, 25, 26, 28, 29], [4, 5, 13, 14, 15, 16, 18, 19], [5, 6, 7, 9, 16, 21, 22, 28], [1, 3, 4, 5, 7, 13, 17, 19], [0, 1, 2, 5, 8, 14, 18, 25], [1, 2, 4, 7, 8, 10, 14, 21], [0, 2, 8, 9, 13, 17, 20, 23], [1, 3, 7, 8, 11, 13, 17, 31], [2, 3, 5, 8, 9, 12, 18, 26], [5, 8, 9, 11, 15, 16, 19, 20], [3, 4, 9, 12, 18, 21, 26, 28], [0, 1, 3, 5, 10, 14, 28, 31], [0, 1, 9, 10, 11, 12, 24, 28], [1, 2, 3, 4, 5, 7, 9, 19], [1, 3, 4, 5, 6, 13, 19, 23], [1, 2, 3, 5, 8, 11, 12, 28], [1, 2, 3, 4, 7, 10, 18, 29], [0, 2, 4, 6, 9, 11, 18, 19], [1, 2, 3, 4, 5, 6, 12, 14], [2, 10, 11, 12, 16, 24, 25, 26], [0, 1, 2, 5, 7, 8, 9, 10], [1, 2, 3, 5, 7, 8, 10, 29], [6, 9, 18, 21, 22, 24, 29, 31], [1, 2, 4, 6, 10, 14, 15, 28], [4, 5, 6, 8, 9, 16, 18, 21], [1, 2, 5, 6, 7, 12, 23, 27], [1, 2, 3, 5, 8, 10, 15, 24], [4, 8, 10, 24, 27, 28, 29, 31], [0, 1, 3, 5, 12, 17, 18, 22], [0, 2, 4, 7, 11, 12, 13, 17], [1, 3, 5, 6, 7, 9, 19, 31], [5, 10, 15, 19, 20, 21, 25, 29], [0, 3, 4, 5, 12, 15, 16, 31], [0, 2, 4, 7, 9, 15, 28, 29], [0, 1, 2, 3, 4, 23, 24, 28], [1, 4, 9, 10, 11, 12, 20, 21], [0, 1, 3, 12, 20, 23, 30, 31], [1, 3, 11, 12, 19, 23, 28, 29], [0, 1, 2, 5, 7, 12, 18, 20], [3, 6, 7, 10, 11, 13, 20, 21], [1, 4, 5, 7, 10, 12, 13, 19], [3, 4, 5, 11, 12, 13, 25, 27], [4, 5, 6, 7, 9, 25, 27, 31], [1, 3, 5, 6, 8, 11, 17, 22], [0, 1, 2, 8, 11, 12, 19, 25], [0, 1, 2, 4, 7, 12, 13, 23], [0, 1, 5, 8, 15, 17, 23, 29], [2, 4, 5, 7, 9, 13, 14, 26], [0, 1, 4, 6, 7, 8, 9, 15], [2, 5, 8, 9, 13, 16, 25, 30], [0, 1, 4, 7, 15, 23, 25, 28], [0, 1, 4, 5, 13, 17, 25, 29], [0, 1, 7, 8, 9, 14, 19, 26], [0, 2, 4, 6, 7, 10, 23, 24], [1, 3, 5, 13, 14, 17, 18, 30], [0, 2, 3, 5, 9, 21, 26, 28], [0, 4, 10, 15, 16, 18, 24, 26], [2, 7, 9, 13, 18, 19, 20, 30]]",8,0.4024306535720825,128,learned,0.0,26368,4.0,124,0.42272210121154785,11,152 160 136 112,6591,0.7967829704284668,test,top_r_mean,0.0,0.0,0.25,0.375
0.01942042178728569,0.0,206,0.0,31,159.0674000326544,qasper,0.8,0.0,0.0,0.0,1910.14599:ee2c9bc24d70daa0c87e38e0558e09ab97feb4f2,mean,0.6161022969452995,0.008633071556687355,"[[0, 1, 4, 5, 8, 27, 29, 30], [4, 5, 7, 8, 10, 16, 17, 23], [1, 5, 6, 10, 16, 18, 26, 27], [2, 5, 6, 8, 10, 11, 12, 26], [0, 2, 3, 6, 7, 9, 17, 30], [1, 3, 4, 5, 6, 8, 15, 26], [2, 3, 7, 8, 11, 17, 25, 29], [1, 3, 6, 8, 9, 16, 21, 25], [0, 1, 3, 5, 6, 11, 14, 17], [0, 2, 5, 16, 17, 24, 25, 30], [2, 3, 4, 7, 9, 10, 12, 31], [2, 3, 4, 5, 6, 7, 11, 14], [1, 2, 3, 4, 10, 11, 12, 19], [2, 3, 5, 7, 8, 12, 28, 31], [1, 6, 8, 9, 11, 13, 19, 28], [6, 7, 8, 9, 13, 15, 23, 24], [0, 1, 5, 7, 8, 13, 20, 24], [0, 1, 2, 4, 6, 7, 8, 11], [14, 15, 18, 19, 20, 22, 29, 31], [1, 4, 9, 13, 23, 27, 30, 31], [0, 3, 5, 15, 17, 18, 21, 24], [1, 5, 6, 10, 11, 22, 23, 24], [3, 4, 5, 6, 9, 12, 19, 20], [0, 1, 2, 7, 8, 9, 14, 21], [0, 1, 3, 6, 18, 19, 27, 29], [0, 1, 3, 8, 9, 10, 21, 26], [1, 3, 6, 7, 11, 12, 13, 28], [0, 1, 2, 4, 7, 11, 16, 28], [1, 2, 3, 5, 12, 13, 23, 24], [1, 3, 4, 7, 11, 16, 20, 21], [5, 6, 8, 11, 12, 13, 15, 22], [2, 3, 4, 7, 8, 10, 14, 25], [0, 1, 3, 5, 8, 9, 11, 12], [7, 8, 11, 14, 15, 16, 18, 19], [1, 2, 3, 4, 6, 7, 17, 27], [2, 9, 10, 17, 18, 25, 27, 31], [0, 9, 12, 19, 22, 24, 25, 28], [0, 1, 5, 6, 7, 8, 14, 15], [1, 2, 5, 8, 9, 17, 25, 26], [2, 6, 9, 10, 15, 16, 18, 31], [0, 1, 2, 5, 6, 9, 16, 22], [1, 2, 6, 8, 15, 18, 19, 24], [3, 5, 6, 9, 10, 11, 14, 15], [0, 1, 3, 9, 22, 24, 25, 27], [0, 2, 3, 11, 13, 23, 26, 27], [0, 1, 2, 3, 5, 6, 11, 22], [2, 4, 5, 7, 8, 12, 13, 26], [0, 2, 4, 5, 7, 8, 10, 14], [0, 1, 2, 3, 7, 8, 23, 30], [1, 3, 4, 6, 9, 11, 15, 18], [2, 4, 5, 6, 7, 15, 18, 30], [1, 2, 10, 12, 17, 23, 25, 28], [1, 2, 4, 5, 10, 11, 16, 19], [6, 8, 11, 16, 26, 28, 29, 30], [0, 1, 2, 5, 6, 7, 10, 21], [0, 2, 3, 11, 12, 13, 14, 17], [0, 1, 2, 3, 12, 22, 27, 28], [1, 2, 3, 4, 5, 6, 10, 24], [1, 5, 6, 7, 10, 11, 23, 25], [0, 8, 9, 14, 19, 20, 26, 29], [1, 4, 6, 10, 11, 14, 18, 28], [0, 1, 3, 4, 5, 16, 22, 24], [3, 4, 5, 6, 7, 14, 16, 30], [1, 3, 5, 6, 7, 9, 14, 18], [0, 1, 8, 11, 13, 14, 17, 18], [0, 5, 6, 7, 8, 9, 18, 27], [0, 1, 5, 9, 15, 16, 25, 27], [2, 3, 4, 8, 16, 19, 29, 30], [3, 6, 7, 8, 12, 15, 23, 25], [0, 1, 3, 4, 5, 8, 16, 22], [3, 4, 6, 8, 9, 10, 18, 23], [4, 12, 14, 17, 21, 27, 30, 31], [0, 1, 2, 3, 6, 9, 12, 23], [0, 1, 2, 7, 8, 15, 16, 24], [2, 3, 4, 5, 9, 16, 19, 20], [1, 2, 4, 5, 12, 15, 25, 31], [1, 8, 11, 12, 14, 16, 17, 31], [0, 3, 4, 6, 7, 8, 17, 24], [2, 3, 5, 8, 25, 29, 30, 31], [2, 4, 10, 12, 14, 17, 24, 28], [0, 1, 4, 8, 26, 27, 30, 31], [1, 8, 9, 10, 17, 19, 29, 31], [0, 3, 5, 7, 10, 13, 18, 19], [0, 1, 2, 4, 5, 8, 9, 11], [0, 3, 4, 5, 7, 10, 21, 31], [0, 2, 4, 9, 10, 15, 28, 29], [0, 1, 2, 5, 7, 19, 20, 25], [5, 6, 10, 11, 18, 20, 21, 26], [0, 1, 5, 6, 13, 15, 27, 29], [1, 2, 6, 12, 14, 22, 27, 28], [6, 11, 18, 20, 25, 27, 30, 31], [7, 8, 11, 12, 14, 17, 18, 21], [3, 6, 8, 9, 10, 12, 14, 27], [0, 3, 4, 7, 12, 16, 17, 27], [0, 5, 8, 11, 18, 20, 29, 31], [0, 1, 2, 3, 4, 5, 12, 15], [0, 1, 3, 5, 8, 11, 16, 22], [0, 1, 2, 9, 14, 17, 19, 26], [0, 2, 6, 7, 8, 9, 17, 21], [6, 7, 8, 12, 13, 15, 21, 25], [0, 1, 2, 4, 5, 9, 10, 18], [1, 3, 4, 5, 9, 23, 30, 31], [1, 2, 3, 8, 9, 12, 13, 14], [0, 1, 4, 5, 9, 19, 23, 24], [0, 1, 7, 9, 13, 18, 19, 20], [0, 2, 9, 10, 16, 19, 21, 23], [5, 6, 9, 10, 11, 13, 20, 28], [5, 12, 15, 16, 21, 22, 29, 30], [2, 3, 9, 10, 14, 15, 17, 29], [1, 5, 7, 8, 9, 23, 24, 29], [0, 1, 2, 4, 12, 14, 16, 24], [1, 2, 4, 5, 6, 11, 16, 19], [0, 1, 2, 3, 4, 7, 8, 30], [1, 6, 9, 10, 16, 22, 24, 29], [1, 2, 4, 8, 9, 12, 15, 30], [0, 1, 4, 6, 12, 16, 22, 29], [2, 3, 8, 10, 13, 16, 22, 29], [1, 3, 4, 9, 13, 27, 30, 31], [1, 2, 4, 5, 8, 9, 24, 31], [4, 5, 8, 9, 17, 25, 27, 31], [0, 1, 3, 6, 9, 17, 20, 21], [0, 2, 4, 5, 14, 18, 25, 30], [1, 4, 5, 8, 9, 13, 26, 29], [1, 4, 11, 12, 13, 16, 18, 31], [1, 2, 5, 7, 8, 10, 11, 30], [1, 4, 7, 8, 13, 17, 27, 31], [1, 2, 4, 5, 6, 12, 13, 22], [1, 2, 6, 9, 10, 11, 12, 26], [0, 1, 2, 3, 5, 9, 14, 30], [1, 5, 6, 9, 10, 11, 18, 19], [4, 13, 15, 16, 18, 20, 22, 31], [0, 3, 5, 6, 9, 14, 15, 18], [4, 8, 15, 18, 20, 23, 29, 30], [0, 1, 4, 7, 10, 11, 20, 21], [0, 2, 7, 8, 9, 11, 12, 14], [0, 3, 8, 10, 16, 29, 30, 31], [0, 1, 7, 11, 13, 14, 18, 31], [0, 3, 4, 7, 11, 24, 28, 29], [0, 1, 3, 4, 24, 27, 30, 31], [2, 3, 10, 11, 17, 24, 30, 31], [1, 2, 3, 12, 15, 16, 24, 27], [1, 3, 5, 8, 9, 10, 13, 29], [1, 3, 8, 11, 12, 14, 26, 27], [1, 2, 4, 5, 7, 17, 18, 29], [0, 1, 3, 6, 18, 21, 25, 26], [0, 2, 7, 9, 12, 16, 17, 24], [0, 3, 5, 14, 17, 20, 22, 31], [1, 2, 4, 7, 10, 12, 21, 27], [1, 2, 7, 15, 22, 26, 28, 29], [5, 12, 13, 14, 15, 16, 18, 19], [5, 6, 7, 9, 16, 21, 22, 28], [1, 3, 4, 5, 7, 10, 17, 19], [0, 1, 2, 5, 8, 14, 18, 25], [1, 4, 6, 7, 8, 10, 14, 21], [0, 2, 8, 9, 12, 13, 17, 20], [3, 4, 7, 8, 11, 13, 17, 31], [2, 4, 5, 8, 9, 12, 18, 26], [4, 5, 9, 11, 16, 19, 20, 31], [3, 4, 9, 11, 18, 23, 28, 29], [0, 1, 3, 5, 10, 14, 28, 31], [0, 1, 9, 10, 11, 12, 28, 30], [1, 2, 3, 4, 5, 7, 9, 19], [1, 3, 4, 5, 6, 13, 19, 20], [1, 2, 3, 8, 11, 12, 20, 28], [1, 2, 3, 4, 7, 10, 18, 29], [0, 2, 4, 6, 9, 11, 18, 19], [1, 2, 3, 4, 5, 6, 12, 14], [0, 2, 10, 12, 16, 24, 25, 26], [0, 1, 5, 7, 8, 9, 12, 29], [1, 2, 3, 5, 7, 8, 10, 29], [6, 9, 18, 20, 21, 22, 24, 31], [1, 2, 4, 6, 13, 14, 15, 28], [4, 5, 6, 8, 9, 16, 18, 21], [1, 2, 5, 6, 7, 12, 23, 27], [1, 2, 3, 8, 14, 15, 16, 24], [4, 6, 8, 10, 24, 27, 28, 29], [0, 1, 3, 4, 11, 12, 17, 22], [0, 4, 6, 7, 11, 12, 13, 17], [1, 3, 5, 6, 7, 8, 9, 30], [5, 15, 19, 20, 21, 25, 28, 29], [0, 3, 4, 5, 12, 15, 16, 30], [0, 2, 4, 7, 8, 9, 15, 28], [0, 1, 2, 3, 4, 22, 23, 28], [1, 4, 9, 10, 11, 12, 20, 21], [0, 1, 3, 11, 12, 19, 20, 24], [1, 3, 12, 19, 22, 23, 28, 29], [0, 1, 2, 5, 7, 9, 12, 18], [3, 6, 7, 10, 11, 13, 20, 21], [1, 4, 5, 7, 9, 10, 12, 13], [3, 4, 5, 11, 12, 13, 25, 27], [2, 4, 5, 6, 7, 25, 27, 31], [1, 3, 6, 8, 11, 16, 17, 22], [0, 1, 2, 8, 12, 19, 29, 31], [0, 1, 2, 4, 7, 13, 23, 29], [0, 1, 5, 7, 8, 15, 17, 29], [2, 4, 5, 7, 11, 12, 13, 26], [0, 1, 3, 4, 7, 8, 9, 15], [2, 5, 8, 9, 13, 16, 25, 30], [0, 1, 4, 7, 10, 15, 23, 28], [0, 1, 3, 4, 5, 13, 25, 29], [0, 1, 7, 8, 9, 14, 15, 21], [0, 2, 4, 6, 9, 10, 16, 23], [1, 3, 5, 13, 14, 17, 18, 30], [0, 2, 3, 5, 9, 25, 26, 28], [0, 1, 2, 4, 15, 16, 18, 24], [2, 13, 14, 18, 19, 20, 22, 30]]",8,0.39905667304992676,128,learned,0.0,26368,4.0,124,0.42018115520477295,23,152 160 128 56,6591,0.7924067378044128,test,top_r_mean,0.0,0.0,0.0,0.375
0.01942042178728569,0.0,206,0.0,31,133.71349987573922,qasper,0.8,0.0,0.0,0.0,1910.14599:ee2c9bc24d70daa0c87e38e0558e09ab97feb4f2,mean,0.6221643381482358,0.00847003422677517,"[[0, 1, 4, 5, 8, 15, 29, 30], [3, 4, 5, 7, 8, 16, 17, 23], [1, 5, 6, 8, 10, 16, 18, 27], [2, 5, 6, 8, 10, 11, 12, 26], [0, 2, 3, 4, 6, 7, 17, 30], [1, 3, 4, 5, 6, 8, 15, 26], [2, 3, 4, 8, 11, 17, 29, 30], [1, 2, 3, 4, 6, 9, 16, 21], [0, 1, 3, 5, 6, 11, 14, 17], [0, 2, 5, 15, 16, 17, 24, 25], [2, 3, 4, 7, 9, 10, 12, 31], [1, 2, 3, 5, 6, 7, 8, 11], [1, 2, 3, 4, 10, 11, 12, 19], [2, 3, 5, 7, 8, 12, 28, 31], [1, 2, 6, 9, 10, 11, 13, 19], [6, 7, 8, 9, 13, 15, 23, 24], [0, 1, 2, 5, 7, 13, 20, 24], [0, 1, 2, 4, 6, 7, 8, 11], [14, 15, 18, 19, 20, 22, 29, 31], [4, 9, 13, 16, 23, 27, 30, 31], [0, 3, 5, 13, 15, 17, 18, 24], [1, 5, 6, 10, 11, 22, 23, 24], [1, 3, 4, 5, 6, 9, 16, 19], [0, 1, 2, 7, 8, 12, 14, 21], [0, 1, 3, 6, 9, 18, 19, 29], [0, 1, 3, 8, 9, 10, 14, 26], [1, 3, 6, 7, 11, 12, 13, 28], [0, 1, 2, 4, 7, 11, 16, 28], [1, 2, 3, 5, 12, 13, 22, 24], [1, 2, 3, 4, 7, 11, 16, 21], [5, 6, 8, 11, 12, 13, 15, 22], [2, 3, 4, 7, 8, 10, 14, 25], [0, 1, 3, 5, 8, 9, 12, 26], [7, 8, 11, 14, 16, 17, 18, 19], [1, 2, 3, 4, 6, 7, 17, 27], [2, 9, 10, 13, 17, 18, 27, 31], [0, 9, 12, 13, 19, 22, 24, 28], [0, 1, 5, 6, 7, 8, 14, 15], [1, 2, 5, 8, 9, 17, 25, 26], [1, 2, 6, 7, 9, 10, 15, 18], [0, 1, 2, 5, 6, 9, 16, 22], [1, 2, 6, 8, 9, 15, 19, 24], [0, 3, 5, 6, 7, 10, 11, 15], [0, 1, 3, 8, 9, 24, 25, 27], [0, 2, 3, 11, 14, 23, 26, 27], [0, 1, 2, 3, 5, 6, 10, 11], [2, 4, 5, 7, 8, 12, 13, 26], [0, 2, 4, 5, 7, 8, 10, 14], [0, 1, 2, 3, 7, 8, 23, 26], [1, 3, 4, 6, 9, 11, 15, 18], [2, 4, 5, 6, 7, 18, 27, 30], [1, 2, 10, 11, 12, 17, 21, 26], [1, 2, 4, 5, 10, 11, 16, 19], [3, 6, 8, 11, 16, 28, 29, 30], [0, 1, 2, 5, 6, 7, 10, 21], [0, 2, 3, 11, 12, 13, 14, 17], [0, 1, 2, 3, 22, 26, 27, 28], [1, 2, 3, 4, 5, 6, 14, 24], [1, 2, 5, 6, 7, 10, 23, 25], [0, 2, 8, 9, 14, 19, 20, 29], [1, 4, 6, 7, 10, 11, 14, 18], [0, 1, 3, 4, 5, 16, 24, 29], [3, 4, 5, 6, 7, 14, 16, 30], [1, 3, 5, 6, 7, 9, 14, 18], [0, 1, 11, 13, 14, 15, 18, 24], [0, 6, 7, 8, 9, 16, 18, 27], [0, 1, 2, 5, 9, 15, 25, 27], [2, 3, 4, 8, 16, 19, 29, 30], [3, 6, 7, 8, 12, 19, 23, 25], [0, 1, 3, 4, 5, 8, 16, 22], [3, 4, 6, 8, 9, 10, 16, 18], [4, 12, 13, 14, 17, 21, 27, 30], [0, 1, 2, 3, 6, 10, 12, 23], [0, 1, 2, 8, 15, 16, 20, 24], [2, 3, 4, 5, 6, 16, 19, 29], [2, 4, 5, 8, 12, 15, 16, 25], [1, 3, 8, 11, 12, 14, 17, 31], [0, 3, 4, 6, 7, 8, 17, 24], [1, 2, 3, 5, 8, 25, 29, 30], [2, 4, 9, 10, 12, 14, 17, 24], [0, 1, 2, 4, 8, 21, 26, 31], [1, 4, 8, 9, 10, 17, 19, 31], [0, 3, 5, 7, 10, 13, 18, 19], [0, 1, 2, 4, 5, 8, 9, 11], [0, 3, 4, 5, 7, 10, 18, 21], [0, 2, 4, 9, 10, 15, 28, 29], [0, 1, 2, 5, 7, 9, 19, 25], [5, 6, 10, 11, 18, 20, 21, 26], [0, 1, 5, 6, 13, 15, 16, 27], [1, 2, 6, 7, 12, 14, 22, 28], [6, 11, 18, 20, 25, 27, 30, 31], [7, 8, 11, 12, 14, 17, 18, 21], [3, 6, 7, 9, 10, 12, 14, 17], [0, 3, 4, 7, 12, 16, 17, 26], [2, 8, 11, 18, 20, 22, 29, 31], [0, 1, 2, 3, 4, 5, 12, 15], [0, 1, 3, 5, 8, 11, 16, 22], [0, 1, 2, 9, 14, 17, 19, 26], [0, 2, 5, 6, 7, 8, 9, 17], [1, 6, 7, 8, 12, 15, 17, 21], [0, 1, 4, 5, 9, 10, 18, 21], [1, 3, 4, 5, 9, 23, 30, 31], [2, 3, 8, 9, 12, 13, 14, 17], [0, 1, 4, 5, 9, 11, 19, 24], [0, 1, 2, 7, 9, 18, 19, 20], [0, 2, 9, 10, 16, 19, 21, 23], [5, 6, 9, 10, 11, 13, 20, 28], [2, 5, 12, 15, 16, 21, 22, 29], [1, 2, 3, 9, 10, 17, 24, 29], [1, 5, 7, 8, 9, 23, 24, 29], [0, 1, 2, 4, 12, 14, 16, 24], [1, 2, 5, 6, 7, 11, 16, 19], [0, 1, 2, 3, 4, 7, 8, 11], [1, 4, 9, 10, 15, 16, 22, 29], [1, 2, 6, 8, 9, 12, 15, 30], [0, 1, 2, 4, 6, 12, 16, 29], [2, 3, 8, 10, 13, 14, 16, 29], [1, 3, 4, 9, 13, 14, 27, 30], [1, 2, 4, 5, 8, 9, 24, 31], [4, 5, 7, 8, 9, 25, 27, 31], [0, 1, 3, 6, 9, 17, 20, 21], [0, 2, 4, 5, 14, 18, 25, 30], [0, 1, 4, 5, 8, 9, 13, 26], [1, 4, 11, 12, 16, 18, 30, 31], [1, 2, 5, 7, 8, 11, 14, 30], [1, 4, 7, 8, 13, 17, 27, 31], [1, 2, 5, 6, 12, 13, 14, 22], [1, 2, 6, 9, 10, 11, 12, 26], [0, 1, 2, 3, 5, 9, 16, 30], [1, 3, 5, 6, 10, 11, 18, 19], [3, 4, 13, 15, 16, 18, 20, 22], [0, 3, 5, 9, 14, 15, 18, 29], [4, 6, 17, 18, 20, 23, 29, 30], [0, 1, 4, 7, 10, 11, 20, 21], [0, 2, 7, 8, 9, 11, 12, 14], [0, 3, 7, 8, 10, 16, 29, 31], [0, 1, 7, 11, 13, 14, 18, 31], [0, 3, 4, 5, 7, 24, 28, 29], [0, 1, 3, 4, 12, 18, 27, 30], [1, 2, 3, 11, 17, 24, 30, 31], [1, 2, 3, 12, 15, 16, 24, 27], [1, 3, 5, 9, 10, 13, 16, 29], [1, 3, 5, 8, 11, 12, 14, 26], [1, 2, 4, 5, 7, 17, 18, 29], [0, 1, 3, 6, 10, 21, 25, 26], [0, 1, 2, 7, 12, 16, 17, 24], [0, 3, 5, 9, 14, 17, 20, 22], [1, 2, 3, 4, 7, 10, 12, 21], [1, 2, 7, 15, 25, 26, 28, 29], [4, 5, 13, 14, 15, 16, 18, 19], [5, 6, 7, 9, 16, 21, 22, 29], [1, 3, 4, 5, 7, 13, 17, 19], [0, 1, 2, 5, 8, 14, 18, 25], [1, 2, 4, 7, 8, 10, 14, 21], [0, 1, 2, 8, 9, 13, 17, 20], [1, 2, 3, 7, 8, 11, 13, 31], [2, 3, 5, 8, 9, 12, 18, 26], [4, 5, 9, 11, 15, 16, 20, 31], [3, 4, 9, 11, 12, 21, 28, 29], [0, 1, 3, 4, 5, 10, 14, 28], [0, 1, 3, 9, 10, 11, 12, 28], [1, 2, 3, 4, 5, 7, 9, 19], [1, 3, 4, 5, 6, 13, 19, 23], [1, 2, 3, 8, 11, 12, 20, 28], [1, 2, 3, 4, 7, 10, 18, 29], [0, 2, 4, 6, 9, 11, 18, 19], [1, 2, 3, 4, 5, 6, 12, 14], [0, 2, 10, 11, 12, 24, 25, 26], [0, 1, 2, 5, 7, 8, 9, 29], [1, 2, 3, 5, 7, 8, 10, 29], [6, 9, 18, 21, 22, 24, 29, 31], [1, 2, 4, 6, 10, 14, 15, 28], [4, 5, 6, 8, 9, 16, 18, 21], [1, 2, 5, 6, 7, 12, 23, 27], [1, 2, 3, 5, 8, 10, 15, 24], [3, 4, 6, 8, 10, 24, 27, 29], [0, 1, 3, 6, 11, 12, 17, 22], [0, 2, 4, 7, 11, 12, 13, 17], [0, 1, 3, 5, 6, 7, 9, 30], [5, 15, 19, 20, 21, 25, 28, 29], [0, 3, 4, 5, 6, 12, 15, 16], [0, 1, 2, 4, 7, 9, 15, 28], [0, 1, 2, 3, 4, 23, 24, 28], [1, 2, 4, 9, 10, 11, 12, 21], [0, 1, 3, 11, 12, 19, 20, 31], [1, 3, 11, 12, 19, 23, 28, 29], [0, 1, 2, 5, 7, 12, 18, 20], [3, 6, 7, 10, 11, 13, 20, 21], [1, 4, 5, 7, 9, 10, 12, 13], [3, 4, 5, 11, 12, 13, 25, 27], [2, 4, 5, 6, 7, 9, 25, 27], [1, 2, 3, 6, 8, 11, 17, 22], [0, 1, 2, 8, 11, 12, 19, 29], [0, 1, 2, 4, 7, 13, 23, 29], [0, 1, 5, 8, 15, 17, 23, 29], [4, 5, 7, 9, 12, 13, 14, 26], [0, 1, 4, 6, 7, 8, 9, 15], [2, 5, 8, 9, 13, 16, 25, 30], [0, 1, 4, 7, 10, 15, 23, 28], [0, 1, 4, 5, 13, 17, 19, 25], [0, 1, 7, 8, 9, 14, 19, 21], [0, 4, 6, 7, 10, 16, 17, 23], [1, 3, 5, 13, 14, 17, 18, 30], [0, 2, 3, 5, 6, 9, 26, 28], [0, 1, 2, 4, 15, 16, 24, 26], [7, 9, 13, 18, 19, 20, 22, 30]]",8,0.4026342034339905,128,learned,0.0,26368,4.0,124,0.42301684617996216,37,152 160 32 136,6591,0.7979045510292053,test,top_r_mean,0.0,0.0,0.25,0.375
0.01942042178728569,0.0,206,0.0,31,141.5787001606077,qasper,0.8,0.0,0.0,0.0,1910.14599:ee2c9bc24d70daa0c87e38e0558e09ab97feb4f2,mean,0.6146815060383614,0.008187752217054367,"[[0, 1, 4, 5, 8, 15, 29, 30], [3, 4, 5, 7, 8, 16, 17, 23], [1, 5, 6, 8, 10, 16, 18, 27], [2, 5, 6, 8, 10, 11, 12, 26], [0, 2, 3, 4, 6, 7, 17, 30], [1, 3, 4, 5, 6, 8, 15, 26], [2, 3, 4, 8, 11, 17, 29, 30], [1, 2, 3, 4, 6, 9, 21, 25], [0, 1, 3, 5, 6, 11, 14, 17], [0, 2, 5, 15, 16, 17, 24, 25], [2, 4, 6, 7, 9, 10, 12, 31], [1, 2, 3, 5, 6, 7, 11, 14], [1, 2, 3, 4, 10, 11, 12, 19], [2, 3, 5, 7, 8, 12, 28, 31], [1, 2, 6, 9, 10, 11, 13, 19], [6, 7, 8, 9, 13, 15, 23, 24], [0, 1, 2, 5, 7, 13, 20, 24], [0, 1, 2, 4, 6, 7, 8, 11], [14, 15, 18, 19, 20, 22, 29, 31], [4, 7, 9, 13, 23, 27, 30, 31], [0, 3, 5, 15, 17, 18, 21, 24], [1, 2, 5, 6, 11, 22, 23, 24], [1, 3, 4, 5, 6, 9, 16, 19], [0, 1, 2, 6, 7, 8, 12, 14], [0, 1, 3, 6, 9, 19, 27, 29], [0, 1, 3, 8, 9, 10, 26, 31], [1, 3, 6, 7, 11, 12, 13, 28], [0, 1, 2, 4, 6, 7, 11, 16], [1, 2, 3, 5, 8, 12, 13, 22], [1, 2, 3, 4, 7, 11, 16, 21], [5, 6, 7, 8, 11, 12, 13, 22], [2, 3, 4, 7, 8, 10, 14, 25], [0, 1, 3, 5, 6, 8, 9, 12], [7, 8, 11, 12, 14, 16, 18, 19], [1, 2, 3, 4, 6, 7, 17, 27], [2, 9, 10, 13, 17, 18, 27, 31], [0, 9, 10, 12, 19, 22, 24, 28], [0, 1, 5, 6, 7, 8, 14, 15], [1, 2, 5, 8, 9, 17, 25, 26], [1, 2, 6, 9, 10, 15, 18, 25], [0, 1, 2, 5, 6, 9, 16, 22], [1, 2, 6, 8, 9, 15, 19, 24], [3, 5, 6, 7, 9, 10, 11, 15], [0, 1, 3, 8, 9, 24, 25, 27], [0, 2, 3, 13, 14, 23, 26, 27], [0, 1, 2, 3, 5, 6, 11, 22], [2, 4, 5, 7, 8, 12, 13, 26], [0, 2, 4, 5, 7, 8, 10, 14], [0, 1, 2, 3, 7, 8, 22, 23], [1, 3, 4, 6, 9, 11, 15, 18], [2, 4, 5, 6, 7, 18, 27, 30], [1, 2, 10, 11, 12, 17, 21, 26], [1, 2, 4, 5, 10, 11, 16, 19], [6, 8, 11, 16, 26, 28, 29, 30], [0, 1, 2, 5, 6, 10, 21, 26], [0, 2, 3, 11, 12, 13, 14, 17], [0, 1, 2, 3, 9, 22, 27, 28], [1, 2, 3, 4, 5, 6, 14, 24], [1, 2, 5, 6, 7, 10, 23, 25], [0, 2, 8, 9, 14, 19, 20, 29], [1, 4, 6, 7, 10, 11, 14, 18], [0, 1, 3, 4, 5, 16, 24, 29], [3, 4, 5, 6, 7, 14, 16, 30], [1, 3, 5, 6, 7, 9, 14, 18], [0, 1, 11, 12, 13, 14, 18, 24], [0, 6, 7, 8, 9, 16, 18, 27], [0, 1, 2, 5, 9, 15, 25, 27], [2, 3, 4, 8, 16, 19, 29, 30], [3, 6, 7, 12, 15, 19, 23, 25], [0, 1, 3, 4, 5, 8, 16, 22], [3, 4, 6, 8, 9, 10, 16, 18], [4, 12, 14, 17, 21, 27, 30, 31], [0, 1, 2, 3, 6, 7, 10, 23], [0, 1, 2, 8, 15, 16, 20, 24], [2, 3, 4, 5, 6, 16, 19, 23], [1, 2, 4, 5, 8, 12, 15, 25], [1, 3, 8, 11, 12, 14, 17, 31], [0, 3, 4, 5, 6, 7, 8, 17], [1, 2, 3, 5, 8, 10, 29, 30], [2, 4, 10, 12, 14, 17, 24, 28], [0, 1, 2, 4, 8, 21, 26, 31], [1, 3, 8, 9, 10, 17, 19, 31], [0, 3, 5, 7, 10, 13, 18, 19], [0, 1, 2, 4, 5, 8, 9, 11], [0, 3, 4, 5, 7, 10, 18, 21], [0, 2, 3, 4, 9, 10, 28, 29], [0, 1, 2, 4, 5, 7, 19, 25], [5, 6, 10, 11, 18, 20, 21, 26], [0, 1, 5, 6, 13, 15, 16, 27], [1, 2, 3, 6, 12, 14, 22, 28], [1, 11, 15, 18, 20, 25, 27, 30], [7, 8, 11, 12, 14, 17, 18, 21], [3, 6, 7, 9, 10, 12, 14, 17], [0, 1, 3, 4, 12, 16, 17, 27], [2, 8, 11, 18, 20, 22, 29, 31], [0, 1, 2, 3, 4, 5, 12, 15], [0, 1, 3, 5, 8, 11, 16, 22], [0, 1, 2, 9, 14, 17, 19, 26], [0, 2, 5, 6, 7, 8, 9, 17], [1, 6, 7, 8, 12, 13, 15, 21], [0, 1, 4, 5, 9, 10, 18, 21], [1, 3, 4, 5, 9, 23, 30, 31], [1, 2, 3, 8, 9, 12, 13, 17], [0, 1, 4, 5, 9, 19, 24, 25], [0, 1, 2, 7, 9, 18, 19, 20], [0, 2, 9, 10, 16, 19, 21, 23], [5, 6, 9, 10, 11, 13, 20, 28], [2, 5, 12, 15, 16, 21, 22, 29], [2, 3, 9, 10, 15, 17, 24, 29], [1, 5, 7, 8, 9, 23, 24, 29], [0, 1, 2, 4, 12, 14, 16, 24], [1, 2, 4, 5, 6, 11, 16, 19], [0, 1, 2, 3, 4, 7, 8, 11], [1, 4, 9, 10, 15, 16, 22, 29], [1, 2, 6, 8, 9, 12, 15, 30], [0, 1, 4, 6, 12, 16, 22, 29], [2, 3, 5, 8, 10, 13, 14, 16], [1, 3, 4, 9, 13, 14, 27, 30], [1, 2, 4, 5, 8, 9, 24, 31], [4, 5, 7, 8, 9, 25, 27, 31], [0, 1, 3, 9, 17, 20, 21, 28], [0, 2, 4, 5, 14, 18, 25, 30], [1, 4, 5, 8, 9, 13, 26, 29], [1, 4, 11, 12, 16, 18, 30, 31], [1, 2, 5, 8, 11, 14, 24, 30], [1, 4, 7, 8, 13, 17, 27, 31], [1, 2, 5, 6, 12, 13, 14, 22], [1, 2, 6, 9, 10, 11, 12, 26], [0, 1, 2, 3, 5, 9, 16, 30], [1, 3, 5, 6, 10, 11, 18, 19], [4, 13, 15, 16, 17, 18, 20, 22], [3, 5, 8, 9, 14, 15, 18, 29], [4, 6, 17, 18, 20, 23, 29, 30], [0, 1, 4, 7, 10, 11, 20, 21], [0, 2, 7, 8, 9, 11, 12, 14], [0, 3, 7, 8, 10, 16, 29, 31], [0, 1, 2, 7, 8, 13, 14, 18], [0, 3, 4, 5, 7, 24, 28, 29], [0, 1, 3, 4, 24, 27, 30, 31], [1, 2, 3, 11, 17, 24, 30, 31], [1, 2, 3, 15, 16, 22, 24, 27], [1, 3, 5, 8, 9, 10, 13, 29], [1, 3, 5, 8, 11, 12, 14, 26], [1, 2, 4, 5, 7, 17, 18, 29], [0, 1, 3, 6, 10, 21, 25, 26], [0, 1, 2, 7, 12, 16, 17, 24], [0, 3, 5, 9, 14, 17, 20, 31], [1, 2, 3, 4, 7, 10, 12, 21], [1, 2, 4, 7, 22, 26, 28, 29], [4, 5, 13, 14, 15, 16, 18, 19], [5, 6, 7, 9, 16, 21, 22, 28], [1, 3, 4, 5, 7, 13, 17, 19], [0, 1, 2, 5, 8, 14, 18, 25], [2, 4, 6, 7, 8, 10, 14, 21], [0, 1, 2, 8, 9, 13, 20, 23], [2, 3, 7, 8, 11, 13, 17, 31], [2, 3, 5, 8, 9, 12, 18, 26], [5, 9, 11, 15, 16, 19, 20, 31], [3, 4, 9, 12, 18, 21, 26, 28], [0, 1, 3, 5, 10, 14, 28, 31], [0, 1, 9, 10, 11, 12, 28, 30], [1, 2, 3, 4, 5, 7, 9, 19], [1, 3, 4, 5, 6, 13, 19, 23], [1, 2, 3, 5, 8, 11, 12, 28], [1, 2, 3, 4, 7, 10, 18, 29], [0, 2, 4, 6, 9, 11, 18, 19], [1, 2, 3, 4, 5, 6, 12, 14], [1, 2, 10, 11, 12, 24, 25, 26], [0, 1, 5, 7, 8, 9, 10, 29], [1, 2, 3, 5, 7, 8, 10, 29], [6, 9, 18, 21, 22, 24, 29, 31], [1, 2, 4, 6, 10, 14, 15, 28], [4, 5, 6, 8, 9, 16, 18, 21], [1, 2, 5, 6, 7, 12, 23, 27], [1, 2, 3, 5, 8, 10, 15, 24], [4, 6, 8, 10, 24, 27, 29, 31], [0, 1, 3, 5, 12, 17, 18, 22], [0, 2, 4, 7, 11, 12, 13, 17], [1, 3, 5, 6, 7, 9, 30, 31], [5, 10, 15, 19, 20, 21, 25, 29], [0, 3, 4, 5, 12, 15, 16, 31], [0, 1, 2, 4, 7, 9, 15, 28], [0, 1, 2, 3, 4, 23, 24, 28], [1, 2, 4, 9, 10, 11, 12, 21], [0, 1, 3, 12, 20, 23, 30, 31], [1, 3, 11, 12, 19, 23, 28, 29], [0, 1, 2, 5, 7, 12, 18, 20], [3, 6, 7, 10, 11, 13, 20, 21], [1, 4, 5, 7, 9, 10, 12, 13], [3, 4, 5, 11, 12, 13, 25, 27], [1, 4, 5, 6, 7, 9, 25, 27], [1, 2, 3, 6, 8, 11, 17, 22], [0, 1, 2, 8, 11, 12, 19, 31], [0, 1, 2, 4, 7, 9, 13, 23], [0, 1, 5, 8, 15, 17, 23, 29], [4, 5, 7, 9, 12, 13, 14, 26], [0, 1, 3, 4, 7, 8, 9, 15], [2, 5, 8, 9, 13, 25, 28, 30], [0, 1, 4, 7, 15, 18, 23, 28], [0, 1, 4, 5, 13, 17, 25, 29], [0, 1, 7, 8, 9, 14, 19, 26], [0, 2, 4, 6, 7, 10, 16, 23], [1, 3, 5, 13, 14, 17, 18, 30], [0, 2, 3, 5, 6, 9, 26, 28], [0, 1, 2, 4, 10, 15, 16, 24], [2, 7, 9, 13, 18, 19, 20, 30]]",8,0.4036169648170471,128,learned,0.0,26368,4.0,124,0.42383310198783875,53,152 160 72 136,6591,0.7865560054779053,test,top_r_mean,0.0,0.0,0.0,0.5
0.01942042178728569,0.0,206,0.0,31,149.1459000390023,qasper,0.8,0.0,0.0,0.0,1910.14599:ee2c9bc24d70daa0c87e38e0558e09ab97feb4f2,mean,0.6229220932986029,0.00787690281867981,"[[0, 1, 4, 5, 8, 13, 29, 30], [4, 5, 7, 8, 10, 16, 17, 23], [1, 5, 6, 10, 16, 18, 26, 27], [2, 5, 6, 8, 10, 11, 12, 26], [2, 3, 4, 6, 7, 9, 17, 30], [1, 3, 4, 5, 6, 8, 15, 26], [2, 3, 4, 8, 11, 17, 29, 30], [1, 2, 3, 8, 9, 16, 21, 25], [0, 1, 3, 5, 6, 11, 14, 17], [0, 2, 5, 15, 16, 17, 24, 25], [2, 4, 7, 9, 10, 11, 12, 31], [1, 2, 3, 5, 6, 7, 11, 14], [1, 2, 3, 4, 10, 11, 12, 19], [2, 3, 5, 7, 12, 28, 30, 31], [1, 2, 6, 9, 10, 11, 13, 19], [3, 6, 7, 8, 9, 13, 23, 24], [0, 1, 2, 5, 7, 13, 20, 24], [0, 1, 2, 6, 7, 8, 14, 17], [14, 15, 18, 19, 20, 22, 29, 31], [4, 9, 13, 19, 23, 27, 30, 31], [0, 3, 5, 13, 15, 17, 18, 24], [1, 5, 10, 11, 16, 22, 23, 24], [3, 4, 5, 6, 9, 16, 19, 20], [0, 1, 2, 7, 8, 12, 14, 21], [0, 1, 3, 6, 9, 18, 19, 29], [0, 1, 3, 8, 9, 10, 21, 26], [1, 3, 6, 7, 11, 12, 13, 28], [0, 1, 2, 4, 7, 11, 16, 28], [1, 2, 3, 5, 12, 13, 22, 24], [1, 3, 4, 7, 16, 20, 21, 22], [5, 6, 8, 11, 12, 13, 22, 24], [2, 3, 4, 7, 10, 14, 24, 25], [0, 1, 3, 5, 6, 8, 9, 12], [7, 8, 11, 14, 15, 16, 17, 19], [1, 2, 3, 4, 6, 7, 17, 27], [2, 9, 10, 13, 17, 27, 28, 31], [0, 9, 10, 12, 19, 22, 24, 28], [0, 1, 5, 6, 7, 14, 15, 24], [1, 2, 5, 8, 9, 17, 25, 26], [2, 6, 9, 10, 15, 18, 25, 31], [0, 1, 2, 5, 6, 9, 16, 22], [2, 6, 8, 9, 15, 18, 19, 24], [3, 5, 6, 7, 9, 10, 11, 15], [0, 3, 8, 9, 22, 24, 25, 27], [0, 2, 3, 11, 13, 14, 23, 26], [0, 1, 2, 3, 5, 6, 11, 22], [2, 4, 5, 7, 8, 12, 13, 26], [0, 2, 4, 5, 7, 8, 14, 25], [0, 1, 2, 3, 7, 8, 23, 26], [1, 3, 4, 9, 11, 14, 15, 18], [2, 4, 5, 6, 7, 18, 27, 30], [1, 10, 12, 17, 21, 25, 26, 28], [1, 2, 4, 5, 10, 16, 19, 21], [3, 8, 11, 16, 26, 28, 29, 30], [0, 1, 2, 5, 6, 10, 21, 26], [0, 2, 3, 11, 12, 13, 14, 17], [0, 1, 2, 3, 12, 22, 27, 28], [1, 2, 3, 4, 5, 6, 10, 24], [1, 2, 5, 6, 7, 10, 23, 25], [0, 8, 9, 14, 19, 20, 26, 29], [1, 4, 6, 10, 11, 14, 18, 23], [0, 1, 3, 4, 5, 16, 24, 29], [3, 4, 5, 6, 7, 14, 16, 30], [1, 3, 5, 6, 7, 9, 14, 18], [0, 1, 11, 13, 14, 17, 18, 24], [0, 5, 6, 7, 8, 9, 18, 27], [0, 1, 5, 9, 15, 25, 27, 29], [2, 3, 4, 8, 16, 19, 29, 30], [3, 6, 7, 12, 15, 19, 23, 25], [0, 1, 3, 4, 5, 8, 16, 22], [3, 4, 8, 9, 10, 16, 18, 23], [4, 12, 13, 14, 17, 21, 30, 31], [0, 1, 2, 3, 6, 7, 12, 23], [0, 1, 2, 8, 15, 16, 20, 24], [2, 3, 4, 5, 9, 16, 19, 29], [1, 2, 5, 12, 15, 19, 25, 31], [1, 3, 8, 11, 12, 14, 17, 31], [0, 3, 4, 5, 6, 7, 8, 17], [1, 2, 3, 5, 8, 29, 30, 31], [2, 4, 10, 12, 14, 17, 24, 28], [0, 1, 4, 21, 26, 29, 30, 31], [1, 8, 9, 10, 17, 19, 29, 31], [0, 3, 5, 7, 10, 13, 18, 19], [0, 1, 2, 4, 5, 8, 9, 11], [0, 3, 4, 5, 7, 10, 18, 21], [0, 2, 4, 9, 10, 15, 28, 29], [0, 1, 2, 5, 7, 19, 20, 25], [5, 6, 10, 11, 18, 20, 21, 26], [0, 1, 5, 6, 13, 15, 27, 29], [1, 2, 6, 12, 14, 22, 27, 28], [1, 11, 18, 20, 25, 27, 30, 31], [7, 8, 11, 12, 14, 17, 18, 21], [3, 6, 7, 9, 10, 12, 14, 17], [0, 3, 4, 12, 16, 17, 26, 27], [8, 11, 18, 20, 22, 28, 29, 31], [0, 1, 2, 3, 4, 5, 12, 15], [0, 1, 3, 5, 8, 11, 16, 22], [0, 1, 2, 4, 14, 17, 19, 26], [0, 2, 6, 7, 8, 9, 17, 21], [6, 7, 8, 12, 13, 15, 17, 21], [0, 2, 5, 9, 10, 18, 21, 30], [1, 3, 4, 5, 9, 23, 30, 31], [1, 2, 3, 8, 9, 12, 13, 17], [0, 4, 5, 9, 19, 23, 24, 25], [0, 1, 7, 8, 9, 18, 19, 20], [0, 2, 9, 10, 16, 19, 21, 23], [5, 6, 9, 10, 11, 13, 20, 28], [2, 5, 12, 15, 21, 22, 29, 30], [2, 3, 9, 10, 15, 17, 18, 29], [1, 5, 7, 8, 9, 23, 24, 29], [0, 1, 2, 4, 12, 16, 24, 25], [1, 2, 4, 5, 6, 11, 16, 19], [0, 1, 2, 3, 4, 7, 8, 30], [1, 4, 6, 10, 15, 16, 22, 29], [1, 2, 8, 9, 11, 12, 15, 30], [0, 1, 4, 6, 12, 16, 22, 29], [2, 3, 8, 10, 12, 13, 14, 16], [1, 2, 3, 4, 9, 13, 27, 30], [1, 2, 4, 5, 8, 9, 24, 31], [4, 5, 8, 9, 25, 27, 28, 31], [0, 1, 3, 9, 16, 17, 20, 28], [0, 2, 4, 5, 18, 25, 27, 30], [1, 4, 5, 8, 9, 13, 23, 26], [4, 11, 12, 13, 16, 18, 30, 31], [1, 2, 5, 8, 11, 14, 24, 30], [1, 4, 7, 8, 13, 17, 27, 31], [1, 2, 4, 5, 6, 12, 13, 22], [1, 2, 6, 9, 10, 12, 26, 29], [0, 1, 2, 3, 9, 14, 16, 30], [1, 5, 6, 9, 10, 11, 18, 19], [4, 13, 15, 16, 17, 18, 20, 22], [3, 5, 6, 9, 14, 15, 18, 29], [4, 8, 17, 18, 20, 23, 29, 30], [0, 1, 7, 10, 11, 20, 21, 30], [0, 2, 7, 8, 9, 11, 12, 14], [0, 3, 7, 8, 16, 29, 30, 31], [0, 1, 7, 11, 13, 14, 18, 31], [0, 4, 5, 7, 11, 24, 28, 29], [0, 1, 3, 4, 18, 27, 30, 31], [2, 3, 10, 11, 17, 19, 24, 31], [1, 2, 3, 15, 16, 22, 24, 27], [1, 3, 5, 8, 9, 10, 13, 29], [1, 3, 8, 11, 12, 14, 26, 27], [1, 2, 4, 5, 7, 17, 18, 29], [0, 1, 3, 6, 10, 18, 21, 26], [0, 2, 7, 12, 13, 16, 17, 24], [0, 3, 5, 14, 17, 20, 22, 31], [1, 2, 3, 4, 7, 10, 12, 21], [1, 2, 7, 22, 25, 26, 28, 29], [4, 5, 13, 14, 15, 16, 18, 19], [5, 6, 7, 9, 16, 21, 22, 29], [1, 3, 4, 5, 7, 17, 19, 25], [0, 1, 2, 5, 8, 14, 18, 25], [1, 4, 6, 7, 8, 10, 14, 21], [2, 8, 9, 12, 13, 17, 20, 23], [3, 4, 7, 8, 11, 13, 17, 31], [2, 4, 5, 8, 9, 18, 24, 26], [4, 8, 9, 11, 15, 16, 19, 20], [3, 4, 9, 18, 26, 28, 29, 31], [0, 1, 3, 5, 10, 14, 28, 31], [0, 1, 9, 10, 11, 12, 24, 30], [1, 3, 4, 5, 7, 9, 11, 19], [1, 3, 4, 5, 6, 13, 19, 23], [1, 2, 3, 5, 8, 11, 12, 20], [1, 2, 3, 4, 7, 10, 18, 29], [0, 2, 4, 6, 9, 11, 18, 19], [1, 2, 3, 4, 5, 6, 12, 14], [2, 10, 11, 12, 16, 24, 25, 26], [0, 1, 5, 7, 8, 9, 10, 29], [1, 2, 3, 5, 7, 8, 10, 29], [6, 9, 18, 21, 22, 24, 29, 31], [1, 2, 4, 6, 10, 14, 15, 28], [4, 5, 6, 8, 9, 16, 18, 21], [1, 2, 5, 6, 7, 12, 23, 27], [1, 2, 3, 5, 8, 14, 15, 24], [4, 6, 8, 10, 24, 27, 28, 29], [0, 1, 3, 5, 11, 12, 17, 22], [0, 2, 4, 7, 11, 12, 13, 17], [1, 3, 5, 6, 8, 9, 19, 30], [5, 15, 19, 20, 21, 25, 28, 29], [0, 3, 4, 5, 12, 15, 16, 31], [0, 2, 4, 7, 9, 15, 20, 28], [0, 1, 2, 4, 22, 23, 24, 28], [1, 2, 4, 9, 10, 11, 20, 21], [0, 1, 3, 11, 12, 23, 30, 31], [1, 3, 11, 12, 19, 23, 28, 29], [0, 1, 2, 5, 7, 12, 18, 20], [3, 6, 7, 10, 11, 13, 20, 21], [1, 4, 5, 7, 10, 12, 13, 19], [3, 4, 5, 11, 12, 13, 25, 27], [4, 5, 6, 7, 9, 25, 27, 31], [1, 3, 6, 8, 11, 17, 21, 22], [0, 1, 2, 8, 12, 19, 25, 31], [0, 1, 2, 4, 7, 13, 23, 29], [0, 1, 5, 7, 8, 15, 23, 29], [4, 5, 7, 9, 12, 13, 14, 26], [0, 1, 3, 4, 7, 8, 9, 15], [2, 5, 8, 9, 13, 16, 25, 30], [0, 1, 4, 7, 10, 15, 23, 28], [0, 1, 4, 5, 13, 19, 25, 29], [0, 1, 7, 8, 9, 14, 21, 26], [0, 2, 4, 6, 7, 10, 16, 23], [1, 3, 5, 13, 14, 17, 18, 30], [0, 2, 3, 5, 6, 9, 26, 28], [0, 2, 4, 15, 16, 18, 24, 26], [2, 7, 13, 18, 19, 20, 22, 30]]",8,0.3947673439979553,128,learned,0.0,26368,4.0,124,0.4145057499408722,71,152 72 56 136,6591,0.7943148016929626,test,top_r_mean,0.0,0.0,0.0,0.625
0.05606657906263688,1.0,72,1.0,31,42.925799963995814,qasper,1.0,0.25,0.25,0.0,2002.04181:1329280df5ee9e902b2742bde4a97bc3e6573ff3,mean,0.4405320813771518,1.1265826225280762,"[[0], [0], [0], [3], [1], [7], [1], [3], [0], [4], [2], [4], [1], [1], [1], [2], [0], [0], [1], [0], [2], [2], [1], [13], [0], [3], [4], [13], [0], [1], [0], [6], [0], [0], [0], [3], [0], [0], [1], [6], [0], [0], [0], [0], [2], [1], [0], [1], [0], [1], [1], [2], [0], [1], [6], [1], [0], [1], [0], [2], [2], [0], [3], [0], [0], [2], [1], [4], [0], [4], [2], [2]]",1,1.0062552690505981,128,learned,0.5,1152,4.0,124,1.2012397050857544,11,40 0 56 64,2283,0.5997170209884644,test,top_r_mean,0.0,0.5,0.75,0.875
0.05606657906263688,1.0,72,1.0,31,44.170500012114644,qasper,1.0,0.25,0.25,0.0,2002.04181:1329280df5ee9e902b2742bde4a97bc3e6573ff3,mean,0.460093896713615,1.1217949390411377,"[[0], [0], [0], [3], [1], [1], [1], [3], [0], [1], [4], [4], [1], [1], [1], [2], [0], [0], [2], [0], [2], [2], [1], [9], [0], [3], [4], [8], [0], [1], [0], [5], [0], [0], [0], [3], [0], [0], [1], [6], [0], [0], [0], [1], [2], [1], [0], [1], [0], [2], [1], [2], [0], [0], [2], [1], [0], [1], [1], [2], [2], [0], [3], [0], [0], [2], [1], [4], [0], [4], [2], [1]]",1,1.0098940134048462,128,learned,0.5,1152,4.0,124,1.2106385231018066,23,40 0 56 64,2283,0.6222264766693115,test,top_r_mean,0.0,0.5,0.75,0.875
0.05606657906263688,1.0,72,1.0,31,45.820700004696846,qasper,1.0,0.25,0.25,0.0,2002.04181:1329280df5ee9e902b2742bde4a97bc3e6573ff3,mean,0.4303599374021909,1.1439223289489746,"[[0], [0], [0], [3], [1], [1], [1], [3], [0], [1], [2], [4], [1], [1], [1], [2], [0], [0], [1], [0], [1], [2], [1], [9], [0], [3], [4], [4], [0], [1], [0], [0], [0], [0], [0], [3], [0], [0], [1], [6], [0], [0], [0], [0], [2], [1], [0], [1], [0], [1], [1], [2], [0], [1], [2], [1], [0], [1], [0], [2], [2], [0], [3], [0], [0], [1], [1], [3], [0], [4], [2], [2]]",1,1.031625509262085,128,learned,0.5,1152,4.0,124,1.2245721817016602,37,40 0 56 64,2283,0.5947970747947693,test,top_r_mean,0.0,0.5,0.75,0.875
0.05606657906263688,1.0,72,1.0,31,45.49130005761981,qasper,1.0,0.25,0.25,0.0,2002.04181:1329280df5ee9e902b2742bde4a97bc3e6573ff3,mean,0.4514866979655712,1.1437994241714478,"[[0], [0], [0], [3], [1], [1], [1], [3], [0], [4], [4], [4], [1], [1], [1], [2], [0], [0], [1], [0], [1], [2], [1], [9], [0], [3], [4], [13], [0], [1], [0], [0], [0], [0], [0], [3], [0], [0], [1], [6], [0], [0], [0], [0], [2], [1], [0], [1], [0], [1], [1], [2], [0], [1], [2], [1], [0], [1], [0], [2], [1], [0], [3], [0], [0], [1], [1], [3], [0], [4], [2], [1]]",1,1.037974238395691,128,learned,0.5,1152,4.0,124,1.239713430404663,53,40 0 56 64,2283,0.6159559488296509,test,top_r_mean,0.0,0.5,0.75,0.875
0.05606657906263688,1.0,72,1.0,31,54.01859991252422,qasper,1.0,0.25,0.25,0.0,2002.04181:1329280df5ee9e902b2742bde4a97bc3e6573ff3,mean,0.5195618153364632,1.1151500940322876,"[[0], [0], [0], [3], [1], [1], [1], [3], [0], [4], [4], [4], [1], [1], [1], [2], [0], [0], [1], [0], [2], [2], [1], [9], [0], [3], [4], [4], [0], [1], [0], [0], [0], [0], [0], [3], [0], [0], [1], [6], [0], [0], [0], [0], [2], [2], [0], [1], [0], [2], [1], [2], [0], [1], [2], [1], [0], [1], [1], [2], [1], [0], [3], [0], [0], [2], [1], [3], [0], [4], [2], [1]]",1,1.0112133026123047,128,learned,0.5,1152,4.0,124,1.2196006774902344,71,40 0 56 64,2283,0.6949321031570435,test,top_r_mean,0.0,0.5,0.75,0.875
0.05606657906263688,1.0,72,1.0,31,42.30649978853762,qasper,1.0,0.25,0.25,0.0,2002.04181:1329280df5ee9e902b2742bde4a97bc3e6573ff3,mean,0.5312989045383412,0.20029374957084656,"[[0, 1], [0, 7], [0, 2], [3, 6], [1, 3], [7, 8], [1, 2], [3, 5], [0, 1], [4, 5], [2, 4], [4, 6], [1, 4], [1, 2], [1, 4], [2, 3], [0, 2], [0, 2], [1, 2], [0, 4], [2, 3], [2, 3], [1, 2], [13, 14], [0, 1], [3, 8], [4, 12], [13, 14], [0, 1], [1, 6], [0, 2], [6, 7], [0, 1], [0, 3], [0, 1], [3, 19], [0, 1], [0, 3], [1, 4], [6, 10], [0, 1], [0, 1], [0, 5], [0, 1], [2, 4], [1, 2], [0, 1], [1, 2], [0, 1], [1, 2], [1, 2], [2, 3], [0, 2], [1, 2], [6, 8], [1, 5], [0, 1], [1, 3], [0, 1], [2, 3], [2, 3], [0, 8], [3, 4], [0, 1], [0, 1], [2, 3], [1, 4], [4, 5], [0, 1], [4, 10], [2, 8], [2, 3]]",2,0.7640955448150635,128,learned,0.3333333333333333,2304,4.0,124,0.8179135918617249,11,40 56 0 32,2283,0.6983085870742798,test,top_r_mean,0.0,0.5,0.5,0.875
0.05606657906263688,1.0,72,1.0,31,42.77209984138608,qasper,1.0,0.25,0.25,0.0,2002.04181:1329280df5ee9e902b2742bde4a97bc3e6573ff3,mean,0.5242566510172144,0.2077098935842514,"[[0, 1], [0, 7], [0, 2], [3, 6], [1, 3], [1, 7], [1, 2], [3, 5], [0, 1], [1, 4], [4, 7], [4, 8], [1, 4], [1, 2], [1, 4], [2, 3], [0, 1], [0, 2], [2, 4], [0, 4], [2, 3], [2, 3], [1, 2], [9, 13], [0, 1], [3, 8], [4, 12], [8, 13], [0, 1], [1, 6], [0, 2], [5, 6], [0, 1], [0, 3], [0, 1], [3, 19], [0, 1], [0, 3], [1, 4], [6, 10], [0, 1], [0, 1], [0, 5], [1, 4], [2, 4], [1, 2], [0, 1], [1, 2], [0, 1], [2, 3], [1, 2], [2, 3], [0, 2], [0, 1], [2, 6], [1, 5], [0, 1], [1, 3], [1, 2], [2, 3], [2, 3], [0, 9], [3, 4], [0, 1], [0, 1], [2, 3], [1, 2], [4, 5], [0, 1], [4, 10], [2, 8], [1, 2]]",2,0.7757454514503479,128,learned,0.3333333333333333,2304,4.0,124,0.8373298048973083,23,40 56 0 16,2283,0.6903015971183777,test,top_r_mean,0.0,0.5,0.5,0.875
0.05606657906263688,1.0,72,1.0,31,47.526700189337134,qasper,1.0,0.25,0.25,0.0,2002.04181:1329280df5ee9e902b2742bde4a97bc3e6573ff3,mean,0.5078247261345853,0.21614114940166473,"[[0, 1], [0, 5], [0, 2], [3, 6], [1, 3], [1, 7], [1, 2], [3, 5], [0, 1], [1, 4], [2, 4], [4, 6], [1, 4], [1, 2], [1, 4], [2, 3], [0, 1], [0, 2], [1, 2], [0, 4], [1, 2], [2, 3], [1, 2], [9, 13], [0, 1], [3, 8], [4, 12], [4, 13], [0, 1], [1, 5], [0, 2], [0, 5], [0, 1], [0, 3], [0, 1], [3, 19], [0, 1], [0, 3], [1, 4], [6, 10], [0, 1], [0, 1], [0, 5], [0, 1], [2, 4], [1, 2], [0, 1], [1, 2], [0, 1], [1, 2], [1, 2], [2, 3], [0, 2], [1, 2], [2, 6], [1, 5], [0, 1], [1, 3], [0, 1], [2, 3], [2, 3], [0, 8], [3, 4], [0, 1], [0, 1], [1, 2], [1, 2], [3, 4], [0, 1], [4, 10], [2, 8], [2, 3]]",2,0.7976269721984863,128,learned,0.3333333333333333,2304,4.0,124,0.8585203289985657,37,40 56 0 16,2283,0.672294020652771,test,top_r_mean,0.0,0.5,0.5,0.875
0.05606657906263688,1.0,72,1.0,31,49.69929996877909,qasper,1.0,0.25,0.25,0.0,2002.04181:1329280df5ee9e902b2742bde4a97bc3e6573ff3,mean,0.5328638497652582,0.21670830249786377,"[[0, 1], [0, 5], [0, 2], [3, 6], [1, 3], [1, 7], [1, 2], [3, 5], [0, 1], [4, 5], [4, 7], [4, 6], [1, 4], [1, 2], [1, 4], [2, 3], [0, 1], [0, 2], [1, 2], [0, 4], [1, 2], [2, 3], [1, 2], [9, 13], [0, 1], [3, 8], [4, 12], [13, 14], [0, 1], [1, 6], [0, 2], [0, 5], [0, 1], [0, 3], [0, 1], [3, 19], [0, 1], [0, 3], [1, 4], [6, 10], [0, 1], [0, 1], [0, 5], [0, 1], [2, 4], [1, 2], [0, 1], [1, 2], [0, 1], [1, 2], [1, 2], [2, 3], [0, 2], [1, 2], [2, 6], [1, 5], [0, 1], [1, 3], [0, 1], [2, 3], [1, 2], [0, 8], [3, 4], [0, 1], [0, 1], [1, 2], [1, 2], [3, 4], [0, 1], [4, 10], [2, 8], [1, 2]]",2,0.8011226654052734,128,learned,0.3333333333333333,2304,4.0,124,0.8632447123527527,53,40 56 0 16,2283,0.6999807357788086,test,top_r_mean,0.0,0.5,0.5,0.875
0.05606657906263688,1.0,72,1.0,31,50.48119998537004,qasper,1.0,0.25,0.25,0.0,2002.04181:1329280df5ee9e902b2742bde4a97bc3e6573ff3,mean,0.5696400625978091,0.20270779728889465,"[[0, 1], [0, 3], [0, 2], [3, 6], [1, 3], [1, 7], [1, 2], [3, 5], [0, 1], [4, 5], [4, 7], [4, 6], [1, 4], [1, 2], [1, 4], [2, 3], [0, 2], [0, 2], [1, 2], [0, 4], [2, 3], [2, 3], [1, 2], [9, 13], [0, 1], [3, 8], [4, 12], [4, 13], [0, 1], [1, 6], [0, 2], [0, 6], [0, 1], [0, 3], [0, 1], [3, 19], [0, 1], [0, 3], [1, 4], [6, 10], [0, 1], [0, 1], [0, 5], [0, 1], [2, 4], [2, 4], [0, 1], [1, 2], [0, 1], [2, 3], [1, 2], [2, 3], [0, 2], [1, 2], [2, 6], [1, 5], [0, 1], [1, 3], [1, 2], [2, 3], [1, 2], [0, 8], [3, 4], [0, 1], [0, 1], [2, 3], [1, 4], [3, 4], [0, 1], [4, 10], [2, 8], [1, 2]]",2,0.7735866904258728,128,learned,0.3333333333333333,2304,4.0,124,0.8380142450332642,71,40 56 0 32,2283,0.7393079400062561,test,top_r_mean,0.0,0.5,0.5,0.875
0.05606657906263688,1.0,72,1.0,31,55.65860006026924,qasper,1.0,0.25,0.25,0.0,2002.04181:1329280df5ee9e902b2742bde4a97bc3e6573ff3,mean,0.5140845070422535,0.02487533539533615,"[[0, 1, 3, 6], [0, 7, 11, 14], [0, 2, 3, 4], [3, 6, 7, 9], [1, 3, 4, 6], [7, 8, 11, 13], [1, 2, 5, 6], [3, 5, 13, 16], [0, 1, 3, 4], [4, 5, 6, 11], [2, 4, 7, 12], [4, 6, 8, 10], [1, 4, 5, 14], [1, 2, 3, 5], [1, 4, 6, 9], [2, 3, 4, 6], [0, 2, 4, 6], [0, 2, 3, 6], [1, 2, 5, 10], [0, 4, 6, 11], [2, 3, 5, 7], [2, 3, 6, 7], [1, 2, 3, 4], [13, 14, 16, 25], [0, 1, 2, 4], [3, 8, 14, 16], [4, 12, 13, 17], [13, 14, 16, 17], [0, 1, 2, 7], [1, 6, 8, 9], [0, 2, 3, 6], [6, 7, 13, 20], [0, 1, 2, 3], [0, 3, 6, 9], [0, 1, 9, 15], [3, 19, 21, 26], [0, 1, 2, 3], [0, 3, 4, 5], [1, 4, 5, 7], [6, 10, 12, 13], [0, 1, 4, 8], [0, 1, 3, 4], [0, 5, 6, 7], [0, 1, 4, 8], [2, 4, 5, 8], [1, 2, 4, 9], [0, 1, 2, 3], [1, 2, 5, 13], [0, 1, 3, 4], [1, 2, 3, 7], [1, 2, 4, 6], [2, 3, 4, 5], [0, 2, 4, 6], [1, 2, 3, 14], [6, 8, 11, 12], [1, 5, 6, 9], [0, 1, 4, 6], [1, 3, 4, 5], [0, 1, 2, 12], [2, 3, 4, 5], [2, 3, 4, 5], [0, 8, 9, 10], [3, 4, 13, 14], [0, 1, 4, 9], [0, 1, 9, 10], [2, 3, 13, 20], [1, 4, 12, 13], [4, 5, 6, 7], [0, 1, 2, 3], [4, 10, 11, 22], [2, 8, 10, 13], [2, 3, 4, 5]]",4,0.806324303150177,128,learned,0.3333333333333333,4608,4.0,124,0.8343954682350159,11,64 8 0 24,2283,0.6946427226066589,test,top_r_mean,0.0,0.0,0.5,0.875
0.05606657906263688,1.0,72,1.0,31,57.9880999866873,qasper,1.0,0.25,0.25,0.0,2002.04181:1329280df5ee9e902b2742bde4a97bc3e6573ff3,mean,0.5406885758998435,0.02385774441063404,"[[0, 1, 3, 6], [0, 7, 11, 14], [0, 2, 3, 4], [3, 6, 7, 9], [1, 3, 4, 6], [1, 7, 8, 11], [1, 2, 5, 6], [3, 5, 13, 16], [0, 1, 3, 4], [1, 4, 5, 6], [4, 7, 9, 14], [4, 8, 10, 12], [1, 4, 5, 7], [1, 2, 3, 5], [1, 4, 6, 9], [2, 3, 4, 6], [0, 1, 2, 4], [0, 2, 3, 6], [2, 4, 5, 10], [0, 4, 6, 8], [2, 3, 5, 7], [2, 3, 6, 7], [1, 2, 3, 4], [9, 13, 14, 25], [0, 1, 2, 4], [3, 8, 14, 16], [4, 12, 13, 20], [8, 13, 14, 16], [0, 1, 2, 6], [1, 6, 8, 9], [0, 2, 3, 6], [5, 6, 7, 20], [0, 1, 2, 5], [0, 3, 6, 9], [0, 1, 13, 15], [3, 19, 21, 23], [0, 1, 2, 3], [0, 3, 4, 18], [1, 4, 5, 7], [6, 10, 12, 13], [0, 1, 4, 5], [0, 1, 3, 4], [0, 5, 7, 13], [1, 4, 8, 12], [2, 4, 5, 8], [1, 2, 4, 9], [0, 1, 2, 3], [1, 2, 5, 8], [0, 1, 4, 6], [2, 3, 7, 8], [1, 2, 4, 6], [2, 3, 4, 5], [0, 2, 4, 6], [0, 1, 2, 3], [2, 6, 8, 11], [1, 5, 6, 9], [0, 1, 4, 6], [1, 3, 5, 7], [1, 2, 11, 12], [2, 3, 4, 5], [2, 3, 4, 12], [0, 9, 10, 17], [3, 4, 13, 14], [0, 1, 4, 9], [0, 1, 9, 10], [2, 3, 9, 13], [1, 2, 4, 6], [4, 5, 6, 7], [0, 1, 2, 3], [4, 10, 11, 22], [2, 8, 10, 13], [1, 2, 3, 4]]",4,0.8133863806724548,128,learned,0.3333333333333333,4608,4.0,124,0.8414492011070251,23,64 8 0 24,2283,0.7132613062858582,test,top_r_mean,0.0,0.0,0.5,0.875
0.05606657906263688,1.0,72,1.0,31,51.07680009678006,qasper,1.0,0.25,0.25,0.0,2002.04181:1329280df5ee9e902b2742bde4a97bc3e6573ff3,mean,0.5320813771517997,0.027276329696178436,"[[0, 1, 3, 6], [0, 5, 7, 11], [0, 2, 3, 4], [3, 6, 7, 9], [1, 3, 4, 6], [1, 7, 8, 11], [1, 2, 5, 6], [3, 5, 13, 16], [0, 1, 3, 4], [1, 4, 5, 6], [2, 4, 7, 9], [4, 6, 8, 11], [1, 4, 5, 7], [1, 2, 3, 5], [1, 4, 6, 9], [2, 3, 4, 6], [0, 1, 2, 4], [0, 2, 3, 6], [1, 2, 5, 10], [0, 4, 6, 8], [1, 2, 3, 5], [2, 3, 6, 7], [1, 2, 3, 4], [9, 13, 14, 25], [0, 1, 2, 4], [3, 8, 11, 14], [4, 12, 13, 17], [4, 13, 14, 16], [0, 1, 2, 6], [1, 5, 6, 8], [0, 2, 3, 6], [0, 5, 6, 7], [0, 1, 2, 5], [0, 3, 6, 9], [0, 1, 9, 15], [3, 19, 21, 23], [0, 1, 2, 3], [0, 3, 4, 18], [1, 4, 5, 7], [6, 10, 12, 13], [0, 1, 4, 8], [0, 1, 3, 4], [0, 5, 6, 7], [0, 1, 4, 7], [2, 4, 5, 8], [1, 2, 4, 9], [0, 1, 2, 3], [1, 2, 5, 8], [0, 1, 3, 4], [1, 2, 3, 5], [1, 2, 4, 6], [2, 3, 4, 5], [0, 2, 4, 6], [1, 2, 3, 4], [2, 6, 8, 11], [1, 5, 6, 7], [0, 1, 4, 6], [1, 3, 4, 5], [0, 1, 2, 12], [2, 3, 4, 5], [2, 3, 4, 5], [0, 8, 9, 10], [3, 4, 7, 13], [0, 1, 2, 4], [0, 1, 9, 10], [1, 2, 3, 13], [1, 2, 4, 6], [3, 4, 5, 6], [0, 1, 2, 3], [4, 10, 11, 22], [2, 8, 10, 13], [2, 3, 4, 5]]",4,0.8218290209770203,128,learned,0.3333333333333333,4608,4.0,124,0.8528638482093811,37,64 8 0 24,2283,0.7077625393867493,test,top_r_mean,0.0,0.0,0.5,0.875
0.05606657906263688,1.0,72,1.0,31,59.26930019631982,qasper,1.0,0.25,0.25,0.0,2002.04181:1329280df5ee9e902b2742bde4a97bc3e6573ff3,mean,0.5414710485133021,0.02709350734949112,"[[0, 1, 3, 6], [0, 5, 7, 11], [0, 2, 3, 4], [3, 6, 7, 9], [1, 3, 4, 6], [1, 7, 8, 11], [1, 2, 5, 6], [3, 5, 13, 16], [0, 1, 3, 4], [4, 5, 6, 9], [4, 7, 9, 12], [4, 6, 8, 10], [1, 4, 5, 7], [1, 2, 3, 5], [1, 4, 6, 8], [2, 3, 4, 6], [0, 1, 2, 5], [0, 2, 3, 6], [1, 2, 5, 10], [0, 4, 6, 8], [1, 2, 3, 5], [2, 3, 6, 7], [1, 2, 3, 4], [9, 13, 14, 25], [0, 1, 2, 4], [3, 8, 14, 16], [4, 12, 13, 20], [13, 14, 16, 20], [0, 1, 2, 6], [1, 6, 8, 9], [0, 2, 3, 6], [0, 5, 6, 7], [0, 1, 2, 5], [0, 3, 6, 9], [0, 1, 9, 15], [3, 19, 21, 26], [0, 1, 2, 3], [0, 3, 4, 5], [1, 4, 5, 7], [6, 10, 12, 13], [0, 1, 4, 8], [0, 1, 3, 4], [0, 5, 6, 7], [0, 1, 4, 7], [2, 4, 5, 8], [1, 2, 4, 9], [0, 1, 2, 3], [1, 2, 5, 8], [0, 1, 3, 4], [1, 2, 3, 5], [1, 2, 4, 6], [2, 3, 4, 5], [0, 2, 4, 6], [1, 2, 3, 4], [2, 6, 8, 11], [1, 5, 6, 7], [0, 1, 4, 6], [1, 3, 4, 5], [0, 1, 2, 12], [2, 3, 4, 5], [1, 2, 3, 4], [0, 8, 9, 10], [3, 4, 7, 13], [0, 1, 2, 4], [0, 1, 9, 10], [1, 2, 3, 13], [1, 2, 4, 12], [3, 4, 5, 6], [0, 1, 2, 3], [4, 10, 11, 22], [2, 8, 10, 13], [1, 2, 3, 4]]",4,0.8239630460739136,128,learned,0.3333333333333333,4608,4.0,124,0.8539469242095947,53,64 8 0 24,2283,0.7130683660507202,test,top_r_mean,0.0,0.0,0.5,0.875
0.05606657906263688,1.0,72,1.0,31,65.64090005122125,qasper,1.0,0.25,0.25,0.0,2002.04181:1329280df5ee9e902b2742bde4a97bc3e6573ff3,mean,0.554773082942097,0.023376286029815674,"[[0, 1, 3, 6], [0, 3, 5, 11], [0, 2, 3, 4], [3, 6, 7, 9], [1, 3, 4, 6], [1, 7, 11, 13], [1, 2, 5, 16], [3, 5, 13, 16], [0, 1, 3, 4], [4, 5, 6, 14], [4, 7, 9, 12], [4, 6, 8, 10], [1, 4, 5, 13], [1, 2, 3, 5], [1, 4, 6, 9], [2, 3, 4, 6], [0, 2, 5, 6], [0, 2, 3, 6], [1, 2, 5, 10], [0, 4, 6, 11], [2, 3, 5, 7], [2, 3, 6, 7], [1, 2, 3, 4], [9, 13, 14, 16], [0, 1, 2, 4], [3, 8, 14, 16], [4, 12, 13, 20], [4, 13, 14, 16], [0, 1, 2, 7], [1, 6, 8, 11], [0, 2, 3, 6], [0, 6, 7, 20], [0, 1, 2, 6], [0, 3, 6, 9], [0, 1, 9, 15], [3, 19, 21, 26], [0, 1, 2, 3], [0, 3, 4, 5], [1, 4, 5, 7], [6, 10, 12, 13], [0, 1, 4, 8], [0, 1, 3, 4], [0, 5, 7, 13], [0, 1, 4, 7], [2, 4, 5, 8], [2, 4, 9, 13], [0, 1, 2, 3], [1, 2, 5, 8], [0, 1, 3, 4], [2, 3, 5, 7], [1, 2, 4, 6], [2, 3, 4, 5], [0, 2, 4, 6], [1, 2, 3, 14], [2, 6, 8, 12], [1, 5, 6, 9], [0, 1, 4, 8], [1, 3, 4, 5], [1, 2, 11, 12], [2, 3, 4, 5], [1, 2, 3, 4], [0, 8, 9, 10], [3, 4, 7, 13], [0, 1, 4, 9], [0, 1, 9, 10], [2, 3, 13, 20], [1, 4, 12, 13], [3, 4, 5, 6], [0, 1, 2, 3], [4, 10, 11, 22], [2, 8, 10, 13], [1, 2, 3, 4]]",4,0.7997841238975525,128,learned,0.3333333333333333,4608,4.0,124,0.8264787793159485,71,64 8 0 24,2283,0.7231654524803162,test,top_r_mean,0.0,0.0,0.5,0.875
0.05606657906263688,1.0,72,1.0,31,55.67379994317889,qasper,1.0,0.25,0.25,0.0,2002.04181:1329280df5ee9e902b2742bde4a97bc3e6573ff3,mean,0.7057902973395931,0.006108125671744347,"[[0, 1, 3, 6, 12, 13, 20, 25], [0, 7, 11, 14, 15, 16, 20, 21], [0, 2, 3, 4, 5, 12, 22, 25], [3, 6, 7, 9, 12, 18, 27, 31], [1, 3, 4, 6, 7, 13, 24, 31], [7, 8, 11, 13, 14, 17, 18, 28], [1, 2, 5, 6, 20, 23, 25, 26], [3, 5, 13, 16, 17, 20, 24, 27], [0, 1, 3, 4, 5, 10, 17, 20], [4, 5, 6, 11, 14, 15, 17, 25], [2, 4, 7, 12, 14, 18, 21, 30], [4, 6, 8, 10, 13, 19, 20, 21], [1, 4, 5, 14, 16, 17, 21, 27], [1, 2, 3, 5, 8, 10, 14, 21], [1, 4, 6, 9, 10, 15, 16, 23], [2, 3, 4, 6, 9, 10, 13, 31], [0, 2, 4, 6, 9, 12, 13, 15], [0, 2, 3, 6, 7, 8, 23, 24], [1, 2, 5, 10, 15, 26, 28, 31], [0, 4, 6, 11, 15, 28, 30, 31], [2, 3, 5, 7, 8, 10, 19, 22], [2, 3, 6, 7, 8, 10, 21, 31], [1, 2, 3, 4, 9, 11, 12, 15], [13, 14, 16, 25, 26, 27, 28, 30], [0, 1, 2, 4, 5, 11, 20, 22], [3, 8, 14, 16, 19, 22, 30, 31], [4, 12, 13, 17, 20, 22, 23, 26], [13, 14, 16, 17, 20, 21, 26, 29], [0, 1, 2, 7, 12, 15, 20, 31], [1, 6, 8, 9, 11, 14, 16, 28], [0, 2, 3, 6, 9, 24, 25, 26], [6, 7, 13, 20, 23, 27, 29, 31], [0, 1, 2, 3, 6, 7, 8, 11], [0, 3, 6, 9, 17, 18, 29, 30], [0, 1, 9, 15, 17, 24, 27, 29], [3, 19, 21, 26, 27, 28, 29, 30], [0, 1, 2, 3, 6, 7, 17, 31], [0, 3, 4, 5, 7, 18, 19, 25], [1, 4, 5, 7, 12, 13, 17, 20], [6, 10, 12, 13, 16, 26, 27, 28], [0, 1, 4, 8, 11, 14, 18, 25], [0, 1, 3, 4, 7, 10, 11, 15], [0, 5, 6, 7, 13, 16, 22, 26], [0, 1, 4, 8, 12, 15, 17, 18], [2, 4, 5, 8, 9, 18, 23, 30], [1, 2, 4, 9, 13, 18, 22, 30], [0, 1, 2, 3, 10, 11, 24, 31], [1, 2, 5, 13, 14, 19, 23, 31], [0, 1, 3, 4, 6, 15, 16, 18], [1, 2, 3, 7, 8, 9, 10, 11], [1, 2, 4, 6, 11, 20, 27, 29], [2, 3, 4, 5, 8, 11, 17, 25], [0, 2, 4, 6, 9, 10, 22, 23], [1, 2, 3, 14, 15, 19, 22, 26], [6, 8, 11, 12, 14, 29, 30, 31], [1, 5, 6, 9, 10, 13, 14, 29], [0, 1, 4, 6, 8, 9, 15, 31], [1, 3, 4, 5, 8, 11, 20, 21], [0, 1, 2, 12, 13, 18, 19, 26], [2, 3, 4, 5, 11, 16, 17, 27], [2, 3, 4, 5, 12, 18, 19, 20], [0, 8, 9, 10, 17, 19, 25, 26], [3, 4, 13, 14, 18, 19, 21, 28], [0, 1, 4, 9, 26, 28, 29, 31], [0, 1, 9, 10, 11, 16, 24, 27], [2, 3, 13, 20, 23, 26, 28, 29], [1, 4, 12, 13, 16, 21, 23, 24], [4, 5, 6, 7, 8, 18, 22, 28], [0, 1, 2, 3, 12, 21, 22, 23], [4, 10, 11, 22, 24, 26, 29, 31], [2, 8, 10, 13, 20, 25, 28, 30], [2, 3, 4, 5, 6, 8, 9, 10]]",8,0.33515775203704834,128,learned,0.3333333333333333,9216,4.0,124,0.3531920909881592,11,48 64 0 24,2283,0.8778699636459351,test,top_r_mean,0.0,0.0,0.75,1.0
0.05606657906263688,1.0,72,1.0,31,56.36429996229708,qasper,1.0,0.25,0.25,0.0,2002.04181:1329280df5ee9e902b2742bde4a97bc3e6573ff3,mean,0.7003129890453834,0.005624372512102127,"[[0, 1, 3, 6, 12, 13, 20, 25], [0, 7, 11, 14, 15, 16, 20, 21], [0, 2, 3, 4, 5, 12, 22, 25], [3, 6, 7, 9, 12, 18, 27, 31], [1, 3, 4, 6, 7, 13, 24, 31], [1, 7, 8, 11, 14, 17, 18, 28], [1, 2, 5, 6, 20, 23, 25, 31], [3, 5, 13, 16, 17, 20, 24, 27], [0, 1, 3, 4, 5, 10, 18, 26], [1, 4, 5, 6, 9, 14, 15, 25], [4, 7, 9, 14, 17, 18, 21, 30], [4, 8, 10, 12, 13, 19, 20, 21], [1, 4, 5, 7, 14, 16, 17, 20], [1, 2, 3, 5, 8, 10, 14, 21], [1, 4, 6, 9, 10, 15, 16, 23], [2, 3, 4, 6, 9, 10, 13, 27], [0, 1, 2, 4, 5, 6, 9, 13], [0, 2, 3, 6, 7, 11, 23, 24], [2, 4, 5, 10, 15, 26, 28, 31], [0, 4, 6, 8, 11, 15, 30, 31], [2, 3, 5, 7, 8, 10, 19, 22], [2, 3, 6, 7, 8, 10, 21, 31], [1, 2, 3, 4, 11, 12, 15, 26], [9, 13, 14, 25, 26, 28, 30, 31], [0, 1, 2, 4, 5, 10, 11, 22], [3, 8, 14, 16, 19, 22, 25, 31], [4, 12, 13, 20, 22, 23, 26, 31], [8, 13, 14, 16, 21, 26, 28, 29], [0, 1, 2, 6, 7, 12, 15, 31], [1, 6, 8, 9, 11, 14, 16, 24], [0, 2, 3, 6, 9, 24, 25, 26], [5, 6, 7, 20, 23, 24, 27, 31], [0, 1, 2, 5, 6, 7, 8, 11], [0, 3, 6, 9, 17, 18, 29, 30], [0, 1, 13, 15, 17, 24, 27, 29], [3, 19, 21, 23, 26, 27, 28, 30], [0, 1, 2, 3, 6, 7, 13, 17], [0, 3, 4, 18, 19, 24, 25, 31], [1, 4, 5, 7, 12, 13, 17, 20], [6, 10, 12, 13, 16, 26, 27, 28], [0, 1, 4, 5, 8, 11, 14, 18], [0, 1, 3, 4, 7, 11, 15, 17], [0, 5, 7, 13, 16, 18, 22, 26], [1, 4, 8, 12, 13, 15, 17, 18], [2, 4, 5, 8, 9, 18, 23, 30], [1, 2, 4, 9, 13, 18, 22, 30], [0, 1, 2, 3, 10, 11, 24, 31], [1, 2, 5, 8, 10, 13, 14, 23], [0, 1, 4, 6, 15, 16, 18, 22], [2, 3, 7, 8, 9, 10, 22, 30], [1, 2, 4, 6, 11, 20, 27, 29], [2, 3, 4, 5, 8, 11, 17, 25], [0, 2, 4, 6, 10, 12, 22, 23], [0, 1, 2, 3, 14, 15, 19, 26], [2, 6, 8, 11, 12, 29, 30, 31], [1, 5, 6, 9, 10, 13, 14, 29], [0, 1, 4, 6, 8, 9, 15, 31], [1, 3, 5, 7, 8, 11, 12, 20], [1, 2, 11, 12, 13, 18, 19, 26], [2, 3, 4, 5, 11, 16, 17, 27], [2, 3, 4, 12, 18, 19, 20, 31], [0, 9, 10, 17, 19, 25, 26, 27], [3, 4, 13, 14, 18, 19, 21, 28], [0, 1, 4, 9, 26, 28, 29, 31], [0, 1, 9, 10, 11, 12, 16, 20], [2, 3, 9, 13, 20, 23, 26, 28], [1, 2, 4, 6, 12, 13, 16, 23], [4, 5, 6, 7, 8, 18, 22, 28], [0, 1, 2, 3, 12, 21, 22, 23], [4, 10, 11, 22, 24, 26, 29, 31], [2, 8, 10, 13, 20, 25, 28, 30], [1, 2, 3, 4, 5, 6, 8, 9]]",8,0.34219953417778015,128,learned,0.3333333333333333,9216,4.0,124,0.35916009545326233,23,64 48 0 8,2283,0.8782236576080322,test,top_r_mean,0.0,0.0,0.75,1.0
0.05606657906263688,1.0,72,1.0,31,50.80710002221167,qasper,1.0,0.25,0.25,0.0,2002.04181:1329280df5ee9e902b2742bde4a97bc3e6573ff3,mean,0.7175273865414711,0.005890352185815573,"[[0, 1, 3, 6, 9, 12, 13, 25], [0, 5, 7, 11, 14, 16, 20, 21], [0, 2, 3, 4, 5, 12, 22, 25], [3, 6, 7, 9, 12, 18, 27, 31], [1, 3, 4, 6, 7, 13, 24, 31], [1, 7, 8, 11, 13, 14, 18, 28], [1, 2, 5, 6, 20, 23, 25, 31], [3, 5, 13, 16, 17, 20, 24, 27], [0, 1, 3, 4, 5, 10, 16, 20], [1, 4, 5, 6, 9, 14, 15, 25], [2, 4, 7, 9, 14, 18, 21, 30], [4, 6, 8, 11, 13, 19, 20, 21], [1, 4, 5, 7, 14, 16, 17, 21], [1, 2, 3, 5, 8, 10, 14, 21], [1, 4, 6, 9, 10, 15, 16, 23], [2, 3, 4, 6, 9, 10, 13, 31], [0, 1, 2, 4, 6, 9, 13, 15], [0, 2, 3, 6, 7, 11, 23, 24], [1, 2, 5, 10, 15, 26, 28, 31], [0, 4, 6, 8, 11, 15, 30, 31], [1, 2, 3, 5, 7, 8, 10, 22], [2, 3, 6, 7, 8, 10, 21, 31], [1, 2, 3, 4, 9, 11, 12, 15], [9, 13, 14, 25, 26, 27, 28, 30], [0, 1, 2, 4, 5, 6, 11, 22], [3, 8, 11, 14, 16, 19, 22, 31], [4, 12, 13, 17, 20, 22, 23, 26], [4, 13, 14, 16, 20, 21, 26, 29], [0, 1, 2, 6, 7, 12, 15, 31], [1, 5, 6, 8, 9, 11, 14, 16], [0, 2, 3, 6, 9, 24, 25, 26], [0, 5, 6, 7, 20, 27, 29, 31], [0, 1, 2, 5, 6, 7, 8, 11], [0, 3, 6, 9, 17, 18, 29, 30], [0, 1, 9, 15, 17, 24, 27, 29], [3, 19, 21, 23, 26, 27, 28, 29], [0, 1, 2, 3, 6, 7, 13, 17], [0, 3, 4, 18, 19, 24, 25, 31], [1, 4, 5, 7, 12, 13, 17, 20], [6, 10, 12, 13, 16, 26, 27, 28], [0, 1, 4, 8, 11, 14, 18, 25], [0, 1, 3, 4, 7, 10, 11, 15], [0, 5, 6, 7, 13, 16, 22, 26], [0, 1, 4, 7, 8, 12, 15, 17], [2, 4, 5, 8, 9, 18, 23, 30], [1, 2, 4, 9, 13, 18, 22, 30], [0, 1, 2, 3, 10, 11, 24, 31], [1, 2, 5, 8, 13, 14, 23, 31], [0, 1, 3, 4, 6, 15, 16, 22], [1, 2, 3, 5, 7, 8, 9, 10], [1, 2, 4, 6, 11, 19, 20, 29], [2, 3, 4, 5, 8, 11, 17, 25], [0, 2, 4, 6, 9, 10, 22, 23], [1, 2, 3, 4, 14, 15, 19, 26], [2, 6, 8, 11, 12, 29, 30, 31], [1, 5, 6, 7, 9, 10, 13, 14], [0, 1, 4, 6, 8, 9, 15, 31], [1, 3, 4, 5, 7, 8, 11, 20], [0, 1, 2, 12, 13, 18, 19, 26], [2, 3, 4, 5, 11, 16, 17, 27], [2, 3, 4, 5, 12, 18, 19, 20], [0, 8, 9, 10, 17, 19, 25, 26], [3, 4, 7, 13, 14, 18, 21, 28], [0, 1, 2, 4, 9, 26, 28, 29], [0, 1, 9, 10, 11, 16, 20, 27], [1, 2, 3, 13, 20, 23, 26, 28], [1, 2, 4, 6, 12, 13, 21, 23], [3, 4, 5, 6, 7, 18, 22, 28], [0, 1, 2, 3, 12, 21, 22, 23], [4, 10, 11, 22, 24, 26, 29, 31], [2, 8, 10, 13, 20, 25, 28, 30], [2, 3, 4, 5, 6, 8, 9, 10]]",8,0.3345932960510254,128,learned,0.25,9216,4.0,124,0.3529970943927765,37,64 48 8 0,2283,0.8915686011314392,test,top_r_mean,0.0,0.0,0.75,1.0
0.05606657906263688,1.0,72,1.0,31,47.19060007482767,qasper,1.0,0.25,0.25,0.0,2002.04181:1329280df5ee9e902b2742bde4a97bc3e6573ff3,mean,0.7128325508607198,0.005927268415689468,"[[0, 1, 3, 6, 12, 13, 20, 25], [0, 5, 7, 11, 14, 16, 20, 21], [0, 2, 3, 4, 5, 12, 22, 25], [3, 6, 7, 9, 12, 18, 27, 31], [1, 3, 4, 6, 7, 13, 24, 31], [1, 7, 8, 11, 13, 14, 18, 28], [1, 2, 5, 6, 9, 20, 23, 25], [3, 5, 13, 16, 17, 20, 24, 27], [0, 1, 3, 4, 5, 10, 17, 20], [4, 5, 6, 9, 14, 15, 25, 26], [4, 7, 9, 12, 14, 18, 21, 30], [4, 6, 8, 10, 13, 19, 20, 21], [1, 4, 5, 7, 14, 16, 17, 21], [1, 2, 3, 5, 8, 10, 14, 21], [1, 4, 6, 8, 9, 10, 16, 23], [2, 3, 4, 6, 9, 10, 13, 31], [0, 1, 2, 5, 6, 9, 13, 15], [0, 2, 3, 6, 7, 8, 23, 24], [1, 2, 5, 10, 15, 26, 28, 31], [0, 4, 6, 8, 11, 15, 30, 31], [1, 2, 3, 5, 7, 8, 10, 22], [2, 3, 6, 7, 8, 10, 21, 31], [1, 2, 3, 4, 9, 11, 12, 15], [9, 13, 14, 25, 26, 27, 28, 30], [0, 1, 2, 4, 5, 6, 11, 22], [3, 8, 14, 16, 19, 22, 30, 31], [4, 12, 13, 20, 22, 23, 26, 31], [13, 14, 16, 20, 21, 26, 28, 29], [0, 1, 2, 6, 7, 12, 15, 31], [1, 6, 8, 9, 11, 14, 16, 28], [0, 2, 3, 6, 9, 24, 25, 26], [0, 5, 6, 7, 20, 23, 29, 31], [0, 1, 2, 5, 6, 7, 8, 11], [0, 3, 6, 9, 17, 18, 29, 30], [0, 1, 9, 15, 17, 24, 27, 29], [3, 19, 21, 26, 27, 28, 29, 30], [0, 1, 2, 3, 6, 7, 13, 17], [0, 3, 4, 5, 18, 19, 24, 25], [1, 4, 5, 7, 12, 13, 17, 20], [6, 10, 12, 13, 16, 26, 27, 28], [0, 1, 4, 8, 11, 14, 18, 25], [0, 1, 3, 4, 7, 10, 11, 15], [0, 5, 6, 7, 13, 16, 22, 26], [0, 1, 4, 7, 8, 12, 15, 17], [2, 4, 5, 8, 9, 18, 23, 30], [1, 2, 4, 9, 13, 18, 22, 30], [0, 1, 2, 3, 10, 11, 24, 31], [1, 2, 5, 8, 13, 14, 23, 31], [0, 1, 3, 4, 6, 15, 16, 18], [1, 2, 3, 5, 7, 8, 9, 10], [1, 2, 4, 6, 11, 19, 20, 29], [2, 3, 4, 5, 8, 11, 17, 25], [0, 2, 4, 6, 9, 10, 22, 23], [1, 2, 3, 4, 14, 15, 19, 22], [2, 6, 8, 11, 12, 29, 30, 31], [1, 5, 6, 7, 9, 10, 13, 14], [0, 1, 4, 6, 8, 9, 15, 31], [1, 3, 4, 5, 7, 8, 11, 20], [0, 1, 2, 12, 13, 18, 19, 26], [2, 3, 4, 5, 11, 16, 17, 27], [1, 2, 3, 4, 12, 18, 19, 20], [0, 8, 9, 10, 17, 19, 25, 26], [3, 4, 7, 13, 14, 19, 21, 28], [0, 1, 2, 4, 9, 26, 29, 31], [0, 1, 9, 10, 11, 12, 16, 27], [1, 2, 3, 13, 20, 23, 26, 28], [1, 2, 4, 12, 13, 21, 23, 24], [3, 4, 5, 6, 7, 18, 22, 28], [0, 1, 2, 3, 12, 21, 22, 23], [4, 10, 11, 22, 24, 26, 29, 31], [2, 8, 10, 13, 20, 25, 28, 30], [1, 2, 3, 4, 5, 6, 8, 9]]",8,0.3377589285373688,128,learned,0.3333333333333333,9216,4.0,124,0.3554184138774872,53,64 48 0 8,2283,0.8784809708595276,test,top_r_mean,0.0,0.0,0.75,1.0
0.05606657906263688,1.0,72,1.0,31,56.46000010892749,qasper,1.0,0.25,0.25,0.0,2002.04181:1329280df5ee9e902b2742bde4a97bc3e6573ff3,mean,0.7496087636932708,0.004276732448488474,"[[0, 1, 3, 6, 12, 13, 20, 25], [0, 3, 5, 11, 14, 16, 20, 21], [0, 2, 3, 4, 5, 12, 22, 25], [3, 6, 7, 9, 12, 18, 27, 31], [1, 3, 4, 6, 7, 13, 24, 31], [1, 7, 11, 13, 14, 17, 18, 28], [1, 2, 5, 16, 20, 23, 25, 31], [3, 5, 13, 16, 17, 20, 24, 27], [0, 1, 3, 4, 5, 10, 18, 20], [4, 5, 6, 14, 15, 24, 25, 26], [4, 7, 9, 12, 14, 18, 21, 30], [4, 6, 8, 10, 13, 19, 20, 21], [1, 4, 5, 13, 14, 16, 17, 20], [1, 2, 3, 5, 8, 10, 14, 21], [1, 4, 6, 9, 10, 15, 16, 23], [2, 3, 4, 6, 9, 10, 27, 31], [0, 2, 5, 6, 9, 12, 13, 15], [0, 2, 3, 6, 7, 8, 23, 24], [1, 2, 5, 10, 15, 26, 28, 31], [0, 4, 6, 11, 15, 28, 30, 31], [2, 3, 5, 7, 8, 10, 19, 22], [2, 3, 6, 7, 8, 10, 21, 31], [1, 2, 3, 4, 9, 11, 12, 15], [9, 13, 14, 16, 25, 26, 28, 30], [0, 1, 2, 4, 5, 6, 11, 22], [3, 8, 14, 16, 19, 22, 25, 31], [4, 12, 13, 20, 22, 23, 26, 31], [4, 13, 14, 16, 20, 21, 26, 29], [0, 1, 2, 7, 12, 15, 20, 31], [1, 6, 8, 11, 14, 16, 24, 28], [0, 2, 3, 6, 9, 24, 25, 26], [0, 6, 7, 20, 23, 27, 29, 31], [0, 1, 2, 6, 7, 8, 11, 15], [0, 3, 6, 9, 17, 18, 29, 30], [0, 1, 9, 15, 17, 24, 27, 29], [3, 19, 21, 26, 27, 28, 29, 30], [0, 1, 2, 3, 6, 7, 13, 17], [0, 3, 4, 5, 18, 19, 25, 31], [1, 4, 5, 7, 12, 13, 17, 20], [6, 10, 12, 13, 16, 26, 27, 28], [0, 1, 4, 8, 10, 11, 14, 18], [0, 1, 3, 4, 7, 10, 15, 17], [0, 5, 7, 13, 16, 18, 22, 26], [0, 1, 4, 7, 8, 12, 15, 17], [2, 4, 5, 8, 9, 18, 23, 30], [2, 4, 9, 13, 18, 21, 22, 30], [0, 1, 2, 3, 10, 11, 24, 31], [1, 2, 5, 8, 13, 14, 23, 31], [0, 1, 3, 4, 6, 15, 16, 18], [2, 3, 5, 7, 8, 9, 10, 22], [1, 2, 4, 6, 11, 20, 27, 29], [2, 3, 4, 5, 8, 11, 17, 25], [0, 2, 4, 6, 9, 10, 22, 23], [1, 2, 3, 14, 15, 19, 22, 26], [2, 6, 8, 12, 14, 29, 30, 31], [1, 5, 6, 9, 10, 13, 14, 29], [0, 1, 4, 8, 12, 15, 17, 31], [1, 3, 4, 5, 7, 8, 11, 20], [1, 2, 11, 12, 13, 18, 19, 26], [2, 3, 4, 5, 11, 16, 17, 27], [1, 2, 3, 4, 12, 18, 19, 20], [0, 8, 9, 10, 17, 19, 25, 26], [3, 4, 7, 13, 14, 19, 21, 28], [0, 1, 4, 9, 26, 28, 29, 31], [0, 1, 9, 10, 11, 16, 20, 27], [2, 3, 13, 20, 23, 26, 28, 29], [1, 4, 12, 13, 16, 21, 23, 24], [3, 4, 5, 6, 7, 18, 22, 28], [0, 1, 2, 3, 12, 21, 22, 23], [4, 10, 11, 22, 24, 26, 29, 31], [2, 8, 10, 13, 20, 25, 28, 30], [1, 2, 3, 4, 5, 6, 8, 9]]",8,0.33176735043525696,128,learned,0.3333333333333333,9216,4.0,124,0.3446446359157562,71,64 48 0 8,2283,0.9097691774368286,test,top_r_mean,0.0,0.0,0.75,0.875
0.05901337021668972,0.0,68,0.0,31,56.28230003640056,qasper,0.6666666666666666,0.0,0.0,0.0,1703.04001:4e1a67f8dc68b55a5ce18e6cd385ae9ab90d891f,mean,0.41589811155028544,1.1604359149932861,"[[0], [0], [2], [1], [1], [0], [4], [6], [0], [3], [3], [0], [1], [1], [0], [0], [0], [0], [2], [1], [0], [1], [10], [1], [0], [0], [0], [2], [2], [0], [1], [0], [0], [2], [2], [2], [1], [2], [2], [2], [0], [1], [7], [2], [1], [3], [3], [3], [0], [1], [0], [1], [0], [0], [2], [0], [0], [0], [4], [0], [5], [1], [5], [0], [0], [0], [0], [0]]",1,1.0411715507507324,128,learned,0.0,1088,4.0,124,1.220991849899292,11,16 24 8 48,2169,0.5745696425437927,test,top_r_mean,0.0,0.5,0.5,0.875
0.05901337021668972,0.0,68,0.0,31,52.474900148808956,qasper,0.6666666666666666,0.0,0.0,0.0,1703.04001:4e1a67f8dc68b55a5ce18e6cd385ae9ab90d891f,mean,0.41589811155028544,1.2059051990509033,"[[0], [0], [2], [1], [1], [0], [4], [2], [0], [3], [3], [0], [1], [1], [0], [0], [0], [0], [0], [1], [0], [1], [5], [1], [0], [0], [0], [2], [2], [0], [1], [0], [0], [2], [2], [2], [1], [2], [2], [2], [0], [1], [7], [2], [1], [3], [3], [3], [0], [0], [0], [1], [0], [0], [2], [0], [0], [0], [6], [0], [1], [1], [5], [0], [0], [0], [0], [0]]",1,1.108775019645691,128,learned,0.0,1088,4.0,124,1.2787117958068848,23,16 24 8 48,2169,0.5738443732261658,test,top_r_mean,0.0,0.5,0.5,0.875
0.05901337021668972,0.0,68,0.0,31,52.42060008458793,qasper,0.6666666666666666,0.0,0.0,0.0,1703.04001:4e1a67f8dc68b55a5ce18e6cd385ae9ab90d891f,mean,0.4062362758014932,1.220688819885254,"[[0], [0], [2], [1], [1], [0], [4], [2], [0], [3], [1], [0], [1], [1], [0], [0], [0], [0], [0], [1], [0], [1], [5], [1], [0], [0], [0], [2], [1], [0], [1], [0], [0], [2], [2], [2], [1], [2], [2], [2], [0], [1], [7], [2], [1], [3], [3], [3], [0], [0], [0], [1], [0], [0], [2], [0], [0], [0], [4], [0], [1], [1], [5], [0], [0], [0], [0], [0]]",1,1.1295453310012817,128,learned,0.0,1088,4.0,124,1.2926132678985596,37,16 24 8 48,2169,0.5664770603179932,test,top_r_mean,0.0,0.5,0.5,0.875
0.05901337021668972,0.0,68,0.0,31,46.47649987600744,qasper,0.6666666666666666,0.0,0.0,0.0,1703.04001:4e1a67f8dc68b55a5ce18e6cd385ae9ab90d891f,mean,0.42731664470794906,1.2060692310333252,"[[0], [0], [2], [1], [1], [0], [4], [2], [0], [3], [3], [0], [1], [1], [0], [0], [0], [0], [0], [1], [0], [1], [5], [1], [0], [0], [0], [2], [1], [0], [1], [0], [0], [2], [2], [2], [1], [2], [2], [2], [0], [1], [4], [2], [1], [3], [3], [3], [0], [0], [0], [1], [0], [0], [2], [0], [0], [0], [4], [0], [1], [1], [5], [0], [0], [0], [0], [0]]",1,1.1103764772415161,128,learned,0.0,1088,4.0,124,1.2767597436904907,53,16 24 8 48,2169,0.591403603553772,test,top_r_mean,0.0,0.5,0.5,0.875
0.05901337021668972,0.0,68,0.0,31,43.47929987125099,qasper,0.6666666666666666,0.0,0.0,0.0,1703.04001:4e1a67f8dc68b55a5ce18e6cd385ae9ab90d891f,mean,0.3921826965305226,1.1692249774932861,"[[0], [0], [2], [1], [1], [0], [4], [2], [0], [3], [3], [0], [1], [1], [0], [0], [0], [0], [2], [1], [0], [1], [10], [1], [0], [0], [0], [2], [2], [0], [1], [0], [0], [2], [2], [2], [1], [2], [2], [2], [0], [1], [7], [2], [1], [3], [3], [3], [0], [0], [0], [1], [0], [0], [2], [0], [0], [0], [7], [0], [5], [1], [5], [0], [0], [0], [0], [0]]",1,1.0516260862350464,128,learned,0.0,1088,4.0,124,1.2279298305511475,71,16 24 8 48,2169,0.5457113981246948,test,top_r_mean,0.0,0.5,0.5,0.875
0.05901337021668972,1.0,68,1.0,31,44.31189992465079,qasper,0.6666666666666666,0.25,0.16666666666666666,0.0,1703.04001:4e1a67f8dc68b55a5ce18e6cd385ae9ab90d891f,mean,0.4978050921861282,0.23040010035037994,"[[0, 1], [0, 1], [2, 3], [1, 2], [1, 2], [0, 2], [4, 5], [6, 7], [0, 1], [3, 4], [3, 4], [0, 1], [1, 2], [1, 2], [0, 1], [0, 1], [0, 1], [0, 1], [2, 3], [1, 8], [0, 1], [1, 2], [10, 13], [1, 2], [0, 1], [0, 1], [0, 3], [2, 5], [2, 5], [0, 2], [1, 2], [0, 2], [0, 1], [2, 4], [2, 3], [2, 3], [1, 2], [2, 3], [2, 4], [2, 3], [0, 1], [1, 3], [7, 13], [2, 3], [1, 2], [3, 6], [3, 5], [3, 4], [0, 1], [1, 5], [0, 1], [1, 2], [0, 2], [0, 2], [2, 3], [0, 2], [0, 1], [0, 2], [4, 7], [0, 2], [5, 6], [1, 3], [5, 6], [0, 2], [0, 1], [0, 1], [0, 1], [0, 5]]",2,0.7851400375366211,128,learned,1.0,2176,4.0,124,0.8402943015098572,11,0 24 16 48,2169,0.6734740734100342,test,top_r_mean,0.0,0.5,0.5,0.875
0.05901337021668972,1.0,68,1.0,31,52.48249997384846,qasper,0.6666666666666666,0.25,0.16666666666666666,0.0,1703.04001:4e1a67f8dc68b55a5ce18e6cd385ae9ab90d891f,mean,0.5162423178226514,0.23496918380260468,"[[0, 1], [0, 1], [2, 3], [1, 2], [1, 2], [0, 2], [4, 5], [2, 6], [0, 1], [3, 4], [3, 4], [0, 1], [1, 2], [1, 2], [0, 1], [0, 1], [0, 1], [0, 1], [0, 2], [1, 5], [0, 1], [1, 2], [5, 10], [1, 2], [0, 1], [0, 1], [0, 3], [2, 5], [2, 5], [0, 2], [1, 2], [0, 2], [0, 1], [2, 4], [2, 3], [2, 3], [1, 2], [2, 3], [2, 4], [2, 3], [0, 1], [1, 3], [7, 14], [2, 3], [1, 2], [3, 6], [3, 4], [3, 4], [0, 1], [0, 1], [0, 1], [1, 2], [0, 1], [0, 2], [2, 3], [0, 6], [0, 1], [0, 2], [6, 7], [0, 2], [1, 5], [1, 3], [5, 6], [0, 2], [0, 1], [0, 1], [0, 1], [0, 5]]",2,0.8042493462562561,128,learned,1.0,2176,4.0,124,0.8556125164031982,23,0 24 16 48,2169,0.6996221542358398,test,top_r_mean,0.0,0.5,0.5,0.875
0.05901337021668972,1.0,68,1.0,31,48.228499945253134,qasper,0.6666666666666666,0.25,0.16666666666666666,0.0,1703.04001:4e1a67f8dc68b55a5ce18e6cd385ae9ab90d891f,mean,0.5522388059701493,0.24040625989437103,"[[0, 1], [0, 1], [2, 3], [1, 2], [1, 2], [0, 2], [4, 5], [2, 6], [0, 1], [3, 4], [1, 3], [0, 1], [1, 2], [1, 2], [0, 1], [0, 1], [0, 1], [0, 1], [0, 2], [1, 4], [0, 1], [1, 2], [5, 10], [1, 2], [0, 1], [0, 1], [0, 2], [2, 5], [1, 2], [0, 2], [1, 2], [0, 2], [0, 1], [2, 3], [2, 3], [2, 3], [1, 2], [2, 3], [2, 4], [2, 3], [0, 1], [1, 3], [7, 8], [2, 3], [1, 2], [3, 6], [3, 4], [3, 4], [0, 1], [0, 1], [0, 1], [1, 2], [0, 1], [0, 2], [2, 3], [0, 3], [0, 1], [0, 2], [4, 7], [0, 1], [1, 5], [1, 3], [5, 6], [0, 2], [0, 1], [0, 1], [0, 1], [0, 5]]",2,0.8260453343391418,128,learned,1.0,2176,4.0,124,0.8725102543830872,37,0 24 16 48,2169,0.7310761213302612,test,top_r_mean,0.0,0.5,0.5,0.875
0.05901337021668972,1.0,68,1.0,31,43.372799875214696,qasper,0.6666666666666666,0.25,0.16666666666666666,0.0,1703.04001:4e1a67f8dc68b55a5ce18e6cd385ae9ab90d891f,mean,0.5188762071992976,0.23580844700336456,"[[0, 1], [0, 1], [2, 3], [1, 2], [1, 2], [0, 2], [4, 5], [2, 6], [0, 1], [3, 4], [3, 4], [0, 1], [1, 2], [1, 2], [0, 1], [0, 1], [0, 1], [0, 1], [0, 2], [1, 8], [0, 1], [1, 2], [5, 10], [1, 2], [0, 1], [0, 1], [0, 2], [2, 5], [1, 2], [0, 2], [1, 2], [0, 2], [0, 1], [2, 4], [2, 3], [2, 3], [1, 2], [2, 3], [2, 4], [2, 3], [0, 1], [1, 3], [4, 7], [2, 3], [1, 2], [3, 6], [3, 4], [3, 4], [0, 1], [0, 1], [0, 1], [1, 2], [0, 1], [0, 2], [2, 3], [0, 3], [0, 1], [0, 2], [4, 7], [0, 2], [1, 5], [1, 3], [5, 6], [0, 2], [0, 1], [0, 1], [0, 1], [0, 5]]",2,0.8095654845237732,128,learned,1.0,2176,4.0,124,0.8599306344985962,53,0 24 16 48,2169,0.7004618644714355,test,top_r_mean,0.0,0.5,0.5,0.875
0.05901337021668972,1.0,68,1.0,31,49.32750016450882,qasper,0.6666666666666666,0.25,0.16666666666666666,0.0,1703.04001:4e1a67f8dc68b55a5ce18e6cd385ae9ab90d891f,mean,0.4820017559262511,0.2258376181125641,"[[0, 1], [0, 1], [2, 3], [1, 2], [1, 2], [0, 2], [4, 5], [2, 6], [0, 1], [3, 4], [3, 4], [0, 1], [1, 2], [1, 2], [0, 1], [0, 1], [0, 1], [0, 1], [2, 3], [1, 8], [0, 1], [1, 2], [10, 13], [1, 2], [0, 1], [0, 2], [0, 3], [2, 5], [2, 5], [0, 2], [1, 2], [0, 2], [0, 1], [2, 4], [2, 3], [2, 3], [1, 2], [2, 3], [2, 4], [2, 3], [0, 1], [1, 3], [7, 14], [2, 3], [1, 2], [3, 6], [3, 4], [3, 4], [0, 1], [0, 1], [0, 1], [1, 2], [0, 2], [0, 2], [2, 3], [0, 7], [0, 1], [0, 2], [7, 8], [0, 2], [5, 6], [1, 3], [5, 6], [0, 2], [0, 1], [0, 3], [0, 1], [0, 5]]",2,0.7758804559707642,128,learned,1.0,2176,4.0,124,0.8257510662078857,71,0 24 16 48,2169,0.654158890247345,test,top_r_mean,0.0,0.5,0.5,0.875
0.05901337021668972,1.0,68,1.0,31,42.13680000975728,qasper,0.6666666666666666,0.25,0.16666666666666666,0.0,1703.04001:4e1a67f8dc68b55a5ce18e6cd385ae9ab90d891f,mean,0.495171202809482,0.032930888235569,"[[0, 1, 2, 10], [0, 1, 3, 4], [2, 3, 4, 7], [1, 2, 5, 6], [1, 2, 3, 10], [0, 2, 4, 6], [4, 5, 8, 14], [6, 7, 11, 12], [0, 1, 2, 3], [3, 4, 5, 13], [3, 4, 7, 14], [0, 1, 3, 12], [1, 2, 4, 5], [1, 2, 3, 5], [0, 1, 2, 3], [0, 1, 4, 10], [0, 1, 2, 4], [0, 1, 2, 3], [2, 3, 8, 10], [1, 8, 12, 14], [0, 1, 5, 10], [1, 2, 4, 6], [10, 13, 14, 15], [1, 2, 4, 7], [0, 1, 2, 11], [0, 1, 2, 3], [0, 3, 6, 8], [2, 5, 6, 9], [2, 5, 6, 8], [0, 2, 3, 4], [1, 2, 4, 6], [0, 2, 10, 11], [0, 1, 2, 3], [2, 4, 6, 14], [2, 3, 5, 8], [2, 3, 4, 6], [1, 2, 4, 9], [2, 3, 6, 13], [2, 4, 6, 9], [2, 3, 11, 16], [0, 1, 3, 5], [1, 3, 4, 5], [7, 13, 14, 18], [2, 3, 4, 8], [1, 2, 3, 4], [3, 6, 8, 10], [3, 5, 6, 8], [3, 4, 6, 8], [0, 1, 2, 6], [1, 5, 6, 7], [0, 1, 2, 9], [1, 2, 3, 4], [0, 2, 5, 6], [0, 2, 13, 14], [2, 3, 4, 9], [0, 2, 7, 8], [0, 1, 2, 4], [0, 2, 4, 5], [4, 7, 8, 9], [0, 2, 5, 6], [5, 6, 7, 10], [1, 3, 5, 6], [5, 6, 8, 10], [0, 2, 4, 12], [0, 1, 2, 3], [0, 1, 6, 9], [0, 1, 2, 6], [0, 5, 7, 8]]",4,0.8357884287834167,128,learned,1.0,4352,4.0,124,0.8707762956619263,11,0 48 56 40,2169,0.6791617274284363,test,top_r_mean,0.0,0.0,0.5,0.875
0.05901337021668972,1.0,68,1.0,31,49.548399867489934,qasper,0.6666666666666666,0.25,0.16666666666666666,0.0,1703.04001:4e1a67f8dc68b55a5ce18e6cd385ae9ab90d891f,mean,0.49692712906057945,0.030763616785407066,"[[0, 1, 2, 5], [0, 1, 3, 4], [2, 3, 4, 5], [1, 2, 5, 6], [1, 2, 3, 10], [0, 2, 4, 6], [4, 5, 8, 15], [2, 6, 7, 11], [0, 1, 2, 3], [3, 4, 5, 6], [3, 4, 6, 7], [0, 1, 3, 12], [1, 2, 4, 5], [1, 2, 3, 5], [0, 1, 2, 3], [0, 1, 4, 10], [0, 1, 2, 4], [0, 1, 2, 3], [0, 2, 3, 8], [1, 5, 8, 12], [0, 1, 5, 10], [1, 2, 4, 6], [5, 10, 13, 15], [1, 2, 4, 7], [0, 1, 2, 11], [0, 1, 2, 3], [0, 3, 6, 8], [2, 5, 6, 9], [2, 5, 6, 8], [0, 2, 4, 5], [1, 2, 4, 8], [0, 2, 11, 14], [0, 1, 2, 3], [2, 4, 6, 14], [2, 3, 5, 8], [2, 3, 4, 6], [1, 2, 4, 9], [2, 3, 6, 13], [2, 4, 6, 7], [2, 3, 11, 16], [0, 1, 3, 5], [1, 3, 5, 7], [7, 14, 18, 21], [2, 3, 4, 8], [1, 2, 3, 4], [3, 6, 8, 10], [3, 4, 5, 6], [3, 4, 6, 8], [0, 1, 2, 6], [0, 1, 5, 6], [0, 1, 2, 9], [1, 2, 3, 4], [0, 1, 2, 5], [0, 2, 13, 14], [2, 3, 4, 9], [0, 6, 7, 8], [0, 1, 2, 4], [0, 2, 4, 5], [6, 7, 8, 9], [0, 2, 5, 6], [1, 5, 7, 10], [1, 3, 5, 6], [5, 6, 8, 10], [0, 2, 4, 10], [0, 1, 2, 3], [0, 1, 6, 9], [0, 1, 2, 6], [0, 5, 7, 8]]",4,0.8315576910972595,128,learned,1.0,4352,4.0,124,0.8645979166030884,23,0 48 56 40,2169,0.6844295263290405,test,top_r_mean,0.0,0.0,0.5,0.875
0.05901337021668972,1.0,68,1.0,31,47.61030012741685,qasper,0.6666666666666666,0.25,0.16666666666666666,0.0,1703.04001:4e1a67f8dc68b55a5ce18e6cd385ae9ab90d891f,mean,0.4986830553116769,0.031233053654432297,"[[0, 1, 2, 5], [0, 1, 3, 4], [2, 3, 4, 7], [1, 2, 5, 6], [1, 2, 3, 10], [0, 2, 4, 6], [4, 5, 8, 14], [2, 6, 7, 11], [0, 1, 2, 3], [3, 4, 5, 6], [1, 3, 4, 7], [0, 1, 3, 12], [1, 2, 4, 5], [1, 2, 3, 5], [0, 1, 2, 3], [0, 1, 4, 10], [0, 1, 2, 4], [0, 1, 2, 3], [0, 2, 3, 8], [1, 4, 8, 9], [0, 1, 5, 9], [1, 2, 4, 6], [5, 10, 13, 14], [1, 2, 4, 7], [0, 1, 2, 11], [0, 1, 2, 3], [0, 2, 3, 6], [2, 5, 6, 9], [1, 2, 5, 6], [0, 2, 3, 4], [1, 2, 4, 6], [0, 2, 6, 10], [0, 1, 2, 3], [2, 3, 4, 6], [2, 3, 5, 8], [2, 3, 4, 6], [1, 2, 4, 5], [2, 3, 6, 13], [2, 4, 6, 7], [2, 3, 11, 16], [0, 1, 3, 5], [1, 3, 4, 5], [7, 8, 14, 18], [2, 3, 4, 8], [1, 2, 3, 4], [3, 6, 8, 10], [3, 4, 5, 6], [3, 4, 6, 7], [0, 1, 2, 6], [0, 1, 2, 5], [0, 1, 2, 9], [1, 2, 3, 4], [0, 1, 2, 5], [0, 2, 10, 13], [2, 3, 4, 9], [0, 3, 7, 8], [0, 1, 2, 4], [0, 2, 4, 5], [4, 7, 8, 9], [0, 1, 2, 6], [1, 5, 7, 10], [1, 3, 5, 6], [5, 6, 8, 10], [0, 2, 4, 10], [0, 1, 2, 3], [0, 1, 6, 9], [0, 1, 2, 6], [0, 5, 7, 8]]",4,0.8423078060150146,128,learned,1.0,4352,4.0,124,0.8751981854438782,37,0 48 56 40,2169,0.6909570097923279,test,top_r_mean,0.0,0.0,0.5,0.875
0.05901337021668972,1.0,68,1.0,31,40.0089998729527,qasper,0.6666666666666666,0.25,0.16666666666666666,0.0,1703.04001:4e1a67f8dc68b55a5ce18e6cd385ae9ab90d891f,mean,0.5083406496927129,0.031871385872364044,"[[0, 1, 2, 10], [0, 1, 3, 4], [2, 3, 4, 7], [1, 2, 5, 6], [1, 2, 3, 10], [0, 2, 4, 6], [4, 5, 8, 14], [2, 6, 7, 11], [0, 1, 2, 3], [3, 4, 5, 6], [3, 4, 7, 14], [0, 1, 3, 12], [1, 2, 4, 5], [1, 2, 3, 5], [0, 1, 2, 3], [0, 1, 4, 10], [0, 1, 2, 4], [0, 1, 2, 3], [0, 2, 3, 8], [1, 8, 9, 12], [0, 1, 5, 10], [1, 2, 4, 6], [5, 10, 13, 15], [1, 2, 4, 7], [0, 1, 2, 11], [0, 1, 2, 3], [0, 2, 3, 6], [2, 5, 6, 9], [1, 2, 5, 6], [0, 2, 3, 4], [1, 2, 4, 6], [0, 2, 6, 10], [0, 1, 2, 3], [2, 4, 6, 14], [2, 3, 5, 8], [2, 3, 4, 6], [1, 2, 4, 9], [2, 3, 6, 10], [2, 4, 6, 7], [2, 3, 11, 16], [0, 1, 3, 5], [1, 3, 4, 5], [4, 7, 14, 18], [2, 3, 4, 8], [1, 2, 3, 4], [3, 6, 8, 10], [3, 4, 5, 6], [3, 4, 6, 8], [0, 1, 2, 6], [0, 1, 2, 5], [0, 1, 2, 8], [1, 2, 3, 4], [0, 1, 2, 5], [0, 2, 13, 14], [2, 3, 4, 9], [0, 3, 7, 8], [0, 1, 2, 4], [0, 2, 4, 5], [4, 7, 8, 9], [0, 2, 5, 6], [1, 5, 7, 10], [1, 3, 5, 6], [5, 6, 8, 10], [0, 2, 4, 10], [0, 1, 2, 3], [0, 1, 3, 6], [0, 1, 2, 6], [0, 5, 7, 8]]",4,0.8426343202590942,128,learned,1.0,4352,4.0,124,0.8750054836273193,53,0 48 56 40,2169,0.6975226402282715,test,top_r_mean,0.0,0.0,0.5,0.875
0.05901337021668972,1.0,68,1.0,31,45.13829993084073,qasper,0.6666666666666666,0.25,0.16666666666666666,0.0,1703.04001:4e1a67f8dc68b55a5ce18e6cd385ae9ab90d891f,mean,0.45829675153643545,0.030963193625211716,"[[0, 1, 2, 10], [0, 1, 3, 4], [2, 3, 4, 7], [1, 2, 5, 6], [1, 2, 3, 10], [0, 2, 4, 6], [4, 5, 8, 15], [2, 6, 7, 11], [0, 1, 2, 3], [3, 4, 5, 13], [3, 4, 7, 14], [0, 1, 3, 19], [1, 2, 4, 5], [1, 2, 3, 5], [0, 1, 2, 3], [0, 1, 4, 10], [0, 1, 2, 4], [0, 1, 2, 3], [2, 3, 8, 10], [1, 8, 12, 14], [0, 1, 5, 10], [1, 2, 4, 6], [10, 13, 15, 21], [1, 2, 4, 7], [0, 1, 2, 11], [0, 2, 3, 7], [0, 3, 6, 8], [2, 5, 6, 9], [2, 5, 6, 8], [0, 2, 4, 5], [1, 2, 4, 6], [0, 2, 6, 11], [0, 1, 2, 3], [2, 4, 6, 14], [2, 3, 5, 8], [2, 3, 4, 6], [1, 2, 9, 13], [2, 3, 6, 13], [2, 4, 6, 9], [2, 3, 11, 16], [0, 1, 3, 9], [1, 3, 4, 5], [7, 14, 18, 21], [2, 3, 4, 8], [1, 2, 3, 4], [3, 6, 8, 10], [3, 4, 5, 6], [3, 4, 6, 7], [0, 1, 2, 6], [0, 1, 2, 5], [0, 1, 2, 9], [1, 2, 3, 4], [0, 2, 5, 6], [0, 2, 13, 14], [2, 3, 4, 9], [0, 7, 8, 12], [0, 1, 2, 4], [0, 2, 4, 5], [7, 8, 9, 11], [0, 2, 5, 6], [5, 6, 7, 10], [1, 3, 5, 6], [5, 6, 8, 10], [0, 2, 4, 10], [0, 1, 2, 3], [0, 3, 6, 9], [0, 1, 2, 6], [0, 5, 7, 8]]",4,0.8257266283035278,128,learned,1.0,4352,4.0,124,0.860181450843811,71,0 48 56 8,2169,0.6413711905479431,test,top_r_mean,0.0,0.0,0.5,0.875
0.05901337021668972,1.0,68,1.0,31,48.81899990141392,qasper,0.6666666666666666,0.25,0.16666666666666666,0.0,1703.04001:4e1a67f8dc68b55a5ce18e6cd385ae9ab90d891f,mean,0.5943810359964882,0.012220459058880806,"[[0, 1, 2, 10, 12, 29, 30, 31], [0, 1, 3, 4, 6, 7, 10, 11], [2, 3, 4, 7, 9, 16, 20, 22], [1, 2, 5, 6, 10, 11, 21, 31], [1, 2, 3, 10, 17, 21, 24, 27], [0, 2, 4, 6, 7, 9, 13, 17], [4, 5, 8, 14, 15, 22, 24, 30], [6, 7, 11, 12, 14, 17, 18, 29], [0, 1, 2, 3, 7, 8, 13, 30], [3, 4, 5, 13, 25, 29, 30, 31], [3, 4, 7, 14, 23, 24, 27, 30], [0, 1, 3, 12, 19, 22, 26, 28], [1, 2, 4, 5, 9, 16, 27, 29], [1, 2, 3, 5, 6, 7, 10, 17], [0, 1, 2, 3, 4, 5, 6, 14], [0, 1, 4, 10, 11, 24, 26, 31], [0, 1, 2, 4, 5, 6, 8, 16], [0, 1, 2, 3, 6, 16, 20, 24], [2, 3, 8, 10, 16, 21, 23, 31], [1, 8, 12, 14, 17, 19, 23, 27], [0, 1, 5, 10, 13, 26, 27, 29], [1, 2, 4, 6, 7, 21, 22, 28], [10, 13, 14, 15, 21, 27, 29, 31], [1, 2, 4, 7, 8, 12, 16, 20], [0, 1, 2, 11, 12, 19, 22, 24], [0, 1, 2, 3, 7, 8, 9, 19], [0, 3, 6, 8, 14, 20, 22, 24], [2, 5, 6, 9, 14, 15, 17, 30], [2, 5, 6, 8, 12, 19, 21, 22], [0, 2, 3, 4, 5, 7, 8, 31], [1, 2, 4, 6, 8, 9, 19, 29], [0, 2, 10, 11, 14, 15, 30, 31], [0, 1, 2, 3, 4, 5, 7, 9], [2, 4, 6, 14, 15, 16, 20, 29], [2, 3, 5, 8, 10, 11, 21, 22], [2, 3, 4, 6, 7, 10, 11, 14], [1, 2, 4, 9, 13, 15, 24, 26], [2, 3, 6, 13, 14, 19, 20, 26], [2, 4, 6, 9, 13, 18, 22, 27], [2, 3, 11, 16, 20, 21, 24, 31], [0, 1, 3, 5, 9, 16, 23, 24], [1, 3, 4, 5, 7, 8, 13, 23], [7, 13, 14, 18, 21, 26, 30, 31], [2, 3, 4, 8, 10, 11, 22, 23], [1, 2, 3, 4, 5, 6, 12, 14], [3, 6, 8, 10, 15, 26, 29, 30], [3, 5, 6, 8, 11, 17, 25, 26], [3, 4, 6, 8, 11, 18, 19, 25], [0, 1, 2, 6, 7, 8, 9, 12], [1, 5, 6, 7, 9, 10, 11, 21], [0, 1, 2, 9, 12, 19, 25, 30], [1, 2, 3, 4, 14, 15, 18, 19], [0, 2, 5, 6, 12, 18, 20, 31], [0, 2, 13, 14, 16, 18, 22, 23], [2, 3, 4, 9, 10, 11, 14, 17], [0, 2, 7, 8, 12, 15, 18, 26], [0, 1, 2, 4, 10, 23, 27, 31], [0, 2, 4, 5, 8, 9, 20, 29], [4, 7, 8, 9, 11, 15, 25, 29], [0, 2, 5, 6, 7, 18, 19, 25], [5, 6, 7, 10, 11, 12, 23, 27], [1, 3, 5, 6, 9, 12, 14, 28], [5, 6, 8, 10, 12, 16, 24, 30], [0, 2, 4, 12, 17, 18, 27, 31], [0, 1, 2, 3, 9, 13, 25, 30], [0, 1, 6, 9, 12, 13, 17, 19], [0, 1, 2, 6, 8, 10, 12, 20], [0, 5, 7, 8, 10, 14, 19, 21]]",8,0.4226744472980499,128,learned,1.0,8704,4.0,124,0.4477382302284241,11,0 48 56 40,2169,0.7615376114845276,test,top_r_mean,0.0,0.0,0.5,0.875
0.05901337021668972,1.0,68,1.0,31,39.68779998831451,qasper,0.6666666666666666,0.25,0.16666666666666666,0.0,1703.04001:4e1a67f8dc68b55a5ce18e6cd385ae9ab90d891f,mean,0.5873573309920983,0.012353528290987015,"[[0, 1, 2, 5, 10, 12, 30, 31], [0, 1, 3, 4, 6, 7, 10, 11], [2, 3, 4, 5, 7, 16, 20, 22], [1, 2, 5, 6, 8, 11, 21, 31], [1, 2, 3, 10, 17, 21, 24, 27], [0, 2, 4, 6, 7, 9, 13, 17], [4, 5, 8, 15, 19, 22, 24, 30], [2, 6, 7, 11, 12, 18, 23, 29], [0, 1, 2, 3, 7, 8, 13, 30], [3, 4, 5, 6, 25, 29, 30, 31], [3, 4, 6, 7, 14, 23, 24, 27], [0, 1, 3, 12, 19, 22, 26, 28], [1, 2, 4, 5, 15, 16, 27, 29], [1, 2, 3, 5, 6, 7, 10, 17], [0, 1, 2, 3, 4, 5, 6, 8], [0, 1, 4, 10, 11, 23, 26, 31], [0, 1, 2, 4, 5, 6, 8, 16], [0, 1, 2, 3, 6, 16, 20, 24], [0, 2, 3, 8, 16, 23, 28, 31], [1, 5, 8, 12, 14, 19, 23, 27], [0, 1, 5, 10, 13, 26, 27, 29], [1, 2, 4, 6, 7, 21, 22, 28], [5, 10, 13, 15, 21, 27, 29, 31], [1, 2, 4, 7, 8, 11, 12, 16], [0, 1, 2, 11, 12, 21, 22, 24], [0, 1, 2, 3, 7, 8, 9, 19], [0, 3, 6, 8, 14, 22, 23, 24], [2, 5, 6, 9, 14, 15, 17, 30], [2, 5, 6, 8, 12, 18, 19, 21], [0, 2, 4, 5, 7, 8, 10, 25], [1, 2, 4, 8, 9, 10, 17, 29], [0, 2, 11, 14, 15, 28, 30, 31], [0, 1, 2, 3, 4, 5, 7, 9], [2, 4, 6, 14, 15, 20, 28, 29], [2, 3, 5, 8, 9, 10, 17, 22], [2, 3, 4, 6, 7, 10, 14, 17], [1, 2, 4, 9, 13, 15, 19, 24], [2, 3, 6, 13, 14, 19, 20, 26], [2, 4, 6, 7, 9, 18, 22, 27], [2, 3, 11, 16, 20, 21, 24, 31], [0, 1, 3, 5, 9, 15, 16, 23], [1, 3, 5, 7, 8, 13, 20, 23], [7, 14, 18, 21, 26, 29, 30, 31], [2, 3, 4, 8, 10, 11, 22, 23], [1, 2, 3, 4, 5, 6, 12, 14], [3, 6, 8, 10, 14, 15, 27, 30], [3, 4, 5, 6, 8, 17, 25, 26], [3, 4, 6, 8, 11, 13, 19, 25], [0, 1, 2, 6, 7, 8, 9, 12], [0, 1, 5, 6, 7, 9, 10, 21], [0, 1, 2, 9, 11, 12, 25, 30], [1, 2, 3, 4, 13, 14, 15, 19], [0, 1, 2, 5, 6, 12, 20, 31], [0, 2, 13, 14, 16, 18, 19, 23], [2, 3, 4, 9, 11, 14, 16, 17], [0, 6, 7, 8, 15, 18, 29, 31], [0, 1, 2, 4, 10, 11, 23, 27], [0, 2, 4, 5, 8, 9, 20, 29], [6, 7, 8, 9, 11, 15, 16, 29], [0, 2, 5, 6, 7, 18, 19, 25], [1, 5, 7, 10, 11, 12, 23, 27], [1, 3, 5, 6, 9, 12, 14, 28], [5, 6, 8, 10, 12, 16, 24, 30], [0, 2, 4, 10, 16, 17, 18, 27], [0, 1, 2, 3, 8, 10, 25, 30], [0, 1, 6, 9, 12, 13, 16, 19], [0, 1, 2, 6, 8, 10, 12, 20], [0, 5, 7, 8, 10, 11, 19, 21]]",8,0.42639854550361633,128,learned,0.5,8704,4.0,124,0.454531192779541,23,48 0 56 64,2169,0.7537886500358582,test,top_r_mean,0.0,0.0,0.75,0.875
0.05901337021668972,1.0,68,1.0,31,51.172300009056926,qasper,0.6666666666666666,0.25,0.16666666666666666,0.0,1703.04001:4e1a67f8dc68b55a5ce18e6cd385ae9ab90d891f,mean,0.559262510974539,0.012476644478738308,"[[0, 1, 2, 5, 10, 12, 30, 31], [0, 1, 3, 4, 6, 7, 10, 11], [2, 3, 4, 7, 9, 16, 20, 22], [1, 2, 5, 6, 8, 10, 11, 21], [1, 2, 3, 10, 16, 17, 24, 27], [0, 2, 4, 6, 7, 9, 13, 17], [4, 5, 8, 14, 15, 22, 24, 30], [2, 6, 7, 11, 12, 18, 23, 29], [0, 1, 2, 3, 7, 8, 13, 30], [3, 4, 5, 6, 25, 29, 30, 31], [1, 3, 4, 7, 14, 23, 24, 27], [0, 1, 3, 12, 19, 22, 26, 28], [1, 2, 4, 5, 9, 16, 27, 29], [1, 2, 3, 5, 6, 7, 10, 17], [0, 1, 2, 3, 4, 5, 6, 14], [0, 1, 4, 10, 11, 23, 26, 31], [0, 1, 2, 4, 5, 6, 8, 16], [0, 1, 2, 3, 6, 16, 20, 24], [0, 2, 3, 8, 10, 16, 23, 31], [1, 4, 8, 9, 12, 14, 17, 19], [0, 1, 5, 9, 10, 13, 26, 27], [1, 2, 4, 6, 7, 21, 22, 28], [5, 10, 13, 14, 15, 21, 27, 29], [1, 2, 4, 7, 8, 12, 16, 20], [0, 1, 2, 11, 12, 21, 22, 24], [0, 1, 2, 3, 7, 8, 9, 19], [0, 2, 3, 6, 8, 22, 23, 24], [2, 5, 6, 9, 14, 15, 17, 30], [1, 2, 5, 6, 8, 12, 19, 21], [0, 2, 3, 4, 5, 8, 10, 25], [1, 2, 4, 6, 8, 9, 10, 29], [0, 2, 6, 10, 14, 15, 30, 31], [0, 1, 2, 3, 4, 5, 7, 9], [2, 3, 4, 6, 14, 15, 16, 29], [2, 3, 5, 8, 10, 11, 21, 22], [2, 3, 4, 6, 7, 10, 11, 14], [1, 2, 4, 5, 9, 13, 15, 24], [2, 3, 6, 13, 14, 19, 20, 26], [2, 4, 6, 7, 9, 18, 22, 27], [2, 3, 11, 16, 20, 21, 24, 31], [0, 1, 3, 5, 9, 16, 23, 26], [1, 3, 4, 5, 7, 8, 13, 23], [7, 8, 14, 18, 21, 26, 30, 31], [2, 3, 4, 8, 10, 11, 22, 23], [1, 2, 3, 4, 5, 6, 12, 14], [3, 6, 8, 10, 11, 14, 15, 30], [3, 4, 5, 6, 8, 11, 17, 26], [3, 4, 6, 7, 8, 11, 19, 25], [0, 1, 2, 6, 7, 8, 9, 12], [0, 1, 2, 5, 6, 7, 10, 21], [0, 1, 2, 9, 12, 13, 25, 30], [1, 2, 3, 4, 13, 14, 15, 19], [0, 1, 2, 5, 6, 12, 20, 31], [0, 2, 10, 13, 14, 16, 18, 23], [2, 3, 4, 9, 10, 11, 14, 17], [0, 3, 7, 8, 12, 15, 18, 26], [0, 1, 2, 4, 10, 12, 19, 27], [0, 2, 4, 5, 8, 9, 20, 29], [4, 7, 8, 9, 11, 15, 16, 29], [0, 1, 2, 6, 7, 18, 19, 25], [1, 5, 7, 10, 11, 12, 23, 27], [1, 3, 5, 6, 9, 12, 14, 28], [5, 6, 8, 10, 12, 16, 24, 30], [0, 2, 4, 10, 12, 17, 18, 27], [0, 1, 2, 3, 8, 12, 25, 30], [0, 1, 6, 9, 12, 13, 16, 19], [0, 1, 2, 6, 8, 10, 12, 20], [0, 5, 7, 8, 10, 14, 19, 21]]",8,0.42436861991882324,128,learned,0.5,8704,4.0,124,0.45259663462638855,37,48 0 56 64,2169,0.7325266599655151,test,top_r_mean,0.0,0.0,0.75,0.875
0.05901337021668972,1.0,68,1.0,31,43.26980002224445,qasper,0.6666666666666666,0.25,0.16666666666666666,0.0,1703.04001:4e1a67f8dc68b55a5ce18e6cd385ae9ab90d891f,mean,0.5926251097453907,0.013161134906113148,"[[0, 1, 2, 10, 12, 29, 30, 31], [0, 1, 3, 4, 6, 7, 10, 11], [2, 3, 4, 7, 9, 16, 20, 22], [1, 2, 5, 6, 10, 11, 21, 31], [1, 2, 3, 10, 17, 21, 24, 27], [0, 2, 4, 6, 7, 9, 13, 17], [4, 5, 8, 14, 15, 22, 24, 30], [2, 6, 7, 11, 12, 18, 29, 31], [0, 1, 2, 3, 6, 7, 8, 30], [3, 4, 5, 6, 25, 29, 30, 31], [3, 4, 7, 14, 23, 24, 27, 30], [0, 1, 3, 12, 19, 22, 26, 28], [1, 2, 4, 5, 9, 16, 27, 29], [1, 2, 3, 5, 6, 7, 10, 17], [0, 1, 2, 3, 4, 5, 6, 14], [0, 1, 4, 10, 11, 24, 26, 31], [0, 1, 2, 4, 5, 6, 8, 16], [0, 1, 2, 3, 6, 16, 20, 24], [0, 2, 3, 8, 10, 16, 23, 31], [1, 8, 9, 12, 14, 17, 19, 27], [0, 1, 5, 10, 13, 26, 27, 29], [1, 2, 4, 6, 7, 21, 22, 28], [5, 10, 13, 15, 21, 27, 29, 31], [1, 2, 4, 7, 8, 11, 12, 16], [0, 1, 2, 11, 12, 18, 22, 24], [0, 1, 2, 3, 7, 8, 9, 19], [0, 2, 3, 6, 8, 20, 22, 24], [2, 5, 6, 9, 14, 15, 17, 30], [1, 2, 5, 6, 8, 12, 19, 22], [0, 2, 3, 4, 5, 7, 8, 10], [1, 2, 4, 6, 8, 9, 10, 29], [0, 2, 6, 10, 11, 14, 15, 30], [0, 1, 2, 3, 4, 5, 6, 9], [2, 4, 6, 14, 15, 16, 20, 29], [2, 3, 5, 8, 10, 11, 13, 22], [2, 3, 4, 6, 7, 10, 11, 14], [1, 2, 4, 9, 13, 15, 24, 26], [2, 3, 6, 10, 14, 19, 20, 26], [2, 4, 6, 7, 9, 18, 22, 27], [2, 3, 11, 16, 20, 21, 24, 31], [0, 1, 3, 5, 9, 16, 23, 24], [1, 3, 4, 5, 7, 8, 13, 23], [4, 7, 14, 18, 21, 26, 30, 31], [2, 3, 4, 8, 10, 11, 22, 23], [1, 2, 3, 4, 5, 6, 12, 14], [3, 6, 8, 10, 11, 14, 15, 30], [3, 4, 5, 6, 8, 11, 17, 26], [3, 4, 6, 8, 11, 18, 19, 25], [0, 1, 2, 6, 7, 8, 9, 12], [0, 1, 2, 5, 6, 7, 10, 21], [0, 1, 2, 8, 9, 12, 25, 30], [1, 2, 3, 4, 13, 14, 15, 19], [0, 1, 2, 5, 6, 12, 20, 31], [0, 2, 13, 14, 16, 18, 22, 23], [2, 3, 4, 9, 10, 11, 14, 17], [0, 3, 7, 8, 12, 15, 18, 26], [0, 1, 2, 4, 10, 23, 27, 31], [0, 2, 4, 5, 8, 9, 20, 29], [4, 7, 8, 9, 11, 15, 25, 29], [0, 2, 5, 6, 7, 18, 19, 25], [1, 5, 7, 10, 11, 12, 23, 27], [1, 3, 5, 6, 9, 12, 14, 28], [5, 6, 8, 10, 12, 16, 24, 30], [0, 2, 4, 10, 17, 18, 27, 31], [0, 1, 2, 3, 8, 13, 25, 30], [0, 1, 3, 6, 9, 12, 13, 19], [0, 1, 2, 6, 8, 10, 12, 20], [0, 5, 7, 8, 10, 11, 19, 21]]",8,0.42168813943862915,128,learned,1.0,8704,4.0,124,0.44977232813835144,53,0 48 56 24,2169,0.7629881501197815,test,top_r_mean,0.0,0.0,0.75,0.875
0.05901337021668972,1.0,68,1.0,31,47.83120006322861,qasper,0.6666666666666666,0.25,0.16666666666666666,0.0,1703.04001:4e1a67f8dc68b55a5ce18e6cd385ae9ab90d891f,mean,0.5987708516242318,0.01235005259513855,"[[0, 1, 2, 10, 12, 29, 30, 31], [0, 1, 3, 4, 6, 7, 10, 11], [2, 3, 4, 7, 9, 16, 20, 22], [1, 2, 5, 6, 10, 11, 21, 31], [1, 2, 3, 10, 17, 21, 24, 27], [0, 2, 4, 6, 7, 9, 13, 17], [4, 5, 8, 15, 19, 22, 24, 30], [2, 6, 7, 11, 12, 18, 29, 31], [0, 1, 2, 3, 7, 8, 26, 30], [3, 4, 5, 13, 25, 29, 30, 31], [3, 4, 7, 14, 23, 24, 27, 30], [0, 1, 3, 19, 22, 24, 26, 28], [1, 2, 4, 5, 9, 16, 27, 29], [1, 2, 3, 5, 6, 7, 10, 17], [0, 1, 2, 3, 4, 5, 6, 14], [0, 1, 4, 10, 11, 24, 26, 31], [0, 1, 2, 4, 5, 6, 8, 16], [0, 1, 2, 3, 6, 16, 20, 24], [2, 3, 8, 10, 16, 23, 28, 31], [1, 8, 12, 14, 17, 19, 23, 27], [0, 1, 5, 10, 13, 26, 27, 29], [1, 2, 4, 6, 7, 21, 28, 29], [10, 13, 15, 21, 23, 27, 29, 31], [1, 2, 4, 7, 8, 12, 16, 20], [0, 1, 2, 11, 12, 21, 22, 24], [0, 2, 3, 7, 8, 9, 12, 19], [0, 3, 6, 8, 14, 20, 22, 24], [2, 5, 6, 9, 14, 15, 17, 30], [2, 5, 6, 8, 12, 19, 21, 22], [0, 2, 4, 5, 7, 8, 25, 31], [1, 2, 4, 6, 8, 9, 29, 30], [0, 2, 6, 11, 14, 15, 28, 30], [0, 1, 2, 3, 4, 5, 6, 9], [2, 4, 6, 14, 15, 16, 20, 29], [2, 3, 5, 8, 10, 17, 21, 22], [2, 3, 4, 6, 7, 10, 11, 14], [1, 2, 9, 13, 15, 19, 24, 26], [2, 3, 6, 13, 14, 19, 20, 26], [2, 4, 6, 9, 18, 21, 22, 27], [2, 3, 11, 16, 20, 21, 24, 31], [0, 1, 3, 9, 16, 23, 24, 31], [1, 3, 4, 5, 7, 8, 13, 23], [7, 14, 18, 21, 26, 29, 30, 31], [2, 3, 4, 8, 10, 11, 22, 23], [1, 2, 3, 4, 5, 6, 12, 14], [3, 6, 8, 10, 11, 15, 26, 30], [3, 4, 5, 6, 8, 17, 21, 25], [3, 4, 6, 7, 8, 11, 18, 25], [0, 1, 2, 6, 7, 8, 9, 12], [0, 1, 2, 5, 7, 9, 10, 21], [0, 1, 2, 9, 11, 12, 25, 30], [1, 2, 3, 4, 13, 14, 18, 19], [0, 2, 5, 6, 12, 18, 20, 31], [0, 2, 13, 14, 16, 18, 22, 23], [2, 3, 4, 9, 11, 14, 16, 17], [0, 7, 8, 12, 15, 18, 26, 29], [0, 1, 2, 4, 10, 23, 27, 31], [0, 2, 4, 5, 8, 9, 20, 29], [7, 8, 9, 11, 15, 16, 25, 29], [0, 2, 5, 6, 18, 19, 21, 25], [5, 6, 7, 10, 11, 12, 23, 27], [1, 3, 5, 6, 9, 12, 14, 28], [5, 6, 8, 10, 12, 16, 24, 30], [0, 2, 4, 10, 17, 18, 27, 31], [0, 1, 2, 3, 13, 19, 25, 30], [0, 3, 6, 9, 12, 13, 19, 30], [0, 1, 2, 6, 8, 10, 12, 20], [0, 5, 7, 8, 10, 19, 21, 22]]",8,0.41697466373443604,128,learned,1.0,8704,4.0,124,0.44272321462631226,71,0 48 56 24,2169,0.7691339254379272,test,top_r_mean,0.0,0.0,0.75,0.875
0.024859195960380658,0.0,161,0.0,31,93.61930005252361,qasper,0.8,0.0,0.0,0.0,2002.03407:b5608076d91450b0d295ad14c3e3a90d7e168d0e,mean,0.38965677900295076,1.1372323036193848,"[[0], [2], [1], [1], [1], [1], [0], [1], [0], [3], [1], [1], [4], [1], [3], [1], [0], [1], [0], [1], [2], [3], [1], [1], [0], [3], [2], [1], [0], [1], [1], [0], [0], [4], [0], [0], [0], [1], [1], [0], [0], [2], [0], [1], [0], [0], [0], [0], [0], [1], [0], [2], [0], [0], [0], [3], [0], [2], [1], [0], [3], [0], [1], [1], [0], [0], [4], [1], [1], [2], [1], [0], [0], [0], [0], [1], [14], [0], [3], [0], [0], [2], [0], [10], [1], [0], [0], [1], [0], [1], [1], [0], [0], [0], [1], [1], [0], [0], [3], [1], [2], [0], [1], [1], [0], [0], [1], [0], [7], [0], [2], [0], [0], [1], [2], [0], [0], [0], [1], [10], [0], [1], [5], [0], [0], [11], [0], [1], [0], [1], [0], [0], [2], [0], [2], [2], [0], [0], [2], [0], [1], [0], [1], [0], [0], [0], [2], [0], [3], [1], [1], [17], [0], [0], [10], [2], [1], [0], [3], [2], [0]]",1,1.022731900215149,128,learned,0.0,2576,4.0,124,1.190940499305725,11,136 128 64 120,5149,0.5472193360328674,test,top_r_mean,0.0,0.0,0.25,0.25
0.024859195960380658,0.0,161,0.0,31,98.12030009925365,qasper,0.8,0.0,0.0,0.0,2002.03407:b5608076d91450b0d295ad14c3e3a90d7e168d0e,mean,0.3974219599316664,1.1373823881149292,"[[0], [2], [1], [1], [1], [1], [0], [1], [0], [3], [1], [1], [4], [1], [3], [1], [0], [1], [0], [1], [2], [0], [1], [1], [0], [3], [0], [0], [0], [1], [1], [0], [0], [1], [0], [0], [0], [1], [1], [0], [0], [2], [0], [1], [0], [0], [0], [0], [0], [1], [0], [2], [0], [0], [0], [3], [0], [2], [1], [1], [3], [0], [1], [1], [0], [0], [3], [1], [1], [2], [1], [0], [0], [0], [0], [1], [14], [0], [5], [0], [0], [2], [0], [10], [6], [0], [0], [1], [0], [0], [1], [0], [0], [0], [1], [1], [0], [0], [4], [1], [2], [0], [1], [0], [0], [0], [1], [0], [7], [0], [0], [2], [0], [1], [2], [0], [0], [0], [1], [9], [0], [1], [5], [0], [0], [11], [0], [1], [0], [1], [0], [0], [1], [0], [2], [2], [0], [0], [2], [0], [1], [0], [1], [0], [0], [0], [2], [0], [3], [1], [1], [17], [0], [0], [8], [2], [1], [0], [3], [2], [0]]",1,1.0238546133041382,128,learned,0.0,2576,4.0,124,1.1919488906860352,23,136 128 64 120,5149,0.5562801361083984,test,top_r_mean,0.0,0.0,0.25,0.25
0.024859195960380658,0.0,161,0.0,31,153.74120022170246,qasper,0.8,0.0,0.0,0.0,2002.03407:b5608076d91450b0d295ad14c3e3a90d7e168d0e,mean,0.41931977015064453,1.1411981582641602,"[[0], [2], [1], [1], [0], [1], [0], [1], [0], [3], [1], [1], [4], [1], [3], [1], [0], [1], [0], [1], [2], [3], [1], [1], [0], [3], [0], [0], [0], [1], [1], [0], [0], [1], [0], [0], [0], [1], [1], [0], [0], [2], [0], [1], [0], [0], [0], [0], [0], [1], [0], [2], [0], [0], [0], [3], [0], [2], [1], [0], [3], [0], [1], [1], [0], [0], [2], [1], [1], [2], [0], [0], [0], [0], [0], [1], [5], [0], [5], [0], [0], [2], [0], [10], [1], [0], [0], [1], [0], [0], [1], [0], [0], [0], [1], [1], [0], [0], [3], [1], [1], [0], [1], [0], [0], [0], [1], [0], [7], [0], [2], [0], [0], [1], [2], [0], [0], [0], [1], [9], [0], [1], [5], [0], [0], [11], [0], [1], [0], [1], [0], [0], [1], [0], [2], [2], [0], [0], [2], [0], [1], [0], [1], [0], [0], [0], [0], [0], [0], [1], [1], [1], [0], [0], [8], [2], [1], [0], [2], [2], [0]]",1,1.0303678512573242,128,learned,0.0,2576,4.0,124,1.1952356100082397,37,136 128 64 120,5149,0.5830802321434021,test,top_r_mean,0.0,0.0,0.25,0.25
0.024859195960380658,0.0,161,0.0,31,124.63509989902377,qasper,0.8,0.0,0.0,0.0,2002.03407:b5608076d91450b0d295ad14c3e3a90d7e168d0e,mean,0.4314334523994409,1.1455907821655273,"[[0], [2], [1], [1], [1], [1], [0], [1], [0], [3], [1], [1], [4], [1], [3], [1], [0], [1], [0], [1], [2], [3], [1], [1], [0], [3], [0], [0], [0], [1], [1], [0], [0], [4], [0], [0], [0], [1], [1], [0], [0], [2], [0], [1], [0], [0], [0], [0], [0], [1], [0], [2], [0], [0], [0], [3], [0], [2], [1], [0], [2], [0], [1], [1], [0], [0], [2], [1], [1], [2], [0], [0], [0], [0], [0], [1], [10], [0], [3], [0], [0], [2], [0], [10], [1], [0], [0], [1], [0], [0], [1], [0], [0], [0], [1], [1], [0], [0], [3], [1], [1], [0], [1], [0], [0], [0], [1], [0], [7], [0], [2], [0], [0], [1], [2], [0], [0], [0], [1], [9], [0], [1], [1], [0], [0], [11], [0], [1], [0], [1], [0], [0], [1], [0], [2], [2], [0], [0], [2], [0], [1], [0], [1], [0], [0], [0], [2], [0], [0], [1], [1], [1], [0], [0], [8], [2], [1], [0], [3], [2], [0]]",1,1.0377789735794067,128,learned,0.0,2576,4.0,124,1.2021516561508179,53,136 128 64 120,5149,0.595511257648468,test,top_r_mean,0.0,0.0,0.25,0.25
0.024859195960380658,0.0,161,0.0,31,124.53870009630919,qasper,0.8,0.0,0.0,0.0,2002.03407:b5608076d91450b0d295ad14c3e3a90d7e168d0e,mean,0.43003571983227207,1.1223000288009644,"[[0], [2], [1], [1], [1], [1], [0], [1], [0], [3], [1], [1], [4], [1], [3], [1], [0], [1], [0], [1], [2], [3], [1], [1], [0], [3], [2], [0], [0], [1], [1], [0], [0], [4], [0], [0], [0], [1], [1], [0], [0], [2], [0], [1], [0], [0], [0], [5], [0], [1], [0], [2], [0], [0], [0], [3], [0], [2], [1], [1], [3], [0], [1], [1], [0], [0], [4], [1], [1], [2], [0], [0], [0], [0], [0], [1], [14], [0], [5], [0], [0], [2], [0], [10], [1], [0], [0], [1], [0], [0], [1], [0], [0], [0], [1], [1], [0], [0], [4], [1], [2], [0], [1], [1], [0], [0], [1], [0], [7], [0], [2], [0], [0], [1], [2], [0], [0], [0], [1], [10], [0], [1], [1], [0], [0], [11], [0], [1], [0], [1], [0], [0], [1], [0], [2], [2], [0], [0], [2], [0], [1], [0], [1], [0], [0], [0], [2], [0], [3], [1], [1], [0], [0], [0], [10], [2], [1], [0], [3], [2], [0]]",1,1.0036555528640747,128,learned,0.0,2576,4.0,124,1.1724556684494019,71,136 128 64 120,5149,0.5916264057159424,test,top_r_mean,0.0,0.0,0.25,0.25
0.024859195960380658,0.0,161,0.0,31,104.91380002349615,qasper,0.8,0.0,0.0,0.0,2002.03407:b5608076d91450b0d295ad14c3e3a90d7e168d0e,mean,0.42934782608695654,0.18234698474407196,"[[0, 1], [2, 3], [1, 3], [1, 7], [1, 3], [1, 4], [0, 7], [1, 2], [0, 1], [3, 4], [1, 4], [1, 5], [4, 7], [1, 5], [3, 4], [1, 3], [0, 1], [1, 2], [0, 1], [1, 12], [2, 3], [3, 4], [1, 4], [1, 2], [0, 1], [3, 4], [2, 9], [1, 3], [0, 1], [1, 2], [1, 2], [0, 7], [0, 1], [4, 5], [0, 1], [0, 1], [0, 3], [1, 9], [1, 4], [0, 1], [0, 1], [2, 4], [0, 2], [1, 4], [0, 1], [0, 1], [0, 2], [0, 5], [0, 1], [1, 3], [0, 2], [2, 3], [0, 1], [0, 9], [0, 1], [3, 4], [0, 1], [2, 5], [1, 2], [0, 1], [3, 4], [0, 1], [1, 2], [1, 2], [0, 1], [0, 2], [4, 6], [1, 2], [1, 2], [2, 3], [1, 2], [0, 2], [0, 1], [0, 1], [0, 1], [1, 2], [14, 15], [0, 1], [3, 8], [0, 4], [0, 1], [2, 3], [0, 2], [10, 11], [1, 6], [0, 1], [0, 2], [1, 3], [0, 1], [1, 2], [1, 5], [0, 2], [0, 3], [0, 3], [1, 2], [1, 4], [0, 1], [0, 1], [3, 4], [1, 5], [2, 5], [0, 1], [1, 2], [1, 2], [0, 1], [0, 6], [1, 2], [0, 3], [7, 9], [0, 1], [2, 5], [0, 2], [0, 1], [1, 2], [2, 4], [0, 1], [0, 2], [0, 1], [1, 2], [10, 19], [0, 1], [1, 3], [5, 6], [0, 1], [0, 3], [11, 14], [0, 1], [1, 2], [0, 1], [1, 2], [0, 9], [0, 3], [2, 20], [0, 2], [2, 3], [2, 5], [0, 1], [0, 1], [2, 3], [0, 5], [1, 2], [0, 2], [1, 3], [0, 1], [0, 1], [0, 4], [2, 3], [0, 1], [3, 4], [1, 2], [1, 3], [17, 21], [0, 1], [0, 1], [10, 15], [2, 5], [1, 2], [0, 1], [3, 4], [2, 3], [0, 1]]",2,0.7650431394577026,128,learned,0.0,5152,4.0,124,0.8144353628158569,11,128 104 48 56,5149,0.5913129448890686,test,top_r_mean,0.0,0.5,0.5,0.375
0.024859195960380658,0.0,161,0.0,31,92.69129997119308,qasper,0.8,0.0,0.0,0.0,2002.03407:b5608076d91450b0d295ad14c3e3a90d7e168d0e,mean,0.4231366459627329,0.1884220540523529,"[[0, 1], [2, 3], [1, 3], [1, 7], [1, 3], [1, 3], [0, 1], [1, 5], [0, 1], [3, 4], [1, 4], [1, 5], [4, 7], [1, 5], [3, 4], [1, 3], [0, 1], [1, 2], [0, 1], [1, 12], [2, 4], [0, 3], [1, 2], [1, 2], [0, 4], [3, 4], [0, 9], [0, 3], [0, 2], [1, 2], [1, 2], [0, 7], [0, 1], [1, 4], [0, 1], [0, 1], [0, 2], [1, 4], [1, 4], [0, 1], [0, 1], [2, 4], [0, 2], [1, 4], [0, 1], [0, 1], [0, 2], [0, 5], [0, 1], [1, 3], [0, 2], [2, 3], [0, 1], [0, 9], [0, 1], [3, 4], [0, 1], [2, 5], [1, 2], [1, 3], [3, 4], [0, 1], [1, 2], [1, 2], [0, 1], [0, 2], [3, 4], [1, 2], [1, 2], [2, 3], [1, 2], [0, 2], [0, 1], [0, 1], [0, 1], [1, 2], [14, 15], [0, 1], [5, 8], [0, 2], [0, 1], [2, 3], [0, 2], [10, 11], [6, 8], [0, 1], [0, 2], [1, 3], [0, 1], [0, 1], [1, 4], [0, 2], [0, 3], [0, 3], [1, 2], [1, 4], [0, 1], [0, 1], [4, 10], [1, 5], [2, 5], [0, 1], [1, 2], [0, 1], [0, 1], [0, 6], [1, 2], [0, 3], [7, 9], [0, 1], [0, 2], [2, 3], [0, 1], [1, 2], [2, 4], [0, 1], [0, 2], [0, 1], [1, 2], [9, 10], [0, 1], [1, 3], [5, 6], [0, 1], [0, 3], [11, 16], [0, 1], [1, 2], [0, 1], [1, 2], [0, 9], [0, 3], [1, 2], [0, 2], [2, 3], [2, 5], [0, 1], [0, 1], [2, 3], [0, 5], [1, 2], [0, 4], [1, 3], [0, 1], [0, 1], [0, 5], [2, 3], [0, 1], [3, 4], [1, 2], [1, 3], [17, 18], [0, 1], [0, 1], [8, 10], [2, 5], [1, 2], [0, 1], [3, 4], [2, 3], [0, 1]]",2,0.7693563103675842,128,learned,0.0,5152,4.0,124,0.8204017281532288,23,128 104 48 56,5149,0.5810415148735046,test,top_r_mean,0.0,0.5,0.5,0.375
0.024859195960380658,0.0,161,0.0,31,100.80099990591407,qasper,0.8,0.0,0.0,0.0,2002.03407:b5608076d91450b0d295ad14c3e3a90d7e168d0e,mean,0.4274844720496894,0.18939325213432312,"[[0, 1], [2, 3], [1, 3], [1, 7], [0, 1], [1, 4], [0, 1], [1, 2], [0, 1], [3, 4], [1, 4], [1, 5], [4, 7], [1, 5], [3, 4], [1, 3], [0, 1], [1, 2], [0, 1], [1, 2], [2, 3], [3, 4], [1, 2], [1, 2], [0, 1], [3, 4], [0, 2], [0, 1], [0, 1], [1, 2], [1, 2], [0, 7], [0, 1], [1, 4], [0, 1], [0, 1], [0, 3], [1, 2], [1, 4], [0, 1], [0, 1], [2, 4], [0, 2], [1, 4], [0, 1], [0, 1], [0, 2], [0, 3], [0, 1], [1, 3], [0, 2], [2, 3], [0, 1], [0, 9], [0, 1], [3, 4], [0, 1], [2, 5], [1, 2], [0, 1], [3, 4], [0, 1], [1, 2], [1, 2], [0, 1], [0, 1], [2, 4], [1, 2], [1, 2], [2, 3], [0, 1], [0, 2], [0, 1], [0, 1], [0, 1], [1, 2], [5, 10], [0, 1], [5, 8], [0, 4], [0, 1], [2, 3], [0, 2], [10, 11], [1, 6], [0, 1], [0, 2], [1, 3], [0, 1], [0, 1], [1, 5], [0, 2], [0, 3], [0, 3], [1, 2], [1, 2], [0, 1], [0, 1], [3, 4], [1, 5], [1, 2], [0, 1], [1, 2], [0, 1], [0, 1], [0, 2], [1, 2], [0, 3], [7, 9], [0, 1], [2, 3], [0, 2], [0, 1], [1, 2], [2, 3], [0, 1], [0, 2], [0, 1], [1, 2], [9, 10], [0, 1], [1, 3], [5, 6], [0, 1], [0, 3], [11, 14], [0, 1], [1, 2], [0, 1], [1, 2], [0, 9], [0, 3], [1, 2], [0, 2], [2, 3], [2, 5], [0, 1], [0, 1], [2, 3], [0, 5], [1, 2], [0, 2], [1, 3], [0, 1], [0, 1], [0, 4], [0, 2], [0, 1], [0, 3], [1, 2], [1, 3], [1, 17], [0, 1], [0, 1], [8, 10], [2, 5], [1, 2], [0, 1], [2, 3], [2, 3], [0, 1]]",2,0.7821804285049438,128,learned,0.0,5152,4.0,124,0.8353694081306458,37,128 104 48 56,5149,0.5876725316047668,test,top_r_mean,0.0,0.5,0.5,0.375
0.024859195960380658,0.0,161,0.0,31,96.74530010670424,qasper,0.8,0.0,0.0,0.0,2002.03407:b5608076d91450b0d295ad14c3e3a90d7e168d0e,mean,0.4468944099378882,0.1866348534822464,"[[0, 1], [2, 3], [1, 3], [1, 7], [1, 2], [1, 4], [0, 1], [1, 2], [0, 1], [3, 4], [1, 4], [1, 5], [4, 7], [1, 5], [3, 4], [1, 3], [0, 1], [1, 2], [0, 1], [1, 12], [2, 3], [3, 4], [1, 4], [1, 2], [0, 1], [3, 4], [0, 9], [0, 1], [0, 1], [1, 2], [1, 2], [0, 7], [0, 1], [4, 5], [0, 1], [0, 1], [0, 3], [1, 2], [1, 4], [0, 1], [0, 1], [2, 4], [0, 2], [1, 4], [0, 1], [0, 1], [0, 2], [0, 3], [0, 1], [1, 3], [0, 2], [2, 3], [0, 1], [0, 9], [0, 1], [3, 4], [0, 1], [2, 5], [1, 2], [0, 1], [2, 3], [0, 1], [1, 2], [1, 2], [0, 1], [0, 2], [2, 4], [1, 2], [1, 2], [2, 3], [0, 1], [0, 2], [0, 1], [0, 1], [0, 1], [1, 2], [10, 14], [0, 1], [3, 8], [0, 4], [0, 1], [2, 3], [0, 2], [10, 11], [1, 6], [0, 1], [0, 2], [1, 3], [0, 1], [0, 1], [1, 5], [0, 2], [0, 3], [0, 3], [1, 2], [1, 2], [0, 1], [0, 1], [3, 4], [1, 5], [1, 2], [0, 1], [1, 2], [0, 1], [0, 1], [0, 2], [1, 2], [0, 3], [7, 9], [0, 1], [2, 3], [0, 2], [0, 1], [1, 2], [2, 4], [0, 1], [0, 2], [0, 1], [1, 2], [9, 10], [0, 1], [1, 3], [1, 5], [0, 1], [0, 3], [11, 14], [0, 1], [1, 2], [0, 1], [1, 2], [0, 9], [0, 3], [1, 2], [0, 2], [2, 3], [2, 5], [0, 1], [0, 1], [2, 3], [0, 5], [1, 2], [0, 2], [1, 3], [0, 1], [0, 1], [0, 4], [2, 3], [0, 1], [0, 3], [1, 2], [1, 3], [1, 17], [0, 1], [0, 1], [8, 10], [2, 5], [1, 2], [0, 1], [3, 4], [2, 3], [0, 1]]",2,0.7792048454284668,128,learned,0.0,5152,4.0,124,0.8296523094177246,53,128 104 48 56,5149,0.6141908168792725,test,top_r_mean,0.0,0.5,0.5,0.375
0.024859195960380658,0.0,161,0.0,31,97.33170014806092,qasper,0.8,0.0,0.0,0.0,2002.03407:b5608076d91450b0d295ad14c3e3a90d7e168d0e,mean,0.4420807453416149,0.18411096930503845,"[[0, 1], [2, 3], [1, 3], [1, 7], [1, 3], [1, 4], [0, 4], [1, 2], [0, 1], [3, 4], [1, 4], [1, 5], [4, 7], [1, 5], [3, 4], [1, 3], [0, 1], [1, 2], [0, 1], [1, 8], [2, 3], [3, 4], [1, 4], [1, 2], [0, 4], [3, 4], [2, 9], [0, 1], [0, 1], [1, 2], [1, 2], [0, 7], [0, 1], [4, 5], [0, 1], [0, 1], [0, 2], [1, 9], [1, 4], [0, 1], [0, 1], [2, 4], [0, 2], [1, 4], [0, 1], [0, 1], [0, 2], [5, 6], [0, 1], [1, 3], [0, 2], [2, 3], [0, 1], [0, 9], [0, 1], [3, 4], [0, 1], [2, 5], [1, 2], [1, 3], [3, 4], [0, 1], [1, 3], [1, 2], [0, 1], [0, 2], [4, 6], [1, 2], [1, 2], [2, 3], [0, 1], [0, 2], [0, 1], [0, 1], [0, 1], [1, 2], [14, 15], [0, 1], [5, 8], [0, 4], [0, 1], [2, 3], [0, 2], [10, 11], [1, 6], [0, 1], [0, 2], [1, 3], [0, 1], [0, 1], [1, 5], [0, 2], [0, 3], [0, 3], [1, 2], [1, 4], [0, 1], [0, 1], [4, 10], [1, 5], [2, 5], [0, 1], [1, 2], [1, 2], [0, 1], [0, 2], [1, 2], [0, 3], [7, 9], [0, 1], [2, 3], [0, 2], [0, 1], [1, 2], [2, 4], [0, 1], [0, 2], [0, 1], [1, 2], [10, 19], [0, 1], [1, 4], [1, 5], [0, 1], [0, 3], [11, 14], [0, 1], [1, 2], [0, 1], [1, 2], [0, 9], [0, 3], [1, 2], [0, 2], [2, 3], [2, 5], [0, 1], [0, 1], [2, 3], [0, 4], [1, 2], [0, 2], [1, 3], [0, 1], [0, 1], [0, 4], [2, 3], [0, 1], [3, 4], [1, 2], [1, 3], [0, 1], [0, 1], [0, 1], [10, 12], [2, 5], [1, 2], [0, 1], [3, 4], [2, 3], [0, 1]]",2,0.7604729533195496,128,learned,0.0,5152,4.0,124,0.8068504333496094,71,128 104 48 56,5149,0.6066396236419678,test,top_r_mean,0.0,0.5,0.5,0.375
0.024859195960380658,0.0,161,0.0,31,102.66019986011088,qasper,0.8,0.0,0.0,0.0,2002.03407:b5608076d91450b0d295ad14c3e3a90d7e168d0e,mean,0.47251552795031054,0.022124657407402992,"[[0, 1, 3, 4], [2, 3, 5, 11], [1, 3, 5, 6], [1, 7, 8, 9], [1, 3, 4, 7], [1, 4, 6, 8], [0, 7, 10, 13], [1, 2, 5, 6], [0, 1, 4, 6], [3, 4, 6, 10], [1, 4, 5, 7], [1, 5, 7, 12], [4, 7, 8, 11], [1, 5, 6, 8], [3, 4, 7, 11], [1, 3, 4, 5], [0, 1, 2, 3], [1, 2, 3, 4], [0, 1, 3, 4], [1, 12, 14, 16], [2, 3, 4, 10], [3, 4, 5, 15], [1, 4, 7, 9], [1, 2, 7, 8], [0, 1, 4, 6], [3, 4, 6, 8], [2, 9, 10, 13], [1, 3, 12, 13], [0, 1, 2, 4], [1, 2, 3, 5], [1, 2, 6, 8], [0, 7, 12, 13], [0, 1, 2, 3], [4, 5, 6, 8], [0, 1, 3, 4], [0, 1, 2, 4], [0, 3, 4, 6], [1, 9, 11, 12], [1, 4, 5, 6], [0, 1, 2, 5], [0, 1, 2, 3], [2, 4, 6, 18], [0, 2, 3, 6], [1, 4, 5, 13], [0, 1, 3, 4], [0, 1, 2, 5], [0, 2, 5, 6], [0, 5, 6, 17], [0, 1, 4, 5], [1, 3, 4, 10], [0, 2, 3, 12], [2, 3, 5, 6], [0, 1, 4, 5], [0, 9, 12, 13], [0, 1, 3, 4], [3, 4, 5, 6], [0, 1, 3, 6], [2, 5, 6, 8], [1, 2, 4, 5], [0, 1, 3, 5], [3, 4, 8, 9], [0, 1, 3, 6], [1, 2, 3, 4], [1, 2, 4, 14], [0, 1, 5, 9], [0, 2, 7, 9], [4, 6, 7, 9], [1, 2, 5, 11], [1, 2, 3, 4], [2, 3, 6, 7], [1, 2, 4, 5], [0, 2, 3, 4], [0, 1, 3, 4], [0, 1, 2, 6], [0, 1, 4, 5], [1, 2, 3, 10], [14, 15, 22, 23], [0, 1, 6, 7], [3, 8, 11, 17], [0, 4, 6, 19], [0, 1, 3, 6], [2, 3, 4, 6], [0, 2, 4, 18], [10, 11, 12, 13], [1, 6, 10, 11], [0, 1, 3, 7], [0, 2, 3, 5], [1, 3, 6, 7], [0, 1, 6, 12], [1, 2, 3, 4], [1, 5, 6, 7], [0, 2, 6, 11], [0, 3, 8, 13], [0, 3, 4, 6], [1, 2, 3, 10], [1, 4, 7, 8], [0, 1, 2, 5], [0, 1, 3, 7], [3, 4, 10, 16], [1, 5, 6, 7], [2, 5, 11, 12], [0, 1, 2, 3], [1, 2, 3, 6], [1, 2, 3, 4], [0, 1, 5, 8], [0, 6, 8, 11], [1, 2, 5, 8], [0, 3, 6, 8], [7, 9, 14, 15], [0, 1, 3, 5], [2, 5, 6, 7], [0, 2, 3, 4], [0, 1, 7, 13], [1, 2, 4, 8], [2, 4, 5, 6], [0, 1, 2, 4], [0, 2, 4, 9], [0, 1, 2, 3], [1, 2, 3, 4], [10, 19, 20, 26], [0, 1, 3, 10], [1, 3, 4, 5], [5, 6, 8, 9], [0, 1, 2, 4], [0, 3, 4, 7], [11, 14, 16, 24], [0, 1, 2, 4], [1, 2, 5, 7], [0, 1, 2, 4], [1, 2, 3, 4], [0, 9, 17, 23], [0, 3, 4, 6], [2, 20, 22, 23], [0, 2, 3, 4], [2, 3, 4, 6], [2, 5, 6, 7], [0, 1, 7, 20], [0, 1, 2, 5], [2, 3, 6, 7], [0, 5, 6, 7], [1, 2, 5, 8], [0, 2, 4, 5], [1, 3, 4, 8], [0, 1, 6, 19], [0, 1, 3, 6], [0, 4, 5, 8], [2, 3, 5, 6], [0, 1, 2, 6], [3, 4, 6, 11], [1, 2, 3, 4], [1, 3, 4, 5], [17, 21, 22, 23], [0, 1, 2, 4], [0, 1, 4, 5], [10, 15, 17, 18], [2, 5, 6, 7], [1, 2, 6, 7], [0, 1, 5, 10], [3, 4, 7, 8], [2, 3, 4, 5], [0, 1, 2, 3]]",4,0.8026161193847656,128,learned,0.0,10304,4.0,124,0.8276414275169373,11,88 40 32 56,5149,0.6414711475372314,test,top_r_mean,0.0,0.0,0.0,0.375
0.024859195960380658,0.0,161,0.0,31,109.0670998673886,qasper,0.8,0.0,0.0,0.0,2002.03407:b5608076d91450b0d295ad14c3e3a90d7e168d0e,mean,0.45559006211180125,0.021956667304039,"[[0, 1, 3, 4], [2, 3, 5, 17], [1, 3, 6, 12], [1, 7, 8, 9], [1, 3, 4, 7], [1, 3, 4, 6], [0, 1, 3, 7], [1, 5, 6, 7], [0, 1, 4, 6], [3, 4, 5, 6], [1, 4, 5, 7], [1, 5, 6, 7], [4, 7, 8, 9], [1, 5, 6, 8], [3, 4, 7, 11], [1, 3, 4, 5], [0, 1, 3, 5], [1, 2, 3, 4], [0, 1, 3, 4], [1, 12, 14, 15], [2, 4, 8, 10], [0, 3, 4, 5], [1, 2, 4, 7], [1, 2, 7, 8], [0, 4, 6, 7], [3, 4, 5, 6], [0, 9, 10, 13], [0, 3, 12, 13], [0, 2, 4, 8], [1, 2, 3, 5], [1, 2, 6, 8], [0, 7, 12, 13], [0, 1, 2, 5], [1, 4, 5, 6], [0, 1, 3, 4], [0, 1, 2, 4], [0, 2, 3, 4], [1, 4, 11, 12], [1, 4, 5, 6], [0, 1, 2, 5], [0, 1, 2, 3], [2, 4, 6, 18], [0, 2, 3, 6], [1, 4, 5, 13], [0, 1, 3, 4], [0, 1, 2, 5], [0, 2, 5, 6], [0, 5, 6, 17], [0, 1, 4, 5], [1, 3, 4, 7], [0, 2, 3, 5], [2, 3, 5, 6], [0, 1, 2, 4], [0, 9, 12, 13], [0, 1, 3, 4], [3, 4, 6, 7], [0, 1, 3, 6], [2, 5, 8, 9], [1, 2, 4, 5], [1, 3, 5, 16], [3, 4, 8, 13], [0, 1, 3, 6], [1, 2, 3, 4], [1, 2, 4, 15], [0, 1, 5, 9], [0, 2, 6, 7], [3, 4, 6, 7], [1, 2, 5, 11], [1, 2, 3, 4], [2, 3, 6, 7], [1, 2, 4, 5], [0, 2, 3, 4], [0, 1, 3, 4], [0, 1, 2, 6], [0, 1, 4, 6], [1, 2, 3, 10], [14, 15, 22, 23], [0, 1, 6, 7], [5, 8, 11, 17], [0, 2, 4, 6], [0, 1, 3, 5], [2, 3, 6, 9], [0, 2, 4, 18], [10, 11, 12, 13], [6, 8, 10, 11], [0, 1, 3, 7], [0, 2, 3, 5], [1, 3, 6, 7], [0, 1, 5, 6], [0, 1, 2, 3], [1, 4, 5, 6], [0, 2, 4, 6], [0, 3, 10, 13], [0, 3, 4, 8], [1, 2, 3, 11], [1, 4, 7, 8], [0, 1, 2, 5], [0, 1, 3, 7], [4, 10, 16, 18], [1, 5, 6, 7], [2, 5, 11, 12], [0, 1, 2, 3], [1, 2, 3, 6], [0, 1, 2, 3], [0, 1, 5, 8], [0, 6, 8, 11], [1, 2, 5, 8], [0, 3, 5, 6], [7, 9, 13, 14], [0, 1, 3, 5], [0, 2, 5, 7], [2, 3, 4, 6], [0, 1, 2, 7], [1, 2, 4, 7], [2, 4, 5, 6], [0, 1, 2, 8], [0, 2, 4, 9], [0, 1, 2, 3], [1, 2, 3, 4], [9, 10, 20, 26], [0, 1, 3, 10], [1, 3, 4, 5], [5, 6, 8, 9], [0, 1, 2, 4], [0, 3, 4, 7], [11, 16, 24, 25], [0, 1, 2, 6], [1, 2, 5, 7], [0, 1, 2, 4], [1, 2, 3, 4], [0, 9, 17, 23], [0, 3, 4, 6], [1, 2, 20, 22], [0, 2, 3, 4], [2, 3, 4, 6], [2, 5, 6, 7], [0, 1, 7, 20], [0, 1, 2, 5], [2, 3, 6, 7], [0, 5, 6, 7], [1, 2, 5, 8], [0, 4, 5, 6], [1, 3, 4, 9], [0, 1, 6, 18], [0, 1, 3, 6], [0, 5, 8, 12], [2, 3, 5, 6], [0, 1, 2, 6], [3, 4, 6, 11], [1, 2, 3, 4], [1, 3, 4, 5], [17, 18, 21, 22], [0, 1, 2, 4], [0, 1, 4, 5], [8, 10, 12, 18], [2, 5, 6, 7], [1, 2, 3, 6], [0, 1, 5, 14], [3, 4, 7, 8], [2, 3, 4, 5], [0, 1, 2, 3]]",4,0.8116834163665771,128,learned,0.0,10304,4.0,124,0.8372966647148132,23,40 32 56 88,5149,0.6199447512626648,test,top_r_mean,0.0,0.0,0.0,0.5
0.024859195960380658,0.0,161,0.0,31,104.38599996268749,qasper,0.8,0.0,0.0,0.0,2002.03407:b5608076d91450b0d295ad14c3e3a90d7e168d0e,mean,0.46645962732919255,0.022962884977459908,"[[0, 1, 3, 4], [2, 3, 5, 17], [1, 3, 6, 9], [1, 7, 8, 9], [0, 1, 3, 4], [1, 4, 6, 8], [0, 1, 3, 7], [1, 2, 5, 6], [0, 1, 4, 6], [3, 4, 6, 10], [1, 4, 5, 7], [1, 5, 6, 7], [4, 7, 8, 11], [1, 5, 6, 8], [3, 4, 7, 11], [1, 3, 4, 5], [0, 1, 2, 3], [1, 2, 3, 4], [0, 1, 3, 4], [1, 2, 12, 14], [2, 3, 4, 10], [3, 4, 5, 10], [1, 2, 4, 7], [1, 2, 4, 7], [0, 1, 4, 6], [3, 4, 6, 8], [0, 2, 9, 10], [0, 1, 3, 12], [0, 1, 2, 4], [1, 2, 3, 5], [1, 2, 6, 8], [0, 7, 12, 13], [0, 1, 2, 3], [1, 4, 5, 6], [0, 1, 2, 3], [0, 1, 2, 4], [0, 3, 4, 6], [1, 2, 4, 12], [1, 4, 5, 6], [0, 1, 2, 4], [0, 1, 2, 3], [2, 4, 6, 18], [0, 2, 3, 6], [1, 4, 5, 13], [0, 1, 3, 4], [0, 1, 2, 3], [0, 2, 4, 5], [0, 3, 5, 6], [0, 1, 5, 6], [1, 3, 4, 10], [0, 2, 3, 12], [2, 3, 5, 6], [0, 1, 2, 4], [0, 9, 12, 13], [0, 1, 3, 4], [3, 4, 5, 6], [0, 1, 2, 3], [2, 5, 6, 8], [1, 2, 4, 5], [0, 1, 3, 5], [3, 4, 8, 9], [0, 1, 3, 6], [1, 2, 3, 4], [1, 2, 4, 14], [0, 1, 5, 9], [0, 1, 2, 7], [2, 4, 6, 7], [1, 2, 5, 11], [1, 2, 3, 4], [2, 3, 6, 7], [0, 1, 2, 4], [0, 2, 3, 4], [0, 1, 3, 4], [0, 1, 2, 6], [0, 1, 4, 5], [1, 2, 3, 9], [5, 10, 14, 15], [0, 1, 6, 7], [5, 8, 11, 17], [0, 4, 6, 7], [0, 1, 2, 3], [2, 3, 6, 9], [0, 2, 4, 18], [10, 11, 12, 13], [1, 6, 8, 10], [0, 1, 3, 7], [0, 2, 3, 5], [1, 3, 4, 6], [0, 1, 6, 12], [0, 1, 2, 3], [1, 5, 6, 7], [0, 2, 4, 6], [0, 3, 8, 10], [0, 3, 4, 6], [1, 2, 3, 11], [1, 2, 4, 7], [0, 1, 2, 8], [0, 1, 3, 7], [3, 4, 10, 16], [1, 5, 6, 7], [1, 2, 5, 11], [0, 1, 2, 3], [1, 2, 3, 6], [0, 1, 2, 3], [0, 1, 5, 8], [0, 2, 6, 8], [1, 2, 3, 5], [0, 3, 5, 6], [7, 9, 12, 13], [0, 1, 3, 5], [2, 3, 5, 6], [0, 2, 3, 4], [0, 1, 2, 7], [1, 2, 4, 8], [2, 3, 5, 6], [0, 1, 2, 4], [0, 2, 4, 9], [0, 1, 2, 3], [1, 2, 3, 4], [9, 10, 19, 20], [0, 1, 3, 10], [1, 3, 4, 5], [5, 6, 8, 9], [0, 1, 2, 4], [0, 3, 4, 7], [11, 14, 16, 24], [0, 1, 2, 4], [1, 2, 4, 5], [0, 1, 2, 4], [1, 2, 3, 4], [0, 9, 17, 23], [0, 3, 4, 6], [1, 2, 20, 22], [0, 2, 3, 4], [2, 3, 4, 6], [2, 5, 6, 7], [0, 1, 7, 19], [0, 1, 2, 5], [2, 3, 6, 7], [0, 5, 6, 7], [1, 2, 3, 5], [0, 2, 4, 5], [1, 3, 4, 8], [0, 1, 5, 6], [0, 1, 3, 6], [0, 4, 5, 6], [0, 2, 3, 5], [0, 1, 2, 6], [0, 3, 4, 6], [1, 2, 3, 4], [1, 3, 4, 5], [1, 17, 18, 21], [0, 1, 2, 4], [0, 1, 4, 5], [8, 10, 17, 18], [2, 5, 6, 7], [1, 2, 3, 6], [0, 1, 5, 10], [2, 3, 4, 7], [2, 3, 4, 5], [0, 1, 2, 3]]",4,0.8126829266548157,128,learned,0.0,10304,4.0,124,0.8379005789756775,37,88 96 56 40,5149,0.6329824924468994,test,top_r_mean,0.0,0.0,0.0,0.5
0.024859195960380658,0.0,161,0.0,31,121.39720004051924,qasper,0.8,0.0,0.0,0.0,2002.03407:b5608076d91450b0d295ad14c3e3a90d7e168d0e,mean,0.47360248447204967,0.021065033972263336,"[[0, 1, 3, 4], [2, 3, 5, 17], [1, 3, 6, 9], [1, 7, 8, 9], [1, 2, 3, 4], [1, 4, 6, 8], [0, 1, 7, 10], [1, 2, 5, 6], [0, 1, 4, 6], [3, 4, 6, 10], [1, 4, 5, 7], [1, 5, 6, 7], [4, 7, 8, 11], [1, 5, 6, 8], [3, 4, 7, 11], [1, 3, 4, 5], [0, 1, 2, 3], [1, 2, 3, 4], [0, 1, 3, 4], [1, 12, 14, 15], [2, 3, 4, 10], [3, 4, 5, 10], [1, 4, 7, 9], [1, 2, 4, 7], [0, 1, 4, 7], [3, 4, 6, 8], [0, 9, 10, 13], [0, 1, 3, 12], [0, 1, 2, 4], [1, 2, 3, 5], [1, 2, 6, 8], [0, 7, 12, 13], [0, 1, 2, 3], [4, 5, 6, 8], [0, 1, 3, 4], [0, 1, 2, 4], [0, 3, 4, 6], [1, 2, 11, 12], [1, 4, 5, 6], [0, 1, 2, 4], [0, 1, 2, 3], [2, 4, 6, 18], [0, 2, 3, 6], [1, 4, 5, 13], [0, 1, 3, 4], [0, 1, 2, 3], [0, 2, 4, 5], [0, 3, 5, 6], [0, 1, 4, 5], [1, 3, 4, 10], [0, 2, 3, 5], [2, 3, 5, 6], [0, 1, 2, 4], [0, 9, 12, 13], [0, 1, 3, 4], [3, 4, 5, 6], [0, 1, 2, 3], [2, 5, 6, 8], [1, 2, 3, 4], [0, 1, 3, 5], [2, 3, 4, 8], [0, 1, 3, 6], [1, 2, 3, 4], [1, 2, 4, 14], [0, 1, 5, 9], [0, 2, 7, 9], [2, 4, 6, 7], [1, 2, 5, 11], [1, 2, 3, 4], [2, 3, 6, 7], [0, 1, 2, 4], [0, 2, 3, 4], [0, 1, 3, 4], [0, 1, 2, 6], [0, 1, 4, 5], [1, 2, 3, 10], [10, 14, 15, 22], [0, 1, 6, 7], [3, 8, 11, 17], [0, 4, 6, 7], [0, 1, 3, 6], [2, 3, 6, 9], [0, 2, 4, 18], [10, 11, 12, 13], [1, 6, 8, 10], [0, 1, 3, 7], [0, 2, 3, 5], [1, 3, 4, 6], [0, 1, 5, 6], [0, 1, 2, 3], [1, 5, 6, 7], [0, 2, 6, 11], [0, 3, 8, 13], [0, 3, 4, 6], [1, 2, 3, 10], [1, 2, 4, 7], [0, 1, 2, 5], [0, 1, 3, 7], [3, 4, 10, 16], [1, 5, 6, 7], [1, 2, 5, 12], [0, 1, 2, 3], [1, 2, 3, 6], [0, 1, 2, 3], [0, 1, 5, 8], [0, 2, 6, 8], [1, 2, 5, 8], [0, 3, 5, 6], [7, 9, 12, 14], [0, 1, 3, 5], [2, 3, 5, 6], [0, 2, 3, 4], [0, 1, 7, 13], [1, 2, 4, 8], [2, 4, 5, 6], [0, 1, 2, 4], [0, 2, 4, 9], [0, 1, 2, 3], [1, 2, 3, 4], [9, 10, 19, 20], [0, 1, 3, 10], [1, 3, 4, 5], [1, 5, 6, 9], [0, 1, 2, 4], [0, 3, 4, 7], [11, 14, 16, 24], [0, 1, 2, 4], [1, 2, 4, 5], [0, 1, 2, 4], [1, 2, 3, 4], [0, 9, 17, 26], [0, 3, 4, 6], [1, 2, 20, 22], [0, 2, 3, 4], [2, 3, 4, 6], [2, 5, 6, 7], [0, 1, 7, 20], [0, 1, 2, 5], [2, 3, 6, 7], [0, 5, 6, 7], [1, 2, 3, 5], [0, 2, 4, 5], [1, 3, 4, 8], [0, 1, 5, 6], [0, 1, 3, 6], [0, 4, 5, 8], [2, 3, 5, 6], [0, 1, 2, 6], [0, 3, 4, 6], [1, 2, 3, 4], [1, 3, 4, 5], [1, 17, 21, 22], [0, 1, 2, 6], [0, 1, 4, 5], [8, 10, 15, 17], [2, 5, 6, 7], [1, 2, 3, 6], [0, 1, 5, 10], [3, 4, 5, 7], [2, 3, 4, 5], [0, 1, 2, 3]]",4,0.8091183304786682,128,learned,0.0,10304,4.0,124,0.8333344459533691,53,56 40 32 88,5149,0.6417960524559021,test,top_r_mean,0.0,0.0,0.0,0.375
0.024859195960380658,0.0,161,0.0,31,111.44810006953776,qasper,0.8,0.0,0.0,0.0,2002.03407:b5608076d91450b0d295ad14c3e3a90d7e168d0e,mean,0.48586956521739133,0.02110871486365795,"[[0, 1, 4, 5], [2, 3, 5, 11], [1, 3, 5, 6], [1, 7, 8, 9], [1, 3, 4, 7], [1, 4, 6, 8], [0, 4, 7, 10], [1, 2, 5, 6], [0, 1, 6, 8], [3, 4, 6, 10], [1, 4, 5, 7], [1, 5, 6, 7], [4, 7, 8, 9], [1, 5, 6, 8], [3, 4, 7, 11], [1, 3, 4, 5], [0, 1, 2, 3], [1, 2, 3, 4], [0, 1, 3, 4], [1, 8, 12, 14], [2, 3, 4, 10], [3, 4, 5, 15], [1, 4, 7, 9], [1, 2, 7, 8], [0, 4, 6, 7], [3, 4, 5, 6], [2, 9, 10, 13], [0, 1, 3, 12], [0, 1, 2, 4], [1, 2, 3, 5], [1, 2, 6, 8], [0, 7, 12, 13], [0, 1, 2, 3], [4, 5, 6, 8], [0, 1, 3, 4], [0, 1, 2, 4], [0, 2, 3, 4], [1, 9, 11, 12], [1, 4, 5, 6], [0, 1, 5, 8], [0, 1, 2, 3], [2, 4, 6, 18], [0, 2, 3, 6], [1, 4, 5, 13], [0, 1, 3, 4], [0, 1, 2, 5], [0, 2, 5, 6], [5, 6, 17, 19], [0, 1, 4, 6], [1, 3, 4, 10], [0, 2, 3, 5], [2, 3, 5, 6], [0, 1, 4, 5], [0, 9, 12, 13], [0, 1, 3, 4], [3, 4, 5, 6], [0, 1, 2, 3], [2, 5, 6, 8], [1, 2, 4, 5], [1, 3, 4, 5], [3, 4, 8, 9], [0, 1, 3, 6], [1, 3, 4, 5], [1, 2, 4, 14], [0, 1, 9, 20], [0, 2, 6, 7], [4, 6, 7, 9], [1, 2, 5, 11], [1, 2, 3, 11], [2, 3, 6, 7], [0, 1, 2, 4], [0, 2, 3, 4], [0, 1, 3, 4], [0, 1, 6, 7], [0, 1, 4, 5], [1, 2, 3, 10], [14, 15, 22, 23], [0, 1, 6, 7], [5, 8, 10, 11], [0, 4, 6, 19], [0, 1, 3, 6], [2, 3, 6, 9], [0, 2, 4, 18], [10, 11, 12, 13], [1, 6, 10, 11], [0, 1, 3, 7], [0, 2, 3, 5], [1, 3, 6, 7], [0, 1, 6, 12], [0, 1, 2, 3], [1, 5, 6, 7], [0, 2, 6, 11], [0, 3, 8, 10], [0, 3, 4, 6], [1, 2, 3, 10], [1, 4, 7, 8], [0, 1, 5, 8], [0, 1, 3, 7], [4, 10, 16, 18], [1, 5, 6, 7], [2, 5, 11, 12], [0, 1, 2, 3], [1, 2, 3, 6], [1, 2, 3, 4], [0, 1, 5, 8], [0, 2, 6, 8], [1, 2, 5, 8], [0, 3, 5, 6], [7, 9, 12, 13], [0, 1, 3, 5], [2, 3, 5, 11], [0, 2, 3, 4], [0, 1, 7, 13], [1, 2, 4, 8], [2, 4, 5, 6], [0, 1, 2, 4], [0, 2, 4, 9], [0, 1, 2, 3], [1, 2, 3, 4], [10, 19, 20, 26], [0, 1, 3, 10], [1, 4, 5, 6], [1, 5, 6, 9], [0, 1, 2, 4], [0, 3, 4, 7], [11, 14, 16, 24], [0, 1, 2, 4], [1, 2, 5, 7], [0, 1, 2, 4], [1, 2, 3, 4], [0, 9, 17, 23], [0, 3, 4, 6], [1, 2, 20, 22], [0, 2, 3, 4], [2, 3, 4, 6], [2, 5, 6, 7], [0, 1, 7, 20], [0, 1, 2, 5], [2, 3, 6, 7], [0, 4, 5, 6], [1, 2, 5, 8], [0, 2, 4, 5], [1, 3, 4, 8], [0, 1, 6, 18], [0, 1, 6, 13], [0, 4, 5, 8], [2, 3, 5, 6], [0, 1, 2, 6], [3, 4, 6, 11], [1, 2, 3, 4], [1, 3, 4, 5], [0, 1, 21, 22], [0, 1, 2, 6], [0, 1, 4, 5], [10, 12, 17, 18], [2, 5, 6, 7], [1, 2, 6, 7], [0, 1, 5, 10], [3, 4, 7, 8], [2, 3, 4, 5], [0, 1, 2, 3]]",4,0.7894372344017029,128,learned,0.0,10304,4.0,124,0.8137623071670532,71,88 96 56 40,5149,0.6545577049255371,test,top_r_mean,0.0,0.0,0.0,0.5
0.024859195960380658,0.0,161,0.0,31,122.14120011776686,qasper,0.8,0.0,0.0,0.0,2002.03407:b5608076d91450b0d295ad14c3e3a90d7e168d0e,mean,0.6051242236024845,0.008471114560961723,"[[0, 1, 3, 4, 8, 10, 15, 27], [2, 3, 5, 11, 17, 18, 24, 25], [1, 3, 5, 6, 12, 14, 16, 21], [1, 7, 8, 9, 13, 16, 19, 23], [1, 3, 4, 7, 9, 12, 13, 15], [1, 4, 6, 8, 10, 12, 20, 23], [0, 7, 10, 13, 15, 16, 17, 20], [1, 2, 5, 6, 7, 16, 19, 29], [0, 1, 4, 6, 8, 18, 19, 29], [3, 4, 6, 10, 11, 13, 15, 20], [1, 4, 5, 7, 8, 17, 22, 27], [1, 5, 7, 12, 13, 14, 15, 16], [4, 7, 8, 11, 12, 16, 18, 28], [1, 5, 6, 8, 9, 14, 17, 24], [3, 4, 7, 11, 13, 14, 15, 19], [1, 3, 4, 5, 8, 9, 13, 18], [0, 1, 2, 3, 8, 12, 14, 17], [1, 2, 3, 4, 6, 8, 24, 27], [0, 1, 3, 4, 7, 8, 10, 13], [1, 12, 14, 16, 19, 25, 29, 30], [2, 3, 4, 10, 12, 14, 15, 31], [3, 4, 5, 15, 16, 17, 27, 31], [1, 4, 7, 9, 18, 21, 22, 29], [1, 2, 7, 8, 12, 13, 24, 28], [0, 1, 4, 6, 7, 20, 23, 24], [3, 4, 6, 8, 12, 17, 23, 31], [2, 9, 10, 13, 14, 17, 23, 24], [1, 3, 12, 13, 14, 23, 26, 28], [0, 1, 2, 4, 8, 14, 15, 27], [1, 2, 3, 5, 6, 14, 15, 18], [1, 2, 6, 8, 9, 21, 24, 26], [0, 7, 12, 13, 22, 26, 29, 30], [0, 1, 2, 3, 7, 16, 21, 26], [4, 5, 6, 8, 11, 12, 26, 27], [0, 1, 3, 4, 9, 13, 21, 31], [0, 1, 2, 4, 12, 13, 15, 22], [0, 3, 4, 6, 7, 9, 11, 13], [1, 9, 11, 12, 14, 23, 25, 28], [1, 4, 5, 6, 9, 10, 13, 22], [0, 1, 2, 5, 8, 9, 11, 15], [0, 1, 2, 3, 10, 12, 29, 31], [2, 4, 6, 18, 21, 27, 28, 30], [0, 2, 3, 6, 10, 17, 26, 29], [1, 4, 5, 13, 17, 19, 21, 30], [0, 1, 3, 4, 6, 7, 13, 15], [0, 1, 2, 5, 7, 9, 11, 16], [0, 2, 5, 6, 7, 16, 19, 23], [0, 5, 6, 17, 20, 25, 27, 28], [0, 1, 4, 5, 6, 18, 20, 30], [1, 3, 4, 10, 15, 19, 24, 26], [0, 2, 3, 12, 19, 25, 26, 27], [2, 3, 5, 6, 10, 11, 25, 26], [0, 1, 4, 5, 8, 12, 29, 30], [0, 9, 12, 13, 14, 15, 20, 31], [0, 1, 3, 4, 5, 6, 13, 23], [3, 4, 5, 6, 7, 11, 26, 31], [0, 1, 3, 6, 9, 13, 17, 22], [2, 5, 6, 8, 9, 10, 11, 24], [1, 2, 4, 5, 6, 10, 11, 19], [0, 1, 3, 5, 17, 20, 23, 29], [3, 4, 8, 9, 13, 16, 19, 22], [0, 1, 3, 6, 10, 11, 18, 19], [1, 2, 3, 4, 5, 8, 16, 17], [1, 2, 4, 14, 20, 25, 27, 29], [0, 1, 5, 9, 20, 22, 23, 24], [0, 2, 7, 9, 10, 18, 30, 31], [4, 6, 7, 9, 11, 21, 22, 24], [1, 2, 5, 11, 23, 24, 29, 30], [1, 2, 3, 4, 10, 11, 23, 25], [2, 3, 6, 7, 8, 12, 15, 26], [1, 2, 4, 5, 7, 19, 24, 25], [0, 2, 3, 4, 7, 8, 11, 21], [0, 1, 3, 4, 5, 8, 10, 20], [0, 1, 2, 6, 7, 8, 22, 27], [0, 1, 4, 5, 6, 9, 15, 22], [1, 2, 3, 10, 15, 20, 25, 30], [14, 15, 22, 23, 27, 28, 29, 30], [0, 1, 6, 7, 9, 13, 20, 23], [3, 8, 11, 17, 20, 21, 27, 29], [0, 4, 6, 19, 24, 27, 28, 29], [0, 1, 3, 6, 8, 9, 11, 15], [2, 3, 4, 6, 9, 11, 15, 31], [0, 2, 4, 18, 19, 25, 26, 31], [10, 11, 12, 13, 14, 16, 17, 22], [1, 6, 10, 11, 13, 17, 22, 29], [0, 1, 3, 7, 8, 16, 18, 19], [0, 2, 3, 5, 14, 21, 22, 23], [1, 3, 6, 7, 12, 13, 15, 22], [0, 1, 6, 12, 23, 26, 27, 31], [1, 2, 3, 4, 9, 12, 20, 27], [1, 5, 6, 7, 9, 13, 16, 21], [0, 2, 6, 11, 13, 14, 18, 25], [0, 3, 8, 13, 14, 15, 17, 30], [0, 3, 4, 6, 8, 11, 19, 25], [1, 2, 3, 10, 11, 14, 15, 19], [1, 4, 7, 8, 11, 19, 27, 31], [0, 1, 2, 5, 8, 9, 11, 15], [0, 1, 3, 7, 8, 11, 18, 28], [3, 4, 10, 16, 18, 22, 23, 29], [1, 5, 6, 7, 9, 14, 22, 23], [2, 5, 11, 12, 17, 20, 22, 25], [0, 1, 2, 3, 6, 8, 15, 27], [1, 2, 3, 6, 10, 11, 14, 19], [1, 2, 3, 4, 9, 10, 27, 29], [0, 1, 5, 8, 10, 11, 15, 22], [0, 6, 8, 11, 12, 15, 20, 25], [1, 2, 5, 8, 9, 12, 18, 25], [0, 3, 6, 8, 9, 12, 16, 23], [7, 9, 14, 15, 18, 21, 22, 27], [0, 1, 3, 5, 7, 11, 14, 16], [2, 5, 6, 7, 11, 13, 17, 20], [0, 2, 3, 4, 6, 8, 10, 29], [0, 1, 7, 13, 14, 15, 21, 30], [1, 2, 4, 8, 18, 19, 24, 26], [2, 4, 5, 6, 8, 10, 12, 20], [0, 1, 2, 4, 9, 10, 14, 15], [0, 2, 4, 9, 16, 17, 22, 23], [0, 1, 2, 3, 4, 5, 6, 9], [1, 2, 3, 4, 5, 6, 14, 15], [10, 19, 20, 26, 28, 29, 30, 31], [0, 1, 3, 10, 12, 16, 25, 27], [1, 3, 4, 5, 6, 7, 10, 23], [5, 6, 8, 9, 10, 11, 13, 19], [0, 1, 2, 4, 18, 19, 20, 31], [0, 3, 4, 7, 10, 11, 13, 17], [11, 14, 16, 24, 25, 28, 29, 31], [0, 1, 2, 4, 6, 10, 14, 19], [1, 2, 5, 7, 11, 16, 20, 30], [0, 1, 2, 4, 12, 15, 16, 18], [1, 2, 3, 4, 5, 6, 10, 12], [0, 9, 17, 23, 26, 27, 29, 30], [0, 3, 4, 6, 7, 8, 9, 10], [2, 20, 22, 23, 24, 28, 29, 30], [0, 2, 3, 4, 7, 8, 11, 24], [2, 3, 4, 6, 9, 14, 15, 16], [2, 5, 6, 7, 18, 19, 29, 30], [0, 1, 7, 20, 24, 26, 27, 28], [0, 1, 2, 5, 6, 8, 9, 27], [2, 3, 6, 7, 15, 16, 25, 27], [0, 5, 6, 7, 8, 9, 22, 26], [1, 2, 5, 8, 10, 12, 15, 27], [0, 2, 4, 5, 6, 8, 13, 16], [1, 3, 4, 8, 9, 14, 15, 26], [0, 1, 6, 19, 21, 23, 26, 29], [0, 1, 3, 6, 9, 15, 21, 23], [0, 4, 5, 8, 12, 14, 23, 31], [2, 3, 5, 6, 7, 9, 11, 12], [0, 1, 2, 6, 7, 16, 18, 21], [3, 4, 6, 11, 12, 23, 26, 28], [1, 2, 3, 4, 5, 6, 13, 29], [1, 3, 4, 5, 6, 8, 21, 23], [17, 21, 22, 23, 28, 29, 30, 31], [0, 1, 2, 4, 6, 7, 8, 9], [0, 1, 4, 5, 8, 9, 13, 15], [10, 15, 17, 18, 19, 25, 27, 31], [2, 5, 6, 7, 11, 12, 26, 29], [1, 2, 6, 7, 8, 12, 25, 26], [0, 1, 5, 10, 14, 18, 19, 24], [3, 4, 7, 8, 12, 20, 22, 24], [2, 3, 4, 5, 14, 15, 16, 29], [0, 1, 2, 3, 5, 19, 22, 25]]",8,0.4124690890312195,128,learned,0.0,20608,4.0,124,0.4334489703178406,11,128 96 32 104,5149,0.7870169281959534,test,top_r_mean,0.0,0.0,0.5,0.625
0.024859195960380658,0.0,161,0.0,31,105.6345000397414,qasper,0.8,0.0,0.0,0.0,2002.03407:b5608076d91450b0d295ad14c3e3a90d7e168d0e,mean,0.617080745341615,0.008627010509371758,"[[0, 1, 3, 4, 8, 10, 15, 19], [2, 3, 5, 17, 18, 25, 27, 30], [1, 3, 6, 12, 13, 14, 16, 21], [1, 7, 8, 9, 12, 13, 19, 23], [1, 3, 4, 7, 9, 12, 13, 15], [1, 3, 4, 6, 8, 10, 12, 20], [0, 1, 3, 7, 13, 15, 16, 17], [1, 5, 6, 7, 10, 19, 24, 29], [0, 1, 4, 6, 8, 10, 18, 29], [3, 4, 5, 6, 11, 13, 15, 20], [1, 4, 5, 7, 8, 12, 22, 27], [1, 5, 6, 7, 12, 14, 15, 16], [4, 7, 8, 9, 11, 12, 18, 28], [1, 5, 6, 8, 9, 10, 17, 26], [3, 4, 7, 11, 13, 14, 15, 28], [1, 3, 4, 5, 8, 9, 13, 18], [0, 1, 3, 5, 8, 12, 14, 17], [1, 2, 3, 4, 6, 8, 20, 24], [0, 1, 3, 4, 7, 8, 10, 27], [1, 12, 14, 15, 16, 28, 29, 30], [2, 4, 8, 10, 12, 14, 15, 31], [0, 3, 4, 5, 15, 16, 17, 31], [1, 2, 4, 7, 18, 21, 22, 29], [1, 2, 7, 8, 12, 13, 24, 29], [0, 4, 6, 7, 10, 19, 20, 23], [3, 4, 5, 6, 8, 17, 23, 31], [0, 9, 10, 13, 14, 17, 23, 24], [0, 3, 12, 13, 14, 26, 28, 31], [0, 2, 4, 8, 14, 15, 21, 27], [1, 2, 3, 5, 14, 15, 18, 31], [1, 2, 6, 8, 9, 21, 24, 29], [0, 7, 12, 13, 22, 26, 29, 30], [0, 1, 2, 5, 7, 9, 16, 21], [1, 4, 5, 6, 8, 11, 12, 27], [0, 1, 3, 4, 9, 13, 21, 31], [0, 1, 2, 4, 10, 11, 12, 13], [0, 2, 3, 4, 6, 7, 9, 11], [1, 4, 11, 12, 14, 23, 25, 28], [1, 4, 5, 6, 9, 10, 17, 30], [0, 1, 2, 5, 8, 11, 13, 15], [0, 1, 2, 3, 10, 12, 29, 31], [2, 4, 6, 18, 21, 27, 28, 30], [0, 2, 3, 6, 9, 10, 17, 29], [1, 4, 5, 13, 17, 19, 21, 30], [0, 1, 3, 4, 6, 7, 13, 15], [0, 1, 2, 5, 7, 9, 11, 16], [0, 2, 5, 6, 7, 16, 19, 23], [0, 5, 6, 17, 20, 25, 27, 28], [0, 1, 4, 5, 6, 17, 20, 30], [1, 3, 4, 7, 10, 15, 24, 26], [0, 2, 3, 5, 12, 19, 25, 26], [2, 3, 5, 6, 10, 11, 24, 26], [0, 1, 2, 4, 5, 8, 12, 30], [0, 9, 12, 13, 14, 15, 20, 31], [0, 1, 3, 4, 5, 6, 13, 23], [3, 4, 6, 7, 11, 12, 21, 31], [0, 1, 3, 6, 9, 13, 17, 22], [2, 5, 8, 9, 10, 11, 24, 27], [1, 2, 4, 5, 6, 11, 19, 20], [1, 3, 5, 16, 17, 19, 20, 23], [3, 4, 8, 13, 16, 19, 22, 27], [0, 1, 3, 6, 10, 11, 18, 19], [1, 2, 3, 4, 5, 8, 16, 17], [1, 2, 4, 15, 23, 25, 27, 29], [0, 1, 5, 9, 20, 22, 23, 24], [0, 2, 6, 7, 9, 10, 18, 30], [3, 4, 6, 7, 9, 11, 21, 22], [1, 2, 5, 11, 12, 23, 29, 30], [1, 2, 3, 4, 6, 11, 18, 25], [2, 3, 6, 7, 8, 15, 16, 18], [1, 2, 4, 5, 7, 19, 24, 25], [0, 2, 3, 4, 7, 8, 11, 21], [0, 1, 3, 4, 5, 8, 9, 10], [0, 1, 2, 6, 7, 8, 22, 27], [0, 1, 4, 6, 9, 15, 21, 22], [1, 2, 3, 10, 15, 18, 20, 22], [14, 15, 22, 23, 27, 28, 29, 30], [0, 1, 6, 7, 9, 13, 20, 21], [5, 8, 11, 17, 20, 21, 27, 29], [0, 2, 4, 6, 19, 24, 28, 29], [0, 1, 3, 5, 6, 8, 9, 15], [2, 3, 6, 9, 11, 25, 27, 31], [0, 2, 4, 18, 21, 25, 26, 31], [10, 11, 12, 13, 14, 16, 17, 22], [6, 8, 10, 11, 13, 17, 22, 29], [0, 1, 3, 7, 8, 18, 19, 25], [0, 2, 3, 5, 19, 21, 22, 23], [1, 3, 6, 7, 12, 13, 15, 27], [0, 1, 5, 6, 12, 24, 26, 31], [0, 1, 2, 3, 4, 9, 12, 20], [1, 4, 5, 6, 7, 13, 16, 21], [0, 2, 4, 6, 11, 13, 14, 18], [0, 3, 10, 13, 14, 15, 17, 30], [0, 3, 4, 8, 11, 19, 24, 25], [1, 2, 3, 11, 12, 16, 19, 29], [1, 4, 7, 8, 11, 19, 22, 27], [0, 1, 2, 5, 9, 11, 15, 30], [0, 1, 3, 7, 8, 11, 18, 28], [4, 10, 16, 18, 20, 22, 23, 29], [1, 5, 6, 7, 9, 14, 22, 23], [2, 5, 11, 12, 13, 17, 20, 22], [0, 1, 2, 3, 6, 8, 15, 27], [1, 2, 3, 6, 10, 11, 14, 15], [0, 1, 2, 3, 4, 9, 10, 27], [0, 1, 5, 8, 10, 15, 18, 22], [0, 6, 8, 11, 12, 16, 20, 23], [1, 2, 5, 8, 9, 12, 18, 31], [0, 3, 5, 6, 8, 9, 12, 16], [7, 9, 13, 14, 15, 18, 22, 27], [0, 1, 3, 5, 7, 10, 11, 16], [0, 2, 5, 7, 11, 17, 19, 20], [2, 3, 4, 6, 8, 10, 13, 29], [0, 1, 2, 7, 13, 14, 15, 19], [1, 2, 4, 7, 8, 18, 19, 24], [2, 4, 5, 6, 8, 10, 12, 20], [0, 1, 2, 8, 9, 10, 14, 15], [0, 2, 4, 9, 16, 17, 22, 23], [0, 1, 2, 3, 4, 5, 6, 9], [1, 2, 3, 4, 5, 6, 14, 15], [9, 10, 20, 26, 28, 29, 30, 31], [0, 1, 3, 10, 12, 13, 25, 27], [1, 3, 4, 5, 6, 7, 10, 26], [5, 6, 8, 9, 10, 11, 13, 19], [0, 1, 2, 4, 18, 19, 20, 31], [0, 3, 4, 7, 10, 11, 13, 17], [11, 16, 24, 25, 28, 29, 30, 31], [0, 1, 2, 6, 10, 14, 19, 20], [1, 2, 5, 7, 11, 16, 20, 30], [0, 1, 2, 4, 6, 12, 15, 18], [1, 2, 3, 4, 5, 6, 10, 12], [0, 9, 17, 23, 26, 27, 29, 30], [0, 3, 4, 6, 7, 8, 9, 10], [1, 2, 20, 22, 23, 24, 28, 30], [0, 2, 3, 4, 7, 8, 11, 24], [2, 3, 4, 6, 9, 14, 15, 16], [2, 5, 6, 7, 11, 19, 29, 30], [0, 1, 7, 20, 21, 27, 28, 30], [0, 1, 2, 5, 6, 9, 27, 31], [2, 3, 6, 7, 15, 16, 25, 27], [0, 5, 6, 7, 8, 9, 22, 26], [1, 2, 5, 8, 10, 12, 15, 27], [0, 4, 5, 6, 8, 12, 13, 16], [1, 3, 4, 9, 14, 15, 24, 26], [0, 1, 6, 18, 19, 21, 23, 29], [0, 1, 3, 6, 15, 17, 21, 23], [0, 5, 8, 12, 14, 17, 23, 31], [2, 3, 5, 6, 9, 11, 12, 21], [0, 1, 2, 6, 7, 16, 18, 21], [3, 4, 6, 11, 12, 16, 23, 26], [1, 2, 3, 4, 5, 6, 16, 29], [1, 3, 4, 5, 8, 13, 20, 23], [17, 18, 21, 22, 23, 28, 29, 31], [0, 1, 2, 4, 5, 8, 9, 12], [0, 1, 4, 5, 8, 9, 11, 13], [8, 10, 12, 18, 19, 25, 27, 31], [2, 5, 6, 7, 12, 17, 18, 26], [1, 2, 3, 6, 7, 8, 12, 26], [0, 1, 5, 14, 18, 19, 24, 31], [3, 4, 7, 8, 10, 12, 20, 24], [2, 3, 4, 5, 14, 15, 16, 30], [0, 1, 2, 3, 5, 19, 22, 25]]",8,0.42064931988716125,128,learned,0.0,20608,4.0,124,0.4409162402153015,23,128 88 120 32,5149,0.801259458065033,test,top_r_mean,0.0,0.0,0.25,0.625
0.024859195960380658,0.0,161,0.0,31,138.53019988164306,qasper,0.8,0.0,0.0,0.0,2002.03407:b5608076d91450b0d295ad14c3e3a90d7e168d0e,mean,0.6295031055900621,0.00811050646007061,"[[0, 1, 3, 4, 5, 8, 10, 15], [2, 3, 5, 17, 18, 25, 27, 30], [1, 3, 6, 9, 12, 14, 16, 21], [1, 7, 8, 9, 13, 16, 19, 23], [0, 1, 3, 4, 7, 9, 13, 15], [1, 4, 6, 8, 10, 12, 13, 20], [0, 1, 3, 7, 10, 13, 16, 17], [1, 2, 5, 6, 7, 10, 16, 19], [0, 1, 4, 6, 8, 10, 18, 29], [3, 4, 6, 10, 11, 13, 15, 20], [1, 4, 5, 7, 8, 17, 22, 27], [1, 5, 6, 7, 12, 14, 15, 16], [4, 7, 8, 11, 12, 16, 18, 28], [1, 5, 6, 8, 9, 10, 17, 24], [3, 4, 7, 11, 13, 14, 15, 19], [1, 3, 4, 5, 8, 9, 13, 18], [0, 1, 2, 3, 8, 12, 14, 17], [1, 2, 3, 4, 6, 8, 20, 24], [0, 1, 3, 4, 7, 8, 10, 13], [1, 2, 12, 14, 16, 25, 29, 30], [2, 3, 4, 10, 12, 13, 14, 15], [3, 4, 5, 10, 15, 16, 17, 31], [1, 2, 4, 7, 9, 18, 21, 22], [1, 2, 4, 7, 8, 12, 13, 29], [0, 1, 4, 6, 7, 10, 20, 23], [3, 4, 6, 8, 12, 17, 23, 31], [0, 2, 9, 10, 13, 14, 17, 24], [0, 1, 3, 12, 13, 14, 26, 28], [0, 1, 2, 4, 8, 14, 15, 27], [1, 2, 3, 5, 14, 15, 18, 24], [1, 2, 6, 8, 9, 21, 24, 26], [0, 7, 12, 13, 22, 26, 29, 30], [0, 1, 2, 3, 5, 7, 16, 21], [1, 4, 5, 6, 8, 11, 12, 27], [0, 1, 2, 3, 4, 9, 13, 21], [0, 1, 2, 4, 12, 13, 15, 22], [0, 3, 4, 6, 7, 9, 11, 13], [1, 2, 4, 12, 14, 23, 25, 28], [1, 4, 5, 6, 9, 10, 17, 22], [0, 1, 2, 4, 5, 8, 11, 13], [0, 1, 2, 3, 10, 12, 29, 31], [2, 4, 6, 18, 21, 27, 28, 30], [0, 2, 3, 6, 10, 17, 26, 29], [1, 4, 5, 13, 17, 19, 21, 30], [0, 1, 3, 4, 6, 7, 13, 15], [0, 1, 2, 3, 5, 9, 11, 16], [0, 2, 4, 5, 6, 7, 16, 19], [0, 3, 5, 6, 17, 20, 25, 27], [0, 1, 5, 6, 17, 20, 24, 30], [1, 3, 4, 10, 15, 20, 24, 26], [0, 2, 3, 12, 17, 19, 25, 26], [2, 3, 5, 6, 10, 11, 17, 26], [0, 1, 2, 4, 5, 8, 12, 30], [0, 9, 12, 13, 14, 15, 20, 31], [0, 1, 3, 4, 5, 6, 13, 23], [3, 4, 5, 6, 7, 11, 12, 21], [0, 1, 2, 3, 9, 13, 17, 22], [2, 5, 6, 8, 9, 10, 11, 24], [1, 2, 4, 5, 6, 10, 11, 19], [0, 1, 3, 5, 17, 20, 23, 29], [3, 4, 8, 9, 13, 16, 19, 22], [0, 1, 3, 6, 10, 11, 18, 19], [1, 2, 3, 4, 5, 8, 16, 17], [1, 2, 4, 14, 15, 25, 27, 29], [0, 1, 5, 9, 20, 22, 23, 24], [0, 1, 2, 7, 9, 10, 18, 30], [2, 4, 6, 7, 9, 11, 21, 22], [1, 2, 5, 11, 12, 23, 29, 30], [1, 2, 3, 4, 6, 11, 18, 25], [2, 3, 6, 7, 8, 15, 16, 26], [0, 1, 2, 4, 5, 7, 24, 25], [0, 2, 3, 4, 7, 8, 10, 21], [0, 1, 3, 4, 5, 8, 9, 10], [0, 1, 2, 6, 7, 8, 22, 27], [0, 1, 4, 5, 6, 9, 11, 15], [1, 2, 3, 9, 10, 15, 20, 22], [5, 10, 14, 15, 22, 23, 28, 30], [0, 1, 6, 7, 9, 13, 20, 23], [5, 8, 11, 17, 20, 21, 27, 29], [0, 4, 6, 7, 19, 24, 28, 29], [0, 1, 2, 3, 6, 8, 9, 15], [2, 3, 6, 9, 11, 23, 25, 31], [0, 2, 4, 18, 21, 25, 26, 31], [10, 11, 12, 13, 14, 16, 17, 22], [1, 6, 8, 10, 11, 13, 17, 22], [0, 1, 3, 7, 8, 16, 18, 19], [0, 2, 3, 5, 14, 21, 22, 23], [1, 3, 4, 6, 7, 12, 13, 15], [0, 1, 6, 12, 15, 23, 26, 31], [0, 1, 2, 3, 4, 9, 12, 20], [1, 5, 6, 7, 9, 13, 16, 21], [0, 2, 4, 6, 11, 13, 14, 18], [0, 3, 8, 10, 13, 14, 15, 30], [0, 3, 4, 6, 8, 11, 19, 25], [1, 2, 3, 11, 12, 14, 15, 19], [1, 2, 4, 7, 8, 11, 19, 31], [0, 1, 2, 8, 9, 11, 15, 30], [0, 1, 3, 7, 8, 11, 18, 28], [3, 4, 10, 16, 18, 22, 23, 29], [1, 5, 6, 7, 9, 14, 23, 26], [1, 2, 5, 11, 12, 17, 20, 22], [0, 1, 2, 3, 6, 8, 27, 30], [1, 2, 3, 6, 11, 14, 15, 16], [0, 1, 2, 3, 4, 9, 10, 27], [0, 1, 5, 8, 10, 11, 12, 15], [0, 2, 6, 8, 11, 12, 17, 20], [1, 2, 3, 5, 8, 9, 12, 18], [0, 3, 5, 6, 8, 9, 12, 16], [7, 9, 12, 13, 14, 15, 22, 27], [0, 1, 3, 5, 6, 7, 11, 14], [2, 3, 5, 6, 7, 11, 13, 20], [0, 2, 3, 4, 6, 8, 10, 29], [0, 1, 2, 7, 13, 14, 15, 19], [1, 2, 4, 8, 18, 19, 24, 26], [2, 3, 5, 6, 8, 10, 12, 20], [0, 1, 2, 4, 9, 10, 14, 15], [0, 2, 4, 9, 16, 17, 22, 23], [0, 1, 2, 3, 4, 5, 6, 9], [1, 2, 3, 4, 5, 6, 14, 15], [9, 10, 19, 20, 26, 28, 29, 30], [0, 1, 3, 10, 12, 16, 25, 27], [1, 3, 4, 5, 6, 7, 10, 26], [5, 6, 8, 9, 10, 11, 13, 19], [0, 1, 2, 4, 18, 19, 20, 31], [0, 3, 4, 7, 10, 11, 13, 17], [11, 14, 16, 24, 25, 29, 30, 31], [0, 1, 2, 4, 6, 10, 14, 19], [1, 2, 4, 5, 7, 11, 16, 20], [0, 1, 2, 4, 6, 12, 15, 18], [1, 2, 3, 4, 5, 6, 10, 12], [0, 9, 17, 23, 26, 27, 29, 30], [0, 3, 4, 6, 7, 8, 9, 10], [1, 2, 20, 22, 23, 24, 29, 30], [0, 2, 3, 4, 7, 8, 11, 24], [2, 3, 4, 6, 9, 14, 15, 16], [2, 5, 6, 7, 17, 19, 29, 30], [0, 1, 7, 19, 20, 21, 27, 28], [0, 1, 2, 5, 6, 8, 9, 27], [2, 3, 6, 7, 15, 16, 25, 27], [0, 5, 6, 7, 8, 9, 22, 26], [1, 2, 3, 5, 8, 10, 15, 16], [0, 2, 4, 5, 6, 8, 13, 16], [1, 3, 4, 8, 9, 14, 24, 26], [0, 1, 5, 6, 11, 19, 21, 23], [0, 1, 3, 6, 15, 17, 21, 23], [0, 4, 5, 6, 8, 12, 14, 31], [0, 2, 3, 5, 6, 9, 11, 12], [0, 1, 2, 6, 7, 16, 18, 21], [0, 3, 4, 6, 11, 12, 23, 28], [1, 2, 3, 4, 5, 6, 13, 29], [1, 3, 4, 5, 6, 8, 13, 23], [1, 17, 18, 21, 22, 23, 28, 31], [0, 1, 2, 4, 6, 8, 9, 12], [0, 1, 4, 5, 6, 8, 9, 13], [8, 10, 17, 18, 19, 25, 27, 31], [2, 5, 6, 7, 12, 17, 18, 26], [1, 2, 3, 6, 7, 8, 12, 26], [0, 1, 5, 10, 14, 18, 19, 24], [2, 3, 4, 7, 8, 12, 20, 24], [2, 3, 4, 5, 14, 15, 16, 30], [0, 1, 2, 3, 5, 19, 22, 25]]",8,0.4081147015094757,128,learned,0.0,20608,4.0,124,0.42764660716056824,37,128 96 88 32,5149,0.8123303055763245,test,top_r_mean,0.0,0.0,0.25,0.625
0.024859195960380658,0.0,161,0.0,31,107.90510009974241,qasper,0.8,0.0,0.0,0.0,2002.03407:b5608076d91450b0d295ad14c3e3a90d7e168d0e,mean,0.6167701863354037,0.008873267099261284,"[[0, 1, 3, 4, 5, 8, 10, 15], [2, 3, 5, 17, 18, 24, 25, 30], [1, 3, 6, 9, 12, 14, 16, 21], [1, 7, 8, 9, 13, 16, 19, 23], [1, 2, 3, 4, 7, 12, 13, 15], [1, 4, 6, 8, 10, 12, 20, 23], [0, 1, 7, 10, 13, 15, 16, 17], [1, 2, 5, 6, 7, 16, 19, 29], [0, 1, 4, 6, 8, 10, 18, 29], [3, 4, 6, 10, 11, 13, 15, 20], [1, 4, 5, 7, 8, 17, 22, 27], [1, 5, 6, 7, 12, 14, 15, 16], [4, 7, 8, 11, 12, 16, 18, 28], [1, 5, 6, 8, 9, 10, 17, 24], [3, 4, 7, 11, 13, 14, 15, 19], [1, 3, 4, 5, 8, 9, 13, 18], [0, 1, 2, 3, 8, 12, 14, 17], [1, 2, 3, 4, 6, 8, 20, 24], [0, 1, 3, 4, 7, 8, 10, 13], [1, 12, 14, 15, 16, 19, 29, 30], [2, 3, 4, 10, 12, 14, 15, 31], [3, 4, 5, 10, 15, 16, 17, 31], [1, 4, 7, 9, 18, 21, 22, 29], [1, 2, 4, 7, 8, 12, 13, 28], [0, 1, 4, 7, 10, 20, 23, 24], [3, 4, 6, 8, 12, 17, 23, 31], [0, 9, 10, 13, 14, 17, 23, 24], [0, 1, 3, 12, 13, 14, 26, 28], [0, 1, 2, 4, 8, 14, 15, 27], [1, 2, 3, 5, 6, 14, 15, 18], [1, 2, 6, 8, 9, 21, 24, 29], [0, 7, 12, 13, 22, 26, 27, 30], [0, 1, 2, 3, 5, 7, 16, 21], [4, 5, 6, 8, 12, 26, 27, 28], [0, 1, 3, 4, 9, 13, 21, 31], [0, 1, 2, 4, 12, 13, 15, 22], [0, 3, 4, 6, 7, 9, 11, 13], [1, 2, 11, 12, 14, 23, 25, 28], [1, 4, 5, 6, 9, 10, 13, 22], [0, 1, 2, 4, 5, 9, 11, 15], [0, 1, 2, 3, 10, 12, 29, 31], [2, 4, 6, 18, 21, 27, 28, 30], [0, 2, 3, 6, 10, 17, 28, 29], [1, 4, 5, 13, 17, 19, 21, 30], [0, 1, 3, 4, 6, 7, 13, 15], [0, 1, 2, 3, 5, 9, 11, 16], [0, 2, 4, 5, 6, 7, 16, 19], [0, 3, 5, 6, 17, 20, 25, 27], [0, 1, 4, 5, 6, 18, 20, 30], [1, 3, 4, 10, 15, 24, 26, 28], [0, 2, 3, 5, 12, 19, 25, 26], [2, 3, 5, 6, 10, 11, 25, 26], [0, 1, 2, 4, 5, 8, 12, 30], [0, 9, 12, 13, 14, 15, 20, 31], [0, 1, 3, 4, 5, 6, 13, 23], [3, 4, 5, 6, 7, 11, 12, 31], [0, 1, 2, 3, 9, 13, 17, 22], [2, 5, 6, 8, 9, 10, 11, 24], [1, 2, 3, 4, 5, 6, 11, 19], [0, 1, 3, 5, 17, 20, 23, 29], [2, 3, 4, 8, 9, 13, 19, 22], [0, 1, 3, 6, 10, 11, 18, 19], [1, 2, 3, 4, 5, 8, 16, 17], [1, 2, 4, 14, 15, 25, 27, 29], [0, 1, 5, 9, 20, 22, 23, 24], [0, 2, 7, 9, 10, 18, 30, 31], [2, 4, 6, 7, 9, 11, 21, 22], [1, 2, 5, 11, 23, 24, 29, 30], [1, 2, 3, 4, 11, 18, 23, 25], [2, 3, 6, 7, 8, 12, 15, 26], [0, 1, 2, 4, 5, 7, 24, 25], [0, 2, 3, 4, 7, 8, 11, 21], [0, 1, 3, 4, 5, 8, 10, 20], [0, 1, 2, 6, 7, 8, 22, 27], [0, 1, 4, 5, 6, 9, 15, 21], [1, 2, 3, 10, 15, 20, 22, 25], [10, 14, 15, 22, 23, 27, 28, 30], [0, 1, 6, 7, 9, 13, 20, 23], [3, 8, 11, 17, 20, 21, 27, 29], [0, 4, 6, 7, 19, 24, 28, 29], [0, 1, 3, 6, 8, 9, 10, 15], [2, 3, 6, 9, 11, 15, 27, 31], [0, 2, 4, 18, 21, 25, 26, 31], [10, 11, 12, 13, 14, 16, 17, 22], [1, 6, 8, 10, 11, 17, 22, 29], [0, 1, 3, 7, 8, 16, 18, 19], [0, 2, 3, 5, 14, 21, 22, 23], [1, 3, 4, 6, 7, 12, 13, 15], [0, 1, 5, 6, 12, 23, 26, 31], [0, 1, 2, 3, 4, 9, 12, 20], [1, 5, 6, 7, 9, 13, 16, 21], [0, 2, 6, 11, 13, 14, 18, 25], [0, 3, 8, 13, 14, 15, 17, 30], [0, 3, 4, 6, 8, 11, 19, 25], [1, 2, 3, 10, 11, 14, 15, 19], [1, 2, 4, 7, 8, 11, 19, 30], [0, 1, 2, 5, 8, 9, 11, 15], [0, 1, 3, 7, 8, 11, 18, 28], [3, 4, 10, 16, 18, 22, 23, 29], [1, 5, 6, 7, 9, 14, 22, 23], [1, 2, 5, 12, 17, 20, 22, 25], [0, 1, 2, 3, 6, 8, 15, 27], [1, 2, 3, 6, 10, 11, 14, 19], [0, 1, 2, 3, 4, 9, 10, 27], [0, 1, 5, 8, 10, 11, 15, 22], [0, 2, 6, 8, 9, 11, 12, 20], [1, 2, 5, 8, 9, 11, 12, 25], [0, 3, 5, 6, 8, 9, 12, 16], [7, 9, 12, 14, 15, 21, 22, 27], [0, 1, 3, 5, 6, 7, 11, 16], [2, 3, 5, 6, 7, 11, 17, 20], [0, 2, 3, 4, 6, 8, 10, 29], [0, 1, 7, 13, 14, 15, 21, 30], [1, 2, 4, 8, 18, 19, 24, 26], [2, 4, 5, 6, 8, 10, 12, 20], [0, 1, 2, 4, 9, 10, 14, 15], [0, 2, 4, 9, 16, 17, 22, 23], [0, 1, 2, 3, 4, 5, 6, 9], [1, 2, 3, 4, 5, 6, 14, 15], [9, 10, 19, 20, 28, 29, 30, 31], [0, 1, 3, 10, 12, 16, 25, 27], [1, 3, 4, 5, 6, 7, 10, 23], [1, 5, 6, 9, 10, 11, 13, 19], [0, 1, 2, 4, 18, 19, 20, 31], [0, 3, 4, 7, 10, 11, 13, 17], [11, 14, 16, 24, 25, 28, 29, 31], [0, 1, 2, 4, 6, 10, 14, 19], [1, 2, 4, 5, 7, 11, 16, 30], [0, 1, 2, 4, 6, 12, 15, 18], [1, 2, 3, 4, 5, 6, 10, 12], [0, 9, 17, 26, 27, 29, 30, 31], [0, 3, 4, 6, 7, 8, 9, 10], [1, 2, 20, 22, 23, 24, 28, 30], [0, 2, 3, 4, 7, 8, 11, 24], [2, 3, 4, 6, 9, 14, 15, 16], [2, 5, 6, 7, 18, 19, 29, 30], [0, 1, 7, 20, 21, 24, 27, 28], [0, 1, 2, 5, 6, 8, 9, 27], [2, 3, 6, 7, 15, 16, 25, 27], [0, 5, 6, 7, 8, 9, 22, 26], [1, 2, 3, 5, 8, 10, 12, 15], [0, 2, 4, 5, 6, 8, 13, 16], [1, 3, 4, 8, 9, 14, 15, 26], [0, 1, 5, 6, 19, 21, 23, 29], [0, 1, 3, 6, 9, 15, 21, 23], [0, 4, 5, 8, 12, 14, 17, 31], [2, 3, 5, 6, 7, 9, 11, 12], [0, 1, 2, 6, 7, 16, 18, 21], [0, 3, 4, 6, 11, 12, 23, 28], [1, 2, 3, 4, 5, 6, 13, 29], [1, 3, 4, 5, 6, 8, 13, 23], [1, 17, 21, 22, 23, 28, 29, 31], [0, 1, 2, 6, 7, 8, 9, 12], [0, 1, 4, 5, 8, 9, 11, 13], [8, 10, 15, 17, 19, 25, 27, 31], [2, 5, 6, 7, 11, 12, 26, 29], [1, 2, 3, 6, 7, 8, 12, 26], [0, 1, 5, 10, 14, 18, 19, 24], [3, 4, 5, 7, 8, 12, 20, 24], [2, 3, 4, 5, 11, 14, 15, 16], [0, 1, 2, 3, 5, 10, 19, 22]]",8,0.41266125440597534,128,learned,0.0,20608,4.0,124,0.433610737323761,53,128 96 88 32,5149,0.7992523908615112,test,top_r_mean,0.0,0.0,0.25,0.625
0.024276558555059235,0.0,161,0.0,31,124.59199992008507,qasper,0.78125,0.0,0.0,0.0,2002.03407:b5608076d91450b0d295ad14c3e3a90d7e168d0e,mean,0.6265527950310559,0.008193504065275192,"[[0, 1, 4, 5, 8, 10, 15, 27], [2, 3, 5, 11, 17, 18, 24, 25], [1, 3, 5, 6, 12, 14, 16, 20], [1, 7, 8, 9, 13, 16, 19, 23], [1, 3, 4, 7, 9, 12, 13, 15], [1, 4, 6, 8, 10, 12, 20, 23], [0, 4, 7, 10, 13, 15, 16, 17], [1, 2, 5, 6, 7, 16, 19, 29], [0, 1, 6, 8, 18, 19, 20, 29], [3, 4, 6, 10, 11, 13, 15, 20], [1, 4, 5, 7, 8, 17, 22, 27], [1, 5, 6, 7, 12, 14, 15, 16], [4, 7, 8, 9, 11, 12, 18, 28], [1, 5, 6, 8, 9, 14, 17, 24], [3, 4, 7, 11, 13, 14, 15, 28], [1, 3, 4, 5, 8, 9, 13, 18], [0, 1, 2, 3, 8, 12, 17, 27], [1, 2, 3, 4, 5, 6, 8, 24], [0, 1, 3, 4, 7, 8, 10, 13], [1, 8, 12, 14, 16, 28, 29, 30], [2, 3, 4, 10, 12, 14, 15, 31], [3, 4, 5, 15, 16, 17, 27, 31], [1, 4, 7, 9, 18, 21, 22, 29], [1, 2, 7, 8, 12, 13, 20, 29], [0, 4, 6, 7, 20, 22, 23, 24], [3, 4, 5, 6, 8, 12, 23, 31], [2, 9, 10, 13, 14, 17, 24, 25], [0, 1, 3, 12, 13, 14, 26, 28], [0, 1, 2, 4, 8, 14, 15, 21], [1, 2, 3, 5, 14, 15, 18, 24], [1, 2, 6, 8, 9, 21, 24, 26], [0, 7, 12, 13, 26, 27, 29, 30], [0, 1, 2, 3, 7, 9, 21, 26], [4, 5, 6, 8, 11, 12, 26, 27], [0, 1, 3, 4, 9, 13, 21, 31], [0, 1, 2, 4, 12, 13, 15, 22], [0, 2, 3, 4, 6, 7, 9, 11], [1, 9, 11, 12, 14, 23, 25, 28], [1, 4, 5, 6, 9, 10, 13, 17], [0, 1, 5, 8, 9, 11, 13, 15], [0, 1, 2, 3, 10, 12, 29, 31], [2, 4, 6, 18, 21, 27, 28, 30], [0, 2, 3, 6, 10, 17, 29, 31], [1, 4, 5, 13, 17, 19, 21, 30], [0, 1, 3, 4, 6, 7, 13, 15], [0, 1, 2, 5, 7, 9, 11, 16], [0, 2, 5, 6, 7, 16, 19, 23], [5, 6, 17, 19, 20, 25, 27, 28], [0, 1, 4, 6, 18, 20, 26, 30], [1, 3, 4, 10, 15, 20, 24, 26], [0, 2, 3, 5, 12, 19, 25, 26], [2, 3, 5, 6, 10, 11, 25, 26], [0, 1, 4, 5, 8, 12, 29, 30], [0, 9, 12, 13, 14, 15, 17, 20], [0, 1, 3, 4, 5, 6, 13, 23], [3, 4, 5, 6, 7, 11, 21, 31], [0, 1, 2, 3, 9, 13, 17, 22], [2, 5, 6, 8, 9, 10, 11, 24], [1, 2, 4, 5, 6, 10, 11, 19], [1, 3, 4, 5, 17, 19, 20, 23], [3, 4, 8, 9, 13, 16, 19, 22], [0, 1, 3, 6, 10, 11, 18, 19], [1, 3, 4, 5, 8, 16, 17, 27], [1, 2, 4, 14, 20, 25, 27, 29], [0, 1, 9, 20, 22, 23, 24, 30], [0, 2, 6, 7, 10, 18, 26, 30], [4, 6, 7, 9, 11, 21, 22, 24], [1, 2, 5, 11, 23, 24, 29, 30], [1, 2, 3, 11, 18, 23, 25, 31], [2, 3, 6, 7, 8, 12, 15, 26], [0, 1, 2, 4, 5, 7, 24, 25], [0, 2, 3, 4, 8, 10, 11, 21], [0, 1, 3, 4, 5, 8, 10, 20], [0, 1, 6, 7, 8, 22, 27, 29], [0, 1, 4, 5, 6, 9, 15, 22], [1, 2, 3, 10, 15, 18, 20, 25], [14, 15, 22, 23, 27, 28, 29, 30], [0, 1, 6, 7, 9, 13, 20, 23], [5, 8, 10, 11, 17, 20, 27, 29], [0, 4, 6, 19, 24, 27, 28, 29], [0, 1, 3, 6, 8, 9, 10, 15], [2, 3, 6, 9, 11, 15, 25, 31], [0, 2, 4, 18, 19, 25, 26, 31], [10, 11, 12, 13, 14, 16, 17, 22], [1, 6, 10, 11, 13, 17, 22, 29], [0, 1, 3, 7, 8, 16, 18, 19], [0, 2, 3, 5, 19, 21, 22, 23], [1, 3, 6, 7, 12, 13, 15, 27], [0, 1, 6, 12, 23, 26, 27, 31], [0, 1, 2, 3, 4, 9, 12, 20], [1, 5, 6, 7, 9, 13, 16, 21], [0, 2, 6, 11, 13, 14, 18, 25], [0, 3, 8, 10, 13, 14, 15, 30], [0, 3, 4, 6, 8, 11, 19, 25], [1, 2, 3, 10, 11, 14, 15, 19], [1, 4, 7, 8, 11, 19, 27, 31], [0, 1, 5, 8, 9, 11, 15, 30], [0, 1, 3, 7, 8, 11, 18, 28], [4, 10, 16, 18, 21, 22, 23, 29], [1, 5, 6, 7, 9, 14, 23, 26], [2, 5, 11, 12, 17, 20, 22, 25], [0, 1, 2, 3, 6, 8, 27, 30], [1, 2, 3, 6, 10, 11, 14, 20], [1, 2, 3, 4, 9, 10, 15, 27], [0, 1, 5, 8, 10, 15, 18, 22], [0, 2, 6, 8, 11, 12, 20, 25], [1, 2, 5, 8, 9, 12, 25, 26], [0, 3, 5, 6, 8, 9, 12, 16], [7, 9, 12, 13, 14, 21, 22, 27], [0, 1, 3, 5, 7, 11, 16, 26], [2, 3, 5, 11, 13, 17, 19, 20], [0, 2, 3, 4, 6, 8, 10, 29], [0, 1, 7, 13, 15, 19, 23, 30], [1, 2, 4, 8, 18, 19, 24, 26], [2, 4, 5, 6, 8, 10, 12, 20], [0, 1, 2, 4, 9, 10, 14, 15], [0, 2, 4, 9, 15, 16, 17, 22], [0, 1, 2, 3, 4, 6, 9, 30], [1, 2, 3, 4, 5, 6, 14, 15], [10, 19, 20, 26, 28, 29, 30, 31], [0, 1, 3, 10, 12, 16, 25, 27], [1, 4, 5, 6, 7, 10, 23, 26], [1, 5, 6, 9, 10, 11, 13, 19], [0, 1, 2, 4, 18, 19, 20, 31], [0, 3, 4, 7, 10, 11, 13, 17], [11, 14, 16, 24, 25, 28, 29, 31], [0, 1, 2, 4, 6, 10, 14, 19], [1, 2, 5, 7, 11, 16, 20, 30], [0, 1, 2, 4, 12, 15, 16, 18], [1, 2, 3, 4, 5, 6, 10, 12], [0, 9, 17, 23, 26, 27, 29, 30], [0, 3, 4, 6, 7, 8, 9, 10], [1, 2, 20, 22, 23, 24, 28, 30], [0, 2, 3, 4, 7, 8, 11, 24], [2, 3, 4, 6, 9, 14, 15, 16], [2, 5, 6, 7, 18, 19, 29, 30], [0, 1, 7, 20, 21, 27, 28, 30], [0, 1, 2, 5, 6, 8, 9, 27], [2, 3, 6, 7, 15, 16, 25, 27], [0, 4, 5, 6, 8, 9, 22, 26], [1, 2, 5, 8, 10, 12, 15, 27], [0, 2, 4, 5, 6, 8, 13, 16], [1, 3, 4, 8, 9, 14, 24, 26], [0, 1, 6, 18, 19, 21, 23, 29], [0, 1, 6, 13, 15, 17, 21, 23], [0, 4, 5, 8, 12, 14, 17, 31], [2, 3, 5, 6, 9, 11, 12, 25], [0, 1, 2, 6, 7, 16, 18, 21], [3, 4, 6, 11, 12, 23, 26, 28], [1, 2, 3, 4, 5, 6, 13, 29], [1, 3, 4, 5, 8, 13, 21, 23], [0, 1, 21, 22, 23, 28, 29, 31], [0, 1, 2, 6, 7, 8, 9, 12], [0, 1, 4, 5, 8, 9, 11, 13], [10, 12, 17, 18, 19, 25, 27, 31], [2, 5, 6, 7, 17, 18, 26, 29], [1, 2, 6, 7, 8, 12, 25, 26], [0, 1, 5, 10, 14, 18, 19, 24], [3, 4, 7, 8, 10, 12, 20, 24], [2, 3, 4, 5, 14, 15, 16, 29], [0, 1, 2, 3, 5, 10, 19, 22]]",8,0.40565523505210876,125,learned,0.0,20608,4.0,124,0.42556068301200867,71,128 96 32 160,5149,0.8117120265960693,test,top_r_mean,0.0,0.0,0.25,0.625
0.02124128775307003,0.0,189,0.0,31,116.12610006704926,qasper,0.5,0.0,0.0,0.0,1611.03599:e330e162ec29722f5ec9f83853d129c9e0693d65,mean,0.3605809829420706,1.22902512550354,"[[0], [2], [2], [0], [3], [10], [2], [0], [0], [1], [2], [0], [0], [1], [1], [4], [0], [3], [3], [0], [0], [0], [2], [1], [0], [3], [2], [1], [1], [2], [0], [2], [0], [1], [1], [2], [1], [1], [0], [2], [0], [2], [1], [0], [1], [6], [4], [7], [0], [0], [0], [4], [6], [0], [2], [2], [0], [2], [1], [7], [3], [3], [9], [2], [0], [0], [0], [0], [0], [1], [1], [5], [0], [2], [5], [0], [1], [1], [1], [2], [0], [0], [4], [1], [2], [1], [0], [0], [0], [1], [2], [1], [0], [2], [1], [5], [0], [0], [4], [3], [0], [1], [0], [3], [0], [0], [1], [1], [6], [0], [1], [1], [0], [2], [3], [0], [4], [0], [2], [1], [0], [0], [1], [1], [1], [2], [4], [0], [0], [1], [12], [0], [4], [3], [1], [1], [0], [0], [0], [1], [4], [1], [2], [2], [0], [1], [1], [1], [1], [1], [1], [0], [0], [1], [1], [3], [1], [1], [2], [2], [0], [1], [1], [0], [6], [0], [0], [0], [0], [0], [0], [2], [1], [3], [5], [0], [0], [0], [0], [4], [5], [1], [2], [1], [0], [2], [1], [1], [1]]",1,1.0851638317108154,128,learned,0.0,3024,4.0,124,1.2545051574707031,11,168 160 56 64,6026,0.5090154409408569,test,top_r_mean,0.0,0.0,0.25,0.25
0.02124128775307003,0.0,189,0.0,31,142.03990017995238,qasper,0.5,0.0,0.0,0.0,1611.03599:e330e162ec29722f5ec9f83853d129c9e0693d65,mean,0.33930079378483363,1.236173152923584,"[[0], [2], [2], [0], [3], [10], [2], [0], [0], [1], [2], [0], [0], [2], [1], [4], [0], [3], [3], [0], [0], [0], [2], [1], [0], [3], [2], [0], [2], [1], [0], [2], [0], [1], [0], [2], [0], [1], [0], [2], [0], [1], [1], [0], [0], [6], [0], [7], [0], [0], [0], [4], [6], [0], [2], [2], [0], [2], [0], [7], [3], [3], [9], [2], [0], [0], [0], [0], [0], [1], [1], [5], [0], [3], [5], [0], [5], [1], [1], [2], [0], [0], [4], [1], [2], [1], [0], [0], [0], [4], [0], [0], [0], [2], [1], [5], [0], [0], [4], [3], [0], [1], [0], [3], [0], [0], [1], [1], [4], [0], [1], [1], [0], [2], [0], [0], [1], [0], [2], [2], [0], [0], [1], [1], [1], [1], [4], [0], [0], [1], [2], [0], [4], [0], [1], [4], [0], [0], [0], [0], [4], [1], [2], [2], [0], [1], [1], [1], [1], [1], [1], [0], [0], [1], [1], [3], [1], [0], [2], [0], [0], [1], [1], [0], [3], [0], [0], [0], [0], [0], [0], [0], [1], [3], [6], [0], [0], [0], [0], [4], [5], [1], [2], [0], [0], [2], [1], [2], [1]]",1,1.0925794839859009,128,learned,0.0,3024,4.0,124,1.2572495937347412,23,168 160 56 64,6026,0.4838123619556427,test,top_r_mean,0.0,0.0,0.25,0.25
0.02124128775307003,0.0,189,0.0,31,133.5885999724269,qasper,0.5,0.0,0.0,0.0,1611.03599:e330e162ec29722f5ec9f83853d129c9e0693d65,mean,0.37093959353712774,1.2314807176589966,"[[0], [1], [1], [0], [3], [10], [2], [0], [0], [1], [2], [0], [0], [1], [1], [4], [0], [3], [3], [0], [0], [0], [2], [0], [0], [3], [0], [0], [1], [1], [0], [1], [0], [1], [0], [2], [0], [1], [0], [2], [0], [1], [1], [0], [0], [4], [0], [7], [0], [0], [0], [4], [6], [0], [2], [2], [0], [2], [0], [7], [3], [3], [5], [2], [0], [0], [0], [0], [0], [1], [1], [4], [0], [2], [5], [0], [1], [1], [1], [2], [0], [0], [4], [1], [2], [1], [0], [0], [0], [1], [2], [0], [0], [2], [1], [5], [0], [0], [4], [3], [0], [1], [0], [3], [0], [0], [1], [1], [4], [0], [1], [1], [0], [0], [1], [0], [1], [0], [2], [1], [0], [0], [1], [1], [1], [1], [4], [0], [0], [1], [2], [0], [4], [0], [1], [1], [0], [0], [0], [1], [4], [1], [2], [2], [0], [1], [1], [1], [1], [1], [1], [0], [0], [1], [1], [3], [1], [0], [2], [0], [0], [1], [1], [0], [6], [0], [0], [0], [0], [0], [0], [0], [0], [3], [5], [0], [0], [0], [0], [4], [5], [1], [1], [0], [0], [2], [1], [1], [1]]",1,1.0893762111663818,128,learned,0.0,3024,4.0,124,1.254615306854248,37,168 160 56 64,6026,0.5237153768539429,test,top_r_mean,0.0,0.0,0.25,0.25
0.02124128775307003,0.0,189,0.0,31,131.4424998126924,qasper,0.5,0.0,0.0,0.0,1611.03599:e330e162ec29722f5ec9f83853d129c9e0693d65,mean,0.3480830940719473,1.2464897632598877,"[[0], [1], [1], [0], [2], [10], [2], [0], [0], [1], [2], [0], [0], [1], [1], [4], [0], [3], [3], [0], [0], [0], [2], [0], [0], [3], [0], [1], [1], [1], [0], [1], [0], [1], [0], [2], [0], [1], [0], [2], [0], [1], [1], [0], [0], [4], [0], [4], [0], [0], [0], [4], [6], [0], [2], [2], [0], [2], [0], [7], [3], [3], [5], [2], [0], [0], [0], [0], [0], [1], [1], [4], [0], [2], [5], [0], [1], [1], [1], [2], [0], [0], [4], [1], [2], [1], [0], [0], [0], [1], [0], [0], [0], [2], [1], [5], [0], [0], [4], [3], [0], [1], [0], [3], [0], [0], [1], [1], [4], [0], [1], [1], [0], [0], [1], [0], [1], [0], [2], [1], [0], [0], [1], [1], [1], [1], [4], [0], [0], [1], [2], [0], [0], [3], [1], [1], [0], [0], [0], [1], [4], [1], [2], [2], [0], [1], [1], [1], [1], [1], [1], [0], [0], [1], [1], [3], [1], [0], [2], [0], [0], [1], [1], [0], [1], [0], [0], [0], [0], [0], [0], [0], [1], [3], [5], [0], [0], [0], [0], [4], [5], [1], [1], [0], [0], [2], [1], [1], [1]]",1,1.1070228815078735,128,learned,0.0,3024,4.0,124,1.270884394645691,53,168 160 56 64,6026,0.495360791683197,test,top_r_mean,0.0,0.0,0.25,0.25
0.02124128775307003,0.0,189,0.0,31,121.71550001949072,qasper,0.5,0.0,0.0,0.0,1611.03599:e330e162ec29722f5ec9f83853d129c9e0693d65,mean,0.39019309801272306,1.2282781600952148,"[[0], [2], [2], [0], [3], [10], [2], [0], [0], [1], [2], [0], [0], [2], [1], [4], [0], [3], [3], [0], [0], [0], [2], [1], [0], [3], [2], [1], [1], [1], [0], [2], [0], [1], [1], [2], [1], [1], [0], [2], [0], [1], [1], [0], [0], [4], [0], [7], [0], [0], [5], [4], [6], [0], [2], [2], [0], [2], [0], [7], [3], [3], [5], [2], [0], [0], [0], [0], [0], [1], [1], [5], [0], [2], [5], [0], [1], [1], [1], [2], [0], [0], [4], [1], [2], [1], [0], [0], [0], [4], [0], [1], [0], [2], [1], [5], [0], [0], [4], [3], [0], [1], [0], [3], [0], [0], [1], [1], [4], [0], [1], [1], [0], [2], [3], [0], [1], [0], [2], [1], [0], [0], [1], [1], [1], [1], [3], [0], [0], [1], [2], [0], [0], [0], [1], [1], [0], [0], [0], [1], [4], [1], [2], [2], [0], [1], [1], [1], [1], [1], [1], [0], [0], [1], [1], [3], [1], [0], [2], [0], [0], [1], [1], [0], [10], [0], [0], [0], [0], [0], [0], [0], [0], [3], [10], [0], [0], [0], [0], [2], [5], [1], [1], [0], [0], [1], [1], [1], [1]]",1,1.086743712425232,128,learned,0.0,3024,4.0,124,1.2496801614761353,71,168 160 56 64,6026,0.5463534593582153,test,top_r_mean,0.0,0.0,0.25,0.25
0.02124128775307003,0.0,189,0.0,31,125.83640008233488,qasper,0.5,0.0,0.0,0.0,1611.03599:e330e162ec29722f5ec9f83853d129c9e0693d65,mean,0.39772599347067433,0.2527161240577698,"[[0, 1], [2, 4], [2, 5], [0, 1], [3, 5], [10, 13], [2, 9], [0, 1], [0, 1], [1, 2], [2, 3], [0, 4], [0, 1], [1, 2], [1, 2], [4, 7], [0, 1], [3, 4], [3, 4], [0, 1], [0, 2], [0, 1], [2, 3], [1, 2], [0, 1], [3, 4], [2, 3], [1, 3], [1, 2], [2, 4], [0, 3], [2, 5], [0, 1], [1, 2], [1, 3], [2, 4], [1, 2], [1, 2], [0, 2], [2, 3], [0, 1], [2, 3], [1, 2], [0, 1], [1, 2], [6, 8], [4, 5], [7, 12], [0, 5], [0, 1], [0, 5], [4, 5], [6, 7], [0, 1], [2, 4], [2, 8], [0, 1], [2, 3], [1, 2], [7, 9], [3, 4], [3, 7], [9, 10], [2, 3], [0, 1], [0, 1], [0, 8], [0, 3], [0, 1], [1, 2], [1, 2], [5, 8], [0, 1], [2, 10], [5, 6], [0, 1], [1, 5], [1, 3], [1, 3], [2, 3], [0, 1], [0, 1], [4, 5], [1, 4], [2, 3], [1, 2], [0, 5], [0, 2], [0, 1], [1, 4], [2, 4], [1, 2], [0, 1], [2, 17], [1, 5], [5, 6], [0, 1], [0, 1], [4, 5], [3, 5], [0, 4], [1, 2], [0, 8], [3, 4], [0, 1], [0, 1], [1, 2], [1, 2], [6, 7], [0, 1], [1, 3], [1, 5], [0, 1], [2, 7], [3, 5], [0, 1], [4, 9], [0, 1], [2, 6], [1, 2], [0, 1], [0, 4], [1, 2], [1, 2], [1, 2], [2, 5], [4, 5], [0, 1], [0, 1], [1, 2], [12, 13], [0, 9], [4, 5], [3, 6], [1, 3], [1, 4], [0, 1], [0, 12], [0, 1], [1, 2], [4, 5], [1, 2], [2, 3], [2, 3], [0, 1], [1, 4], [1, 3], [1, 2], [1, 2], [1, 2], [1, 2], [0, 2], [0, 5], [1, 4], [1, 2], [3, 7], [1, 2], [1, 2], [2, 3], [2, 3], [0, 1], [1, 3], [1, 3], [0, 1], [6, 10], [0, 2], [0, 3], [0, 1], [0, 1], [0, 1], [0, 1], [2, 9], [1, 3], [3, 4], [5, 17], [0, 4], [0, 1], [0, 3], [0, 1], [4, 5], [5, 6], [1, 2], [2, 4], [1, 4], [0, 1], [2, 4], [1, 2], [1, 2], [1, 2]]",2,0.845920979976654,128,learned,0.0,6048,4.0,124,0.8981504440307617,11,104 48 112 176,6026,0.5477239489555359,test,top_r_mean,1.0,0.5,0.25,0.625
0.02124128775307003,0.0,189,0.0,31,122.43460002355278,qasper,0.5,0.0,0.0,0.0,1611.03599:e330e162ec29722f5ec9f83853d129c9e0693d65,mean,0.3907463694697737,0.25627630949020386,"[[0, 1], [2, 4], [2, 4], [0, 1], [3, 8], [10, 11], [2, 5], [0, 1], [0, 1], [1, 2], [2, 3], [0, 1], [0, 1], [2, 3], [1, 2], [4, 7], [0, 1], [3, 4], [3, 4], [0, 1], [0, 2], [0, 1], [2, 3], [1, 2], [0, 1], [3, 4], [2, 5], [0, 1], [2, 3], [1, 2], [0, 3], [2, 5], [0, 1], [1, 2], [0, 3], [2, 4], [0, 1], [1, 2], [0, 4], [2, 3], [0, 1], [1, 2], [1, 2], [0, 1], [0, 1], [6, 8], [0, 4], [7, 12], [0, 5], [0, 1], [0, 5], [4, 5], [6, 7], [0, 1], [2, 4], [2, 5], [0, 1], [2, 3], [0, 1], [7, 9], [3, 4], [3, 7], [9, 10], [2, 3], [0, 1], [0, 1], [0, 8], [0, 1], [0, 1], [1, 2], [1, 2], [5, 8], [0, 1], [3, 10], [5, 6], [0, 1], [5, 7], [1, 3], [1, 3], [2, 3], [0, 1], [0, 1], [4, 5], [1, 3], [2, 3], [1, 2], [0, 5], [0, 2], [0, 1], [4, 5], [0, 2], [0, 1], [0, 1], [2, 17], [1, 5], [5, 6], [0, 1], [0, 1], [4, 5], [3, 5], [0, 4], [1, 2], [0, 8], [3, 4], [0, 1], [0, 1], [1, 2], [1, 2], [4, 6], [0, 1], [1, 3], [1, 4], [0, 1], [2, 5], [0, 1], [0, 1], [1, 4], [0, 1], [2, 4], [2, 8], [0, 1], [0, 4], [1, 2], [1, 2], [1, 2], [1, 2], [4, 6], [0, 1], [0, 1], [1, 2], [2, 12], [0, 6], [4, 5], [0, 3], [1, 3], [4, 5], [0, 1], [0, 13], [0, 1], [0, 1], [4, 5], [1, 2], [2, 3], [2, 3], [0, 1], [1, 3], [1, 3], [1, 2], [1, 2], [1, 2], [1, 2], [0, 2], [0, 1], [1, 4], [1, 2], [3, 7], [1, 2], [0, 1], [2, 3], [0, 2], [0, 1], [1, 3], [1, 3], [0, 1], [3, 7], [0, 3], [0, 3], [0, 1], [0, 1], [0, 1], [0, 1], [0, 2], [1, 3], [3, 4], [6, 10], [0, 3], [0, 1], [0, 3], [0, 1], [4, 5], [5, 6], [1, 2], [2, 4], [0, 1], [0, 1], [2, 4], [1, 2], [2, 3], [1, 2]]",2,0.8537769913673401,128,learned,0.0,6048,4.0,124,0.9067246913909912,23,104 48 112 176,6026,0.5432517528533936,test,top_r_mean,1.0,0.5,0.25,0.625
0.02124128775307003,0.0,189,0.0,31,105.63690005801618,qasper,0.5,0.0,0.0,0.0,1611.03599:e330e162ec29722f5ec9f83853d129c9e0693d65,mean,0.39142181695373185,0.25864920020103455,"[[0, 1], [1, 2], [1, 2], [0, 1], [3, 4], [10, 11], [2, 5], [0, 1], [0, 1], [1, 2], [2, 3], [0, 1], [0, 1], [1, 2], [1, 2], [4, 7], [0, 1], [3, 4], [3, 4], [0, 1], [0, 2], [0, 1], [2, 3], [0, 1], [0, 1], [3, 4], [0, 2], [0, 1], [1, 2], [1, 2], [0, 1], [1, 2], [0, 1], [1, 2], [0, 1], [2, 4], [0, 1], [1, 2], [0, 2], [2, 3], [0, 1], [1, 2], [1, 2], [0, 1], [0, 1], [4, 6], [0, 4], [7, 12], [0, 5], [0, 1], [0, 5], [4, 5], [6, 7], [0, 1], [2, 4], [2, 5], [0, 1], [2, 3], [0, 1], [7, 8], [3, 4], [3, 7], [5, 9], [2, 3], [0, 1], [0, 1], [0, 3], [0, 1], [0, 1], [1, 2], [1, 2], [4, 5], [0, 1], [2, 3], [5, 6], [0, 1], [1, 5], [1, 2], [1, 3], [2, 3], [0, 1], [0, 1], [4, 5], [1, 3], [2, 3], [1, 2], [0, 1], [0, 2], [0, 1], [1, 4], [2, 4], [0, 1], [0, 1], [2, 17], [1, 5], [5, 6], [0, 1], [0, 1], [4, 5], [3, 5], [0, 4], [1, 2], [0, 8], [3, 4], [0, 1], [0, 1], [1, 2], [1, 2], [4, 6], [0, 1], [1, 3], [1, 5], [0, 1], [0, 2], [1, 2], [0, 1], [1, 4], [0, 1], [2, 6], [1, 2], [0, 1], [0, 4], [1, 2], [1, 2], [1, 2], [1, 2], [4, 5], [0, 1], [0, 1], [1, 2], [2, 12], [0, 1], [4, 5], [0, 3], [1, 3], [1, 4], [0, 1], [0, 13], [0, 1], [1, 2], [4, 5], [1, 2], [2, 3], [2, 3], [0, 1], [1, 4], [1, 2], [1, 2], [1, 2], [1, 2], [1, 2], [0, 2], [0, 1], [1, 4], [1, 2], [3, 7], [1, 2], [0, 1], [2, 3], [0, 2], [0, 1], [1, 3], [1, 3], [0, 1], [6, 7], [0, 2], [0, 3], [0, 1], [0, 1], [0, 1], [0, 1], [0, 2], [0, 1], [3, 4], [5, 6], [0, 4], [0, 1], [0, 3], [0, 1], [4, 5], [5, 6], [1, 2], [1, 2], [0, 1], [0, 1], [2, 4], [1, 2], [1, 2], [1, 2]]",2,0.8604294657707214,128,learned,0.0,6048,4.0,124,0.9133005738258362,37,104 48 112 176,6026,0.5462788343429565,test,top_r_mean,1.0,0.5,0.25,0.625
0.02124128775307003,1.0,189,1.0,31,128.00939986482263,qasper,0.5,0.25,0.125,0.0,1611.03599:e330e162ec29722f5ec9f83853d129c9e0693d65,mean,0.368344027918496,0.2549099028110504,"[[0, 1], [1, 2], [1, 2], [0, 1], [2, 3], [10, 11], [2, 5], [0, 1], [0, 1], [1, 2], [2, 3], [0, 1], [0, 1], [1, 2], [1, 2], [4, 7], [0, 1], [3, 4], [3, 4], [0, 1], [0, 2], [0, 1], [2, 3], [0, 1], [0, 1], [3, 4], [0, 2], [1, 3], [1, 2], [1, 2], [0, 1], [1, 2], [0, 1], [1, 2], [0, 1], [2, 4], [0, 1], [1, 2], [0, 2], [2, 3], [0, 1], [1, 2], [1, 2], [0, 1], [0, 1], [4, 6], [0, 4], [4, 7], [0, 1], [0, 1], [0, 5], [4, 5], [6, 7], [0, 1], [2, 4], [2, 5], [0, 1], [2, 3], [0, 1], [7, 8], [3, 4], [3, 8], [5, 9], [2, 3], [0, 1], [0, 1], [0, 3], [0, 1], [0, 1], [1, 2], [1, 2], [4, 5], [0, 1], [2, 3], [5, 6], [0, 1], [1, 5], [1, 3], [1, 3], [2, 3], [0, 1], [0, 1], [4, 5], [1, 3], [2, 3], [1, 2], [0, 1], [0, 2], [0, 1], [1, 4], [0, 2], [0, 1], [0, 1], [2, 17], [1, 5], [5, 6], [0, 1], [0, 1], [4, 5], [3, 5], [0, 4], [1, 2], [0, 8], [3, 4], [0, 1], [0, 1], [1, 2], [1, 2], [4, 6], [0, 1], [1, 3], [1, 4], [0, 1], [0, 2], [1, 3], [0, 1], [1, 4], [0, 1], [2, 6], [1, 2], [0, 1], [0, 4], [1, 2], [1, 2], [1, 2], [1, 2], [4, 5], [0, 1], [0, 1], [1, 2], [2, 12], [0, 1], [0, 4], [3, 6], [1, 3], [1, 4], [0, 1], [0, 7], [0, 1], [1, 2], [4, 5], [1, 2], [2, 3], [2, 3], [0, 1], [1, 4], [1, 2], [1, 2], [1, 2], [1, 2], [1, 2], [0, 2], [0, 1], [1, 4], [1, 2], [3, 7], [1, 2], [0, 1], [2, 3], [0, 2], [0, 1], [1, 3], [1, 3], [0, 1], [1, 6], [0, 2], [0, 3], [0, 1], [0, 1], [0, 1], [0, 1], [0, 2], [1, 3], [3, 4], [5, 6], [0, 4], [0, 1], [0, 3], [0, 1], [4, 5], [5, 6], [1, 2], [1, 2], [0, 1], [0, 1], [2, 4], [1, 2], [1, 2], [1, 2]]",2,0.8662112355232239,128,learned,0.25,6048,4.0,124,0.9197897911071777,53,104 112 176 0,6026,0.519540011882782,test,top_r_mean,1.0,0.5,0.5,0.625
0.02124128775307003,0.0,189,0.0,31,135.0017001386732,qasper,0.5,0.0,0.0,0.0,1611.03599:e330e162ec29722f5ec9f83853d129c9e0693d65,mean,0.4105594956658786,0.2532690465450287,"[[0, 1], [2, 4], [2, 5], [0, 1], [3, 8], [10, 13], [2, 9], [0, 1], [0, 1], [1, 2], [2, 3], [0, 4], [0, 1], [2, 3], [1, 2], [4, 7], [0, 1], [3, 4], [3, 4], [0, 1], [0, 2], [0, 1], [2, 3], [1, 2], [0, 1], [3, 4], [2, 3], [1, 3], [1, 2], [1, 2], [0, 1], [2, 5], [0, 1], [1, 2], [1, 3], [2, 4], [1, 2], [1, 2], [0, 2], [2, 3], [0, 1], [1, 2], [1, 2], [0, 1], [0, 1], [4, 6], [0, 3], [7, 12], [0, 5], [0, 1], [5, 8], [4, 5], [6, 7], [0, 1], [2, 4], [2, 8], [0, 1], [2, 3], [0, 1], [7, 8], [3, 4], [3, 7], [5, 9], [2, 3], [0, 1], [0, 1], [0, 3], [0, 3], [0, 1], [1, 2], [1, 2], [5, 8], [0, 1], [2, 10], [5, 6], [0, 1], [1, 5], [1, 3], [1, 3], [2, 3], [0, 1], [0, 1], [4, 5], [1, 3], [2, 3], [1, 2], [0, 1], [0, 2], [0, 1], [4, 5], [0, 4], [1, 2], [0, 1], [2, 17], [1, 5], [5, 6], [0, 1], [0, 2], [4, 5], [3, 5], [0, 4], [1, 2], [0, 8], [3, 4], [0, 1], [0, 1], [1, 2], [1, 2], [4, 6], [0, 1], [1, 3], [1, 4], [0, 1], [2, 7], [3, 5], [0, 1], [1, 4], [0, 1], [2, 6], [1, 2], [0, 1], [0, 4], [1, 2], [1, 2], [1, 2], [1, 2], [3, 4], [0, 1], [0, 1], [1, 2], [2, 12], [0, 6], [0, 4], [0, 3], [1, 3], [1, 4], [0, 1], [0, 12], [0, 1], [1, 2], [4, 5], [1, 2], [2, 3], [2, 3], [0, 1], [1, 3], [1, 3], [1, 2], [1, 2], [1, 2], [1, 2], [0, 2], [0, 5], [1, 4], [1, 2], [3, 7], [1, 2], [0, 1], [2, 3], [0, 2], [0, 1], [1, 3], [1, 3], [0, 1], [10, 16], [0, 2], [0, 3], [0, 1], [0, 1], [0, 1], [0, 1], [0, 2], [0, 3], [3, 4], [10, 17], [0, 4], [0, 1], [0, 3], [0, 1], [2, 4], [5, 6], [1, 2], [1, 2], [0, 1], [0, 1], [1, 2], [1, 2], [1, 2], [1, 2]]",2,0.8498368859291077,128,learned,0.0,6048,4.0,124,0.9000063538551331,71,104 48 112 176,6026,0.5639275908470154,test,top_r_mean,1.0,0.5,0.25,0.625
0.02124128775307003,0.0,189,0.0,31,119.0643000882119,qasper,0.5,0.0,0.0,0.0,1611.03599:e330e162ec29722f5ec9f83853d129c9e0693d65,mean,0.4894742767083193,0.030597344040870667,"[[0, 1, 2, 3], [2, 4, 5, 13], [2, 5, 9, 10], [0, 1, 2, 21], [3, 5, 8, 13], [10, 13, 14, 15], [2, 9, 10, 17], [0, 1, 12, 13], [0, 1, 2, 7], [1, 2, 4, 5], [2, 3, 6, 7], [0, 4, 5, 20], [0, 1, 4, 7], [1, 2, 3, 7], [1, 2, 3, 4], [4, 7, 8, 9], [0, 1, 3, 5], [3, 4, 5, 7], [3, 4, 6, 7], [0, 1, 3, 4], [0, 2, 7, 8], [0, 1, 4, 6], [2, 3, 6, 7], [1, 2, 3, 6], [0, 1, 2, 3], [3, 4, 7, 8], [2, 3, 5, 7], [1, 3, 4, 7], [1, 2, 3, 4], [2, 4, 6, 7], [0, 3, 4, 16], [2, 5, 8, 16], [0, 1, 3, 11], [1, 2, 4, 6], [1, 3, 5, 14], [2, 4, 7, 12], [1, 2, 4, 5], [1, 2, 4, 12], [0, 2, 4, 5], [2, 3, 4, 5], [0, 1, 11, 12], [2, 3, 6, 7], [1, 2, 5, 7], [0, 1, 4, 8], [1, 2, 3, 5], [6, 8, 10, 14], [4, 5, 6, 7], [7, 12, 13, 18], [0, 5, 6, 10], [0, 1, 2, 4], [0, 5, 8, 9], [4, 5, 8, 10], [6, 7, 10, 11], [0, 1, 6, 7], [2, 4, 5, 10], [2, 8, 10, 13], [0, 1, 4, 6], [2, 3, 4, 5], [1, 2, 3, 4], [7, 9, 10, 17], [3, 4, 5, 6], [3, 7, 8, 11], [9, 10, 11, 12], [2, 3, 5, 6], [0, 1, 5, 6], [0, 1, 2, 7], [0, 8, 10, 11], [0, 3, 5, 11], [0, 1, 2, 3], [1, 2, 5, 11], [1, 2, 3, 5], [5, 8, 9, 16], [0, 1, 6, 9], [2, 10, 11, 12], [5, 6, 8, 9], [0, 1, 5, 6], [1, 5, 7, 8], [1, 3, 4, 5], [1, 3, 4, 5], [2, 3, 4, 6], [0, 1, 2, 3], [0, 1, 2, 3], [4, 5, 6, 12], [1, 4, 5, 8], [2, 3, 6, 7], [1, 2, 3, 13], [0, 5, 6, 15], [0, 2, 3, 6], [0, 1, 3, 6], [1, 4, 5, 7], [2, 4, 5, 15], [1, 2, 3, 8], [0, 1, 2, 3], [2, 17, 19, 20], [1, 5, 9, 10], [5, 6, 15, 18], [0, 1, 2, 3], [0, 1, 2, 9], [4, 5, 6, 7], [3, 5, 14, 16], [0, 4, 6, 7], [1, 2, 12, 17], [0, 8, 14, 15], [3, 4, 5, 8], [0, 1, 2, 4], [0, 1, 4, 12], [1, 2, 10, 12], [1, 2, 3, 7], [6, 7, 10, 11], [0, 1, 3, 6], [1, 3, 4, 5], [1, 5, 6, 7], [0, 1, 2, 7], [2, 7, 10, 13], [3, 5, 6, 12], [0, 1, 8, 11], [4, 9, 10, 12], [0, 1, 3, 5], [2, 6, 10, 15], [1, 2, 8, 9], [0, 1, 2, 3], [0, 4, 9, 12], [1, 2, 3, 6], [1, 2, 3, 8], [1, 2, 5, 12], [2, 5, 7, 8], [4, 5, 6, 7], [0, 1, 2, 12], [0, 1, 4, 7], [1, 2, 3, 6], [12, 13, 15, 18], [0, 9, 10, 13], [4, 5, 6, 13], [3, 6, 11, 14], [1, 3, 4, 5], [1, 4, 6, 11], [0, 1, 2, 4], [0, 12, 13, 16], [0, 1, 4, 5], [1, 2, 3, 4], [4, 5, 6, 7], [1, 2, 3, 4], [2, 3, 4, 5], [2, 3, 4, 7], [0, 1, 3, 7], [1, 4, 6, 8], [1, 3, 5, 6], [1, 2, 7, 16], [1, 2, 3, 4], [1, 2, 7, 8], [1, 2, 4, 5], [0, 2, 9, 13], [0, 5, 6, 10], [1, 4, 7, 8], [1, 2, 7, 16], [3, 7, 10, 11], [1, 2, 5, 7], [1, 2, 5, 6], [2, 3, 5, 11], [2, 3, 4, 7], [0, 1, 6, 13], [1, 3, 5, 6], [1, 3, 4, 7], [0, 1, 3, 4], [6, 10, 16, 18], [0, 2, 3, 4], [0, 3, 4, 7], [0, 1, 12, 15], [0, 1, 9, 11], [0, 1, 2, 3], [0, 1, 5, 6], [2, 9, 12, 14], [1, 3, 5, 6], [3, 4, 6, 7], [5, 17, 19, 22], [0, 4, 6, 9], [0, 1, 2, 7], [0, 3, 4, 7], [0, 1, 3, 5], [4, 5, 7, 9], [5, 6, 7, 12], [1, 2, 3, 5], [2, 4, 5, 7], [1, 4, 5, 6], [0, 1, 3, 4], [2, 4, 5, 7], [1, 2, 7, 8], [1, 2, 3, 4], [1, 2, 3, 4]]",4,0.8654738068580627,128,learned,0.0,12096,4.0,124,0.898916482925415,11,104 80 48 88,6026,0.6590412259101868,test,top_r_mean,1.0,0.5,0.25,0.5
0.02124128775307003,0.0,189,0.0,31,128.072899999097,qasper,0.5,0.0,0.0,0.0,1611.03599:e330e162ec29722f5ec9f83853d129c9e0693d65,mean,0.495328154902623,0.032821089029312134,"[[0, 1, 2, 3], [2, 4, 5, 12], [2, 4, 5, 9], [0, 1, 2, 21], [3, 8, 9, 10], [10, 11, 13, 14], [2, 5, 9, 10], [0, 1, 12, 13], [0, 1, 2, 7], [1, 2, 4, 5], [2, 3, 6, 7], [0, 1, 4, 5], [0, 1, 4, 6], [2, 3, 7, 15], [1, 2, 3, 4], [4, 7, 8, 9], [0, 1, 3, 5], [3, 4, 5, 7], [3, 4, 6, 7], [0, 1, 2, 4], [0, 2, 7, 8], [0, 1, 4, 6], [2, 3, 5, 7], [1, 2, 3, 6], [0, 1, 2, 3], [3, 4, 7, 8], [2, 5, 7, 10], [0, 1, 3, 4], [2, 3, 4, 5], [1, 2, 6, 7], [0, 3, 4, 16], [2, 5, 8, 9], [0, 1, 3, 11], [1, 2, 4, 6], [0, 3, 4, 5], [2, 4, 7, 12], [0, 1, 2, 4], [1, 2, 4, 12], [0, 4, 5, 6], [2, 3, 4, 5], [0, 1, 12, 16], [1, 2, 3, 6], [1, 2, 3, 5], [0, 1, 4, 8], [0, 1, 2, 3], [6, 8, 10, 15], [0, 4, 5, 6], [7, 12, 13, 14], [0, 5, 6, 10], [0, 1, 2, 6], [0, 5, 6, 8], [4, 5, 8, 11], [6, 7, 9, 10], [0, 1, 6, 7], [2, 4, 5, 10], [2, 5, 8, 13], [0, 1, 4, 6], [2, 3, 4, 5], [0, 1, 2, 3], [7, 9, 10, 17], [3, 4, 5, 6], [3, 7, 8, 13], [9, 10, 11, 12], [2, 3, 5, 6], [0, 1, 5, 6], [0, 1, 2, 7], [0, 8, 10, 11], [0, 1, 3, 5], [0, 1, 2, 3], [1, 2, 5, 11], [1, 2, 3, 5], [5, 8, 9, 16], [0, 1, 3, 6], [3, 10, 11, 12], [5, 6, 8, 9], [0, 1, 5, 6], [5, 7, 8, 9], [1, 3, 4, 5], [1, 3, 4, 5], [2, 3, 4, 5], [0, 1, 2, 3], [0, 1, 2, 3], [4, 5, 6, 10], [1, 3, 4, 5], [2, 3, 6, 7], [1, 2, 3, 18], [0, 5, 6, 15], [0, 2, 3, 6], [0, 1, 3, 6], [4, 5, 7, 10], [0, 2, 4, 5], [0, 1, 2, 3], [0, 1, 2, 3], [2, 17, 19, 20], [1, 5, 9, 10], [5, 6, 9, 15], [0, 1, 3, 9], [0, 1, 2, 5], [4, 5, 6, 7], [3, 5, 14, 16], [0, 4, 6, 7], [1, 2, 12, 17], [0, 8, 14, 18], [3, 4, 5, 8], [0, 1, 2, 4], [0, 1, 4, 12], [1, 2, 9, 10], [1, 2, 3, 6], [4, 6, 7, 10], [0, 1, 3, 6], [1, 3, 4, 5], [1, 4, 5, 6], [0, 1, 2, 7], [2, 5, 7, 10], [0, 1, 3, 5], [0, 1, 8, 13], [1, 4, 10, 12], [0, 1, 3, 5], [2, 4, 6, 10], [2, 8, 9, 12], [0, 1, 3, 10], [0, 4, 7, 9], [1, 2, 3, 6], [1, 2, 3, 8], [1, 2, 5, 12], [1, 2, 5, 7], [4, 6, 7, 8], [0, 1, 2, 12], [0, 1, 5, 7], [1, 2, 3, 6], [2, 12, 13, 15], [0, 6, 9, 10], [4, 5, 6, 13], [0, 3, 6, 9], [1, 3, 4, 5], [4, 5, 6, 11], [0, 1, 2, 4], [0, 13, 15, 16], [0, 1, 4, 5], [0, 1, 2, 3], [4, 5, 7, 9], [1, 2, 3, 4], [2, 3, 4, 5], [2, 3, 4, 7], [0, 1, 3, 7], [1, 3, 4, 6], [1, 3, 5, 6], [1, 2, 6, 7], [1, 2, 3, 4], [1, 2, 7, 8], [1, 2, 4, 5], [0, 2, 8, 13], [0, 1, 4, 5], [1, 4, 7, 8], [1, 2, 4, 7], [3, 7, 8, 10], [1, 2, 5, 7], [0, 1, 2, 5], [2, 3, 5, 11], [0, 2, 3, 4], [0, 1, 6, 13], [1, 3, 5, 6], [1, 3, 4, 7], [0, 1, 3, 4], [3, 7, 10, 16], [0, 3, 4, 6], [0, 3, 4, 7], [0, 1, 9, 15], [0, 1, 4, 9], [0, 1, 2, 3], [0, 1, 5, 6], [0, 2, 9, 12], [1, 3, 5, 6], [3, 4, 7, 8], [6, 10, 19, 22], [0, 3, 4, 6], [0, 1, 7, 12], [0, 3, 4, 7], [0, 1, 3, 5], [4, 5, 7, 9], [5, 6, 7, 9], [1, 2, 3, 5], [2, 4, 5, 7], [0, 1, 4, 5], [0, 1, 3, 4], [2, 4, 5, 7], [1, 2, 5, 7], [2, 3, 4, 7], [1, 2, 3, 4]]",4,0.8733551502227783,128,learned,0.0,12096,4.0,124,0.9070014953613281,23,104 80 48 88,6026,0.6711441278457642,test,top_r_mean,1.0,0.5,0.25,0.5
0.02124128775307003,0.0,189,0.0,31,124.90179995074868,qasper,0.5,0.0,0.0,0.0,1611.03599:e330e162ec29722f5ec9f83853d129c9e0693d65,mean,0.4687605538669368,0.032234299927949905,"[[0, 1, 2, 3], [1, 2, 4, 5], [1, 2, 5, 9], [0, 1, 2, 4], [3, 4, 8, 13], [10, 11, 13, 14], [2, 5, 9, 10], [0, 1, 12, 13], [0, 1, 2, 4], [1, 2, 4, 5], [2, 3, 6, 7], [0, 1, 4, 5], [0, 1, 4, 7], [1, 2, 3, 7], [1, 2, 3, 4], [4, 7, 8, 9], [0, 1, 3, 5], [3, 4, 5, 7], [3, 4, 6, 7], [0, 1, 3, 4], [0, 2, 7, 8], [0, 1, 4, 6], [2, 3, 6, 7], [0, 1, 2, 3], [0, 1, 2, 3], [3, 4, 7, 8], [0, 2, 5, 10], [0, 1, 3, 4], [1, 2, 3, 4], [1, 2, 4, 6], [0, 1, 3, 4], [1, 2, 5, 8], [0, 1, 3, 11], [1, 2, 4, 6], [0, 1, 3, 4], [2, 4, 7, 12], [0, 1, 2, 4], [1, 2, 4, 9], [0, 2, 4, 5], [2, 3, 4, 5], [0, 1, 2, 11], [1, 2, 3, 6], [1, 2, 3, 5], [0, 1, 4, 8], [0, 1, 2, 3], [4, 6, 8, 10], [0, 4, 5, 6], [7, 12, 13, 18], [0, 5, 6, 10], [0, 1, 2, 4], [0, 5, 6, 8], [4, 5, 8, 10], [6, 7, 10, 11], [0, 1, 6, 7], [2, 4, 5, 10], [2, 5, 8, 10], [0, 1, 3, 4], [2, 3, 4, 5], [0, 1, 2, 3], [7, 8, 9, 10], [3, 4, 5, 6], [3, 7, 8, 11], [5, 9, 10, 11], [2, 3, 5, 6], [0, 1, 5, 6], [0, 1, 2, 7], [0, 3, 8, 9], [0, 1, 2, 3], [0, 1, 2, 3], [1, 2, 5, 7], [1, 2, 3, 5], [4, 5, 8, 9], [0, 1, 2, 3], [2, 3, 10, 11], [5, 6, 8, 9], [0, 1, 5, 6], [1, 5, 7, 8], [1, 2, 3, 4], [1, 3, 4, 5], [2, 3, 4, 5], [0, 1, 2, 3], [0, 1, 2, 3], [4, 5, 6, 7], [1, 3, 4, 5], [2, 3, 6, 7], [1, 2, 3, 7], [0, 1, 5, 6], [0, 2, 3, 6], [0, 1, 3, 6], [1, 4, 5, 7], [2, 4, 5, 15], [0, 1, 2, 3], [0, 1, 2, 3], [2, 17, 19, 20], [1, 5, 9, 10], [5, 6, 9, 11], [0, 1, 2, 3], [0, 1, 2, 9], [4, 5, 6, 7], [3, 5, 14, 16], [0, 4, 6, 7], [1, 2, 12, 13], [0, 8, 14, 18], [3, 4, 5, 8], [0, 1, 2, 4], [0, 1, 4, 12], [1, 2, 10, 12], [1, 2, 3, 7], [4, 6, 7, 8], [0, 1, 3, 6], [1, 3, 4, 5], [1, 5, 6, 7], [0, 1, 2, 7], [0, 2, 7, 10], [1, 2, 3, 5], [0, 1, 8, 11], [1, 4, 9, 10], [0, 1, 3, 5], [2, 6, 10, 15], [1, 2, 7, 8], [0, 1, 2, 3], [0, 4, 9, 12], [1, 2, 3, 6], [1, 2, 3, 5], [1, 2, 5, 12], [1, 2, 5, 7], [4, 5, 6, 7], [0, 1, 2, 3], [0, 1, 5, 7], [1, 2, 3, 6], [2, 12, 13, 15], [0, 1, 6, 9], [4, 5, 6, 10], [0, 3, 6, 11], [1, 3, 4, 5], [1, 4, 5, 6], [0, 1, 2, 4], [0, 13, 15, 16], [0, 1, 4, 5], [1, 2, 3, 4], [4, 5, 6, 7], [1, 2, 3, 4], [2, 3, 4, 5], [2, 3, 4, 7], [0, 1, 3, 7], [1, 4, 6, 7], [1, 2, 3, 5], [1, 2, 7, 16], [1, 2, 3, 4], [1, 2, 7, 8], [1, 2, 4, 5], [0, 2, 8, 13], [0, 1, 4, 5], [1, 4, 7, 8], [1, 2, 4, 7], [3, 7, 10, 11], [1, 2, 5, 7], [0, 1, 2, 5], [2, 3, 5, 11], [0, 2, 3, 4], [0, 1, 6, 13], [1, 3, 5, 6], [1, 3, 4, 7], [0, 1, 3, 4], [6, 7, 10, 16], [0, 2, 3, 4], [0, 3, 4, 7], [0, 1, 9, 12], [0, 1, 4, 9], [0, 1, 2, 3], [0, 1, 5, 6], [0, 2, 9, 12], [0, 1, 3, 5], [3, 4, 6, 7], [5, 6, 19, 22], [0, 4, 6, 8], [0, 1, 2, 4], [0, 3, 4, 7], [0, 1, 3, 5], [4, 5, 7, 9], [5, 6, 7, 12], [1, 2, 3, 5], [1, 2, 4, 5], [0, 1, 4, 5], [0, 1, 3, 4], [2, 4, 5, 6], [1, 2, 5, 7], [1, 2, 3, 4], [1, 2, 3, 4]]",4,0.8678569793701172,128,learned,0.0,12096,4.0,124,0.9024279713630676,37,104 80 48 88,6026,0.6371354460716248,test,top_r_mean,1.0,0.5,0.25,0.375
0.02124128775307003,1.0,189,1.0,31,135.26599993929267,qasper,0.5,0.25,0.125,0.0,1611.03599:e330e162ec29722f5ec9f83853d129c9e0693d65,mean,0.45682764831701,0.03142639622092247,"[[0, 1, 2, 3], [1, 2, 4, 5], [1, 2, 5, 9], [0, 1, 2, 4], [2, 3, 4, 8], [10, 11, 13, 14], [2, 5, 9, 10], [0, 1, 12, 13], [0, 1, 2, 7], [1, 2, 4, 5], [2, 3, 6, 7], [0, 1, 4, 5], [0, 1, 4, 7], [1, 2, 3, 7], [1, 2, 3, 4], [4, 7, 8, 9], [0, 1, 3, 5], [3, 4, 5, 7], [3, 4, 6, 7], [0, 1, 2, 4], [0, 2, 7, 8], [0, 1, 4, 6], [2, 3, 5, 7], [0, 1, 2, 3], [0, 1, 2, 3], [3, 4, 7, 8], [0, 2, 3, 5], [1, 3, 4, 7], [1, 2, 3, 4], [1, 2, 4, 6], [0, 1, 3, 4], [1, 2, 5, 8], [0, 1, 3, 11], [1, 2, 4, 6], [0, 1, 3, 5], [2, 4, 7, 12], [0, 1, 2, 4], [1, 2, 4, 12], [0, 2, 4, 5], [2, 3, 4, 5], [0, 1, 11, 12], [1, 2, 3, 6], [1, 2, 3, 5], [0, 1, 4, 8], [0, 1, 2, 3], [4, 6, 8, 10], [0, 4, 5, 6], [4, 7, 12, 13], [0, 1, 5, 6], [0, 1, 2, 4], [0, 5, 8, 9], [4, 5, 8, 10], [6, 7, 10, 11], [0, 1, 6, 7], [2, 4, 5, 10], [2, 5, 8, 10], [0, 1, 3, 4], [2, 3, 4, 5], [0, 1, 2, 3], [7, 8, 9, 10], [3, 4, 5, 6], [3, 8, 11, 13], [5, 9, 10, 11], [2, 3, 5, 6], [0, 1, 5, 6], [0, 1, 2, 7], [0, 3, 8, 9], [0, 1, 3, 5], [0, 1, 2, 3], [1, 2, 5, 7], [1, 2, 3, 5], [4, 5, 8, 9], [0, 1, 2, 3], [2, 3, 10, 11], [5, 6, 8, 9], [0, 1, 5, 6], [1, 5, 7, 8], [1, 3, 4, 5], [1, 3, 4, 5], [2, 3, 4, 5], [0, 1, 2, 3], [0, 1, 2, 3], [4, 5, 6, 7], [1, 3, 4, 5], [2, 3, 6, 7], [1, 2, 3, 7], [0, 1, 5, 6], [0, 2, 3, 6], [0, 1, 3, 6], [1, 4, 5, 7], [0, 2, 4, 5], [0, 1, 2, 3], [0, 1, 2, 3], [2, 17, 19, 20], [1, 5, 9, 10], [5, 6, 11, 15], [0, 1, 2, 3], [0, 1, 2, 14], [4, 5, 6, 7], [3, 5, 14, 16], [0, 4, 6, 7], [1, 2, 12, 17], [0, 8, 14, 18], [3, 4, 5, 8], [0, 1, 2, 4], [0, 1, 4, 12], [1, 2, 10, 12], [1, 2, 3, 7], [4, 6, 7, 8], [0, 1, 3, 6], [1, 3, 4, 5], [1, 4, 5, 6], [0, 1, 2, 7], [0, 2, 7, 10], [1, 3, 5, 6], [0, 1, 8, 11], [1, 4, 9, 10], [0, 1, 3, 5], [2, 6, 10, 15], [1, 2, 7, 8], [0, 1, 2, 3], [0, 4, 9, 12], [1, 2, 3, 5], [1, 2, 3, 5], [1, 2, 5, 12], [1, 2, 5, 7], [4, 5, 6, 7], [0, 1, 2, 12], [0, 1, 4, 7], [1, 2, 3, 6], [2, 12, 13, 15], [0, 1, 6, 9], [0, 4, 5, 6], [3, 6, 11, 14], [1, 3, 4, 5], [1, 4, 5, 6], [0, 1, 2, 4], [0, 7, 12, 13], [0, 1, 4, 5], [1, 2, 3, 4], [4, 5, 6, 7], [1, 2, 3, 4], [2, 3, 4, 5], [2, 3, 4, 7], [0, 1, 2, 3], [1, 4, 6, 8], [1, 2, 3, 5], [1, 2, 7, 16], [1, 2, 3, 4], [1, 2, 7, 8], [1, 2, 4, 5], [0, 2, 9, 13], [0, 1, 5, 6], [1, 4, 7, 8], [1, 2, 4, 7], [3, 7, 10, 11], [1, 2, 5, 7], [0, 1, 2, 5], [2, 3, 5, 8], [0, 2, 3, 4], [0, 1, 6, 13], [1, 3, 5, 6], [1, 3, 4, 7], [0, 1, 3, 4], [1, 6, 10, 16], [0, 2, 3, 4], [0, 3, 4, 7], [0, 1, 9, 12], [0, 1, 9, 11], [0, 1, 2, 3], [0, 1, 5, 6], [0, 2, 9, 12], [1, 3, 5, 6], [3, 4, 6, 7], [5, 6, 17, 19], [0, 4, 6, 9], [0, 1, 2, 7], [0, 3, 4, 7], [0, 1, 3, 5], [4, 5, 7, 9], [5, 6, 7, 12], [1, 2, 3, 5], [1, 2, 4, 5], [0, 1, 4, 5], [0, 1, 3, 4], [2, 4, 5, 6], [1, 2, 7, 8], [1, 2, 3, 4], [1, 2, 3, 4]]",4,0.8805517554283142,128,learned,0.25,12096,4.0,124,0.9137458801269531,53,104 80 88 0,6026,0.6267086267471313,test,top_r_mean,1.0,0.5,0.5,0.5
0.02124128775307003,0.0,189,0.0,31,129.25090012140572,qasper,0.5,0.0,0.0,0.0,1611.03599:e330e162ec29722f5ec9f83853d129c9e0693d65,mean,0.49138804457953394,0.030132342129945755,"[[0, 1, 2, 3], [2, 4, 5, 12], [2, 5, 9, 10], [0, 1, 2, 4], [3, 8, 13, 15], [10, 13, 14, 15], [2, 9, 10, 17], [0, 1, 12, 13], [0, 1, 2, 7], [1, 2, 4, 5], [2, 3, 6, 7], [0, 4, 5, 10], [0, 1, 4, 6], [2, 3, 7, 15], [1, 2, 3, 4], [4, 7, 8, 9], [0, 1, 3, 5], [3, 4, 5, 7], [3, 4, 7, 10], [0, 1, 3, 4], [0, 2, 7, 8], [0, 1, 4, 6], [2, 3, 6, 7], [1, 2, 3, 6], [0, 1, 2, 3], [3, 4, 8, 11], [2, 3, 5, 7], [1, 3, 4, 8], [1, 2, 3, 4], [1, 2, 6, 7], [0, 1, 3, 4], [2, 5, 8, 16], [0, 1, 3, 11], [1, 2, 4, 6], [1, 3, 5, 14], [2, 4, 7, 12], [1, 2, 4, 5], [1, 2, 4, 16], [0, 2, 4, 5], [2, 3, 4, 5], [0, 1, 11, 12], [1, 2, 3, 6], [1, 2, 3, 5], [0, 1, 4, 8], [0, 1, 2, 3], [4, 6, 8, 10], [0, 3, 5, 6], [7, 12, 13, 17], [0, 5, 6, 10], [0, 1, 2, 4], [5, 8, 9, 12], [4, 5, 8, 10], [6, 7, 10, 11], [0, 1, 6, 7], [2, 4, 5, 10], [2, 8, 10, 13], [0, 1, 6, 15], [2, 3, 5, 9], [0, 1, 2, 3], [7, 8, 9, 10], [3, 4, 5, 6], [3, 7, 8, 13], [5, 9, 10, 11], [2, 3, 5, 6], [0, 1, 5, 6], [0, 1, 2, 7], [0, 3, 8, 10], [0, 3, 5, 11], [0, 1, 2, 3], [1, 2, 5, 11], [1, 2, 3, 5], [5, 8, 9, 16], [0, 1, 2, 3], [2, 10, 11, 12], [5, 6, 8, 9], [0, 1, 5, 6], [1, 5, 7, 8], [1, 3, 4, 5], [1, 3, 4, 5], [2, 3, 4, 6], [0, 1, 2, 3], [0, 1, 2, 3], [4, 5, 6, 10], [1, 3, 4, 5], [2, 3, 6, 12], [1, 2, 3, 7], [0, 1, 5, 6], [0, 2, 3, 6], [0, 1, 3, 6], [4, 5, 7, 10], [0, 4, 5, 15], [1, 2, 3, 7], [0, 1, 2, 3], [2, 17, 19, 20], [1, 5, 9, 10], [5, 6, 9, 18], [0, 1, 2, 3], [0, 2, 5, 9], [4, 5, 6, 7], [3, 5, 14, 16], [0, 4, 6, 7], [1, 2, 12, 17], [0, 8, 14, 18], [3, 4, 5, 8], [0, 1, 2, 4], [0, 1, 4, 12], [1, 2, 9, 10], [1, 2, 3, 7], [4, 6, 7, 8], [0, 1, 3, 6], [1, 3, 4, 5], [1, 4, 5, 6], [0, 1, 2, 7], [2, 7, 10, 13], [3, 5, 6, 12], [0, 1, 3, 8], [1, 4, 9, 10], [0, 1, 3, 5], [2, 6, 10, 15], [1, 2, 7, 8], [0, 1, 3, 10], [0, 4, 9, 12], [1, 2, 3, 8], [1, 2, 3, 8], [1, 2, 5, 12], [1, 2, 5, 7], [3, 4, 6, 7], [0, 1, 2, 12], [0, 1, 4, 6], [1, 2, 3, 6], [2, 12, 13, 15], [0, 6, 9, 10], [0, 4, 5, 13], [0, 3, 6, 11], [1, 3, 4, 5], [1, 4, 5, 6], [0, 1, 2, 4], [0, 12, 13, 16], [0, 1, 4, 5], [1, 2, 3, 4], [4, 5, 7, 9], [1, 2, 3, 4], [2, 3, 4, 5], [2, 3, 4, 7], [0, 1, 3, 7], [1, 3, 4, 6], [1, 3, 5, 6], [1, 2, 7, 16], [1, 2, 3, 4], [1, 2, 7, 8], [1, 2, 4, 7], [0, 2, 9, 13], [0, 5, 6, 10], [1, 4, 7, 8], [1, 2, 4, 7], [3, 7, 8, 11], [1, 2, 5, 7], [0, 1, 2, 5], [2, 3, 5, 11], [0, 2, 3, 4], [0, 1, 6, 13], [1, 3, 5, 6], [1, 3, 4, 7], [0, 1, 3, 4], [10, 16, 18, 20], [0, 2, 3, 4], [0, 3, 4, 7], [0, 1, 9, 12], [0, 1, 11, 13], [0, 1, 2, 3], [0, 1, 5, 6], [0, 2, 9, 12], [0, 3, 5, 6], [3, 4, 6, 7], [10, 17, 19, 22], [0, 4, 6, 9], [0, 1, 2, 7], [0, 3, 4, 7], [0, 1, 3, 5], [2, 4, 5, 7], [5, 6, 7, 12], [1, 2, 3, 5], [1, 2, 4, 5], [0, 1, 4, 5], [0, 1, 3, 4], [1, 2, 4, 5], [1, 2, 5, 7], [1, 2, 3, 4], [1, 2, 3, 4]]",4,0.8610891103744507,128,learned,0.0,12096,4.0,124,0.8931406140327454,71,104 80 48 88,6026,0.6615172624588013,test,top_r_mean,1.0,0.5,0.25,0.5
0.02124128775307003,1.0,189,1.0,31,125.82279997877777,qasper,0.5,0.25,0.125,0.0,1611.03599:e330e162ec29722f5ec9f83853d129c9e0693d65,mean,0.6661037937633683,0.010386567562818527,"[[0, 1, 2, 3, 4, 6, 15, 18], [2, 4, 5, 13, 19, 21, 24, 29], [2, 5, 9, 10, 13, 15, 16, 24], [0, 1, 2, 21, 22, 24, 26, 27], [3, 5, 8, 13, 15, 17, 19, 20], [10, 13, 14, 15, 16, 18, 19, 31], [2, 9, 10, 17, 18, 19, 24, 25], [0, 1, 12, 13, 17, 24, 25, 26], [0, 1, 2, 7, 8, 9, 12, 29], [1, 2, 4, 5, 6, 10, 12, 14], [2, 3, 6, 7, 11, 15, 29, 30], [0, 4, 5, 20, 24, 29, 30, 31], [0, 1, 4, 7, 9, 17, 18, 23], [1, 2, 3, 7, 15, 16, 21, 23], [1, 2, 3, 4, 5, 7, 8, 22], [4, 7, 8, 9, 12, 14, 16, 17], [0, 1, 3, 5, 6, 8, 9, 12], [3, 4, 5, 7, 10, 16, 17, 25], [3, 4, 6, 7, 10, 11, 22, 27], [0, 1, 3, 4, 8, 9, 17, 18], [0, 2, 7, 8, 9, 14, 24, 25], [0, 1, 4, 6, 7, 15, 16, 29], [2, 3, 6, 7, 10, 15, 20, 25], [1, 2, 3, 6, 7, 10, 13, 20], [0, 1, 2, 3, 7, 9, 12, 13], [3, 4, 7, 8, 11, 14, 18, 22], [2, 3, 5, 7, 10, 14, 15, 26], [1, 3, 4, 7, 8, 10, 14, 17], [1, 2, 3, 4, 5, 17, 20, 29], [2, 4, 6, 7, 8, 10, 27, 30], [0, 3, 4, 16, 17, 21, 23, 25], [2, 5, 8, 16, 17, 18, 19, 23], [0, 1, 3, 11, 12, 18, 26, 31], [1, 2, 4, 6, 7, 9, 11, 21], [1, 3, 5, 14, 15, 22, 23, 29], [2, 4, 7, 12, 15, 23, 28, 29], [1, 2, 4, 5, 6, 22, 23, 29], [1, 2, 4, 12, 16, 17, 24, 31], [0, 2, 4, 5, 6, 7, 26, 30], [2, 3, 4, 5, 11, 12, 15, 19], [0, 1, 11, 12, 16, 17, 30, 31], [2, 3, 6, 7, 8, 10, 29, 30], [1, 2, 5, 7, 15, 18, 21, 25], [0, 1, 4, 8, 9, 12, 15, 27], [1, 2, 3, 5, 8, 11, 14, 28], [6, 8, 10, 14, 17, 18, 28, 31], [4, 5, 6, 7, 8, 13, 16, 20], [7, 12, 13, 18, 19, 20, 21, 22], [0, 5, 6, 10, 11, 13, 14, 23], [0, 1, 2, 4, 8, 9, 17, 21], [0, 5, 8, 9, 12, 18, 26, 29], [4, 5, 8, 10, 11, 12, 16, 25], [6, 7, 10, 11, 13, 17, 20, 24], [0, 1, 6, 7, 9, 12, 20, 31], [2, 4, 5, 10, 11, 13, 14, 26], [2, 8, 10, 13, 15, 18, 19, 22], [0, 1, 4, 6, 15, 20, 22, 24], [2, 3, 4, 5, 14, 15, 30, 31], [1, 2, 3, 4, 5, 15, 20, 30], [7, 9, 10, 17, 24, 27, 29, 30], [3, 4, 5, 6, 10, 11, 12, 13], [3, 7, 8, 11, 13, 20, 21, 22], [9, 10, 11, 12, 15, 21, 23, 24], [2, 3, 5, 6, 8, 9, 19, 23], [0, 1, 5, 6, 7, 10, 12, 13], [0, 1, 2, 7, 17, 18, 25, 29], [0, 8, 10, 11, 12, 14, 15, 29], [0, 3, 5, 11, 12, 20, 21, 26], [0, 1, 2, 3, 19, 20, 21, 28], [1, 2, 5, 11, 12, 16, 17, 22], [1, 2, 3, 5, 6, 20, 21, 23], [5, 8, 9, 16, 17, 18, 29, 31], [0, 1, 6, 9, 11, 17, 18, 28], [2, 10, 11, 12, 20, 25, 26, 31], [5, 6, 8, 9, 12, 23, 25, 26], [0, 1, 5, 6, 10, 11, 12, 19], [1, 5, 7, 8, 12, 20, 25, 27], [1, 3, 4, 5, 6, 11, 12, 25], [1, 3, 4, 5, 6, 9, 15, 16], [2, 3, 4, 6, 7, 9, 10, 17], [0, 1, 2, 3, 10, 22, 23, 24], [0, 1, 2, 3, 7, 8, 19, 23], [4, 5, 6, 12, 13, 23, 25, 30], [1, 4, 5, 8, 12, 13, 17, 18], [2, 3, 6, 7, 12, 13, 14, 17], [1, 2, 3, 13, 18, 19, 20, 26], [0, 5, 6, 15, 22, 23, 24, 25], [0, 2, 3, 6, 7, 12, 15, 16], [0, 1, 3, 6, 16, 19, 22, 27], [1, 4, 5, 7, 10, 11, 12, 17], [2, 4, 5, 15, 16, 17, 22, 24], [1, 2, 3, 8, 15, 17, 18, 22], [0, 1, 2, 3, 4, 7, 12, 28], [2, 17, 19, 20, 21, 22, 24, 26], [1, 5, 9, 10, 11, 15, 21, 25], [5, 6, 15, 18, 19, 20, 22, 24], [0, 1, 2, 3, 5, 9, 15, 22], [0, 1, 2, 9, 14, 18, 19, 24], [4, 5, 6, 7, 8, 14, 16, 18], [3, 5, 14, 16, 17, 26, 27, 29], [0, 4, 6, 7, 11, 15, 20, 31], [1, 2, 12, 17, 19, 22, 23, 29], [0, 8, 14, 15, 21, 24, 28, 30], [3, 4, 5, 8, 9, 12, 15, 16], [0, 1, 2, 4, 8, 10, 15, 19], [0, 1, 4, 12, 13, 19, 22, 29], [1, 2, 10, 12, 13, 15, 19, 20], [1, 2, 3, 7, 20, 24, 25, 30], [6, 7, 10, 11, 18, 19, 23, 25], [0, 1, 3, 6, 8, 11, 17, 28], [1, 3, 4, 5, 8, 12, 13, 14], [1, 5, 6, 7, 8, 11, 24, 26], [0, 1, 2, 7, 8, 12, 16, 28], [2, 7, 10, 13, 16, 20, 21, 24], [3, 5, 6, 12, 22, 23, 24, 28], [0, 1, 8, 11, 12, 13, 24, 31], [4, 9, 10, 12, 13, 16, 19, 20], [0, 1, 3, 5, 9, 20, 26, 29], [2, 6, 10, 15, 20, 21, 23, 25], [1, 2, 8, 9, 12, 15, 23, 24], [0, 1, 2, 3, 10, 11, 12, 15], [0, 4, 9, 12, 14, 24, 29, 31], [1, 2, 3, 6, 8, 27, 28, 29], [1, 2, 3, 8, 10, 13, 14, 18], [1, 2, 5, 12, 13, 18, 23, 28], [2, 5, 7, 8, 11, 13, 14, 25], [4, 5, 6, 7, 8, 14, 19, 31], [0, 1, 2, 12, 13, 22, 23, 28], [0, 1, 4, 7, 8, 9, 10, 29], [1, 2, 3, 6, 8, 13, 16, 18], [12, 13, 15, 18, 19, 25, 28, 30], [0, 9, 10, 13, 15, 16, 20, 24], [4, 5, 6, 13, 22, 26, 27, 30], [3, 6, 11, 14, 15, 16, 20, 27], [1, 3, 4, 5, 12, 13, 22, 25], [1, 4, 6, 11, 14, 15, 24, 30], [0, 1, 2, 4, 7, 11, 20, 24], [0, 12, 13, 16, 18, 24, 25, 28], [0, 1, 4, 5, 6, 7, 11, 16], [1, 2, 3, 4, 7, 8, 16, 23], [4, 5, 6, 7, 9, 11, 21, 25], [1, 2, 3, 4, 5, 18, 24, 31], [2, 3, 4, 5, 10, 11, 12, 18], [2, 3, 4, 7, 8, 19, 28, 29], [0, 1, 3, 7, 10, 11, 14, 24], [1, 4, 6, 8, 9, 17, 18, 30], [1, 3, 5, 6, 7, 9, 18, 27], [1, 2, 7, 16, 20, 21, 24, 25], [1, 2, 3, 4, 5, 6, 11, 19], [1, 2, 7, 8, 11, 18, 22, 31], [1, 2, 4, 5, 7, 8, 10, 17], [0, 2, 9, 13, 19, 26, 28, 30], [0, 5, 6, 10, 18, 28, 29, 31], [1, 4, 7, 8, 12, 14, 17, 21], [1, 2, 7, 16, 17, 19, 28, 31], [3, 7, 10, 11, 16, 19, 25, 29], [1, 2, 5, 7, 9, 11, 14, 27], [1, 2, 5, 6, 7, 8, 9, 31], [2, 3, 5, 11, 14, 21, 23, 26], [2, 3, 4, 7, 8, 12, 18, 22], [0, 1, 6, 13, 18, 20, 29, 30], [1, 3, 5, 6, 10, 15, 17, 27], [1, 3, 4, 7, 13, 14, 25, 26], [0, 1, 3, 4, 10, 11, 13, 17], [6, 10, 16, 18, 20, 26, 29, 30], [0, 2, 3, 4, 6, 18, 19, 28], [0, 3, 4, 7, 8, 9, 19, 26], [0, 1, 12, 15, 17, 21, 22, 23], [0, 1, 9, 11, 13, 14, 18, 25], [0, 1, 2, 3, 6, 8, 12, 24], [0, 1, 5, 6, 17, 21, 24, 25], [2, 9, 12, 14, 15, 17, 29, 30], [1, 3, 5, 6, 10, 21, 24, 25], [3, 4, 6, 7, 8, 12, 27, 28], [5, 17, 19, 22, 23, 29, 30, 31], [0, 4, 6, 9, 10, 11, 20, 26], [0, 1, 2, 7, 12, 24, 27, 30], [0, 3, 4, 7, 10, 18, 20, 23], [0, 1, 3, 5, 10, 11, 13, 21], [4, 5, 7, 9, 17, 18, 27, 28], [5, 6, 7, 12, 16, 17, 19, 23], [1, 2, 3, 5, 6, 7, 9, 24], [2, 4, 5, 7, 9, 10, 27, 31], [1, 4, 5, 6, 9, 12, 14, 25], [0, 1, 3, 4, 8, 10, 14, 17], [2, 4, 5, 7, 8, 9, 15, 26], [1, 2, 7, 8, 9, 25, 28, 31], [1, 2, 3, 4, 7, 16, 17, 31], [1, 2, 3, 4, 5, 7, 8, 9]]",8,0.4546477198600769,128,learned,0.5,24192,4.0,124,0.47678664326667786,11,104 0 64 112,6026,0.8447538018226624,test,top_r_mean,1.0,1.0,0.5,0.625
0.02124128775307003,1.0,189,1.0,31,135.2363999467343,qasper,0.5,0.25,0.125,0.0,1611.03599:e330e162ec29722f5ec9f83853d129c9e0693d65,mean,0.6550714848587189,0.011513618752360344,"[[0, 1, 2, 3, 4, 6, 18, 21], [2, 4, 5, 12, 13, 19, 21, 29], [2, 4, 5, 9, 10, 13, 15, 24], [0, 1, 2, 21, 22, 24, 26, 27], [3, 8, 9, 10, 13, 17, 19, 20], [10, 11, 13, 14, 15, 16, 19, 29], [2, 5, 9, 10, 17, 19, 24, 25], [0, 1, 12, 13, 24, 25, 26, 29], [0, 1, 2, 7, 8, 9, 12, 29], [1, 2, 4, 5, 6, 10, 12, 14], [2, 3, 6, 7, 8, 11, 15, 29], [0, 1, 4, 5, 24, 29, 30, 31], [0, 1, 4, 6, 8, 9, 18, 23], [2, 3, 7, 15, 16, 20, 21, 29], [1, 2, 3, 4, 5, 7, 8, 12], [4, 7, 8, 9, 12, 16, 17, 18], [0, 1, 3, 5, 6, 8, 9, 12], [3, 4, 5, 7, 16, 17, 25, 30], [3, 4, 6, 7, 10, 11, 22, 27], [0, 1, 2, 4, 8, 9, 17, 18], [0, 2, 7, 8, 14, 20, 24, 25], [0, 1, 4, 6, 7, 15, 16, 17], [2, 3, 5, 7, 9, 10, 15, 20], [1, 2, 3, 6, 7, 13, 17, 20], [0, 1, 2, 3, 5, 7, 9, 11], [3, 4, 7, 8, 11, 14, 18, 22], [2, 5, 7, 10, 14, 15, 21, 26], [0, 1, 3, 4, 7, 8, 14, 17], [2, 3, 4, 5, 12, 17, 20, 29], [1, 2, 6, 7, 8, 14, 21, 30], [0, 3, 4, 16, 17, 21, 23, 25], [2, 5, 8, 9, 16, 17, 18, 19], [0, 1, 3, 11, 12, 15, 18, 31], [1, 2, 4, 6, 7, 9, 21, 26], [0, 3, 4, 5, 10, 14, 22, 23], [2, 4, 7, 12, 15, 23, 28, 29], [0, 1, 2, 4, 5, 6, 22, 23], [1, 2, 4, 12, 16, 17, 24, 31], [0, 4, 5, 6, 7, 14, 15, 30], [2, 3, 4, 5, 9, 11, 12, 15], [0, 1, 12, 16, 17, 29, 30, 31], [1, 2, 3, 6, 7, 8, 10, 29], [1, 2, 3, 5, 7, 15, 18, 21], [0, 1, 4, 8, 9, 12, 15, 19], [0, 1, 2, 3, 5, 8, 14, 28], [6, 8, 10, 15, 17, 18, 22, 28], [0, 4, 5, 6, 7, 8, 13, 20], [7, 12, 13, 14, 19, 20, 21, 22], [0, 5, 6, 10, 11, 13, 14, 23], [0, 1, 2, 6, 7, 8, 9, 17], [0, 5, 6, 8, 9, 12, 26, 29], [4, 5, 8, 11, 12, 14, 16, 25], [6, 7, 9, 10, 11, 17, 24, 27], [0, 1, 6, 7, 9, 11, 12, 20], [2, 4, 5, 10, 13, 14, 26, 28], [2, 5, 8, 13, 15, 18, 19, 22], [0, 1, 4, 6, 8, 15, 20, 22], [2, 3, 4, 5, 9, 15, 30, 31], [0, 1, 2, 3, 4, 5, 20, 30], [7, 9, 10, 17, 18, 27, 29, 30], [3, 4, 5, 6, 10, 11, 12, 13], [3, 7, 8, 13, 14, 20, 21, 22], [9, 10, 11, 12, 15, 21, 23, 24], [2, 3, 5, 6, 8, 9, 19, 23], [0, 1, 5, 6, 7, 10, 12, 13], [0, 1, 2, 7, 17, 18, 25, 29], [0, 8, 10, 11, 12, 14, 29, 30], [0, 1, 3, 5, 11, 12, 20, 21], [0, 1, 2, 3, 4, 19, 21, 28], [1, 2, 5, 11, 12, 14, 16, 17], [1, 2, 3, 5, 6, 20, 21, 26], [5, 8, 9, 16, 17, 18, 29, 31], [0, 1, 3, 6, 9, 11, 18, 28], [3, 10, 11, 12, 15, 20, 26, 31], [5, 6, 8, 9, 12, 23, 25, 26], [0, 1, 5, 6, 11, 12, 19, 20], [5, 7, 8, 9, 11, 12, 25, 31], [1, 3, 4, 5, 6, 11, 12, 25], [1, 3, 4, 5, 6, 10, 15, 16], [2, 3, 4, 5, 6, 7, 10, 17], [0, 1, 2, 3, 10, 22, 23, 31], [0, 1, 2, 3, 7, 8, 19, 23], [4, 5, 6, 10, 12, 13, 23, 25], [1, 3, 4, 5, 8, 12, 13, 17], [2, 3, 6, 7, 12, 13, 14, 17], [1, 2, 3, 18, 19, 20, 26, 31], [0, 5, 6, 15, 22, 23, 24, 25], [0, 2, 3, 6, 7, 14, 15, 16], [0, 1, 3, 6, 11, 19, 22, 27], [4, 5, 7, 10, 11, 12, 17, 31], [0, 2, 4, 5, 15, 16, 17, 24], [0, 1, 2, 3, 7, 8, 18, 22], [0, 1, 2, 3, 4, 7, 12, 18], [2, 17, 19, 20, 21, 22, 24, 26], [1, 5, 9, 10, 11, 15, 21, 25], [5, 6, 9, 15, 17, 18, 19, 24], [0, 1, 3, 9, 10, 15, 22, 26], [0, 1, 2, 5, 14, 18, 19, 29], [4, 5, 6, 7, 8, 18, 19, 27], [3, 5, 14, 16, 17, 26, 27, 29], [0, 4, 6, 7, 11, 15, 20, 31], [1, 2, 12, 17, 19, 21, 22, 29], [0, 8, 14, 18, 21, 24, 28, 30], [3, 4, 5, 8, 11, 12, 15, 31], [0, 1, 2, 4, 5, 8, 10, 15], [0, 1, 4, 12, 13, 19, 22, 29], [1, 2, 9, 10, 13, 15, 19, 20], [1, 2, 3, 6, 7, 14, 20, 25], [4, 6, 7, 10, 11, 18, 23, 25], [0, 1, 3, 6, 8, 11, 17, 28], [1, 3, 4, 5, 8, 12, 13, 14], [1, 4, 5, 6, 7, 8, 11, 18], [0, 1, 2, 7, 8, 12, 24, 28], [2, 5, 7, 10, 13, 16, 21, 24], [0, 1, 3, 5, 6, 22, 24, 28], [0, 1, 8, 13, 14, 24, 26, 31], [1, 4, 10, 12, 13, 16, 17, 20], [0, 1, 3, 5, 8, 9, 26, 29], [2, 4, 6, 10, 15, 20, 21, 23], [2, 8, 9, 12, 15, 22, 23, 24], [0, 1, 3, 10, 11, 12, 14, 15], [0, 4, 7, 9, 12, 14, 22, 29], [1, 2, 3, 6, 8, 27, 28, 29], [1, 2, 3, 8, 10, 14, 18, 19], [1, 2, 5, 12, 17, 18, 19, 23], [1, 2, 5, 7, 8, 11, 13, 14], [4, 6, 7, 8, 14, 19, 30, 31], [0, 1, 2, 12, 13, 23, 28, 31], [0, 1, 5, 7, 8, 9, 29, 30], [1, 2, 3, 6, 13, 14, 16, 18], [2, 12, 13, 15, 19, 25, 28, 30], [0, 6, 9, 10, 15, 16, 20, 22], [4, 5, 6, 13, 19, 22, 26, 27], [0, 3, 6, 9, 11, 14, 15, 27], [1, 3, 4, 5, 6, 13, 22, 25], [4, 5, 6, 11, 14, 15, 24, 30], [0, 1, 2, 4, 11, 20, 24, 29], [0, 13, 15, 16, 18, 24, 25, 28], [0, 1, 4, 5, 6, 7, 11, 16], [0, 1, 2, 3, 4, 7, 8, 16], [4, 5, 7, 9, 10, 12, 15, 21], [1, 2, 3, 4, 5, 8, 24, 31], [2, 3, 4, 5, 10, 11, 12, 18], [2, 3, 4, 7, 8, 18, 28, 29], [0, 1, 3, 7, 9, 10, 11, 24], [1, 3, 4, 6, 7, 8, 17, 18], [1, 3, 5, 6, 7, 9, 27, 28], [1, 2, 6, 7, 16, 21, 24, 25], [1, 2, 3, 4, 5, 6, 11, 19], [1, 2, 7, 8, 11, 18, 22, 31], [1, 2, 4, 5, 7, 8, 10, 17], [0, 2, 8, 13, 19, 26, 28, 30], [0, 1, 4, 5, 10, 18, 28, 29], [1, 4, 7, 8, 12, 13, 14, 17], [1, 2, 4, 7, 17, 19, 28, 31], [3, 7, 8, 10, 11, 16, 25, 29], [1, 2, 5, 7, 9, 11, 21, 27], [0, 1, 2, 5, 6, 8, 9, 31], [2, 3, 5, 11, 14, 22, 23, 26], [0, 2, 3, 4, 8, 12, 18, 22], [0, 1, 6, 13, 20, 23, 24, 30], [1, 3, 5, 6, 10, 15, 17, 27], [1, 3, 4, 7, 13, 14, 25, 26], [0, 1, 3, 4, 10, 11, 13, 17], [3, 7, 10, 16, 18, 20, 29, 30], [0, 3, 4, 6, 18, 23, 28, 31], [0, 3, 4, 7, 8, 9, 18, 19], [0, 1, 9, 15, 17, 21, 22, 23], [0, 1, 4, 9, 14, 18, 22, 25], [0, 1, 2, 3, 6, 12, 17, 24], [0, 1, 5, 6, 17, 21, 24, 25], [0, 2, 9, 12, 15, 17, 29, 30], [1, 3, 5, 6, 10, 21, 24, 25], [3, 4, 7, 8, 20, 26, 27, 28], [6, 10, 19, 22, 23, 29, 30, 31], [0, 3, 4, 6, 9, 11, 20, 26], [0, 1, 7, 12, 17, 18, 27, 30], [0, 3, 4, 7, 10, 18, 20, 23], [0, 1, 3, 5, 10, 11, 13, 21], [4, 5, 7, 9, 17, 26, 27, 28], [5, 6, 7, 9, 17, 18, 19, 23], [1, 2, 3, 5, 6, 7, 9, 26], [2, 4, 5, 7, 9, 10, 27, 31], [0, 1, 4, 5, 6, 8, 9, 12], [0, 1, 3, 4, 6, 8, 10, 14], [2, 4, 5, 7, 9, 15, 17, 26], [1, 2, 5, 7, 13, 25, 28, 31], [2, 3, 4, 7, 13, 16, 17, 31], [1, 2, 3, 4, 5, 7, 8, 9]]",8,0.464794397354126,128,learned,0.5,24192,4.0,124,0.48781755566596985,23,104 0 64 88,6026,0.8341758847236633,test,top_r_mean,1.0,1.0,0.5,0.5
0.02124128775307003,1.0,189,1.0,31,130.76500012539327,qasper,0.5,0.25,0.125,0.0,1611.03599:e330e162ec29722f5ec9f83853d129c9e0693d65,mean,0.6614691809738249,0.010755056515336037,"[[0, 1, 2, 3, 4, 6, 7, 18], [1, 2, 4, 5, 12, 13, 21, 29], [1, 2, 5, 9, 10, 13, 15, 24], [0, 1, 2, 4, 21, 22, 26, 27], [3, 4, 8, 13, 15, 17, 19, 20], [10, 11, 13, 14, 15, 16, 18, 19], [2, 5, 9, 10, 17, 19, 24, 25], [0, 1, 12, 13, 24, 25, 26, 29], [0, 1, 2, 4, 7, 8, 9, 12], [1, 2, 4, 5, 6, 10, 12, 14], [2, 3, 6, 7, 8, 11, 15, 29], [0, 1, 4, 5, 20, 29, 30, 31], [0, 1, 4, 7, 9, 10, 18, 23], [1, 2, 3, 7, 15, 16, 21, 29], [1, 2, 3, 4, 5, 6, 7, 8], [4, 7, 8, 9, 12, 16, 17, 22], [0, 1, 3, 5, 6, 8, 9, 12], [3, 4, 5, 7, 10, 16, 17, 25], [3, 4, 6, 7, 10, 11, 22, 27], [0, 1, 3, 4, 8, 9, 17, 18], [0, 2, 7, 8, 9, 12, 14, 25], [0, 1, 4, 6, 7, 15, 16, 17], [2, 3, 6, 7, 10, 15, 20, 25], [0, 1, 2, 3, 6, 7, 13, 20], [0, 1, 2, 3, 7, 9, 12, 13], [3, 4, 7, 8, 11, 14, 18, 22], [0, 2, 5, 10, 12, 14, 15, 26], [0, 1, 3, 4, 8, 10, 14, 17], [1, 2, 3, 4, 5, 17, 20, 29], [1, 2, 4, 6, 7, 8, 10, 30], [0, 1, 3, 4, 16, 17, 21, 25], [1, 2, 5, 8, 16, 17, 18, 19], [0, 1, 3, 11, 12, 15, 18, 31], [1, 2, 4, 6, 7, 9, 11, 21], [0, 1, 3, 4, 5, 14, 22, 23], [2, 4, 7, 12, 15, 23, 28, 29], [0, 1, 2, 4, 5, 6, 22, 23], [1, 2, 4, 9, 12, 16, 17, 24], [0, 2, 4, 5, 6, 7, 15, 30], [2, 3, 4, 5, 9, 11, 12, 19], [0, 1, 2, 11, 12, 16, 17, 30], [1, 2, 3, 6, 7, 8, 10, 29], [1, 2, 3, 5, 7, 15, 18, 21], [0, 1, 4, 8, 9, 12, 15, 27], [0, 1, 2, 3, 5, 8, 11, 28], [4, 6, 8, 10, 15, 17, 18, 28], [0, 4, 5, 6, 7, 8, 13, 20], [7, 12, 13, 18, 19, 20, 21, 22], [0, 5, 6, 10, 11, 13, 14, 23], [0, 1, 2, 4, 6, 8, 9, 17], [0, 5, 6, 8, 9, 12, 26, 29], [4, 5, 8, 10, 11, 12, 16, 25], [6, 7, 10, 11, 13, 17, 20, 24], [0, 1, 6, 7, 9, 11, 12, 20], [2, 4, 5, 10, 11, 14, 26, 28], [2, 5, 8, 10, 13, 15, 18, 19], [0, 1, 3, 4, 6, 15, 20, 22], [2, 3, 4, 5, 9, 15, 30, 31], [0, 1, 2, 3, 4, 5, 20, 30], [7, 8, 9, 10, 17, 24, 27, 30], [3, 4, 5, 6, 10, 11, 12, 13], [3, 7, 8, 11, 13, 20, 21, 22], [5, 9, 10, 11, 12, 15, 21, 23], [2, 3, 5, 6, 8, 9, 19, 23], [0, 1, 5, 6, 7, 10, 12, 13], [0, 1, 2, 7, 17, 18, 25, 29], [0, 3, 8, 9, 10, 11, 12, 14], [0, 1, 2, 3, 5, 12, 20, 21], [0, 1, 2, 3, 19, 20, 21, 28], [1, 2, 5, 7, 12, 16, 17, 22], [1, 2, 3, 5, 6, 8, 20, 21], [4, 5, 8, 9, 16, 17, 18, 31], [0, 1, 2, 3, 6, 9, 11, 28], [2, 3, 10, 11, 12, 20, 26, 31], [5, 6, 8, 9, 12, 23, 25, 26], [0, 1, 5, 6, 10, 11, 12, 19], [1, 5, 7, 8, 9, 11, 12, 25], [1, 2, 3, 4, 5, 6, 11, 12], [1, 3, 4, 5, 6, 10, 15, 16], [2, 3, 4, 5, 6, 7, 10, 17], [0, 1, 2, 3, 10, 22, 23, 31], [0, 1, 2, 3, 7, 8, 19, 23], [4, 5, 6, 7, 10, 12, 13, 25], [1, 3, 4, 5, 8, 12, 13, 17], [2, 3, 6, 7, 12, 13, 14, 17], [1, 2, 3, 7, 13, 18, 19, 20], [0, 1, 5, 6, 15, 22, 23, 24], [0, 2, 3, 6, 7, 12, 15, 16], [0, 1, 3, 6, 11, 16, 19, 27], [1, 4, 5, 7, 10, 11, 12, 17], [2, 4, 5, 15, 16, 17, 22, 24], [0, 1, 2, 3, 8, 17, 18, 22], [0, 1, 2, 3, 4, 5, 7, 12], [2, 17, 19, 20, 21, 22, 24, 26], [1, 5, 9, 10, 11, 15, 21, 25], [5, 6, 9, 11, 15, 18, 19, 24], [0, 1, 2, 3, 5, 9, 15, 22], [0, 1, 2, 9, 14, 18, 19, 24], [4, 5, 6, 7, 8, 14, 18, 19], [3, 5, 14, 16, 17, 26, 27, 29], [0, 4, 6, 7, 10, 11, 15, 20], [1, 2, 12, 13, 17, 19, 22, 29], [0, 8, 14, 18, 21, 24, 28, 30], [3, 4, 5, 8, 9, 12, 15, 16], [0, 1, 2, 4, 8, 10, 12, 15], [0, 1, 4, 12, 13, 19, 22, 29], [1, 2, 10, 12, 13, 15, 19, 20], [1, 2, 3, 7, 14, 20, 25, 30], [4, 6, 7, 8, 10, 11, 18, 25], [0, 1, 3, 6, 8, 11, 17, 28], [1, 3, 4, 5, 8, 12, 13, 14], [1, 5, 6, 7, 8, 11, 18, 26], [0, 1, 2, 7, 8, 12, 24, 28], [0, 2, 7, 10, 13, 16, 21, 24], [1, 2, 3, 5, 6, 22, 23, 24], [0, 1, 8, 11, 13, 14, 24, 31], [1, 4, 9, 10, 12, 13, 16, 20], [0, 1, 3, 5, 8, 9, 26, 29], [2, 6, 10, 15, 20, 21, 23, 25], [1, 2, 7, 8, 9, 15, 23, 24], [0, 1, 2, 3, 10, 11, 12, 14], [0, 4, 9, 12, 14, 22, 29, 31], [1, 2, 3, 6, 8, 27, 28, 29], [1, 2, 3, 5, 8, 10, 14, 18], [1, 2, 5, 12, 13, 18, 23, 28], [1, 2, 5, 7, 8, 11, 13, 14], [4, 5, 6, 7, 8, 14, 19, 31], [0, 1, 2, 3, 12, 13, 23, 28], [0, 1, 5, 7, 8, 9, 10, 29], [1, 2, 3, 6, 8, 13, 16, 18], [2, 12, 13, 15, 18, 19, 25, 28], [0, 1, 6, 9, 10, 15, 16, 20], [4, 5, 6, 10, 13, 19, 22, 26], [0, 3, 6, 11, 14, 15, 16, 20], [1, 3, 4, 5, 12, 13, 22, 25], [1, 4, 5, 6, 11, 14, 15, 24], [0, 1, 2, 4, 5, 7, 11, 20], [0, 13, 15, 16, 18, 24, 25, 28], [0, 1, 4, 5, 6, 7, 11, 16], [1, 2, 3, 4, 7, 8, 10, 16], [4, 5, 6, 7, 9, 11, 12, 21], [1, 2, 3, 4, 5, 18, 24, 31], [2, 3, 4, 5, 10, 11, 12, 18], [2, 3, 4, 7, 8, 19, 28, 29], [0, 1, 3, 7, 10, 11, 19, 24], [1, 4, 6, 7, 8, 9, 17, 18], [1, 2, 3, 5, 6, 7, 9, 27], [1, 2, 7, 16, 17, 21, 24, 25], [1, 2, 3, 4, 5, 6, 11, 19], [1, 2, 7, 8, 11, 14, 18, 22], [1, 2, 4, 5, 7, 8, 10, 17], [0, 2, 8, 13, 19, 26, 28, 30], [0, 1, 4, 5, 6, 18, 28, 29], [1, 4, 7, 8, 12, 14, 17, 24], [1, 2, 4, 7, 9, 17, 19, 31], [3, 7, 10, 11, 16, 19, 25, 29], [1, 2, 5, 7, 9, 11, 22, 27], [0, 1, 2, 5, 6, 7, 8, 9], [2, 3, 5, 11, 14, 17, 23, 26], [0, 2, 3, 4, 7, 12, 18, 22], [0, 1, 6, 13, 18, 20, 24, 30], [1, 3, 5, 6, 10, 15, 17, 27], [1, 3, 4, 7, 13, 14, 25, 26], [0, 1, 3, 4, 5, 10, 11, 17], [6, 7, 10, 16, 18, 20, 29, 30], [0, 2, 3, 4, 5, 6, 18, 28], [0, 3, 4, 7, 8, 9, 11, 19], [0, 1, 9, 12, 15, 17, 22, 23], [0, 1, 4, 9, 13, 14, 18, 25], [0, 1, 2, 3, 6, 12, 17, 24], [0, 1, 5, 6, 17, 21, 24, 25], [0, 2, 9, 12, 14, 15, 17, 30], [0, 1, 3, 5, 6, 10, 21, 25], [3, 4, 6, 7, 8, 16, 20, 28], [5, 6, 19, 22, 23, 29, 30, 31], [0, 4, 6, 8, 9, 10, 11, 20], [0, 1, 2, 4, 7, 12, 17, 27], [0, 3, 4, 7, 10, 18, 20, 23], [0, 1, 3, 5, 10, 11, 13, 21], [4, 5, 7, 9, 17, 18, 27, 28], [5, 6, 7, 12, 17, 18, 19, 23], [1, 2, 3, 5, 6, 7, 9, 16], [1, 2, 4, 5, 7, 9, 10, 27], [0, 1, 4, 5, 6, 9, 12, 14], [0, 1, 3, 4, 8, 10, 14, 17], [2, 4, 5, 6, 7, 9, 15, 26], [1, 2, 5, 7, 8, 25, 28, 31], [1, 2, 3, 4, 7, 16, 17, 31], [1, 2, 3, 4, 5, 7, 8, 9]]",8,0.4525672197341919,128,learned,0.5,24192,4.0,124,0.47512689232826233,37,104 0 168 88,6026,0.8423594832420349,test,top_r_mean,1.0,1.0,0.75,0.625
0.02124128775307003,1.0,189,1.0,31,130.41849993169308,qasper,0.5,0.25,0.125,0.0,1611.03599:e330e162ec29722f5ec9f83853d129c9e0693d65,mean,0.6541514213340839,0.01099945418536663,"[[0, 1, 2, 3, 4, 6, 15, 18], [1, 2, 4, 5, 13, 19, 21, 29], [1, 2, 5, 9, 10, 13, 15, 24], [0, 1, 2, 4, 21, 22, 26, 27], [2, 3, 4, 8, 13, 17, 19, 20], [10, 11, 13, 14, 15, 16, 18, 19], [2, 5, 9, 10, 17, 19, 24, 25], [0, 1, 12, 13, 24, 25, 26, 29], [0, 1, 2, 7, 8, 9, 12, 29], [1, 2, 4, 5, 6, 10, 12, 14], [2, 3, 6, 7, 8, 11, 15, 29], [0, 1, 4, 5, 20, 29, 30, 31], [0, 1, 4, 7, 9, 17, 18, 23], [1, 2, 3, 7, 15, 16, 20, 29], [1, 2, 3, 4, 5, 6, 7, 8], [4, 7, 8, 9, 12, 16, 17, 18], [0, 1, 3, 5, 6, 8, 9, 12], [3, 4, 5, 7, 10, 16, 17, 25], [3, 4, 6, 7, 10, 11, 22, 27], [0, 1, 2, 4, 8, 9, 17, 18], [0, 2, 7, 8, 9, 14, 24, 25], [0, 1, 4, 6, 7, 15, 16, 29], [2, 3, 5, 7, 10, 15, 20, 25], [0, 1, 2, 3, 6, 7, 13, 20], [0, 1, 2, 3, 7, 9, 12, 13], [3, 4, 7, 8, 11, 14, 18, 22], [0, 2, 3, 5, 10, 14, 15, 26], [1, 3, 4, 7, 8, 14, 17, 31], [1, 2, 3, 4, 5, 17, 20, 29], [1, 2, 4, 6, 7, 8, 27, 30], [0, 1, 3, 4, 16, 17, 21, 25], [1, 2, 5, 8, 16, 17, 18, 19], [0, 1, 3, 11, 12, 18, 26, 31], [1, 2, 4, 6, 7, 9, 21, 26], [0, 1, 3, 5, 14, 22, 23, 29], [2, 4, 7, 12, 15, 23, 28, 29], [0, 1, 2, 4, 5, 6, 22, 23], [1, 2, 4, 12, 16, 17, 24, 31], [0, 2, 4, 5, 6, 7, 9, 30], [2, 3, 4, 5, 9, 11, 12, 19], [0, 1, 11, 12, 16, 17, 30, 31], [1, 2, 3, 6, 7, 8, 28, 29], [1, 2, 3, 5, 7, 15, 18, 21], [0, 1, 4, 8, 9, 12, 15, 27], [0, 1, 2, 3, 5, 8, 11, 28], [4, 6, 8, 10, 15, 17, 18, 28], [0, 4, 5, 6, 7, 8, 13, 20], [4, 7, 12, 13, 19, 20, 21, 22], [0, 1, 5, 6, 11, 14, 23, 29], [0, 1, 2, 4, 8, 9, 17, 21], [0, 5, 8, 9, 12, 23, 26, 29], [4, 5, 8, 10, 11, 12, 16, 25], [6, 7, 10, 11, 13, 17, 20, 24], [0, 1, 6, 7, 9, 11, 12, 20], [2, 4, 5, 10, 11, 14, 26, 28], [2, 5, 8, 10, 13, 15, 18, 19], [0, 1, 3, 4, 6, 15, 20, 22], [2, 3, 4, 5, 9, 15, 30, 31], [0, 1, 2, 3, 4, 5, 20, 30], [7, 8, 9, 10, 17, 24, 27, 30], [3, 4, 5, 6, 10, 11, 12, 13], [3, 8, 11, 13, 14, 20, 21, 22], [5, 9, 10, 11, 12, 15, 21, 23], [2, 3, 5, 6, 8, 9, 19, 23], [0, 1, 5, 6, 7, 10, 12, 13], [0, 1, 2, 7, 17, 18, 25, 29], [0, 3, 8, 9, 10, 11, 12, 14], [0, 1, 3, 5, 12, 20, 21, 26], [0, 1, 2, 3, 4, 19, 21, 28], [1, 2, 5, 7, 11, 12, 16, 17], [1, 2, 3, 5, 6, 20, 21, 23], [4, 5, 8, 9, 16, 17, 18, 31], [0, 1, 2, 3, 6, 9, 11, 28], [2, 3, 10, 11, 12, 20, 26, 31], [5, 6, 8, 9, 12, 23, 25, 26], [0, 1, 5, 6, 10, 11, 12, 19], [1, 5, 7, 8, 11, 12, 25, 27], [1, 3, 4, 5, 6, 11, 12, 25], [1, 3, 4, 5, 6, 10, 15, 16], [2, 3, 4, 5, 6, 7, 10, 17], [0, 1, 2, 3, 10, 22, 23, 24], [0, 1, 2, 3, 7, 8, 19, 23], [4, 5, 6, 7, 12, 13, 25, 30], [1, 3, 4, 5, 8, 12, 13, 17], [2, 3, 6, 7, 12, 13, 14, 17], [1, 2, 3, 7, 13, 18, 19, 20], [0, 1, 5, 6, 15, 22, 23, 24], [0, 2, 3, 6, 7, 12, 15, 16], [0, 1, 3, 6, 16, 19, 22, 27], [1, 4, 5, 7, 10, 11, 12, 17], [0, 2, 4, 5, 15, 16, 17, 24], [0, 1, 2, 3, 7, 8, 17, 18], [0, 1, 2, 3, 4, 5, 7, 12], [2, 17, 19, 20, 21, 22, 24, 26], [1, 5, 9, 10, 11, 15, 21, 25], [5, 6, 11, 15, 18, 19, 22, 24], [0, 1, 2, 3, 5, 9, 15, 22], [0, 1, 2, 14, 18, 19, 29, 30], [4, 5, 6, 7, 8, 14, 16, 18], [3, 5, 14, 16, 17, 26, 27, 29], [0, 4, 6, 7, 11, 15, 20, 31], [1, 2, 12, 17, 19, 21, 22, 29], [0, 8, 14, 18, 21, 24, 28, 30], [3, 4, 5, 8, 9, 11, 12, 15], [0, 1, 2, 4, 8, 10, 15, 29], [0, 1, 4, 12, 13, 19, 22, 29], [1, 2, 10, 12, 13, 15, 19, 20], [1, 2, 3, 7, 14, 20, 25, 30], [4, 6, 7, 8, 10, 11, 18, 23], [0, 1, 3, 6, 8, 11, 17, 28], [1, 3, 4, 5, 8, 12, 13, 14], [1, 4, 5, 6, 7, 8, 11, 26], [0, 1, 2, 7, 8, 12, 24, 28], [0, 2, 7, 10, 13, 16, 21, 24], [1, 3, 5, 6, 12, 22, 23, 24], [0, 1, 8, 11, 12, 13, 24, 31], [1, 4, 9, 10, 12, 13, 16, 20], [0, 1, 3, 5, 9, 20, 26, 29], [2, 6, 10, 15, 20, 21, 23, 25], [1, 2, 7, 8, 9, 15, 23, 24], [0, 1, 2, 3, 10, 11, 12, 15], [0, 4, 9, 12, 14, 24, 29, 31], [1, 2, 3, 5, 8, 27, 28, 29], [1, 2, 3, 5, 6, 8, 10, 14], [1, 2, 5, 12, 17, 18, 23, 28], [1, 2, 5, 7, 8, 11, 13, 14], [4, 5, 6, 7, 8, 14, 19, 31], [0, 1, 2, 12, 13, 22, 23, 28], [0, 1, 4, 7, 8, 9, 10, 29], [1, 2, 3, 6, 8, 13, 16, 18], [2, 12, 13, 15, 18, 19, 25, 28], [0, 1, 6, 9, 10, 15, 16, 20], [0, 4, 5, 6, 13, 22, 26, 27], [3, 6, 11, 14, 15, 16, 20, 27], [1, 3, 4, 5, 12, 13, 22, 25], [1, 4, 5, 6, 11, 14, 15, 24], [0, 1, 2, 4, 5, 11, 20, 24], [0, 7, 12, 13, 18, 24, 25, 28], [0, 1, 4, 5, 6, 7, 11, 16], [1, 2, 3, 4, 7, 8, 16, 23], [4, 5, 6, 7, 9, 10, 11, 21], [1, 2, 3, 4, 5, 18, 24, 31], [2, 3, 4, 5, 10, 11, 12, 18], [2, 3, 4, 7, 8, 19, 28, 29], [0, 1, 2, 3, 7, 10, 11, 24], [1, 4, 6, 8, 9, 17, 18, 30], [1, 2, 3, 5, 6, 7, 9, 27], [1, 2, 7, 16, 21, 24, 25, 28], [1, 2, 3, 4, 5, 6, 11, 19], [1, 2, 7, 8, 11, 18, 19, 22], [1, 2, 4, 5, 7, 8, 10, 17], [0, 2, 9, 13, 19, 26, 28, 30], [0, 1, 5, 6, 10, 18, 28, 29], [1, 4, 7, 8, 12, 14, 17, 21], [1, 2, 4, 7, 9, 17, 19, 31], [3, 7, 10, 11, 16, 19, 25, 29], [1, 2, 5, 7, 9, 11, 14, 27], [0, 1, 2, 5, 6, 7, 8, 9], [2, 3, 5, 8, 11, 21, 23, 26], [0, 2, 3, 4, 7, 12, 18, 22], [0, 1, 6, 13, 18, 20, 24, 30], [1, 3, 5, 6, 10, 15, 17, 27], [1, 3, 4, 7, 13, 14, 25, 26], [0, 1, 3, 4, 5, 10, 11, 17], [1, 6, 10, 16, 18, 20, 29, 30], [0, 2, 3, 4, 6, 18, 19, 28], [0, 3, 4, 7, 8, 9, 19, 26], [0, 1, 9, 12, 15, 17, 22, 23], [0, 1, 9, 11, 13, 14, 18, 25], [0, 1, 2, 3, 6, 8, 12, 24], [0, 1, 5, 6, 17, 21, 24, 25], [0, 2, 9, 12, 14, 15, 17, 30], [1, 3, 5, 6, 10, 21, 24, 25], [3, 4, 6, 7, 8, 16, 26, 28], [5, 6, 17, 19, 22, 23, 30, 31], [0, 4, 6, 9, 10, 11, 20, 26], [0, 1, 2, 7, 12, 18, 27, 30], [0, 3, 4, 7, 10, 18, 20, 23], [0, 1, 3, 5, 10, 11, 13, 21], [4, 5, 7, 9, 17, 18, 27, 28], [5, 6, 7, 12, 16, 17, 19, 23], [1, 2, 3, 5, 6, 7, 9, 26], [1, 2, 4, 5, 9, 10, 27, 31], [0, 1, 4, 5, 6, 9, 12, 14], [0, 1, 3, 4, 8, 10, 14, 17], [2, 4, 5, 6, 7, 9, 15, 26], [1, 2, 7, 8, 9, 25, 28, 31], [1, 2, 3, 4, 7, 16, 17, 31], [1, 2, 3, 4, 5, 7, 8, 9]]",8,0.4574691653251648,128,learned,0.5,24192,4.0,124,0.4799050986766815,53,104 0 64 152,6026,0.8346202969551086,test,top_r_mean,1.0,1.0,0.5,0.625
0.02124128775307003,1.0,189,1.0,31,140.81990020349622,qasper,0.5,0.25,0.125,0.0,1611.03599:e330e162ec29722f5ec9f83853d129c9e0693d65,mean,0.6800450323670137,0.009826275520026684,"[[0, 1, 2, 3, 4, 6, 15, 18], [2, 4, 5, 12, 13, 21, 25, 29], [2, 5, 9, 10, 13, 15, 16, 24], [0, 1, 2, 4, 21, 22, 26, 27], [3, 8, 13, 15, 17, 18, 19, 20], [10, 13, 14, 15, 16, 18, 19, 29], [2, 9, 10, 17, 18, 19, 24, 25], [0, 1, 12, 13, 24, 25, 26, 29], [0, 1, 2, 7, 8, 9, 12, 31], [1, 2, 4, 5, 6, 10, 12, 14], [2, 3, 6, 7, 11, 15, 29, 30], [0, 4, 5, 10, 25, 29, 30, 31], [0, 1, 4, 6, 8, 9, 18, 23], [2, 3, 7, 15, 16, 21, 23, 29], [1, 2, 3, 4, 5, 7, 8, 22], [4, 7, 8, 9, 12, 14, 16, 17], [0, 1, 3, 5, 6, 8, 9, 12], [3, 4, 5, 7, 10, 16, 17, 25], [3, 4, 7, 10, 11, 20, 22, 27], [0, 1, 3, 4, 8, 9, 17, 18], [0, 2, 7, 8, 9, 14, 18, 25], [0, 1, 4, 6, 7, 15, 16, 17], [2, 3, 6, 7, 10, 15, 20, 25], [1, 2, 3, 6, 7, 13, 17, 20], [0, 1, 2, 3, 7, 9, 11, 12], [3, 4, 8, 11, 14, 18, 22, 30], [2, 3, 5, 7, 10, 14, 15, 26], [1, 3, 4, 8, 10, 14, 17, 29], [1, 2, 3, 4, 5, 17, 20, 29], [1, 2, 6, 7, 8, 10, 27, 30], [0, 1, 3, 4, 16, 17, 21, 25], [2, 5, 8, 16, 17, 18, 19, 23], [0, 1, 3, 11, 12, 18, 26, 31], [1, 2, 4, 6, 7, 9, 11, 21], [1, 3, 5, 14, 15, 22, 23, 29], [2, 4, 7, 12, 15, 23, 28, 29], [1, 2, 4, 5, 6, 22, 23, 29], [1, 2, 4, 16, 17, 24, 27, 31], [0, 2, 4, 5, 6, 7, 15, 30], [2, 3, 4, 5, 9, 12, 19, 21], [0, 1, 11, 12, 16, 17, 29, 30], [1, 2, 3, 6, 7, 8, 28, 29], [1, 2, 3, 5, 7, 15, 18, 21], [0, 1, 4, 8, 9, 12, 15, 27], [0, 1, 2, 3, 5, 8, 14, 28], [4, 6, 8, 10, 17, 18, 28, 31], [0, 3, 5, 6, 7, 8, 13, 20], [7, 12, 13, 17, 19, 20, 21, 22], [0, 5, 6, 10, 11, 13, 14, 23], [0, 1, 2, 4, 8, 9, 17, 21], [5, 8, 9, 12, 18, 23, 26, 29], [4, 5, 8, 10, 11, 12, 16, 25], [6, 7, 10, 11, 17, 20, 24, 29], [0, 1, 6, 7, 9, 12, 20, 31], [2, 4, 5, 10, 13, 14, 25, 26], [2, 8, 10, 13, 15, 18, 19, 22], [0, 1, 6, 15, 20, 22, 24, 31], [2, 3, 5, 9, 15, 20, 30, 31], [0, 1, 2, 3, 4, 5, 20, 30], [7, 8, 9, 10, 17, 24, 27, 30], [3, 4, 5, 6, 10, 11, 12, 13], [3, 7, 8, 13, 14, 20, 21, 22], [5, 9, 10, 11, 15, 21, 23, 24], [2, 3, 5, 6, 8, 9, 19, 23], [0, 1, 5, 6, 7, 10, 12, 13], [0, 1, 2, 7, 17, 18, 25, 29], [0, 3, 8, 10, 11, 12, 14, 30], [0, 3, 5, 11, 12, 20, 21, 26], [0, 1, 2, 3, 19, 20, 21, 28], [1, 2, 5, 11, 12, 16, 17, 22], [1, 2, 3, 5, 6, 20, 21, 25], [5, 8, 9, 16, 17, 18, 29, 31], [0, 1, 2, 3, 6, 9, 11, 28], [2, 10, 11, 12, 20, 22, 26, 31], [5, 6, 8, 9, 12, 23, 25, 26], [0, 1, 5, 6, 11, 12, 19, 21], [1, 5, 7, 8, 11, 12, 25, 27], [1, 3, 4, 5, 6, 11, 12, 25], [1, 3, 4, 5, 6, 9, 16, 31], [2, 3, 4, 6, 7, 9, 10, 17], [0, 1, 2, 3, 10, 22, 23, 31], [0, 1, 2, 3, 7, 8, 19, 23], [4, 5, 6, 10, 12, 13, 25, 30], [1, 3, 4, 5, 8, 12, 13, 17], [2, 3, 6, 12, 13, 14, 17, 19], [1, 2, 3, 7, 13, 18, 19, 20], [0, 1, 5, 6, 15, 23, 24, 25], [0, 2, 3, 6, 7, 14, 15, 16], [0, 1, 3, 6, 19, 22, 27, 31], [4, 5, 7, 10, 11, 12, 17, 18], [0, 4, 5, 15, 16, 17, 22, 24], [1, 2, 3, 7, 8, 17, 18, 22], [0, 1, 2, 3, 4, 5, 7, 12], [2, 17, 19, 20, 21, 22, 24, 26], [1, 5, 9, 10, 11, 15, 21, 25], [5, 6, 9, 18, 19, 20, 22, 24], [0, 1, 2, 3, 5, 9, 15, 22], [0, 2, 5, 9, 14, 18, 19, 21], [4, 5, 6, 7, 8, 18, 19, 27], [3, 5, 14, 16, 17, 26, 27, 29], [0, 4, 6, 7, 15, 20, 29, 31], [1, 2, 12, 17, 19, 22, 28, 29], [0, 8, 14, 18, 21, 24, 28, 30], [3, 4, 5, 8, 12, 15, 16, 24], [0, 1, 2, 4, 8, 12, 15, 29], [0, 1, 4, 12, 13, 19, 22, 29], [1, 2, 9, 10, 13, 15, 19, 20], [1, 2, 3, 7, 20, 25, 29, 30], [4, 6, 7, 8, 10, 11, 18, 23], [0, 1, 3, 6, 8, 11, 17, 28], [1, 3, 4, 5, 8, 12, 13, 14], [1, 4, 5, 6, 7, 8, 11, 26], [0, 1, 2, 7, 8, 12, 24, 28], [2, 7, 10, 13, 16, 20, 21, 24], [3, 5, 6, 12, 22, 23, 24, 28], [0, 1, 3, 8, 11, 13, 24, 31], [1, 4, 9, 10, 13, 16, 19, 20], [0, 1, 3, 5, 9, 20, 26, 29], [2, 6, 10, 15, 20, 21, 23, 25], [1, 2, 7, 8, 9, 15, 23, 24], [0, 1, 3, 10, 11, 12, 14, 15], [0, 4, 9, 12, 14, 22, 24, 29], [1, 2, 3, 8, 19, 27, 28, 29], [1, 2, 3, 8, 10, 14, 18, 19], [1, 2, 5, 12, 17, 18, 23, 28], [1, 2, 5, 7, 8, 11, 13, 14], [3, 4, 6, 7, 8, 14, 30, 31], [0, 1, 2, 12, 13, 22, 23, 28], [0, 1, 4, 6, 7, 8, 9, 29], [1, 2, 3, 6, 8, 13, 14, 16], [2, 12, 13, 15, 19, 25, 27, 30], [0, 6, 9, 10, 15, 16, 20, 27], [0, 4, 5, 13, 19, 22, 26, 27], [0, 3, 6, 11, 14, 15, 20, 27], [1, 3, 4, 5, 6, 13, 22, 25], [1, 4, 5, 6, 14, 15, 24, 30], [0, 1, 2, 4, 11, 20, 24, 29], [0, 12, 13, 16, 18, 24, 25, 28], [0, 1, 4, 5, 6, 7, 11, 16], [1, 2, 3, 4, 7, 8, 10, 16], [4, 5, 7, 9, 10, 12, 21, 25], [1, 2, 3, 4, 5, 22, 24, 31], [2, 3, 4, 5, 10, 11, 12, 18], [2, 3, 4, 7, 8, 19, 28, 29], [0, 1, 3, 7, 10, 15, 24, 31], [1, 3, 4, 6, 8, 9, 16, 17], [1, 3, 5, 6, 7, 9, 18, 27], [1, 2, 7, 16, 20, 21, 24, 25], [1, 2, 3, 4, 5, 6, 11, 19], [1, 2, 7, 8, 11, 18, 19, 22], [1, 2, 4, 7, 8, 10, 17, 26], [0, 2, 9, 13, 19, 26, 28, 30], [0, 5, 6, 10, 17, 18, 28, 29], [1, 4, 7, 8, 12, 14, 17, 24], [1, 2, 4, 7, 17, 19, 28, 31], [3, 7, 8, 11, 16, 19, 25, 29], [1, 2, 5, 7, 9, 11, 21, 27], [0, 1, 2, 5, 6, 9, 11, 31], [2, 3, 5, 11, 21, 22, 23, 26], [0, 2, 3, 4, 8, 18, 22, 24], [0, 1, 6, 13, 20, 23, 24, 30], [1, 3, 5, 6, 10, 15, 17, 27], [1, 3, 4, 7, 13, 14, 25, 26], [0, 1, 3, 4, 10, 11, 13, 17], [10, 16, 18, 20, 26, 28, 29, 30], [0, 2, 3, 4, 6, 18, 28, 31], [0, 3, 4, 7, 8, 9, 19, 26], [0, 1, 9, 12, 15, 17, 22, 23], [0, 1, 11, 13, 14, 18, 25, 28], [0, 1, 2, 3, 6, 12, 17, 24], [0, 1, 5, 6, 17, 21, 24, 25], [0, 2, 9, 12, 15, 17, 29, 30], [0, 3, 5, 6, 10, 21, 24, 25], [3, 4, 6, 7, 8, 26, 28, 31], [10, 17, 19, 22, 23, 29, 30, 31], [0, 4, 6, 9, 10, 11, 20, 26], [0, 1, 2, 7, 12, 18, 27, 30], [0, 3, 4, 7, 10, 18, 20, 23], [0, 1, 3, 5, 10, 11, 13, 21], [2, 4, 5, 7, 9, 17, 27, 28], [5, 6, 7, 12, 17, 18, 19, 23], [1, 2, 3, 5, 6, 7, 9, 26], [1, 2, 4, 5, 9, 10, 27, 31], [0, 1, 4, 5, 6, 8, 9, 12], [0, 1, 3, 4, 10, 14, 17, 30], [1, 2, 4, 5, 9, 15, 17, 26], [1, 2, 5, 7, 13, 25, 28, 31], [1, 2, 3, 4, 7, 16, 17, 31], [1, 2, 3, 4, 5, 7, 8, 9]]",8,0.4552357792854309,128,learned,0.5,24192,4.0,124,0.47570934891700745,71,104 0 64 8,6026,0.8561777472496033,test,top_r_mean,1.0,1.0,0.5,0.625
0.023555391976444608,1.0,170,1.0,31,103.758699959144,qasper,0.8,0.25,0.2,0.0,2004.04721:664b3eadc12c8dde309e8bbd59e9af961a433cde,mean,0.356635566077148,1.185464859008789,"[[0], [1], [0], [3], [0], [1], [2], [1], [0], [3], [4], [0], [1], [0], [0], [1], [0], [0], [0], [2], [1], [0], [1], [2], [0], [3], [1], [1], [0], [2], [6], [5], [0], [1], [7], [2], [0], [3], [6], [0], [0], [1], [6], [5], [2], [1], [3], [0], [0], [1], [0], [3], [0], [3], [0], [5], [0], [3], [0], [1], [3], [1], [7], [0], [0], [1], [3], [1], [1], [0], [0], [1], [0], [2], [1], [1], [3], [2], [3], [0], [0], [0], [1], [3], [3], [3], [7], [0], [0], [0], [1], [0], [1], [1], [0], [1], [0], [4], [5], [0], [0], [1], [1], [0], [0], [0], [8], [4], [0], [0], [6], [1], [0], [3], [1], [0], [0], [0], [1], [0], [0], [1], [0], [1], [3], [3], [2], [1], [0], [0], [2], [1], [1], [6], [0], [0], [0], [1], [12], [1], [0], [1], [0], [1], [0], [1], [0], [2], [1], [1], [4], [1], [0], [0], [0], [1], [0], [0], [0], [0], [0], [0], [3], [1], [1], [2], [1], [5], [0], [0]]",1,1.0509480237960815,128,learned,1.0,2720,4.0,124,1.2251763343811035,11,0 72 8 168,5434,0.5040625929832458,test,top_r_mean,0.0,0.0,0.25,0.5
0.023555391976444608,1.0,170,1.0,31,113.88119985349476,qasper,0.8,0.25,0.2,0.0,2004.04721:664b3eadc12c8dde309e8bbd59e9af961a433cde,mean,0.3764099707561621,1.1868109703063965,"[[0], [1], [0], [3], [0], [1], [2], [1], [0], [3], [4], [0], [1], [0], [0], [1], [0], [0], [0], [0], [1], [0], [1], [2], [0], [2], [1], [1], [0], [0], [7], [6], [0], [1], [2], [2], [0], [4], [3], [0], [0], [1], [6], [5], [2], [0], [4], [0], [0], [1], [0], [4], [0], [3], [0], [4], [0], [3], [0], [1], [3], [3], [0], [0], [0], [1], [3], [1], [1], [0], [0], [1], [0], [2], [2], [0], [3], [2], [0], [0], [0], [0], [1], [0], [2], [3], [4], [0], [0], [0], [1], [0], [1], [1], [0], [1], [0], [0], [5], [0], [0], [1], [0], [0], [0], [0], [8], [4], [0], [0], [2], [1], [0], [3], [4], [0], [0], [1], [1], [0], [0], [1], [0], [1], [1], [3], [2], [1], [0], [0], [2], [1], [1], [0], [0], [0], [0], [1], [2], [1], [0], [1], [0], [0], [0], [1], [0], [2], [6], [1], [4], [1], [0], [0], [0], [1], [0], [0], [0], [0], [0], [0], [1], [0], [1], [0], [1], [5], [0], [0]]",1,1.05512273311615,128,learned,1.0,2720,4.0,124,1.2320952415466309,23,0 72 8 168,5434,0.5279950499534607,test,top_r_mean,0.0,0.0,0.25,0.5
0.023555391976444608,1.0,170,1.0,31,113.3793001063168,qasper,0.8,0.25,0.2,0.0,2004.04721:664b3eadc12c8dde309e8bbd59e9af961a433cde,mean,0.34298844172120874,1.1865262985229492,"[[0], [1], [0], [2], [0], [1], [2], [1], [0], [3], [2], [0], [1], [0], [0], [1], [0], [0], [0], [2], [1], [0], [1], [2], [0], [3], [1], [1], [0], [0], [1], [1], [0], [1], [2], [2], [0], [3], [3], [0], [0], [1], [6], [5], [2], [0], [4], [0], [0], [1], [0], [3], [0], [3], [0], [3], [0], [3], [0], [1], [3], [3], [0], [0], [0], [0], [3], [1], [1], [0], [0], [1], [0], [1], [1], [0], [2], [2], [0], [0], [0], [0], [1], [0], [2], [1], [4], [0], [0], [0], [1], [0], [1], [1], [0], [1], [0], [0], [5], [0], [0], [1], [0], [0], [0], [0], [8], [4], [0], [0], [6], [1], [0], [3], [0], [0], [0], [0], [1], [0], [0], [1], [0], [1], [1], [3], [2], [1], [0], [0], [2], [2], [1], [0], [0], [0], [0], [1], [2], [1], [0], [1], [0], [0], [0], [1], [0], [2], [1], [1], [4], [1], [0], [0], [0], [1], [0], [0], [0], [0], [0], [0], [4], [1], [1], [2], [1], [5], [0], [0]]",1,1.0510852336883545,128,learned,1.0,2720,4.0,124,1.2296000719070435,37,0 72 8 168,5434,0.48407498002052307,test,top_r_mean,0.0,0.0,0.25,0.5
0.023555391976444608,1.0,170,1.0,31,98.5926000867039,qasper,0.8,0.25,0.2,0.0,2004.04721:664b3eadc12c8dde309e8bbd59e9af961a433cde,mean,0.3436847235761036,1.1832425594329834,"[[0], [1], [0], [2], [0], [1], [2], [1], [0], [3], [2], [0], [1], [0], [0], [1], [0], [0], [0], [2], [1], [0], [1], [2], [0], [3], [1], [1], [0], [0], [1], [5], [0], [1], [2], [2], [0], [3], [3], [0], [0], [1], [6], [5], [2], [0], [3], [0], [0], [1], [0], [3], [0], [3], [0], [4], [0], [3], [0], [1], [3], [1], [0], [0], [0], [0], [3], [1], [1], [0], [0], [1], [0], [2], [2], [0], [2], [2], [0], [0], [0], [0], [1], [0], [2], [3], [4], [0], [0], [0], [1], [0], [1], [1], [0], [1], [0], [0], [5], [0], [0], [1], [0], [0], [0], [0], [8], [1], [0], [0], [6], [1], [0], [3], [3], [0], [0], [0], [1], [0], [0], [1], [0], [1], [1], [3], [2], [1], [0], [0], [2], [1], [1], [0], [0], [0], [0], [1], [2], [1], [0], [1], [0], [0], [0], [1], [0], [2], [1], [1], [4], [1], [0], [0], [0], [1], [0], [0], [0], [0], [0], [0], [4], [1], [1], [2], [1], [5], [0], [0]]",1,1.0455670356750488,128,learned,1.0,2720,4.0,124,1.2213892936706543,53,0 72 8 168,5434,0.4851081669330597,test,top_r_mean,0.0,0.0,0.25,0.5
0.023555391976444608,1.0,170,1.0,31,104.98169995844364,qasper,0.8,0.25,0.2,0.0,2004.04721:664b3eadc12c8dde309e8bbd59e9af961a433cde,mean,0.3544074641414845,1.1796491146087646,"[[0], [1], [0], [3], [0], [1], [2], [1], [0], [3], [2], [0], [1], [0], [0], [1], [0], [0], [0], [2], [1], [0], [1], [2], [0], [3], [1], [1], [0], [2], [7], [5], [0], [1], [2], [2], [0], [4], [3], [0], [0], [1], [6], [5], [3], [0], [4], [0], [0], [1], [0], [3], [0], [3], [0], [4], [0], [3], [0], [1], [3], [3], [0], [0], [0], [1], [3], [1], [1], [0], [0], [1], [0], [2], [2], [0], [3], [2], [1], [0], [0], [0], [1], [3], [4], [3], [4], [0], [0], [0], [1], [0], [1], [1], [0], [1], [0], [4], [1], [0], [0], [1], [0], [0], [0], [0], [8], [4], [0], [0], [6], [1], [0], [3], [3], [0], [0], [0], [1], [0], [0], [1], [0], [1], [1], [3], [2], [1], [0], [0], [2], [2], [1], [0], [0], [0], [0], [1], [2], [1], [0], [1], [0], [1], [0], [1], [0], [2], [1], [1], [4], [1], [0], [0], [0], [1], [0], [0], [0], [0], [0], [0], [4], [1], [1], [2], [1], [5], [0], [0]]",1,1.0415452718734741,128,learned,1.0,2720,4.0,124,1.2171963453292847,71,0 72 8 168,5434,0.5000861287117004,test,top_r_mean,0.0,0.0,0.25,0.5
0.023555391976444608,1.0,170,1.0,31,121.2674998678267,qasper,0.8,0.25,0.2,0.0,2004.04721:664b3eadc12c8dde309e8bbd59e9af961a433cde,mean,0.4231813435433345,0.1990092247724533,"[[0, 1], [1, 3], [0, 2], [3, 4], [0, 1], [1, 4], [2, 5], [1, 2], [0, 1], [3, 4], [4, 5], [0, 1], [1, 2], [0, 1], [0, 2], [1, 2], [0, 1], [0, 2], [0, 4], [2, 3], [1, 2], [0, 1], [1, 2], [2, 6], [0, 4], [3, 4], [1, 2], [1, 2], [0, 1], [2, 4], [6, 7], [5, 8], [0, 1], [1, 2], [7, 9], [2, 5], [0, 2], [3, 5], [6, 18], [0, 2], [0, 1], [1, 2], [6, 8], [5, 6], [2, 3], [1, 3], [3, 4], [0, 1], [0, 1], [1, 2], [0, 3], [3, 4], [0, 1], [3, 4], [0, 1], [5, 8], [0, 1], [3, 10], [0, 1], [1, 2], [3, 4], [1, 3], [7, 8], [0, 2], [0, 1], [1, 4], [3, 5], [1, 2], [1, 2], [0, 10], [0, 1], [1, 2], [0, 1], [2, 3], [1, 2], [1, 2], [3, 5], [2, 5], [3, 10], [0, 2], [0, 1], [0, 2], [1, 5], [3, 4], [3, 4], [3, 15], [7, 8], [0, 4], [0, 1], [0, 1], [1, 3], [0, 2], [1, 2], [1, 3], [0, 1], [1, 2], [0, 1], [4, 7], [5, 6], [0, 4], [0, 1], [1, 5], [1, 2], [0, 3], [0, 1], [0, 3], [8, 9], [4, 5], [0, 1], [0, 1], [6, 7], [1, 2], [0, 1], [3, 4], [1, 4], [0, 1], [0, 2], [0, 1], [1, 3], [0, 1], [0, 1], [1, 2], [0, 3], [1, 2], [3, 4], [3, 4], [2, 5], [1, 2], [0, 1], [0, 1], [2, 3], [1, 2], [1, 2], [6, 8], [0, 1], [0, 2], [0, 1], [1, 2], [12, 14], [1, 4], [0, 3], [1, 2], [0, 3], [1, 3], [0, 1], [1, 2], [0, 1], [2, 3], [1, 6], [1, 2], [4, 10], [1, 2], [0, 1], [0, 1], [0, 2], [1, 3], [0, 1], [0, 1], [0, 1], [0, 5], [0, 1], [0, 3], [3, 4], [1, 2], [1, 2], [2, 3], [1, 2], [5, 6], [0, 1], [0, 2]]",2,0.7876003384590149,128,learned,0.5,5440,4.0,124,0.8480085134506226,11,48 0 80 152,5434,0.5818540453910828,test,top_r_mean,0.0,0.0,0.25,0.625
0.023555391976444608,1.0,170,1.0,31,109.95539999566972,qasper,0.8,0.25,0.2,0.0,2004.04721:664b3eadc12c8dde309e8bbd59e9af961a433cde,mean,0.44768534632788026,0.19814276695251465,"[[0, 1], [1, 3], [0, 2], [3, 4], [0, 1], [1, 4], [2, 5], [1, 2], [0, 2], [3, 4], [4, 5], [0, 1], [1, 2], [0, 1], [0, 2], [1, 2], [0, 1], [0, 8], [0, 6], [0, 2], [1, 2], [0, 1], [1, 2], [2, 6], [0, 1], [2, 3], [1, 2], [1, 2], [0, 1], [0, 2], [7, 9], [6, 8], [0, 1], [1, 2], [2, 7], [2, 5], [0, 2], [4, 5], [3, 6], [0, 2], [0, 1], [1, 2], [6, 8], [5, 6], [2, 3], [0, 1], [4, 5], [0, 1], [0, 1], [1, 2], [0, 3], [4, 5], [0, 1], [3, 4], [0, 1], [4, 5], [0, 1], [3, 10], [0, 1], [1, 2], [3, 4], [3, 4], [0, 7], [0, 2], [0, 1], [1, 4], [3, 5], [1, 2], [1, 2], [0, 7], [0, 1], [1, 2], [0, 1], [2, 5], [2, 3], [0, 1], [3, 5], [2, 5], [0, 3], [0, 2], [0, 1], [0, 2], [1, 5], [0, 2], [2, 4], [3, 4], [4, 7], [0, 4], [0, 1], [0, 1], [1, 3], [0, 2], [1, 2], [1, 2], [0, 1], [1, 2], [0, 1], [0, 4], [5, 6], [0, 4], [0, 1], [1, 2], [0, 1], [0, 3], [0, 1], [0, 3], [8, 9], [4, 5], [0, 1], [0, 1], [2, 7], [1, 2], [0, 1], [3, 4], [4, 5], [0, 1], [0, 2], [1, 2], [1, 3], [0, 1], [0, 1], [1, 2], [0, 3], [1, 2], [1, 3], [3, 4], [2, 5], [1, 2], [0, 1], [0, 1], [2, 3], [1, 2], [1, 2], [0, 1], [0, 1], [0, 6], [0, 1], [1, 2], [2, 14], [1, 4], [0, 3], [1, 2], [0, 3], [0, 1], [0, 1], [1, 2], [0, 1], [2, 3], [6, 7], [1, 2], [4, 10], [1, 2], [0, 1], [0, 1], [0, 2], [1, 3], [0, 1], [0, 1], [0, 1], [0, 3], [0, 1], [0, 3], [1, 4], [0, 1], [1, 2], [0, 2], [1, 2], [5, 6], [0, 1], [0, 2]]",2,0.7806159853935242,128,learned,0.5,5440,4.0,124,0.8437978029251099,23,48 0 80 24,5434,0.6116413474082947,test,top_r_mean,0.0,0.0,0.25,0.625
0.023555391976444608,1.0,170,1.0,31,116.69620010070503,qasper,0.8,0.25,0.2,0.0,2004.04721:664b3eadc12c8dde309e8bbd59e9af961a433cde,mean,0.4315349808562478,0.2013130933046341,"[[0, 1], [1, 3], [0, 2], [2, 3], [0, 1], [1, 2], [2, 3], [1, 2], [0, 1], [3, 4], [2, 4], [0, 1], [1, 2], [0, 1], [0, 2], [1, 2], [0, 1], [0, 2], [0, 6], [2, 3], [1, 2], [0, 1], [1, 2], [2, 6], [0, 1], [3, 5], [1, 2], [1, 2], [0, 1], [0, 2], [1, 7], [1, 5], [0, 1], [1, 2], [2, 5], [2, 5], [0, 2], [3, 5], [3, 6], [0, 2], [0, 1], [1, 2], [6, 8], [5, 6], [2, 3], [0, 1], [4, 5], [0, 1], [0, 1], [1, 2], [0, 2], [3, 4], [0, 1], [3, 4], [0, 1], [3, 4], [0, 1], [3, 10], [0, 1], [1, 2], [3, 4], [3, 4], [0, 2], [0, 2], [0, 1], [0, 1], [3, 5], [1, 2], [1, 2], [0, 10], [0, 1], [1, 2], [0, 1], [1, 2], [1, 2], [0, 1], [2, 3], [2, 5], [0, 1], [0, 2], [0, 1], [0, 2], [1, 5], [0, 2], [2, 3], [1, 3], [4, 7], [0, 4], [0, 1], [0, 1], [1, 3], [0, 2], [1, 2], [1, 2], [0, 1], [1, 2], [0, 1], [0, 4], [5, 6], [0, 4], [0, 1], [1, 2], [0, 1], [0, 3], [0, 1], [0, 3], [8, 9], [4, 5], [0, 1], [0, 1], [6, 7], [1, 2], [0, 1], [3, 4], [0, 4], [0, 1], [0, 2], [0, 1], [1, 3], [0, 1], [0, 1], [1, 2], [0, 3], [1, 2], [1, 3], [3, 4], [2, 5], [1, 2], [0, 1], [0, 1], [2, 3], [2, 3], [1, 2], [0, 1], [0, 1], [0, 2], [0, 1], [1, 2], [2, 12], [1, 4], [0, 3], [1, 2], [0, 2], [0, 1], [0, 1], [1, 2], [0, 1], [2, 3], [1, 6], [1, 2], [4, 10], [1, 2], [0, 1], [0, 1], [0, 2], [1, 3], [0, 1], [0, 1], [0, 1], [0, 3], [0, 1], [0, 3], [4, 6], [1, 2], [1, 2], [2, 3], [1, 2], [5, 6], [0, 1], [0, 2]]",2,0.7924404740333557,128,learned,0.5,5440,4.0,124,0.8541542887687683,37,48 0 80 24,5434,0.5908940434455872,test,top_r_mean,0.0,0.0,0.25,0.625
0.023555391976444608,1.0,170,1.0,31,113.46040014177561,qasper,0.8,0.25,0.2,0.0,2004.04721:664b3eadc12c8dde309e8bbd59e9af961a433cde,mean,0.4500522102332057,0.1971217393875122,"[[0, 1], [1, 3], [0, 2], [2, 3], [0, 1], [1, 2], [2, 3], [1, 2], [0, 1], [3, 4], [2, 4], [0, 1], [1, 2], [0, 1], [0, 2], [1, 2], [0, 1], [0, 2], [0, 4], [2, 3], [1, 2], [0, 1], [1, 2], [2, 6], [0, 1], [3, 7], [1, 2], [1, 2], [0, 1], [0, 2], [1, 7], [5, 6], [0, 1], [1, 2], [2, 7], [2, 5], [0, 2], [3, 4], [3, 6], [0, 2], [0, 1], [1, 2], [6, 8], [5, 6], [2, 3], [0, 1], [3, 4], [0, 1], [0, 1], [1, 2], [0, 3], [3, 4], [0, 1], [3, 4], [0, 1], [4, 5], [0, 1], [3, 10], [0, 1], [1, 2], [3, 4], [1, 3], [0, 2], [0, 2], [0, 1], [0, 1], [3, 5], [1, 2], [1, 2], [0, 7], [0, 1], [1, 2], [0, 1], [2, 3], [2, 3], [0, 1], [2, 3], [2, 5], [0, 3], [0, 2], [0, 1], [0, 2], [1, 5], [0, 2], [2, 3], [3, 4], [4, 7], [0, 4], [0, 1], [0, 1], [1, 3], [0, 2], [1, 2], [1, 2], [0, 1], [1, 2], [0, 1], [0, 4], [5, 6], [0, 4], [0, 1], [1, 2], [0, 1], [0, 3], [0, 1], [0, 3], [8, 9], [1, 5], [0, 1], [0, 1], [6, 7], [1, 2], [0, 1], [3, 4], [3, 4], [0, 1], [0, 2], [0, 1], [1, 3], [0, 1], [0, 1], [1, 2], [0, 3], [1, 2], [1, 3], [3, 4], [2, 5], [1, 2], [0, 1], [0, 1], [2, 3], [1, 2], [1, 2], [0, 1], [0, 1], [0, 4], [0, 1], [1, 2], [2, 12], [1, 4], [0, 3], [1, 2], [0, 3], [0, 1], [0, 1], [1, 2], [0, 1], [2, 3], [1, 6], [1, 2], [4, 10], [1, 2], [0, 1], [0, 1], [0, 2], [1, 2], [0, 1], [0, 1], [0, 1], [0, 2], [0, 1], [0, 3], [4, 6], [1, 2], [1, 2], [2, 3], [1, 2], [5, 6], [0, 1], [0, 2]]",2,0.7832275629043579,128,learned,0.5,5440,4.0,124,0.843048095703125,53,48 0 80 24,5434,0.6157497763633728,test,top_r_mean,0.0,0.0,0.25,0.625
0.023555391976444608,1.0,170,1.0,31,111.60099995322526,qasper,0.8,0.25,0.2,0.0,2004.04721:664b3eadc12c8dde309e8bbd59e9af961a433cde,mean,0.4229028889662374,0.1944320648908615,"[[0, 1], [1, 3], [0, 2], [3, 4], [0, 1], [1, 4], [2, 5], [1, 2], [0, 2], [3, 4], [2, 4], [0, 1], [1, 2], [0, 1], [0, 2], [1, 2], [0, 1], [0, 8], [0, 6], [2, 3], [1, 2], [0, 1], [1, 2], [2, 6], [0, 4], [3, 7], [1, 4], [1, 2], [0, 1], [2, 4], [7, 9], [5, 6], [0, 1], [1, 2], [2, 7], [2, 5], [0, 2], [4, 5], [3, 6], [0, 4], [0, 1], [1, 2], [6, 8], [5, 6], [3, 4], [0, 1], [4, 10], [0, 1], [0, 1], [1, 2], [0, 3], [3, 4], [0, 1], [3, 4], [0, 1], [4, 5], [0, 1], [3, 10], [0, 1], [1, 2], [3, 4], [3, 8], [0, 7], [0, 2], [0, 1], [1, 4], [3, 5], [1, 2], [1, 2], [0, 12], [0, 1], [1, 2], [0, 1], [2, 3], [2, 3], [0, 1], [3, 5], [2, 5], [1, 3], [0, 2], [0, 1], [0, 2], [1, 6], [3, 4], [4, 16], [3, 4], [4, 7], [0, 4], [0, 1], [0, 1], [1, 3], [0, 2], [1, 2], [1, 2], [0, 1], [1, 2], [0, 1], [4, 7], [1, 5], [0, 4], [0, 1], [1, 5], [0, 1], [0, 3], [0, 1], [0, 3], [8, 9], [4, 5], [0, 1], [0, 1], [6, 7], [1, 2], [0, 1], [3, 4], [3, 4], [0, 1], [0, 2], [0, 1], [1, 3], [0, 1], [0, 1], [1, 2], [0, 3], [1, 2], [1, 3], [3, 4], [2, 5], [1, 2], [0, 1], [0, 1], [2, 3], [2, 3], [1, 2], [0, 6], [0, 1], [0, 6], [0, 1], [1, 2], [2, 14], [1, 4], [0, 3], [1, 2], [0, 3], [1, 3], [0, 1], [1, 2], [0, 1], [2, 3], [1, 6], [1, 2], [4, 10], [1, 2], [0, 1], [0, 1], [0, 2], [1, 2], [0, 1], [0, 1], [0, 1], [0, 5], [0, 1], [0, 3], [4, 6], [1, 3], [1, 2], [2, 3], [1, 2], [5, 6], [0, 1], [0, 2]]",2,0.7722400426864624,128,learned,0.5,5440,4.0,124,0.830514132976532,71,48 0 80 152,5434,0.5778799653053284,test,top_r_mean,0.0,0.0,0.25,0.625
0.023555391976444608,1.0,170,1.0,31,104.12360006012022,qasper,0.8,0.25,0.2,0.0,2004.04721:664b3eadc12c8dde309e8bbd59e9af961a433cde,mean,0.43125652627915073,0.028818178921937943,"[[0, 1, 4, 5], [1, 3, 4, 5], [0, 2, 5, 6], [3, 4, 6, 9], [0, 1, 3, 6], [1, 4, 5, 6], [2, 5, 6, 7], [1, 2, 3, 8], [0, 1, 2, 3], [3, 4, 7, 9], [4, 5, 6, 8], [0, 1, 3, 6], [1, 2, 4, 9], [0, 1, 4, 5], [0, 2, 3, 7], [1, 2, 6, 7], [0, 1, 2, 3], [0, 2, 8, 9], [0, 4, 6, 7], [2, 3, 9, 10], [1, 2, 8, 12], [0, 1, 2, 3], [1, 2, 3, 6], [2, 6, 9, 10], [0, 4, 9, 10], [3, 4, 5, 7], [1, 2, 4, 7], [1, 2, 3, 6], [0, 1, 2, 3], [2, 4, 5, 7], [6, 7, 9, 14], [5, 8, 10, 11], [0, 1, 5, 12], [1, 2, 3, 5], [7, 9, 17, 18], [2, 5, 7, 8], [0, 2, 4, 7], [3, 5, 7, 9], [6, 18, 24, 26], [0, 2, 4, 5], [0, 1, 3, 5], [1, 2, 3, 10], [6, 8, 10, 11], [5, 6, 7, 9], [2, 3, 4, 9], [1, 3, 4, 5], [3, 4, 5, 10], [0, 1, 10, 13], [0, 1, 4, 9], [1, 2, 6, 7], [0, 3, 13, 15], [3, 4, 5, 7], [0, 1, 8, 10], [3, 4, 16, 17], [0, 1, 19, 20], [5, 8, 9, 10], [0, 1, 7, 10], [3, 10, 11, 12], [0, 1, 5, 6], [1, 2, 3, 5], [3, 4, 11, 21], [1, 3, 4, 8], [7, 8, 9, 10], [0, 2, 8, 10], [0, 1, 2, 4], [1, 4, 6, 7], [3, 5, 7, 8], [1, 2, 5, 11], [1, 2, 3, 4], [0, 10, 12, 13], [0, 1, 2, 5], [1, 2, 6, 8], [0, 1, 2, 4], [2, 3, 5, 7], [1, 2, 3, 9], [1, 2, 5, 8], [3, 5, 15, 18], [2, 5, 6, 7], [3, 10, 12, 21], [0, 2, 9, 12], [0, 1, 2, 9], [0, 2, 3, 4], [1, 5, 6, 7], [3, 4, 5, 11], [3, 4, 16, 18], [3, 15, 17, 18], [7, 8, 11, 17], [0, 4, 8, 9], [0, 1, 2, 3], [0, 1, 2, 6], [1, 3, 8, 11], [0, 2, 4, 6], [1, 2, 5, 7], [1, 3, 5, 6], [0, 1, 2, 5], [1, 2, 3, 4], [0, 1, 2, 4], [4, 7, 8, 9], [5, 6, 7, 10], [0, 4, 7, 9], [0, 1, 2, 3], [1, 5, 6, 7], [1, 2, 4, 13], [0, 3, 4, 5], [0, 1, 2, 4], [0, 3, 6, 8], [8, 9, 12, 16], [4, 5, 10, 15], [0, 1, 4, 6], [0, 1, 3, 5], [6, 7, 13, 14], [1, 2, 3, 5], [0, 1, 4, 6], [3, 4, 7, 15], [1, 4, 5, 7], [0, 1, 4, 10], [0, 2, 5, 6], [0, 1, 4, 21], [1, 3, 7, 8], [0, 1, 3, 5], [0, 1, 2, 5], [1, 2, 6, 7], [0, 3, 6, 7], [1, 2, 4, 6], [3, 4, 8, 9], [3, 4, 9, 10], [2, 5, 7, 8], [1, 2, 5, 11], [0, 1, 2, 3], [0, 1, 2, 6], [2, 3, 4, 10], [1, 2, 3, 4], [1, 2, 18, 19], [6, 8, 13, 15], [0, 1, 4, 5], [0, 2, 6, 14], [0, 1, 6, 7], [1, 2, 3, 8], [12, 14, 17, 22], [1, 4, 5, 7], [0, 3, 4, 5], [1, 2, 8, 10], [0, 3, 4, 5], [1, 3, 4, 11], [0, 1, 2, 3], [1, 2, 6, 16], [0, 1, 5, 6], [2, 3, 6, 7], [1, 6, 7, 10], [1, 2, 3, 6], [4, 10, 16, 17], [1, 2, 5, 6], [0, 1, 4, 5], [0, 1, 10, 11], [0, 2, 3, 5], [1, 3, 4, 8], [0, 1, 8, 15], [0, 1, 2, 3], [0, 1, 2, 5], [0, 5, 7, 9], [0, 1, 3, 4], [0, 3, 4, 9], [3, 4, 6, 8], [1, 2, 3, 11], [1, 2, 7, 8], [2, 3, 6, 9], [1, 2, 5, 6], [5, 6, 7, 9], [0, 1, 3, 5], [0, 2, 4, 7]]",4,0.8453962802886963,128,learned,0.5,10880,4.0,124,0.8765612244606018,11,80 0 152 120,5434,0.5952589511871338,test,top_r_mean,1.0,0.5,0.25,0.5
0.023555391976444608,1.0,170,1.0,31,111.51259997859597,qasper,0.8,0.25,0.2,0.0,2004.04721:664b3eadc12c8dde309e8bbd59e9af961a433cde,mean,0.48555516881308736,0.02593868598341942,"[[0, 1, 4, 5], [1, 3, 4, 5], [0, 2, 6, 7], [3, 4, 6, 9], [0, 1, 3, 4], [1, 4, 5, 6], [2, 5, 6, 7], [1, 2, 3, 5], [0, 2, 3, 4], [3, 4, 6, 7], [4, 5, 6, 8], [0, 1, 3, 6], [1, 2, 4, 5], [0, 1, 4, 8], [0, 2, 3, 7], [1, 2, 6, 7], [0, 1, 2, 3], [0, 8, 9, 10], [0, 6, 10, 12], [0, 2, 5, 9], [1, 2, 5, 8], [0, 1, 2, 3], [1, 2, 3, 6], [2, 6, 9, 10], [0, 1, 4, 6], [2, 3, 5, 7], [1, 2, 4, 7], [1, 2, 3, 6], [0, 1, 2, 3], [0, 2, 4, 5], [7, 9, 14, 16], [6, 8, 11, 15], [0, 1, 12, 13], [1, 2, 3, 5], [2, 7, 9, 17], [2, 5, 6, 7], [0, 2, 4, 7], [4, 5, 7, 9], [3, 6, 18, 26], [0, 2, 4, 5], [0, 1, 3, 4], [1, 2, 3, 4], [6, 8, 10, 11], [5, 6, 7, 9], [2, 3, 4, 9], [0, 1, 4, 5], [4, 5, 10, 11], [0, 1, 10, 13], [0, 1, 4, 6], [1, 2, 6, 7], [0, 3, 8, 13], [4, 5, 7, 8], [0, 1, 10, 13], [3, 4, 16, 17], [0, 1, 2, 18], [4, 5, 8, 9], [0, 1, 7, 10], [3, 10, 11, 12], [0, 1, 5, 6], [1, 2, 4, 5], [3, 4, 11, 21], [3, 4, 8, 9], [0, 7, 9, 10], [0, 2, 8, 9], [0, 1, 2, 3], [1, 4, 6, 7], [3, 5, 7, 8], [1, 2, 5, 11], [1, 2, 3, 4], [0, 7, 12, 13], [0, 1, 2, 5], [1, 2, 6, 8], [0, 1, 2, 4], [2, 5, 7, 8], [2, 3, 9, 10], [0, 1, 2, 5], [3, 5, 12, 15], [2, 5, 6, 7], [0, 3, 10, 12], [0, 2, 9, 12], [0, 1, 2, 9], [0, 2, 3, 4], [1, 5, 6, 7], [0, 2, 3, 4], [2, 4, 16, 18], [3, 4, 15, 18], [4, 7, 8, 11], [0, 4, 8, 9], [0, 1, 2, 3], [0, 1, 2, 11], [1, 3, 11, 13], [0, 2, 4, 6], [1, 2, 5, 13], [1, 2, 3, 5], [0, 1, 2, 4], [1, 2, 3, 4], [0, 1, 2, 10], [0, 4, 7, 8], [5, 6, 7, 10], [0, 4, 7, 9], [0, 1, 2, 3], [1, 2, 5, 6], [0, 1, 2, 4], [0, 3, 4, 5], [0, 1, 2, 4], [0, 3, 6, 7], [8, 9, 11, 12], [4, 5, 10, 15], [0, 1, 2, 6], [0, 1, 3, 5], [2, 7, 13, 14], [1, 2, 3, 5], [0, 1, 4, 6], [3, 4, 7, 14], [4, 5, 7, 8], [0, 1, 4, 9], [0, 2, 5, 6], [1, 2, 4, 21], [1, 3, 7, 8], [0, 1, 3, 5], [0, 1, 2, 8], [1, 2, 6, 8], [0, 3, 5, 6], [1, 2, 4, 7], [1, 3, 8, 9], [3, 4, 13, 18], [2, 5, 8, 12], [1, 2, 5, 11], [0, 1, 2, 3], [0, 1, 2, 6], [2, 3, 4, 10], [1, 2, 3, 4], [1, 2, 18, 19], [0, 1, 5, 6], [0, 1, 4, 5], [0, 6, 14, 17], [0, 1, 6, 7], [1, 2, 3, 8], [2, 14, 15, 22], [1, 4, 5, 8], [0, 3, 4, 5], [1, 2, 9, 10], [0, 3, 4, 5], [0, 1, 3, 4], [0, 1, 2, 3], [1, 2, 6, 16], [0, 1, 5, 6], [2, 3, 6, 7], [6, 7, 10, 11], [1, 2, 3, 6], [4, 10, 15, 16], [1, 2, 4, 5], [0, 1, 4, 5], [0, 1, 8, 10], [0, 2, 3, 5], [1, 3, 4, 13], [0, 1, 8, 15], [0, 1, 2, 3], [0, 1, 2, 5], [0, 3, 5, 7], [0, 1, 4, 5], [0, 3, 4, 9], [1, 4, 6, 8], [0, 1, 2, 3], [1, 2, 7, 8], [0, 2, 3, 6], [1, 2, 4, 5], [5, 6, 8, 9], [0, 1, 3, 5], [0, 2, 7, 8]]",4,0.824682891368866,128,learned,0.5,10880,4.0,124,0.854379415512085,23,80 0 120 152,5434,0.6561892032623291,test,top_r_mean,1.0,0.5,0.25,0.5
0.023555391976444608,1.0,170,1.0,31,100.74110003188252,qasper,0.8,0.25,0.2,0.0,2004.04721:664b3eadc12c8dde309e8bbd59e9af961a433cde,mean,0.442116254785938,0.03041030839085579,"[[0, 1, 4, 5], [1, 3, 4, 5], [0, 2, 5, 6], [2, 3, 4, 6], [0, 1, 3, 4], [1, 2, 4, 5], [2, 3, 5, 6], [1, 2, 3, 6], [0, 1, 2, 3], [3, 4, 6, 7], [2, 4, 5, 6], [0, 1, 3, 4], [1, 2, 4, 5], [0, 1, 4, 5], [0, 2, 3, 5], [1, 2, 6, 7], [0, 1, 2, 3], [0, 2, 8, 9], [0, 6, 7, 10], [2, 3, 9, 10], [1, 2, 5, 8], [0, 1, 2, 3], [1, 2, 3, 6], [2, 6, 9, 10], [0, 1, 4, 6], [3, 5, 7, 11], [1, 2, 4, 7], [1, 2, 3, 6], [0, 1, 2, 3], [0, 2, 4, 5], [1, 7, 9, 14], [1, 5, 8, 11], [0, 1, 5, 8], [1, 2, 3, 5], [2, 5, 7, 9], [2, 5, 7, 8], [0, 2, 4, 7], [3, 5, 7, 9], [3, 6, 18, 24], [0, 2, 4, 5], [0, 1, 3, 5], [1, 2, 3, 4], [6, 8, 10, 11], [5, 6, 7, 9], [2, 3, 4, 9], [0, 1, 3, 4], [4, 5, 10, 11], [0, 1, 10, 13], [0, 1, 4, 9], [1, 2, 6, 7], [0, 2, 3, 13], [3, 4, 5, 7], [0, 1, 8, 10], [3, 4, 16, 17], [0, 1, 2, 19], [3, 4, 5, 8], [0, 1, 7, 10], [3, 10, 11, 12], [0, 1, 5, 6], [1, 2, 3, 5], [3, 4, 11, 21], [3, 4, 8, 9], [0, 2, 7, 9], [0, 2, 8, 10], [0, 1, 2, 3], [0, 1, 4, 6], [3, 5, 7, 8], [1, 2, 5, 11], [1, 2, 3, 4], [0, 10, 12, 13], [0, 1, 2, 5], [1, 2, 5, 6], [0, 1, 2, 4], [1, 2, 3, 5], [1, 2, 3, 4], [0, 1, 2, 5], [2, 3, 5, 15], [2, 5, 6, 7], [0, 1, 3, 10], [0, 2, 4, 7], [0, 1, 2, 9], [0, 2, 3, 4], [1, 5, 6, 7], [0, 2, 3, 4], [2, 3, 4, 16], [1, 3, 4, 15], [4, 7, 8, 11], [0, 4, 8, 9], [0, 1, 2, 3], [0, 1, 2, 6], [1, 3, 8, 11], [0, 2, 4, 6], [1, 2, 5, 13], [1, 2, 3, 5], [0, 1, 2, 5], [1, 2, 3, 4], [0, 1, 2, 4], [0, 4, 7, 8], [5, 6, 7, 10], [0, 4, 7, 9], [0, 1, 2, 3], [1, 2, 5, 6], [0, 1, 2, 4], [0, 3, 4, 5], [0, 1, 2, 4], [0, 3, 6, 8], [8, 9, 11, 12], [4, 5, 10, 15], [0, 1, 2, 4], [0, 1, 3, 5], [6, 7, 10, 13], [1, 2, 3, 5], [0, 1, 4, 6], [3, 4, 7, 15], [0, 4, 5, 7], [0, 1, 3, 4], [0, 2, 5, 6], [0, 1, 2, 4], [1, 3, 4, 7], [0, 1, 3, 5], [0, 1, 2, 8], [1, 2, 5, 6], [0, 3, 6, 7], [1, 2, 4, 6], [1, 3, 8, 9], [3, 4, 10, 18], [2, 5, 7, 8], [1, 2, 4, 5], [0, 1, 2, 3], [0, 1, 2, 6], [2, 3, 4, 10], [2, 3, 4, 5], [1, 2, 18, 19], [0, 1, 5, 6], [0, 1, 3, 4], [0, 2, 6, 14], [0, 1, 6, 7], [1, 2, 3, 8], [2, 12, 14, 17], [1, 4, 5, 8], [0, 3, 4, 5], [1, 2, 8, 10], [0, 2, 3, 4], [0, 1, 3, 4], [0, 1, 2, 3], [1, 2, 6, 16], [0, 1, 5, 6], [2, 3, 6, 7], [1, 6, 7, 10], [1, 2, 3, 6], [4, 10, 15, 16], [1, 2, 5, 6], [0, 1, 4, 5], [0, 1, 10, 11], [0, 2, 3, 5], [1, 3, 4, 8], [0, 1, 4, 8], [0, 1, 2, 3], [0, 1, 2, 5], [0, 3, 5, 7], [0, 1, 3, 4], [0, 3, 4, 9], [4, 6, 8, 11], [1, 2, 3, 6], [1, 2, 7, 8], [2, 3, 6, 9], [1, 2, 5, 6], [5, 6, 8, 9], [0, 1, 3, 5], [0, 2, 4, 7]]",4,0.8463755249977112,128,learned,0.5,10880,4.0,124,0.8787276148796082,37,80 0 120 152,5434,0.6040400266647339,test,top_r_mean,1.0,0.5,0.25,0.5
0.023555391976444608,1.0,170,1.0,31,112.22999985329807,qasper,0.8,0.25,0.2,0.0,2004.04721:664b3eadc12c8dde309e8bbd59e9af961a433cde,mean,0.4758092586146885,0.028419986367225647,"[[0, 1, 4, 5], [1, 3, 4, 5], [0, 2, 5, 6], [2, 3, 4, 6], [0, 1, 3, 4], [1, 2, 4, 5], [2, 3, 5, 6], [1, 2, 3, 6], [0, 1, 2, 3], [3, 4, 7, 9], [2, 4, 5, 6], [0, 1, 3, 6], [1, 2, 4, 5], [0, 1, 4, 5], [0, 2, 3, 5], [1, 2, 6, 7], [0, 1, 2, 3], [0, 2, 8, 9], [0, 4, 6, 7], [2, 3, 9, 10], [1, 2, 5, 8], [0, 1, 2, 3], [1, 2, 3, 6], [2, 6, 9, 10], [0, 1, 4, 9], [3, 7, 11, 15], [1, 2, 4, 7], [1, 2, 3, 6], [0, 1, 2, 3], [0, 2, 4, 5], [1, 7, 9, 14], [5, 6, 8, 11], [0, 1, 5, 12], [1, 2, 3, 5], [2, 7, 9, 17], [2, 5, 7, 8], [0, 2, 4, 7], [3, 4, 5, 7], [3, 6, 24, 26], [0, 2, 4, 5], [0, 1, 3, 5], [1, 2, 3, 4], [6, 8, 10, 11], [5, 6, 7, 9], [2, 3, 4, 9], [0, 1, 4, 5], [3, 4, 5, 10], [0, 1, 10, 13], [0, 1, 4, 9], [1, 2, 6, 7], [0, 3, 13, 14], [3, 4, 5, 7], [0, 1, 8, 10], [3, 4, 16, 17], [0, 1, 2, 19], [4, 5, 8, 9], [0, 1, 7, 9], [3, 10, 11, 12], [0, 1, 5, 6], [1, 2, 3, 5], [3, 4, 11, 21], [1, 3, 4, 8], [0, 2, 7, 9], [0, 2, 8, 10], [0, 1, 2, 3], [0, 1, 4, 6], [3, 5, 7, 8], [1, 2, 5, 11], [1, 2, 3, 4], [0, 7, 12, 13], [0, 1, 2, 5], [1, 2, 5, 6], [0, 1, 2, 4], [2, 3, 5, 7], [2, 3, 4, 9], [0, 1, 2, 5], [2, 3, 5, 15], [2, 5, 6, 7], [0, 3, 10, 12], [0, 2, 4, 9], [0, 1, 2, 9], [0, 2, 3, 4], [1, 5, 6, 7], [0, 2, 3, 4], [2, 3, 4, 16], [3, 4, 15, 18], [4, 7, 8, 11], [0, 4, 8, 9], [0, 1, 2, 3], [0, 1, 2, 6], [1, 3, 8, 11], [0, 2, 4, 6], [1, 2, 5, 7], [1, 2, 3, 5], [0, 1, 2, 5], [1, 2, 3, 4], [0, 1, 2, 4], [0, 4, 7, 8], [5, 6, 7, 10], [0, 4, 9, 12], [0, 1, 2, 3], [1, 2, 5, 6], [0, 1, 2, 4], [0, 3, 4, 5], [0, 1, 2, 4], [0, 3, 6, 8], [8, 9, 11, 12], [1, 5, 10, 15], [0, 1, 2, 4], [0, 1, 3, 5], [6, 7, 13, 14], [1, 2, 3, 5], [0, 1, 4, 6], [3, 4, 7, 14], [3, 4, 5, 7], [0, 1, 3, 4], [0, 2, 5, 6], [0, 1, 4, 7], [1, 3, 4, 7], [0, 1, 3, 5], [0, 1, 2, 5], [1, 2, 6, 7], [0, 3, 6, 7], [1, 2, 4, 6], [1, 3, 4, 8], [3, 4, 10, 12], [2, 5, 7, 8], [1, 2, 4, 5], [0, 1, 2, 3], [0, 1, 2, 6], [2, 3, 4, 6], [1, 2, 3, 4], [1, 2, 18, 19], [0, 1, 6, 8], [0, 1, 3, 4], [0, 4, 6, 14], [0, 1, 6, 7], [1, 2, 3, 8], [2, 12, 14, 17], [1, 4, 5, 7], [0, 3, 4, 5], [1, 2, 8, 10], [0, 3, 4, 5], [0, 1, 3, 4], [0, 1, 2, 3], [1, 2, 6, 16], [0, 1, 5, 6], [2, 3, 5, 6], [1, 6, 7, 10], [1, 2, 3, 6], [4, 10, 16, 17], [1, 2, 5, 6], [0, 1, 4, 5], [0, 1, 10, 11], [0, 2, 3, 5], [1, 2, 3, 4], [0, 1, 4, 8], [0, 1, 2, 3], [0, 1, 2, 3], [0, 2, 3, 5], [0, 1, 3, 4], [0, 3, 4, 9], [4, 6, 8, 9], [1, 2, 3, 11], [1, 2, 7, 8], [2, 3, 5, 6], [1, 2, 5, 6], [5, 6, 7, 9], [0, 1, 3, 26], [0, 2, 4, 7]]",4,0.8392165303230286,128,learned,0.5,10880,4.0,124,0.8693962097167969,53,80 0 152 120,5434,0.6458668112754822,test,top_r_mean,1.0,0.5,0.25,0.5
0.023555391976444608,1.0,170,1.0,31,104.06240005977452,qasper,0.8,0.25,0.2,0.0,2004.04721:664b3eadc12c8dde309e8bbd59e9af961a433cde,mean,0.45589975635224506,0.02564794011414051,"[[0, 1, 4, 5], [1, 3, 4, 5], [0, 2, 5, 6], [3, 4, 6, 9], [0, 1, 3, 6], [1, 4, 5, 6], [2, 5, 6, 7], [1, 2, 3, 8], [0, 2, 3, 10], [3, 4, 7, 9], [2, 4, 5, 6], [0, 1, 3, 6], [1, 2, 4, 9], [0, 1, 4, 8], [0, 2, 3, 7], [1, 2, 6, 7], [0, 1, 2, 3], [0, 8, 9, 14], [0, 6, 7, 10], [2, 3, 9, 10], [1, 2, 5, 8], [0, 1, 2, 3], [1, 2, 3, 6], [2, 6, 9, 10], [0, 4, 9, 10], [3, 7, 11, 15], [1, 4, 7, 12], [1, 2, 3, 6], [0, 1, 2, 3], [2, 4, 5, 7], [7, 9, 14, 17], [5, 6, 8, 11], [0, 1, 5, 12], [1, 2, 3, 5], [2, 7, 9, 17], [2, 5, 7, 9], [0, 2, 4, 7], [4, 5, 7, 9], [3, 6, 18, 26], [0, 4, 5, 12], [0, 1, 4, 5], [1, 2, 3, 10], [6, 8, 10, 11], [5, 6, 7, 9], [3, 4, 9, 10], [0, 1, 4, 5], [4, 10, 11, 16], [0, 1, 10, 13], [0, 1, 4, 9], [1, 2, 6, 7], [0, 3, 13, 14], [3, 4, 5, 7], [0, 1, 8, 10], [3, 4, 16, 17], [0, 1, 2, 19], [4, 5, 8, 9], [0, 1, 7, 10], [3, 10, 11, 12], [0, 1, 5, 6], [1, 2, 3, 5], [3, 4, 11, 21], [3, 8, 9, 15], [0, 7, 9, 10], [0, 2, 8, 10], [0, 1, 2, 4], [1, 4, 6, 7], [3, 5, 7, 8], [1, 2, 5, 11], [1, 2, 3, 4], [0, 12, 13, 26], [0, 1, 2, 5], [1, 2, 5, 6], [0, 1, 2, 4], [2, 3, 5, 7], [2, 3, 9, 11], [0, 1, 2, 5], [3, 5, 12, 15], [2, 5, 6, 7], [1, 3, 10, 12], [0, 2, 7, 12], [0, 1, 9, 11], [0, 2, 3, 4], [1, 6, 7, 12], [3, 4, 5, 14], [4, 16, 18, 22], [3, 4, 10, 15], [4, 7, 8, 11], [0, 4, 8, 9], [0, 1, 2, 3], [0, 1, 2, 6], [1, 3, 8, 11], [0, 2, 4, 6], [1, 2, 5, 13], [1, 2, 3, 5], [0, 1, 2, 5], [1, 2, 3, 4], [0, 1, 2, 4], [4, 7, 8, 9], [1, 5, 6, 10], [0, 4, 9, 12], [0, 1, 2, 3], [1, 5, 6, 7], [0, 1, 2, 4], [0, 3, 4, 5], [0, 1, 2, 4], [0, 3, 6, 7], [8, 9, 11, 12], [4, 5, 10, 15], [0, 1, 2, 6], [0, 1, 3, 5], [6, 7, 13, 14], [1, 2, 3, 5], [0, 1, 4, 6], [3, 4, 7, 15], [3, 4, 5, 7], [0, 1, 4, 9], [0, 2, 5, 6], [0, 1, 4, 17], [1, 3, 7, 8], [0, 1, 3, 5], [0, 1, 2, 5], [1, 2, 6, 7], [0, 3, 5, 6], [1, 2, 4, 7], [1, 3, 8, 9], [3, 4, 10, 13], [2, 5, 7, 8], [1, 2, 5, 11], [0, 1, 3, 8], [0, 1, 2, 6], [2, 3, 4, 10], [2, 3, 4, 5], [1, 2, 18, 19], [0, 6, 8, 13], [0, 1, 4, 5], [0, 6, 14, 17], [0, 1, 6, 7], [1, 2, 3, 8], [2, 14, 17, 22], [1, 4, 5, 8], [0, 3, 5, 6], [1, 2, 8, 10], [0, 3, 4, 5], [1, 3, 4, 11], [0, 1, 2, 3], [1, 2, 6, 16], [0, 1, 5, 6], [2, 3, 6, 7], [1, 6, 7, 10], [1, 2, 3, 6], [4, 10, 16, 17], [1, 2, 5, 6], [0, 1, 4, 5], [0, 1, 10, 11], [0, 2, 3, 5], [1, 2, 3, 4], [0, 1, 8, 15], [0, 1, 2, 3], [0, 1, 2, 5], [0, 5, 7, 10], [0, 1, 4, 5], [0, 3, 4, 9], [4, 6, 8, 11], [1, 3, 10, 11], [1, 2, 7, 8], [2, 3, 6, 9], [1, 2, 5, 11], [5, 6, 7, 9], [0, 1, 3, 5], [0, 2, 4, 7]]",4,0.8332417607307434,128,learned,1.0,10880,4.0,124,0.8628104329109192,71,0 152 120 128,5434,0.6196286082267761,test,top_r_mean,0.0,0.0,0.25,0.5
0.023555391976444608,0.0,170,0.0,31,119.02270000427961,qasper,0.8,0.0,0.0,0.0,2004.04721:664b3eadc12c8dde309e8bbd59e9af961a433cde,mean,0.6568047337278107,0.007718516513705254,"[[0, 1, 4, 5, 10, 11, 15, 19], [1, 3, 4, 5, 8, 9, 11, 16], [0, 2, 5, 6, 7, 9, 16, 31], [3, 4, 6, 9, 11, 14, 17, 19], [0, 1, 3, 6, 7, 11, 15, 18], [1, 4, 5, 6, 10, 16, 25, 31], [2, 5, 6, 7, 9, 10, 14, 18], [1, 2, 3, 8, 10, 20, 24, 28], [0, 1, 2, 3, 4, 11, 20, 23], [3, 4, 7, 9, 11, 20, 24, 28], [4, 5, 6, 8, 9, 14, 19, 23], [0, 1, 3, 6, 18, 21, 25, 28], [1, 2, 4, 9, 12, 13, 21, 31], [0, 1, 4, 5, 8, 13, 14, 19], [0, 2, 3, 7, 8, 14, 21, 30], [1, 2, 6, 7, 10, 13, 14, 27], [0, 1, 2, 3, 4, 7, 8, 16], [0, 2, 8, 9, 14, 19, 22, 23], [0, 4, 6, 7, 10, 11, 14, 23], [2, 3, 9, 10, 14, 16, 26, 31], [1, 2, 8, 12, 14, 18, 23, 29], [0, 1, 2, 3, 7, 10, 16, 17], [1, 2, 3, 6, 7, 8, 13, 16], [2, 6, 9, 10, 19, 22, 29, 31], [0, 4, 9, 10, 16, 17, 22, 23], [3, 4, 5, 7, 11, 18, 25, 30], [1, 2, 4, 7, 13, 16, 20, 31], [1, 2, 3, 6, 8, 13, 22, 26], [0, 1, 2, 3, 9, 11, 18, 31], [2, 4, 5, 7, 8, 9, 13, 28], [6, 7, 9, 14, 17, 18, 19, 31], [5, 8, 10, 11, 15, 26, 28, 31], [0, 1, 5, 12, 13, 17, 22, 30], [1, 2, 3, 5, 13, 15, 26, 28], [7, 9, 17, 18, 20, 21, 22, 23], [2, 5, 7, 8, 9, 11, 16, 24], [0, 2, 4, 7, 13, 25, 28, 30], [3, 5, 7, 9, 10, 11, 15, 18], [6, 18, 24, 26, 27, 28, 30, 31], [0, 2, 4, 5, 12, 18, 22, 23], [0, 1, 3, 5, 6, 7, 19, 30], [1, 2, 3, 10, 12, 15, 16, 17], [6, 8, 10, 11, 16, 19, 21, 22], [5, 6, 7, 9, 10, 16, 20, 29], [2, 3, 4, 9, 10, 12, 14, 22], [1, 3, 4, 5, 6, 8, 10, 31], [3, 4, 5, 10, 11, 16, 26, 29], [0, 1, 10, 13, 14, 15, 19, 21], [0, 1, 4, 9, 11, 13, 14, 17], [1, 2, 6, 7, 10, 11, 14, 23], [0, 3, 13, 15, 16, 18, 19, 20], [3, 4, 5, 7, 8, 12, 21, 22], [0, 1, 8, 10, 13, 14, 19, 25], [3, 4, 16, 17, 18, 19, 24, 29], [0, 1, 19, 20, 24, 25, 28, 29], [5, 8, 9, 10, 17, 18, 27, 29], [0, 1, 7, 10, 12, 17, 19, 25], [3, 10, 11, 12, 16, 23, 24, 31], [0, 1, 5, 6, 11, 12, 22, 23], [1, 2, 3, 5, 6, 14, 20, 22], [3, 4, 11, 21, 24, 26, 27, 28], [1, 3, 4, 8, 9, 15, 21, 23], [7, 8, 9, 10, 11, 21, 22, 23], [0, 2, 8, 10, 12, 18, 19, 26], [0, 1, 2, 4, 5, 7, 18, 31], [1, 4, 6, 7, 8, 13, 16, 19], [3, 5, 7, 8, 9, 11, 16, 20], [1, 2, 5, 11, 12, 13, 15, 16], [1, 2, 3, 4, 8, 9, 10, 27], [0, 10, 12, 13, 27, 28, 30, 31], [0, 1, 2, 5, 9, 11, 12, 23], [1, 2, 6, 8, 17, 23, 24, 25], [0, 1, 2, 4, 7, 9, 18, 29], [2, 3, 5, 7, 9, 16, 17, 25], [1, 2, 3, 9, 11, 13, 25, 28], [1, 2, 5, 8, 13, 14, 17, 22], [3, 5, 15, 18, 22, 23, 24, 25], [2, 5, 6, 7, 10, 11, 12, 25], [3, 10, 12, 21, 22, 25, 26, 27], [0, 2, 9, 12, 13, 16, 28, 29], [0, 1, 2, 9, 11, 16, 19, 25], [0, 2, 3, 4, 5, 12, 16, 20], [1, 5, 6, 7, 12, 15, 23, 31], [3, 4, 5, 11, 14, 19, 22, 27], [3, 4, 16, 18, 22, 23, 26, 27], [3, 15, 17, 18, 21, 23, 24, 27], [7, 8, 11, 17, 18, 23, 26, 27], [0, 4, 8, 9, 12, 23, 25, 27], [0, 1, 2, 3, 6, 10, 21, 31], [0, 1, 2, 6, 11, 14, 15, 25], [1, 3, 8, 11, 13, 18, 20, 26], [0, 2, 4, 6, 11, 15, 16, 26], [1, 2, 5, 7, 13, 17, 21, 24], [1, 3, 5, 6, 9, 10, 16, 21], [0, 1, 2, 5, 8, 10, 11, 15], [1, 2, 3, 4, 6, 7, 9, 10], [0, 1, 2, 4, 10, 12, 27, 30], [4, 7, 8, 9, 11, 12, 17, 20], [5, 6, 7, 10, 11, 14, 15, 24], [0, 4, 7, 9, 12, 15, 20, 31], [0, 1, 2, 3, 4, 8, 23, 26], [1, 5, 6, 7, 8, 11, 21, 27], [1, 2, 4, 13, 17, 19, 28, 31], [0, 3, 4, 5, 8, 17, 26, 31], [0, 1, 2, 4, 5, 7, 8, 20], [0, 3, 6, 8, 10, 11, 12, 18], [8, 9, 12, 16, 17, 19, 29, 31], [4, 5, 10, 15, 17, 18, 21, 22], [0, 1, 4, 6, 17, 19, 23, 29], [0, 1, 3, 5, 9, 13, 14, 21], [6, 7, 13, 14, 20, 21, 23, 27], [1, 2, 3, 5, 12, 16, 23, 24], [0, 1, 4, 6, 16, 19, 25, 26], [3, 4, 7, 15, 17, 20, 22, 28], [1, 4, 5, 7, 9, 17, 18, 22], [0, 1, 4, 10, 11, 18, 24, 27], [0, 2, 5, 6, 10, 11, 17, 24], [0, 1, 4, 21, 25, 26, 30, 31], [1, 3, 7, 8, 15, 16, 27, 29], [0, 1, 3, 5, 6, 7, 8, 13], [0, 1, 2, 5, 13, 17, 19, 22], [1, 2, 6, 7, 10, 13, 16, 30], [0, 3, 6, 7, 8, 11, 12, 15], [1, 2, 4, 6, 7, 12, 16, 24], [3, 4, 8, 9, 12, 18, 26, 31], [3, 4, 9, 10, 19, 20, 24, 29], [2, 5, 7, 8, 13, 14, 15, 20], [1, 2, 5, 11, 12, 19, 20, 21], [0, 1, 2, 3, 8, 11, 17, 18], [0, 1, 2, 6, 10, 17, 18, 24], [2, 3, 4, 10, 11, 21, 22, 26], [1, 2, 3, 4, 5, 15, 22, 25], [1, 2, 18, 19, 21, 26, 27, 28], [6, 8, 13, 15, 20, 21, 23, 25], [0, 1, 4, 5, 10, 20, 26, 29], [0, 2, 6, 14, 17, 20, 24, 29], [0, 1, 6, 7, 9, 11, 12, 22], [1, 2, 3, 8, 11, 15, 25, 27], [12, 14, 17, 22, 23, 24, 27, 30], [1, 4, 5, 7, 8, 12, 14, 16], [0, 3, 4, 5, 6, 7, 9, 13], [1, 2, 8, 10, 19, 25, 26, 31], [0, 3, 4, 5, 6, 11, 16, 28], [1, 3, 4, 11, 14, 18, 23, 27], [0, 1, 2, 3, 8, 12, 13, 17], [1, 2, 6, 16, 21, 22, 26, 31], [0, 1, 5, 6, 8, 13, 15, 18], [2, 3, 6, 7, 8, 10, 13, 14], [1, 6, 7, 10, 11, 21, 25, 29], [1, 2, 3, 6, 7, 12, 24, 26], [4, 10, 16, 17, 21, 23, 24, 25], [1, 2, 5, 6, 15, 21, 28, 29], [0, 1, 4, 5, 7, 12, 18, 20], [0, 1, 10, 11, 12, 16, 26, 30], [0, 2, 3, 5, 8, 12, 20, 28], [1, 3, 4, 8, 13, 22, 24, 31], [0, 1, 8, 15, 17, 19, 20, 21], [0, 1, 2, 3, 4, 6, 14, 23], [0, 1, 2, 5, 6, 7, 12, 20], [0, 5, 7, 9, 10, 18, 22, 28], [0, 1, 3, 4, 5, 14, 21, 25], [0, 3, 4, 9, 11, 15, 23, 24], [3, 4, 6, 8, 11, 13, 14, 23], [1, 2, 3, 11, 17, 21, 22, 27], [1, 2, 7, 8, 9, 12, 14, 23], [2, 3, 6, 9, 10, 11, 13, 28], [1, 2, 5, 6, 11, 14, 29, 31], [5, 6, 7, 9, 10, 13, 27, 28], [0, 1, 3, 5, 26, 27, 28, 30], [0, 2, 4, 7, 8, 9, 19, 20]]",8,0.38924235105514526,128,learned,0.0,21760,4.0,124,0.4084436595439911,11,48 152 104 80,5434,0.8386991024017334,test,top_r_mean,0.0,0.0,0.25,0.625
0.023555391976444608,0.0,170,0.0,31,110.65909988246858,qasper,0.8,0.0,0.0,0.0,2004.04721:664b3eadc12c8dde309e8bbd59e9af961a433cde,mean,0.6803341454925166,0.007051950320601463,"[[0, 1, 4, 5, 11, 14, 15, 19], [1, 3, 4, 5, 8, 9, 11, 31], [0, 2, 6, 7, 9, 11, 16, 31], [3, 4, 6, 9, 10, 11, 17, 19], [0, 1, 3, 4, 6, 11, 15, 18], [1, 4, 5, 6, 10, 16, 25, 31], [2, 5, 6, 7, 9, 10, 14, 18], [1, 2, 3, 5, 6, 10, 20, 24], [0, 2, 3, 4, 10, 11, 13, 23], [3, 4, 6, 7, 9, 11, 24, 28], [4, 5, 6, 8, 9, 14, 18, 19], [0, 1, 3, 6, 18, 21, 25, 28], [1, 2, 4, 5, 9, 13, 21, 31], [0, 1, 4, 8, 13, 14, 17, 19], [0, 2, 3, 7, 8, 14, 21, 31], [1, 2, 6, 7, 10, 13, 14, 27], [0, 1, 2, 3, 4, 7, 8, 16], [0, 8, 9, 10, 14, 19, 22, 23], [0, 6, 10, 12, 14, 15, 23, 25], [0, 2, 5, 9, 10, 14, 16, 26], [1, 2, 5, 8, 12, 14, 23, 29], [0, 1, 2, 3, 6, 7, 16, 17], [1, 2, 3, 6, 7, 8, 13, 16], [2, 6, 9, 10, 19, 22, 29, 31], [0, 1, 4, 6, 9, 16, 22, 23], [2, 3, 5, 7, 11, 15, 25, 30], [1, 2, 4, 7, 12, 13, 20, 31], [1, 2, 3, 6, 8, 13, 22, 26], [0, 1, 2, 3, 9, 11, 18, 31], [0, 2, 4, 5, 7, 8, 27, 28], [7, 9, 14, 16, 17, 18, 19, 31], [6, 8, 11, 15, 20, 26, 28, 31], [0, 1, 12, 13, 17, 22, 24, 30], [1, 2, 3, 5, 8, 13, 15, 28], [2, 7, 9, 17, 20, 21, 22, 23], [2, 5, 6, 7, 8, 9, 11, 24], [0, 2, 4, 7, 13, 24, 25, 28], [4, 5, 7, 9, 10, 11, 15, 18], [3, 6, 18, 26, 27, 28, 30, 31], [0, 2, 4, 5, 12, 18, 23, 30], [0, 1, 3, 4, 6, 7, 19, 30], [1, 2, 3, 4, 10, 12, 16, 17], [6, 8, 10, 11, 14, 19, 21, 22], [5, 6, 7, 9, 10, 16, 20, 29], [2, 3, 4, 9, 10, 12, 21, 22], [0, 1, 4, 5, 6, 8, 10, 29], [4, 5, 10, 11, 16, 20, 26, 29], [0, 1, 10, 13, 14, 19, 21, 30], [0, 1, 4, 6, 9, 13, 14, 17], [1, 2, 6, 7, 10, 11, 16, 23], [0, 3, 8, 13, 15, 16, 18, 20], [4, 5, 7, 8, 12, 20, 21, 22], [0, 1, 10, 13, 14, 19, 20, 25], [3, 4, 16, 17, 18, 19, 24, 29], [0, 1, 2, 18, 19, 20, 25, 29], [4, 5, 8, 9, 10, 18, 27, 29], [0, 1, 7, 10, 12, 17, 19, 22], [3, 10, 11, 12, 16, 23, 24, 31], [0, 1, 5, 6, 11, 12, 22, 23], [1, 2, 4, 5, 6, 14, 20, 22], [3, 4, 11, 21, 24, 26, 27, 28], [3, 4, 8, 9, 15, 19, 21, 23], [0, 7, 9, 10, 11, 21, 22, 23], [0, 2, 8, 9, 10, 12, 18, 26], [0, 1, 2, 3, 4, 5, 7, 12], [1, 4, 6, 7, 8, 13, 16, 19], [3, 5, 7, 8, 9, 11, 16, 20], [1, 2, 5, 11, 12, 13, 15, 16], [1, 2, 3, 4, 8, 9, 10, 27], [0, 7, 12, 13, 27, 28, 30, 31], [0, 1, 2, 5, 9, 11, 12, 23], [1, 2, 6, 8, 16, 23, 24, 25], [0, 1, 2, 4, 7, 9, 18, 30], [2, 5, 7, 8, 9, 16, 17, 25], [2, 3, 9, 10, 11, 13, 25, 28], [0, 1, 2, 5, 8, 14, 17, 22], [3, 5, 12, 15, 18, 23, 24, 25], [2, 5, 6, 7, 10, 11, 12, 25], [0, 3, 10, 12, 18, 22, 26, 27], [0, 2, 9, 12, 13, 16, 28, 29], [0, 1, 2, 9, 11, 16, 19, 25], [0, 2, 3, 4, 5, 14, 15, 20], [1, 5, 6, 7, 12, 15, 23, 31], [0, 2, 3, 4, 5, 14, 19, 26], [2, 4, 16, 18, 21, 23, 26, 27], [3, 4, 15, 18, 21, 23, 24, 27], [4, 7, 8, 11, 12, 17, 23, 26], [0, 4, 8, 9, 12, 23, 25, 27], [0, 1, 2, 3, 9, 19, 21, 31], [0, 1, 2, 11, 14, 15, 24, 25], [1, 3, 11, 13, 18, 20, 25, 26], [0, 2, 4, 6, 11, 15, 16, 31], [1, 2, 5, 13, 17, 21, 24, 31], [1, 2, 3, 5, 6, 9, 10, 16], [0, 1, 2, 4, 8, 10, 11, 15], [1, 2, 3, 4, 6, 7, 9, 10], [0, 1, 2, 10, 12, 16, 27, 30], [0, 4, 7, 8, 9, 11, 12, 20], [5, 6, 7, 10, 11, 14, 15, 24], [0, 4, 7, 9, 12, 15, 20, 31], [0, 1, 2, 3, 4, 8, 13, 23], [1, 2, 5, 6, 7, 8, 21, 27], [0, 1, 2, 4, 13, 17, 19, 28], [0, 3, 4, 5, 8, 17, 26, 31], [0, 1, 2, 4, 5, 7, 8, 20], [0, 3, 6, 7, 8, 10, 12, 18], [8, 9, 11, 12, 16, 17, 19, 31], [4, 5, 10, 15, 17, 18, 21, 22], [0, 1, 2, 6, 17, 19, 23, 29], [0, 1, 3, 5, 6, 9, 13, 14], [2, 7, 13, 14, 20, 21, 23, 27], [1, 2, 3, 5, 11, 23, 24, 25], [0, 1, 4, 6, 11, 13, 16, 25], [3, 4, 7, 14, 15, 17, 20, 22], [4, 5, 7, 8, 9, 17, 18, 22], [0, 1, 4, 9, 10, 11, 18, 24], [0, 2, 5, 6, 10, 11, 17, 24], [1, 2, 4, 21, 25, 26, 30, 31], [1, 3, 7, 8, 15, 16, 21, 25], [0, 1, 3, 5, 6, 7, 13, 21], [0, 1, 2, 8, 13, 17, 19, 22], [1, 2, 6, 8, 10, 13, 16, 30], [0, 3, 5, 6, 8, 11, 12, 15], [1, 2, 4, 7, 8, 12, 16, 24], [1, 3, 8, 9, 12, 18, 26, 31], [3, 4, 13, 18, 19, 20, 24, 29], [2, 5, 8, 12, 13, 14, 15, 23], [1, 2, 5, 11, 15, 18, 20, 21], [0, 1, 2, 3, 8, 11, 16, 17], [0, 1, 2, 6, 10, 17, 18, 24], [2, 3, 4, 10, 11, 21, 22, 25], [1, 2, 3, 4, 5, 20, 25, 27], [1, 2, 18, 19, 21, 26, 27, 28], [0, 1, 5, 6, 15, 20, 23, 25], [0, 1, 4, 5, 18, 20, 28, 29], [0, 6, 14, 17, 20, 23, 24, 29], [0, 1, 6, 7, 9, 11, 12, 22], [1, 2, 3, 8, 14, 15, 25, 27], [2, 14, 15, 22, 24, 27, 30, 31], [1, 4, 5, 8, 12, 14, 15, 16], [0, 3, 4, 5, 6, 7, 9, 21], [1, 2, 9, 10, 19, 25, 26, 31], [0, 3, 4, 5, 6, 7, 11, 16], [0, 1, 3, 4, 11, 14, 18, 23], [0, 1, 2, 3, 8, 12, 13, 15], [1, 2, 6, 16, 21, 22, 26, 31], [0, 1, 5, 6, 8, 15, 30, 31], [2, 3, 6, 7, 8, 9, 10, 13], [6, 7, 10, 11, 21, 25, 28, 29], [1, 2, 3, 6, 7, 12, 24, 26], [4, 10, 15, 16, 21, 23, 24, 25], [1, 2, 4, 5, 6, 21, 28, 29], [0, 1, 4, 5, 7, 12, 18, 20], [0, 1, 8, 10, 11, 16, 21, 26], [0, 2, 3, 5, 7, 8, 12, 28], [1, 3, 4, 13, 18, 24, 27, 31], [0, 1, 8, 15, 19, 20, 21, 23], [0, 1, 2, 3, 4, 7, 14, 23], [0, 1, 2, 5, 6, 7, 12, 20], [0, 3, 5, 7, 10, 17, 18, 22], [0, 1, 4, 5, 10, 14, 21, 31], [0, 3, 4, 9, 15, 20, 22, 23], [1, 4, 6, 8, 11, 13, 23, 29], [0, 1, 2, 3, 11, 17, 21, 22], [1, 2, 7, 8, 9, 11, 12, 14], [0, 2, 3, 6, 9, 10, 11, 13], [1, 2, 4, 5, 11, 14, 27, 31], [5, 6, 8, 9, 10, 13, 27, 28], [0, 1, 3, 5, 26, 28, 30, 31], [0, 2, 7, 8, 9, 18, 19, 20]]",8,0.38038188219070435,128,learned,0.0,21760,4.0,124,0.39880985021591187,23,48 152 104 80,5434,0.8592045903205872,test,top_r_mean,0.0,0.0,0.25,0.5
0.023555391976444608,0.0,170,0.0,31,114.13400014862418,qasper,0.8,0.0,0.0,0.0,2004.04721:664b3eadc12c8dde309e8bbd59e9af961a433cde,mean,0.6838148277062304,0.007061555981636047,"[[0, 1, 4, 5, 10, 11, 15, 19], [1, 3, 4, 5, 8, 9, 11, 16], [0, 2, 5, 6, 9, 11, 16, 31], [2, 3, 4, 6, 9, 11, 17, 19], [0, 1, 3, 4, 6, 11, 15, 18], [1, 2, 4, 5, 6, 10, 16, 24], [2, 3, 5, 6, 7, 10, 14, 18], [1, 2, 3, 6, 8, 10, 20, 24], [0, 1, 2, 3, 4, 11, 14, 23], [3, 4, 6, 7, 9, 11, 20, 24], [2, 4, 5, 6, 8, 9, 14, 19], [0, 1, 3, 4, 6, 18, 21, 25], [1, 2, 4, 5, 9, 12, 21, 31], [0, 1, 4, 5, 8, 13, 14, 19], [0, 2, 3, 5, 7, 8, 14, 21], [1, 2, 6, 7, 10, 13, 14, 27], [0, 1, 2, 3, 4, 7, 8, 16], [0, 2, 8, 9, 14, 19, 22, 23], [0, 6, 7, 10, 11, 14, 15, 23], [2, 3, 9, 10, 14, 16, 26, 31], [1, 2, 5, 8, 12, 18, 23, 29], [0, 1, 2, 3, 7, 10, 15, 16], [1, 2, 3, 6, 7, 8, 13, 16], [2, 6, 9, 10, 19, 22, 29, 31], [0, 1, 4, 6, 9, 16, 22, 23], [3, 5, 7, 11, 15, 18, 25, 30], [1, 2, 4, 7, 13, 16, 20, 31], [1, 2, 3, 6, 8, 13, 22, 26], [0, 1, 2, 3, 9, 11, 18, 31], [0, 2, 4, 5, 7, 8, 13, 28], [1, 7, 9, 14, 17, 18, 19, 31], [1, 5, 8, 11, 15, 26, 28, 31], [0, 1, 5, 8, 12, 13, 17, 22], [1, 2, 3, 5, 8, 13, 15, 26], [2, 5, 7, 9, 20, 21, 22, 23], [2, 5, 7, 8, 9, 11, 16, 24], [0, 2, 4, 7, 13, 24, 25, 28], [3, 5, 7, 9, 10, 11, 15, 18], [3, 6, 18, 24, 26, 27, 28, 31], [0, 2, 4, 5, 12, 18, 21, 23], [0, 1, 3, 5, 6, 7, 19, 30], [1, 2, 3, 4, 10, 12, 16, 17], [6, 8, 10, 11, 16, 19, 21, 22], [5, 6, 7, 9, 10, 16, 20, 29], [2, 3, 4, 9, 10, 12, 21, 22], [0, 1, 3, 4, 5, 6, 8, 10], [4, 5, 10, 11, 16, 26, 28, 29], [0, 1, 10, 13, 14, 15, 19, 21], [0, 1, 4, 9, 13, 14, 17, 19], [1, 2, 6, 7, 10, 11, 14, 23], [0, 2, 3, 13, 14, 15, 16, 20], [3, 4, 5, 7, 8, 12, 21, 22], [0, 1, 8, 10, 13, 14, 19, 25], [3, 4, 16, 17, 18, 19, 24, 29], [0, 1, 2, 19, 20, 24, 25, 29], [3, 4, 5, 8, 9, 10, 18, 29], [0, 1, 7, 10, 12, 17, 19, 22], [3, 10, 11, 12, 16, 23, 24, 31], [0, 1, 5, 6, 11, 12, 22, 23], [1, 2, 3, 5, 6, 14, 20, 22], [3, 4, 11, 21, 24, 26, 27, 28], [3, 4, 8, 9, 15, 19, 21, 23], [0, 2, 7, 9, 11, 21, 22, 23], [0, 2, 8, 10, 12, 18, 19, 26], [0, 1, 2, 3, 4, 5, 7, 31], [0, 1, 4, 6, 7, 8, 13, 19], [3, 5, 7, 8, 9, 11, 16, 20], [1, 2, 5, 11, 12, 13, 15, 16], [1, 2, 3, 4, 8, 9, 10, 27], [0, 10, 12, 13, 27, 28, 30, 31], [0, 1, 2, 5, 9, 11, 12, 23], [1, 2, 5, 6, 8, 23, 24, 25], [0, 1, 2, 4, 7, 9, 18, 30], [1, 2, 3, 5, 7, 8, 16, 17], [1, 2, 3, 4, 9, 11, 25, 28], [0, 1, 2, 5, 8, 13, 14, 22], [2, 3, 5, 15, 18, 23, 24, 25], [2, 5, 6, 7, 10, 11, 12, 25], [0, 1, 3, 10, 21, 22, 26, 27], [0, 2, 4, 7, 9, 12, 13, 28], [0, 1, 2, 9, 11, 16, 19, 25], [0, 2, 3, 4, 5, 14, 16, 20], [1, 5, 6, 7, 12, 15, 23, 31], [0, 2, 3, 4, 5, 14, 19, 26], [2, 3, 4, 16, 18, 23, 26, 27], [1, 3, 4, 15, 18, 21, 24, 27], [4, 7, 8, 11, 17, 18, 23, 26], [0, 4, 8, 9, 12, 23, 25, 27], [0, 1, 2, 3, 6, 19, 21, 31], [0, 1, 2, 6, 11, 14, 15, 25], [1, 3, 8, 11, 13, 20, 25, 26], [0, 2, 4, 6, 11, 15, 16, 26], [1, 2, 5, 13, 17, 21, 24, 31], [1, 2, 3, 5, 6, 9, 10, 16], [0, 1, 2, 5, 8, 10, 11, 15], [1, 2, 3, 4, 6, 7, 9, 10], [0, 1, 2, 4, 10, 16, 27, 30], [0, 4, 7, 8, 9, 11, 12, 20], [5, 6, 7, 10, 11, 14, 15, 24], [0, 4, 7, 9, 12, 15, 20, 31], [0, 1, 2, 3, 4, 8, 13, 23], [1, 2, 5, 6, 7, 8, 21, 27], [0, 1, 2, 4, 13, 15, 17, 19], [0, 3, 4, 5, 8, 17, 26, 31], [0, 1, 2, 4, 5, 7, 8, 20], [0, 3, 6, 8, 10, 11, 12, 18], [8, 9, 11, 12, 16, 17, 19, 31], [4, 5, 10, 15, 17, 18, 21, 22], [0, 1, 2, 4, 6, 17, 23, 29], [0, 1, 3, 5, 6, 9, 13, 14], [6, 7, 10, 13, 14, 20, 21, 23], [1, 2, 3, 5, 16, 23, 24, 25], [0, 1, 4, 6, 11, 13, 16, 25], [3, 4, 7, 15, 17, 20, 22, 25], [0, 4, 5, 7, 9, 17, 18, 22], [0, 1, 3, 4, 10, 11, 18, 24], [0, 2, 5, 6, 10, 11, 17, 24], [0, 1, 2, 4, 7, 17, 21, 30], [1, 3, 4, 7, 8, 15, 16, 27], [0, 1, 3, 5, 6, 7, 8, 13], [0, 1, 2, 8, 13, 17, 19, 22], [1, 2, 5, 6, 10, 13, 16, 30], [0, 3, 6, 7, 8, 11, 12, 15], [1, 2, 4, 6, 7, 8, 12, 16], [1, 3, 8, 9, 12, 15, 18, 31], [3, 4, 10, 18, 19, 20, 24, 29], [2, 5, 7, 8, 10, 13, 14, 15], [1, 2, 4, 5, 11, 12, 20, 21], [0, 1, 2, 3, 8, 11, 16, 17], [0, 1, 2, 6, 10, 17, 18, 24], [2, 3, 4, 10, 11, 21, 22, 25], [2, 3, 4, 5, 15, 20, 25, 27], [1, 2, 18, 19, 21, 26, 27, 28], [0, 1, 5, 6, 13, 15, 20, 23], [0, 1, 3, 4, 5, 20, 28, 29], [0, 2, 6, 14, 17, 20, 23, 24], [0, 1, 6, 7, 9, 12, 17, 22], [1, 2, 3, 8, 14, 15, 25, 27], [2, 12, 14, 17, 22, 24, 27, 30], [1, 4, 5, 8, 12, 14, 15, 16], [0, 3, 4, 5, 6, 7, 9, 21], [1, 2, 8, 10, 19, 25, 26, 31], [0, 2, 3, 4, 5, 6, 11, 16], [0, 1, 3, 4, 11, 14, 18, 23], [0, 1, 2, 3, 8, 12, 13, 15], [1, 2, 6, 16, 21, 22, 26, 31], [0, 1, 5, 6, 8, 13, 15, 30], [2, 3, 6, 7, 8, 10, 13, 14], [1, 6, 7, 10, 11, 21, 25, 29], [1, 2, 3, 6, 7, 12, 24, 26], [4, 10, 15, 16, 17, 21, 23, 24], [1, 2, 5, 6, 15, 21, 28, 29], [0, 1, 4, 5, 7, 12, 18, 20], [0, 1, 10, 11, 12, 16, 26, 29], [0, 2, 3, 5, 8, 12, 20, 28], [1, 3, 4, 8, 13, 18, 24, 31], [0, 1, 4, 8, 15, 19, 20, 21], [0, 1, 2, 3, 4, 6, 14, 23], [0, 1, 2, 5, 6, 7, 12, 20], [0, 3, 5, 7, 9, 10, 17, 18], [0, 1, 3, 4, 5, 14, 21, 31], [0, 3, 4, 9, 15, 20, 22, 23], [4, 6, 8, 11, 13, 14, 23, 29], [1, 2, 3, 6, 11, 17, 21, 22], [1, 2, 7, 8, 9, 12, 14, 20], [2, 3, 6, 9, 10, 11, 12, 13], [1, 2, 5, 6, 11, 14, 27, 31], [5, 6, 8, 9, 10, 13, 27, 28], [0, 1, 3, 5, 26, 27, 28, 30], [0, 2, 4, 7, 8, 9, 19, 20]]",8,0.38081803917884827,128,learned,0.0,21760,4.0,124,0.3987836539745331,37,48 32 152 104,5434,0.8600717186927795,test,top_r_mean,0.0,0.0,0.25,0.5
0.023555391976444608,0.0,170,0.0,31,123.59789991751313,qasper,0.8,0.0,0.0,0.0,2004.04721:664b3eadc12c8dde309e8bbd59e9af961a433cde,mean,0.6633484162895927,0.007412835024297237,"[[0, 1, 4, 5, 10, 11, 15, 19], [1, 3, 4, 5, 8, 9, 11, 16], [0, 2, 5, 6, 7, 9, 16, 31], [2, 3, 4, 6, 9, 11, 17, 19], [0, 1, 3, 4, 6, 11, 15, 18], [1, 2, 4, 5, 6, 16, 25, 31], [2, 3, 5, 6, 7, 9, 10, 14], [1, 2, 3, 6, 8, 10, 20, 24], [0, 1, 2, 3, 4, 10, 11, 23], [3, 4, 7, 9, 11, 20, 24, 28], [2, 4, 5, 6, 8, 9, 14, 19], [0, 1, 3, 6, 7, 18, 21, 25], [1, 2, 4, 5, 9, 12, 21, 31], [0, 1, 4, 5, 8, 13, 14, 19], [0, 2, 3, 5, 7, 8, 14, 21], [1, 2, 6, 7, 10, 13, 14, 27], [0, 1, 2, 3, 4, 7, 8, 16], [0, 2, 8, 9, 14, 19, 22, 23], [0, 4, 6, 7, 10, 14, 15, 23], [2, 3, 9, 10, 14, 16, 26, 31], [1, 2, 5, 8, 12, 18, 23, 29], [0, 1, 2, 3, 7, 10, 16, 17], [1, 2, 3, 6, 7, 8, 13, 16], [2, 6, 9, 10, 19, 22, 29, 31], [0, 1, 4, 9, 10, 16, 22, 23], [3, 7, 11, 15, 18, 25, 29, 30], [1, 2, 4, 7, 12, 13, 20, 31], [1, 2, 3, 6, 8, 13, 22, 26], [0, 1, 2, 3, 9, 11, 18, 31], [0, 2, 4, 5, 7, 8, 13, 28], [1, 7, 9, 14, 17, 18, 19, 31], [5, 6, 8, 11, 15, 26, 28, 31], [0, 1, 5, 12, 13, 17, 22, 30], [1, 2, 3, 5, 8, 15, 26, 28], [2, 7, 9, 17, 20, 21, 22, 23], [2, 5, 7, 8, 9, 11, 16, 24], [0, 2, 4, 7, 13, 24, 25, 28], [3, 4, 5, 7, 10, 11, 15, 18], [3, 6, 24, 26, 27, 28, 30, 31], [0, 2, 4, 5, 12, 18, 22, 23], [0, 1, 3, 5, 6, 7, 19, 30], [1, 2, 3, 4, 10, 12, 16, 17], [6, 8, 10, 11, 16, 19, 21, 22], [5, 6, 7, 9, 10, 16, 20, 29], [2, 3, 4, 9, 10, 12, 21, 22], [0, 1, 4, 5, 6, 8, 10, 31], [3, 4, 5, 10, 11, 16, 26, 29], [0, 1, 10, 13, 14, 15, 19, 21], [0, 1, 4, 9, 11, 13, 14, 17], [1, 2, 6, 7, 10, 11, 14, 23], [0, 3, 13, 14, 15, 16, 18, 20], [3, 4, 5, 7, 8, 12, 21, 22], [0, 1, 8, 10, 13, 14, 19, 25], [3, 4, 16, 17, 18, 19, 24, 29], [0, 1, 2, 19, 20, 24, 25, 29], [4, 5, 8, 9, 10, 18, 27, 29], [0, 1, 7, 9, 10, 12, 17, 19], [3, 10, 11, 12, 16, 23, 24, 31], [0, 1, 5, 6, 11, 12, 22, 23], [1, 2, 3, 5, 6, 14, 20, 22], [3, 4, 11, 21, 24, 26, 27, 28], [1, 3, 4, 8, 9, 15, 21, 23], [0, 2, 7, 9, 11, 21, 22, 23], [0, 2, 8, 10, 12, 18, 19, 26], [0, 1, 2, 3, 4, 5, 7, 31], [0, 1, 4, 6, 7, 8, 13, 19], [3, 5, 7, 8, 9, 11, 16, 20], [1, 2, 5, 11, 12, 13, 15, 16], [1, 2, 3, 4, 8, 9, 10, 27], [0, 7, 12, 13, 27, 28, 30, 31], [0, 1, 2, 5, 9, 11, 12, 23], [1, 2, 5, 6, 8, 23, 24, 25], [0, 1, 2, 4, 7, 9, 18, 30], [2, 3, 5, 7, 8, 16, 17, 25], [2, 3, 4, 9, 11, 13, 25, 28], [0, 1, 2, 5, 8, 13, 14, 17], [2, 3, 5, 15, 18, 23, 24, 25], [2, 5, 6, 7, 10, 11, 12, 25], [0, 3, 10, 12, 21, 22, 26, 27], [0, 2, 4, 9, 12, 13, 16, 28], [0, 1, 2, 9, 11, 16, 19, 25], [0, 2, 3, 4, 5, 15, 16, 20], [1, 5, 6, 7, 12, 15, 23, 31], [0, 2, 3, 4, 5, 14, 19, 27], [2, 3, 4, 16, 18, 23, 26, 27], [3, 4, 15, 18, 21, 23, 24, 27], [4, 7, 8, 11, 12, 17, 23, 27], [0, 4, 8, 9, 12, 23, 25, 27], [0, 1, 2, 3, 6, 19, 21, 31], [0, 1, 2, 6, 11, 14, 15, 25], [1, 3, 8, 11, 13, 18, 20, 26], [0, 2, 4, 6, 11, 15, 16, 26], [1, 2, 5, 7, 13, 17, 21, 24], [1, 2, 3, 5, 6, 9, 10, 16], [0, 1, 2, 5, 8, 10, 11, 15], [1, 2, 3, 4, 6, 7, 9, 10], [0, 1, 2, 4, 10, 16, 27, 30], [0, 4, 7, 8, 9, 11, 12, 20], [5, 6, 7, 10, 11, 14, 15, 24], [0, 4, 9, 12, 15, 20, 28, 31], [0, 1, 2, 3, 4, 8, 23, 26], [1, 2, 5, 6, 7, 8, 21, 27], [0, 1, 2, 4, 13, 17, 19, 28], [0, 3, 4, 5, 8, 17, 26, 31], [0, 1, 2, 4, 5, 7, 8, 20], [0, 3, 6, 8, 10, 11, 12, 18], [8, 9, 11, 12, 16, 17, 19, 31], [1, 5, 10, 15, 17, 18, 21, 22], [0, 1, 2, 4, 6, 17, 23, 29], [0, 1, 3, 5, 6, 9, 13, 14], [6, 7, 13, 14, 20, 21, 23, 27], [1, 2, 3, 5, 16, 23, 24, 25], [0, 1, 4, 6, 13, 16, 19, 25], [3, 4, 7, 14, 15, 17, 20, 22], [3, 4, 5, 7, 9, 17, 18, 22], [0, 1, 3, 4, 10, 11, 18, 24], [0, 2, 5, 6, 10, 11, 17, 24], [0, 1, 4, 7, 17, 25, 30, 31], [1, 3, 4, 7, 8, 15, 16, 27], [0, 1, 3, 5, 6, 7, 8, 13], [0, 1, 2, 5, 13, 17, 19, 22], [1, 2, 6, 7, 10, 13, 16, 30], [0, 3, 6, 7, 8, 11, 12, 15], [1, 2, 4, 6, 7, 8, 12, 16], [1, 3, 4, 8, 9, 12, 26, 31], [3, 4, 10, 12, 19, 20, 24, 29], [2, 5, 7, 8, 13, 14, 15, 20], [1, 2, 4, 5, 11, 12, 20, 21], [0, 1, 2, 3, 8, 11, 17, 18], [0, 1, 2, 6, 10, 17, 18, 24], [2, 3, 4, 6, 10, 11, 21, 22], [1, 2, 3, 4, 5, 15, 22, 25], [1, 2, 18, 19, 21, 26, 27, 28], [0, 1, 6, 8, 13, 15, 20, 23], [0, 1, 3, 4, 5, 20, 26, 29], [0, 4, 6, 14, 17, 20, 24, 29], [0, 1, 6, 7, 9, 11, 12, 22], [1, 2, 3, 8, 14, 15, 25, 27], [2, 12, 14, 17, 22, 24, 27, 30], [1, 4, 5, 7, 8, 12, 14, 16], [0, 3, 4, 5, 6, 7, 9, 13], [1, 2, 8, 10, 19, 25, 26, 31], [0, 3, 4, 5, 6, 7, 16, 28], [0, 1, 3, 4, 11, 14, 23, 27], [0, 1, 2, 3, 8, 12, 13, 17], [1, 2, 6, 16, 21, 22, 26, 31], [0, 1, 5, 6, 8, 13, 15, 31], [2, 3, 5, 6, 7, 8, 10, 13], [1, 6, 7, 10, 11, 21, 25, 29], [1, 2, 3, 6, 7, 12, 24, 26], [4, 10, 16, 17, 21, 23, 24, 25], [1, 2, 5, 6, 15, 21, 28, 29], [0, 1, 4, 5, 7, 12, 18, 20], [0, 1, 10, 11, 12, 16, 26, 30], [0, 2, 3, 5, 8, 12, 20, 28], [1, 2, 3, 4, 13, 18, 24, 31], [0, 1, 4, 8, 15, 19, 20, 21], [0, 1, 2, 3, 4, 6, 14, 23], [0, 1, 2, 3, 6, 7, 12, 20], [0, 2, 3, 5, 7, 9, 10, 18], [0, 1, 3, 4, 5, 14, 21, 25], [0, 3, 4, 9, 11, 15, 22, 23], [4, 6, 8, 9, 11, 13, 14, 23], [1, 2, 3, 11, 17, 21, 22, 27], [1, 2, 7, 8, 9, 12, 14, 20], [2, 3, 5, 6, 9, 10, 11, 13], [1, 2, 5, 6, 11, 14, 29, 31], [5, 6, 7, 9, 10, 13, 27, 28], [0, 1, 3, 26, 27, 28, 30, 31], [0, 2, 4, 7, 8, 9, 19, 20]]",8,0.38645675778388977,128,learned,0.0,21760,4.0,124,0.4049982726573944,53,48 152 104 80,5434,0.846002459526062,test,top_r_mean,0.0,0.0,0.25,0.625
0.023555391976444608,0.0,170,0.0,31,106.99740005657077,qasper,0.8,0.0,0.0,0.0,2004.04721:664b3eadc12c8dde309e8bbd59e9af961a433cde,mean,0.6921684650191438,0.0069679319858551025,"[[0, 1, 4, 5, 11, 15, 19, 30], [1, 3, 4, 5, 8, 9, 11, 16], [0, 2, 5, 6, 7, 9, 16, 31], [3, 4, 6, 9, 10, 11, 17, 19], [0, 1, 3, 6, 7, 11, 15, 18], [1, 4, 5, 6, 10, 16, 25, 31], [2, 5, 6, 7, 9, 10, 14, 18], [1, 2, 3, 8, 10, 20, 24, 28], [0, 2, 3, 10, 11, 13, 20, 23], [3, 4, 7, 9, 11, 20, 24, 28], [2, 4, 5, 6, 8, 9, 14, 19], [0, 1, 3, 6, 18, 21, 27, 28], [1, 2, 4, 9, 13, 21, 29, 31], [0, 1, 4, 8, 13, 14, 17, 19], [0, 2, 3, 7, 8, 14, 21, 30], [1, 2, 6, 7, 10, 13, 14, 27], [0, 1, 2, 3, 4, 7, 8, 16], [0, 8, 9, 14, 19, 21, 22, 23], [0, 6, 7, 10, 12, 14, 23, 25], [2, 3, 9, 10, 14, 16, 26, 31], [1, 2, 5, 8, 12, 14, 23, 29], [0, 1, 2, 3, 7, 10, 16, 17], [1, 2, 3, 6, 7, 8, 13, 16], [2, 6, 9, 10, 19, 22, 29, 31], [0, 4, 9, 10, 16, 22, 23, 31], [3, 7, 11, 15, 18, 25, 29, 30], [1, 4, 7, 12, 13, 15, 20, 31], [1, 2, 3, 6, 8, 13, 21, 22], [0, 1, 2, 3, 9, 11, 18, 31], [2, 4, 5, 7, 8, 13, 27, 28], [7, 9, 14, 17, 18, 19, 28, 31], [5, 6, 8, 11, 15, 26, 28, 31], [0, 1, 5, 12, 13, 17, 22, 30], [1, 2, 3, 5, 8, 13, 26, 28], [2, 7, 9, 17, 20, 21, 22, 23], [2, 5, 7, 9, 11, 16, 17, 24], [0, 2, 4, 7, 13, 25, 28, 30], [4, 5, 7, 9, 10, 11, 15, 18], [3, 6, 18, 26, 27, 28, 30, 31], [0, 4, 5, 12, 18, 22, 23, 30], [0, 1, 4, 5, 7, 19, 21, 30], [1, 2, 3, 10, 12, 15, 16, 17], [6, 8, 10, 11, 14, 19, 21, 22], [5, 6, 7, 9, 10, 16, 20, 29], [3, 4, 9, 10, 12, 14, 21, 22], [0, 1, 4, 5, 6, 8, 10, 31], [4, 10, 11, 16, 20, 26, 28, 29], [0, 1, 10, 13, 15, 19, 21, 30], [0, 1, 4, 9, 13, 14, 17, 19], [1, 2, 6, 7, 10, 11, 14, 23], [0, 3, 13, 14, 15, 16, 18, 20], [3, 4, 5, 7, 8, 12, 21, 22], [0, 1, 8, 10, 13, 14, 19, 25], [3, 4, 16, 17, 18, 19, 24, 29], [0, 1, 2, 19, 20, 24, 25, 29], [4, 5, 8, 9, 10, 18, 27, 29], [0, 1, 7, 10, 12, 17, 19, 22], [3, 10, 11, 12, 16, 23, 24, 31], [0, 1, 5, 6, 11, 12, 22, 23], [1, 2, 3, 5, 6, 14, 20, 22], [3, 4, 11, 21, 24, 26, 27, 28], [3, 8, 9, 15, 19, 21, 23, 28], [0, 7, 9, 10, 11, 21, 22, 23], [0, 2, 8, 10, 12, 18, 19, 26], [0, 1, 2, 4, 5, 7, 18, 31], [1, 4, 6, 7, 8, 13, 16, 19], [3, 5, 7, 8, 9, 11, 16, 20], [1, 2, 5, 11, 12, 13, 15, 16], [1, 2, 3, 4, 8, 9, 10, 27], [0, 12, 13, 26, 27, 28, 30, 31], [0, 1, 2, 5, 9, 11, 12, 23], [1, 2, 5, 6, 8, 23, 24, 25], [0, 1, 2, 4, 7, 9, 18, 29], [2, 3, 5, 7, 8, 16, 17, 25], [2, 3, 9, 11, 13, 25, 27, 28], [0, 1, 2, 5, 8, 13, 14, 22], [3, 5, 12, 15, 18, 23, 24, 25], [2, 5, 6, 7, 10, 11, 12, 25], [1, 3, 10, 12, 18, 22, 26, 27], [0, 2, 7, 12, 13, 16, 28, 29], [0, 1, 9, 11, 16, 19, 21, 25], [0, 2, 3, 4, 5, 14, 15, 20], [1, 6, 7, 12, 15, 23, 25, 31], [3, 4, 5, 14, 19, 22, 26, 27], [4, 16, 18, 22, 23, 25, 26, 27], [3, 4, 10, 15, 18, 21, 24, 27], [4, 7, 8, 11, 17, 18, 23, 26], [0, 4, 8, 9, 12, 23, 25, 27], [0, 1, 2, 3, 6, 19, 21, 31], [0, 1, 2, 6, 11, 14, 15, 25], [1, 3, 8, 11, 13, 18, 20, 25], [0, 2, 4, 6, 11, 15, 16, 26], [1, 2, 5, 13, 17, 21, 24, 31], [1, 2, 3, 5, 6, 9, 10, 16], [0, 1, 2, 5, 8, 10, 11, 15], [1, 2, 3, 4, 6, 7, 9, 10], [0, 1, 2, 4, 10, 16, 27, 30], [4, 7, 8, 9, 10, 11, 12, 20], [1, 5, 6, 10, 11, 14, 15, 24], [0, 4, 9, 12, 15, 20, 28, 31], [0, 1, 2, 3, 4, 8, 23, 26], [1, 5, 6, 7, 8, 11, 21, 27], [0, 1, 2, 4, 13, 17, 19, 28], [0, 3, 4, 5, 8, 17, 26, 31], [0, 1, 2, 4, 5, 7, 8, 20], [0, 3, 6, 7, 8, 10, 12, 18], [8, 9, 11, 12, 16, 17, 19, 31], [4, 5, 10, 15, 17, 18, 21, 22], [0, 1, 2, 6, 10, 19, 23, 29], [0, 1, 3, 5, 9, 13, 14, 21], [6, 7, 13, 14, 20, 21, 23, 27], [1, 2, 3, 5, 16, 23, 24, 25], [0, 1, 4, 6, 13, 16, 19, 26], [3, 4, 7, 15, 17, 20, 22, 28], [3, 4, 5, 7, 9, 17, 18, 22], [0, 1, 4, 9, 10, 14, 18, 24], [0, 2, 5, 6, 10, 11, 17, 24], [0, 1, 4, 17, 21, 25, 30, 31], [1, 3, 7, 8, 15, 16, 27, 29], [0, 1, 3, 5, 6, 7, 8, 13], [0, 1, 2, 5, 13, 17, 19, 22], [1, 2, 6, 7, 10, 13, 16, 30], [0, 3, 5, 6, 8, 11, 12, 15], [1, 2, 4, 7, 12, 16, 24, 31], [1, 3, 8, 9, 12, 18, 26, 31], [3, 4, 10, 13, 18, 19, 24, 29], [2, 5, 7, 8, 12, 13, 15, 20], [1, 2, 5, 11, 19, 20, 21, 29], [0, 1, 3, 8, 11, 14, 17, 18], [0, 1, 2, 6, 10, 17, 18, 24], [2, 3, 4, 10, 11, 21, 22, 25], [2, 3, 4, 5, 15, 22, 25, 27], [1, 2, 18, 19, 21, 26, 27, 28], [0, 6, 8, 13, 15, 20, 23, 31], [0, 1, 4, 5, 18, 20, 28, 29], [0, 6, 14, 17, 20, 23, 24, 29], [0, 1, 6, 7, 9, 11, 22, 26], [1, 2, 3, 8, 14, 15, 25, 27], [2, 14, 17, 22, 23, 24, 27, 30], [1, 4, 5, 8, 12, 14, 15, 16], [0, 3, 5, 6, 7, 9, 13, 21], [1, 2, 8, 10, 19, 25, 26, 31], [0, 3, 4, 5, 6, 7, 16, 28], [1, 3, 4, 11, 14, 18, 23, 27], [0, 1, 2, 3, 8, 12, 13, 17], [1, 2, 6, 16, 21, 22, 26, 31], [0, 1, 5, 6, 8, 15, 30, 31], [2, 3, 6, 7, 8, 10, 13, 14], [1, 6, 7, 10, 11, 21, 25, 29], [1, 2, 3, 6, 7, 12, 24, 26], [4, 10, 16, 17, 21, 23, 24, 25], [1, 2, 5, 6, 15, 18, 21, 29], [0, 1, 4, 5, 7, 12, 18, 20], [0, 1, 10, 11, 12, 16, 26, 29], [0, 2, 3, 5, 8, 12, 20, 28], [1, 2, 3, 4, 13, 18, 24, 31], [0, 1, 8, 15, 17, 19, 20, 21], [0, 1, 2, 3, 4, 6, 14, 23], [0, 1, 2, 5, 6, 7, 12, 20], [0, 5, 7, 10, 17, 18, 22, 28], [0, 1, 4, 5, 14, 21, 25, 31], [0, 3, 4, 9, 15, 22, 23, 24], [4, 6, 8, 11, 13, 23, 28, 29], [1, 3, 10, 11, 17, 21, 22, 27], [1, 2, 7, 8, 9, 12, 14, 23], [2, 3, 6, 9, 10, 11, 12, 13], [1, 2, 5, 11, 14, 27, 29, 31], [5, 6, 7, 9, 10, 13, 27, 28], [0, 1, 3, 5, 26, 27, 28, 30], [0, 2, 4, 7, 8, 9, 19, 20]]",8,0.38115164637565613,128,learned,0.0,21760,4.0,124,0.39825859665870667,71,48 128 152 80,5434,0.8652304410934448,test,top_r_mean,0.0,0.0,0.5,0.625
