partition,dataset,example_id,seed,config_id,facets,roots,neighbors,hops,search_budget,kv_budget,available_query_facets,selected_facet_indices,root_ids,root_available,visited_ids,materialized_ids,conceptual_chain_complete,chain_complete,conceptual_evidence_recall,conceptual_evidence_precision,evidence_kv_precision,evidence_kv_recall,selected_kv_tokens,selected_evidence_kv_tokens,required_evidence_kv_tokens,root_comparisons,transition_comparisons,conceptual_parent_budget,materialized_kv_tokens,abstract_cost,nodes_expanded,raw_proposals,visited_count,materialized_parent_count,stop_reason,search_seconds,control_wall_seconds,root_method,successor_method,method_recall,method_precision,joint_quality_floor,composition_only
validation,hotpotqa,5adc3aff5542996e685252eb,11,F1_R1_K2_H1_Bs2_Bkv2,1,1,2,1,2,2,18,[7],[4],0.0,"[4, 2]","[4, 2]",1.0,1.0,1.0,1.0,1.0,1.0,449.0,449.0,449.0,5.0,2.0,2.0,449.0,12.015625,1,2,2,2,visited_budget,2.691793299978599,2.691819299943745,bm25,native_semantic,0.0,0.0,0.0,1
validation,hotpotqa,5adc3aff5542996e685252eb,23,F2_R4_K2_H0_Bs4_Bkv4,2,4,2,0,4,4,18,"[14, 15]","[0, 3, 4, 2]",1.0,"[0, 3, 4, 2]","[0, 3, 4, 2]",1.0,1.0,1.0,0.4672216441207076,0.4672216441207076,1.0,961.0,449.0,449.0,10.0,0.0,4.0,961.0,21.015625,0,0,4,4,visited_budget,3.0099879950284958e-05,6.949994713068008e-05,bm25,native_semantic,0.0,0.0,0.0,1
validation,hotpotqa,5adc3aff5542996e685252eb,37,F1_R1_K2_H1_Bs2_Bkv2,1,1,2,1,2,2,18,[15],[4],0.0,"[4, 2]","[4, 2]",1.0,1.0,1.0,1.0,1.0,1.0,449.0,449.0,449.0,5.0,2.0,2.0,449.0,12.015625,1,2,2,2,visited_budget,0.000515699852257967,0.000537400133907795,bm25,native_semantic,0.0,0.0,0.0,1
validation,hotpotqa,5adc3aff5542996e685252eb,53,F1_R1_K2_H1_Bs2_Bkv2,1,1,2,1,2,2,18,[7],[4],0.0,"[4, 2]","[4, 2]",1.0,1.0,1.0,1.0,1.0,1.0,449.0,449.0,449.0,5.0,2.0,2.0,449.0,12.015625,1,2,2,2,visited_budget,0.000981900142505765,0.0010404998902231455,bm25,native_semantic,0.0,0.0,0.0,1
validation,hotpotqa,5adc3aff5542996e685252eb,71,F1_R1_K4_H1_Bs4_Bkv4,1,1,4,1,4,4,18,[17],[0],0.0,"[0, 3, 2, 4]","[0, 3, 2, 4]",1.0,1.0,1.0,0.4672216441207076,0.4672216441207076,1.0,961.0,449.0,449.0,5.0,4.0,4.0,961.0,24.015625,1,4,4,4,visited_budget,0.0005782998632639647,0.0006013000383973122,bm25,native_semantic,0.0,0.0,0.0,1
validation,hotpotqa,5ab56db7554299494045efc6,11,F1_R4_K2_H0_Bs4_Bkv4,1,4,2,0,4,4,20,[3],"[0, 2, 3, 1]",1.0,"[0, 2, 3, 1]","[0, 2, 3, 1]",1.0,1.0,1.0,0.5,0.5,1.0,1024.0,512.0,512.0,5.0,0.0,4.0,1024.0,21.0,0,0,4,4,visited_budget,2.5800196453928947e-05,6.309989839792252e-05,approx,native_semantic,0.3333333333333333,0.5,0.3333333333333333,1
validation,hotpotqa,5ab56db7554299494045efc6,23,F1_R2_K2_H0_Bs2_Bkv2,1,2,2,0,2,2,20,[3],"[0, 3]",1.0,"[0, 3]","[0, 3]",1.0,1.0,1.0,1.0,1.0,1.0,512.0,512.0,512.0,5.0,0.0,2.0,512.0,11.0,0,0,2,2,visited_budget,2.5700079277157784e-05,6.849993951618671e-05,approx,native_semantic,0.3333333333333333,0.5,0.3333333333333333,1
validation,hotpotqa,5ab56db7554299494045efc6,37,F1_R1_K2_H1_Bs4_Bkv4,1,1,2,1,4,4,20,[11],[2],0.0,"[2, 0, 3]","[2, 0, 3]",1.0,1.0,1.0,0.6666666666666666,0.6666666666666666,1.0,768.0,512.0,512.0,5.0,2.0,4.0,768.0,19.0,1,2,3,3,max_hops,0.0006526000797748566,0.0006939999293535948,approx,native_semantic,0.3333333333333333,0.5,0.3333333333333333,1
validation,hotpotqa,5ab56db7554299494045efc6,53,F1_R2_K2_H0_Bs2_Bkv2,1,2,2,0,2,2,20,[3],"[0, 3]",1.0,"[0, 3]","[0, 3]",1.0,1.0,1.0,1.0,1.0,1.0,512.0,512.0,512.0,5.0,0.0,2.0,512.0,11.0,0,0,2,2,visited_budget,1.3199867680668831e-05,3.920006565749645e-05,approx,native_semantic,0.3333333333333333,0.5,0.3333333333333333,1
validation,hotpotqa,5ab56db7554299494045efc6,71,F1_R1_K2_H1_Bs4_Bkv4,1,1,2,1,4,4,20,[3],[2],0.0,"[2, 0, 3]","[2, 0, 3]",1.0,1.0,1.0,0.6666666666666666,0.6666666666666666,1.0,768.0,512.0,512.0,5.0,2.0,4.0,768.0,19.0,1,2,3,3,max_hops,0.0005497001111507416,0.0005731999408453703,approx,native_semantic,0.3333333333333333,0.5,0.3333333333333333,1
test,hotpotqa,5ab2b863554299295394685a,11,F1_R1_K2_H0_Bs2_Bkv2,1,1,2,0,2,2,20,[3],[3],1.0,[3],[3],1.0,1.0,0.5,1.0,1.0,0.5,256.0,256.0,512.0,6.0,0.0,2.0,256.0,7.0,0,0,1,1,max_hops,2.010003663599491e-05,5.0800153985619545e-05,semantic,native_semantic,0.3333333333333333,0.5,0.3333333333333333,1
test,hotpotqa,5ab2b863554299295394685a,23,F1_R1_K2_H0_Bs2_Bkv2,1,1,2,0,2,2,20,[13],[3],1.0,[3],[3],1.0,1.0,0.5,1.0,1.0,0.5,256.0,256.0,512.0,6.0,0.0,2.0,256.0,7.0,0,0,1,1,max_hops,1.8700025975704193e-05,5.279993638396263e-05,semantic,native_semantic,0.3333333333333333,0.5,0.3333333333333333,1
test,hotpotqa,5ab2b863554299295394685a,37,F1_R1_K2_H0_Bs2_Bkv2,1,1,2,0,2,2,20,[3],[3],1.0,[3],[3],1.0,1.0,0.5,1.0,1.0,0.5,256.0,256.0,512.0,6.0,0.0,2.0,256.0,7.0,0,0,1,1,max_hops,2.7700094506144524e-05,6.760004907846451e-05,semantic,native_semantic,0.3333333333333333,0.5,0.3333333333333333,1
test,hotpotqa,5ab2b863554299295394685a,53,F1_R1_K2_H0_Bs2_Bkv2,1,1,2,0,2,2,20,[6],[3],1.0,[3],[3],1.0,1.0,0.5,1.0,1.0,0.5,256.0,256.0,512.0,6.0,0.0,2.0,256.0,7.0,0,0,1,1,max_hops,2.6900088414549828e-05,6.849993951618671e-05,semantic,native_semantic,0.3333333333333333,0.5,0.3333333333333333,1
test,hotpotqa,5ab2b863554299295394685a,71,F1_R2_K2_H0_Bs2_Bkv2,1,2,2,0,2,2,20,[3],"[1, 3]",1.0,"[1, 3]","[1, 3]",1.0,1.0,0.5,0.5,0.5,0.5,512.0,256.0,512.0,6.0,0.0,2.0,512.0,11.0,0,0,2,2,visited_budget,3.1700124964118004e-05,5.7900091633200645e-05,semantic,native_semantic,0.3333333333333333,0.5,0.3333333333333333,1
test,hotpotqa,5a710a915542994082a3e504,11,F1_R1_K2_H1_Bs4_Bkv4,1,1,2,1,4,4,24,[18],[1],1.0,"[1, 0, 3]","[1, 0, 3]",1.0,1.0,1.0,0.6666666666666666,0.6666666666666666,1.0,768.0,512.0,512.0,5.0,2.0,4.0,768.0,19.0,1,2,3,3,max_hops,0.0004157000221312046,0.0004344999324530363,approx,native_semantic,0.25,0.5,0.25,1
test,hotpotqa,5a710a915542994082a3e504,23,F1_R4_K2_H0_Bs4_Bkv4,1,4,2,0,4,4,24,[0],"[0, 1, 2, 3]",1.0,"[0, 1, 2, 3]","[0, 1, 2, 3]",1.0,1.0,1.0,0.5,0.5,1.0,1024.0,512.0,512.0,5.0,0.0,4.0,1024.0,21.0,0,0,4,4,visited_budget,2.0300038158893585e-05,4.75000124424696e-05,approx,native_semantic,0.25,0.5,0.25,1
test,hotpotqa,5a710a915542994082a3e504,37,F1_R1_K2_H1_Bs4_Bkv4,1,1,2,1,4,4,24,[6],[1],1.0,"[1, 0, 3]","[1, 0, 3]",1.0,1.0,1.0,0.6666666666666666,0.6666666666666666,1.0,768.0,512.0,512.0,5.0,2.0,4.0,768.0,19.0,1,2,3,3,max_hops,0.0004787000361829996,0.0005009002052247524,approx,native_semantic,0.25,0.5,0.25,1
test,hotpotqa,5a710a915542994082a3e504,53,F1_R1_K2_H1_Bs4_Bkv4,1,1,2,1,4,4,24,[18],[1],1.0,"[1, 0, 3]","[1, 0, 3]",1.0,1.0,1.0,0.6666666666666666,0.6666666666666666,1.0,768.0,512.0,512.0,5.0,2.0,4.0,768.0,19.0,1,2,3,3,max_hops,0.0009997999295592308,0.0010492999572306871,approx,native_semantic,0.25,0.5,0.25,1
test,hotpotqa,5a710a915542994082a3e504,71,F1_R4_K2_H0_Bs4_Bkv4,1,4,2,0,4,4,24,[13],"[0, 1, 4, 3]",1.0,"[0, 1, 4, 3]","[0, 1, 4, 3]",1.0,1.0,1.0,0.5714285714285714,0.5714285714285714,1.0,896.0,512.0,512.0,5.0,0.0,4.0,896.0,19.0,0,0,4,4,visited_budget,1.6800127923488617e-05,3.969995304942131e-05,approx,native_semantic,0.25,0.5,0.25,1
test,hotpotqa,5adc93a4554299438c868e01,11,F1_R1_K2_H1_Bs2_Bkv2,1,1,2,1,2,2,16,[0],[0],1.0,"[0, 3]","[0, 3]",1.0,1.0,0.6666666666666666,1.0,1.0,0.6666666666666666,512.0,512.0,768.0,5.0,2.0,2.0,512.0,13.0,1,2,2,2,visited_budget,0.0008642000611871481,0.0009073999244719744,approx,approximate_new_address,0.2,0.5,0.2,1
test,hotpotqa,5adc93a4554299438c868e01,23,F1_R1_K2_H1_Bs4_Bkv4,1,1,2,1,4,4,16,[14],[4],0.0,"[4, 0, 3]","[4, 0, 3]",1.0,1.0,0.6666666666666666,0.7474452554744525,0.7474452554744525,0.6666666666666666,685.0,512.0,768.0,5.0,2.0,4.0,685.0,17.703125,1,2,3,3,max_hops,0.00046999985352158546,0.0004920000210404396,approx,approximate_new_address,0.2,0.5,0.2,1
test,hotpotqa,5adc93a4554299438c868e01,37,F1_R1_K2_H1_Bs2_Bkv2,1,1,2,1,2,2,16,[6],[0],1.0,"[0, 3]","[0, 3]",1.0,1.0,0.6666666666666666,1.0,1.0,0.6666666666666666,512.0,512.0,768.0,5.0,2.0,2.0,512.0,13.0,1,2,2,2,visited_budget,0.000897000078111887,0.0009290999732911587,approx,approximate_new_address,0.2,0.5,0.2,1
test,hotpotqa,5adc93a4554299438c868e01,53,F1_R1_K2_H1_Bs2_Bkv2,1,1,2,1,2,2,16,[12],[0],1.0,"[0, 3]","[0, 3]",1.0,1.0,0.6666666666666666,1.0,1.0,0.6666666666666666,512.0,512.0,768.0,5.0,2.0,2.0,512.0,13.0,1,2,2,2,visited_budget,0.0004320000298321247,0.0004515999462455511,approx,approximate_new_address,0.2,0.5,0.2,1
test,hotpotqa,5adc93a4554299438c868e01,71,F1_R1_K2_H1_Bs2_Bkv2,1,1,2,1,2,2,16,[15],[0],1.0,"[0, 3]","[0, 3]",1.0,1.0,0.6666666666666666,1.0,1.0,0.6666666666666666,512.0,512.0,768.0,5.0,2.0,2.0,512.0,13.0,1,2,2,2,visited_budget,0.0008026000577956438,0.000851399963721633,approx,approximate_new_address,0.2,0.5,0.2,1
validation,hotpotqa,5ab7f97a5542991d322237ef,11,F1_R1_K8_H1_Bs8_Bkv8,1,1,8,1,8,8,10,[5],[15],0.0,"[15, 11, 2, 1, 13, 0, 3, 7]","[15, 11, 2, 1, 13, 0, 3, 7]",1.0,1.0,1.0,0.2254160363086233,0.2254160363086233,1.0,1983.0,447.0,447.0,16.0,8.0,8.0,1983.0,47.984375,1,8,8,8,visited_budget,0.0009447000920772552,0.0009717999491840601,bm25,approximate_new_address,0.3333333333333333,0.5,0.3333333333333333,1
validation,hotpotqa,5ab7f97a5542991d322237ef,23,F1_R1_K2_H3_Bs8_Bkv8,1,1,2,3,8,8,10,[5],[13],0.0,"[13, 11, 2, 1, 6, 8, 0, 3]","[13, 11, 2, 1, 6, 8, 0, 3]",0.0,0.0,0.5727069351230425,0.125,0.125,0.5727069351230425,2048.0,256.0,447.0,16.0,12.0,8.0,2048.0,53.0,6,12,8,8,visited_budget,0.00272019999101758,0.002767999889329076,bm25,approximate_new_address,0.3333333333333333,0.5,0.0,1
validation,hotpotqa,5ab7f97a5542991d322237ef,37,F1_R2_K2_H3_Bs8_Bkv8,1,2,2,3,8,8,10,[7],"[13, 15]",0.0,"[13, 15, 11, 2, 1, 6, 8, 0]","[13, 15, 11, 2, 1, 6, 8, 0]",1.0,1.0,1.0,0.2254160363086233,0.2254160363086233,1.0,1983.0,447.0,447.0,16.0,14.0,8.0,1983.0,53.984375,7,14,8,8,visited_budget,0.003943599993363023,0.003989799879491329,bm25,approximate_new_address,0.3333333333333333,0.5,0.3333333333333333,1
validation,hotpotqa,5ab7f97a5542991d322237ef,53,F1_R2_K2_H3_Bs8_Bkv8,1,2,2,3,8,8,10,[5],"[13, 15]",0.0,"[13, 15, 11, 2, 1, 6, 8, 0]","[13, 15, 11, 2, 1, 6, 8, 0]",1.0,1.0,1.0,0.2254160363086233,0.2254160363086233,1.0,1983.0,447.0,447.0,16.0,14.0,8.0,1983.0,53.984375,7,14,8,8,visited_budget,0.0024696998298168182,0.0024966001510620117,bm25,approximate_new_address,0.3333333333333333,0.5,0.3333333333333333,1
validation,hotpotqa,5ab7f97a5542991d322237ef,71,F2_R2_K2_H3_Bs8_Bkv8,2,2,2,3,8,8,10,"[1, 7]","[13, 15]",0.0,"[13, 15, 11, 2, 1, 6, 8, 0]","[13, 15, 11, 2, 1, 6, 8, 0]",1.0,1.0,1.0,0.2254160363086233,0.2254160363086233,1.0,1983.0,447.0,447.0,32.0,14.0,8.0,1983.0,54.984375,7,14,8,8,visited_budget,0.0025706999003887177,0.002619100036099553,bm25,approximate_new_address,0.3333333333333333,0.5,0.3333333333333333,1
test,hotpotqa,5a8888e35542997e5c09a5f6,11,F1_R2_K2_H0_Bs2_Bkv2,1,2,2,0,2,2,12,[1],"[4, 2]",1.0,"[4, 2]","[4, 2]",1.0,1.0,1.0,1.0,1.0,1.0,466.0,466.0,466.0,5.0,0.0,2.0,466.0,10.28125,0,0,2,2,visited_budget,2.3700064048171043e-05,6.359978578984737e-05,bm25,native_semantic,0.25,0.5,0.25,1
test,hotpotqa,5a8888e35542997e5c09a5f6,23,F1_R1_K2_H1_Bs4_Bkv4,1,1,2,1,4,4,12,[9],[3],0.0,"[3, 4, 2]","[3, 4, 2]",1.0,1.0,1.0,0.6454293628808865,0.6454293628808865,1.0,722.0,466.0,466.0,5.0,2.0,4.0,722.0,18.28125,1,2,3,3,max_hops,0.0004531999584287405,0.0004741998855024576,bm25,native_semantic,0.25,0.5,0.25,1
test,hotpotqa,5a8888e35542997e5c09a5f6,37,F1_R1_K2_H1_Bs4_Bkv4,1,1,2,1,4,4,12,[9],[3],0.0,"[3, 4, 2]","[3, 4, 2]",1.0,1.0,1.0,0.6454293628808865,0.6454293628808865,1.0,722.0,466.0,466.0,5.0,2.0,4.0,722.0,18.28125,1,2,3,3,max_hops,0.0011146001052111387,0.0011742000933736563,bm25,native_semantic,0.25,0.5,0.25,1
test,hotpotqa,5a8888e35542997e5c09a5f6,53,F4_R4_K2_H0_Bs4_Bkv4,4,4,2,0,4,4,12,"[1, 2, 9, 4]","[4, 3, 2, 1]",1.0,"[4, 3, 2, 1]","[4, 3, 2, 1]",1.0,1.0,1.0,0.47648261758691207,0.47648261758691207,1.0,978.0,466.0,466.0,20.0,0.0,4.0,978.0,23.28125,0,0,4,4,visited_budget,3.260001540184021e-05,7.329997606575489e-05,bm25,native_semantic,0.25,0.5,0.25,1
test,hotpotqa,5a8888e35542997e5c09a5f6,71,F1_R1_K2_H1_Bs4_Bkv4,1,1,2,1,4,4,12,[9],[3],0.0,"[3, 4, 2]","[3, 4, 2]",1.0,1.0,1.0,0.6454293628808865,0.6454293628808865,1.0,722.0,466.0,466.0,5.0,2.0,4.0,722.0,18.28125,1,2,3,3,max_hops,0.0006631999276578426,0.0006852000951766968,bm25,native_semantic,0.25,0.5,0.25,1
test,hotpotqa,5a8c8502554299585d9e36d0,11,F1_R4_K2_H0_Bs4_Bkv4,1,4,2,0,4,4,18,[12],"[2, 0, 3, 4]",1.0,"[2, 0, 3, 4]","[2, 0, 3, 4]",1.0,1.0,0.5,0.25,0.25,0.5,1024.0,256.0,512.0,7.0,0.0,4.0,1024.0,21.0,0,0,4,4,visited_budget,3.8400059565901756e-05,7.960014045238495e-05,semantic,exact_new_address,0.2,0.5,0.2,1
test,hotpotqa,5a8c8502554299585d9e36d0,23,F1_R1_K8_H1_Bs8_Bkv8,1,1,8,1,8,8,18,[12],[0],0.0,"[0, 5, 6, 1, 2, 4, 3]","[0, 5, 6, 1, 2, 4, 3]",1.0,1.0,1.0,0.2944220816561242,0.2944220816561242,1.0,1739.0,512.0,512.0,7.0,6.0,8.0,1739.0,42.171875,1,6,7,7,visited_budget,0.0010022001806646585,0.0010272001381963491,semantic,exact_new_address,0.2,0.5,0.2,1
test,hotpotqa,5a8c8502554299585d9e36d0,37,F1_R4_K2_H0_Bs4_Bkv4,1,4,2,0,4,4,18,[11],"[2, 0, 1, 4]",1.0,"[2, 0, 1, 4]","[2, 0, 1, 4]",1.0,1.0,0.5,0.25,0.25,0.5,1024.0,256.0,512.0,7.0,0.0,4.0,1024.0,21.0,0,0,4,4,visited_budget,1.859990879893303e-05,4.269997589290142e-05,semantic,exact_new_address,0.2,0.5,0.2,1
test,hotpotqa,5a8c8502554299585d9e36d0,53,F1_R4_K2_H0_Bs4_Bkv4,1,4,2,0,4,4,18,[12],"[2, 0, 1, 4]",1.0,"[2, 0, 1, 4]","[2, 0, 1, 4]",1.0,1.0,0.5,0.25,0.25,0.5,1024.0,256.0,512.0,7.0,0.0,4.0,1024.0,21.0,0,0,4,4,visited_budget,2.2399937734007835e-05,5.3900061175227165e-05,semantic,exact_new_address,0.2,0.5,0.2,1
test,hotpotqa,5a8c8502554299585d9e36d0,71,F1_R2_K2_H0_Bs2_Bkv2,1,2,2,0,2,2,18,[17],"[0, 4]",1.0,"[0, 4]","[0, 4]",1.0,1.0,0.5,0.5,0.5,0.5,512.0,256.0,512.0,7.0,0.0,2.0,512.0,11.0,0,0,2,2,visited_budget,1.4200108125805855e-05,3.720005042850971e-05,semantic,exact_new_address,0.2,0.5,0.2,1
validation,hotpotqa,5a84c4bb5542991dd0999dec,11,F1_R1_K2_H1_Bs4_Bkv4,1,1,2,1,4,4,21,[0],[3],0.0,"[3, 0, 5]","[3, 0, 5]",1.0,1.0,1.0,0.6389280677009873,0.6389280677009873,1.0,709.0,453.0,453.0,6.0,2.0,4.0,709.0,18.078125,1,2,3,3,max_hops,0.00048300018534064293,0.0005045998841524124,semantic,native_semantic,0.16666666666666666,0.5,0.16666666666666666,1
validation,hotpotqa,5a84c4bb5542991dd0999dec,23,F1_R1_K2_H1_Bs4_Bkv4,1,1,2,1,4,4,21,[2],[3],0.0,"[3, 0, 5]","[3, 0, 5]",1.0,1.0,1.0,0.6389280677009873,0.6389280677009873,1.0,709.0,453.0,453.0,6.0,2.0,4.0,709.0,18.078125,1,2,3,3,max_hops,0.0004672000650316477,0.000488499877974391,semantic,native_semantic,0.16666666666666666,0.5,0.16666666666666666,1
validation,hotpotqa,5a84c4bb5542991dd0999dec,37,F1_R1_K2_H1_Bs4_Bkv4,1,1,2,1,4,4,21,[19],[4],0.0,"[4, 0, 5]","[4, 0, 5]",1.0,1.0,1.0,0.6389280677009873,0.6389280677009873,1.0,709.0,453.0,453.0,6.0,2.0,4.0,709.0,18.078125,1,2,3,3,max_hops,0.00044189998880028725,0.0004624000284820795,semantic,native_semantic,0.16666666666666666,0.5,0.16666666666666666,1
validation,hotpotqa,5a84c4bb5542991dd0999dec,53,F1_R1_K2_H1_Bs4_Bkv4,1,1,2,1,4,4,21,[0],[3],0.0,"[3, 0, 5]","[3, 0, 5]",1.0,1.0,1.0,0.6389280677009873,0.6389280677009873,1.0,709.0,453.0,453.0,6.0,2.0,4.0,709.0,18.078125,1,2,3,3,max_hops,0.0004724001046270132,0.0004938000347465277,semantic,native_semantic,0.16666666666666666,0.5,0.16666666666666666,1
validation,hotpotqa,5a84c4bb5542991dd0999dec,71,F1_R1_K2_H1_Bs4_Bkv4,1,1,2,1,4,4,21,[1],[4],0.0,"[4, 0, 5]","[4, 0, 5]",1.0,1.0,1.0,0.6389280677009873,0.6389280677009873,1.0,709.0,453.0,453.0,6.0,2.0,4.0,709.0,18.078125,1,2,3,3,max_hops,0.0004741998855024576,0.0004974000621587038,semantic,native_semantic,0.16666666666666666,0.5,0.16666666666666666,1
validation,hotpotqa,5abbd4035542993f40c73bcb,11,F1_R2_K2_H0_Bs2_Bkv2,1,2,2,0,2,2,45,[35],"[6, 2]",1.0,"[6, 2]","[6, 2]",1.0,1.0,0.5,0.8737201365187713,0.8737201365187713,0.5,293.0,256.0,512.0,7.0,0.0,2.0,293.0,7.578125,0,0,2,2,visited_budget,1.71000137925148e-05,4.650000482797623e-05,exact,native_semantic,0.14285714285714285,0.5,0.14285714285714285,1
validation,hotpotqa,5abbd4035542993f40c73bcb,23,F1_R2_K2_H0_Bs2_Bkv2,1,2,2,0,2,2,45,[34],"[6, 2]",1.0,"[6, 2]","[6, 2]",1.0,1.0,0.5,0.8737201365187713,0.8737201365187713,0.5,293.0,256.0,512.0,7.0,0.0,2.0,293.0,7.578125,0,0,2,2,visited_budget,1.4299992471933365e-05,3.969995304942131e-05,exact,native_semantic,0.14285714285714285,0.5,0.14285714285714285,1
validation,hotpotqa,5abbd4035542993f40c73bcb,37,F1_R1_K2_H1_Bs4_Bkv4,1,1,2,1,4,4,45,[41],[6],0.0,"[6, 0, 2]","[6, 0, 2]",1.0,1.0,0.5,0.4663023679417122,0.4663023679417122,0.5,549.0,256.0,512.0,7.0,2.0,4.0,549.0,15.578125,1,2,3,3,max_hops,0.0004604998975992203,0.0004916999023407698,exact,native_semantic,0.14285714285714285,0.5,0.14285714285714285,1
validation,hotpotqa,5abbd4035542993f40c73bcb,53,F1_R1_K2_H0_Bs2_Bkv2,1,1,2,0,2,2,45,[35],[2],1.0,[2],[2],1.0,1.0,0.5,1.0,1.0,0.5,256.0,256.0,512.0,7.0,0.0,2.0,256.0,7.0,0,0,1,1,max_hops,1.4199875295162201e-05,3.369990736246109e-05,exact,native_semantic,0.14285714285714285,0.5,0.14285714285714285,1
validation,hotpotqa,5abbd4035542993f40c73bcb,71,F1_R1_K2_H0_Bs2_Bkv2,1,1,2,0,2,2,45,[7],[2],1.0,[2],[2],1.0,1.0,0.5,1.0,1.0,0.5,256.0,256.0,512.0,7.0,0.0,2.0,256.0,7.0,0,0,1,1,max_hops,3.660004585981369e-05,6.560003384947777e-05,exact,native_semantic,0.14285714285714285,0.5,0.14285714285714285,1
validation,hotpotqa,5ae6143f5542996de7b71b2d,11,F1_R1_K4_H1_Bs4_Bkv4,1,1,4,1,4,4,16,[12],[3],0.0,"[3, 6, 4, 1]","[3, 6, 4, 1]",1.0,1.0,1.0,0.48020304568527916,0.48020304568527916,1.0,985.0,473.0,473.0,7.0,4.0,4.0,985.0,24.390625,1,4,4,4,visited_budget,0.0007893999572843313,0.0008185999467968941,bm25,exact_new_address,0.2,0.5,0.2,1
validation,hotpotqa,5ae6143f5542996de7b71b2d,23,F1_R1_K4_H1_Bs4_Bkv4,1,1,4,1,4,4,16,[12],[0],0.0,"[0, 6, 4, 1]","[0, 6, 4, 1]",1.0,1.0,1.0,0.48020304568527916,0.48020304568527916,1.0,985.0,473.0,473.0,7.0,4.0,4.0,985.0,24.390625,1,4,4,4,visited_budget,0.0005532999057322741,0.0005741999484598637,bm25,exact_new_address,0.2,0.5,0.2,1
validation,hotpotqa,5ae6143f5542996de7b71b2d,37,F1_R1_K4_H1_Bs4_Bkv4,1,1,4,1,4,4,16,[11],[3],0.0,"[3, 6, 4, 1]","[3, 6, 4, 1]",1.0,1.0,1.0,0.48020304568527916,0.48020304568527916,1.0,985.0,473.0,473.0,7.0,4.0,4.0,985.0,24.390625,1,4,4,4,visited_budget,0.0005864000413566828,0.0006075999699532986,bm25,exact_new_address,0.2,0.5,0.2,1
validation,hotpotqa,5ae6143f5542996de7b71b2d,53,F1_R1_K4_H1_Bs4_Bkv4,1,1,4,1,4,4,16,[12],[0],0.0,"[0, 6, 4, 1]","[0, 6, 4, 1]",1.0,1.0,1.0,0.48020304568527916,0.48020304568527916,1.0,985.0,473.0,473.0,7.0,4.0,4.0,985.0,24.390625,1,4,4,4,visited_budget,0.000573399942368269,0.0005959998816251755,bm25,exact_new_address,0.2,0.5,0.2,1
validation,hotpotqa,5ae6143f5542996de7b71b2d,71,F2_R4_K2_H0_Bs4_Bkv4,2,4,2,0,4,4,16,"[12, 14]","[0, 1, 4, 6]",1.0,"[0, 1, 4, 6]","[0, 1, 4, 6]",1.0,1.0,1.0,0.48020304568527916,0.48020304568527916,1.0,985.0,473.0,473.0,14.0,0.0,4.0,985.0,21.390625,0,0,4,4,visited_budget,1.619989052414894e-05,3.860006108880043e-05,bm25,exact_new_address,0.2,0.5,0.2,1
validation,hotpotqa,5a7e513a5542994959419996,11,F1_R4_K2_H0_Bs4_Bkv4,1,4,2,0,4,4,15,[5],"[3, 1, 0, 2]",1.0,"[3, 1, 0, 2]","[3, 1, 0, 2]",1.0,1.0,1.0,0.4428726877040261,0.4428726877040261,1.0,919.0,407.0,407.0,4.0,0.0,4.0,919.0,19.359375,0,0,4,4,visited_budget,2.010003663599491e-05,4.549999721348286e-05,hybrid,native_semantic,0.5,1.0,0.5,1
validation,hotpotqa,5a7e513a5542994959419996,23,F1_R4_K2_H0_Bs4_Bkv4,1,4,2,0,4,4,15,[1],"[3, 1, 0, 2]",1.0,"[3, 1, 0, 2]","[3, 1, 0, 2]",1.0,1.0,1.0,0.4428726877040261,0.4428726877040261,1.0,919.0,407.0,407.0,4.0,0.0,4.0,919.0,19.359375,0,0,4,4,visited_budget,2.6899855583906174e-05,5.9900106862187386e-05,hybrid,native_semantic,0.5,1.0,0.5,1
validation,hotpotqa,5a7e513a5542994959419996,37,F1_R4_K2_H0_Bs4_Bkv4,1,4,2,0,4,4,15,[12],"[1, 3, 0, 2]",1.0,"[1, 3, 0, 2]","[1, 3, 0, 2]",1.0,1.0,1.0,0.4428726877040261,0.4428726877040261,1.0,919.0,407.0,407.0,4.0,0.0,4.0,919.0,19.359375,0,0,4,4,visited_budget,5.669984966516495e-05,0.00011250004172325134,hybrid,native_semantic,0.5,1.0,0.5,1
validation,hotpotqa,5a7e513a5542994959419996,53,F1_R4_K2_H0_Bs4_Bkv4,1,4,2,0,4,4,15,[2],"[3, 1, 2, 0]",1.0,"[3, 1, 2, 0]","[3, 1, 2, 0]",1.0,1.0,1.0,0.4428726877040261,0.4428726877040261,1.0,919.0,407.0,407.0,4.0,0.0,4.0,919.0,19.359375,0,0,4,4,visited_budget,5.149981006979942e-05,0.00011180015280842781,hybrid,native_semantic,0.5,1.0,0.5,1
validation,hotpotqa,5a7e513a5542994959419996,71,F1_R2_K2_H0_Bs2_Bkv2,1,2,2,0,2,2,15,[1],"[3, 0]",1.0,"[3, 0]","[3, 0]",1.0,1.0,1.0,1.0,1.0,1.0,407.0,407.0,407.0,4.0,0.0,2.0,407.0,9.359375,0,0,2,2,visited_budget,1.2499978765845299e-05,5.310005508363247e-05,hybrid,native_semantic,0.5,1.0,0.5,1
test,hotpotqa,5a80d6be55429938b6142206,11,F1_R1_K4_H1_Bs8_Bkv8,1,1,4,1,8,8,21,[16],[2],1.0,"[2, 0, 5, 1, 4]","[2, 0, 5, 1, 4]",1.0,1.0,1.0,0.42070665571076415,0.42070665571076415,1.0,1217.0,512.0,512.0,6.0,4.0,8.0,1217.0,32.015625,1,4,5,5,max_hops,0.0006619000341743231,0.0006841998547315598,semantic,approximate_new_address,0.25,0.5,0.25,1
test,hotpotqa,5a80d6be55429938b6142206,23,F1_R1_K8_H1_Bs8_Bkv8,1,1,8,1,8,8,21,[18],[0],0.0,"[0, 1, 5, 3, 2, 4]","[0, 1, 5, 3, 2, 4]",1.0,1.0,1.0,0.34758995247793617,0.34758995247793617,1.0,1473.0,512.0,512.0,6.0,5.0,8.0,1473.0,37.015625,1,5,6,6,visited_budget,0.0009423999581485987,0.0009804998990148306,semantic,approximate_new_address,0.25,0.5,0.25,1
test,hotpotqa,5a80d6be55429938b6142206,37,F1_R1_K8_H1_Bs8_Bkv8,1,1,8,1,8,8,21,[16],[0],0.0,"[0, 1, 5, 3, 2, 4]","[0, 1, 5, 3, 2, 4]",1.0,1.0,1.0,0.34758995247793617,0.34758995247793617,1.0,1473.0,512.0,512.0,6.0,5.0,8.0,1473.0,37.015625,1,5,6,6,visited_budget,0.0009459999855607748,0.0009752998594194651,semantic,approximate_new_address,0.25,0.5,0.25,1
test,hotpotqa,5a80d6be55429938b6142206,53,F1_R1_K8_H1_Bs8_Bkv8,1,1,8,1,8,8,21,[18],[0],0.0,"[0, 1, 5, 3, 2, 4]","[0, 1, 5, 3, 2, 4]",1.0,1.0,1.0,0.34758995247793617,0.34758995247793617,1.0,1473.0,512.0,512.0,6.0,5.0,8.0,1473.0,37.015625,1,5,6,6,visited_budget,0.0008040000684559345,0.0008294000290334225,semantic,approximate_new_address,0.25,0.5,0.25,1
test,hotpotqa,5a80d6be55429938b6142206,71,F1_R1_K8_H1_Bs8_Bkv8,1,1,8,1,8,8,21,[16],[0],0.0,"[0, 1, 5, 3, 2, 4]","[0, 1, 5, 3, 2, 4]",1.0,1.0,1.0,0.34758995247793617,0.34758995247793617,1.0,1473.0,512.0,512.0,6.0,5.0,8.0,1473.0,37.015625,1,5,6,6,visited_budget,0.0007293999660760164,0.000749899772927165,semantic,approximate_new_address,0.25,0.5,0.25,1
test,hotpotqa,5ab88c075542991b5579efbe,11,F1_R1_K4_H1_Bs8_Bkv8,1,1,4,1,8,8,44,[15],[0],0.0,"[0, 1, 2, 4, 3]","[0, 1, 2, 4, 3]",1.0,1.0,1.0,0.4,0.4,1.0,1280.0,512.0,512.0,7.0,4.0,8.0,1280.0,33.0,1,4,5,5,max_hops,0.0007817998994141817,0.0008097998797893524,semantic,hybrid_state,0.25,0.5,0.25,1
test,hotpotqa,5ab88c075542991b5579efbe,23,F1_R4_K2_H0_Bs4_Bkv4,1,4,2,0,4,4,44,[33],"[4, 2, 3, 1]",1.0,"[4, 2, 3, 1]","[4, 2, 3, 1]",1.0,1.0,1.0,0.5,0.5,1.0,1024.0,512.0,512.0,7.0,0.0,4.0,1024.0,21.0,0,0,4,4,visited_budget,2.429983578622341e-05,5.7099852710962296e-05,semantic,hybrid_state,0.25,0.5,0.25,1
test,hotpotqa,5ab88c075542991b5579efbe,37,F1_R4_K2_H0_Bs4_Bkv4,1,4,2,0,4,4,44,[6],"[4, 1, 2, 3]",1.0,"[4, 1, 2, 3]","[4, 1, 2, 3]",1.0,1.0,1.0,0.5,0.5,1.0,1024.0,512.0,512.0,7.0,0.0,4.0,1024.0,21.0,0,0,4,4,visited_budget,3.579980693757534e-05,0.00011040014214813709,semantic,hybrid_state,0.25,0.5,0.25,1
test,hotpotqa,5ab88c075542991b5579efbe,53,F1_R1_K2_H1_Bs2_Bkv2,1,1,2,1,2,2,44,[1],[3],1.0,"[3, 4]","[3, 4]",1.0,1.0,1.0,1.0,1.0,1.0,512.0,512.0,512.0,7.0,2.0,2.0,512.0,13.0,1,2,2,2,visited_budget,0.0007299999706447124,0.0007541000377386808,semantic,hybrid_state,0.25,0.5,0.25,1
test,hotpotqa,5ab88c075542991b5579efbe,71,F1_R4_K2_H0_Bs4_Bkv4,1,4,2,0,4,4,44,[23],"[4, 1, 3, 2]",1.0,"[4, 1, 3, 2]","[4, 1, 3, 2]",1.0,1.0,1.0,0.5,0.5,1.0,1024.0,512.0,512.0,7.0,0.0,4.0,1024.0,21.0,0,0,4,4,visited_budget,1.640012487769127e-05,3.8899946957826614e-05,semantic,hybrid_state,0.25,0.5,0.25,1
validation,hotpotqa,5a714b645542994082a3e78b,11,F1_R2_K2_H0_Bs2_Bkv2,1,2,2,0,2,2,16,[0],"[3, 1]",1.0,"[3, 1]","[3, 1]",1.0,1.0,0.6835781041388518,1.0,1.0,0.6835781041388518,512.0,512.0,749.0,5.0,0.0,2.0,512.0,11.0,0,0,2,2,visited_budget,1.200009137392044e-05,3.1300121918320656e-05,hybrid,bm25_state,0.2,0.5,0.2,1
validation,hotpotqa,5a714b645542994082a3e78b,23,F1_R2_K2_H0_Bs2_Bkv2,1,2,2,0,2,2,16,[0],"[3, 1]",1.0,"[3, 1]","[3, 1]",1.0,1.0,0.6835781041388518,1.0,1.0,0.6835781041388518,512.0,512.0,749.0,5.0,0.0,2.0,512.0,11.0,0,0,2,2,visited_budget,1.400010660290718e-05,3.6300159990787506e-05,hybrid,bm25_state,0.2,0.5,0.2,1
validation,hotpotqa,5a714b645542994082a3e78b,37,F1_R1_K2_H1_Bs2_Bkv2,1,1,2,1,2,2,16,[11],[3],0.0,"[3, 1]","[3, 1]",1.0,1.0,0.6835781041388518,1.0,1.0,0.6835781041388518,512.0,512.0,749.0,5.0,2.0,2.0,512.0,13.0,1,2,2,2,visited_budget,0.0004757000133395195,0.000499499961733818,hybrid,bm25_state,0.2,0.5,0.2,1
validation,hotpotqa,5a714b645542994082a3e78b,53,F1_R1_K2_H1_Bs2_Bkv2,1,1,2,1,2,2,16,[2],[3],0.0,"[3, 1]","[3, 1]",1.0,1.0,0.6835781041388518,1.0,1.0,0.6835781041388518,512.0,512.0,749.0,5.0,2.0,2.0,512.0,13.0,1,2,2,2,visited_budget,0.0004387001972645521,0.00047670002095401287,hybrid,bm25_state,0.2,0.5,0.2,1
validation,hotpotqa,5a714b645542994082a3e78b,71,F1_R1_K2_H1_Bs2_Bkv2,1,1,2,1,2,2,16,[8],[3],0.0,"[3, 1]","[3, 1]",1.0,1.0,0.6835781041388518,1.0,1.0,0.6835781041388518,512.0,512.0,749.0,5.0,2.0,2.0,512.0,13.0,1,2,2,2,visited_budget,0.0004325001500546932,0.0004523999523371458,hybrid,bm25_state,0.2,0.5,0.2,1
validation,hotpotqa,5abce85755429959677d6b3e,11,F1_R2_K4_H1_Bs8_Bkv8,1,2,4,1,8,8,25,[21],"[4, 0]",1.0,"[4, 0, 7, 2, 3, 6]","[4, 0, 7, 2, 3, 6]",1.0,1.0,1.0,0.4703448275862069,0.4703448275862069,1.0,1450.0,682.0,682.0,8.0,8.0,8.0,1450.0,39.65625,2,8,6,6,max_hops,0.0009584000799804926,0.0009824000298976898,exact,approximate_new_address,0.16666666666666666,0.5,0.16666666666666666,1
validation,hotpotqa,5abce85755429959677d6b3e,23,F1_R1_K8_H1_Bs8_Bkv8,1,1,8,1,8,8,25,[3],[1],0.0,"[1, 7, 0, 3, 2, 6, 4, 5]","[1, 7, 0, 3, 2, 6, 4, 5]",1.0,1.0,1.0,0.3476044852191641,0.3476044852191641,1.0,1962.0,682.0,682.0,8.0,7.0,8.0,1962.0,46.65625,1,7,8,8,visited_budget,0.0012009001802653074,0.0012360000982880592,exact,approximate_new_address,0.16666666666666666,0.5,0.16666666666666666,1
validation,hotpotqa,5abce85755429959677d6b3e,37,F1_R1_K8_H1_Bs8_Bkv8,1,1,8,1,8,8,25,[2],[0],0.0,"[0, 7, 2, 3, 6, 1, 4, 5]","[0, 7, 2, 3, 6, 1, 4, 5]",1.0,1.0,1.0,0.3476044852191641,0.3476044852191641,1.0,1962.0,682.0,682.0,8.0,7.0,8.0,1962.0,46.65625,1,7,8,8,visited_budget,0.0008897001389414072,0.0009101000614464283,exact,approximate_new_address,0.16666666666666666,0.5,0.16666666666666666,1
validation,hotpotqa,5abce85755429959677d6b3e,53,F1_R2_K4_H1_Bs8_Bkv8,1,2,4,1,8,8,25,[21],"[0, 4]",1.0,"[0, 4, 7, 2, 3, 6]","[0, 4, 7, 2, 3, 6]",1.0,1.0,1.0,0.4703448275862069,0.4703448275862069,1.0,1450.0,682.0,682.0,8.0,8.0,8.0,1450.0,39.65625,2,8,6,6,max_hops,0.0009343000128865242,0.0009585998486727476,exact,approximate_new_address,0.16666666666666666,0.5,0.16666666666666666,1
validation,hotpotqa,5abce85755429959677d6b3e,71,F1_R1_K8_H1_Bs8_Bkv8,1,1,8,1,8,8,25,[5],[1],0.0,"[1, 7, 0, 3, 2, 6, 4, 5]","[1, 7, 0, 3, 2, 6, 4, 5]",1.0,1.0,1.0,0.3476044852191641,0.3476044852191641,1.0,1962.0,682.0,682.0,8.0,7.0,8.0,1962.0,46.65625,1,7,8,8,visited_budget,0.0009274999611079693,0.000950200017541647,exact,approximate_new_address,0.16666666666666666,0.5,0.16666666666666666,1
validation,qasper,1805.07133:b9ea841b817ba23281c95c7a769873b840dee8d5,11,F1_R1_K2_H0_Bs2_Bkv2,1,1,2,0,2,2,7,[0],[0],1.0,[0],[0],1.0,1.0,1.0,1.0,1.0,1.0,256.0,256.0,256.0,22.0,0.0,2.0,256.0,7.0,0,0,1,1,max_hops,3.2300129532814026e-05,5.8300094678997993e-05,bm25,native_semantic,0.3333333333333333,0.5,0.3333333333333333,1
validation,qasper,1805.07133:b9ea841b817ba23281c95c7a769873b840dee8d5,23,F1_R1_K2_H0_Bs2_Bkv2,1,1,2,0,2,2,7,[1],[0],1.0,[0],[0],1.0,1.0,1.0,1.0,1.0,1.0,256.0,256.0,256.0,22.0,0.0,2.0,256.0,7.0,0,0,1,1,max_hops,1.719989813864231e-05,4.12999652326107e-05,bm25,native_semantic,0.3333333333333333,0.5,0.3333333333333333,1
validation,qasper,1805.07133:b9ea841b817ba23281c95c7a769873b840dee8d5,37,F1_R1_K2_H0_Bs2_Bkv2,1,1,2,0,2,2,7,[6],[0],1.0,[0],[0],1.0,1.0,1.0,1.0,1.0,1.0,256.0,256.0,256.0,22.0,0.0,2.0,256.0,7.0,0,0,1,1,max_hops,2.3799948394298553e-05,6.509991362690926e-05,bm25,native_semantic,0.3333333333333333,0.5,0.3333333333333333,1
validation,qasper,1805.07133:b9ea841b817ba23281c95c7a769873b840dee8d5,53,F1_R1_K2_H0_Bs2_Bkv2,1,1,2,0,2,2,7,[0],[0],1.0,[0],[0],1.0,1.0,1.0,1.0,1.0,1.0,256.0,256.0,256.0,22.0,0.0,2.0,256.0,7.0,0,0,1,1,max_hops,1.6200123354792595e-05,3.91998328268528e-05,bm25,native_semantic,0.3333333333333333,0.5,0.3333333333333333,1
validation,qasper,1805.07133:b9ea841b817ba23281c95c7a769873b840dee8d5,71,F1_R1_K2_H0_Bs2_Bkv2,1,1,2,0,2,2,7,[6],[0],1.0,[0],[0],1.0,1.0,1.0,1.0,1.0,1.0,256.0,256.0,256.0,22.0,0.0,2.0,256.0,7.0,0,0,1,1,max_hops,1.750001683831215e-05,4.120008088648319e-05,bm25,native_semantic,0.3333333333333333,0.5,0.3333333333333333,1
validation,qasper,1605.03481:b85fc420eb2f77f6f14f375cc1fcc5155eb5c0a8,11,F1_R2_K2_H0_Bs2_Bkv2,1,2,2,0,2,2,17,[0],"[12, 0]",1.0,"[12, 0]","[12, 0]",1.0,1.0,1.0,0.5,0.5,1.0,512.0,256.0,256.0,14.0,0.0,2.0,512.0,11.0,0,0,2,2,visited_budget,2.6499852538108826e-05,6.720004603266716e-05,hybrid,exact_new_address,0.14285714285714285,0.5,0.14285714285714285,1
validation,qasper,1605.03481:b85fc420eb2f77f6f14f375cc1fcc5155eb5c0a8,23,F1_R1_K2_H0_Bs2_Bkv2,1,1,2,0,2,2,17,[2],[0],1.0,[0],[0],1.0,1.0,1.0,1.0,1.0,1.0,256.0,256.0,256.0,14.0,0.0,2.0,256.0,7.0,0,0,1,1,max_hops,1.8200138583779335e-05,4.269997589290142e-05,hybrid,exact_new_address,0.14285714285714285,0.5,0.14285714285714285,1
validation,qasper,1605.03481:b85fc420eb2f77f6f14f375cc1fcc5155eb5c0a8,37,F1_R1_K2_H0_Bs2_Bkv2,1,1,2,0,2,2,17,[16],[0],1.0,[0],[0],1.0,1.0,1.0,1.0,1.0,1.0,256.0,256.0,256.0,14.0,0.0,2.0,256.0,7.0,0,0,1,1,max_hops,1.810002140700817e-05,4.2899977415800095e-05,hybrid,exact_new_address,0.14285714285714285,0.5,0.14285714285714285,1
validation,qasper,1605.03481:b85fc420eb2f77f6f14f375cc1fcc5155eb5c0a8,53,F1_R1_K2_H0_Bs2_Bkv2,1,1,2,0,2,2,17,[11],[0],1.0,[0],[0],1.0,1.0,1.0,1.0,1.0,1.0,256.0,256.0,256.0,14.0,0.0,2.0,256.0,7.0,0,0,1,1,max_hops,1.5800120308995247e-05,3.720005042850971e-05,hybrid,exact_new_address,0.14285714285714285,0.5,0.14285714285714285,1
validation,qasper,1605.03481:b85fc420eb2f77f6f14f375cc1fcc5155eb5c0a8,71,F1_R1_K2_H1_Bs4_Bkv4,1,1,2,1,4,4,17,[16],[12],0.0,"[12, 11, 0]","[12, 11, 0]",1.0,1.0,1.0,0.3333333333333333,0.3333333333333333,1.0,768.0,256.0,256.0,14.0,2.0,4.0,768.0,19.0,1,2,3,3,max_hops,0.00043729995377361774,0.00045679998584091663,hybrid,exact_new_address,0.14285714285714285,0.5,0.14285714285714285,1
validation,qasper,2002.03407:10d450960907091f13e0be55f40bcb96f44dd074,11,F1_R1_K2_H1_Bs4_Bkv4,1,1,2,1,4,4,7,[3],[5],0.0,"[5, 2, 0]","[5, 2, 0]",1.0,1.0,0.5,0.3333333333333333,0.3333333333333333,0.5,768.0,256.0,512.0,21.0,2.0,4.0,768.0,19.0,1,2,3,3,max_hops,0.0005042001139372587,0.0005246999207884073,approx,exact_new_address,0.07692307692307693,0.5,0.07692307692307693,1
validation,qasper,2002.03407:10d450960907091f13e0be55f40bcb96f44dd074,23,F1_R1_K2_H1_Bs4_Bkv4,1,1,2,1,4,4,7,[2],[5],0.0,"[5, 2, 0]","[5, 2, 0]",1.0,1.0,0.5,0.3333333333333333,0.3333333333333333,0.5,768.0,256.0,512.0,21.0,2.0,4.0,768.0,19.0,1,2,3,3,max_hops,0.0011575000826269388,0.0012295001652091742,approx,exact_new_address,0.07692307692307693,0.5,0.07692307692307693,1
validation,qasper,2002.03407:10d450960907091f13e0be55f40bcb96f44dd074,37,F1_R1_K2_H1_Bs4_Bkv4,1,1,2,1,4,4,7,[3],[2],0.0,"[2, 5, 0]","[2, 5, 0]",1.0,1.0,0.5,0.3333333333333333,0.3333333333333333,0.5,768.0,256.0,512.0,21.0,2.0,4.0,768.0,19.0,1,2,3,3,max_hops,0.0005747000686824322,0.0005973998922854662,approx,exact_new_address,0.07692307692307693,0.5,0.07692307692307693,1
validation,qasper,2002.03407:10d450960907091f13e0be55f40bcb96f44dd074,53,F1_R1_K2_H1_Bs4_Bkv4,1,1,2,1,4,4,7,[2],[5],0.0,"[5, 2, 0]","[5, 2, 0]",1.0,1.0,0.5,0.3333333333333333,0.3333333333333333,0.5,768.0,256.0,512.0,21.0,2.0,4.0,768.0,19.0,1,2,3,3,max_hops,0.0004886998794972897,0.0005095000378787518,approx,exact_new_address,0.07692307692307693,0.5,0.07692307692307693,1
validation,qasper,2002.03407:10d450960907091f13e0be55f40bcb96f44dd074,71,F1_R1_K2_H0_Bs2_Bkv2,1,1,2,0,2,2,7,[6],[0],1.0,[0],[0],1.0,1.0,0.5,1.0,1.0,0.5,256.0,256.0,512.0,21.0,0.0,2.0,256.0,7.0,0,0,1,1,max_hops,1.7200130969285965e-05,4.109996370971203e-05,approx,exact_new_address,0.07692307692307693,0.5,0.07692307692307693,1
validation,qasper,1808.10245:da9c0637623885afaf023a319beee87898948fe9,11,F1_R4_K2_H0_Bs4_Bkv4,1,4,2,0,4,4,9,[0],"[8, 5, 4, 0]",1.0,"[8, 5, 4, 0]","[8, 5, 4, 0]",1.0,1.0,1.0,0.25,0.25,1.0,1024.0,256.0,256.0,12.0,0.0,4.0,1024.0,21.0,0,0,4,4,visited_budget,5.030003376305103e-05,9.110011160373688e-05,exact,exact_new_address,0.14285714285714285,0.5,0.14285714285714285,1
validation,qasper,1808.10245:da9c0637623885afaf023a319beee87898948fe9,23,F1_R1_K2_H0_Bs2_Bkv2,1,1,2,0,2,2,9,[2],[0],1.0,[0],[0],1.0,1.0,1.0,1.0,1.0,1.0,256.0,256.0,256.0,12.0,0.0,2.0,256.0,7.0,0,0,1,1,max_hops,1.829979009926319e-05,4.310021176934242e-05,exact,exact_new_address,0.14285714285714285,0.5,0.14285714285714285,1
validation,qasper,1808.10245:da9c0637623885afaf023a319beee87898948fe9,37,F1_R1_K2_H0_Bs2_Bkv2,1,1,2,0,2,2,9,[8],[0],1.0,[0],[0],1.0,1.0,1.0,1.0,1.0,1.0,256.0,256.0,256.0,12.0,0.0,2.0,256.0,7.0,0,0,1,1,max_hops,1.810002140700817e-05,4.3400097638368607e-05,exact,exact_new_address,0.14285714285714285,0.5,0.14285714285714285,1
validation,qasper,1808.10245:da9c0637623885afaf023a319beee87898948fe9,53,F1_R2_K2_H0_Bs2_Bkv2,1,2,2,0,2,2,9,[0],"[8, 0]",1.0,"[8, 0]","[8, 0]",1.0,1.0,1.0,0.5,0.5,1.0,512.0,256.0,256.0,12.0,0.0,2.0,512.0,11.0,0,0,2,2,visited_budget,2.3399945348501205e-05,5.8300094678997993e-05,exact,exact_new_address,0.14285714285714285,0.5,0.14285714285714285,1
validation,qasper,1808.10245:da9c0637623885afaf023a319beee87898948fe9,71,F1_R2_K2_H0_Bs2_Bkv2,1,2,2,0,2,2,9,[8],"[8, 0]",1.0,"[8, 0]","[8, 0]",1.0,1.0,1.0,0.5,0.5,1.0,512.0,256.0,256.0,12.0,0.0,2.0,512.0,11.0,0,0,2,2,visited_budget,1.309998333454132e-05,3.260001540184021e-05,exact,exact_new_address,0.14285714285714285,0.5,0.14285714285714285,1
validation,qasper,2001.02885:96b07373756d7854bccc3c12e8d41454ab8741f5,11,F1_R4_K2_H0_Bs4_Bkv4,1,4,2,0,4,4,9,[0],"[5, 6, 0, 9]",1.0,"[5, 6, 0, 9]","[5, 6, 0, 9]",1.0,1.0,1.0,0.25,0.25,1.0,1024.0,256.0,256.0,14.0,0.0,4.0,1024.0,21.0,0,0,4,4,visited_budget,1.819990575313568e-05,4.1499966755509377e-05,bm25,bm25_state,0.0,0.0,0.0,1
validation,qasper,2001.02885:96b07373756d7854bccc3c12e8d41454ab8741f5,23,F1_R1_K2_H0_Bs2_Bkv2,1,1,2,0,2,2,9,[1],[0],1.0,[0],[0],1.0,1.0,1.0,1.0,1.0,1.0,256.0,256.0,256.0,14.0,0.0,2.0,256.0,7.0,0,0,1,1,max_hops,1.7300015315413475e-05,4.069996066391468e-05,bm25,bm25_state,0.0,0.0,0.0,1
validation,qasper,2001.02885:96b07373756d7854bccc3c12e8d41454ab8741f5,37,F1_R1_K2_H0_Bs2_Bkv2,1,1,2,0,2,2,9,[8],[0],1.0,[0],[0],1.0,1.0,1.0,1.0,1.0,1.0,256.0,256.0,256.0,14.0,0.0,2.0,256.0,7.0,0,0,1,1,max_hops,5.170004442334175e-05,9.720004163682461e-05,bm25,bm25_state,0.0,0.0,0.0,1
validation,qasper,2001.02885:96b07373756d7854bccc3c12e8d41454ab8741f5,53,F1_R1_K2_H0_Bs2_Bkv2,1,1,2,0,2,2,9,[5],[0],1.0,[0],[0],1.0,1.0,1.0,1.0,1.0,1.0,256.0,256.0,256.0,14.0,0.0,2.0,256.0,7.0,0,0,1,1,max_hops,1.7800135537981987e-05,4.37998678535223e-05,bm25,bm25_state,0.0,0.0,0.0,1
validation,qasper,2001.02885:96b07373756d7854bccc3c12e8d41454ab8741f5,71,F1_R2_K2_H0_Bs2_Bkv2,1,2,2,0,2,2,9,[8],"[5, 0]",1.0,"[5, 0]","[5, 0]",1.0,1.0,1.0,0.5,0.5,1.0,512.0,256.0,256.0,14.0,0.0,2.0,512.0,11.0,0,0,2,2,visited_budget,1.2699980288743973e-05,3.220001235604286e-05,bm25,bm25_state,0.0,0.0,0.0,1
validation,qasper,1810.12085:c2cb6c4500d9e02fc9a1bdffd22c3df69655189f,11,F1_R1_K4_H1_Bs4_Bkv4,1,1,4,1,4,4,11,[0],[0],1.0,"[0, 6, 2, 1]","[0, 6, 2, 1]",1.0,1.0,1.0,0.5,0.5,1.0,1024.0,512.0,512.0,16.0,4.0,4.0,1024.0,25.0,1,4,4,4,visited_budget,0.0005333998706191778,0.0005539001431316137,exact,exact_new_address,0.0,0.0,0.0,1
validation,qasper,1810.12085:c2cb6c4500d9e02fc9a1bdffd22c3df69655189f,23,F1_R2_K2_H0_Bs2_Bkv2,1,2,2,0,2,2,11,[1],"[0, 1]",1.0,"[0, 1]","[0, 1]",1.0,1.0,1.0,1.0,1.0,1.0,512.0,512.0,512.0,16.0,0.0,2.0,512.0,11.0,0,0,2,2,visited_budget,2.9899878427386284e-05,7.220008410513401e-05,exact,exact_new_address,0.0,0.0,0.0,1
validation,qasper,1810.12085:c2cb6c4500d9e02fc9a1bdffd22c3df69655189f,37,F2_R2_K2_H1_Bs4_Bkv4,2,2,2,1,4,4,11,"[9, 10]","[2, 0]",1.0,"[2, 0, 6, 1]","[2, 0, 6, 1]",1.0,1.0,1.0,0.5,0.5,1.0,1024.0,512.0,512.0,32.0,4.0,4.0,1024.0,26.0,2,4,4,4,visited_budget,0.0010522999800741673,0.0010992998722940683,exact,exact_new_address,0.0,0.0,0.0,1
validation,qasper,1810.12085:c2cb6c4500d9e02fc9a1bdffd22c3df69655189f,53,F1_R4_K2_H0_Bs4_Bkv4,1,4,2,0,4,4,11,[4],"[0, 2, 10, 1]",1.0,"[0, 2, 10, 1]","[0, 2, 10, 1]",1.0,1.0,1.0,0.5,0.5,1.0,1024.0,512.0,512.0,16.0,0.0,4.0,1024.0,21.0,0,0,4,4,visited_budget,1.610000617802143e-05,3.809994086623192e-05,exact,exact_new_address,0.0,0.0,0.0,1
validation,qasper,1810.12085:c2cb6c4500d9e02fc9a1bdffd22c3df69655189f,71,F1_R2_K4_H1_Bs4_Bkv4,1,2,4,1,4,4,11,[10],"[6, 0]",1.0,"[6, 0, 2, 1]","[6, 0, 2, 1]",1.0,1.0,1.0,0.5,0.5,1.0,1024.0,512.0,512.0,16.0,8.0,4.0,1024.0,29.0,2,8,4,4,visited_budget,0.0007099001668393612,0.0007311999797821045,exact,exact_new_address,0.0,0.0,0.0,1
test,qasper,2003.11562:fc4ae12576ea3a85ea6d150b46938890d63a7d18,11,F1_R1_K2_H0_Bs2_Bkv2,1,1,2,0,2,2,9,[0],[0],1.0,[0],[0],1.0,1.0,1.0,1.0,1.0,1.0,256.0,256.0,256.0,11.0,0.0,2.0,256.0,7.0,0,0,1,1,max_hops,3.060000017285347e-05,7.639988325536251e-05,semantic,exact_new_address,0.0,0.0,0.0,1
test,qasper,2003.11562:fc4ae12576ea3a85ea6d150b46938890d63a7d18,23,F1_R2_K2_H0_Bs2_Bkv2,1,2,2,0,2,2,9,[1],"[10, 0]",1.0,"[10, 0]","[10, 0]",1.0,1.0,1.0,0.5089463220675944,0.5089463220675944,1.0,503.0,256.0,256.0,11.0,0.0,2.0,503.0,10.859375,0,0,2,2,visited_budget,1.1699972674250603e-05,2.9900111258029938e-05,semantic,exact_new_address,0.0,0.0,0.0,1
test,qasper,2003.11562:fc4ae12576ea3a85ea6d150b46938890d63a7d18,37,F1_R2_K2_H0_Bs2_Bkv2,1,2,2,0,2,2,9,[3],"[10, 0]",1.0,"[10, 0]","[10, 0]",1.0,1.0,1.0,0.5089463220675944,0.5089463220675944,1.0,503.0,256.0,256.0,11.0,0.0,2.0,503.0,10.859375,0,0,2,2,visited_budget,1.3999873772263527e-05,3.560003824532032e-05,semantic,exact_new_address,0.0,0.0,0.0,1
test,qasper,2003.11562:fc4ae12576ea3a85ea6d150b46938890d63a7d18,53,F1_R1_K2_H0_Bs2_Bkv2,1,1,2,0,2,2,9,[0],[0],1.0,[0],[0],1.0,1.0,1.0,1.0,1.0,1.0,256.0,256.0,256.0,11.0,0.0,2.0,256.0,7.0,0,0,1,1,max_hops,1.5900004655122757e-05,3.7700170651078224e-05,semantic,exact_new_address,0.0,0.0,0.0,1
test,qasper,2003.11562:fc4ae12576ea3a85ea6d150b46938890d63a7d18,71,F1_R1_K2_H0_Bs2_Bkv2,1,1,2,0,2,2,9,[8],[0],1.0,[0],[0],1.0,1.0,1.0,1.0,1.0,1.0,256.0,256.0,256.0,11.0,0.0,2.0,256.0,7.0,0,0,1,1,max_hops,1.6300007700920105e-05,3.7800054997205734e-05,semantic,exact_new_address,0.0,0.0,0.0,1
validation,qasper,1912.13337:e97186c51d4af490dba6faaf833d269c8256426c,11,F1_R1_K2_H2_Bs8_Bkv8,1,1,2,2,8,8,10,[8],[27],0.0,"[27, 17, 11, 0, 7]","[27, 17, 11, 0, 7]",0.0,0.0,0.2,0.4,0.4,0.2,1280.0,512.0,2560.0,37.0,6.0,8.0,1280.0,35.0,3,6,5,5,max_hops,0.0015252998564392328,0.0015550998505204916,exact,bm25_state,0.0273972602739726,1.0,0.0,1
validation,qasper,1912.13337:e97186c51d4af490dba6faaf833d269c8256426c,23,F1_R1_K2_H2_Bs8_Bkv8,1,1,2,2,8,8,10,[1],[27],0.0,"[27, 17, 11, 0, 7]","[27, 17, 11, 0, 7]",0.0,0.0,0.2,0.4,0.4,0.2,1280.0,512.0,2560.0,37.0,6.0,8.0,1280.0,35.0,3,6,5,5,max_hops,0.0011175000108778477,0.001139800064265728,exact,bm25_state,0.0273972602739726,1.0,0.0,1
validation,qasper,1912.13337:e97186c51d4af490dba6faaf833d269c8256426c,37,F1_R1_K2_H3_Bs8_Bkv8,1,1,2,3,8,8,10,[8],[36],0.0,"[36, 27, 10, 17, 11, 0, 7]","[36, 27, 10, 17, 11, 0, 7]",0.0,0.0,0.2,0.3206011271133375,0.3206011271133375,0.2,1597.0,512.0,2560.0,37.0,10.0,8.0,1597.0,43.953125,5,10,7,7,frontier_exhausted,0.0017430000007152557,0.0017631999216973782,exact,bm25_state,0.0273972602739726,1.0,0.0,1
validation,qasper,1912.13337:e97186c51d4af490dba6faaf833d269c8256426c,53,F1_R1_K2_H2_Bs8_Bkv8,1,1,2,2,8,8,10,[8],[27],0.0,"[27, 17, 11, 0, 7]","[27, 17, 11, 0, 7]",0.0,0.0,0.2,0.4,0.4,0.2,1280.0,512.0,2560.0,37.0,6.0,8.0,1280.0,35.0,3,6,5,5,max_hops,0.001157799968495965,0.0011809999123215675,exact,bm25_state,0.0273972602739726,1.0,0.0,1
validation,qasper,1912.13337:e97186c51d4af490dba6faaf833d269c8256426c,71,F1_R2_K2_H2_Bs8_Bkv8,1,2,2,2,8,8,10,[9],"[31, 27]",0.0,"[31, 27, 17, 11, 10, 0, 7]","[31, 27, 17, 11, 10, 0, 7]",0.0,0.0,0.2,0.2857142857142857,0.2857142857142857,0.2,1792.0,512.0,2560.0,37.0,10.0,8.0,1792.0,47.0,5,10,7,7,max_hops,0.0017800999339669943,0.001801100093871355,exact,bm25_state,0.0273972602739726,1.0,0.0,1
test,qasper,2003.11645:c2d1387e08cf25cb6b1f482178cca58030e85b70,11,F1_R4_K2_H0_Bs4_Bkv4,1,4,2,0,4,4,11,[8],"[4, 3, 0, 1]",1.0,"[4, 3, 0, 1]","[4, 3, 0, 1]",1.0,1.0,1.0,0.25,0.25,1.0,1024.0,256.0,256.0,14.0,0.0,4.0,1024.0,21.0,0,0,4,4,visited_budget,1.8900027498602867e-05,4.260009154677391e-05,exact,exact_new_address,0.0,0.0,0.0,1
test,qasper,2003.11645:c2d1387e08cf25cb6b1f482178cca58030e85b70,23,F1_R1_K2_H0_Bs2_Bkv2,1,1,2,0,2,2,11,[4],[0],1.0,[0],[0],1.0,1.0,1.0,1.0,1.0,1.0,256.0,256.0,256.0,14.0,0.0,2.0,256.0,7.0,0,0,1,1,max_hops,1.6700010746717453e-05,4.0599843487143517e-05,exact,exact_new_address,0.0,0.0,0.0,1
test,qasper,2003.11645:c2d1387e08cf25cb6b1f482178cca58030e85b70,37,F1_R1_K2_H0_Bs2_Bkv2,1,1,2,0,2,2,11,[6],[0],1.0,[0],[0],1.0,1.0,1.0,1.0,1.0,1.0,256.0,256.0,256.0,14.0,0.0,2.0,256.0,7.0,0,0,1,1,max_hops,1.4800112694501877e-05,3.429991193115711e-05,exact,exact_new_address,0.0,0.0,0.0,1
test,qasper,2003.11645:c2d1387e08cf25cb6b1f482178cca58030e85b70,53,F1_R1_K2_H0_Bs2_Bkv2,1,1,2,0,2,2,11,[5],[0],1.0,[0],[0],1.0,1.0,1.0,1.0,1.0,1.0,256.0,256.0,256.0,14.0,0.0,2.0,256.0,7.0,0,0,1,1,max_hops,2.7399975806474686e-05,7.839989848434925e-05,exact,exact_new_address,0.0,0.0,0.0,1
test,qasper,2003.11645:c2d1387e08cf25cb6b1f482178cca58030e85b70,71,F1_R1_K2_H0_Bs2_Bkv2,1,1,2,0,2,2,11,[9],[0],1.0,[0],[0],1.0,1.0,1.0,1.0,1.0,1.0,256.0,256.0,256.0,14.0,0.0,2.0,256.0,7.0,0,0,1,1,max_hops,1.4499993994832039e-05,3.2899901270866394e-05,exact,exact_new_address,0.0,0.0,0.0,1
test,qasper,1912.03804:2ccc26e11df4eb26fcccdd1f446dc749aff5d572,11,F1_R1_K2_H0_Bs2_Bkv2,1,1,2,0,2,2,9,[4],[0],1.0,[0],[0],0.0,0.0,0.5,1.0,1.0,0.5,256.0,256.0,512.0,19.0,0.0,2.0,256.0,7.0,0,0,1,1,max_hops,1.6399892047047615e-05,3.9700185880064964e-05,exact,bm25_state,0.08333333333333333,0.5,0.0,1
test,qasper,1912.03804:2ccc26e11df4eb26fcccdd1f446dc749aff5d572,23,F1_R2_K2_H0_Bs2_Bkv2,1,2,2,0,2,2,9,[6],"[10, 0]",1.0,"[10, 0]","[10, 0]",0.0,0.0,0.5,0.5,0.5,0.5,512.0,256.0,512.0,19.0,0.0,2.0,512.0,11.0,0,0,2,2,visited_budget,1.1800089851021767e-05,2.9799994081258774e-05,exact,bm25_state,0.08333333333333333,0.5,0.0,1
test,qasper,1912.03804:2ccc26e11df4eb26fcccdd1f446dc749aff5d572,37,F1_R1_K2_H0_Bs2_Bkv2,1,1,2,0,2,2,9,[7],[0],1.0,[0],[0],0.0,0.0,0.5,1.0,1.0,0.5,256.0,256.0,512.0,19.0,0.0,2.0,256.0,7.0,0,0,1,1,max_hops,1.5300000086426735e-05,3.6499928683042526e-05,exact,bm25_state,0.08333333333333333,0.5,0.0,1
test,qasper,1912.03804:2ccc26e11df4eb26fcccdd1f446dc749aff5d572,53,F1_R4_K2_H0_Bs4_Bkv4,1,4,2,0,4,4,9,[1],"[10, 14, 0, 4]",1.0,"[10, 14, 0, 4]","[10, 14, 0, 4]",0.0,0.0,0.5,0.25,0.25,0.5,1024.0,256.0,512.0,19.0,0.0,4.0,1024.0,21.0,0,0,4,4,visited_budget,3.7700170651078224e-05,7.770000956952572e-05,exact,bm25_state,0.08333333333333333,0.5,0.0,1
test,qasper,1912.03804:2ccc26e11df4eb26fcccdd1f446dc749aff5d572,71,F1_R1_K2_H0_Bs2_Bkv2,1,1,2,0,2,2,9,[4],[0],1.0,[0],[0],0.0,0.0,0.5,1.0,1.0,0.5,256.0,256.0,512.0,19.0,0.0,2.0,256.0,7.0,0,0,1,1,max_hops,1.4899997040629387e-05,7.060007192194462e-05,exact,bm25_state,0.08333333333333333,0.5,0.0,1
validation,qasper,1910.14599:ee2c9bc24d70daa0c87e38e0558e09ab97feb4f2,11,F1_R1_K2_H0_Bs2_Bkv2,1,1,2,0,2,2,10,[7],[0],1.0,[0],[0],1.0,1.0,1.0,1.0,1.0,1.0,256.0,256.0,256.0,26.0,0.0,2.0,256.0,7.0,0,0,1,1,max_hops,1.6300007700920105e-05,5.1999930292367935e-05,bm25,bm25_state,0.0,0.0,0.0,1
validation,qasper,1910.14599:ee2c9bc24d70daa0c87e38e0558e09ab97feb4f2,23,F1_R1_K2_H0_Bs2_Bkv2,1,1,2,0,2,2,10,[6],[0],1.0,[0],[0],1.0,1.0,1.0,1.0,1.0,1.0,256.0,256.0,256.0,26.0,0.0,2.0,256.0,7.0,0,0,1,1,max_hops,1.910002902150154e-05,4.509999416768551e-05,bm25,bm25_state,0.0,0.0,0.0,1
validation,qasper,1910.14599:ee2c9bc24d70daa0c87e38e0558e09ab97feb4f2,37,F1_R1_K4_H1_Bs8_Bkv8,1,1,4,1,8,8,10,[4],[1],0.0,"[1, 2, 9, 14, 0]","[1, 2, 9, 14, 0]",1.0,1.0,1.0,0.2,0.2,1.0,1280.0,256.0,256.0,26.0,4.0,8.0,1280.0,33.0,1,4,5,5,max_hops,0.0007108000572770834,0.0007299000862985849,bm25,bm25_state,0.0,0.0,0.0,1
validation,qasper,1910.14599:ee2c9bc24d70daa0c87e38e0558e09ab97feb4f2,53,F1_R1_K2_H0_Bs2_Bkv2,1,1,2,0,2,2,10,[1],[0],1.0,[0],[0],1.0,1.0,1.0,1.0,1.0,1.0,256.0,256.0,256.0,26.0,0.0,2.0,256.0,7.0,0,0,1,1,max_hops,1.4199875295162201e-05,3.2800016924738884e-05,bm25,bm25_state,0.0,0.0,0.0,1
validation,qasper,1910.14599:ee2c9bc24d70daa0c87e38e0558e09ab97feb4f2,71,F1_R1_K2_H0_Bs2_Bkv2,1,1,2,0,2,2,10,[8],[0],1.0,[0],[0],1.0,1.0,1.0,1.0,1.0,1.0,256.0,256.0,256.0,26.0,0.0,2.0,256.0,7.0,0,0,1,1,max_hops,1.700012944638729e-05,4.069996066391468e-05,bm25,bm25_state,0.0,0.0,0.0,1
test,qasper,2002.04181:1329280df5ee9e902b2742bde4a97bc3e6573ff3,11,F1_R1_K2_H0_Bs2_Bkv2,1,1,2,0,2,2,7,[6],[0],1.0,[0],[0],1.0,1.0,1.0,1.0,1.0,1.0,256.0,256.0,256.0,9.0,0.0,2.0,256.0,7.0,0,0,1,1,max_hops,1.4600111171603203e-05,3.290013410151005e-05,hybrid,native_semantic,0.3333333333333333,0.5,0.3333333333333333,1
test,qasper,2002.04181:1329280df5ee9e902b2742bde4a97bc3e6573ff3,23,F1_R1_K2_H0_Bs2_Bkv2,1,1,2,0,2,2,7,[1],[0],1.0,[0],[0],1.0,1.0,1.0,1.0,1.0,1.0,256.0,256.0,256.0,9.0,0.0,2.0,256.0,7.0,0,0,1,1,max_hops,1.950003206729889e-05,6.500002928078175e-05,hybrid,native_semantic,0.3333333333333333,0.5,0.3333333333333333,1
test,qasper,2002.04181:1329280df5ee9e902b2742bde4a97bc3e6573ff3,37,F1_R1_K2_H0_Bs2_Bkv2,1,1,2,0,2,2,7,[6],[0],1.0,[0],[0],1.0,1.0,1.0,1.0,1.0,1.0,256.0,256.0,256.0,9.0,0.0,2.0,256.0,7.0,0,0,1,1,max_hops,1.650000922381878e-05,3.8300175219774246e-05,hybrid,native_semantic,0.3333333333333333,0.5,0.3333333333333333,1
test,qasper,2002.04181:1329280df5ee9e902b2742bde4a97bc3e6573ff3,53,F1_R2_K2_H0_Bs2_Bkv2,1,2,2,0,2,2,7,[2],"[2, 0]",1.0,"[2, 0]","[2, 0]",1.0,1.0,1.0,0.5,0.5,1.0,512.0,256.0,256.0,9.0,0.0,2.0,512.0,11.0,0,0,2,2,visited_budget,1.200009137392044e-05,3.060000017285347e-05,hybrid,native_semantic,0.3333333333333333,0.5,0.3333333333333333,1
test,qasper,2002.04181:1329280df5ee9e902b2742bde4a97bc3e6573ff3,71,F1_R1_K2_H0_Bs2_Bkv2,1,1,2,0,2,2,7,[6],[0],1.0,[0],[0],1.0,1.0,1.0,1.0,1.0,1.0,256.0,256.0,256.0,9.0,0.0,2.0,256.0,7.0,0,0,1,1,max_hops,5.04001509398222e-05,6.92000612616539e-05,hybrid,native_semantic,0.3333333333333333,0.5,0.3333333333333333,1
validation,qasper,1703.04001:4e1a67f8dc68b55a5ce18e6cd385ae9ab90d891f,11,F4_R4_K2_H0_Bs4_Bkv4,4,4,2,0,4,4,9,"[7, 6, 2, 5]","[6, 7, 0, 5]",1.0,"[6, 7, 0, 5]","[6, 7, 0, 5]",1.0,1.0,1.0,0.25,0.25,1.0,1024.0,256.0,256.0,36.0,0.0,4.0,1024.0,24.0,0,0,4,4,visited_budget,1.6300007700920105e-05,3.820005804300308e-05,hybrid,hybrid_state,0.16666666666666666,0.5,0.16666666666666666,1
validation,qasper,1703.04001:4e1a67f8dc68b55a5ce18e6cd385ae9ab90d891f,23,F1_R1_K2_H0_Bs2_Bkv2,1,1,2,0,2,2,9,[2],[0],1.0,[0],[0],1.0,1.0,1.0,1.0,1.0,1.0,256.0,256.0,256.0,9.0,0.0,2.0,256.0,7.0,0,0,1,1,max_hops,1.4400109648704529e-05,3.42000275850296e-05,hybrid,hybrid_state,0.16666666666666666,0.5,0.16666666666666666,1
validation,qasper,1703.04001:4e1a67f8dc68b55a5ce18e6cd385ae9ab90d891f,37,F1_R1_K2_H0_Bs2_Bkv2,1,1,2,0,2,2,9,[3],[0],1.0,[0],[0],1.0,1.0,1.0,1.0,1.0,1.0,256.0,256.0,256.0,9.0,0.0,2.0,256.0,7.0,0,0,1,1,max_hops,2.8199981898069382e-05,6.729993037879467e-05,hybrid,hybrid_state,0.16666666666666666,0.5,0.16666666666666666,1
validation,qasper,1703.04001:4e1a67f8dc68b55a5ce18e6cd385ae9ab90d891f,53,F1_R1_K2_H0_Bs2_Bkv2,1,1,2,0,2,2,9,[3],[0],1.0,[0],[0],1.0,1.0,1.0,1.0,1.0,1.0,256.0,256.0,256.0,9.0,0.0,2.0,256.0,7.0,0,0,1,1,max_hops,1.4999881386756897e-05,4.309997893869877e-05,hybrid,hybrid_state,0.16666666666666666,0.5,0.16666666666666666,1
validation,qasper,1703.04001:4e1a67f8dc68b55a5ce18e6cd385ae9ab90d891f,71,F1_R1_K2_H0_Bs2_Bkv2,1,1,2,0,2,2,9,[3],[0],1.0,[0],[0],1.0,1.0,1.0,1.0,1.0,1.0,256.0,256.0,256.0,9.0,0.0,2.0,256.0,7.0,0,0,1,1,max_hops,1.819990575313568e-05,4.549999721348286e-05,hybrid,hybrid_state,0.16666666666666666,0.5,0.16666666666666666,1
test,qasper,2002.03407:b5608076d91450b0d295ad14c3e3a90d7e168d0e,11,F2_R2_K2_H0_Bs2_Bkv2,2,2,2,0,2,2,12,"[0, 9]","[7, 0]",1.0,"[7, 0]","[7, 0]",1.0,1.0,1.0,0.5,0.5,1.0,512.0,256.0,256.0,42.0,0.0,2.0,512.0,12.0,0,0,2,2,visited_budget,1.1600088328123093e-05,2.9999995604157448e-05,approx,exact_new_address,0.2,0.5,0.2,1
test,qasper,2002.03407:b5608076d91450b0d295ad14c3e3a90d7e168d0e,23,F1_R1_K2_H0_Bs2_Bkv2,1,1,2,0,2,2,12,[2],[0],1.0,[0],[0],1.0,1.0,1.0,1.0,1.0,1.0,256.0,256.0,256.0,21.0,0.0,2.0,256.0,7.0,0,0,1,1,max_hops,1.8300022929906845e-05,4.260009154677391e-05,approx,exact_new_address,0.2,0.5,0.2,1
test,qasper,2002.03407:b5608076d91450b0d295ad14c3e3a90d7e168d0e,37,F1_R1_K2_H0_Bs2_Bkv2,1,1,2,0,2,2,12,[5],[0],1.0,[0],[0],1.0,1.0,1.0,1.0,1.0,1.0,256.0,256.0,256.0,21.0,0.0,2.0,256.0,7.0,0,0,1,1,max_hops,1.400010660290718e-05,3.290013410151005e-05,approx,exact_new_address,0.2,0.5,0.2,1
test,qasper,2002.03407:b5608076d91450b0d295ad14c3e3a90d7e168d0e,53,F1_R1_K2_H0_Bs2_Bkv2,1,1,2,0,2,2,12,[8],[0],1.0,[0],[0],1.0,1.0,1.0,1.0,1.0,1.0,256.0,256.0,256.0,21.0,0.0,2.0,256.0,7.0,0,0,1,1,max_hops,1.4299992471933365e-05,3.300001844763756e-05,approx,exact_new_address,0.2,0.5,0.2,1
test,qasper,2002.03407:b5608076d91450b0d295ad14c3e3a90d7e168d0e,71,F1_R1_K2_H0_Bs2_Bkv2,1,1,2,0,2,2,12,[6],[0],1.0,[0],[0],1.0,1.0,1.0,1.0,1.0,1.0,256.0,256.0,256.0,21.0,0.0,2.0,256.0,7.0,0,0,1,1,max_hops,1.4899997040629387e-05,3.3499905839562416e-05,approx,exact_new_address,0.2,0.5,0.2,1
test,qasper,1611.03599:e330e162ec29722f5ec9f83853d129c9e0693d65,11,F1_R2_K4_H1_Bs8_Bkv8,1,2,4,1,8,8,7,[0],"[10, 22]",0.0,"[10, 22, 21, 11, 6, 15, 0]","[10, 22, 21, 11, 6, 15, 0]",1.0,1.0,1.0,0.14285714285714285,0.14285714285714285,1.0,1792.0,256.0,256.0,24.0,8.0,8.0,1792.0,45.0,2,8,7,7,max_hops,0.0009556000586599112,0.0009767001029103994,hybrid,native_semantic,0.0,0.0,0.0,1
test,qasper,1611.03599:e330e162ec29722f5ec9f83853d129c9e0693d65,23,F1_R1_K2_H0_Bs2_Bkv2,1,1,2,0,2,2,7,[1],[0],1.0,[0],[0],1.0,1.0,1.0,1.0,1.0,1.0,256.0,256.0,256.0,24.0,0.0,2.0,256.0,7.0,0,0,1,1,max_hops,1.4399876818060875e-05,3.360002301633358e-05,hybrid,native_semantic,0.0,0.0,0.0,1
test,qasper,1611.03599:e330e162ec29722f5ec9f83853d129c9e0693d65,37,F1_R4_K2_H0_Bs4_Bkv4,1,4,2,0,4,4,7,[6],"[22, 23, 0, 11]",1.0,"[22, 23, 0, 11]","[22, 23, 0, 11]",1.0,1.0,1.0,0.282560706401766,0.282560706401766,1.0,906.0,256.0,256.0,24.0,0.0,4.0,906.0,19.15625,0,0,4,4,visited_budget,1.6200123354792595e-05,3.6899931728839874e-05,hybrid,native_semantic,0.0,0.0,0.0,1
test,qasper,1611.03599:e330e162ec29722f5ec9f83853d129c9e0693d65,53,F1_R1_K2_H0_Bs2_Bkv2,1,1,2,0,2,2,7,[4],[0],1.0,[0],[0],1.0,1.0,1.0,1.0,1.0,1.0,256.0,256.0,256.0,24.0,0.0,2.0,256.0,7.0,0,0,1,1,max_hops,1.4599878340959549e-05,3.360002301633358e-05,hybrid,native_semantic,0.0,0.0,0.0,1
test,qasper,1611.03599:e330e162ec29722f5ec9f83853d129c9e0693d65,71,F1_R2_K2_H0_Bs2_Bkv2,1,2,2,0,2,2,7,[6],"[22, 0]",1.0,"[22, 0]","[22, 0]",1.0,1.0,1.0,0.5,0.5,1.0,512.0,256.0,256.0,24.0,0.0,2.0,512.0,11.0,0,0,2,2,visited_budget,4.610000178217888e-05,7.120007649064064e-05,hybrid,native_semantic,0.0,0.0,0.0,1
validation,qasper,2004.04721:664b3eadc12c8dde309e8bbd59e9af961a433cde,11,F1_R1_K2_H0_Bs2_Bkv2,1,1,2,0,2,2,11,[7],[0],1.0,[0],[0],1.0,1.0,1.0,1.0,1.0,1.0,256.0,256.0,256.0,22.0,0.0,2.0,256.0,7.0,0,0,1,1,max_hops,1.9700033590197563e-05,6.330013275146484e-05,hybrid,exact_new_address,0.2,0.5,0.2,1
validation,qasper,2004.04721:664b3eadc12c8dde309e8bbd59e9af961a433cde,23,F1_R1_K2_H0_Bs2_Bkv2,1,1,2,0,2,2,11,[1],[0],1.0,[0],[0],1.0,1.0,1.0,1.0,1.0,1.0,256.0,256.0,256.0,22.0,0.0,2.0,256.0,7.0,0,0,1,1,max_hops,4.860013723373413e-05,9.220000356435776e-05,hybrid,exact_new_address,0.2,0.5,0.2,1
validation,qasper,2004.04721:664b3eadc12c8dde309e8bbd59e9af961a433cde,37,F1_R2_K2_H0_Bs2_Bkv2,1,2,2,0,2,2,11,[10],"[1, 0]",1.0,"[1, 0]","[1, 0]",1.0,1.0,1.0,0.5,0.5,1.0,512.0,256.0,256.0,22.0,0.0,2.0,512.0,11.0,0,0,2,2,visited_budget,2.010003663599491e-05,5.079992115497589e-05,hybrid,exact_new_address,0.2,0.5,0.2,1
validation,qasper,2004.04721:664b3eadc12c8dde309e8bbd59e9af961a433cde,53,F1_R1_K2_H0_Bs2_Bkv2,1,1,2,0,2,2,11,[7],[0],1.0,[0],[0],1.0,1.0,1.0,1.0,1.0,1.0,256.0,256.0,256.0,22.0,0.0,2.0,256.0,7.0,0,0,1,1,max_hops,1.4999881386756897e-05,3.409991040825844e-05,hybrid,exact_new_address,0.2,0.5,0.2,1
validation,qasper,2004.04721:664b3eadc12c8dde309e8bbd59e9af961a433cde,71,F1_R1_K2_H0_Bs2_Bkv2,1,1,2,0,2,2,11,[7],[0],1.0,[0],[0],1.0,1.0,1.0,1.0,1.0,1.0,256.0,256.0,256.0,22.0,0.0,2.0,256.0,7.0,0,0,1,1,max_hops,2.5999965146183968e-05,6.390013732016087e-05,hybrid,exact_new_address,0.2,0.5,0.2,1
